2024-06-14T04:00:00Z,5.23,5.52,4.89,4.97,139270
2024-06-13T04:00:00Z,5.015,5.365,5.015,5.19,123843
2024-06-12T04:00:00Z,5.1,5.445,4.89,4.9,295726
2024-06-11T04:00:00Z,4.68,5.48,4.64,5.23,375892
2024-06-10T04:00:00Z,4.93,4.96,4.575,4.7,129420
2024-06-07T04:00:00Z,5.3,5.905,4.8,4.895,806458
2024-06-06T04:00:00Z,5.085,5.94,4.98,5.795,475237
2024-06-05T04:00:00Z,4.71,5.3,4.665,5.14,282755
2024-06-04T04:00:00Z,4.67,4.91,4.575,4.77,154719
2024-06-03T04:00:00Z,5.41,5.69,4.685,4.91,1058843
2024-05-31T04:00:00Z,4.23,4.385,4.1,4.34,337119
2024-05-30T04:00:00Z,4.44,4.475,4.23,4.24,194744
2024-05-29T04:00:00Z,4.75,4.75,4.43,4.49,219989
2024-05-28T04:00:00Z,5.01,5.365,4.66,4.89,678566
2024-05-24T04:00:00Z,4.72,4.93,4.63,4.83,179473
2024-05-23T04:00:00Z,5.04,5.175,4.57,4.57,567368
2024-05-22T04:00:00Z,4.64,5.22,4.45,5.055,256824
2024-05-21T04:00:00Z,4.7,5.1,4.6,4.665,216972
2024-05-20T04:00:00Z,4.41,4.93,4.325,4.825,280152
2024-05-17T04:00:00Z,4.505,4.97,4.32,4.39,710245
2024-05-16T04:00:00Z,5.08,5.3,4.63,4.645,789103
2024-05-15T04:00:00Z,6.1,6.575,4.71,5.49,2243597
2024-05-14T04:00:00Z,11.85,11.88,5.87,6.875,7136335
2024-05-13T04:00:00Z,3.48,5.87,3.16,5.23,8996925
2024-05-10T04:00:00Z,3.06,3.17,2.905,2.915,175396
2024-05-09T04:00:00Z,3,3.165,2.915,3.06,911507
2024-05-08T04:00:00Z,3.15,3.27,3.09,3.195,132039
2024-05-07T04:00:00Z,3.22,3.23,3.07,3.185,160743
2024-05-06T04:00:00Z,3.22,3.425,3.045,3.26,506961
2024-05-03T04:00:00Z,3.17,3.385,3.13,3.31,835952
2024-05-02T04:00:00Z,3.065,3.215,2.975,3.125,145372
2024-05-01T04:00:00Z,2.91,3.065,2.835,2.97,364643
2024-04-30T04:00:00Z,3.01,3.025,2.92,2.93,110257
2024-04-29T04:00:00Z,3.3,3.34,2.965,3.03,410102
2024-04-26T04:00:00Z,3.265,3.48,3.235,3.39,131749
2024-04-25T04:00:00Z,3.155,3.275,3.115,3.27,85915
2024-04-24T04:00:00Z,3.375,3.495,3.175,3.285,183662
2024-04-23T04:00:00Z,3.37,3.545,3.37,3.4,167132
2024-04-22T04:00:00Z,3.215,3.485,3,3.41,251880
2024-04-19T04:00:00Z,2.89,3.29,2.83,3.17,305631
2024-04-18T04:00:00Z,2.99,2.99,2.765,2.925,281154
2024-04-17T04:00:00Z,2.92,3.025,2.84,2.965,435735
2024-04-16T04:00:00Z,2.44,2.88,2.39,2.72,498510
2024-04-15T04:00:00Z,2.66,2.67,2.47,2.47,358216
2024-04-12T04:00:00Z,2.75,2.78,2.61,2.645,328965
2024-04-11T04:00:00Z,2.86,2.875,2.735,2.805,230332
2024-04-10T04:00:00Z,2.905,2.905,2.77,2.845,366393
2024-04-09T04:00:00Z,2.97,3.01,2.955,2.97,234729
2024-04-08T04:00:00Z,3.025,3.035,2.955,2.955,133746
2024-04-05T04:00:00Z,3,3.05,2.965,3,279622
2024-04-04T04:00:00Z,3.04,3.14,2.985,2.99,326953
2024-04-03T04:00:00Z,3.12,3.12,2.94,3,432128
2024-04-02T04:00:00Z,3.175,3.21,3.065,3.09,417474
2024-04-01T04:00:00Z,3.75,3.75,3.13,3.135,955932
2024-03-28T04:00:00Z,3.83,3.95,3.65,3.725,691915
2024-03-27T04:00:00Z,4.135,4.37,4.07,4.335,200143
2024-03-26T04:00:00Z,4.17,4.295,4.065,4.075,185317
2024-03-25T04:00:00Z,4.155,4.22,4.06,4.09,114161
2024-03-22T04:00:00Z,4.105,4.155,4.06,4.08,104561
2024-03-21T04:00:00Z,4.24,4.3,4.16,4.19,162550
2024-03-20T04:00:00Z,4.23,4.27,4.15,4.25,125442
2024-03-19T04:00:00Z,4.335,4.41,4.24,4.275,98176
2024-03-18T04:00:00Z,4.385,4.485,4.36,4.4,178876
2024-03-15T04:00:00Z,4.28,4.535,4.26,4.44,191303
2024-03-14T04:00:00Z,4.33,4.36,4.17,4.28,239708
2024-03-13T04:00:00Z,4.31,4.445,4.31,4.36,176702
2024-03-12T04:00:00Z,4.32,4.405,4.27,4.35,102604
2024-03-11T04:00:00Z,4.33,4.49,4.315,4.36,152290
2024-03-08T05:00:00Z,4.68,4.77,4.24,4.29,165371
2024-03-07T05:00:00Z,4.585,4.89,4.52,4.59,410477
2024-03-06T05:00:00Z,4.51,4.685,4.41,4.545,234826
2024-03-05T05:00:00Z,4.215,4.54,4.215,4.51,203882
2024-03-04T05:00:00Z,4.285,4.39,4.13,4.31,326573
2024-03-01T05:00:00Z,4.285,4.49,4.235,4.36,220035
2024-02-29T05:00:00Z,4.45,4.745,4.22,4.34,297738
2024-02-28T05:00:00Z,4.845,5.095,4.75,4.995,312969
2024-02-27T05:00:00Z,4.56,4.845,4.54,4.81,176494
2024-02-26T05:00:00Z,4.42,4.61,4.42,4.445,216742
2024-02-23T05:00:00Z,4.37,4.535,4.28,4.44,140517
2024-02-22T05:00:00Z,4.61,4.68,4.36,4.42,130088
2024-02-21T05:00:00Z,4.56,4.81,4.51,4.57,134536
2024-02-20T05:00:00Z,4.725,4.795,4.555,4.66,147150
2024-02-16T05:00:00Z,4.77,4.93,4.63,4.825,133535
2024-02-15T05:00:00Z,4.835,5.04,4.77,4.905,157111
2024-02-14T05:00:00Z,4.6,4.86,4.48,4.795,164467
2024-02-13T05:00:00Z,4.34,4.67,4.27,4.5,161441
2024-02-12T05:00:00Z,4.365,4.72,4.335,4.565,216134
2024-02-09T05:00:00Z,4.145,4.485,4.12,4.39,206690
2024-02-08T05:00:00Z,3.94,4.16,3.94,4.095,154519
2024-02-07T05:00:00Z,3.99,4.06,3.84,3.94,139494
2024-02-06T05:00:00Z,3.615,4.16,3.6,4.065,306407
2024-02-05T05:00:00Z,3.9,3.925,3.6,3.655,256231
2024-02-02T05:00:00Z,4.02,4.05,3.935,4.01,170620
2024-02-01T05:00:00Z,4.1,4.14,4.02,4.07,158228
2024-01-31T05:00:00Z,4.085,4.32,4.04,4.05,157989
2024-01-30T05:00:00Z,4.23,4.23,4.085,4.1,89593
2024-01-29T05:00:00Z,4.1,4.27,3.985,4.265,248354
2024-01-26T05:00:00Z,4.13,4.255,4.075,4.075,147934
2024-01-25T05:00:00Z,4.125,4.23,4.07,4.08,228810
2024-01-24T05:00:00Z,4.395,4.43,4.11,4.125,160462
2024-01-23T05:00:00Z,4.56,4.72,4.33,4.33,160647
2024-01-22T05:00:00Z,4.575,4.805,4.44,4.475,282333
2024-01-19T05:00:00Z,4.44,4.53,4.3,4.51,99138
2024-01-18T05:00:00Z,4.15,4.44,4.105,4.435,251167
2024-01-17T05:00:00Z,4.09,4.25,4.015,4.105,327574
2024-01-16T05:00:00Z,4.535,4.535,4.14,4.22,218185
2024-01-12T05:00:00Z,4.655,4.785,4.475,4.56,217054
2024-01-11T05:00:00Z,4.745,4.815,4.64,4.69,220715
2024-01-10T05:00:00Z,5,5,4.71,4.91,256449
2024-01-09T05:00:00Z,5.22,5.26,5.03,5.03,180477
2024-01-08T05:00:00Z,5.105,5.415,5.1,5.29,144436
2024-01-05T05:00:00Z,5.2,5.265,5.09,5.17,239474
2024-01-04T05:00:00Z,5.51,5.59,5.255,5.3,451376
2024-01-03T05:00:00Z,6.025,6.05,5.57,5.59,320811
2024-01-02T05:00:00Z,6.06,6.315,6.02,6.11,132062
2023-12-29T05:00:00Z,6.175,6.225,6.065,6.11,299976
2023-12-28T05:00:00Z,6.205,6.485,6.14,6.21,149185
2023-12-27T05:00:00Z,6.06,6.255,6.06,6.16,163274
2023-12-26T05:00:00Z,6.035,6.19,5.97,6.125,110455
2023-12-22T05:00:00Z,6.035,6.19,5.97,6.1,185622
2023-12-21T05:00:00Z,6.33,6.37,5.93,6.075,417252
2023-12-20T05:00:00Z,6.65,6.65,6.17,6.17,227060
2023-12-19T05:00:00Z,6.795,6.81,6.635,6.73,160901
2023-12-18T05:00:00Z,6.625,6.83,6.49,6.74,130656
2023-12-15T05:00:00Z,6.79,6.805,6.62,6.64,372176
2023-12-14T05:00:00Z,7.005,7.22,6.675,6.72,323136
2023-12-13T05:00:00Z,6.76,6.91,6.5,6.82,275478
2023-12-12T05:00:00Z,7.135,7.135,6.7,6.73,246800
2023-12-11T05:00:00Z,6.85,7.12,6.74,7.11,120047
2023-12-08T05:00:00Z,6.83,7.04,6.825,6.925,190890
2023-12-07T05:00:00Z,6.79,6.915,6.72,6.825,125696
2023-12-06T05:00:00Z,7.07,7.13,6.775,6.795,120312
2023-12-05T05:00:00Z,7.41,7.425,6.885,7.03,350893
2023-12-04T05:00:00Z,6.895,7.535,6.81,7.49,439745
2023-12-01T05:00:00Z,6.6,6.99,6.535,6.865,329030
2023-11-30T05:00:00Z,7.15,7.15,6.64,6.645,224622
2023-11-29T05:00:00Z,6.95,7.34,6.86,7.17,386729
2023-11-28T05:00:00Z,6.735,6.765,6.535,6.705,164122
2023-11-27T05:00:00Z,6.83,6.875,6.675,6.79,96811
2023-11-24T05:00:00Z,7.005,7.025,6.82,6.87,74111
2023-11-22T05:00:00Z,6.74,7.1,6.61,7,235823
2023-11-21T05:00:00Z,7.02,7.02,6.525,6.645,269887
2023-11-20T05:00:00Z,7.455,7.5,7.15,7.165,184468
2023-11-17T05:00:00Z,7.385,7.5,7.27,7.43,136124
2023-11-16T05:00:00Z,7.83,7.83,7.37,7.4,269668
2023-11-15T05:00:00Z,8.155,8.295,7.78,7.895,392102
2023-11-14T05:00:00Z,8.19,8.24,7.79,8.08,409822
2023-11-13T05:00:00Z,7.92,7.955,7.61,7.9,284657
2023-11-10T05:00:00Z,8.405,8.43,7.84,8,429008
2023-11-09T05:00:00Z,8.18,9.365,8.025,8.71,948172
2023-11-08T05:00:00Z,10.33,10.34,9.965,10.115,228582
2023-11-07T05:00:00Z,10.87,10.87,10.13,10.23,194285
2023-11-06T05:00:00Z,10.98,11.43,10.78,10.965,205856
2023-11-03T04:00:00Z,10.68,11.29,10.54,10.72,195552
2023-11-02T04:00:00Z,10.23,10.65,10.23,10.49,121769
2023-11-01T04:00:00Z,10.76,10.77,10.02,10.02,105423
2023-10-31T04:00:00Z,10.06,10.68,10.01,10.68,150255
2023-10-30T04:00:00Z,9.32,10.005,9.25,9.96,170646
2023-10-27T04:00:00Z,9.3,9.645,9.13,9.15,89423
2023-10-26T04:00:00Z,9.38,9.47,9.09,9.24,112611
2023-10-25T04:00:00Z,9.405,9.54,9.095,9.28,129477
2023-10-24T04:00:00Z,9.34,9.945,9.22,9.34,139026
2023-10-23T04:00:00Z,9.4,9.61,8.94,9.16,239441
2023-10-20T04:00:00Z,9.21,9.685,9,9.09,184840
2023-10-19T04:00:00Z,9.21,9.825,8.975,9.37,202284
2023-10-18T04:00:00Z,9.74,10.21,9.16,9.16,243530
2023-10-17T04:00:00Z,9.17,10.25,9.17,9.86,187543
2023-10-16T04:00:00Z,9.19,9.53,9,9.325,185547
2023-10-13T04:00:00Z,10.74,10.82,9.345,9.49,300867
2023-10-12T04:00:00Z,10.7,11.17,10.21,10.995,262043
2023-10-11T04:00:00Z,10.01,10.515,9.83,10.43,205098
2023-10-10T04:00:00Z,9.905,10.3,9.65,9.92,197285
2023-10-09T04:00:00Z,9.13,9.855,9.08,9.805,209239
2023-10-06T04:00:00Z,8.275,9.415,8.22,9.265,317962
2023-10-05T04:00:00Z,8.22,8.8,8.155,8.305,168389
2023-10-04T04:00:00Z,7.965,8.5,7.73,8.335,173053
2023-10-03T04:00:00Z,8.07,8.23,7.84,7.875,94943
2023-10-02T04:00:00Z,8.035,8.39,7.77,8.15,143387
2023-09-29T04:00:00Z,8,8.31,7.85,7.98,119906
2023-09-28T04:00:00Z,7.5,7.78,7.34,7.78,115384
2023-09-27T04:00:00Z,7.87,8.09,7.51,7.57,92510
2023-09-26T04:00:00Z,8.05,8.45,7.77,7.915,158718
2023-09-25T04:00:00Z,7.71,8.49,7.46,8.145,187722
2023-09-22T04:00:00Z,7.76,8.085,7.6,7.635,129053
2023-09-21T04:00:00Z,8.06,8.34,7.69,7.71,142635
2023-09-20T04:00:00Z,8.075,8.68,7.99,8.15,181543
2023-09-19T04:00:00Z,7.67,8.35,7.34,8.26,230615
2023-09-18T04:00:00Z,8.27,8.29,7.69,7.805,185786
2023-09-15T04:00:00Z,8.07,8.54,7.88,8.38,185651
2023-09-14T04:00:00Z,8.85,9.1,8.05,8.15,761939
2023-09-13T04:00:00Z,7.58,8.35,7.4,8.23,323232
2023-09-12T04:00:00Z,7.38,8.12,7.22,7.565,361210
2023-09-11T04:00:00Z,7.42,7.62,7.05,7.35,812777
2023-09-08T04:00:00Z,7.965,8,7.1,7.18,539907
2023-09-07T04:00:00Z,8.07,8.38,7.71,8.12,612048
2023-09-06T04:00:00Z,11.69,11.69,8.43,8.61,1316464
2023-09-05T04:00:00Z,12.98,13.74,12.65,13.63,243861
2023-09-01T04:00:00Z,12.695,13.21,12.18,13.1,213800
2023-08-31T04:00:00Z,13.84,13.84,12.55,12.57,302171
2023-08-30T04:00:00Z,11.05,13.62,10.73,12.73,304493
2023-08-29T04:00:00Z,11.205,11.695,10.73,10.91,217768
2023-08-28T04:00:00Z,11.94,12.3,11.055,11.055,251887
2023-08-25T04:00:00Z,13.39,14.45,12.395,12.48,511627
2023-08-24T04:00:00Z,16.36,16.55,13.335,14.42,350615
2023-08-23T04:00:00Z,1.95,2.2,1.95,1.955,6055565
2023-08-22T04:00:00Z,3.11,3.11,2.46,2.555,1840360
2023-08-21T04:00:00Z,4.005,4.03,3.05,3.115,2408820
2023-08-18T04:00:00Z,4.055,4.19,3.865,4.08,1302689
2023-08-17T04:00:00Z,3.67,4.06,3.645,4.01,1866134
2023-08-16T04:00:00Z,3.675,3.835,3.47,3.755,750156
2023-08-15T04:00:00Z,3.45,3.795,3.3,3.675,961762
2023-08-14T04:00:00Z,3.34,3.62,3.185,3.4,2261459
2023-08-11T04:00:00Z,4.915,5.28,4.91,5.26,435528
2023-08-10T04:00:00Z,4.94,5.1,4.91,4.98,236935
2023-08-09T04:00:00Z,5.13,5.15,4.86,4.9,281037
2023-08-08T04:00:00Z,5.37,5.41,5,5.095,198737
2023-08-07T04:00:00Z,5.04,5.27,5.03,5.12,231625
2023-08-04T04:00:00Z,4.905,5.075,4.82,4.94,616932
2023-08-03T04:00:00Z,4.77,4.98,4.745,4.92,128434
2023-08-02T04:00:00Z,4.85,4.865,4.68,4.805,158533
2023-08-01T04:00:00Z,4.92,5.16,4.84,4.93,245915
2023-07-31T04:00:00Z,4.67,5.07,4.65,4.98,368543
2023-07-28T04:00:00Z,4.665,4.67,4.53,4.65,211479
2023-07-27T04:00:00Z,5.11,5.12,4.515,4.53,495668
2023-07-26T04:00:00Z,5.15,5.235,4.91,5.065,276717
2023-07-25T04:00:00Z,5.47,5.475,5.05,5.115,559144
2023-07-24T04:00:00Z,5.84,6.23,4.88,5.84,1873206
2023-07-21T04:00:00Z,4.355,4.475,4.295,4.395,586996
2023-07-20T04:00:00Z,4.335,4.355,4.23,4.325,207690
2023-07-19T04:00:00Z,4.335,4.395,4.28,4.36,218609
2023-07-18T04:00:00Z,4.365,4.53,4.27,4.32,271672
2023-07-17T04:00:00Z,4.345,4.39,4.275,4.385,154232
2023-07-14T04:00:00Z,4.55,4.56,4.3,4.33,264743
2023-07-13T04:00:00Z,4.435,4.515,4.4,4.45,267776
2023-07-12T04:00:00Z,4.425,4.47,4.35,4.41,142612
2023-07-11T04:00:00Z,4.295,4.44,4.26,4.385,246654
2023-07-10T04:00:00Z,4.19,4.28,4.17,4.25,359964
2023-07-07T04:00:00Z,4.32,4.35,4.2,4.2,360839
2023-07-06T04:00:00Z,4.215,4.33,4.195,4.29,305066
2023-07-05T04:00:00Z,4.44,4.44,4.22,4.255,262193
2023-07-03T04:00:00Z,4.37,4.6,4.37,4.455,355973
2023-06-30T04:00:00Z,4.31,4.4,4.25,4.39,374589
2023-06-29T04:00:00Z,4.365,4.42,4.18,4.405,232631
2023-06-28T04:00:00Z,4.09,4.545,4.09,4.405,317350
2023-06-27T04:00:00Z,4.1,4.145,4.02,4.1,153207
2023-06-26T04:00:00Z,4.085,4.125,4.01,4.05,129857
2023-06-23T04:00:00Z,4.12,4.14,4.01,4.02,133320
2023-06-22T04:00:00Z,4.255,4.26,4.07,4.17,498872
2023-06-21T04:00:00Z,4.585,4.635,4.505,4.53,195701
2023-06-20T04:00:00Z,4.69,4.69,4.495,4.575,135218
2023-06-16T04:00:00Z,4.825,4.825,4.67,4.715,139790
2023-06-15T04:00:00Z,4.81,4.825,4.69,4.775,89393
2023-06-14T04:00:00Z,5.03,5.04,4.83,4.905,119273
2023-06-13T04:00:00Z,4.86,5.13,4.82,4.99,247163
2023-06-12T04:00:00Z,4.76,4.87,4.74,4.785,83848
2023-06-09T04:00:00Z,4.71,4.82,4.68,4.765,166687
2023-06-08T04:00:00Z,4.65,4.73,4.53,4.675,151216
2023-06-07T04:00:00Z,4.76,4.76,4.61,4.74,286293
2023-06-06T04:00:00Z,4.58,4.77,4.555,4.645,188402
2023-06-05T04:00:00Z,4.645,4.66,4.55,4.62,81903
2023-06-02T04:00:00Z,4.64,4.65,4.53,4.545,69084
2023-06-01T04:00:00Z,4.48,4.655,4.48,4.535,196009
2023-05-31T04:00:00Z,4.6,4.6,4.38,4.505,125505
2023-05-30T04:00:00Z,4.76,4.76,4.51,4.62,128259
2023-05-26T04:00:00Z,4.75,4.83,4.63,4.64,71454
2023-05-25T04:00:00Z,4.875,4.91,4.62,4.7,222071
2023-05-24T04:00:00Z,5.01,5.07,4.8,4.88,267091
2023-05-23T04:00:00Z,5.04,5.135,4.99,5.015,169351
2023-05-22T04:00:00Z,4.99,5.2,4.97,5.115,158165
2023-05-19T04:00:00Z,5.06,5.06,4.96,5.03,138356
2023-05-18T04:00:00Z,5.05,5.14,5,5.075,97667
2023-05-17T04:00:00Z,4.93,5.15,4.87,5.09,149198
2023-05-16T04:00:00Z,5.12,5.13,4.945,4.95,154672
2023-05-15T04:00:00Z,5.075,5.23,5.035,5.145,139124
2023-05-12T04:00:00Z,5.26,5.305,5.08,5.185,338062
2023-05-11T04:00:00Z,5.435,5.48,5.19,5.34,163045
2023-05-10T04:00:00Z,5.56,5.61,5.4,5.49,188857
2023-05-09T04:00:00Z,5.83,5.945,5.54,5.54,145269
2023-05-08T04:00:00Z,5.805,6.02,5.795,5.91,205390
2023-05-05T04:00:00Z,6.05,6.11,5.67,5.89,331011
2023-05-04T04:00:00Z,5.835,6.045,5.73,5.93,638899
2023-05-03T04:00:00Z,5.415,5.82,5.415,5.765,482849
2023-05-02T04:00:00Z,5.69,5.69,5.33,5.49,182828
2023-05-01T04:00:00Z,5.48,5.685,5.38,5.64,165165
2023-04-28T04:00:00Z,5.41,5.54,5.35,5.5,127169
2023-04-27T04:00:00Z,5.24,5.54,5.17,5.385,348247
2023-04-26T04:00:00Z,5.18,5.31,5.05,5.185,154300
2023-04-25T04:00:00Z,4.945,5.34,4.935,5.155,570357
2023-04-24T04:00:00Z,4.925,5.025,4.64,4.96,461669
2023-04-21T04:00:00Z,4.96,5.07,4.915,4.985,117538
2023-04-20T04:00:00Z,4.995,5.015,4.89,4.965,125626
2023-04-19T04:00:00Z,4.97,5.165,4.955,5.1,127221
2023-04-18T04:00:00Z,5.09,5.17,4.99,5.05,97257
2023-04-17T04:00:00Z,5.2,5.3,5.14,5.2,135350
2023-04-14T04:00:00Z,5.72,5.74,4.9,5.115,496590
2023-04-13T04:00:00Z,5.425,5.66,5.395,5.46,192599
2023-04-12T04:00:00Z,5.58,5.735,5.34,5.34,320338
2023-04-11T04:00:00Z,5.4,5.625,5.25,5.425,433878
2023-04-10T04:00:00Z,4.75,5.36,4.75,5.24,722559
2023-04-06T04:00:00Z,4.45,5.15,4.34,4.88,1310996
2023-04-05T04:00:00Z,4.065,4.08,3.94,4.035,293388
2023-04-04T04:00:00Z,4.06,4.44,3.88,3.9,983412
2023-04-03T04:00:00Z,4.98,5.14,4.95,5.08,194161
2023-03-31T04:00:00Z,4.92,5.045,4.87,5.005,83999
2023-03-30T04:00:00Z,5.1,5.15,4.87,4.955,121448
2023-03-29T04:00:00Z,5.075,5.19,4.83,4.995,178760
2023-03-28T04:00:00Z,4.49,5.5,4.49,5.125,982244
2023-03-27T04:00:00Z,4.5,4.575,4.3,4.565,231933
2023-03-24T04:00:00Z,4.39,4.53,4.38,4.47,89006
2023-03-23T04:00:00Z,4.42,4.67,4.34,4.45,156039
2023-03-22T04:00:00Z,4.68,4.71,4.315,4.33,259761
2023-03-21T04:00:00Z,4.3,4.44,4.23,4.405,107972
2023-03-20T04:00:00Z,4.25,4.38,4.15,4.27,238741
2023-03-17T04:00:00Z,4.28,4.33,4.12,4.165,313925
2023-03-16T04:00:00Z,4.21,4.645,4.065,4.39,376973
2023-03-15T04:00:00Z,4.505,4.605,4.15,4.2,736045
2023-03-14T04:00:00Z,5.48,5.48,4.36,4.635,977069
2023-03-13T04:00:00Z,5.4,5.55,5.24,5.47,147772
2023-03-10T05:00:00Z,5.55,5.61,5.3,5.375,360941
2023-03-09T05:00:00Z,5.75,5.905,5.56,5.645,219415
2023-03-08T05:00:00Z,6.025,6.12,5.68,5.85,260797
2023-03-07T05:00:00Z,6.23,6.315,6,6.025,200958
2023-03-06T05:00:00Z,6.54,6.75,6.255,6.26,348162
2023-03-03T05:00:00Z,6.17,6.69,6.165,6.61,325209
2023-03-02T05:00:00Z,6.22,6.345,5.9,6.1,363490
2023-03-01T05:00:00Z,6.73,7.095,6.465,6.585,789005
2023-02-28T05:00:00Z,7.8,8.5,7.12,7.13,1341437
2023-02-27T05:00:00Z,6.26,8.185,6.2,7.61,1375124
2023-02-24T05:00:00Z,6.16,6.22,5.995,6.195,198488
2023-02-23T05:00:00Z,6.24,6.65,5.91,6.22,436954
2023-02-22T05:00:00Z,6.35,6.78,6.02,6.24,607795
2023-02-21T05:00:00Z,5.49,6.195,5.445,6.09,891204
2023-02-17T05:00:00Z,5.33,5.52,5.21,5.24,351051
2023-02-16T05:00:00Z,5.16,5.49,5.07,5.24,466601
2023-02-15T05:00:00Z,4.58,5.255,4.535,5.185,579019
2023-02-14T05:00:00Z,4.56,4.615,4.4,4.5,711928
2023-02-13T05:00:00Z,4.79,4.89,4.59,4.685,461412
2023-02-10T05:00:00Z,5.18,5.18,4.64,4.92,1303910
2023-02-09T05:00:00Z,5.81,5.87,5.14,5.36,366972
2023-02-08T05:00:00Z,6.1,6.1,5.615,5.725,388133
2023-02-07T05:00:00Z,6.93,6.93,6.055,6.17,765790
2023-02-06T05:00:00Z,6.375,7.32,6.06,6.78,722662
2023-02-03T05:00:00Z,6.07,6.76,6.03,6.075,841785
2023-02-02T05:00:00Z,6.23,6.45,5.94,6.08,867671
2023-02-01T05:00:00Z,5.33,5.79,5.28,5.7,680711
2023-01-31T05:00:00Z,5.04,5.35,5,5.34,216146
2023-01-30T05:00:00Z,5.28,5.34,4.95,5.01,487586
2023-01-27T05:00:00Z,5.25,5.61,5.11,5.5,374972
2023-01-26T05:00:00Z,5.55,5.6,5.1,5.28,218356
2023-01-25T05:00:00Z,5.35,5.465,5.285,5.345,270249
2023-01-24T05:00:00Z,5.71,5.9,5.4,5.49,209496
2023-01-23T05:00:00Z,5.515,5.91,5.43,5.65,408873
2023-01-20T05:00:00Z,5.5,5.8,5.46,5.51,322805
2023-01-19T05:00:00Z,5.4,5.65,5.29,5.51,250506
2023-01-18T05:00:00Z,6.38,6.545,5.46,5.65,1136113
2023-01-17T05:00:00Z,5.38,6.17,5.06,6.085,825136
2023-01-13T05:00:00Z,4.86,5.14,4.78,5.04,311651
2023-01-12T05:00:00Z,5.1,5.34,4.75,5.01,577174
2023-01-11T05:00:00Z,4.42,4.975,4.33,4.905,599298
2023-01-10T05:00:00Z,3.935,4.075,3.935,4.055,203466
2023-01-09T05:00:00Z,3.88,4.02,3.795,3.93,184845
2023-01-06T05:00:00Z,3.98,3.98,3.79,3.855,186707
2023-01-05T05:00:00Z,4.03,4.05,3.87,3.955,150016
2023-01-04T05:00:00Z,4.01,4.145,3.84,4.08,226317
2023-01-03T05:00:00Z,4.18,4.38,3.88,3.94,316557
2022-12-30T05:00:00Z,4,4.085,3.9,4.06,307096
2022-12-29T05:00:00Z,3.89,4.185,3.88,4.14,255211
2022-12-28T05:00:00Z,4,4.12,3.82,3.85,306100
2022-12-27T05:00:00Z,4.205,4.205,4,4.045,275650
2022-12-23T05:00:00Z,4.81,4.81,4.31,4.4,509866
2022-12-22T05:00:00Z,4.11,4.96,4.11,4.92,1092780
2022-12-21T05:00:00Z,5.1,5.365,5.05,5.305,212931
2022-12-20T05:00:00Z,4.855,5.14,4.745,5.07,332683
2022-12-19T05:00:00Z,5.3,5.3,4.78,4.895,382420
2022-12-16T05:00:00Z,5.65,5.73,5.135,5.34,350046
2022-12-15T05:00:00Z,5.62,6.04,5.53,5.595,385096
2022-12-14T05:00:00Z,5.71,5.875,5.615,5.755,217272
2022-12-13T05:00:00Z,6.49,6.495,5.535,5.725,905560
2022-12-12T05:00:00Z,5.99,5.99,5.615,5.955,260371
2022-12-09T05:00:00Z,6.07,6.12,5.81,5.95,415730
2022-12-08T05:00:00Z,6.23,6.695,6.03,6.085,619743
2022-12-07T05:00:00Z,6.79,7.12,6.005,6.045,659662
2022-12-06T05:00:00Z,7.45,7.45,6.68,6.75,442169
2022-12-05T05:00:00Z,8.33,8.49,7.415,7.465,305193
2022-12-02T05:00:00Z,8.185,8.62,7.94,8.165,423014
2022-12-01T05:00:00Z,7.275,9.145,7.22,8.19,1176378
2022-11-30T05:00:00Z,7.45,7.45,6.96,7.235,701596
2022-11-29T05:00:00Z,7.15,7.61,7.08,7.45,178056
2022-11-28T05:00:00Z,7.41,7.415,7.12,7.355,538717
2022-11-25T05:00:00Z,7.67,7.72,7.5,7.52,93180
2022-11-23T05:00:00Z,7.33,7.975,7.31,7.65,548397
2022-11-22T05:00:00Z,7.16,7.5,7.085,7.31,176002
2022-11-21T05:00:00Z,7.34,7.555,7.05,7.27,271075
2022-11-18T05:00:00Z,7.565,7.84,7.35,7.56,493149
2022-11-17T05:00:00Z,7.22,7.42,7.11,7.41,272958
2022-11-16T05:00:00Z,7.71,7.79,7.16,7.535,670745
2022-11-15T05:00:00Z,7.82,8.18,7.475,7.95,489985
2022-11-14T05:00:00Z,7.97,8.33,7.29,7.34,566945
2022-11-11T05:00:00Z,6.015,7.275,5.94,7.19,579984
2022-11-10T05:00:00Z,5.47,6.27,5.355,6.12,1481903
2022-11-09T05:00:00Z,5.37,5.385,5.05,5.2,922774
2022-11-08T05:00:00Z,5.39,5.61,5.31,5.605,612607
2022-11-07T05:00:00Z,5.545,5.59,5.175,5.33,406772
2022-11-04T04:00:00Z,5.81,5.85,5.425,5.64,281321
2022-11-03T04:00:00Z,5.75,5.84,5.59,5.7,232763
2022-11-02T04:00:00Z,6.265,6.32,5.795,5.8,287818
2022-11-01T04:00:00Z,6.78,6.85,6.13,6.15,232843
2022-10-31T04:00:00Z,6.81,7.25,6.55,6.655,353833
2022-10-28T04:00:00Z,6.57,6.69,6.36,6.51,211934
2022-10-27T04:00:00Z,6.8,6.91,6.5,6.515,115924
2022-10-26T04:00:00Z,6.54,7.11,6.53,6.625,291960
2022-10-25T04:00:00Z,6.32,6.99,6.28,6.745,319663
2022-10-24T04:00:00Z,6.46,6.54,6.23,6.35,271297
2022-10-21T04:00:00Z,6.35,6.565,6.235,6.495,192301
2022-10-20T04:00:00Z,6.16,6.58,6.14,6.36,234604
2022-10-19T04:00:00Z,6.42,6.49,6.06,6.11,140865
2022-10-18T04:00:00Z,6.69,6.8,6.375,6.53,376326
2022-10-17T04:00:00Z,6.18,6.465,6.1,6.35,194594
2022-10-14T04:00:00Z,6.21,6.33,5.945,6,213670
2022-10-13T04:00:00Z,5.59,6.27,5.48,6.055,439028
2022-10-12T04:00:00Z,6.15,6.24,5.62,5.87,502255
2022-10-11T04:00:00Z,6.4,6.47,6.075,6.14,411535
2022-10-10T04:00:00Z,6.46,6.925,6.27,6.36,326850
2022-10-07T04:00:00Z,7.03,7.05,6.4,6.545,437521
2022-10-06T04:00:00Z,7.38,7.615,7.125,7.145,276390
2022-10-05T04:00:00Z,7.52,7.54,7.04,7.345,384723
2022-10-04T04:00:00Z,7.01,8.12,7,7.82,498907
2022-10-03T04:00:00Z,6.84,6.93,6.62,6.86,281409
2022-09-30T04:00:00Z,6.91,7.27,6.83,6.98,181209
2022-09-29T04:00:00Z,7.41,7.55,6.9,7.09,390114
2022-09-28T04:00:00Z,7.285,7.705,7.115,7.655,299411
2022-09-27T04:00:00Z,7.225,7.52,6.985,7.455,593269
2022-09-26T04:00:00Z,7.65,7.97,6.82,6.825,706446
2022-09-23T04:00:00Z,7.77,8.13,7.65,7.98,304865
2022-09-22T04:00:00Z,8.54,8.62,7.74,7.825,676967
2022-09-21T04:00:00Z,8.73,8.95,8.46,8.61,359584
2022-09-20T04:00:00Z,9.2,9.21,8.62,8.715,251369
2022-09-19T04:00:00Z,8.99,9.34,8.85,9.2,329805
2022-09-16T04:00:00Z,9.6,9.66,9.03,9.07,417641
2022-09-15T04:00:00Z,9.91,10.39,9.71,9.89,270541
2022-09-14T04:00:00Z,9.5,9.92,9.21,9.9,233138
2022-09-13T04:00:00Z,9.61,9.865,9.48,9.71,358609
2022-09-12T04:00:00Z,10.01,10.75,9.87,10.23,465700
2022-09-09T04:00:00Z,8.88,9.72,8.78,9.705,337417
2022-09-08T04:00:00Z,8.33,8.7,8.24,8.6,191652
2022-09-07T04:00:00Z,8.045,8.45,7.89,8.39,298442
2022-09-06T04:00:00Z,8.67,8.72,8.17,8.19,256408
2022-09-02T04:00:00Z,8.735,9.16,8.355,8.885,346247
2022-09-01T04:00:00Z,9.015,9.015,8.305,8.615,429438
2022-08-31T04:00:00Z,9.105,9.26,8.68,9.1,401348
2022-08-30T04:00:00Z,9.58,9.62,9.035,9.25,412830
2022-08-29T04:00:00Z,9,9.61,8.92,9.475,705316
2022-08-26T04:00:00Z,9.58,9.66,8.965,9.15,593533
2022-08-25T04:00:00Z,9.78,9.92,9.31,9.6,431712
2022-08-24T04:00:00Z,9.63,9.895,9.23,9.545,796677
2022-08-23T04:00:00Z,10.73,10.915,9.47,9.54,2088081
2022-08-22T04:00:00Z,11.36,12.96,10.3,10.46,3547008
2022-08-19T04:00:00Z,18.05,18.93,17.5,18.015,1157561
2022-08-18T04:00:00Z,21.86,22.045,19.12,19.435,817402
2022-08-17T04:00:00Z,24.5,25.45,21.29,21.36,1243197
2022-08-16T04:00:00Z,23.95,26.15,23.45,24.79,907764
2022-08-15T04:00:00Z,24.07,24.48,22.67,24.2,664630
2022-08-12T04:00:00Z,26.93,27.17,23.96,24.38,1084655
2022-08-11T04:00:00Z,24.075,26.08,23.75,25.445,1549588
2022-08-10T04:00:00Z,23.34,23.75,20.74,23.67,933817
2022-08-09T04:00:00Z,23.27,23.85,21.76,22.495,1134482
2022-08-08T04:00:00Z,24.05,27.47,23.125,23.905,2206152
2022-08-05T04:00:00Z,16.97,22.76,16.5,22.225,2894464
2022-08-04T04:00:00Z,19,19.745,18.25,18.67,1180750
2022-08-03T04:00:00Z,17.185,18.265,16.83,18.2,508897
2022-08-02T04:00:00Z,15.33,16.98,15.33,16.86,550051
2022-08-01T04:00:00Z,14.41,15.495,14.37,15.38,277171
2022-07-29T04:00:00Z,14.3,14.87,14.05,14.56,243454
2022-07-28T04:00:00Z,14.63,15.27,14.2,14.59,321769
2022-07-27T04:00:00Z,14.24,14.535,13.825,14.48,303897
2022-07-26T04:00:00Z,14.65,14.67,13.945,13.99,208792
2022-07-25T04:00:00Z,15.53,15.53,14.8,14.905,292651
2022-07-22T04:00:00Z,16.7,16.84,15.285,15.5,384586
2022-07-21T04:00:00Z,17.89,18.36,16.955,16.985,561883
2022-07-20T04:00:00Z,16.52,17.71,16.36,17.52,533964
2022-07-19T04:00:00Z,17.37,17.77,16.25,16.37,486967
2022-07-18T04:00:00Z,15.61,16.96,15.59,16.58,474270
2022-07-15T04:00:00Z,15.2,15.39,14.715,15.39,223840
2022-07-14T04:00:00Z,14.95,15.65,14.75,15.085,410140
2022-07-13T04:00:00Z,15.05,15.93,14.91,15.16,357975
2022-07-12T04:00:00Z,14.93,16.135,14.82,15.595,540337
2022-07-11T04:00:00Z,14.5,14.98,14.08,14.94,301543
2022-07-08T04:00:00Z,13.85,15.32,13.85,14.65,412514
2022-07-07T04:00:00Z,12.54,14.68,12.42,14.48,713174
2022-07-06T04:00:00Z,12.695,13.03,12.17,12.57,438542
2022-07-05T04:00:00Z,13.5,13.505,12.56,12.795,407343
2022-07-01T04:00:00Z,13.515,14.29,13.26,13.52,483309
2022-06-30T04:00:00Z,13.425,13.84,12.92,13.545,304244
2022-06-29T04:00:00Z,13.1,13.89,12.81,13.645,538897
2022-06-28T04:00:00Z,13.92,14.28,13.32,13.36,536054
2022-06-27T04:00:00Z,12.6,14.74,12.34,14.18,920427
2022-06-24T04:00:00Z,12.18,12.55,11.93,12.475,839798
2022-06-23T04:00:00Z,12.79,12.81,11.455,12.07,737067
2022-06-22T04:00:00Z,12.49,13.22,12.39,12.58,749808
2022-06-21T04:00:00Z,12.73,12.92,12.235,12.48,477843
2022-06-17T04:00:00Z,11.89,12.695,11.875,12.52,381640
2022-06-16T04:00:00Z,12.31,12.45,11.435,11.8,553676
2022-06-15T04:00:00Z,11.57,12.96,11.57,12.77,440066
2022-06-14T04:00:00Z,11.485,12.05,11.12,11.9,330440
2022-06-13T04:00:00Z,11.91,12.18,11.095,11.48,486319
2022-06-10T04:00:00Z,12.53,12.71,12.08,12.43,322369
2022-06-09T04:00:00Z,13.37,13.51,12.565,12.78,407992
2022-06-08T04:00:00Z,12.79,14.09,12.73,13.51,939670
2022-06-07T04:00:00Z,12,13.25,11.84,13.075,464864
2022-06-06T04:00:00Z,12.44,12.54,11.775,11.95,417969
2022-06-03T04:00:00Z,12.76,13.06,12.19,12.43,420199
2022-06-02T04:00:00Z,12.685,13.515,12.3,13.3,498579
2022-06-01T04:00:00Z,13.92,14.31,12.805,12.83,735248
2022-05-31T04:00:00Z,15.78,16.12,13.95,14.35,1113203
2022-05-27T04:00:00Z,12.65,14.46,12.42,14.42,701436
2022-05-26T04:00:00Z,11.75,12.88,11.605,12.22,1323850
2022-05-25T04:00:00Z,10.48,11.88,10.41,11.88,825737
2022-05-24T04:00:00Z,11.33,11.36,10.305,10.375,429516
2022-05-23T04:00:00Z,11.94,11.94,11.46,11.575,278479
2022-05-20T04:00:00Z,13.17,13.33,11.435,12.03,458618
2022-05-19T04:00:00Z,12.715,13.49,12.67,13.075,545727
2022-05-18T04:00:00Z,12.65,14.195,12.53,12.74,747776
2022-05-17T04:00:00Z,12.045,12.91,11.9,12.89,453750
2022-05-16T04:00:00Z,11.93,12.62,11.5,11.7,911890
2022-05-13T04:00:00Z,12.02,12.485,11.49,11.81,859980
2022-05-12T04:00:00Z,10,13.68,9.7,11.19,1951416
2022-05-11T04:00:00Z,11.52,11.61,9.92,10.36,1012816
2022-05-10T04:00:00Z,13.15,13.94,11.5,11.85,848445
2022-05-09T04:00:00Z,13.59,13.6,12.435,12.555,960142
2022-05-06T04:00:00Z,14.64,14.825,13.55,13.76,578293
2022-05-05T04:00:00Z,15.74,15.74,14.37,14.72,410457
2022-05-04T04:00:00Z,15.39,15.9,14.69,15.73,309249
2022-05-03T04:00:00Z,15.205,16.105,14.73,15.5,563871
2022-05-02T04:00:00Z,15.13,15.49,14.615,15.25,481017
2022-04-29T04:00:00Z,15.69,16.03,15.22,15.29,286536
2022-04-28T04:00:00Z,15.81,16.1,14.7,15.645,691806
2022-04-27T04:00:00Z,15.44,16.24,15.3,15.885,400819
2022-04-26T04:00:00Z,16.86,17.06,15.495,15.495,287684
2022-04-25T04:00:00Z,16.37,17.02,16.29,16.97,325516
2022-04-22T04:00:00Z,17.27,17.59,16.12,16.51,372333
2022-04-21T04:00:00Z,17.53,18.055,16.66,16.86,340459
2022-04-20T04:00:00Z,18.36,18.63,17.3,17.36,340075
2022-04-19T04:00:00Z,17.41,18.91,17.13,18.67,433817
2022-04-18T04:00:00Z,18.1,18.17,16.98,17.49,292934
2022-04-14T04:00:00Z,18.27,18.66,17.9,18.01,333948
2022-04-13T04:00:00Z,17.45,18.58,16.95,18.52,733081
2022-04-12T04:00:00Z,18.905,19,17.2,17.43,546353
2022-04-11T04:00:00Z,18.03,18.8,17.72,18.73,523404
2022-04-08T04:00:00Z,19.53,19.62,18.14,18.24,490452
2022-04-07T04:00:00Z,20.56,20.89,18.63,19.695,635029
2022-04-06T04:00:00Z,20.56,21.87,20.02,20.38,708835
2022-04-05T04:00:00Z,23.18,23.9,21.01,21.19,422538
2022-04-04T04:00:00Z,23.46,23.73,21.965,23.32,496675
2022-04-01T04:00:00Z,25.13,25.25,22.35,23.28,984167
2022-03-31T04:00:00Z,24.77,25.89,23.26,24.65,1194362
2022-03-30T04:00:00Z,28.52,29.2,25.35,25.68,1307088
2022-03-29T04:00:00Z,29.96,34.3,26.42,29.45,3048828
2022-03-28T04:00:00Z,20.62,29.72,20.565,29.34,4506905
2022-03-25T04:00:00Z,19.96,21.67,19.72,20.235,803149
2022-03-24T04:00:00Z,20.09,20.55,18.86,20.2,1011192
2022-03-23T04:00:00Z,18.7,22.35,18.22,20.75,2453102
2022-03-22T04:00:00Z,15.78,18.89,15.78,18.26,844922
2022-03-21T04:00:00Z,15.73,16.545,15.28,15.88,590875
2022-03-18T04:00:00Z,15.06,15.875,15,15.79,456980
2022-03-17T04:00:00Z,14.91,15.6,14.88,15.19,309722
2022-03-16T04:00:00Z,14.59,15.67,14.235,15.24,597413
2022-03-15T04:00:00Z,13.76,14.67,13.19,14.48,584077
2022-03-14T04:00:00Z,13.92,14.15,12.91,13.55,515332
2022-03-11T05:00:00Z,15.375,15.38,14.265,14.28,360672
2022-03-10T05:00:00Z,15.63,15.79,14.79,15.31,254520
2022-03-09T05:00:00Z,15.66,16.24,15.43,15.7,288900
2022-03-08T05:00:00Z,15.15,15.15,15.15,15.15,174
2022-03-07T05:00:00Z,16.95,17.09,14.9,15.21,848853
2022-03-04T05:00:00Z,18.06,18.28,16.36,16.57,902017
2022-03-03T05:00:00Z,18.63,18.69,17.825,18.045,305709
2022-03-02T05:00:00Z,17.85,18.68,17.31,18.52,647048
2022-03-01T05:00:00Z,19.01,19.425,17.84,18.315,722288
2022-02-28T05:00:00Z,18.01,19.31,17.61,18.86,577274
2022-02-25T05:00:00Z,17.65,17.84,16.535,17.67,585617
2022-02-24T05:00:00Z,14.97,17.765,14.97,17.68,1175507
2022-02-23T05:00:00Z,16.8,17,15.625,15.72,371094
2022-02-22T05:00:00Z,17.32,18.115,16.11,16.46,738783
2022-02-18T05:00:00Z,18.98,19.2,17.7,17.89,423104
2022-02-17T05:00:00Z,19.49,20.205,18.48,18.93,436420
2022-02-16T05:00:00Z,19.36,20.58,19.3,19.66,541857
2022-02-15T05:00:00Z,18.14,19.54,18.025,19.48,432245
2022-02-14T05:00:00Z,18.94,19.28,17.665,17.76,418885
2022-02-11T05:00:00Z,18.62,19.64,18.345,18.82,795689
2022-02-10T05:00:00Z,17.89,20.945,17.86,18.61,1902126
2022-02-09T05:00:00Z,16.19,18.99,16.19,18.98,1320040
2022-02-08T05:00:00Z,14.89,16.81,14.66,16.43,697409
2022-02-07T05:00:00Z,15.59,16,14.68,14.91,645663
2022-02-04T05:00:00Z,14.97,15.7,14.77,15.35,467739
2022-02-03T05:00:00Z,15.01,15.85,14.66,14.85,494279
2022-02-02T05:00:00Z,16.51,17.045,15.39,15.395,1324850
2022-02-01T05:00:00Z,18.11,18.7,16.52,16.85,1619605
2022-01-31T05:00:00Z,15.125,16.25,15,16.065,489809
2022-01-28T05:00:00Z,14.6,15.23,13.41,15.06,700266
2022-01-27T05:00:00Z,16.15,16.55,14.4,14.53,666218
2022-01-26T05:00:00Z,16.23,18.14,15.67,15.94,901647
2022-01-25T05:00:00Z,15.88,16.57,15.58,16.005,540980
2022-01-24T05:00:00Z,16.21,16.96,15.49,15.88,233811
2022-01-21T05:00:00Z,17.7,18.55,16.23,17.97,882526
2022-01-20T05:00:00Z,18.54,20.15,17.96,18.08,1416195
2022-01-19T05:00:00Z,18.6,19.405,18.045,18.32,975474
2022-01-18T05:00:00Z,19.79,19.87,17.8,18.835,1653366
2022-01-14T05:00:00Z,20.325,21.075,19.51,20.545,1878222
2022-01-13T05:00:00Z,22.64,23.135,20.535,20.67,449016
2022-01-12T05:00:00Z,22.905,23.34,22.095,22.71,211895
2022-01-11T05:00:00Z,22.44,23.75,22.11,22.8,314957
2022-01-10T05:00:00Z,22.36,22.86,21.27,22.775,272445
2022-01-07T05:00:00Z,23.71,24.275,22.45,23,468602
2022-01-06T05:00:00Z,22.96,23.72,20.805,22.46,775409
2022-01-05T05:00:00Z,25.17,25.27,22.405,22.76,707090
2022-01-04T05:00:00Z,26.605,26.65,24.65,25.5,243893
2022-01-03T05:00:00Z,27.4,28.12,26.42,26.52,230860
2021-12-31T05:00:00Z,28.75,29.32,27.135,27.19,267085
2021-12-30T05:00:00Z,27.74,30.18,27.74,28.89,296112
2021-12-29T05:00:00Z,27.775,28.32,26.69,27.905,336464
2021-12-28T05:00:00Z,28.05,29.74,27.62,27.72,251934
2021-12-27T05:00:00Z,28.39,29.38,27.035,28.73,343340
2021-12-23T05:00:00Z,28.87,29.28,26.84,28.52,418545
2021-12-22T05:00:00Z,29.94,30.46,28.07,28.69,367402
2021-12-21T05:00:00Z,29.25,32.22,29.23,30.36,335762
2021-12-20T05:00:00Z,28.88,30.61,28.13,29.69,646814
2021-12-17T05:00:00Z,24.45,30.7,23.65,29,1284991
2021-12-16T05:00:00Z,25.35,25.86,24.09,24.435,491710
2021-12-15T05:00:00Z,24.6,25.22,22.53,24.66,452237
2021-12-14T05:00:00Z,20.855,25.07,20.855,24.495,1360181
2021-12-13T05:00:00Z,27.46,27.595,22.5,23.28,1197434
2021-12-10T05:00:00Z,29.35,29.9,26,27.46,1074190
2021-12-09T05:00:00Z,31.68,32.93,29.315,29.49,367261
2021-12-08T05:00:00Z,30.77,33.89,29.79,32.35,321247
2021-12-07T05:00:00Z,30.04,31.66,29.55,31.04,550183
2021-12-06T05:00:00Z,28.01,30.4,27.195,28.79,558456
2021-12-03T05:00:00Z,30.79,30.99,25.345,29,767980
2021-12-02T05:00:00Z,29.29,31.21,27.05,30.25,668417
2021-12-01T05:00:00Z,34.7,34.915,26.86,28.58,939314
2021-11-30T05:00:00Z,36.84,36.99,32.775,33.935,524141
2021-11-29T05:00:00Z,38.2,38.4,35.93,36.82,204352
2021-11-26T05:00:00Z,36.17,38.09,36.15,37.56,308786
2021-11-24T05:00:00Z,39.11,39.3,37.64,38.91,200715
2021-11-23T05:00:00Z,41.24,41.965,38.075,39.16,395257
2021-11-22T05:00:00Z,41.53,42.84,40.31,41.25,317945
2021-11-19T05:00:00Z,40.34,41.36,39.71,40.9,189553
2021-11-18T05:00:00Z,42.07,42.26,39.79,40.46,248286
2021-11-17T05:00:00Z,42.19,43.96,42.02,42.11,203840
2021-11-16T05:00:00Z,41.99,44.39,41.25,42.62,361004
2021-11-15T05:00:00Z,40.29,43.2,40.29,42.69,372135
2021-11-12T05:00:00Z,39.58,40.36,39.13,40.02,162912
2021-11-11T05:00:00Z,38.03,40.17,37.56,39.44,164669
2021-11-10T05:00:00Z,38.79,40.84,38.06,38.3,239171
2021-11-09T05:00:00Z,42.48,42.48,39.3,39.935,501128
2021-11-08T05:00:00Z,42.48,45.92,41.78,45.13,565025
2021-11-05T04:00:00Z,41.18,41.965,40,41.695,320956
2021-11-04T04:00:00Z,40.25,41.28,39.18,40.045,191587
2021-11-03T04:00:00Z,41,44.17,38.9,40.82,853301
2021-11-02T04:00:00Z,37.59,38.77,36.68,38.77,247810
2021-11-01T04:00:00Z,35.63,37.16,35.46,37.06,259715
2021-10-29T04:00:00Z,35.34,36.58,34.555,35.37,257759
2021-10-28T04:00:00Z,35.06,36.05,34.91,35.22,106557
2021-10-27T04:00:00Z,36.32,36.77,34.6,34.75,183038
2021-10-26T04:00:00Z,36.53,37.33,35.8,36.03,176274
2021-10-22T04:00:00Z,37.3,37.66,35.965,36.58,336096
2021-10-21T04:00:00Z,40.93,41.91,38.82,39.23,168783
2021-10-20T04:00:00Z,40.74,41.75,40.32,40.88,176650
2021-10-19T04:00:00Z,42.99,44.44,40.75,40.81,411320
2021-10-18T04:00:00Z,40.83,43.62,40.53,43.015,341107
2021-10-15T04:00:00Z,40.15,41.79,39.78,40.73,304077
2021-10-14T04:00:00Z,37.8,41.08,37.79,40.09,502446
2021-10-13T04:00:00Z,36.55,38.13,36.16,37.9,272831
2021-10-12T04:00:00Z,37.27,37.55,36.24,36.805,147892
2021-10-11T04:00:00Z,36.9,38.65,36.335,37.23,308445
2021-10-08T04:00:00Z,37.95,38.74,37.065,37.15,201419
2021-10-07T04:00:00Z,36.78,38.545,36.7,38.14,259948
2021-10-06T04:00:00Z,36.37,37.58,35.64,36.86,168807
2021-10-05T04:00:00Z,36.87,38.08,36.22,37.055,209554
2021-10-04T04:00:00Z,38.74,38.87,36.38,36.79,262798
2021-10-01T04:00:00Z,39.43,40.11,37.75,38.41,416349
2021-09-30T04:00:00Z,35.13,41.47,33.765,38.04,786034
2021-09-29T04:00:00Z,37.22,38.25,35.375,35.54,297765
2021-09-28T04:00:00Z,38.89,39.03,36.89,36.995,309829
2021-09-27T04:00:00Z,40.09,40.59,39.225,39.29,166672
2021-09-24T04:00:00Z,39.91,40.49,39.25,40.03,178191
2021-09-23T04:00:00Z,41.12,41.845,39.87,40,233583
2021-09-22T04:00:00Z,38.52,40.57,37.76,40.09,229224
2021-09-21T04:00:00Z,41.21,41.47,37.68,38.81,297560
2021-09-20T04:00:00Z,41.97,43.31,38.57,40.28,487612
2021-09-17T04:00:00Z,46.12,46.355,44.2,44.24,572234
2021-09-16T04:00:00Z,46.47,48.64,45.96,46.05,301562
2021-09-15T04:00:00Z,46.47,47.73,43.81,46.84,522583
2021-09-14T04:00:00Z,51.06,51.5,47,47.32,617006
2021-09-13T04:00:00Z,51.86,52.77,50.35,51.72,475816
2021-09-10T04:00:00Z,49.13,51.69,48.97,50.19,682572
2021-09-09T04:00:00Z,46.205,48.99,45.38,48.51,646643
2021-09-08T04:00:00Z,47.03,49.38,45.81,47.38,710057
2021-09-07T04:00:00Z,45.02,47.9,45.01,47.89,696665
2021-09-03T04:00:00Z,43.625,44.78,42.48,44.02,486310
2021-09-02T04:00:00Z,43.95,44.865,42.41,44.38,343987
2021-09-01T04:00:00Z,47.13,47.84,43.085,43.71,568598
2021-08-31T04:00:00Z,44.17,47.14,44.09,47.1,903187
2021-08-30T04:00:00Z,41.8,45.695,41.3,43.33,869427
2021-08-27T04:00:00Z,40.01,41.58,39.42,40.77,389550
2021-08-26T04:00:00Z,42.77,44.73,40.09,40.325,600435
2021-08-25T04:00:00Z,44.57,48.26,43.22,43.92,1503384
2021-08-24T04:00:00Z,37.07,48.17,36.35,44.18,1265043
2021-08-23T04:00:00Z,35.07,37.89,34.56,36.74,489484
2021-08-20T04:00:00Z,33.98,34.56,32.21,34.4,305085
2021-08-19T04:00:00Z,36.78,36.78,33.355,33.79,287126
2021-08-18T04:00:00Z,37.32,38.65,36.5,36.57,446877
2021-08-17T04:00:00Z,34.85,38.74,34.64,37.145,467142
2021-08-16T04:00:00Z,33.62,36.18,32.75,35.69,443426
2021-08-13T04:00:00Z,32.03,34.45,31.88,33.47,460667
2021-08-12T04:00:00Z,30.87,34.09,30.805,33.08,529761
2021-08-11T04:00:00Z,31.34,31.9,29.41,31.535,545934
2021-08-10T04:00:00Z,36.89,37.14,31.46,31.735,1077342
2021-08-09T04:00:00Z,32.65,35.34,32.41,33.75,559923
2021-08-06T04:00:00Z,33.32,33.47,31.61,32.7,314670
2021-08-05T04:00:00Z,31.11,34.1,28.915,33.505,817848
2021-08-04T04:00:00Z,34.42,35.21,29.81,29.83,890763
2021-08-03T04:00:00Z,35.13,35.13,32.81,33.615,461009
2021-08-02T04:00:00Z,37.6,38.48,35.06,35.205,465298
2021-07-30T04:00:00Z,37.63,39.14,36.84,37.03,464934
2021-07-29T04:00:00Z,37.97,40.24,37.525,38.135,458143
2021-07-28T04:00:00Z,37.48,39.525,36.1,38.86,635412
2021-07-27T04:00:00Z,39.99,40.3,37.1,37.97,457907
2021-07-26T04:00:00Z,38.39,40.82,37.65,40.295,906939
2021-07-23T04:00:00Z,37.75,38.37,34.7,36.99,778890
2021-07-22T04:00:00Z,39.97,41.71,37.18,37.25,899123
2021-07-21T04:00:00Z,41.77,46.44,40.17,40.76,1517733
2021-07-20T04:00:00Z,35.33,44.31,35.19,42.94,1169711
2021-07-19T04:00:00Z,32.93,35.31,31.155,34.62,888208
2021-07-16T04:00:00Z,37.56,38.41,34.31,34.96,1137180
2021-07-15T04:00:00Z,32.385,37.32,32.26,36.005,1356326
2021-07-14T04:00:00Z,38.69,39.06,33.25,33.405,1045529
2021-07-13T04:00:00Z,40.4,42.13,38.72,39.35,774682
2021-07-12T04:00:00Z,44.49,46.5,42.09,42.48,538047
2021-07-09T04:00:00Z,48.24,48.88,45.855,46.195,409671
2021-07-08T04:00:00Z,41.075,49.79,38.78,47.87,1189994
2021-07-07T04:00:00Z,47.71,48.87,42.85,45.08,868126
2021-07-06T04:00:00Z,53.49,55.01,49.805,49.96,427894
2021-07-02T04:00:00Z,52.71,53.13,47.81,51.855,857992
2021-07-01T04:00:00Z,56.81,57.7,52.58,54.135,599527
2021-06-30T04:00:00Z,56.07,58.17,54.7,56.54,606014
2021-06-29T04:00:00Z,59.01,60.98,56.23,56.725,600821
2021-06-28T04:00:00Z,55.12,59.355,54.46,58,1120989
2021-06-25T04:00:00Z,55.81,56.1,53.005,53.955,927038
2021-06-24T04:00:00Z,58.02,58.73,55.7,56.7,744871
2021-06-23T04:00:00Z,56.99,61.1,56.83,58.255,928469
2021-06-22T04:00:00Z,54.07,58.7,51.08,58.26,1329508
2021-06-21T04:00:00Z,61.22,63,53.47,55.64,2048357
2021-06-18T04:00:00Z,61.35,64.95,56.86,59.515,2333543
2021-06-17T04:00:00Z,54.03,63.8,52.99,60.755,3514970
2021-06-16T04:00:00Z,56.165,57.33,51.905,55.16,1456335
2021-06-15T04:00:00Z,58.09,64.64,56.73,58.98,3471664
2021-06-14T04:00:00Z,51.9,60.54,51.54,56.93,3608204
2021-06-11T04:00:00Z,44.83,49.595,42.05,49.36,1859913
2021-06-10T04:00:00Z,47.71,51.35,39.78,42.88,1845383
2021-06-09T04:00:00Z,52.09,53.37,48.13,49.335,1263219
2021-06-08T04:00:00Z,57.38,60.54,52.785,55.02,1976723
2021-06-07T04:00:00Z,52.36,59.63,51.51,54.93,2107843
2021-06-04T04:00:00Z,48.67,57.4,46.07,47.97,2628149
2021-06-03T04:00:00Z,58.09,68.75,37.67,51.13,7366667
2021-06-02T04:00:00Z,37.5,72.62,35.62,63.98,9632868
2021-06-01T04:00:00Z,31.92,33.51,28.54,32,4368620
2021-05-28T04:00:00Z,31.71,36.72,24.58,26.14,6704939
2021-05-27T04:00:00Z,18.63,29.735,18.32,26.75,6580194
2021-05-26T04:00:00Z,17.78,19.94,17.3,19.54,3391501
2021-05-25T04:00:00Z,13.58,16.665,13.57,16.41,1949701
2021-05-24T04:00:00Z,12.33,13.955,12.18,13.7,807350
2021-05-21T04:00:00Z,12.54,12.83,12.05,12.05,393026
2021-05-20T04:00:00Z,12.58,12.99,12.035,12.51,665767
2021-05-19T04:00:00Z,12.91,13.28,12.15,12.62,727363
2021-05-18T04:00:00Z,14.24,14.65,13.58,14.01,1537420
2021-05-17T04:00:00Z,13.65,14.35,13.4,13.92,1257117
2021-05-14T04:00:00Z,13.45,14.33,12.57,12.99,2117810
2021-05-13T04:00:00Z,10.76,14.2,10.67,12.76,2380735
2021-05-12T04:00:00Z,10.04,10.62,10.03,10.28,578776
2021-05-11T04:00:00Z,9.93,10.48,9.61,10.04,501400
2021-05-10T04:00:00Z,9.9,10.14,9.57,9.735,372173
2021-05-07T04:00:00Z,9.29,9.79,9.15,9.51,446146
2021-05-06T04:00:00Z,9.33,9.36,8.935,9.005,666977
2021-05-05T04:00:00Z,9.43,9.565,9.09,9.175,321502
2021-05-04T04:00:00Z,9.65,9.73,9.05,9.395,724537
2021-05-03T04:00:00Z,10.07,10.1,9.61,9.7,357470
2021-04-30T04:00:00Z,10.11,10.175,9.88,10,340762
2021-04-29T04:00:00Z,10.99,11.04,10.09,10.175,803877
2021-04-28T04:00:00Z,10.79,11.38,10.65,10.83,750832
2021-04-27T04:00:00Z,11.65,12.22,11.22,11.45,505751
2021-04-26T04:00:00Z,10.66,11.95,10.58,11.49,632946
2021-04-23T04:00:00Z,10.03,10.38,9.96,10.16,314106
2021-04-22T04:00:00Z,9.9,10.63,9.8,10,478738
2021-04-21T04:00:00Z,9.26,9.805,9.15,9.79,179394
2021-04-20T04:00:00Z,9.7,9.7,9.015,9.27,204490
2021-04-16T04:00:00Z,9.95,9.99,9.095,9.335,408866
2021-04-15T04:00:00Z,9.845,10.22,9.585,9.895,347235
2021-04-14T04:00:00Z,8.97,9.8,8.91,9.34,430766
2021-04-13T04:00:00Z,8.65,9.11,8.33,8.835,291555
2021-04-12T04:00:00Z,9.435,9.45,8.52,8.63,518178
2021-04-09T04:00:00Z,9.59,9.72,9.245,9.43,426088
2021-04-08T04:00:00Z,9.965,9.99,9.5,9.78,363194
2021-04-07T04:00:00Z,10.05,10.165,9.85,9.85,175162
2021-04-06T04:00:00Z,10.38,10.495,10.005,10.19,335083
2021-04-05T04:00:00Z,10.11,11.24,9.73,10.605,952129
2021-04-01T04:00:00Z,10.25,10.25,9.15,9.37,928069
2021-03-31T04:00:00Z,10.255,10.44,10.055,10.2,310005
2021-03-30T04:00:00Z,10.315,10.48,9.76,10.32,270595
2021-03-29T04:00:00Z,10.3,10.755,10.11,10.35,218266
2021-03-26T04:00:00Z,11.2,11.5,10.01,10.22,437866
2021-03-25T04:00:00Z,8.96,11.31,8.955,10.95,757378
2021-03-24T04:00:00Z,10.805,11.2,8.935,9.01,755049
2021-03-23T04:00:00Z,11.49,11.93,10.37,10.66,920682
2021-03-22T04:00:00Z,13.1,13.18,11.77,12.465,814714
2021-03-19T04:00:00Z,14.15,14.16,13.285,13.935,1392767
2021-03-18T04:00:00Z,14.305,14.54,13.58,14,598769
2021-03-17T04:00:00Z,13.2,13.65,13,13.55,437058
2021-03-16T04:00:00Z,13.6,13.6,12.345,13.045,802323
2021-03-15T04:00:00Z,12.155,14.485,11.86,14.015,1514796
2021-03-12T05:00:00Z,10.145,11.395,9.94,11.15,599020
2021-03-11T05:00:00Z,10.63,10.855,9.91,10.24,584954
2021-03-10T05:00:00Z,11.01,12.46,9.53,9.84,1804234
2021-03-09T05:00:00Z,9.38,10.77,9.24,10.53,711301
2021-03-08T05:00:00Z,8.565,9.46,8.34,9.285,544061
2021-03-05T05:00:00Z,8.07,8.265,7.63,8.045,486145
2021-03-04T05:00:00Z,8.24,8.585,7.5,8.025,648767
2021-03-03T05:00:00Z,9.005,9.13,8.5,8.605,436180
2021-03-02T05:00:00Z,9.14,9.39,8.53,8.905,372921
2021-03-01T05:00:00Z,8.8,9.43,8.43,9.2,835163
2021-02-26T05:00:00Z,8.19,8.995,7.645,8.005,812566
2021-02-25T05:00:00Z,10.9,10.97,7.85,8.29,3208533
2021-02-24T05:00:00Z,7.21,9.83,6.99,9.105,1697829
2021-02-23T05:00:00Z,6.97,7.855,6.01,7.7,1557338
2021-02-22T05:00:00Z,5.93,6.675,5.755,6.555,1687377
2021-02-19T05:00:00Z,5.565,5.74,5.56,5.69,262296
2021-02-18T05:00:00Z,5.785,6.25,5.46,5.48,766684
2021-02-17T05:00:00Z,5.58,5.6,5.32,5.55,467789
2021-02-16T05:00:00Z,6.03,6.03,5.5,5.63,344633
2021-02-12T05:00:00Z,5.72,5.96,5.525,5.59,364259
2021-02-11T05:00:00Z,5.53,5.835,5.475,5.65,314605
2021-02-10T05:00:00Z,5.72,6.585,5.46,5.79,773474
2021-02-09T05:00:00Z,5.805,5.805,5.265,5.495,958409
2021-02-08T05:00:00Z,6.855,6.87,5.75,6.16,1476731
2021-02-05T05:00:00Z,7.16,8.265,6.525,6.835,1831595
2021-02-04T05:00:00Z,8.71,8.74,7,7.085,1816469
2021-02-03T05:00:00Z,8.84,9.76,7.89,8.905,1524134
2021-02-02T05:00:00Z,9.47,10.065,6,7.83,3638407
2021-02-01T05:00:00Z,17.07,17.11,12.93,13.32,4235369
2021-01-29T05:00:00Z,14.31,16,11.635,13.32,5279882
2021-01-28T05:00:00Z,12.01,16.41,6.52,8.71,5191938
2021-01-27T05:00:00Z,20.31,20.33,11.01,19.815,14460696
2021-01-26T05:00:00Z,5.09,5.18,4.375,4.945,1982818
2021-01-25T05:00:00Z,4.71,4.88,3.855,4.405,2867627
2021-01-22T05:00:00Z,2.9,3.74,2.81,3.515,1685124
2021-01-21T05:00:00Z,2.995,3.055,2.85,2.975,480958
2021-01-20T05:00:00Z,3.3,3.34,2.75,2.965,1004797
2021-01-19T05:00:00Z,2.79,3.2,2.57,3.055,1358166
2021-01-15T05:00:00Z,2.18,2.545,2.18,2.315,843504
2021-01-14T05:00:00Z,2.22,2.32,2.135,2.175,237714
2021-01-13T05:00:00Z,2.325,2.365,2.13,2.17,221837
2021-01-12T05:00:00Z,2.24,2.385,2.235,2.285,238667
2021-01-11T05:00:00Z,2.16,2.265,2.15,2.195,223922
2021-01-08T05:00:00Z,2.09,2.21,2.08,2.13,305490
2021-01-07T05:00:00Z,2.09,2.1,2.02,2.055,143764
2021-01-06T05:00:00Z,2.01,2.22,1.97,2.015,840765
2021-01-05T05:00:00Z,2,2.025,1.93,1.98,382109
2021-01-04T05:00:00Z,2.2,2.2,2,2.02,182573
2020-12-31T05:00:00Z,2.17,2.22,2.08,2.115,329792
2020-12-30T05:00:00Z,2.29,2.29,2.13,2.15,409260
2020-12-29T05:00:00Z,2.43,2.45,2.28,2.295,183390
2020-12-28T05:00:00Z,2.62,2.62,2.36,2.385,255457
2020-12-24T05:00:00Z,2.59,2.59,2.48,2.515,82779
2020-12-23T05:00:00Z,2.59,2.65,2.545,2.575,293191
2020-12-22T05:00:00Z,2.73,2.73,2.525,2.595,119231
2020-12-21T05:00:00Z,2.59,2.735,2.59,2.675,134849
2020-12-18T05:00:00Z,2.845,2.85,2.76,2.78,173243
2020-12-17T05:00:00Z,2.8,2.95,2.75,2.84,190959
2020-12-16T05:00:00Z,2.88,2.885,2.72,2.77,326484
2020-12-15T05:00:00Z,3.235,3.235,2.765,2.86,333693
2020-12-14T05:00:00Z,3.97,3.97,3,3.195,618687
2020-12-11T05:00:00Z,4.01,4.24,3.875,3.92,168481
2020-12-10T05:00:00Z,3.825,4.1,3.81,4.08,83415
2020-12-09T05:00:00Z,4.22,4.32,3.77,3.87,92425
2020-12-08T05:00:00Z,3.63,4.015,3.63,3.98,159701
2020-12-07T05:00:00Z,3.45,3.735,3.35,3.57,90749
2020-12-04T05:00:00Z,3.745,3.75,3.305,3.505,311715
2020-12-03T05:00:00Z,4,4.205,3.505,3.625,668133
2020-12-02T05:00:00Z,4.05,4.335,3.95,4.31,44268
2020-12-01T05:00:00Z,4.4,4.4,4.09,4.115,224262
2020-11-30T05:00:00Z,4.39,4.4,3.995,4.255,111797
2020-11-27T05:00:00Z,4.51,4.61,4.38,4.43,42953
2020-11-25T05:00:00Z,4.54,4.84,4.2,4.49,87838
2020-11-24T05:00:00Z,4.17,4.99,4.17,4.565,422876
2020-11-23T05:00:00Z,3.52,3.85,3.42,3.795,133953
2020-11-20T05:00:00Z,3.26,3.365,3.21,3.345,141327
2020-11-19T05:00:00Z,3.16,3.34,3.16,3.19,41297
2020-11-18T05:00:00Z,3.04,3.35,3.02,3.255,225372
2020-11-17T05:00:00Z,3.02,3.03,2.91,2.985,205824
2020-11-16T05:00:00Z,3.38,3.39,3.05,3.11,417753
2020-11-13T05:00:00Z,2.965,2.99,2.785,2.965,482956
2020-11-12T05:00:00Z,3.05,3.06,2.925,2.935,264418
2020-11-11T05:00:00Z,3.18,3.195,3,3.125,217433
2020-11-10T05:00:00Z,4,4.025,3.345,3.505,357823
2020-11-09T05:00:00Z,4.3,4.38,3.24,3.8,764480
2020-11-06T05:00:00Z,2.38,2.615,2.33,2.495,33081
2020-11-05T05:00:00Z,2.33,2.565,2.3,2.465,79612
2020-11-04T05:00:00Z,2.4,2.41,2.26,2.31,32088
2020-11-03T05:00:00Z,2.38,2.58,2.3,2.33,220141
2020-11-02T05:00:00Z,2.295,2.31,2.115,2.15,143351
2020-10-30T04:00:00Z,2.485,2.485,2.285,2.35,117065
2020-10-29T04:00:00Z,2.64,2.66,2.48,2.51,214530
2020-10-28T04:00:00Z,2.67,2.72,2.585,2.6,95704
2020-10-27T04:00:00Z,2.84,2.84,2.61,2.785,101832
2020-10-26T04:00:00Z,2.89,2.9,2.68,2.755,72686
2020-10-23T04:00:00Z,3.07,3.09,2.965,2.98,53202
2020-10-22T04:00:00Z,2.97,3.14,2.84,3.115,155235
2020-10-21T04:00:00Z,3.085,3.125,2.985,2.995,109513
2020-10-20T04:00:00Z,3.28,3.28,3.05,3.085,176457
2020-10-19T04:00:00Z,3.31,3.88,3.25,3.565,163978
2020-10-16T04:00:00Z,2.87,3.285,2.81,3.035,95463
2020-10-15T04:00:00Z,2.82,2.96,2.765,2.77,84469
2020-10-14T04:00:00Z,3.09,3.2,2.665,2.93,248722
2020-10-13T04:00:00Z,3.9,3.9,3.53,3.545,91349
2020-10-12T04:00:00Z,4.01,4.085,4,4.075,18473
2020-10-09T04:00:00Z,4.17,4.17,4.045,4.045,23369
2020-10-08T04:00:00Z,4.135,4.165,4.03,4.135,101373
2020-10-07T04:00:00Z,4.04,4.1,3.95,4.04,47479
2020-10-06T04:00:00Z,4.21,4.22,4.05,4.055,73417
2020-10-05T04:00:00Z,4.33,4.35,4.05,4.125,124283
2020-10-02T04:00:00Z,4.47,4.655,4.44,4.65,82932
2020-10-01T04:00:00Z,4.725,4.75,4.63,4.665,26918
2020-09-30T04:00:00Z,4.865,4.945,4.7,4.7,16161
2020-09-29T04:00:00Z,4.87,4.925,4.775,4.865,38701
2020-09-28T04:00:00Z,5.01,5.01,4.62,4.905,30084
2020-09-25T04:00:00Z,4.62,4.89,4.62,4.885,8779
2020-09-24T04:00:00Z,4.62,4.86,4.37,4.6,143947
2020-09-23T04:00:00Z,5.25,5.28,4.745,4.78,96242
2020-09-22T04:00:00Z,5.255,5.255,5.14,5.205,19352
2020-09-21T04:00:00Z,5.29,5.365,5.01,5.33,70879
2020-09-18T04:00:00Z,5.7,5.71,5.58,5.665,27418
2020-09-17T04:00:00Z,5.65,5.785,5.65,5.73,11182
2020-09-16T04:00:00Z,5.53,5.865,5.425,5.765,32732
2020-09-15T04:00:00Z,5.625,5.86,5.525,5.525,47526
2020-09-14T04:00:00Z,5.84,5.84,5.515,5.53,109804
2020-09-11T04:00:00Z,6.05,6.05,5.61,5.805,46034
2020-09-10T04:00:00Z,6.31,6.34,5.885,5.935,31330
2020-09-09T04:00:00Z,6.495,6.495,6.145,6.265,39568
2020-09-08T04:00:00Z,6.87,6.94,6.375,6.42,56617
2020-09-04T04:00:00Z,6.65,7.015,6.25,7.015,30946
2020-09-03T04:00:00Z,6.92,7.115,6.5,6.615,88209
2020-09-02T04:00:00Z,7.01,7.67,6.47,7.025,291544
2020-09-01T04:00:00Z,5.9,6.165,5.875,6.115,118140
2020-08-31T04:00:00Z,6.3,6.41,5.765,5.895,106878
2020-08-28T04:00:00Z,6.415,6.415,6.115,6.275,56524
2020-08-27T04:00:00Z,5.81,7.02,5.81,6.505,75355
2020-08-26T04:00:00Z,5.41,5.665,5.41,5.585,104210
2020-08-25T04:00:00Z,5.42,5.575,5.22,5.515,28750
2020-08-24T04:00:00Z,5.25,5.445,4.96,5.39,50312
2020-08-21T04:00:00Z,5.65,5.65,5.195,5.195,90782
2020-08-20T04:00:00Z,5.43,5.77,5.3,5.68,125232
2020-08-19T04:00:00Z,5.26,5.47,5.18,5.38,75179
2020-08-18T04:00:00Z,5.45,5.48,5.13,5.345,47076
2020-08-17T04:00:00Z,5.61,5.825,5.44,5.605,47049
2020-08-14T04:00:00Z,5.545,5.63,5.055,5.525,117208
2020-08-13T04:00:00Z,5.03,5.735,4.85,5.315,128036
2020-08-12T04:00:00Z,4.68,4.73,4.58,4.635,57510
2020-08-11T04:00:00Z,4.65,4.83,4.54,4.565,176544
2020-08-10T04:00:00Z,4.69,4.69,4.355,4.465,20230
2020-08-07T04:00:00Z,4.165,5.235,4.165,4.75,295863
2020-08-06T04:00:00Z,4.125,4.205,4.015,4.115,38534
2020-08-05T04:00:00Z,4.095,4.145,4.075,4.135,50692
2020-08-04T04:00:00Z,4.15,4.235,4.085,4.095,8627
2020-08-03T04:00:00Z,3.94,4.185,3.875,4.075,8852
2020-07-31T04:00:00Z,4.025,4.075,3.975,4.04,6160
2020-07-30T04:00:00Z,4.15,4.315,4.075,4.12,61164
2020-07-29T04:00:00Z,4.1,4.195,3.975,4.155,29254
2020-07-28T04:00:00Z,3.915,4.215,3.915,4.155,24404
2020-07-27T04:00:00Z,3.965,3.965,3.825,3.855,26987
