2024-06-14T04:00:00Z,74.13,74.275,73.265,73.34,402786
2024-06-13T04:00:00Z,76.54,76.99,75.49,75.665,256071
2024-06-12T04:00:00Z,78.71,78.735,77.66,78.03,195627
2024-06-11T04:00:00Z,79,79.08,77.675,77.9,193050
2024-06-10T04:00:00Z,78.465,79.715,78.335,79.32,94975
2024-06-07T04:00:00Z,78.96,79.305,78.135,78.42,236764
2024-06-06T04:00:00Z,79.4,80.055,78.76,80.015,270134
2024-06-05T04:00:00Z,78.915,79.935,78.915,79.8,190033
2024-06-04T04:00:00Z,78.17,78.78,77.78,78.45,90571
2024-06-03T04:00:00Z,79.02,79.295,77.51,77.86,124393
2024-05-31T04:00:00Z,77.93,78.495,77.175,78.37,352453
2024-05-30T04:00:00Z,78.86,80.2,78.73,79.645,166853
2024-05-29T04:00:00Z,78.77,79.315,78.33,79.02,181175
2024-05-28T04:00:00Z,80.71,81.46,80.065,80.6,261394
2024-05-24T04:00:00Z,80.5,82.545,79.74,81.275,515545
2024-05-23T04:00:00Z,81.475,82.91,80.13,80.775,547078
2024-05-22T04:00:00Z,84.58,85.07,82.685,82.685,321475
2024-05-21T04:00:00Z,86.41,87.16,85.32,86.12,362283
2024-05-20T04:00:00Z,87.39,89.18,86.98,88.25,189237
2024-05-17T04:00:00Z,87.64,90.44,86.9,88.56,503693
2024-05-16T04:00:00Z,81.96,87.49,81.695,86.7,1038289
2024-05-15T04:00:00Z,80.42,81.125,79.795,80.96,337969
2024-05-14T04:00:00Z,79.57,80.22,77.735,79.52,1198281
2024-05-13T04:00:00Z,82.715,84.99,82.64,84.55,696711
2024-05-10T04:00:00Z,80.09,80.495,79.805,80.04,282518
2024-05-09T04:00:00Z,79.59,79.91,78.75,79.495,135611
2024-05-08T04:00:00Z,77.855,78.94,77.82,78.475,200464
2024-05-07T04:00:00Z,79.65,79.87,78.825,79.38,245027
2024-05-06T04:00:00Z,81.785,82.21,80.5,81.57,217379
2024-05-03T04:00:00Z,81.315,81.34,79.755,81.315,394879
2024-05-02T04:00:00Z,77.62,81.39,77.16,80.375,650721
2024-05-01T04:00:00Z,75.08,76.24,74.89,75.49,181074
2024-04-30T04:00:00Z,75.94,76.205,74.5,74.855,245101
2024-04-29T04:00:00Z,75.555,76.525,75.245,76.41,191217
2024-04-26T04:00:00Z,76.39,76.84,75.06,75.545,199383
2024-04-25T04:00:00Z,74.495,75.2,74.08,75.125,214569
2024-04-24T04:00:00Z,73.645,74.7,73.535,74.64,604404
2024-04-23T04:00:00Z,71.17,72.8,70.99,72.51,602121
2024-04-22T04:00:00Z,69.625,70.875,69.15,70.69,299381
2024-04-19T04:00:00Z,68.38,69.13,68.37,69.06,287555
2024-04-18T04:00:00Z,69.07,69.62,68.8,68.895,192493
2024-04-17T04:00:00Z,69.7,70,68.745,68.83,246792
2024-04-16T04:00:00Z,70.01,70.3,69.295,69.625,682419
2024-04-15T04:00:00Z,71.66,71.73,70.18,70.64,340742
2024-04-12T04:00:00Z,72.85,72.965,71.3,71.3,456545
2024-04-11T04:00:00Z,75.33,75.43,74.37,74.85,266635
2024-04-10T04:00:00Z,74.48,75.165,73.76,74.6,352656
2024-04-09T04:00:00Z,72.37,73.22,72.32,73,243023
2024-04-08T04:00:00Z,71.85,72.375,71.565,71.73,314186
2024-04-05T04:00:00Z,71.61,72.02,71.5,71.66,153093
2024-04-04T04:00:00Z,72.96,73.225,71.93,71.945,235092
2024-04-03T04:00:00Z,72.56,72.845,72.12,72.455,197738
2024-04-02T04:00:00Z,72.605,73.11,72.53,72.9,237527
2024-04-01T04:00:00Z,73.25,73.58,72.815,73.36,251531
2024-03-28T04:00:00Z,72.115,72.58,72.08,72.36,352157
2024-03-27T04:00:00Z,70.88,71.67,70.63,71.6,233106
2024-03-26T04:00:00Z,71.81,71.86,71.1,71.485,274963
2024-03-25T04:00:00Z,72.04,72.48,71.37,71.48,280120
2024-03-22T04:00:00Z,72.3,72.615,72.04,72.135,268300
2024-03-21T04:00:00Z,74.17,74.73,73.78,73.805,191192
2024-03-20T04:00:00Z,73.625,74.33,73.32,74.16,186302
2024-03-19T04:00:00Z,73.09,73.69,72.87,73.425,97299
2024-03-18T04:00:00Z,73.385,74.015,73.34,73.52,147397
2024-03-15T04:00:00Z,73.6,74.12,73.39,73.39,219514
2024-03-14T04:00:00Z,75.03,75.225,73.24,73.42,344508
2024-03-13T04:00:00Z,76.05,77.425,76.04,76.4,323611
2024-03-12T04:00:00Z,75.8,76.47,75.24,76.06,412163
2024-03-11T04:00:00Z,74.64,76.05,74.57,74.87,219308
2024-03-08T05:00:00Z,72.88,73.75,72.79,73.55,244183
2024-03-07T05:00:00Z,72.63,72.75,71.765,72.55,268565
2024-03-06T05:00:00Z,74.21,74.71,73.61,73.71,304761
2024-03-05T05:00:00Z,71.07,72.71,71.07,72.04,260721
2024-03-04T05:00:00Z,73.69,73.69,71.705,71.99,351540
2024-03-01T05:00:00Z,74.5,75.085,74.38,74.63,242812
2024-02-29T05:00:00Z,74.665,75,73.815,74.01,187641
2024-02-28T05:00:00Z,76.05,76.17,74.455,74.55,335573
2024-02-27T05:00:00Z,77.57,78.035,77.26,77.68,268656
2024-02-26T05:00:00Z,75.55,76.57,75.41,76.5,214689
2024-02-23T05:00:00Z,76.465,76.92,75.17,75.93,173730
2024-02-22T05:00:00Z,75.15,76.365,75,76.11,190830
2024-02-21T05:00:00Z,74.48,76.38,74.105,75.575,328491
2024-02-20T05:00:00Z,73.5,73.65,72.18,73.155,180384
2024-02-16T05:00:00Z,75,75.365,73.9,73.905,256307
2024-02-15T05:00:00Z,73.27,74.12,73.1,73.82,227785
2024-02-14T05:00:00Z,72.31,73.4,72.24,73.4,175490
2024-02-13T05:00:00Z,71.95,73.03,71.43,71.585,226902
2024-02-12T05:00:00Z,72.37,74.13,72.36,73.13,350586
2024-02-09T05:00:00Z,70.78,72.07,70.45,72.025,307939
2024-02-08T05:00:00Z,71.82,72.05,70.65,70.72,799603
2024-02-07T05:00:00Z,74.48,76.14,73.15,73.62,1159405
2024-02-06T05:00:00Z,77.01,78.335,75.78,78.245,679367
2024-02-05T05:00:00Z,72.175,75.15,71.865,74.62,436829
2024-02-02T05:00:00Z,72.11,72.22,71.05,71.835,296869
2024-02-01T05:00:00Z,73.16,73.46,72.13,72.46,327785
2024-01-31T05:00:00Z,71.81,72.925,71.67,72.165,368446
2024-01-30T05:00:00Z,72.41,73.055,72.1,72.325,410524
2024-01-29T05:00:00Z,74.705,74.79,72.83,73.575,439815
2024-01-26T05:00:00Z,73.03,74.72,72.97,74.025,574283
2024-01-25T05:00:00Z,75.19,75.49,73.565,73.835,407747
2024-01-24T05:00:00Z,75.29,75.6,74.28,75.2,751263
2024-01-23T05:00:00Z,72.77,74.5,72.64,74.02,1112944
2024-01-22T05:00:00Z,67.3,68.72,66.67,68.605,493608
2024-01-19T05:00:00Z,67.145,69.9,66.96,69.41,568876
2024-01-18T05:00:00Z,68.73,69.08,68,68.05,352654
2024-01-17T05:00:00Z,67.58,68.99,67.26,68.93,436417
2024-01-16T05:00:00Z,70.02,70.525,69.305,69.46,618653
2024-01-12T05:00:00Z,72.51,73.41,71.81,71.82,421040
2024-01-11T05:00:00Z,72.645,73.095,71.55,72.35,337729
2024-01-10T05:00:00Z,71.39,71.765,71.055,71.4,370036
2024-01-09T05:00:00Z,71.2,72.12,70.98,72,414422
2024-01-08T05:00:00Z,71.31,73.05,70.95,72.87,410757
2024-01-05T05:00:00Z,73.7,73.91,72.865,72.99,406695
2024-01-04T05:00:00Z,75.48,75.71,74.465,74.64,408515
2024-01-03T05:00:00Z,74.33,76.665,74.11,76.57,368108
2024-01-02T05:00:00Z,76.03,76.07,74.515,74.72,472373
2023-12-29T05:00:00Z,77.17,77.63,76.83,77.5,188379
2023-12-28T05:00:00Z,77.28,77.78,76.99,77.27,267996
2023-12-27T05:00:00Z,76.13,76.425,75.42,76.12,310347
2023-12-26T05:00:00Z,76.03,76.95,75.74,75.84,202121
2023-12-22T05:00:00Z,74.47,75.66,74.47,75.28,341894
2023-12-21T05:00:00Z,74.86,76.29,74.37,76.27,397228
2023-12-20T05:00:00Z,74.59,75.27,73.33,73.35,310424
2023-12-19T05:00:00Z,74.33,76.01,74.27,75.39,387935
2023-12-18T05:00:00Z,74.01,74.22,73.225,73.82,260363
2023-12-15T05:00:00Z,74.05,75.54,73.35,74.52,465845
2023-12-14T05:00:00Z,71.47,73.24,71.47,72.53,501670
2023-12-13T05:00:00Z,70.93,71.475,70.12,71.45,403018
2023-12-12T05:00:00Z,71.385,71.955,70.93,71.4,300148
2023-12-11T05:00:00Z,70.35,71.61,70.08,71.37,340597
2023-12-08T05:00:00Z,72.025,72.435,71.83,72.14,440174
2023-12-07T05:00:00Z,71.51,72.365,71.46,72.32,403543
2023-12-06T05:00:00Z,72.35,72.95,71.495,71.51,652706
2023-12-05T05:00:00Z,72,72.7,71.93,72.39,394101
2023-12-04T05:00:00Z,72.67,73.58,72.5,73.005,419607
2023-12-01T05:00:00Z,72.93,74.135,72.135,73.97,582673
2023-11-30T05:00:00Z,74.7,74.93,74.025,74.88,330758
2023-11-29T05:00:00Z,75.03,75.45,74.435,74.66,784597
2023-11-28T05:00:00Z,76.59,76.8,75.275,76.745,397684
2023-11-27T05:00:00Z,77.47,77.83,77.09,77.54,420652
2023-11-24T05:00:00Z,78.23,79.045,78.23,78.52,222411
2023-11-22T05:00:00Z,79.48,79.7,78.18,78.96,326500
2023-11-21T05:00:00Z,77.73,79.255,77.65,78.955,583480
2023-11-20T05:00:00Z,77,78.71,76.58,78.46,540849
2023-11-17T05:00:00Z,77.05,78.455,76.75,77.59,887489
2023-11-16T05:00:00Z,79.55,80.755,78.275,79.085,1550266
2023-11-15T05:00:00Z,86.96,87.82,85.89,87.08,514329
2023-11-14T05:00:00Z,82.77,84.53,82.35,83.88,488531
2023-11-13T05:00:00Z,82.77,83.29,82.085,82.275,252635
2023-11-10T05:00:00Z,82.43,82.85,81.68,82.75,147939
2023-11-09T05:00:00Z,84.585,84.68,82.49,82.715,313151
2023-11-08T05:00:00Z,84.66,85.68,84.525,84.81,124064
2023-11-07T05:00:00Z,84.88,85.66,84.115,85.41,125221
2023-11-06T05:00:00Z,86.6,86.685,85.23,85.37,156664
2023-11-03T04:00:00Z,84.95,86.08,84.52,85.3,337756
2023-11-02T04:00:00Z,83.68,83.97,83.08,83.43,204614
2023-11-01T04:00:00Z,81.91,82.475,81.31,82.465,166632
2023-10-31T04:00:00Z,81.88,82.52,80.88,82.505,294678
2023-10-30T04:00:00Z,83.675,84.18,83.02,83.15,187974
2023-10-27T04:00:00Z,83.82,84.1,82.505,82.8,168125
2023-10-26T04:00:00Z,81.24,83.06,81.21,82.53,315612
2023-10-25T04:00:00Z,81.61,81.955,80.805,81.04,268064
2023-10-24T04:00:00Z,80.45,83.3,80.45,82.875,349125
2023-10-23T04:00:00Z,79.75,80.895,79.035,80.48,181556
2023-10-20T04:00:00Z,80.1,80.845,79.8,79.92,315265
2023-10-19T04:00:00Z,81.76,82.38,81.12,81.58,271579
2023-10-18T04:00:00Z,82.95,83.655,82.76,82.98,169930
2023-10-17T04:00:00Z,82.61,84.35,82.61,83.93,98098
2023-10-16T04:00:00Z,83.59,84.95,82.685,84.3,127319
2023-10-13T04:00:00Z,83.91,85.48,83.75,84,212596
2023-10-12T04:00:00Z,87.57,87.67,84.205,84.49,483698
2023-10-11T04:00:00Z,88.035,88.78,87.145,87.805,191552
2023-10-10T04:00:00Z,85.735,87.74,85.65,87.17,218591
2023-10-09T04:00:00Z,83.96,85.185,83.61,84.86,194131
2023-10-06T04:00:00Z,84.22,86.49,84.04,86.08,279379
2023-10-05T04:00:00Z,83.4,83.71,82.47,83.67,398074
2023-10-04T04:00:00Z,84.31,84.535,83.67,84.055,188137
2023-10-03T04:00:00Z,84.5,84.99,83.97,84.55,183964
2023-10-02T04:00:00Z,86.66,87.075,85.9,86.545,123136
2023-09-29T04:00:00Z,87.3,87.94,86.63,86.725,214304
2023-09-28T04:00:00Z,84.92,85.88,84.32,85.525,137814
2023-09-27T04:00:00Z,86.46,86.5,85.31,86.185,149335
2023-09-26T04:00:00Z,86.47,87.07,85.71,85.885,189686
2023-09-25T04:00:00Z,85.95,87.26,85.815,87.225,183882
2023-09-22T04:00:00Z,87.16,88.855,87.13,88.29,453747
2023-09-21T04:00:00Z,83.81,84.69,83.81,84.12,219665
2023-09-20T04:00:00Z,87.04,87.42,85.655,85.73,191693
2023-09-19T04:00:00Z,86.15,87.695,86.105,87.1,403767
2023-09-18T04:00:00Z,86.12,87.17,85.5,87.025,125366
2023-09-15T04:00:00Z,87.79,88.195,86.82,87.045,136169
2023-09-14T04:00:00Z,88.52,88.52,87.465,88.01,102909
2023-09-13T04:00:00Z,87.91,88.27,87.46,87.69,112088
2023-09-12T04:00:00Z,88.83,89.94,88.3,88.31,168370
2023-09-11T04:00:00Z,89.81,90.32,87.715,88.73,205185
2023-09-08T04:00:00Z,89.71,90.26,88.73,90.06,152430
2023-09-07T04:00:00Z,91.63,91.73,88.97,89.97,530560
2023-09-06T04:00:00Z,94.22,95.72,94.15,94.525,195475
2023-09-05T04:00:00Z,94.665,95.365,94.09,94.62,264532
2023-09-01T04:00:00Z,94.63,96.66,94.63,95.02,325147
2023-08-31T04:00:00Z,93,93.355,92.265,92.89,177947
2023-08-30T04:00:00Z,92.53,94.23,92.49,93.67,186154
2023-08-29T04:00:00Z,93.435,94.09,92.5,94,262037
2023-08-28T04:00:00Z,91.49,92.76,91.315,92.25,287729
2023-08-25T04:00:00Z,88.99,90.035,88.29,89.81,306380
2023-08-24T04:00:00Z,90.65,90.89,89.08,89.11,199488
2023-08-23T04:00:00Z,88.385,90.55,88.32,89.85,203371
2023-08-22T04:00:00Z,89.41,89.41,87.86,88.09,156848
2023-08-21T04:00:00Z,87.57,88.81,87.22,88.57,173415
2023-08-18T04:00:00Z,87.78,88.33,86.91,88.04,433655
2023-08-17T04:00:00Z,91.7,91.74,90.27,90.705,315093
2023-08-16T04:00:00Z,89.37,90.49,88.3,89.115,647787
2023-08-15T04:00:00Z,93,93,90.75,91.64,303643
2023-08-14T04:00:00Z,94.265,94.43,92.55,93.475,370092
2023-08-11T04:00:00Z,97.39,97.58,94.35,95.76,452735
2023-08-10T04:00:00Z,98.28,101.8,97.17,99.23,1236276
2023-08-09T04:00:00Z,96.01,96.255,94.1,94.88,393640
2023-08-08T04:00:00Z,93.63,94.47,92.94,94.25,249259
2023-08-07T04:00:00Z,97.75,97.75,95.12,96.56,219171
2023-08-04T04:00:00Z,97.735,98.46,96.715,96.9,149163
2023-08-03T04:00:00Z,96.7,98.45,96.7,97.6,181611
2023-08-02T04:00:00Z,97.73,97.73,94.57,95.1,474408
2023-08-01T04:00:00Z,99.86,101.145,99.37,100.1,126763
2023-07-31T04:00:00Z,99.75,102.49,99.75,102.2,254760
2023-07-28T04:00:00Z,98.2,101.19,97.975,100.565,450652
2023-07-27T04:00:00Z,97.95,97.95,95.18,95.44,308123
2023-07-26T04:00:00Z,94.935,97.52,94.845,97.195,238034
2023-07-25T04:00:00Z,98.305,98.48,94.645,95.035,297184
2023-07-24T04:00:00Z,92.05,97.44,91.32,96.34,426644
2023-07-21T04:00:00Z,92.955,93.2,91.56,92.15,178541
2023-07-20T04:00:00Z,91.67,93.055,91.35,91.89,244170
2023-07-19T04:00:00Z,93.55,94.71,92.1,92.12,284376
2023-07-18T04:00:00Z,91.57,92.195,90.17,91.19,468443
2023-07-17T04:00:00Z,92.3,93.545,91.07,93.42,379136
2023-07-14T04:00:00Z,95.165,96.08,94.28,94.57,332429
2023-07-13T04:00:00Z,95.09,97,94.69,96.605,367894
2023-07-12T04:00:00Z,94.155,95.015,92.57,94.05,378358
2023-07-11T04:00:00Z,91.03,92.31,89.01,91.8,366333
2023-07-10T04:00:00Z,90.02,92.025,89.62,90.55,578098
2023-07-07T04:00:00Z,86.78,91.555,86.695,90.58,799419
2023-07-06T04:00:00Z,83,83.95,82.68,83.815,253984
2023-07-05T04:00:00Z,83.79,84.685,82.85,84.3,186896
2023-07-03T04:00:00Z,84.92,85.62,84.005,84.12,230435
2023-06-30T04:00:00Z,83.29,84.22,83.035,83.31,173894
2023-06-29T04:00:00Z,83.405,83.98,83.015,83.56,213152
2023-06-28T04:00:00Z,85.68,85.695,84.38,84.575,210700
2023-06-27T04:00:00Z,86.925,87.595,86.735,87.105,372140
2023-06-26T04:00:00Z,85.21,86.68,85.21,85.47,188406
2023-06-23T04:00:00Z,85.66,85.81,84.4,84.895,229890
2023-06-22T04:00:00Z,86.63,87.285,85.35,86.895,93073
2023-06-21T04:00:00Z,87.34,89.14,86.63,86.78,230333
2023-06-20T04:00:00Z,89.75,89.97,87.32,87.96,374613
2023-06-16T04:00:00Z,93.97,94.18,91.56,92.085,684809
2023-06-15T04:00:00Z,91.49,92.72,90.71,92.19,334832
2023-06-14T04:00:00Z,88.22,90.095,87.79,89.355,362080
2023-06-13T04:00:00Z,87.99,89.22,87.27,87.52,266371
2023-06-12T04:00:00Z,85.885,87.29,85.66,85.87,198825
2023-06-09T04:00:00Z,86.12,86.83,85.08,85.515,166687
2023-06-08T04:00:00Z,85.28,86.945,85.26,86.14,222506
2023-06-07T04:00:00Z,85.67,86.93,85.1,85.3,214072
2023-06-06T04:00:00Z,83.54,87.055,83.42,86.69,386655
2023-06-05T04:00:00Z,83.77,84.51,83.305,84.375,130497
2023-06-02T04:00:00Z,85.15,85.985,84.145,84.25,280734
2023-06-01T04:00:00Z,79.42,83.995,79.42,82.985,334174
2023-05-31T04:00:00Z,79.57,79.645,77.78,79.58,306903
2023-05-30T04:00:00Z,80.105,80.63,78.18,78.68,315232
2023-05-26T04:00:00Z,79.85,81.555,78.42,80.995,271423
2023-05-25T04:00:00Z,80.35,80.7,78.12,78.77,549739
2023-05-24T04:00:00Z,82.14,82.6,80.895,81.22,300142
2023-05-23T04:00:00Z,84.16,84.935,82.71,82.9,309551
2023-05-22T04:00:00Z,85.69,87.455,85.69,86.1,268031
2023-05-19T04:00:00Z,83.7,85.2,83.5,84.005,400443
2023-05-18T04:00:00Z,90.4,90.86,85.05,85.75,1355101
2023-05-17T04:00:00Z,88.42,91.415,88.01,90.7,517597
2023-05-16T04:00:00Z,87.06,89.365,87.06,88.75,423884
2023-05-15T04:00:00Z,87.15,88.385,85.91,88.29,330568
2023-05-12T04:00:00Z,86.605,86.71,84.8,85.3,387422
2023-05-11T04:00:00Z,85.28,88.47,84.82,87.86,500440
2023-05-10T04:00:00Z,82.13,84.47,81.89,82.965,279218
2023-05-09T04:00:00Z,80.545,82.66,80.24,82.235,281593
2023-05-08T04:00:00Z,83.44,83.5,82.345,83.29,271101
2023-05-05T04:00:00Z,82.81,83.355,82.04,83.2,257901
2023-05-04T04:00:00Z,82.52,83.12,81.8,82.465,317572
2023-05-03T04:00:00Z,81.305,81.99,80.5,81.48,263606
2023-05-02T04:00:00Z,83.15,83.255,80.685,81.52,366681
2023-05-01T04:00:00Z,84.15,85.255,83.805,84.16,142778
2023-04-28T04:00:00Z,84.38,85.05,83.88,84.68,219135
2023-04-27T04:00:00Z,82.93,84.62,82.65,84.5,377576
2023-04-26T04:00:00Z,85.1,85.12,82.76,82.83,459588
2023-04-25T04:00:00Z,85.255,85.56,82.22,82.885,931681
2023-04-24T04:00:00Z,88.32,88.46,86.055,86.89,416164
2023-04-21T04:00:00Z,89.82,90.17,88.305,89.17,417726
2023-04-20T04:00:00Z,93.225,93.76,90.055,90.77,451382
2023-04-19T04:00:00Z,94.51,94.82,92.965,93.49,255498
2023-04-18T04:00:00Z,99.02,99.03,95.185,95.49,323050
2023-04-17T04:00:00Z,96.75,97.22,95.49,96.42,317750
2023-04-14T04:00:00Z,95.61,96.05,93.86,94.53,276712
2023-04-13T04:00:00Z,95.95,97.13,95.11,96.17,487653
2023-04-12T04:00:00Z,97.955,98.81,93.585,93.84,682255
2023-04-11T04:00:00Z,102.33,102.53,99.23,99.78,388397
2023-04-10T04:00:00Z,100.73,102.82,100.65,101.53,582271
2023-04-06T04:00:00Z,98.92,103.23,98.34,102.72,368859
2023-04-05T04:00:00Z,99.19,100.43,97.66,98.52,295949
2023-04-04T04:00:00Z,98.6,101.455,97.27,100.72,543886
2023-04-03T04:00:00Z,100.93,101.725,97.62,98.34,678189
2023-03-31T04:00:00Z,102.86,103.59,101.14,102.15,715049
2023-03-30T04:00:00Z,101.365,105.05,100.55,103.37,1603916
2023-03-29T04:00:00Z,97.73,101.32,96.29,99.88,1556632
2023-03-28T04:00:00Z,95.37,99.5,92.06,98.4,3163913
2023-03-27T04:00:00Z,87.27,88.18,85.52,86.135,659330
2023-03-24T04:00:00Z,85.835,88.07,85.645,86.9,595006
2023-03-23T04:00:00Z,87.63,88.38,85.275,86.515,937872
2023-03-22T04:00:00Z,84.93,85.39,83.525,83.655,788004
2023-03-21T04:00:00Z,82.49,84.075,82.02,83.695,731165
2023-03-20T04:00:00Z,80.14,81.885,79.48,81.005,590131
2023-03-17T04:00:00Z,83.99,84.13,80.625,81.72,889206
2023-03-16T04:00:00Z,81.46,82.48,80.67,82.235,573869
2023-03-15T04:00:00Z,81.52,82.51,80.16,81.55,562426
2023-03-14T04:00:00Z,82.79,83.91,82.2,83.81,430358
2023-03-13T04:00:00Z,82.9,83.74,81.99,82.88,400726
2023-03-10T05:00:00Z,82.63,84.48,82.38,82.95,634852
2023-03-09T05:00:00Z,85.19,85.67,82.88,83.37,1057241
2023-03-08T05:00:00Z,87.28,87.6,86.46,86.96,314549
2023-03-07T05:00:00Z,89.52,90,88.22,88.75,290926
2023-03-06T05:00:00Z,89.76,91.28,88.07,89.605,369355
2023-03-03T05:00:00Z,90.09,90.42,88.41,89.73,696967
2023-03-02T05:00:00Z,89,90.89,87.99,89.76,626972
2023-03-01T05:00:00Z,92.84,92.87,89.75,89.97,902313
2023-02-28T05:00:00Z,88.71,89.31,87.315,87.81,581441
2023-02-27T05:00:00Z,90.845,91.19,88.91,89.255,518627
2023-02-24T05:00:00Z,90.02,91.66,88.03,88.99,954934
2023-02-23T05:00:00Z,100.07,100.47,92.15,94.19,1141573
2023-02-22T05:00:00Z,95.53,95.865,93.6,94.82,597227
2023-02-21T05:00:00Z,96.485,97.585,94.72,95.09,794199
2023-02-17T05:00:00Z,101.08,101.085,99.255,100.04,409720
2023-02-16T05:00:00Z,102.88,104.515,102.04,103.13,431747
2023-02-15T05:00:00Z,102.46,103.41,102,103.1,357329
2023-02-14T05:00:00Z,103.55,104.48,101.86,104.24,255278
2023-02-13T05:00:00Z,105.94,106.35,104.15,104.825,371276
2023-02-10T05:00:00Z,105.76,106.57,102.81,103.66,513224
2023-02-09T05:00:00Z,108.67,109.8,107.76,108.46,429488
2023-02-08T05:00:00Z,106.71,107.08,103.56,105.13,532071
2023-02-07T05:00:00Z,106.62,107.34,103.73,105.48,601817
2023-02-06T05:00:00Z,103.85,106.245,103.29,105.44,324695
2023-02-03T05:00:00Z,108.02,109.49,105.83,106.25,784108
2023-02-02T05:00:00Z,112.34,112.34,107.83,109.75,854745
2023-02-01T05:00:00Z,111.86,113.94,110.165,112.82,363048
2023-01-31T05:00:00Z,109.39,111.94,108.835,110.21,466846
2023-01-30T05:00:00Z,111.86,113.15,109.81,111.2,653065
2023-01-27T05:00:00Z,119.69,119.7,116.81,118.34,473181
2023-01-26T05:00:00Z,120.99,121.27,118.77,120.59,230144
2023-01-25T05:00:00Z,118.77,120.3,117.54,120.27,232820
2023-01-24T05:00:00Z,118.7,119.94,118.13,119.41,171146
2023-01-23T05:00:00Z,120.02,120.23,118.255,119.53,344404
2023-01-20T05:00:00Z,118.4,120,117.885,119.87,509411
2023-01-19T05:00:00Z,114.015,117,114.015,116.56,600028
2023-01-18T05:00:00Z,116.65,116.69,113.04,113.25,513943
2023-01-17T05:00:00Z,115.58,117,114.36,115.19,508296
2023-01-13T05:00:00Z,114.63,117.92,114.095,117.01,907351
2023-01-12T05:00:00Z,113.75,113.79,111.46,113.14,455485
2023-01-11T05:00:00Z,114.56,115.19,112.31,114.98,672741
2023-01-10T05:00:00Z,112.67,115.48,111.21,114.92,846967
2023-01-09T05:00:00Z,111.99,113.06,108.18,110.83,1188400
2023-01-06T05:00:00Z,104,107.995,102.48,107.46,410937
2023-01-05T05:00:00Z,101.265,105.69,100.66,104.65,551903
2023-01-04T05:00:00Z,98.84,104.5,96.985,104,1658666
2023-01-03T05:00:00Z,91.04,94.45,90.79,91.96,759651
2022-12-30T05:00:00Z,87.52,89.39,87.435,88.07,239330
2022-12-29T05:00:00Z,87.61,89.5,87.13,89.11,266029
2022-12-28T05:00:00Z,89.04,89.975,86.49,87.19,424934
2022-12-27T05:00:00Z,86.45,90.68,86.23,89.87,470508
2022-12-23T05:00:00Z,87.85,88.61,85.54,85.67,266696
2022-12-22T05:00:00Z,88.9,89.68,86.68,87.93,380843
2022-12-21T05:00:00Z,85.98,88.37,85.495,87.76,555020
2022-12-20T05:00:00Z,85.04,87.18,85.04,85.91,225157
2022-12-19T05:00:00Z,89.71,89.77,86.535,87.18,497824
2022-12-16T05:00:00Z,88.88,90.515,86.61,86.76,640301
2022-12-15T05:00:00Z,93.13,94.01,86.06,86.29,716569
2022-12-14T05:00:00Z,90.86,91.225,89.53,91,454559
2022-12-13T05:00:00Z,93.56,94.95,90.33,91.41,489113
2022-12-12T05:00:00Z,90.08,90.84,87.75,89.5,288765
2022-12-09T05:00:00Z,93.3,93.72,91.225,91.42,482077
2022-12-08T05:00:00Z,91.86,94.325,91.11,94.17,769342
2022-12-07T05:00:00Z,87.06,89.25,86.65,88.38,489682
2022-12-06T05:00:00Z,91.935,92.56,89.22,91.4,421957
2022-12-05T05:00:00Z,92.81,92.81,89.66,90.47,560190
2022-12-02T05:00:00Z,86.09,91.82,86.06,89.96,875457
2022-12-01T05:00:00Z,84.48,87.57,84.38,85.92,604069
2022-11-30T05:00:00Z,82.76,89.58,82.26,87.53,1589621
2022-11-29T05:00:00Z,80.01,80.85,79.47,79.8,684313
2022-11-28T05:00:00Z,74.89,77.41,74.7,75.83,394268
2022-11-25T05:00:00Z,75.455,76.035,74.95,75.49,340671
2022-11-23T05:00:00Z,78.3,78.83,76.855,78.44,436543
2022-11-22T05:00:00Z,75.39,76.79,74.59,76.02,574214
2022-11-21T05:00:00Z,78.8,79.06,76.48,76.94,502487
2022-11-18T05:00:00Z,82.02,82.475,79.89,80.51,786938
2022-11-17T05:00:00Z,76.13,85.66,76.13,84.34,1401618
2022-11-16T05:00:00Z,80.29,80.42,77.44,78.18,1021623
2022-11-15T05:00:00Z,78.915,80.35,77.83,79.4,2274894
2022-11-14T05:00:00Z,73.08,74,71.33,71.34,1082703
2022-11-11T05:00:00Z,72.23,72.69,69.32,70.78,1246555
2022-11-10T05:00:00Z,68.12,69.98,68.01,69.81,1027716
2022-11-09T05:00:00Z,66.44,66.78,64.8,64.85,588475
2022-11-08T05:00:00Z,67.43,68.92,66.32,68.16,595639
2022-11-07T05:00:00Z,71.37,71.83,68.675,69.76,747340
2022-11-04T04:00:00Z,70.92,71.63,67.46,69.85,1781888
2022-11-03T04:00:00Z,63.42,66.87,63.42,65.18,667914
2022-11-02T04:00:00Z,66.53,67.65,64.33,64.67,870029
2022-11-01T04:00:00Z,68.02,68.45,65.65,65.86,805606
2022-10-31T04:00:00Z,63.46,64.745,63.22,63.595,406069
2022-10-28T04:00:00Z,63.21,64.06,61.865,63.75,749312
2022-10-27T04:00:00Z,65.46,67.87,65.46,65.89,517507
2022-10-26T04:00:00Z,63.34,69.79,62.92,68.54,1232709
2022-10-25T04:00:00Z,65.09,66.145,61.26,63.23,1172729
2022-10-24T04:00:00Z,63.45,64.1,58.03,63.11,2144720
2022-10-21T04:00:00Z,71.115,72.71,69.53,72.19,506658
2022-10-20T04:00:00Z,71.65,74.925,71.65,72.025,520914
2022-10-19T04:00:00Z,73.39,74.3,70.525,71.3,822078
2022-10-18T04:00:00Z,78.195,78.64,75.08,76.35,278115
2022-10-17T04:00:00Z,75.425,77.86,75.17,76.78,517236
2022-10-14T04:00:00Z,76.11,76.11,73.015,73.04,396487
2022-10-13T04:00:00Z,72.14,75.7,71.44,74.96,492605
2022-10-12T04:00:00Z,74.73,76.635,74.045,75.72,391494
2022-10-11T04:00:00Z,77.32,77.63,74.16,75.4,655350
2022-10-10T04:00:00Z,79.62,79.62,77.7,79.14,509618
2022-10-07T04:00:00Z,82.625,83.69,80.76,81.265,329249
2022-10-06T04:00:00Z,84.065,85.23,83.55,84.28,297208
2022-10-05T04:00:00Z,84.075,86.22,83.27,84.355,325738
2022-10-04T04:00:00Z,82.91,85.03,82.66,84.1,558872
2022-10-03T04:00:00Z,79.39,80.915,78.09,80.375,341074
2022-09-30T04:00:00Z,78.71,81.76,78.71,80.05,513171
2022-09-29T04:00:00Z,78.1,79.18,76.74,79.05,513544
2022-09-28T04:00:00Z,76.5,81.46,76.385,81.02,576087
2022-09-27T04:00:00Z,79.47,80.4,77.11,77.99,416567
2022-09-26T04:00:00Z,80,80.98,78.78,78.93,403474
2022-09-23T04:00:00Z,79.16,79.73,77.6,78.81,644850
2022-09-22T04:00:00Z,82.66,83.24,80.175,80.79,415806
2022-09-21T04:00:00Z,84.955,85.12,81.51,81.61,663286
2022-09-20T04:00:00Z,87.9,88.68,85.015,85.82,452478
2022-09-19T04:00:00Z,85.19,87.76,85.08,87.67,288256
2022-09-16T04:00:00Z,87.7,88.03,85.44,86.33,583337
2022-09-15T04:00:00Z,88.34,91.095,88.25,88.835,238592
2022-09-14T04:00:00Z,89.34,89.73,88.18,88.88,235916
2022-09-13T04:00:00Z,90.76,92.18,89.23,89.44,434079
2022-09-12T04:00:00Z,92.24,94.84,91.95,94.74,407306
2022-09-09T04:00:00Z,91.22,92.88,91.02,92.09,307747
2022-09-08T04:00:00Z,88.48,90.17,88.34,89.5,201549
2022-09-07T04:00:00Z,88.47,90.85,87.77,90.595,235292
2022-09-06T04:00:00Z,89.32,89.47,87.82,88.47,512865
2022-09-02T04:00:00Z,91.48,93.64,90.79,91.81,281273
2022-09-01T04:00:00Z,92.75,94.5,91.68,93.72,405715
2022-08-31T04:00:00Z,96.7,98.6,94.98,95.53,346749
2022-08-30T04:00:00Z,95.8,96.81,92.62,93.87,421732
2022-08-29T04:00:00Z,99.03,100.89,96.49,96.56,406715
2022-08-26T04:00:00Z,104.77,104.85,97.62,98.05,895173
2022-08-25T04:00:00Z,96.38,101,95.035,99.915,1077604
2022-08-24T04:00:00Z,87.9,94.135,87.55,92.56,892940
2022-08-23T04:00:00Z,89.33,90.18,86.73,89.82,252035
2022-08-22T04:00:00Z,89.58,90.78,89.3,90.06,281049
2022-08-19T04:00:00Z,90.22,91.61,89.2,89.61,216883
2022-08-18T04:00:00Z,89.77,91.87,88.545,90.64,509372
2022-08-17T04:00:00Z,91.86,92.35,89.76,89.76,428006
2022-08-16T04:00:00Z,92.52,93.56,91.41,92.64,284609
2022-08-15T04:00:00Z,93.1,94.55,92.41,94.16,231296
2022-08-12T04:00:00Z,91.53,94.8,91.53,94.77,449538
2022-08-11T04:00:00Z,94.56,97.69,93.665,94.815,473132
2022-08-10T04:00:00Z,91.26,92.9,88.59,92.44,569039
2022-08-09T04:00:00Z,91.12,93.04,90.645,91.14,609032
2022-08-08T04:00:00Z,91.38,92.72,90.4,90.79,573129
2022-08-05T04:00:00Z,93.13,93.87,90.74,92.59,1054620
2022-08-04T04:00:00Z,101.07,102.99,95.13,97.53,982889
2022-08-03T04:00:00Z,92.03,96.29,91.01,95.75,610986
2022-08-02T04:00:00Z,88.22,94.86,88.22,92.66,1099451
2022-08-01T04:00:00Z,89,90.535,88,90.375,1346905
2022-07-29T04:00:00Z,94.15,94.15,89.15,89.42,1657055
2022-07-28T04:00:00Z,101.75,102.59,95.62,100.52,748295
2022-07-27T04:00:00Z,102.39,102.97,99.82,102.795,454824
2022-07-26T04:00:00Z,104.2,105.22,100.82,101.46,753385
2022-07-25T04:00:00Z,100.68,101.25,98.77,101.1,312714
2022-07-22T04:00:00Z,104.22,104.69,99.7,100.61,698872
2022-07-21T04:00:00Z,104.59,106.59,103.7,105.15,375947
2022-07-20T04:00:00Z,106.4,107.15,102.88,103.965,481998
2022-07-19T04:00:00Z,104.12,104.82,101.58,104.74,392618
2022-07-18T04:00:00Z,105.89,106.945,102.96,103.26,629679
2022-07-15T04:00:00Z,103.37,103.61,97.86,102.425,1161937
2022-07-14T04:00:00Z,107.8,108.435,100.75,103.755,1023413
2022-07-13T04:00:00Z,107.02,110.6,107.02,109.16,485938
2022-07-12T04:00:00Z,110.85,110.86,107.07,109.225,665025
2022-07-11T04:00:00Z,115.58,115.58,109.33,109.61,745008
2022-07-08T04:00:00Z,122.23,125.83,120.72,121.05,597723
2022-07-07T04:00:00Z,120.63,124.98,120.63,122.34,702479
2022-07-06T04:00:00Z,119.5,119.99,115.51,119.34,495950
2022-07-05T04:00:00Z,114.58,120.525,112.27,120.39,587529
2022-07-01T04:00:00Z,113.77,116.58,112.95,115.99,457348
2022-06-30T04:00:00Z,113.77,114.6,111.38,113.72,415953
2022-06-29T04:00:00Z,115.82,116.97,113.71,116.03,584448
2022-06-28T04:00:00Z,118.99,120.92,116.51,116.79,618418
2022-06-27T04:00:00Z,119.93,121.37,117.89,118.76,620836
2022-06-24T04:00:00Z,115.3,118.09,114.36,117.63,733864
2022-06-23T04:00:00Z,109.87,113.08,108.11,112.15,793311
2022-06-22T04:00:00Z,104.23,107.1,103.09,105.26,711316
2022-06-21T04:00:00Z,105.4,107.05,103.9,106.5,1115679
2022-06-17T04:00:00Z,112.54,112.73,101.37,102.445,2582770
2022-06-16T04:00:00Z,102.5,104.83,100.52,101.45,757024
2022-06-15T04:00:00Z,106.81,108.51,104.4,108.08,625313
2022-06-14T04:00:00Z,101.95,106.04,100.89,105.21,766797
2022-06-13T04:00:00Z,103.5,103.87,97.605,98.725,1565293
2022-06-10T04:00:00Z,113.31,114.56,108.25,109.855,2089816
2022-06-09T04:00:00Z,114.92,118.21,109.46,109.92,1596145
2022-06-08T04:00:00Z,108.5,121.03,107.87,119.62,2563991
2022-06-07T04:00:00Z,99.84,104.45,99.46,104.33,1879453
2022-06-06T04:00:00Z,99.64,102.35,97.93,99.02,1719233
2022-06-03T04:00:00Z,95.01,96,93.03,93.21,545245
2022-06-02T04:00:00Z,93.585,97.62,93.42,97.47,950241
2022-06-01T04:00:00Z,95.97,96.7,91.89,93.34,727301
2022-05-31T04:00:00Z,98.33,99.29,95.465,96.085,1628274
2022-05-27T04:00:00Z,92.31,94.47,90.37,93.44,1330571
2022-05-26T04:00:00Z,87.435,95.07,86.73,94.43,2965018
2022-05-25T04:00:00Z,83.88,84.01,81.07,82.34,666951
2022-05-24T04:00:00Z,84.93,85.07,81.55,82.42,360983
2022-05-23T04:00:00Z,87.06,87.38,84.82,87.26,281858
2022-05-20T04:00:00Z,88.7,90.05,84.73,86.785,347424
2022-05-19T04:00:00Z,86.42,90.08,85.76,87.71,497513
2022-05-18T04:00:00Z,90,91.59,87.005,87.34,392065
2022-05-17T04:00:00Z,92.72,94.45,89.6,91.99,861625
2022-05-16T04:00:00Z,87.62,89.06,86.35,86.525,337229
2022-05-13T04:00:00Z,82.13,88.29,82.13,87.915,472657
2022-05-12T04:00:00Z,80.85,83.1,78.04,81.16,511743
2022-05-11T04:00:00Z,85.65,87.44,81.495,81.81,818800
2022-05-10T04:00:00Z,88.14,88.295,83.55,84.6,636490
2022-05-09T04:00:00Z,87.27,88.57,84.44,84.88,631849
2022-05-06T04:00:00Z,93.6,93.82,88.77,89.99,396206
2022-05-05T04:00:00Z,97.71,98.42,94.1,94.645,490126
2022-05-04T04:00:00Z,97.6,101.56,96.81,101.43,390601
2022-05-03T04:00:00Z,99.87,102.64,99.44,100.39,478998
2022-05-02T04:00:00Z,96.26,101.315,95.2,101.19,708171
2022-04-29T04:00:00Z,101.48,103.51,96.7,97.14,1500286
2022-04-28T04:00:00Z,88.32,90.95,86.94,90.9,546773
2022-04-27T04:00:00Z,85.23,89.33,84.89,88.31,769120
2022-04-26T04:00:00Z,85.96,86.21,83.3,84.02,491652
2022-04-25T04:00:00Z,82.68,86.11,81.86,85.845,473685
2022-04-22T04:00:00Z,86.39,90.64,86.39,86.49,566024
2022-04-21T04:00:00Z,89.305,89.98,85.43,86.05,535716
2022-04-20T04:00:00Z,93.48,93.7,89.28,89.435,409726
2022-04-19T04:00:00Z,92.24,93.945,90.96,93.53,755725
2022-04-18T04:00:00Z,93.82,95.25,91.84,94.7,442876
2022-04-14T04:00:00Z,97.33,99.26,95.33,95.46,442048
2022-04-13T04:00:00Z,99.24,101.3,98.27,100.1,434392
2022-04-12T04:00:00Z,101.17,102.3,99.4,99.73,456502
2022-04-11T04:00:00Z,101,103.89,99.22,101.51,501425
2022-04-08T04:00:00Z,104.485,106.44,103.33,103.505,438762
2022-04-07T04:00:00Z,106.57,107.47,102.61,104.29,652426
2022-04-06T04:00:00Z,109.09,109.37,106.18,107.65,485553
2022-04-05T04:00:00Z,114.95,115,110.24,111.06,746962
2022-04-04T04:00:00Z,115.64,118.21,113.41,117.495,725303
2022-04-01T04:00:00Z,117.71,118.91,109.805,110.17,1181946
2022-03-31T04:00:00Z,115.09,115.09,108.75,108.81,868526
2022-03-30T04:00:00Z,116.01,120.08,115.58,116.52,516420
2022-03-29T04:00:00Z,118.36,119.6,115.77,116.68,514603
2022-03-28T04:00:00Z,113.43,116.14,112.13,115.05,406095
2022-03-25T04:00:00Z,110.61,113.85,109.42,112.96,772197
2022-03-24T04:00:00Z,112.87,116.435,110.86,115.165,1066414
2022-03-23T04:00:00Z,115.69,124.08,112.72,117.24,1451736
2022-03-22T04:00:00Z,113.915,118.24,112.43,114.98,1561216
2022-03-21T04:00:00Z,102.81,105.65,98.7,103.59,957772
2022-03-18T04:00:00Z,100.38,111.72,99.66,108.39,1630723
2022-03-17T04:00:00Z,99.14,101.88,95.79,100.38,2054223
2022-03-16T04:00:00Z,92,105.74,87.16,104.94,4428840
2022-03-15T04:00:00Z,75.2,80.13,73.31,76.805,4256106
2022-03-14T04:00:00Z,80.59,82.43,77.085,77.73,3246605
2022-03-11T05:00:00Z,93.25,93.87,86.68,86.71,1884692
2022-03-10T05:00:00Z,95.66,95.66,90.85,92.89,1783315
2022-03-09T05:00:00Z,100.52,100.97,98.365,100.915,1100210
2022-03-07T05:00:00Z,99.74,103.3,98.61,98.7,812536
2022-03-04T05:00:00Z,100.4,104.38,99.33,100.62,847801
2022-03-03T05:00:00Z,106.18,106.625,101.08,102.06,703632
2022-03-02T05:00:00Z,107.05,107.17,103.29,105.45,600289
2022-03-01T05:00:00Z,106.01,111.245,106.01,107.08,722845
2022-02-28T05:00:00Z,105.99,107.48,103.67,105.185,873510
2022-02-25T05:00:00Z,107.92,108.42,104,108,562074
2022-02-24T05:00:00Z,100.25,108.93,100.03,108.93,990214
2022-02-23T05:00:00Z,114.43,115.36,109.6,109.76,733180
2022-02-22T05:00:00Z,114.065,114.75,112.08,112.98,643559
2022-02-18T05:00:00Z,120.285,120.49,117.2,119.01,523145
2022-02-17T05:00:00Z,124.95,129.39,124.08,124.44,358812
2022-02-16T05:00:00Z,125.68,127.53,124.69,125.6,268906
2022-02-15T05:00:00Z,123.59,126.805,123.4,126.25,340468
2022-02-14T05:00:00Z,120.65,122.31,119.46,121.94,308631
2022-02-11T05:00:00Z,125.27,126.67,121.97,122.28,335153
2022-02-10T05:00:00Z,124.11,128.325,123.48,124,636171
2022-02-09T05:00:00Z,123.02,126.725,121.99,126.49,552430
2022-02-08T05:00:00Z,118.475,122.18,117.04,121.895,699290
2022-02-07T05:00:00Z,116.04,116.51,113.615,114.78,666031
2022-02-04T05:00:00Z,121.84,123.9,119.705,122.23,434062
2022-02-03T05:00:00Z,121.92,125.21,120.94,123.41,527521
2022-02-02T05:00:00Z,127.31,127.32,121.3,122.87,502295
2022-02-01T05:00:00Z,124.41,127.94,123.06,127.205,550202
2022-01-31T05:00:00Z,118.19,125.86,117.64,125.81,820476
2022-01-28T05:00:00Z,113.4,115.26,110.08,115.23,416044
2022-01-27T05:00:00Z,112.99,114.5,110.28,111.78,634743
2022-01-26T05:00:00Z,120.54,120.79,113,113.3,891462
2022-01-25T05:00:00Z,119.64,122.33,118.08,119.15,963881
2022-01-24T05:00:00Z,119.6,120.17,116.31,119.29,314229
2022-01-21T05:00:00Z,128.26,128.86,122.54,123.26,859009
2022-01-20T05:00:00Z,135.9,136.75,130.68,131.05,1112500
2022-01-19T05:00:00Z,127.85,130.84,127.18,127.755,322631
2022-01-18T05:00:00Z,126.2,132.11,124.85,128.57,700422
2022-01-14T05:00:00Z,132.895,134.3,129.465,131.59,362921
2022-01-13T05:00:00Z,135.19,135.19,131.3,131.39,522621
2022-01-12T05:00:00Z,136.02,138.63,135.585,137.52,667784
2022-01-11T05:00:00Z,129.3,134.23,127.52,132.2,449199
2022-01-10T05:00:00Z,131.99,132.57,126.26,128.35,508393
2022-01-07T05:00:00Z,130.15,133.8,128.21,129.79,893176
2022-01-06T05:00:00Z,124.26,128.37,123.52,126.69,694245
2022-01-05T05:00:00Z,118.09,126.585,117.86,121.21,767750
2022-01-04T05:00:00Z,119.395,120.84,115.78,119.6,431943
2022-01-03T05:00:00Z,119.27,121.935,115.83,120.4,442014
2021-12-31T05:00:00Z,121.26,122.87,118.6,118.79,589196
2021-12-30T05:00:00Z,112.73,124.26,112.44,122.99,657009
2021-12-29T05:00:00Z,113.535,114.18,110.42,112.05,516189
2021-12-28T05:00:00Z,116.27,116.32,114.48,114.785,298873
2021-12-27T05:00:00Z,117.76,121.74,116.12,116.57,542589
2021-12-23T05:00:00Z,117.03,119.565,115.4,118.72,876517
2021-12-22T05:00:00Z,117.28,118.64,115.22,117.8,724195
2021-12-21T05:00:00Z,116.85,122.965,116.85,122.965,756525
2021-12-20T05:00:00Z,118.51,118.65,113.7,115.01,661472
2021-12-17T05:00:00Z,119.44,122.78,117.94,122.26,564303
2021-12-16T05:00:00Z,122.74,125.67,118.92,120.38,791317
2021-12-15T05:00:00Z,122.63,123.58,117.81,122.48,1035017
2021-12-14T05:00:00Z,120.9,127.64,120.43,126.565,628071
2021-12-13T05:00:00Z,122.97,123.17,119.78,122.34,568410
2021-12-10T05:00:00Z,123.32,125.2,122.785,125.01,964771
2021-12-09T05:00:00Z,124.4,127.39,123.225,123.93,1170927
2021-12-08T05:00:00Z,123.49,126.935,121.38,125.07,1223350
2021-12-07T05:00:00Z,129.06,129.06,123.55,125.56,2811845
2021-12-06T05:00:00Z,113.5,123.815,113.46,123.595,2585307
2021-12-03T05:00:00Z,117.75,118.09,108.74,111.87,2237021
2021-12-02T05:00:00Z,123.25,124.97,119.41,122.02,1790246
2021-12-01T05:00:00Z,128.31,129.11,121.93,122.4,1105740
2021-11-30T05:00:00Z,129.88,131.29,126.14,127.46,1295101
2021-11-29T05:00:00Z,134.11,134.55,130.62,131.61,850395
2021-11-26T05:00:00Z,132.01,133.97,131.24,133.475,437686
2021-11-24T05:00:00Z,133.1,136.745,131.25,136.525,1241227
2021-11-23T05:00:00Z,136.29,136.83,133.31,133.65,1120926
2021-11-22T05:00:00Z,139.99,140.7,135.23,136.64,1539901
2021-11-19T05:00:00Z,143.035,145,140,140.34,1123740
2021-11-18T05:00:00Z,147.05,148.47,141.905,143.65,2675070
2021-11-17T05:00:00Z,168.02,168.03,161.135,161.59,858449
2021-11-16T05:00:00Z,168.32,169.89,166.7,168.42,420639
2021-11-15T05:00:00Z,167.22,168.185,165.71,166.59,305385
2021-11-12T05:00:00Z,165.4,167.72,163.44,166.84,464982
2021-11-11T05:00:00Z,166.56,169.59,166.56,167.84,880096
2021-11-10T05:00:00Z,163.69,166.48,161.93,163.96,929302
2021-11-09T05:00:00Z,162.15,164.42,159.61,160.25,626547
2021-11-08T05:00:00Z,161.6,162.1,159.52,162.1,1055353
2021-11-05T04:00:00Z,164.72,164.72,158.35,158.725,754129
2021-11-04T04:00:00Z,168.99,169.92,164.5,164.81,911618
2021-11-03T04:00:00Z,165.33,166.61,163.6,166.29,760735
2021-11-02T04:00:00Z,166.45,166.53,162.8,162.95,944446
2021-11-01T04:00:00Z,165.8,171.89,165.8,170.14,883383
2021-10-29T04:00:00Z,167.07,168.52,162.82,164.9,553782
2021-10-28T04:00:00Z,168.54,170.32,166.84,169.78,334970
2021-10-27T04:00:00Z,167.51,172.4,167.41,169.27,643136
2021-10-26T04:00:00Z,174.4,174.83,167.6,170.05,464125
2021-10-22T04:00:00Z,179.12,182.09,175.92,177.74,488278
2021-10-21T04:00:00Z,177.1,179.75,176.73,177.48,381632
2021-10-20T04:00:00Z,180.95,182.03,176.15,177.28,659691
2021-10-19T04:00:00Z,170.81,177.41,170.45,177,1199473
2021-10-18T04:00:00Z,166.8,169.24,166.71,166.815,321214
2021-10-15T04:00:00Z,166.99,169.79,165.53,167.98,504203
2021-10-14T04:00:00Z,168.27,168.98,164.46,166.78,402879
2021-10-13T04:00:00Z,164.52,168.25,163.66,167.37,608260
2021-10-12T04:00:00Z,163.28,165.64,162.25,162.95,698419
2021-10-11T04:00:00Z,169.61,169.78,163.98,163.98,940627
2021-10-08T04:00:00Z,159.86,162.76,157.91,161.555,686054
2021-10-07T04:00:00Z,151.22,158.28,150.785,156.025,1075434
2021-10-06T04:00:00Z,140.6,144.88,140,144.09,442895
2021-10-05T04:00:00Z,139.435,143.82,139.285,143.12,307626
2021-10-04T04:00:00Z,141.58,141.82,138.43,139.54,713724
2021-10-01T04:00:00Z,147,148.42,143.35,144.18,471928
2021-09-30T04:00:00Z,146.99,149.54,146.865,148.03,430559
2021-09-29T04:00:00Z,150.5,152.06,147.525,147.55,353936
2021-09-28T04:00:00Z,152.14,153.71,148.91,152.405,664134
2021-09-27T04:00:00Z,145.035,150.97,144.53,150.12,1030806
2021-09-24T04:00:00Z,147.58,147.96,144.58,145.12,797011
2021-09-23T04:00:00Z,152.15,152.44,149.62,151.12,909660
2021-09-22T04:00:00Z,151.73,153.91,151.06,151.84,664877
2021-09-21T04:00:00Z,151.8,152.5,149.59,150.155,699033
2021-09-20T04:00:00Z,154.25,155.12,149.13,151.48,938447
2021-09-17T04:00:00Z,158.48,160.37,158.09,160,485829
2021-09-16T04:00:00Z,154.92,157.63,153.67,156.28,629802
2021-09-15T04:00:00Z,157.93,158,153.93,157.85,1055503
2021-09-14T04:00:00Z,162.81,163.05,159.48,160.1,512757
2021-09-13T04:00:00Z,164.25,166.86,163.05,165.41,458970
2021-09-10T04:00:00Z,171.24,171.64,167.63,168.1,477833
2021-09-09T04:00:00Z,167.14,169.03,165.65,167.36,453390
2021-09-08T04:00:00Z,173.74,174.32,169.3,170.705,579837
2021-09-07T04:00:00Z,174.01,176.81,173.46,174.99,740998
2021-09-03T04:00:00Z,169.58,172.02,169.01,170.28,320532
2021-09-02T04:00:00Z,177.74,177.97,171.68,171.93,675882
2021-09-01T04:00:00Z,169.62,174.79,169.37,173.215,683603
2021-08-31T04:00:00Z,167.77,168.91,166.165,167.17,587479
2021-08-30T04:00:00Z,160.02,163.25,158.28,162.28,747741
2021-08-27T04:00:00Z,159.99,161.71,158.59,159.47,853605
2021-08-26T04:00:00Z,167.5,168.4,164.89,165.17,455764
2021-08-25T04:00:00Z,168.73,169.165,166.09,169.11,668111
2021-08-24T04:00:00Z,169.06,174.14,168.25,171.705,1432418
2021-08-23T04:00:00Z,159.28,161.25,152.88,161.09,1898750
2021-08-20T04:00:00Z,163.73,166.87,155.53,157.985,1440112
2021-08-19T04:00:00Z,166.42,167.21,159.53,160.55,1532135
2021-08-18T04:00:00Z,174.09,175.34,172.11,172.335,1221088
2021-08-17T04:00:00Z,175.92,177.84,173.15,173.71,1373403
2021-08-16T04:00:00Z,184.87,186.26,181.52,182.69,757278
2021-08-13T04:00:00Z,188.69,189.26,186.72,188.59,442036
2021-08-12T04:00:00Z,191.2,191.95,189.695,191.68,384557
2021-08-11T04:00:00Z,196.6,196.89,194.74,194.87,412334
2021-08-10T04:00:00Z,197.08,198.28,195.13,195.69,266767
2021-08-09T04:00:00Z,194.74,195.5,192.85,195.24,1210112
2021-08-06T04:00:00Z,199.3,199.3,195.69,196.42,328096
2021-08-05T04:00:00Z,198.67,200.27,197.72,199.265,216821
2021-08-04T04:00:00Z,197.38,203.24,197.38,200.64,592614
2021-08-03T04:00:00Z,195,197.41,192,197.325,551874
2021-08-02T04:00:00Z,196.45,202.025,196.31,200.03,534569
2021-07-30T04:00:00Z,190.85,195.99,190.825,195.185,470937
2021-07-29T04:00:00Z,201.045,201.12,194.95,197.54,588673
2021-07-28T04:00:00Z,190.24,197.99,189.8,196.035,966984
2021-07-27T04:00:00Z,183.55,186.85,179.74,186.07,1521436
2021-07-26T04:00:00Z,198.11,198.51,190.9,191.83,1886341
2021-07-23T04:00:00Z,205.95,206.88,203.57,206.625,803707
2021-07-22T04:00:00Z,212.74,216.35,212.72,213.95,282581
2021-07-21T04:00:00Z,209.305,211.53,208.53,211.1,259000
2021-07-20T04:00:00Z,209.05,211.47,207.62,210.59,329054
2021-07-19T04:00:00Z,206.34,209.08,203.26,208.94,555312
2021-07-16T04:00:00Z,214.59,214.59,211.48,212.08,338601
2021-07-15T04:00:00Z,215,216.58,213.21,214.76,531268
2021-07-14T04:00:00Z,215.11,216.345,211.04,211.32,567594
2021-07-13T04:00:00Z,209.235,212.76,208.205,209.52,470822
2021-07-12T04:00:00Z,203.52,206.45,203.16,205.48,324837
2021-07-09T04:00:00Z,202.02,207.23,201.56,205.89,472919
2021-07-08T04:00:00Z,201.7,202.23,198.27,199.89,1577716
2021-07-07T04:00:00Z,211.47,212.02,207.83,207.99,457446
2021-07-06T04:00:00Z,215.31,215.31,209.38,211.56,1130724
2021-07-02T04:00:00Z,218.86,218.98,216.48,217.78,403100
2021-07-01T04:00:00Z,228.07,228.82,221.55,221.83,438840
2021-06-30T04:00:00Z,226.9,227.9,225.7,226.82,326773
2021-06-29T04:00:00Z,226.7,229.58,225.66,229.39,369474
2021-06-28T04:00:00Z,229.25,230.88,226.755,228.595,396926
2021-06-25T04:00:00Z,221.41,230.075,221.17,228.61,607600
2021-06-24T04:00:00Z,216.89,219.56,215.58,218.34,346114
2021-06-23T04:00:00Z,213.99,216.32,213.26,214.905,422535
2021-06-22T04:00:00Z,210.275,211.66,209.885,211.37,351126
2021-06-21T04:00:00Z,210.19,211.78,209,211.02,305269
2021-06-18T04:00:00Z,211.97,213.8,210.61,212,308227
2021-06-17T04:00:00Z,209.9,212.48,209.81,211.635,394892
2021-06-16T04:00:00Z,209.67,211.58,208.32,209.34,402326
2021-06-15T04:00:00Z,214.34,214.34,209.66,210.12,327398
2021-06-14T04:00:00Z,212.36,215.14,212.36,213.97,463216
2021-06-11T04:00:00Z,213.16,213.36,211,211.6,401209
2021-06-10T04:00:00Z,213.22,214.75,212.21,213.055,410352
2021-06-09T04:00:00Z,215.15,216.48,213.34,213.34,257017
2021-06-08T04:00:00Z,216.91,218.21,214.77,215.83,331765
2021-06-07T04:00:00Z,217.94,218.13,215.69,216.91,289960
2021-06-04T04:00:00Z,218.02,219.07,217.2,218.99,250646
2021-06-03T04:00:00Z,218.1,218.66,216.31,217.14,410105
2021-06-02T04:00:00Z,219.35,219.93,217.51,219.55,395092
2021-06-01T04:00:00Z,223.02,223.13,218.275,219.49,665063
2021-05-28T04:00:00Z,212.76,214.51,212.13,213.97,194967
2021-05-27T04:00:00Z,213.78,215.395,212.6,212.74,363451
2021-05-26T04:00:00Z,212.23,213.74,211.55,211.75,322945
2021-05-25T04:00:00Z,212.85,214.015,211.01,211.23,380675
2021-05-24T04:00:00Z,209.86,212.01,208.74,210.19,356091
2021-05-21T04:00:00Z,215.455,215.455,209.87,211.05,529887
2021-05-20T04:00:00Z,212.995,217.62,212.72,216.86,501654
2021-05-19T04:00:00Z,210.98,212.9,210.13,212.55,442065
2021-05-18T04:00:00Z,212.57,215.16,211.43,213.74,528998
2021-05-17T04:00:00Z,210.42,213.13,209.49,211.2,482882
2021-05-14T04:00:00Z,209.96,210.89,206.05,209.43,1026930
2021-05-13T04:00:00Z,213.535,215.45,204.44,206.15,2444745
2021-05-12T04:00:00Z,224.74,225.03,219.01,220.085,527246
2021-05-11T04:00:00Z,213.93,221.38,213,221.37,563812
2021-05-10T04:00:00Z,222.17,222.17,218.59,219.515,699168
2021-05-07T04:00:00Z,227.65,228.78,225.06,225.26,385758
2021-05-06T04:00:00Z,227.03,228.43,222.93,226.41,441817
2021-05-05T04:00:00Z,228.21,229.24,226.74,226.74,396230
2021-05-04T04:00:00Z,230.12,231.43,225.48,227.9,536242
2021-05-03T04:00:00Z,231.3,236.15,230.42,230.775,420772
2021-04-30T04:00:00Z,231.96,233.84,230.58,230.85,287977
2021-04-29T04:00:00Z,237.7,238.01,232.64,234.15,464716
2021-04-28T04:00:00Z,237.54,239.1,236.4,236.73,296861
2021-04-27T04:00:00Z,233.44,236.93,232.17,235.9,372559
2021-04-26T04:00:00Z,231.51,233.45,230.9,232.65,299633
2021-04-23T04:00:00Z,230.63,232.995,230.63,232.375,349434
2021-04-22T04:00:00Z,228.38,233.99,227.87,229.31,458751
2021-04-21T04:00:00Z,229.28,229.41,226.085,229.4,710807
2021-04-20T04:00:00Z,232.695,234.62,228.46,229.88,627388
2021-04-16T04:00:00Z,241.76,241.76,237.83,238.69,626062
2021-04-15T04:00:00Z,240.09,240.89,238.15,239.01,408622
2021-04-14T04:00:00Z,244.29,245.02,238.67,239.26,507159
2021-04-13T04:00:00Z,243.5,245.655,239.77,241.91,734126
2021-04-12T04:00:00Z,237.99,244.89,236.71,244.23,2034951
2021-04-09T04:00:00Z,225.07,225.07,221.33,223.35,851359
2021-04-08T04:00:00Z,228.69,229.33,226.64,228.22,446837
2021-04-07T04:00:00Z,226.455,228.16,224.86,225.45,732060
2021-04-06T04:00:00Z,226.29,231.995,225.75,230.57,701306
2021-04-05T04:00:00Z,226.53,226.53,222.6,225.26,491143
2021-04-01T04:00:00Z,230.7,231.24,223.5,224.22,801040
2021-03-31T04:00:00Z,229.89,231.51,226.48,226.84,715042
2021-03-30T04:00:00Z,229.49,230.44,226.71,229.16,772540
2021-03-29T04:00:00Z,225.575,232.37,225.18,231.86,608563
2021-03-26T04:00:00Z,222.11,229.19,220.53,227.4,946110
2021-03-25T04:00:00Z,225.235,229.215,222.52,222.66,824340
2021-03-24T04:00:00Z,236.935,237.27,229.26,229.6,651359
2021-03-23T04:00:00Z,236.85,241.05,235.73,237.86,453204
2021-03-22T04:00:00Z,235.78,238.53,235.19,237.17,582324
2021-03-19T04:00:00Z,239.71,241.5,237.07,239.57,652269
2021-03-18T04:00:00Z,238.41,239.4,235.65,236.475,750944
2021-03-17T04:00:00Z,226.46,235.6,225.9,233.36,654411
2021-03-16T04:00:00Z,228.14,229.83,225.55,226.9,644203
2021-03-15T04:00:00Z,228.6,230.42,226.26,230.28,522560
2021-03-12T05:00:00Z,233.71,234.08,229.73,231.84,766380
2021-03-11T05:00:00Z,237.23,241.71,235.01,240.91,716353
2021-03-10T05:00:00Z,241,241.29,233.7,234.22,484217
2021-03-09T05:00:00Z,233.4,238.7,233.13,238.215,598247
2021-03-08T05:00:00Z,228.99,230.73,226.555,226.7,670931
2021-03-05T05:00:00Z,235.42,235.98,228.39,233.59,748186
2021-03-04T05:00:00Z,234.96,236.33,228.4,230.11,1115243
2021-03-03T05:00:00Z,237.48,239.6,234.46,236.36,580256
2021-03-02T05:00:00Z,238.62,241.18,234.29,234.63,515345
2021-03-01T05:00:00Z,241,242.75,239.3,241.545,453189
2021-02-26T05:00:00Z,244.85,244.85,237.65,237.79,545316
2021-02-25T05:00:00Z,250,250.32,240.16,240.16,580598
2021-02-24T05:00:00Z,251.075,251.19,248.12,250.47,527828
2021-02-23T05:00:00Z,247.97,254.89,241.71,252.76,534690
2021-02-22T05:00:00Z,257.46,259.37,254,254.1,559577
2021-02-19T05:00:00Z,266.02,269.38,262.96,263.63,451654
2021-02-18T05:00:00Z,265.05,266.14,262.375,264.52,499732
2021-02-17T05:00:00Z,270.38,272.26,267.89,270.805,475062
2021-02-16T05:00:00Z,270.92,274.26,270.44,271.02,446555
2021-02-12T05:00:00Z,269.37,270.21,265.76,267.83,349894
2021-02-11T05:00:00Z,268.73,274.2,267.35,269,495772
2021-02-10T05:00:00Z,268.66,270.36,264.68,267.79,405923
2021-02-09T05:00:00Z,263.04,267.19,262.54,266.6,562411
2021-02-08T05:00:00Z,264.765,265,261.84,262.46,347694
2021-02-05T05:00:00Z,264.39,266.42,263.475,265.65,351287
2021-02-04T05:00:00Z,269.52,269.885,265.585,267.275,490177
2021-02-03T05:00:00Z,264.58,268.25,261.31,263.36,970482
2021-02-02T05:00:00Z,264.625,264.99,254.1,254.63,1153266
2021-02-01T05:00:00Z,258.03,265,255.2,264.59,360690
2021-01-29T05:00:00Z,255.98,258.82,252.575,253.75,539725
2021-01-28T05:00:00Z,259.3,261.55,257.42,260.68,410929
2021-01-27T05:00:00Z,265.15,265.865,260,260.5,481399
2021-01-26T05:00:00Z,263.81,265.96,261.19,265.96,409242
2021-01-25T05:00:00Z,264.005,265.14,257.88,261.435,640432
2021-01-22T05:00:00Z,256.8,260.3,255.51,258.72,478710
2021-01-21T05:00:00Z,264.09,264.13,257.93,259.98,476113
2021-01-20T05:00:00Z,267.1,268.88,262.77,265.88,1426968
2021-01-19T05:00:00Z,249.55,252.82,246.99,251.77,766799
2021-01-15T05:00:00Z,246.25,246.38,242.19,243.41,897186
2021-01-14T05:00:00Z,245.31,245.69,241.48,242.91,1113661
2021-01-13T05:00:00Z,229.95,240.49,226.32,235.19,1051671
2021-01-12T05:00:00Z,228.38,229.74,225.18,225.69,881645
2021-01-11T05:00:00Z,229.975,230.79,225.93,227.35,1218433
2021-01-08T05:00:00Z,226.97,238.51,226.97,236.2,1172354
2021-01-07T05:00:00Z,229.34,229.94,220.15,226.94,1316188
2021-01-06T05:00:00Z,234.58,238.3,225.9,227.63,1180569
2021-01-05T05:00:00Z,229.13,240.74,228.15,240.445,872278
2021-01-04T05:00:00Z,226.515,230.36,225.08,227.83,793943
2020-12-31T05:00:00Z,237.55,238.89,231.05,232.63,600311
2020-12-30T05:00:00Z,243.13,243.13,234.67,238.55,628161
2020-12-29T05:00:00Z,231.655,239.17,229.81,236.32,1559367
2020-12-28T05:00:00Z,216.82,224.96,215.37,222.57,1339587
2020-12-24T05:00:00Z,228.47,229.89,211.25,221.84,7002747
2020-12-23T05:00:00Z,255.35,257.31,252.57,256.11,270337
2020-12-22T05:00:00Z,257.64,258.2,255.43,255.92,295553
2020-12-21T05:00:00Z,255.17,260.38,254.75,260.38,468228
2020-12-18T05:00:00Z,263.56,264.65,259.22,259.995,622200
2020-12-17T05:00:00Z,264.665,264.83,260.34,264.4,596442
2020-12-16T05:00:00Z,257.87,263.14,257.04,261.91,851255
2020-12-15T05:00:00Z,255.415,255.505,252.305,255.3,515857
2020-12-14T05:00:00Z,260.33,260.85,256.28,256.38,551649
2020-12-11T05:00:00Z,263.88,265.23,262.51,264.53,322189
2020-12-10T05:00:00Z,262.225,266.035,261.26,264.95,243996
2020-12-09T05:00:00Z,267.78,267.78,263.15,263.75,378949
2020-12-08T05:00:00Z,265.29,268.11,263.9,266,278017
2020-12-07T05:00:00Z,265.74,265.93,262.75,263.96,470422
2020-12-04T05:00:00Z,271.165,271.23,266.305,267.13,426942
2020-12-03T05:00:00Z,263.77,268.49,263.16,267.03,479729
2020-12-02T05:00:00Z,262.13,263.055,260.18,261.27,684421
2020-12-01T05:00:00Z,265.37,265.49,261.6,264.07,846984
2020-11-30T05:00:00Z,268.58,268.76,262.58,262.995,670364
2020-11-27T05:00:00Z,278.785,278.785,275.72,276.42,239434
2020-11-25T05:00:00Z,275.99,279.17,274.08,277.7,470195
2020-11-24T05:00:00Z,276.235,280.3,272.93,280.1,979281
2020-11-23T05:00:00Z,274.96,275.47,266.43,270.48,836319
2020-11-20T05:00:00Z,264.06,272.34,261.94,270.51,1220962
2020-11-19T05:00:00Z,255.04,261.375,253.64,259.81,895875
2020-11-18T05:00:00Z,257.76,258.3,252.6,255.94,840831
2020-11-17T05:00:00Z,260.02,260.28,256.58,256.8,894189
2020-11-16T05:00:00Z,259.975,262.545,257.03,258.36,808668
2020-11-13T05:00:00Z,264.67,264.95,257.235,260.72,2252525
2020-11-12T05:00:00Z,271.03,271.15,263.16,264.29,881766
2020-11-11T05:00:00Z,261.77,271.88,261.23,265.72,1773052
2020-11-10T05:00:00Z,279.65,279.69,264.37,266.52,3355718
2020-11-09T05:00:00Z,303.76,303.76,290.5,290.5,748056
2020-11-06T05:00:00Z,291.67,300.88,289.79,300,828670
2020-11-05T05:00:00Z,289.09,290.69,279.6,287.78,2430165
2020-11-04T05:00:00Z,288.14,299.15,285.3,295.67,1409092
2020-11-03T05:00:00Z,286.31,294.235,280.85,285.47,2560537
2020-11-02T05:00:00Z,311.03,311.16,305.49,310.79,466202
2020-10-30T04:00:00Z,308.51,310.66,300.19,304.59,749175
2020-10-29T04:00:00Z,309.53,315.55,308.95,312.51,452199
2020-10-28T04:00:00Z,312.01,312.97,306,307.71,700087
2020-10-27T04:00:00Z,307.69,319.23,305.87,317.19,737818
2020-10-26T04:00:00Z,309.87,315.4,303.26,306.97,424357
2020-10-23T04:00:00Z,307.66,310.3,304.13,309.9,333656
2020-10-22T04:00:00Z,310.82,311.2,304.28,306.55,393142
2020-10-21T04:00:00Z,311.81,313.92,307.71,307.885,544973
2020-10-20T04:00:00Z,308,311.79,307.06,310.08,397799
2020-10-19T04:00:00Z,309.57,313.75,303.44,305.24,624156
2020-10-16T04:00:00Z,304.07,310,303.07,307.37,423828
2020-10-15T04:00:00Z,293.74,299.855,292.7,299.445,358733
2020-10-14T04:00:00Z,308.92,309.91,300.84,301.045,685686
2020-10-13T04:00:00Z,306.63,310,303.05,308.85,511230
2020-10-12T04:00:00Z,303.75,309.59,301.32,306.41,804587
2020-10-09T04:00:00Z,298.76,302.555,297.77,299.79,584248
2020-10-08T04:00:00Z,298.205,302.2,295.49,300.72,695043
2020-10-07T04:00:00Z,297.9,299.405,293,296.4,882572
2020-10-06T04:00:00Z,287.195,296.82,286.97,292.33,694289
2020-10-05T04:00:00Z,289.13,289.89,284.89,288.27,921979
2020-10-02T04:00:00Z,286.55,291.925,286.51,288.35,458638
2020-10-01T04:00:00Z,295.49,295.49,288.315,290,1121971
2020-09-30T04:00:00Z,283.99,294.99,283.985,293.91,1289277
2020-09-29T04:00:00Z,275.05,279.2,275.05,276.975,163220
2020-09-28T04:00:00Z,275.385,278.78,274.2,276.02,217818
2020-09-25T04:00:00Z,267.505,271.77,264.65,271.11,256118
2020-09-24T04:00:00Z,268.415,271.2,267.385,269.73,207465
2020-09-23T04:00:00Z,275.3,277.795,271.62,273.02,170256
2020-09-22T04:00:00Z,276.19,276.19,270.35,275.17,135501
2020-09-21T04:00:00Z,268.97,274.2,266.44,273.86,199755
2020-09-18T04:00:00Z,276.13,277.11,270.64,272.435,195303
2020-09-17T04:00:00Z,273.18,275.8,272.36,275.62,214139
2020-09-16T04:00:00Z,280.76,283.6,278,278.14,261581
2020-09-15T04:00:00Z,277.62,279.09,274.83,277.81,126016
2020-09-14T04:00:00Z,275.39,276.27,271.81,274.11,258220
2020-09-11T04:00:00Z,272.62,274.46,268.155,271.5,282734
2020-09-10T04:00:00Z,275.03,277.04,267.5,267.51,293444
2020-09-09T04:00:00Z,274.43,275.595,271.105,273.165,305309
2020-09-08T04:00:00Z,269.66,273.835,266.715,270.15,324030
2020-09-04T04:00:00Z,279.29,283.56,267.51,281.29,278419
2020-09-03T04:00:00Z,289.12,290.69,278.2,282.28,390471
2020-09-02T04:00:00Z,298.225,298.67,290,296.085,278377
2020-09-01T04:00:00Z,289,298,288.97,297.995,266883
2020-08-31T04:00:00Z,288.33,289.14,283.685,287.03,243491
2020-08-28T04:00:00Z,284.93,289.47,283.68,288.99,119490
2020-08-27T04:00:00Z,289.88,290.09,282.19,284.11,290264
2020-08-26T04:00:00Z,288.97,292.41,284.12,291.88,224743
2020-08-25T04:00:00Z,277.88,289.065,276.12,286.365,680499
2020-08-24T04:00:00Z,273.16,276.94,271.91,276.01,563597
2020-08-21T04:00:00Z,258.87,267.36,258.395,265.99,426332
2020-08-20T04:00:00Z,257.16,258.83,254.46,257.965,564392
2020-08-19T04:00:00Z,260.845,261.185,257.42,260.67,272283
2020-08-18T04:00:00Z,258.79,261.39,256.165,259.2,288685
2020-08-17T04:00:00Z,253.04,257.375,250.215,256.86,227233
2020-08-14T04:00:00Z,255.31,255.68,251.7,253.95,143257
2020-08-13T04:00:00Z,256.33,256.92,252.955,253.86,189602
2020-08-12T04:00:00Z,249.965,256.06,248.71,254.99,254775
2020-08-11T04:00:00Z,250.995,252.85,247.88,248.53,175712
2020-08-10T04:00:00Z,249.88,251.59,246.11,248,224894
2020-08-07T04:00:00Z,257.65,257.71,247.65,252.22,707085
2020-08-06T04:00:00Z,263.575,265.68,259.25,265.68,365574
2020-08-05T04:00:00Z,263.605,265.97,261.81,265.02,206991
2020-08-04T04:00:00Z,260.2,262.53,259.005,262.21,206432
2020-08-03T04:00:00Z,254.38,260.65,254.355,257.89,225003
2020-07-31T04:00:00Z,254.07,254.275,248.225,251.03,313216
2020-07-30T04:00:00Z,251.61,253.68,249.7,252.57,116602
2020-07-29T04:00:00Z,250.38,254.22,250.36,252.44,183610
2020-07-28T04:00:00Z,251.17,251.59,248.555,249.06,194185
2020-07-27T04:00:00Z,247.35,252.78,245.895,250.885,348298
