2024-06-14T04:00:00Z,38.995,39.475,38.905,39.235,720510
2024-06-13T04:00:00Z,39.25,39.345,38.935,39.26,1056948
2024-06-12T04:00:00Z,39.8,39.87,39.11,39.41,1238717
2024-06-11T04:00:00Z,39.34,39.34,38.46,38.86,1098443
2024-06-10T04:00:00Z,39.625,39.835,39.22,39.685,783172
2024-06-07T04:00:00Z,39.325,39.96,39.31,39.79,1105884
2024-06-06T04:00:00Z,39.925,40,39.425,39.71,923349
2024-06-05T04:00:00Z,39.77,39.98,39.525,39.97,522875
2024-06-04T04:00:00Z,39.51,40.125,39.425,39.67,504591
2024-06-03T04:00:00Z,40.06,40.185,39.43,39.43,334721
2024-05-31T04:00:00Z,38.685,40.07,38.67,40.025,1368710
2024-05-30T04:00:00Z,38.76,39.12,37.6,38.63,1357728
2024-05-29T04:00:00Z,38.835,38.9,38.565,38.74,917838
2024-05-28T04:00:00Z,39.685,39.735,39.11,39.33,628454
2024-05-24T04:00:00Z,39.31,39.775,39.31,39.725,400778
2024-05-23T04:00:00Z,39.76,39.825,38.945,39.18,1041720
2024-05-22T04:00:00Z,39.415,39.81,39.34,39.76,1139741
2024-05-21T04:00:00Z,38.88,39.74,38.88,39.66,574937
2024-05-20T04:00:00Z,39.28,39.47,38.795,38.84,762986
2024-05-17T04:00:00Z,39.42,39.485,39.16,39.31,874004
2024-05-16T04:00:00Z,38.95,39.36,38.72,39.23,885678
2024-05-15T04:00:00Z,38.835,39.235,38.78,38.92,622284
2024-05-14T04:00:00Z,38.415,38.785,38.385,38.49,816507
2024-05-13T04:00:00Z,38.68,38.75,38.185,38.24,763211
2024-05-10T04:00:00Z,38.48,38.77,38.33,38.445,879296
2024-05-09T04:00:00Z,37.53,38.415,37.49,38.29,665745
2024-05-08T04:00:00Z,37.75,37.82,37.515,37.7,971451
2024-05-07T04:00:00Z,37.72,38.14,37.72,37.845,604128
2024-05-06T04:00:00Z,37.725,37.785,37.365,37.69,942228
2024-05-03T04:00:00Z,37.295,37.52,37.085,37.23,738523
2024-05-02T04:00:00Z,37.445,37.485,36.655,36.88,666972
2024-05-01T04:00:00Z,37.34,37.5,36.77,36.96,624016
2024-04-30T04:00:00Z,37.365,37.665,36.985,37.01,470283
2024-04-29T04:00:00Z,37.78,38.06,37.455,37.55,523135
2024-04-26T04:00:00Z,37.9,38.305,37.785,37.815,552928
2024-04-25T04:00:00Z,38.055,38.255,37.38,37.88,655387
2024-04-24T04:00:00Z,38.12,38.495,38.065,38.32,749333
2024-04-23T04:00:00Z,37.885,38.42,37.85,38.37,745006
2024-04-22T04:00:00Z,37.005,37.905,36.87,37.75,841963
2024-04-19T04:00:00Z,36.105,37.11,36.07,36.97,1411422
2024-04-18T04:00:00Z,35.59,35.985,35.18,35.75,899343
2024-04-17T04:00:00Z,34.89,35.74,34.77,35.22,2179042
2024-04-16T04:00:00Z,36.095,36.095,34.155,34.685,2660437
2024-04-15T04:00:00Z,36.36,36.74,35.76,35.94,1063600
2024-04-12T04:00:00Z,35.79,36.08,35.535,35.8,1123595
2024-04-11T04:00:00Z,36.62,36.67,36.05,36.345,985534
2024-04-10T04:00:00Z,37.075,37.2,36.555,36.65,1165647
2024-04-09T04:00:00Z,37.545,37.765,37.23,37.725,648060
2024-04-08T04:00:00Z,37.35,37.58,37.19,37.51,413122
2024-04-05T04:00:00Z,36.775,37.335,36.735,37.1,510119
2024-04-04T04:00:00Z,37.82,37.95,36.87,36.93,601749
2024-04-03T04:00:00Z,37.42,38.01,37.29,37.45,633377
2024-04-02T04:00:00Z,37.215,37.575,37.215,37.32,933297
2024-04-01T04:00:00Z,37.95,38.34,37.44,37.51,546199
2024-03-28T04:00:00Z,37.765,38,37.425,37.925,558755
2024-03-27T04:00:00Z,37.285,37.84,37.285,37.83,963299
2024-03-26T04:00:00Z,37,37.235,36.82,37.12,749859
2024-03-25T04:00:00Z,37.125,37.275,36.845,36.87,643725
2024-03-22T04:00:00Z,37.5,37.61,37,37.045,904045
2024-03-21T04:00:00Z,36.95,37.595,36.89,37.5,900769
2024-03-20T04:00:00Z,35.82,36.87,35.74,36.73,635949
2024-03-19T04:00:00Z,36.055,36.375,35.99,36.05,573183
2024-03-18T04:00:00Z,35.62,36.08,35.39,36.01,626031
2024-03-15T04:00:00Z,35.45,36.005,35.39,35.48,1116863
2024-03-14T04:00:00Z,35.95,36.215,35.49,35.72,1005678
2024-03-13T04:00:00Z,36.045,36.44,36.005,36.08,543469
2024-03-12T04:00:00Z,35.95,36.15,35.78,35.96,541877
2024-03-11T04:00:00Z,35.385,35.925,35.32,35.9,598739
2024-03-08T05:00:00Z,35.865,36.13,35.5,35.6,963095
2024-03-07T05:00:00Z,35.54,35.9,35.255,35.61,522528
2024-03-06T05:00:00Z,35.65,35.77,35.075,35.43,776657
2024-03-05T05:00:00Z,34.99,35.71,34.98,35.4,828676
2024-03-04T05:00:00Z,34.33,35.42,34.31,35.17,1122188
2024-03-01T05:00:00Z,34.52,34.64,34.04,34.35,601500
2024-02-29T05:00:00Z,34.435,34.65,34.16,34.46,662073
2024-02-28T05:00:00Z,34.215,34.6,34.155,34.33,732543
2024-02-27T05:00:00Z,33.78,34.425,33.72,34.27,975010
2024-02-26T05:00:00Z,33.81,34.21,33.53,33.61,502248
2024-02-23T05:00:00Z,33.72,34.045,33.49,33.92,700630
2024-02-22T05:00:00Z,33.55,34.06,33.46,33.6,954376
2024-02-21T05:00:00Z,33.46,33.735,33.18,33.7,741075
2024-02-20T05:00:00Z,33.885,34.09,33.805,33.98,498311
2024-02-16T05:00:00Z,33.91,34.145,32.83,34.09,550782
2024-02-15T05:00:00Z,33.365,34.24,33.365,34.06,1317440
2024-02-14T05:00:00Z,33.03,33.18,32.88,33.13,499440
2024-02-13T05:00:00Z,33.15,33.29,32.355,32.76,1127515
2024-02-12T05:00:00Z,33.03,33.965,32.995,33.63,983627
2024-02-09T05:00:00Z,33.01,33.245,32.84,33.055,475558
2024-02-08T05:00:00Z,33.095,33.27,32.805,33.125,575923
2024-02-07T05:00:00Z,33.15,33.26,32.63,33.185,526664
2024-02-06T05:00:00Z,32.975,33.36,32.895,33.03,680413
2024-02-05T05:00:00Z,33.13,33.29,32.865,32.985,1133108
2024-02-02T05:00:00Z,33.39,33.705,33.175,33.46,1065416
2024-02-01T05:00:00Z,34.1,34.25,32.94,33.55,1956837
2024-01-31T05:00:00Z,34.57,35.09,34,34,1310274
2024-01-30T05:00:00Z,33.89,34.89,33.845,34.795,1878487
2024-01-29T05:00:00Z,33.395,33.645,33.24,33.615,612134
2024-01-26T05:00:00Z,33.37,33.665,33.33,33.43,622121
2024-01-25T05:00:00Z,33.235,33.45,32.83,33.395,978908
2024-01-24T05:00:00Z,33.02,33.34,32.91,32.99,834464
2024-01-23T05:00:00Z,32.53,32.815,32.395,32.78,690978
2024-01-22T05:00:00Z,32.365,32.985,32.335,32.555,850232
2024-01-19T05:00:00Z,31.68,32.23,31.57,32.21,939684
2024-01-18T05:00:00Z,31.73,31.755,31.405,31.73,891327
2024-01-17T05:00:00Z,31.68,31.98,31.27,31.81,1146157
2024-01-16T05:00:00Z,32.41,32.495,31.825,32.12,2039512
2024-01-12T05:00:00Z,32.24,33.175,31.98,32.79,1885461
2024-01-11T05:00:00Z,33.5,33.5,32.78,33.145,1300298
2024-01-10T05:00:00Z,33.51,33.625,33.24,33.59,1031817
2024-01-09T05:00:00Z,33.795,33.815,33.51,33.64,940311
2024-01-08T05:00:00Z,34.165,34.25,33.645,34.15,847784
2024-01-05T05:00:00Z,33.795,34.685,33.73,34.43,882881
2024-01-04T05:00:00Z,33.57,34.3,33.56,33.82,742330
2024-01-03T05:00:00Z,33.62,33.77,33.245,33.52,1098406
2024-01-02T05:00:00Z,33.45,34.065,33.275,33.91,883149
2023-12-29T05:00:00Z,33.945,33.99,33.56,33.67,389414
2023-12-28T05:00:00Z,33.82,33.97,33.81,33.9,384337
2023-12-27T05:00:00Z,33.765,33.945,33.66,33.84,380881
2023-12-26T05:00:00Z,33.445,33.96,33.39,33.87,526449
2023-12-22T05:00:00Z,33.26,33.67,33.25,33.44,417603
2023-12-21T05:00:00Z,33.25,33.445,32.895,33.195,448698
2023-12-20T05:00:00Z,33.335,33.705,32.955,32.97,982444
2023-12-19T05:00:00Z,32.92,33.67,32.87,33.52,965813
2023-12-18T05:00:00Z,33.71,33.785,33.405,33.445,1043484
2023-12-15T05:00:00Z,33.76,34.02,33.3,33.555,1277647
2023-12-14T05:00:00Z,32.67,34.065,32.65,33.97,2519981
2023-12-13T05:00:00Z,30.775,32.13,30.635,32.05,1140513
2023-12-12T05:00:00Z,30.77,30.855,30.45,30.73,660756
2023-12-11T05:00:00Z,30.925,31.075,30.71,30.855,771481
2023-12-08T05:00:00Z,30.73,31.14,30.635,30.96,522816
2023-12-07T05:00:00Z,30.65,30.925,30.55,30.65,676466
2023-12-06T05:00:00Z,30.79,31.51,30.445,30.54,1574258
2023-12-05T05:00:00Z,30.65,30.78,30.33,30.58,654149
2023-12-04T05:00:00Z,30.58,31,30.58,30.815,842997
2023-12-01T05:00:00Z,30.41,31.045,30.355,30.95,957105
2023-11-30T05:00:00Z,30.22,30.55,30.05,30.48,851708
2023-11-29T05:00:00Z,29.865,30.605,29.83,30.32,1162684
2023-11-28T05:00:00Z,29.535,29.64,29.325,29.53,560226
2023-11-27T05:00:00Z,29.605,29.69,29.51,29.56,520230
2023-11-24T05:00:00Z,29.555,29.885,29.51,29.75,267628
2023-11-22T05:00:00Z,29.74,29.78,29.525,29.62,752785
2023-11-21T05:00:00Z,29.965,29.98,29.555,29.66,825360
2023-11-20T05:00:00Z,29.98,30.245,29.755,30.03,1004061
2023-11-17T05:00:00Z,29.71,30,29.56,29.985,1571375
2023-11-16T05:00:00Z,29.47,29.695,29.225,29.54,1364309
2023-11-15T05:00:00Z,29.305,29.73,29.305,29.63,1566382
2023-11-14T05:00:00Z,28.49,29.41,28.47,29.245,1741860
2023-11-13T05:00:00Z,27.535,27.85,27.44,27.705,465015
2023-11-10T05:00:00Z,27.705,27.73,27.35,27.685,679175
2023-11-09T05:00:00Z,28.07,28.08,27.405,27.52,1053866
2023-11-08T05:00:00Z,28.14,28.14,27.675,27.89,643046
2023-11-07T05:00:00Z,28.12,28.255,27.955,28.16,921104
2023-11-06T05:00:00Z,28.595,28.765,28.025,28.35,1139724
2023-11-03T04:00:00Z,28.175,28.925,28.16,28.43,1451467
2023-11-02T04:00:00Z,26.74,27.66,26.595,27.625,1520585
2023-11-01T04:00:00Z,26.445,26.61,26.155,26.4,1210796
2023-10-31T04:00:00Z,25.785,26.375,25.72,26.35,1121020
2023-10-30T04:00:00Z,25.385,25.775,25.29,25.69,998953
2023-10-27T04:00:00Z,26.06,26.06,24.96,25.18,1745644
2023-10-26T04:00:00Z,25.515,26.355,25.475,26.115,1529416
2023-10-25T04:00:00Z,25.355,25.645,25.185,25.55,989157
2023-10-24T04:00:00Z,25.66,25.87,25.4,25.46,2076492
2023-10-23T04:00:00Z,26.12,26.205,25.525,25.56,1934295
2023-10-20T04:00:00Z,26.835,26.935,26.24,26.29,1419839
2023-10-19T04:00:00Z,27.285,27.775,26.885,26.94,1851960
2023-10-18T04:00:00Z,27.53,28.035,27.215,27.31,2390101
2023-10-17T04:00:00Z,26.985,27.865,26.74,27.63,1794944
2023-10-16T04:00:00Z,27.16,27.17,26.775,26.98,1477677
2023-10-13T04:00:00Z,27.42,27.715,26.525,26.755,1289014
2023-10-12T04:00:00Z,26.955,27.07,26.61,26.895,894496
2023-10-11T04:00:00Z,27.16,27.425,26.905,27.02,680347
2023-10-10T04:00:00Z,26.605,27.3,26.605,27.005,1305474
2023-10-09T04:00:00Z,25.78,26.355,25.75,26.305,1355744
2023-10-06T04:00:00Z,25.78,26.22,25.465,26.07,1159034
2023-10-05T04:00:00Z,25.745,26.09,25.56,26.07,771355
2023-10-04T04:00:00Z,25.93,25.96,25.585,25.92,1167148
2023-10-03T04:00:00Z,26.5,26.52,25.82,25.925,1437605
2023-10-02T04:00:00Z,27.215,27.355,26.585,26.685,1053592
2023-09-29T04:00:00Z,27.885,27.98,27.275,27.39,964647
2023-09-28T04:00:00Z,27.24,27.635,27.22,27.545,788431
2023-09-27T04:00:00Z,27.225,27.605,27.07,27.28,680367
2023-09-26T04:00:00Z,27.345,27.5,27.01,27.165,589145
2023-09-25T04:00:00Z,27.5,27.615,27.355,27.6,527598
2023-09-22T04:00:00Z,28.06,28.175,27.6,27.64,661745
2023-09-21T04:00:00Z,28.365,28.575,28.025,28.05,714479
2023-09-20T04:00:00Z,28.825,28.965,28.53,28.55,476651
2023-09-19T04:00:00Z,28.8,28.935,28.515,28.66,354486
2023-09-18T04:00:00Z,28.765,28.79,28.495,28.775,403211
2023-09-15T04:00:00Z,28.91,29.09,28.75,28.84,875959
2023-09-14T04:00:00Z,29.16,29.435,29.115,29.2,784256
2023-09-13T04:00:00Z,29.13,29.15,28.7,28.875,911029
2023-09-12T04:00:00Z,28.485,29.14,28.4,28.965,750737
2023-09-11T04:00:00Z,28.53,28.75,28.4,28.49,534856
2023-09-08T04:00:00Z,28.105,28.375,27.96,28.36,1057726
2023-09-07T04:00:00Z,28.39,28.54,28.065,28.13,660531
2023-09-06T04:00:00Z,28.43,28.555,28.125,28.4,659230
2023-09-05T04:00:00Z,28.92,29.11,28.495,28.66,753484
2023-09-01T04:00:00Z,28.815,29.13,28.785,28.96,575569
2023-08-31T04:00:00Z,28.9,28.96,28.53,28.66,822550
2023-08-30T04:00:00Z,29.225,29.26,28.93,29.05,571003
2023-08-29T04:00:00Z,28.88,29.255,28.73,29.185,491082
2023-08-28T04:00:00Z,28.715,29,28.575,28.765,297844
2023-08-25T04:00:00Z,28.675,28.79,28.305,28.505,863370
2023-08-24T04:00:00Z,28.42,28.79,28.385,28.6,659255
2023-08-23T04:00:00Z,28.44,28.505,28.18,28.43,686029
2023-08-22T04:00:00Z,29.22,29.235,28.42,28.435,791751
2023-08-21T04:00:00Z,29.2,29.295,28.8,29.15,532207
2023-08-18T04:00:00Z,29.015,29.34,28.99,29.12,490555
2023-08-17T04:00:00Z,29.41,29.515,29.115,29.26,989185
2023-08-16T04:00:00Z,29.72,29.815,29.215,29.295,1040425
2023-08-15T04:00:00Z,30.5,30.51,29.85,29.935,785963
2023-08-14T04:00:00Z,31.075,31.1,30.75,30.94,585370
2023-08-11T04:00:00Z,30.755,31.395,30.75,31.29,605016
2023-08-10T04:00:00Z,31.045,31.31,30.81,30.935,406975
2023-08-09T04:00:00Z,31.185,31.275,30.84,30.875,397426
2023-08-08T04:00:00Z,31.285,31.295,30.49,31.27,725620
2023-08-07T04:00:00Z,31.425,31.9,31.405,31.88,482494
2023-08-04T04:00:00Z,31.355,31.66,31.175,31.31,420999
2023-08-03T04:00:00Z,30.945,31.55,30.88,31.405,385695
2023-08-02T04:00:00Z,31.13,31.28,30.785,31.19,855322
2023-08-01T04:00:00Z,31.835,31.935,31.42,31.625,937442
2023-07-31T04:00:00Z,31.875,32.24,31.78,32.02,449111
2023-07-28T04:00:00Z,32.135,32.16,31.72,31.895,1007211
2023-07-27T04:00:00Z,32.44,32.73,31.825,31.945,967835
2023-07-26T04:00:00Z,32.195,32.525,32.15,32.415,1448193
2023-07-25T04:00:00Z,32.715,32.79,32.07,32.16,1468786
2023-07-24T04:00:00Z,32.015,32.845,32,32.655,1492932
2023-07-21T04:00:00Z,31.855,32.105,31.425,31.99,1506128
2023-07-20T04:00:00Z,31.41,31.79,31.33,31.695,1032186
2023-07-19T04:00:00Z,30.885,31.695,30.7,31.52,1154042
2023-07-18T04:00:00Z,29.97,30.855,29.95,30.71,2131088
2023-07-17T04:00:00Z,29.155,29.55,29.145,29.39,945140
2023-07-14T04:00:00Z,29.98,30.1,29.05,29.12,1005889
2023-07-13T04:00:00Z,29.51,29.865,29.415,29.665,1163911
2023-07-12T04:00:00Z,29.535,29.885,29.28,29.37,600360
2023-07-11T04:00:00Z,28.65,29.08,28.425,29.025,935049
2023-07-10T04:00:00Z,28.57,28.84,28.48,28.655,832575
2023-07-07T04:00:00Z,28.315,28.815,28.315,28.535,700982
2023-07-06T04:00:00Z,28.785,28.785,28.1,28.285,1280740
2023-07-05T04:00:00Z,29.085,29.42,28.945,29.085,431482
2023-07-03T04:00:00Z,28.69,29.345,28.665,29.18,548338
2023-06-30T04:00:00Z,28.955,29.1,28.67,28.695,1123819
2023-06-29T04:00:00Z,28.495,29,28.415,28.655,1318240
2023-06-28T04:00:00Z,28.21,28.245,27.9,28.07,915597
2023-06-27T04:00:00Z,28.145,28.395,27.975,28.235,1479229
2023-06-26T04:00:00Z,27.81,28.28,27.8,28.09,943922
2023-06-23T04:00:00Z,27.695,27.875,27.595,27.745,1281132
2023-06-22T04:00:00Z,28.495,28.5,27.9,27.955,1410147
2023-06-21T04:00:00Z,28.795,29,28.545,28.57,865737
2023-06-20T04:00:00Z,29.03,29.04,28.58,28.885,1174024
2023-06-16T04:00:00Z,29.525,29.675,29.16,29.2,750452
2023-06-15T04:00:00Z,28.835,29.41,28.78,29.365,523424
2023-06-14T04:00:00Z,29.57,29.715,28.995,29.13,685712
2023-06-13T04:00:00Z,29.135,29.795,29.05,29.41,772581
2023-06-12T04:00:00Z,29.28,29.55,28.915,29.12,500245
2023-06-09T04:00:00Z,29.225,29.395,29.085,29.255,620858
2023-06-08T04:00:00Z,29.305,29.36,28.99,29.225,792179
2023-06-07T04:00:00Z,29.26,29.65,29.015,29.485,904083
2023-06-06T04:00:00Z,28.455,29.425,28.45,29.235,779766
2023-06-05T04:00:00Z,28.8,28.83,28.305,28.555,491415
2023-06-02T04:00:00Z,28.235,28.95,28.12,28.715,1108414
2023-06-01T04:00:00Z,27.785,27.975,27.35,27.79,1086864
2023-05-31T04:00:00Z,28.04,28.16,27.485,27.815,812763
2023-05-30T04:00:00Z,28.355,28.47,27.95,28.25,960847
2023-05-26T04:00:00Z,28.21,28.395,27.79,28.305,1137552
2023-05-25T04:00:00Z,27.98,28.23,27.88,28.17,1013365
2023-05-24T04:00:00Z,28.34,28.505,28,28.1,826969
2023-05-23T04:00:00Z,28.335,29.07,28.3,28.575,755961
2023-05-22T04:00:00Z,28.31,28.43,28.015,28.335,748023
2023-05-19T04:00:00Z,28.475,28.67,28.04,28.11,670126
2023-05-18T04:00:00Z,28.405,28.5,28,28.48,1093740
2023-05-17T04:00:00Z,27.8,28.655,27.785,28.565,1238097
2023-05-16T04:00:00Z,27.775,27.89,27.335,27.355,575545
2023-05-15T04:00:00Z,27.13,27.81,27.035,27.65,701409
2023-05-12T04:00:00Z,27.525,27.525,26.88,27.09,733296
2023-05-11T04:00:00Z,27.03,27.485,26.895,27.37,563516
2023-05-10T04:00:00Z,27.98,27.99,27.02,27.32,1085313
2023-05-09T04:00:00Z,27.36,27.83,27.27,27.66,793487
2023-05-08T04:00:00Z,28.08,28.14,27.66,27.7,1132843
2023-05-05T04:00:00Z,27.62,27.89,27.48,27.715,1042385
2023-05-04T04:00:00Z,27.52,27.805,26.85,26.98,2308664
2023-05-03T04:00:00Z,28.12,28.495,27.82,27.865,995631
2023-05-02T04:00:00Z,28.83,28.85,27.715,28.16,1293771
2023-05-01T04:00:00Z,29.495,29.525,29,29.04,565938
2023-04-28T04:00:00Z,28.63,29.425,28.515,29.29,1055810
2023-04-27T04:00:00Z,28.565,29.08,28.525,28.895,832329
2023-04-26T04:00:00Z,28.71,28.92,28.305,28.435,1182230
2023-04-25T04:00:00Z,29.44,29.53,28.82,28.855,1100598
2023-04-24T04:00:00Z,29.775,29.895,29.6,29.76,727161
2023-04-21T04:00:00Z,29.66,29.975,29.415,29.875,1519490
2023-04-20T04:00:00Z,29.79,30.225,29.77,29.9,726577
2023-04-19T04:00:00Z,30.16,30.16,29.79,30.055,1671767
2023-04-18T04:00:00Z,30.8,30.875,29.805,30.545,1886803
2023-04-17T04:00:00Z,29.74,30.41,29.4,30.38,1624808
2023-04-14T04:00:00Z,29.27,29.865,29.25,29.52,1841547
2023-04-13T04:00:00Z,28.56,28.635,28.24,28.545,1692947
2023-04-12T04:00:00Z,28.75,29.005,28.37,28.485,999590
2023-04-11T04:00:00Z,27.99,28.75,27.965,28.71,858847
2023-04-10T04:00:00Z,27.69,28.095,27.67,27.93,761341
2023-04-06T04:00:00Z,27.7,28.005,27.625,27.835,991000
2023-04-05T04:00:00Z,27.7,27.91,27.47,27.64,1562008
2023-04-04T04:00:00Z,28.56,28.65,27.66,27.98,1264955
2023-04-03T04:00:00Z,28.62,28.975,28.325,28.585,873195
2023-03-31T04:00:00Z,28.635,28.65,28.275,28.575,861773
2023-03-30T04:00:00Z,28.92,29.045,28.11,28.3,1016640
2023-03-29T04:00:00Z,28.48,28.765,28.24,28.67,1815861
2023-03-28T04:00:00Z,28.395,28.635,27.985,28.125,1450963
2023-03-27T04:00:00Z,27.965,28.645,27.92,28.495,2887893
2023-03-24T04:00:00Z,26.615,27.29,26.34,27.15,3476608
2023-03-23T04:00:00Z,28.03,28.075,26.79,26.945,2693109
2023-03-22T04:00:00Z,28.675,28.74,27.645,27.645,1904698
2023-03-21T04:00:00Z,28.675,28.98,28.51,28.6,2888533
2023-03-20T04:00:00Z,28.225,28.42,27.65,27.755,2834353
2023-03-17T04:00:00Z,28.63,28.63,27.625,27.82,5394610
2023-03-16T04:00:00Z,28.4,29.46,28.12,28.96,3297518
2023-03-15T04:00:00Z,27.85,28.56,27.7,28.51,2724664
2023-03-14T04:00:00Z,29.96,30.05,28.47,28.755,5482608
2023-03-13T04:00:00Z,28.88,29.71,27.88,28.53,14256697
2023-03-10T05:00:00Z,30.35,31.035,28.955,30.285,5933220
2023-03-09T05:00:00Z,32.285,32.38,30.31,30.535,2927561
2023-03-08T05:00:00Z,32.675,32.965,32.44,32.56,1044097
2023-03-07T05:00:00Z,33.82,33.89,32.8,32.995,1779518
2023-03-06T05:00:00Z,34.24,34.56,33.99,34.105,818900
2023-03-03T05:00:00Z,33.72,34.285,33.66,34.15,958019
2023-03-02T05:00:00Z,33.64,33.7,33.005,33.49,796040
2023-03-01T05:00:00Z,34.07,34.48,33.98,34.15,771534
2023-02-28T05:00:00Z,34.36,34.485,34.185,34.27,847596
2023-02-27T05:00:00Z,34.48,34.69,34.165,34.22,699108
2023-02-24T05:00:00Z,33.91,34.285,33.84,34.19,597076
2023-02-23T05:00:00Z,34.39,34.585,33.86,34.27,984346
2023-02-22T05:00:00Z,34.19,34.55,34.075,34.29,1293931
2023-02-21T05:00:00Z,34.98,35.04,34.27,34.515,785023
2023-02-17T05:00:00Z,35.03,35.385,34.75,35.36,712609
2023-02-16T05:00:00Z,35.32,35.66,35.23,35.28,527840
2023-02-15T05:00:00Z,35.25,35.61,35.17,35.56,681377
2023-02-14T05:00:00Z,35.635,35.985,35.47,35.615,962087
2023-02-13T05:00:00Z,35.49,35.78,35.405,35.65,674488
2023-02-10T05:00:00Z,35.51,35.585,35.04,35.575,877271
2023-02-09T05:00:00Z,36.25,36.345,35.56,35.72,750348
2023-02-08T05:00:00Z,36.375,36.835,36.35,36.5,624636
2023-02-07T05:00:00Z,36.19,37,36.15,36.765,1492208
2023-02-06T05:00:00Z,36.21,36.435,35.99,36.365,831811
2023-02-03T05:00:00Z,35.91,36.755,35.91,36.435,1501510
2023-02-02T05:00:00Z,36.085,36.375,35.435,36.13,886075
2023-02-01T05:00:00Z,35.19,36.26,35.11,35.935,1385576
2023-01-31T05:00:00Z,35.205,35.48,35.005,35.475,800694
2023-01-30T05:00:00Z,35.25,35.555,35.235,35.31,710723
2023-01-27T05:00:00Z,35.445,35.77,35.27,35.45,855898
2023-01-26T05:00:00Z,35.055,35.34,34.79,35.34,673558
2023-01-25T05:00:00Z,34.345,34.95,34.29,34.87,793410
2023-01-24T05:00:00Z,34.18,34.78,33.96,34.58,626086
2023-01-23T05:00:00Z,33.815,34.51,33.765,34.33,897670
2023-01-20T05:00:00Z,33.335,33.89,33.085,33.85,1151084
2023-01-19T05:00:00Z,33.27,33.545,32.89,33.225,966148
2023-01-18T05:00:00Z,34.27,34.33,33.52,33.71,1422623
2023-01-17T05:00:00Z,34.77,34.79,34.155,34.52,1992199
2023-01-13T05:00:00Z,34.17,35.39,33.11,35.22,2000475
2023-01-12T05:00:00Z,34.71,34.865,34.365,34.47,1392614
2023-01-11T05:00:00Z,34.14,34.435,34,34.385,1213557
2023-01-10T05:00:00Z,33.96,34.26,33.64,34.08,1001315
2023-01-09T05:00:00Z,34.755,34.76,33.715,33.9,1034319
2023-01-06T05:00:00Z,34.15,34.58,33.545,34.425,1293421
2023-01-05T05:00:00Z,33.92,34.135,33.585,34.06,988404
2023-01-04T05:00:00Z,33.9,34.815,33.845,34.13,1068241
2023-01-03T05:00:00Z,33.27,34.07,33.22,33.5,820515
2022-12-30T05:00:00Z,33.075,33.3,32.87,33.11,422314
2022-12-29T05:00:00Z,32.96,33.16,32.765,33.145,421436
2022-12-28T05:00:00Z,32.57,32.965,32.54,32.76,1538574
2022-12-27T05:00:00Z,32.52,32.665,32.28,32.53,443783
2022-12-23T05:00:00Z,32.405,32.575,32.19,32.47,336418
2022-12-22T05:00:00Z,32.47,32.525,31.88,32.4,746662
2022-12-21T05:00:00Z,32.54,32.87,32.42,32.675,809717
2022-12-20T05:00:00Z,32.415,32.58,32.17,32.2,802045
2022-12-19T05:00:00Z,31.81,32.225,31.74,32.06,1302993
2022-12-16T05:00:00Z,31.57,31.925,31.355,31.65,964484
2022-12-15T05:00:00Z,31.72,31.985,31.49,31.79,1598538
2022-12-14T05:00:00Z,32.94,33,32.17,32.27,1410916
2022-12-13T05:00:00Z,33.6,33.66,32.57,32.75,1521810
2022-12-12T05:00:00Z,32.285,32.775,32.06,32.73,1038691
2022-12-09T05:00:00Z,32.105,32.6,32.105,32.37,672094
2022-12-08T05:00:00Z,32.89,32.965,32.18,32.45,1544785
2022-12-07T05:00:00Z,32.6,32.915,32.35,32.75,783622
2022-12-06T05:00:00Z,34.5,34.67,32.405,32.985,2326410
2022-12-05T05:00:00Z,35.87,35.87,34.14,34.475,2136849
2022-12-02T05:00:00Z,36.08,36.285,35.81,36.06,1375018
2022-12-01T05:00:00Z,37.49,37.67,36.405,36.55,1634884
2022-11-30T05:00:00Z,36.87,37.85,36.21,37.82,1115391
2022-11-29T05:00:00Z,37.005,37.15,36.72,37,959969
2022-11-28T05:00:00Z,37.45,37.655,36.835,36.89,1070307
2022-11-25T05:00:00Z,37.69,37.865,37.56,37.725,159301
2022-11-23T05:00:00Z,37.48,37.66,37.38,37.63,627924
2022-11-22T05:00:00Z,37.63,37.795,37.435,37.495,675094
2022-11-21T05:00:00Z,37.1,37.515,37.075,37.325,648267
2022-11-18T05:00:00Z,37.76,37.77,36.93,37.21,893541
2022-11-17T05:00:00Z,36.84,37.2,36.565,37.195,651295
2022-11-16T05:00:00Z,37.7,37.72,37.205,37.38,523641
2022-11-15T05:00:00Z,38.21,38.29,37.3,37.7,888176
2022-11-14T05:00:00Z,38.07,38.255,37.755,37.765,860243
2022-11-11T05:00:00Z,38.24,38.595,37.975,38.46,922769
2022-11-10T05:00:00Z,37.33,38.22,37.145,38.13,1161030
2022-11-09T05:00:00Z,36.87,36.955,36.395,36.52,606629
2022-11-08T05:00:00Z,37.155,37.415,36.75,37.13,777121
2022-11-07T05:00:00Z,37.07,37.34,36.735,37.04,732590
2022-11-04T04:00:00Z,36.57,37,36.225,36.79,1396543
2022-11-03T04:00:00Z,35.66,36.135,35.41,35.88,863783
2022-11-02T04:00:00Z,36.115,37.27,35.97,36.095,2114539
2022-11-01T04:00:00Z,36.435,36.75,36.115,36.215,887634
2022-10-31T04:00:00Z,35.87,36.33,35.835,36.055,826491
2022-10-28T04:00:00Z,36.035,36.295,35.65,36.165,969703
2022-10-27T04:00:00Z,36.12,36.36,35.77,35.865,680947
2022-10-26T04:00:00Z,35.42,36.09,35.41,35.685,781910
2022-10-25T04:00:00Z,34.72,35.575,34.53,35.39,863826
2022-10-24T04:00:00Z,35.09,35.25,34.715,35.09,650664
2022-10-21T04:00:00Z,33.7,35.04,33.63,34.99,1125820
2022-10-20T04:00:00Z,34.03,34.62,33.6,33.67,1096822
2022-10-19T04:00:00Z,34.58,34.83,33.775,33.93,973062
2022-10-18T04:00:00Z,34.99,35.35,34.28,34.895,2803533
2022-10-17T04:00:00Z,33.41,33.865,32.87,33.62,2232199
2022-10-14T04:00:00Z,31.9,32.62,31.575,31.72,1513759
2022-10-13T04:00:00Z,29.49,31.76,29.32,31.69,1994923
2022-10-12T04:00:00Z,29.64,30.3,29.49,29.86,1146829
2022-10-11T04:00:00Z,30.41,30.45,29.575,29.75,1987679
2022-10-10T04:00:00Z,30.93,31.04,30.35,30.665,1057612
2022-10-07T04:00:00Z,31.13,31.21,30.525,30.74,1186801
2022-10-06T04:00:00Z,31.6,31.87,31.37,31.45,1085379
2022-10-05T04:00:00Z,31.55,32.025,31.455,31.895,756458
2022-10-04T04:00:00Z,31.76,32.52,31.725,32.38,1140250
2022-10-03T04:00:00Z,30.64,31.28,30.215,31.09,964505
2022-09-30T04:00:00Z,30.73,31.18,30.165,30.22,872626
2022-09-29T04:00:00Z,30.705,30.89,30.225,30.66,711332
2022-09-28T04:00:00Z,30.535,31.31,30.41,31.08,987920
2022-09-27T04:00:00Z,31.27,31.36,30.295,30.58,1191198
2022-09-26T04:00:00Z,31.43,31.79,30.685,31.05,927912
2022-09-23T04:00:00Z,31.94,32.09,31.225,31.77,1774748
2022-09-22T04:00:00Z,33.4,33.4,32.39,32.46,1198739
2022-09-21T04:00:00Z,34.33,34.39,33.12,33.13,1424722
2022-09-20T04:00:00Z,34.55,34.75,33.885,34.2,862054
2022-09-19T04:00:00Z,33.66,34.84,33.65,34.7,656695
2022-09-16T04:00:00Z,34.1,34.225,33.67,34.11,894424
2022-09-15T04:00:00Z,33.75,34.895,33.705,34.52,1288993
2022-09-14T04:00:00Z,34.165,34.395,33.54,33.895,707555
2022-09-13T04:00:00Z,34.54,34.685,33.81,33.99,778915
2022-09-12T04:00:00Z,35.195,35.63,35.025,35.32,726819
2022-09-09T04:00:00Z,34.98,35.24,34.85,34.95,983163
2022-09-08T04:00:00Z,33.39,34.725,33.305,34.65,1003947
2022-09-07T04:00:00Z,32.775,33.665,32.69,33.59,1039937
2022-09-06T04:00:00Z,33.64,33.73,32.61,33.09,1025064
2022-09-02T04:00:00Z,33.97,34.47,33.275,33.44,954714
2022-09-01T04:00:00Z,33.34,33.49,32.665,33.465,832159
2022-08-31T04:00:00Z,34.16,34.36,33.605,33.61,1005707
2022-08-30T04:00:00Z,34.21,34.28,33.54,34.09,847940
2022-08-29T04:00:00Z,33.85,34.145,33.62,33.92,830315
2022-08-26T04:00:00Z,35.415,35.46,34.02,34.04,760216
2022-08-25T04:00:00Z,34.64,35.28,34.45,35.18,918283
2022-08-24T04:00:00Z,34.24,34.79,34.06,34.54,557142
2022-08-23T04:00:00Z,34.63,34.965,34.37,34.415,563217
2022-08-22T04:00:00Z,34.6,34.815,34.455,34.74,570347
2022-08-19T04:00:00Z,35.98,36.03,35.31,35.48,688363
2022-08-18T04:00:00Z,36.305,36.39,36,36.285,637909
2022-08-17T04:00:00Z,36.15,36.59,36.09,36.42,558598
2022-08-16T04:00:00Z,36.16,36.935,36.115,36.65,658123
2022-08-15T04:00:00Z,35.79,36.3,35.68,36.245,533470
2022-08-12T04:00:00Z,36.18,36.31,35.7,36.295,544202
2022-08-11T04:00:00Z,35.77,36.06,35.65,35.93,1442558
2022-08-10T04:00:00Z,34.51,35.425,34.49,35.07,1961990
2022-08-09T04:00:00Z,33.52,33.96,33.43,33.915,909279
2022-08-08T04:00:00Z,34.205,34.29,33.46,33.47,711633
2022-08-05T04:00:00Z,33.39,34.325,33.24,33.965,918313
2022-08-04T04:00:00Z,33.52,33.665,33.18,33.38,947672
2022-08-03T04:00:00Z,33.38,33.75,33.17,33.64,790040
2022-08-02T04:00:00Z,33.54,33.71,33,33.04,1195363
2022-08-01T04:00:00Z,33.58,33.89,33.22,33.71,816051
2022-07-29T04:00:00Z,33.43,33.94,33.35,33.81,1801159
2022-07-28T04:00:00Z,33.5,33.74,32.895,33.29,816478
2022-07-27T04:00:00Z,33.22,33.765,32.955,33.57,741508
2022-07-26T04:00:00Z,33.385,33.765,32.96,33.035,866602
2022-07-25T04:00:00Z,33.82,33.965,33.44,33.73,846008
2022-07-22T04:00:00Z,33.64,33.94,33.095,33.42,879944
2022-07-21T04:00:00Z,33.03,33.665,32.96,33.66,972098
2022-07-20T04:00:00Z,33.175,33.445,32.955,33.36,937450
2022-07-19T04:00:00Z,32.93,33.62,32.695,33.34,1971891
2022-07-18T04:00:00Z,33.09,33.375,32.115,32.27,1205471
2022-07-15T04:00:00Z,30.68,32.63,30.65,32.2,2485640
2022-07-14T04:00:00Z,30.09,30.21,29.67,30.125,1567885
2022-07-13T04:00:00Z,31.065,31.14,30.4,30.84,1264157
2022-07-12T04:00:00Z,31.02,32.025,30.995,31.36,819712
2022-07-11T04:00:00Z,31.6,31.77,31.29,31.46,642566
2022-07-08T04:00:00Z,32,32.235,31.57,31.79,723169
2022-07-07T04:00:00Z,31.49,32.005,31.49,31.86,1026937
2022-07-06T04:00:00Z,31.04,31.235,30.645,30.97,831139
2022-07-05T04:00:00Z,30.79,31.24,30.455,31.22,1410253
2022-07-01T04:00:00Z,30.97,31.67,30.635,31.56,1136173
2022-06-30T04:00:00Z,31.135,31.525,30.65,31.18,1469247
2022-06-29T04:00:00Z,32.355,32.43,31.665,31.825,868986
2022-06-28T04:00:00Z,32.845,33.495,32.2,32.26,1171856
2022-06-27T04:00:00Z,32.48,32.595,31.905,32.36,1368285
2022-06-24T04:00:00Z,31.26,32.76,31.26,32.33,2490781
2022-06-23T04:00:00Z,32.35,32.39,31.265,32.09,1256722
2022-06-22T04:00:00Z,32.35,32.935,32.34,32.56,961144
2022-06-21T04:00:00Z,32.895,33.285,32.62,32.86,1732187
2022-06-17T04:00:00Z,31.84,32.57,31.655,31.915,1879496
2022-06-16T04:00:00Z,31.4,31.995,30.86,31.87,1945428
2022-06-15T04:00:00Z,31.95,32.49,31.43,32.03,1662178
2022-06-14T04:00:00Z,31.99,32.57,31.235,31.48,1451473
2022-06-13T04:00:00Z,32.38,32.76,31.75,32.05,1609546
2022-06-10T04:00:00Z,33.64,34.035,33.025,33.17,937748
2022-06-09T04:00:00Z,35.755,35.835,34.5,34.5,1026971
2022-06-08T04:00:00Z,35.845,36.105,35.535,35.88,1120268
2022-06-07T04:00:00Z,35.875,36.405,35.78,36.34,487305
2022-06-06T04:00:00Z,36.71,37.205,36.15,36.15,1091570
2022-06-03T04:00:00Z,36.485,36.665,36.135,36.18,588396
2022-06-02T04:00:00Z,36.4,36.71,36.08,36.69,943677
2022-06-01T04:00:00Z,37.365,37.435,36.18,36.66,1054053
2022-05-31T04:00:00Z,36.86,37.525,36.61,37.2,1106002
2022-05-27T04:00:00Z,36.895,37.045,36.585,37.02,1455539
2022-05-26T04:00:00Z,36.555,36.83,36.345,36.67,1268349
2022-05-25T04:00:00Z,35.33,36.265,35.32,35.8,1251132
2022-05-24T04:00:00Z,35.53,35.94,34.96,35.68,1461485
2022-05-23T04:00:00Z,34.78,36.26,34.755,35.88,1967069
2022-05-20T04:00:00Z,34.81,34.945,32.965,33.84,1360050
2022-05-19T04:00:00Z,34.3,34.84,34.255,34.47,1310108
2022-05-18T04:00:00Z,35.62,35.68,34.61,34.88,1297006
2022-05-17T04:00:00Z,35.615,36.21,35.435,35.975,1705547
2022-05-16T04:00:00Z,35.05,35.165,34.415,34.82,1921698
2022-05-13T04:00:00Z,35.55,35.715,34.755,35.17,1388847
2022-05-12T04:00:00Z,35.01,35.42,34.265,35.09,1421329
2022-05-11T04:00:00Z,35.89,36.91,35.515,35.56,889384
2022-05-10T04:00:00Z,36.83,37.12,35.185,35.76,1336404
2022-05-09T04:00:00Z,36.76,37.04,36.065,36.37,1269314
2022-05-06T04:00:00Z,37.315,37.615,36.62,37.48,1630837
2022-05-05T04:00:00Z,38.03,38.19,36.885,37.58,888546
2022-05-04T04:00:00Z,37.37,38.75,37.3,38.62,1406738
2022-05-03T04:00:00Z,36.41,37.625,36.34,37.12,1172060
2022-05-02T04:00:00Z,36,36.27,35.415,36.15,1198134
2022-04-29T04:00:00Z,36.74,37.1,35.545,35.68,757968
2022-04-28T04:00:00Z,36.77,36.94,36.17,36.83,956103
2022-04-27T04:00:00Z,36.29,36.91,36.185,36.24,779636
2022-04-26T04:00:00Z,36.88,37.53,36.425,36.47,1021323
2022-04-25T04:00:00Z,36.82,37.395,35.93,37.29,1203647
2022-04-22T04:00:00Z,38.795,38.835,37.5,37.55,1114531
2022-04-21T04:00:00Z,40,40.19,38.62,38.92,2034717
2022-04-20T04:00:00Z,40.15,40.37,39.61,39.66,1571435
2022-04-19T04:00:00Z,39.2,39.88,39.18,39.57,1136822
2022-04-18T04:00:00Z,37.31,39.3,37.23,38.89,1968747
2022-04-14T04:00:00Z,38.47,38.955,37.43,37.53,2168676
2022-04-13T04:00:00Z,38.51,39.01,38.38,38.85,1127369
2022-04-12T04:00:00Z,39.57,40.07,38.86,39.17,1169378
2022-04-11T04:00:00Z,39.49,40.395,39.45,39.61,889793
2022-04-08T04:00:00Z,39.53,40.1,39.325,39.69,1156612
2022-04-07T04:00:00Z,39.865,39.94,38.85,39.4,1598434
2022-04-06T04:00:00Z,39.77,40,39.355,39.73,1634592
2022-04-05T04:00:00Z,40.36,40.74,40.045,40.12,1338800
2022-04-04T04:00:00Z,40.58,41.135,40.16,40.83,2669247
2022-04-01T04:00:00Z,41.6,41.74,40.35,40.89,3610308
2022-03-31T04:00:00Z,42.87,42.885,41.21,41.22,1349725
2022-03-30T04:00:00Z,43.44,43.635,42.75,43.01,701562
2022-03-29T04:00:00Z,44.24,44.38,43.11,43.45,959203
2022-03-28T04:00:00Z,43.73,43.74,42.83,43.535,589554
2022-03-25T04:00:00Z,43.35,44.25,43.33,43.73,959092
2022-03-24T04:00:00Z,43.36,43.425,42.895,43.07,695039
2022-03-23T04:00:00Z,43.715,44.005,43.03,43.09,1439493
2022-03-22T04:00:00Z,43.84,44.625,43.74,44.18,1177451
2022-03-21T04:00:00Z,43.345,43.41,42.505,42.86,892161
2022-03-18T04:00:00Z,42.74,42.93,42.26,42.88,1301548
2022-03-17T04:00:00Z,42.41,43.04,41.84,43.02,1036967
2022-03-16T04:00:00Z,42.28,43.045,41.945,42.78,1908992
2022-03-15T04:00:00Z,41.47,41.74,40.89,41.51,801537
2022-03-14T04:00:00Z,40.93,42.175,40.9,41.2,1379583
2022-03-11T05:00:00Z,41.14,41.36,40.29,40.33,834149
2022-03-10T05:00:00Z,40.265,41.47,40.125,40.67,925799
2022-03-09T05:00:00Z,40.54,41.595,40.17,41.03,1408317
2022-03-07T05:00:00Z,39.93,40.04,38.22,38.34,2766451
2022-03-04T05:00:00Z,41.275,41.355,40.32,40.98,1777293
2022-03-03T05:00:00Z,43.08,43.485,42.21,42.49,922641
2022-03-02T05:00:00Z,42.73,43.53,42.645,43.16,3366371
2022-03-01T05:00:00Z,43.71,43.71,41.93,42.495,1621452
2022-02-28T05:00:00Z,43.71,44.255,43.44,44.2,1390215
2022-02-25T05:00:00Z,43.87,45.35,43.8,45.02,1431744
2022-02-24T05:00:00Z,42.95,43.675,42.05,43.6,1852402
2022-02-23T05:00:00Z,45.87,46.105,44.575,44.785,990850
2022-02-22T05:00:00Z,45.235,45.97,45.055,45.57,985529
2022-02-18T05:00:00Z,46.02,46.53,45.725,45.95,662266
2022-02-17T05:00:00Z,47.07,47.285,45.955,46.06,2143009
2022-02-16T05:00:00Z,47.47,48.215,47.31,47.69,1187691
2022-02-15T05:00:00Z,48.09,48.365,47.58,47.77,1594459
2022-02-14T05:00:00Z,48.01,48.16,46.945,47.39,1413953
2022-02-11T05:00:00Z,48.62,49.44,47.505,47.91,1420946
2022-02-10T05:00:00Z,49.68,50.1,48.775,49.04,1004252
2022-02-09T05:00:00Z,49.23,49.78,49.035,49.255,755225
2022-02-08T05:00:00Z,49.13,50.015,48.945,49.38,1126574
2022-02-07T05:00:00Z,48.56,48.755,47.99,48.54,1013177
2022-02-04T05:00:00Z,47.05,48.685,46.69,48.28,1666603
2022-02-03T05:00:00Z,47.275,47.29,46.35,46.43,1019827
2022-02-02T05:00:00Z,46.66,46.955,46.31,46.885,910607
2022-02-01T05:00:00Z,46.2,47.1,45.915,46.93,1220729
2022-01-31T05:00:00Z,45.6,46.265,45.24,46.14,830998
2022-01-28T05:00:00Z,45.21,45.89,44.45,45.875,1429579
2022-01-27T05:00:00Z,46.365,46.735,45.1,45.5,1389334
2022-01-26T05:00:00Z,45.775,46.45,45.275,45.93,1248460
2022-01-25T05:00:00Z,44.26,45.565,43.84,45.43,1631719
2022-01-24T05:00:00Z,43.9,44.075,42.95,43.52,478158
2022-01-21T05:00:00Z,45.535,46.015,44.665,44.99,1997928
2022-01-20T05:00:00Z,46.69,47.045,45.67,45.76,1441638
2022-01-19T05:00:00Z,48.48,48.57,46.36,46.46,2284509
2022-01-18T05:00:00Z,47.81,47.9,46.06,46.365,1642892
2022-01-14T05:00:00Z,47.64,48.23,47.2,47.93,1988028
2022-01-13T05:00:00Z,48.97,49.49,48.63,48.76,1047379
2022-01-12T05:00:00Z,49.18,49.38,48.685,48.87,1120452
2022-01-11T05:00:00Z,49,49.245,48.655,49.24,744682
2022-01-10T05:00:00Z,49.97,50.055,48.345,48.945,1456053
2022-01-07T05:00:00Z,48.27,49.31,48.07,49.18,1241243
2022-01-06T05:00:00Z,47.93,48.155,47.195,48.13,1916568
2022-01-05T05:00:00Z,48.17,48.365,47.17,47.18,1527226
2022-01-04T05:00:00Z,47.07,48.425,47.04,48,1844307
2022-01-03T05:00:00Z,44.98,46.49,44.98,46.16,1935872
2021-12-31T05:00:00Z,44.47,44.72,44.285,44.48,431543
2021-12-30T05:00:00Z,44.8,45.08,44.485,44.53,355173
2021-12-29T05:00:00Z,44.87,45.12,44.61,44.65,379290
2021-12-28T05:00:00Z,44.46,45.07,44.46,44.68,492340
2021-12-27T05:00:00Z,44.49,44.8,44.325,44.65,963590
2021-12-23T05:00:00Z,44.65,45.065,44.405,44.42,710288
2021-12-22T05:00:00Z,44.11,44.575,43.88,44.28,875038
2021-12-21T05:00:00Z,43.58,44.475,43.56,44.19,1740968
2021-12-20T05:00:00Z,43.25,43.35,42.7,43.145,1081259
2021-12-17T05:00:00Z,44.55,44.69,43.635,43.88,1621441
2021-12-16T05:00:00Z,44.71,45.355,44.1,44.98,1752931
2021-12-15T05:00:00Z,44.41,44.435,43.62,43.925,1580748
2021-12-14T05:00:00Z,43.585,44.82,43.56,44.13,1264923
2021-12-13T05:00:00Z,44.28,44.365,43.39,43.59,713250
2021-12-10T05:00:00Z,44.73,44.805,44.09,44.52,970495
2021-12-09T05:00:00Z,43.87,44.715,43.65,44.48,849707
2021-12-08T05:00:00Z,44.73,44.78,44.09,44.165,1273874
2021-12-07T05:00:00Z,44.56,44.89,44.45,44.7,845022
2021-12-06T05:00:00Z,44.505,44.865,44,44.14,1167304
2021-12-03T05:00:00Z,44.98,45.03,43.6,43.88,1123404
2021-12-02T05:00:00Z,44.37,45.495,44.01,44.86,1300297
2021-12-01T05:00:00Z,45.25,45.7,43.83,43.85,1191839
2021-11-30T05:00:00Z,44.79,45.19,44.365,44.48,1345329
2021-11-29T05:00:00Z,46.28,46.69,45.175,45.56,1198082
2021-11-26T05:00:00Z,45.52,46.035,44.75,45.735,1103252
2021-11-24T05:00:00Z,47.42,47.98,47.21,47.63,832227
2021-11-23T05:00:00Z,46.81,47.64,46.675,47.49,1298862
2021-11-22T05:00:00Z,46.72,46.865,45.915,46.275,1593556
2021-11-19T05:00:00Z,45.74,45.75,44.84,45.415,1449466
2021-11-18T05:00:00Z,46.71,46.81,46.235,46.285,766293
2021-11-17T05:00:00Z,47.04,47.17,46.45,46.51,1080452
2021-11-16T05:00:00Z,47.205,47.275,46.7,47.07,560337
2021-11-15T05:00:00Z,47.12,47.39,46.905,47.05,769581
2021-11-12T05:00:00Z,47.51,47.52,46.76,46.9,1109416
2021-11-11T05:00:00Z,47.19,47.89,47.02,47.48,765264
2021-11-10T05:00:00Z,46.75,47.515,46.67,47.255,786994
2021-11-09T05:00:00Z,46.7,47.36,46.41,46.875,729375
2021-11-08T05:00:00Z,47.35,47.8,47.27,47.35,643555
2021-11-05T04:00:00Z,47.6,47.77,46.82,46.96,618309
2021-11-04T04:00:00Z,48.15,48.15,46.885,47.34,1134482
2021-11-03T04:00:00Z,47.735,48.69,47.62,48.35,1009867
2021-11-02T04:00:00Z,47.61,48.415,47.355,47.9,697886
2021-11-01T04:00:00Z,48.05,48.145,47.28,47.85,596655
2021-10-29T04:00:00Z,47.85,48.125,47.52,47.76,572657
2021-10-28T04:00:00Z,47.5,47.99,47.32,47.78,711654
2021-10-27T04:00:00Z,47.54,48.155,47.025,47.05,1431337
2021-10-26T04:00:00Z,47.61,48.42,47.45,47.97,806529
2021-10-22T04:00:00Z,46.99,47.61,46.99,47.57,818309
2021-10-21T04:00:00Z,47.04,47.47,46.615,46.81,1051382
2021-10-20T04:00:00Z,46.48,47.23,46.065,47.1,864685
2021-10-19T04:00:00Z,46.495,46.62,46.205,46.495,840101
2021-10-18T04:00:00Z,46.28,46.865,46.04,46.27,1145972
2021-10-15T04:00:00Z,45.71,46.67,45.385,46.36,1309617
2021-10-14T04:00:00Z,44.355,45.1,43.485,45.07,2023146
2021-10-13T04:00:00Z,43.39,43.62,42.345,43.12,1200901
2021-10-12T04:00:00Z,43.65,43.99,43.27,43.55,1322073
2021-10-11T04:00:00Z,44.595,44.8,43.75,43.78,954842
2021-10-08T04:00:00Z,44.08,44.81,43.95,44.34,823165
2021-10-07T04:00:00Z,44.725,44.87,44.03,44.12,1528101
2021-10-06T04:00:00Z,43.88,44.29,43.56,44.25,980577
2021-10-05T04:00:00Z,43.77,44.745,43.675,44.21,1731219
2021-10-04T04:00:00Z,43.12,44.055,43.08,43.33,1760383
2021-10-01T04:00:00Z,42.56,43.425,42.5,43.08,803523
2021-09-30T04:00:00Z,43.34,43.34,42.24,42.45,1179145
2021-09-29T04:00:00Z,43.18,43.315,42.75,43.07,990417
2021-09-28T04:00:00Z,43.43,44.025,43.07,43.15,1852756
2021-09-27T04:00:00Z,42.72,43.425,42.66,43.26,1572590
2021-09-24T04:00:00Z,41.65,42.34,41.65,42.13,1014805
2021-09-23T04:00:00Z,40.78,41.875,40.67,41.67,1197561
2021-09-22T04:00:00Z,39.805,40.515,39.78,40.13,1040707
2021-09-21T04:00:00Z,39.365,39.58,38.945,39.125,973760
2021-09-20T04:00:00Z,39.38,39.455,38.36,39.1,1606853
2021-09-17T04:00:00Z,40.245,40.655,40.08,40.5,1639247
2021-09-16T04:00:00Z,40.495,40.795,40.195,40.435,889321
2021-09-15T04:00:00Z,39.85,40.335,39.705,40.16,1517118
2021-09-14T04:00:00Z,41.16,41.31,39.665,39.83,1490488
2021-09-13T04:00:00Z,40.595,40.96,40.36,40.96,1334542
2021-09-10T04:00:00Z,41.3,41.34,40.245,40.275,1120030
2021-09-09T04:00:00Z,40.675,41.35,40.57,40.92,1096159
2021-09-08T04:00:00Z,41.19,41.49,40.685,40.78,769627
2021-09-07T04:00:00Z,41.22,41.835,41.18,41.305,1415863
2021-09-03T04:00:00Z,41.025,41.175,40.69,41.055,1231846
2021-09-02T04:00:00Z,41.085,41.48,40.67,41.01,1564929
2021-09-01T04:00:00Z,41.74,41.74,41.035,41.18,2539741
2021-08-31T04:00:00Z,41.66,42.05,41.365,41.725,1334649
2021-08-30T04:00:00Z,42.585,42.59,41.65,41.66,1022552
2021-08-27T04:00:00Z,42.085,42.64,41.95,42.48,682763
2021-08-26T04:00:00Z,42.51,42.825,42.02,42.035,932660
2021-08-25T04:00:00Z,41.68,42.43,41.54,42.155,872274
2021-08-24T04:00:00Z,41.12,41.67,41.08,41.47,858227
2021-08-23T04:00:00Z,40.665,41.095,40.665,40.915,775344
2021-08-20T04:00:00Z,40.05,40.46,39.925,40.38,1076387
2021-08-19T04:00:00Z,40.135,40.66,40.015,40.175,1235849
2021-08-18T04:00:00Z,40.78,41.525,40.68,40.775,1125396
2021-08-17T04:00:00Z,41.015,41.56,40.625,41.105,1104953
2021-08-16T04:00:00Z,41.225,41.3,40.62,41.285,740994
2021-08-13T04:00:00Z,42.15,42.195,41.43,41.63,980007
2021-08-12T04:00:00Z,42.215,42.28,41.775,42.155,917237
2021-08-11T04:00:00Z,41.595,42.185,41.5,41.965,1108287
2021-08-10T04:00:00Z,40.695,41.62,40.595,41.445,925097
2021-08-09T04:00:00Z,40.045,40.955,39.805,40.68,950355
2021-08-06T04:00:00Z,39.47,40.4,39.47,40.155,1342439
2021-08-05T04:00:00Z,38.7,39.055,38.57,39.03,852831
2021-08-04T04:00:00Z,38.01,38.76,37.88,38.275,900111
2021-08-03T04:00:00Z,38.15,38.625,37.555,38.545,704470
2021-08-02T04:00:00Z,38.57,38.95,37.91,37.915,1539826
2021-07-30T04:00:00Z,38.505,38.825,38.05,38.355,1277165
2021-07-29T04:00:00Z,38.555,38.975,38.39,38.685,1004498
2021-07-28T04:00:00Z,38.2,38.5,37.76,38.13,809658
2021-07-27T04:00:00Z,37.69,38.235,37.465,37.99,962645
2021-07-26T04:00:00Z,37.7,38.235,37.7,38.125,819043
2021-07-23T04:00:00Z,38.2,38.27,37.565,37.7,1274848
2021-07-22T04:00:00Z,38.34,38.375,37.68,37.96,1256397
2021-07-21T04:00:00Z,38.045,38.77,37.985,38.46,1265838
2021-07-20T04:00:00Z,36.76,38.115,36.63,37.68,1500995
2021-07-19T04:00:00Z,36.75,37.21,36.55,36.935,3348034
2021-07-16T04:00:00Z,39.23,39.265,37.59,37.91,1527693
2021-07-15T04:00:00Z,38.415,39.325,38.32,38.815,1933527
2021-07-14T04:00:00Z,39.11,39.54,37.79,38.865,2768745
2021-07-13T04:00:00Z,40.36,40.42,39.585,39.88,960545
2021-07-12T04:00:00Z,39.83,40.8,39.645,40.62,1001986
2021-07-09T04:00:00Z,39.67,40.235,39.41,40.04,1164647
2021-07-08T04:00:00Z,38.64,39.22,38.485,38.78,1103563
2021-07-07T04:00:00Z,39.56,39.98,39.365,39.77,1220536
2021-07-06T04:00:00Z,40.82,40.86,39.875,40.065,1262605
2021-07-02T04:00:00Z,41.33,41.455,41.105,41.145,632971
2021-07-01T04:00:00Z,41.62,41.7,41.22,41.56,582146
2021-06-30T04:00:00Z,40.78,41.35,40.72,41.22,555933
2021-06-29T04:00:00Z,41.64,41.94,40.75,40.875,1137923
2021-06-28T04:00:00Z,41.445,41.58,41.11,41.555,746326
2021-06-25T04:00:00Z,41.19,41.825,40.845,41.62,1207291
2021-06-24T04:00:00Z,40.39,41.01,40.185,40.84,960324
2021-06-23T04:00:00Z,40.16,40.41,40.075,40.185,833116
2021-06-22T04:00:00Z,39.83,40.26,39.29,39.96,1122162
2021-06-21T04:00:00Z,39.12,39.775,39.03,39.73,1208363
2021-06-18T04:00:00Z,39.01,39.29,38.49,38.77,2416474
2021-06-17T04:00:00Z,42.055,42.06,39.72,39.8,2301451
2021-06-16T04:00:00Z,41.225,41.98,40.675,41.605,2474105
2021-06-15T04:00:00Z,41.27,41.555,40.905,41.375,918060
2021-06-14T04:00:00Z,41.805,41.89,41.07,41.355,1147982
2021-06-11T04:00:00Z,41.77,41.88,41.515,41.855,467764
2021-06-10T04:00:00Z,42.725,42.93,41.615,41.685,796844
2021-06-09T04:00:00Z,42.47,42.72,42.11,42.315,1359751
2021-06-08T04:00:00Z,42.76,43.235,42.425,42.88,818402
2021-06-07T04:00:00Z,43.28,43.38,43.065,43.1,497473
2021-06-04T04:00:00Z,43.19,43.38,42.835,43.28,699279
2021-06-03T04:00:00Z,42.74,43.485,42.685,43.255,897778
2021-06-02T04:00:00Z,43.07,43.17,42.6,42.95,810792
2021-06-01T04:00:00Z,42.93,43.28,42.765,42.92,1005213
2021-05-28T04:00:00Z,42.66,42.705,42.06,42.37,906177
2021-05-27T04:00:00Z,42.5,42.845,42.12,42.53,1105173
2021-05-26T04:00:00Z,42.03,42.245,41.675,42.04,1062454
2021-05-25T04:00:00Z,42.725,43.245,41.935,41.995,1260126
2021-05-24T04:00:00Z,42.58,42.78,42.25,42.62,708002
2021-05-21T04:00:00Z,42.01,42.595,41.915,42.41,912127
2021-05-20T04:00:00Z,41.94,42.12,41.46,41.88,907111
2021-05-19T04:00:00Z,41.72,42,41.31,41.96,865598
2021-05-18T04:00:00Z,42.74,42.945,42.145,42.155,908417
2021-05-17T04:00:00Z,42.23,42.85,42.16,42.73,716476
2021-05-14T04:00:00Z,42.06,42.47,41.92,42.36,624921
2021-05-13T04:00:00Z,40.89,42.09,40.79,41.83,1121508
2021-05-12T04:00:00Z,42.38,42.555,41.045,41.19,949494
2021-05-11T04:00:00Z,41.7,42.33,41.345,41.56,1088296
2021-05-10T04:00:00Z,42.4,42.935,42.035,42.05,1113427
2021-05-07T04:00:00Z,41.13,42.245,41.12,42.18,926227
2021-05-06T04:00:00Z,41.53,42.05,41.25,42.03,733453
2021-05-05T04:00:00Z,41.2,41.555,40.765,41.365,996966
2021-05-04T04:00:00Z,40.22,41.075,39.78,40.96,1333195
2021-05-03T04:00:00Z,40.92,41.04,40.42,40.56,917675
2021-04-30T04:00:00Z,40.77,40.895,40.475,40.52,1041402
2021-04-29T04:00:00Z,40.58,41.12,40.465,41.12,965243
2021-04-28T04:00:00Z,39.98,40.22,39.915,40.04,596038
2021-04-27T04:00:00Z,39.66,39.92,39.54,39.885,683121
2021-04-26T04:00:00Z,39.39,39.845,39.295,39.4,565418
2021-04-23T04:00:00Z,38.32,39.34,38.225,39.17,1002286
2021-04-22T04:00:00Z,38.73,38.74,38.165,38.35,1240024
2021-04-21T04:00:00Z,37.63,38.775,37.415,38.725,845456
2021-04-20T04:00:00Z,38.97,38.97,37.895,38.065,1178490
2021-04-16T04:00:00Z,39.31,39.42,38.915,39.16,1596985
2021-04-15T04:00:00Z,39.71,39.83,38.055,38.75,2697755
2021-04-14T04:00:00Z,39,40.325,38.92,39.89,966103
2021-04-13T04:00:00Z,39.81,39.81,39.21,39.31,692527
2021-04-12T04:00:00Z,40,40.375,39.855,40.055,1193970
2021-04-09T04:00:00Z,39.91,40.17,39.515,39.995,1268746
2021-04-08T04:00:00Z,39.835,39.835,39.22,39.665,1086334
2021-04-07T04:00:00Z,39.78,40.145,39.595,40.055,1121673
2021-04-06T04:00:00Z,39.55,40.145,39.455,39.68,1432220
2021-04-05T04:00:00Z,40,40.27,39.605,39.8,1618123
2021-04-01T04:00:00Z,38.795,39.52,38.795,39.495,2200618
2021-03-31T04:00:00Z,38.62,38.985,38.46,38.705,972825
2021-03-30T04:00:00Z,38.65,39.455,38.65,38.92,1417491
2021-03-29T04:00:00Z,38.03,38.615,37.86,38.25,1501458
2021-03-26T04:00:00Z,38.36,38.755,38.075,38.68,1857229
2021-03-25T04:00:00Z,36.87,37.75,36.635,37.66,1015940
2021-03-24T04:00:00Z,37.21,37.785,36.9,36.9,1088027
2021-03-23T04:00:00Z,37.26,37.815,36.785,36.905,1037437
2021-03-22T04:00:00Z,38.055,38.38,37.41,37.665,1091803
2021-03-19T04:00:00Z,38.36,38.905,37.53,38.58,2047059
2021-03-18T04:00:00Z,38.5,39.965,38.44,38.925,2589002
2021-03-17T04:00:00Z,37.98,38.35,37.33,37.97,1341037
2021-03-16T04:00:00Z,37.42,37.72,36.975,37.655,1170031
2021-03-15T04:00:00Z,38.02,38.07,37.22,37.75,993541
2021-03-12T05:00:00Z,37.91,38.175,37.675,37.94,1403305
2021-03-11T05:00:00Z,37.27,37.79,36.86,37.25,971045
2021-03-10T05:00:00Z,36.44,37.53,36.37,37.37,866557
2021-03-09T05:00:00Z,36.335,37.16,35.82,36.31,1420774
2021-03-08T05:00:00Z,37.34,37.73,36.825,37.09,1075714
2021-03-05T05:00:00Z,37.05,37.595,36.175,36.925,1688310
2021-03-04T05:00:00Z,36.15,36.86,35.93,36.5,1960174
2021-03-03T05:00:00Z,35.94,36.97,35.84,36.425,1551953
2021-03-02T05:00:00Z,35.64,35.935,35.505,35.52,1085432
2021-03-01T05:00:00Z,35.52,36.04,35.25,35.795,1143414
2021-02-26T05:00:00Z,35.7,36.02,34.685,34.69,1598465
2021-02-25T05:00:00Z,36.96,37.015,35.76,35.93,1366399
2021-02-24T05:00:00Z,35.74,36.52,35.6,36.415,1254721
2021-02-23T05:00:00Z,35.42,35.885,35.14,35.55,1397785
2021-02-22T05:00:00Z,34.48,35.25,34.43,35.15,1111435
2021-02-19T05:00:00Z,34.2,34.72,34.2,34.54,980798
2021-02-18T05:00:00Z,34.03,34.645,34.03,34.175,788383
2021-02-17T05:00:00Z,34.03,34.555,33.79,34.42,889324
2021-02-16T05:00:00Z,33.94,34.555,33.725,34.26,1325789
2021-02-12T05:00:00Z,32.97,33.45,32.94,33.365,921516
2021-02-11T05:00:00Z,32.96,33.305,32.55,32.905,690897
2021-02-10T05:00:00Z,33.12,33.415,32.88,32.965,1228416
2021-02-09T05:00:00Z,32.97,33.01,32.585,32.965,727269
2021-02-08T05:00:00Z,32.43,33.28,32.4,33.09,1182355
2021-02-05T05:00:00Z,32.88,32.905,32.32,32.38,925923
2021-02-04T05:00:00Z,31.8,32.53,31.8,32.505,1140087
2021-02-03T05:00:00Z,30.93,31.72,30.88,31.585,822570
2021-02-02T05:00:00Z,30.61,31.2,30.545,31.02,1096130
2021-02-01T05:00:00Z,29.85,30.035,29.57,29.96,817171
2021-01-29T05:00:00Z,30.42,30.485,29.6,29.6,1034010
2021-01-28T05:00:00Z,30.42,30.74,29.92,30.3,837446
2021-01-27T05:00:00Z,30.38,30.42,29.675,29.83,1208126
2021-01-26T05:00:00Z,31.38,31.43,30.91,30.935,1006944
2021-01-25T05:00:00Z,31.27,31.27,30.575,31.135,786557
2021-01-22T05:00:00Z,31.37,31.75,31.27,31.54,698277
2021-01-21T05:00:00Z,32.34,32.455,31.735,31.77,1252200
2021-01-20T05:00:00Z,32.73,32.79,32.16,32.33,965802
2021-01-19T05:00:00Z,32.46,33.6,32.2,32.755,1521489
2021-01-15T05:00:00Z,33.32,33.63,32.715,33.03,965171
2021-01-14T05:00:00Z,33.48,34.37,33.42,33.98,864699
2021-01-13T05:00:00Z,33.43,33.66,33.09,33.46,625097
2021-01-12T05:00:00Z,33.42,33.97,33.205,33.715,1443476
2021-01-11T05:00:00Z,32.08,33.125,31.92,33.065,1013462
2021-01-08T05:00:00Z,32.9,32.99,32.115,32.53,683867
2021-01-07T05:00:00Z,33.29,33.62,32.84,32.86,1225621
2021-01-06T05:00:00Z,31.93,32.615,31.355,32.155,2089489
2021-01-05T05:00:00Z,30.18,30.535,29.915,30.255,931694
2021-01-04T05:00:00Z,30.47,30.565,29.75,30.015,780161
2020-12-31T05:00:00Z,30,30.38,29.9,30.33,448697
2020-12-30T05:00:00Z,30,30.22,29.945,29.99,374244
2020-12-29T05:00:00Z,30.09,30.245,29.93,30,432890
2020-12-28T05:00:00Z,30.19,30.54,29.99,30.13,558664
2020-12-24T05:00:00Z,30.16,30.21,29.75,29.96,410793
2020-12-23T05:00:00Z,29.39,30.35,29.335,30.06,916279
2020-12-22T05:00:00Z,29.76,29.78,29.17,29.195,501914
2020-12-21T05:00:00Z,29.06,29.99,28.745,29.735,1770809
2020-12-18T05:00:00Z,28.88,29.095,28.565,28.62,1126972
2020-12-17T05:00:00Z,28.71,28.915,28.535,28.835,646170
2020-12-16T05:00:00Z,28.75,28.81,28.445,28.72,807555
2020-12-15T05:00:00Z,28.35,28.815,28.25,28.635,1087646
2020-12-14T05:00:00Z,28.92,28.94,28.15,28.23,502469
2020-12-11T05:00:00Z,28.68,28.72,28.31,28.57,636303
2020-12-10T05:00:00Z,28.58,29.13,28.47,29.13,1078403
2020-12-09T05:00:00Z,29.22,29.245,28.755,28.795,1800655
2020-12-08T05:00:00Z,28.82,29.15,28.79,28.935,578124
2020-12-07T05:00:00Z,28.89,29.145,28.685,29.085,770323
2020-12-04T05:00:00Z,29.17,29.42,29,29.275,1689033
2020-12-03T05:00:00Z,28.94,29.095,28.635,28.9,1360466
2020-12-02T05:00:00Z,28.64,29.18,28.54,29.06,904938
2020-12-01T05:00:00Z,28.74,29.035,28.675,28.685,663809
2020-11-30T05:00:00Z,28.72,28.86,28.1,28.14,1869098
2020-11-27T05:00:00Z,28.98,29.095,28.815,28.985,520258
2020-11-25T05:00:00Z,28.74,29.04,28.49,29.035,1361305
2020-11-24T05:00:00Z,27.94,28.99,27.93,28.99,2000966
2020-11-23T05:00:00Z,27.1,27.52,27.065,27.4,1112635
2020-11-20T05:00:00Z,26.74,26.94,26.635,26.81,856479
2020-11-19T05:00:00Z,26.9,27.005,26.655,26.985,714865
2020-11-18T05:00:00Z,27.64,27.91,26.965,26.97,945328
2020-11-17T05:00:00Z,27.26,27.595,27.02,27.535,826162
2020-11-16T05:00:00Z,27.91,27.97,27.18,27.595,1230678
2020-11-13T05:00:00Z,26.88,27.205,26.76,26.99,1155633
2020-11-12T05:00:00Z,26.84,26.9,26.31,26.68,1245071
2020-11-11T05:00:00Z,27.735,27.77,27.12,27.33,841399
2020-11-10T05:00:00Z,27.53,27.755,27.19,27.665,1612979
2020-11-09T05:00:00Z,26.62,28.265,26.305,27.78,3782832
2020-11-06T05:00:00Z,24.95,24.95,24.235,24.295,762081
2020-11-05T05:00:00Z,23.93,24.785,23.86,24.6,1292157
2020-11-04T05:00:00Z,23.88,24.13,23.28,23.685,1867849
2020-11-03T05:00:00Z,24.57,24.94,24.515,24.7,1386985
2020-11-02T05:00:00Z,23.89,24.26,23.475,24.07,1577959
2020-10-30T04:00:00Z,23.52,23.835,23.25,23.68,1053774
2020-10-29T04:00:00Z,23.36,23.75,23.125,23.53,1289814
2020-10-28T04:00:00Z,23.35,23.65,23.12,23.44,3812410
2020-10-27T04:00:00Z,24.32,24.385,23.815,23.845,1515930
2020-10-26T04:00:00Z,24.445,24.575,24.155,24.52,2345010
2020-10-23T04:00:00Z,25.19,25.255,24.72,24.9,891353
2020-10-22T04:00:00Z,24.05,24.9,24.015,24.87,1561281
2020-10-21T04:00:00Z,24.19,24.335,24.02,24.045,571646
2020-10-20T04:00:00Z,23.895,24.48,23.88,24.14,903036
2020-10-19T04:00:00Z,24.3,24.305,23.695,23.705,602443
2020-10-16T04:00:00Z,24.205,24.35,23.94,24.235,854997
2020-10-15T04:00:00Z,23.54,24.195,23.48,24.15,1285378
2020-10-14T04:00:00Z,24.355,24.58,23.605,23.605,2628765
2020-10-13T04:00:00Z,25.61,25.62,24.845,24.925,1245047
2020-10-12T04:00:00Z,25.28,25.83,25.25,25.685,859625
2020-10-09T04:00:00Z,25.33,25.49,25.045,25.35,910736
2020-10-08T04:00:00Z,24.94,25.295,24.815,25.24,940311
2020-10-07T04:00:00Z,24.64,25.11,24.605,24.895,879958
2020-10-06T04:00:00Z,24.9,25.185,24.285,24.36,1215940
2020-10-05T04:00:00Z,24.51,24.71,24.38,24.625,1124071
2020-10-02T04:00:00Z,23.625,24.43,23.58,24.205,1122673
2020-10-01T04:00:00Z,24.26,24.39,23.875,24.115,1023652
2020-09-30T04:00:00Z,23.805,24.315,23.795,24.085,718161
2020-09-29T04:00:00Z,23.955,23.975,23.535,23.79,747235
2020-09-28T04:00:00Z,23.875,24.3,23.795,24.09,910839
2020-09-25T04:00:00Z,23.225,23.545,23.145,23.49,670185
2020-09-24T04:00:00Z,23.325,23.805,22.965,23.34,978194
2020-09-23T04:00:00Z,24.105,24.245,23.26,23.26,1721729
2020-09-22T04:00:00Z,24.32,24.585,23.815,23.955,1754214
2020-09-21T04:00:00Z,24.55,24.775,24.035,24.48,886164
2020-09-18T04:00:00Z,25.18,25.575,25.155,25.21,1034463
2020-09-17T04:00:00Z,25.11,25.475,25.11,25.355,625048
2020-09-16T04:00:00Z,25.3,25.91,25.055,25.61,1120748
2020-09-15T04:00:00Z,25.765,25.795,25.195,25.275,1548459
2020-09-14T04:00:00Z,25.68,25.99,25.54,25.785,698992
2020-09-11T04:00:00Z,25.17,25.575,25.095,25.5,639605
2020-09-10T04:00:00Z,25.7,25.875,25.095,25.13,1492637
2020-09-09T04:00:00Z,25.63,25.715,25.25,25.515,759141
2020-09-08T04:00:00Z,26.19,26.305,25.395,25.475,925086
2020-09-04T04:00:00Z,26.26,26.755,25.8,26.535,1895993
2020-09-03T04:00:00Z,26.21,26.61,25.465,25.645,1932635
2020-09-02T04:00:00Z,25.525,26.155,25.49,26.015,1500227
2020-09-01T04:00:00Z,25.555,25.89,25.405,25.73,619300
2020-08-31T04:00:00Z,26.105,26.125,25.69,25.765,932547
2020-08-28T04:00:00Z,26.46,26.46,25.995,26.31,904233
2020-08-27T04:00:00Z,25.455,26.215,25.445,26.045,965713
2020-08-26T04:00:00Z,25.87,25.88,25.54,25.56,570978
2020-08-25T04:00:00Z,26.045,26.185,25.74,26.015,1496176
2020-08-24T04:00:00Z,25.19,25.69,25.045,25.685,1805380
2020-08-21T04:00:00Z,25.01,25.43,24.9,24.995,590174
2020-08-20T04:00:00Z,25.09,25.32,25.025,25.115,1525606
2020-08-19T04:00:00Z,25.605,26.075,25.395,25.51,1703296
2020-08-18T04:00:00Z,25.845,25.845,25.465,25.54,771484
2020-08-17T04:00:00Z,26.325,26.405,25.845,25.885,645137
2020-08-14T04:00:00Z,26.055,26.655,25.92,26.475,668955
2020-08-13T04:00:00Z,26.39,26.665,26.145,26.345,1029835
2020-08-12T04:00:00Z,27.45,27.565,26.415,26.725,1221822
2020-08-11T04:00:00Z,27.29,27.75,26.785,26.925,1347346
2020-08-10T04:00:00Z,26.25,26.805,26.22,26.58,1332753
2020-08-07T04:00:00Z,25.335,26.185,25.265,26.115,946601
2020-08-06T04:00:00Z,25.405,25.665,25.29,25.465,865101
2020-08-05T04:00:00Z,25.325,25.585,25.255,25.39,774149
2020-08-04T04:00:00Z,24.97,25.06,24.865,25,635309
2020-08-03T04:00:00Z,25.01,25.305,24.7,24.985,1030503
2020-07-31T04:00:00Z,24.89,24.89,24.465,24.875,1672974
2020-07-30T04:00:00Z,24.61,24.95,24.345,24.835,1274598
2020-07-29T04:00:00Z,24.32,25.29,24.195,25.255,2191049
2020-07-28T04:00:00Z,24.125,24.56,24.075,24.365,1388453
2020-07-27T04:00:00Z,24.19,24.255,23.885,24.14,1407212
