2024-06-14T04:00:00Z,41.38,41.85,40.755,41.2,433420
2024-06-13T04:00:00Z,42.4,42.61,41.11,41.46,320001
2024-06-12T04:00:00Z,42.98,43,42.225,42.42,261484
2024-06-11T04:00:00Z,42.51,43.045,41.885,43.04,330520
2024-06-10T04:00:00Z,41.435,42.715,41.4,42.56,455899
2024-06-07T04:00:00Z,40.915,41.555,40.875,41.48,242791
2024-06-06T04:00:00Z,40.91,41.285,40.71,40.87,216050
2024-06-05T04:00:00Z,41.595,41.595,40.925,41.23,248588
2024-06-04T04:00:00Z,41.78,42.065,41.395,41.76,260112
2024-06-03T04:00:00Z,41.31,42.39,41.16,41.805,263991
2024-05-31T04:00:00Z,40.17,41.13,40.15,41.13,480953
2024-05-30T04:00:00Z,40.16,40.6,39.91,40.23,351013
2024-05-29T04:00:00Z,40.08,40.69,39.945,40.24,500945
2024-05-28T04:00:00Z,41.22,41.3,40.38,40.46,278713
2024-05-24T04:00:00Z,41.37,41.665,41.075,41.23,425784
2024-05-23T04:00:00Z,41.83,41.985,41.475,41.545,293828
2024-05-22T04:00:00Z,42.09,42.97,41.925,42.325,302277
2024-05-21T04:00:00Z,43.095,43.39,42.255,42.27,451853
2024-05-20T04:00:00Z,43.94,44.035,43.31,43.38,299710
2024-05-17T04:00:00Z,44.23,44.23,43.73,44.04,499013
2024-05-16T04:00:00Z,44.47,44.52,43.68,44.12,303986
2024-05-15T04:00:00Z,44.98,45.14,44.485,44.545,228913
2024-05-14T04:00:00Z,45.415,45.695,44.525,44.72,1088320
2024-05-13T04:00:00Z,44.91,45.315,44.9,45.09,465754
2024-05-10T04:00:00Z,44.8,44.97,44.31,44.94,228413
2024-05-09T04:00:00Z,43.655,44.81,43.5,44.75,382453
2024-05-08T04:00:00Z,44.02,44.19,43.555,43.67,359602
2024-05-07T04:00:00Z,44.06,44.25,43.835,44.04,418738
2024-05-06T04:00:00Z,44.175,44.61,43.785,43.9,249745
2024-05-03T04:00:00Z,43.81,44.295,43.69,44,243899
2024-05-02T04:00:00Z,44.37,44.37,43.335,43.7,548388
2024-05-01T04:00:00Z,44.24,44.415,43.735,44.215,250626
2024-04-30T04:00:00Z,44.33,44.76,43.94,43.96,824509
2024-04-29T04:00:00Z,45.115,45.37,44.535,44.64,511064
2024-04-26T04:00:00Z,44.575,45.365,44.365,44.84,424294
2024-04-25T04:00:00Z,47.42,47.42,44.375,44.68,944600
2024-04-24T04:00:00Z,48.86,49.04,48.565,48.85,746616
2024-04-23T04:00:00Z,49.17,49.465,48.96,49,224177
2024-04-22T04:00:00Z,48.95,49.55,48.9,49.16,146773
2024-04-19T04:00:00Z,48.43,49.04,48.12,48.925,217665
2024-04-18T04:00:00Z,47.89,48.39,47.625,48.295,420667
2024-04-17T04:00:00Z,48.44,48.53,47.71,47.84,308259
2024-04-16T04:00:00Z,48.44,48.595,48.255,48.27,318001
2024-04-15T04:00:00Z,48.29,49.085,48.14,48.51,340183
2024-04-12T04:00:00Z,48.97,49.09,48.26,48.3,332303
2024-04-11T04:00:00Z,50.32,50.56,49.11,49.12,260537
2024-04-10T04:00:00Z,51.12,51.23,50.28,50.28,211153
2024-04-09T04:00:00Z,51.18,51.68,51.11,51.6,221931
2024-04-08T04:00:00Z,51.21,51.29,50.87,51.11,255139
2024-04-05T04:00:00Z,51.045,51.43,50.79,51.32,326160
2024-04-04T04:00:00Z,51.92,52.08,51.205,51.4,219453
2024-04-03T04:00:00Z,52.73,52.82,52.1,52.19,226253
2024-04-02T04:00:00Z,52.94,53.315,52.53,52.75,227600
2024-04-01T04:00:00Z,54.15,54.15,52.96,52.96,204985
2024-03-28T04:00:00Z,53.45,54.46,53.405,54.23,267404
2024-03-27T04:00:00Z,53.11,53.685,52.85,53.27,257810
2024-03-26T04:00:00Z,52.45,52.65,52.045,52.56,228085
2024-03-25T04:00:00Z,52.005,52.725,51.96,52.26,185453
2024-03-22T04:00:00Z,51.61,52.445,51.54,51.93,264643
2024-03-21T04:00:00Z,51.835,52.635,51.56,51.595,197679
2024-03-20T04:00:00Z,51.525,52.14,51.285,51.9,182989
2024-03-19T04:00:00Z,51.8,51.915,51.42,51.81,246547
2024-03-18T04:00:00Z,52.54,52.69,51.535,51.59,265695
2024-03-15T04:00:00Z,52.34,53.15,52.26,52.43,683328
2024-03-14T04:00:00Z,52.52,52.68,51.815,52.52,523406
2024-03-13T04:00:00Z,54.66,55.015,52.595,52.62,695116
2024-03-12T04:00:00Z,54.23,54.6,53.84,54.415,403329
2024-03-11T04:00:00Z,53.95,54.555,53.83,54.32,376616
2024-03-08T05:00:00Z,53.48,54.245,53.35,53.79,632468
2024-03-07T05:00:00Z,53.49,53.75,52.985,53.27,439608
2024-03-06T05:00:00Z,52.345,53.8,52.33,53.39,723137
2024-03-05T05:00:00Z,51.045,52.105,51.02,51.82,493045
2024-03-04T05:00:00Z,51.4,52.185,50.72,50.91,549269
2024-03-01T05:00:00Z,50.93,51.07,50.445,50.89,229238
2024-02-29T05:00:00Z,50.88,51.16,50.28,50.72,260340
2024-02-28T05:00:00Z,50.56,50.96,50.37,50.94,181190
2024-02-27T05:00:00Z,50.57,50.7,50.15,50.5,231647
2024-02-26T05:00:00Z,51.535,51.68,50.475,50.5,293036
2024-02-23T05:00:00Z,51.3,51.91,50.77,51.66,347414
2024-02-22T05:00:00Z,50.555,51.4,50.335,51.31,404381
2024-02-21T05:00:00Z,49.975,50.925,49.55,50.91,298712
2024-02-20T05:00:00Z,49.93,50.415,49.7,49.86,357609
2024-02-16T05:00:00Z,49.28,49.865,49,49.85,268657
2024-02-15T05:00:00Z,48.97,50.275,48.97,49.45,329736
2024-02-14T05:00:00Z,48.77,49.03,48.45,48.85,364737
2024-02-13T05:00:00Z,49.63,49.88,48.32,48.72,631905
2024-02-12T05:00:00Z,49.79,50.05,49.22,49.745,335752
2024-02-09T05:00:00Z,48.55,49.83,48.55,49.82,431107
2024-02-08T05:00:00Z,48.3,48.77,48.135,48.74,405104
2024-02-07T05:00:00Z,49.33,49.35,48.025,48.655,587890
2024-02-06T05:00:00Z,47.97,49.975,47.59,49.27,707561
2024-02-05T05:00:00Z,48.545,48.545,47.685,48,337166
2024-02-02T05:00:00Z,49.38,50,48.095,48.69,870669
2024-02-01T05:00:00Z,48.75,48.81,48.145,48.7,502136
2024-01-31T05:00:00Z,49.705,50,48.85,48.85,543389
2024-01-30T05:00:00Z,50.08,50.165,49.255,49.385,438877
2024-01-29T05:00:00Z,49.64,49.87,49.455,49.87,269689
2024-01-26T05:00:00Z,49.95,50.185,49.665,49.685,366590
2024-01-25T05:00:00Z,50.3,50.33,49.435,49.595,355220
2024-01-24T05:00:00Z,50.2,50.62,50.08,50.21,261056
2024-01-23T05:00:00Z,49.75,50.41,49.49,50.11,185955
2024-01-22T05:00:00Z,50.085,50.31,49.5,49.575,388188
2024-01-19T05:00:00Z,50.03,50.205,49.44,50.08,420286
2024-01-18T05:00:00Z,49.39,50.165,48.64,50.095,548974
2024-01-17T05:00:00Z,49.55,50.07,48.99,49.975,546168
2024-01-16T05:00:00Z,50.285,50.385,49.82,49.995,390057
2024-01-12T05:00:00Z,50.42,50.695,50.075,50.275,277822
2024-01-11T05:00:00Z,50.62,50.69,50.02,50.21,415086
2024-01-10T05:00:00Z,51.1,51.23,50.42,50.65,488468
2024-01-09T05:00:00Z,52.035,52.08,51.23,51.28,233707
2024-01-08T05:00:00Z,51.82,51.87,51.29,51.78,417164
2024-01-05T05:00:00Z,51.92,52.565,51.67,52.21,402381
2024-01-04T05:00:00Z,51.97,52.185,51.51,52.055,438369
2024-01-03T05:00:00Z,52.75,52.89,51.48,52.3,409169
2024-01-02T05:00:00Z,51.48,53.44,51.4,52.74,788688
2023-12-29T05:00:00Z,51.185,51.455,50.985,51.3,226742
2023-12-28T05:00:00Z,51.04,51.43,51.04,51.24,298124
2023-12-27T05:00:00Z,51.355,51.495,50.765,51.22,318967
2023-12-26T05:00:00Z,52.35,52.76,51.085,51.46,254199
2023-12-22T05:00:00Z,51.23,53.46,50.97,52.29,657136
2023-12-21T05:00:00Z,51.17,51.715,50.855,51.27,235503
2023-12-20T05:00:00Z,52.04,52.23,50.94,50.97,285011
2023-12-19T05:00:00Z,51.64,52.17,51.465,52.1,240810
2023-12-18T05:00:00Z,51.2,51.485,50.95,51.34,292640
2023-12-15T05:00:00Z,51.235,51.435,50.695,50.85,414435
2023-12-14T05:00:00Z,52.45,52.525,51,51.45,479594
2023-12-13T05:00:00Z,50.03,51.86,49.955,51.86,422766
2023-12-12T05:00:00Z,50.835,50.92,49.805,50.53,414142
2023-12-11T05:00:00Z,50.65,51.13,50.28,51.1,338333
2023-12-08T05:00:00Z,50.18,50.52,50.09,50.29,270620
2023-12-07T05:00:00Z,50.31,50.995,49.99,50.16,418753
2023-12-06T05:00:00Z,50.3,50.42,49.78,49.89,349079
2023-12-05T05:00:00Z,49.78,50.4,49.585,50.24,486152
2023-12-04T05:00:00Z,50.09,50.745,49.775,49.97,304999
2023-12-01T05:00:00Z,49.21,50.175,48.955,50.1,335146
2023-11-30T05:00:00Z,48.89,49.4,48.265,49.38,333541
2023-11-29T05:00:00Z,49.05,49.35,48.68,48.73,354606
2023-11-28T05:00:00Z,49.05,49.315,48.82,48.915,378391
2023-11-27T05:00:00Z,49.645,49.685,48.82,49.03,330774
2023-11-24T05:00:00Z,49.73,49.91,49.47,49.765,255493
2023-11-22T05:00:00Z,48.75,49.49,48.57,49.48,322978
2023-11-21T05:00:00Z,48.93,49.02,48.45,48.475,332660
2023-11-20T05:00:00Z,49.19,50.16,48.425,48.9,785316
2023-11-17T05:00:00Z,51.18,51.18,50.6,50.85,248431
2023-11-16T05:00:00Z,51.63,51.73,50.255,50.84,414050
2023-11-15T05:00:00Z,50.315,51.62,50.15,51.6,374295
2023-11-14T05:00:00Z,50.415,51.175,50.29,50.51,325467
2023-11-13T05:00:00Z,50.41,50.655,50.08,50.16,219613
2023-11-10T05:00:00Z,50.555,50.69,49.58,50.63,220835
2023-11-09T05:00:00Z,52.47,52.47,50.365,50.42,452632
2023-11-08T05:00:00Z,52.45,52.52,51.84,52.45,321659
2023-11-07T05:00:00Z,52.85,53.05,52.135,52.29,212054
2023-11-06T05:00:00Z,53.14,53.535,52.64,52.79,319543
2023-11-03T04:00:00Z,51.51,53.115,51.51,52.81,370428
2023-11-02T04:00:00Z,50.79,51.355,50.705,51.12,259596
2023-11-01T04:00:00Z,51.77,51.895,51.19,51.27,213179
2023-10-31T04:00:00Z,51.375,51.65,50.69,51.52,348946
2023-10-30T04:00:00Z,51.71,51.89,50.275,51.26,543320
2023-10-27T04:00:00Z,52.035,52.21,50.695,51.03,470903
2023-10-26T04:00:00Z,53.81,55.29,52.925,52.94,886152
2023-10-25T04:00:00Z,56.11,56.755,55.96,56.6,272915
2023-10-24T04:00:00Z,56.23,56.63,55.89,56.12,165043
2023-10-23T04:00:00Z,56.35,56.705,55.975,56,268179
2023-10-20T04:00:00Z,56.445,57.08,56.42,56.42,287959
2023-10-19T04:00:00Z,56.615,56.935,55.75,56.44,322645
2023-10-18T04:00:00Z,57.355,57.575,56.78,56.82,288122
2023-10-17T04:00:00Z,57.3,57.635,56.98,57.37,172605
2023-10-16T04:00:00Z,56.74,57.49,56.74,57.17,314951
2023-10-13T04:00:00Z,56.37,56.67,55.905,56.49,262677
2023-10-12T04:00:00Z,56.64,56.65,55.81,56.27,248815
2023-10-11T04:00:00Z,56.64,56.89,56.355,56.65,214077
2023-10-10T04:00:00Z,56.66,56.76,56.245,56.39,290953
2023-10-09T04:00:00Z,56.26,57.11,55.695,56.61,198630
2023-10-06T04:00:00Z,56.35,56.875,56.2,56.67,193047
2023-10-05T04:00:00Z,56.19,56.59,55.83,56.42,142356
2023-10-04T04:00:00Z,57.17,57.285,56.31,56.725,158760
2023-10-03T04:00:00Z,57.725,58.045,57.135,57.22,263853
2023-10-02T04:00:00Z,58.01,58.02,57.15,57.88,240406
2023-09-29T04:00:00Z,58.21,58.45,57.89,58.07,226762
2023-09-28T04:00:00Z,58.16,58.415,57.815,58.14,210459
2023-09-27T04:00:00Z,58.6,58.74,57.62,57.91,253054
2023-09-26T04:00:00Z,58.93,59.22,58.53,58.55,177079
2023-09-25T04:00:00Z,58.82,59.28,58.565,59.15,132856
2023-09-22T04:00:00Z,59.32,59.445,58.785,58.92,262234
2023-09-21T04:00:00Z,58.75,59.455,58.535,59.095,473999
2023-09-20T04:00:00Z,58.81,59.3,58.72,58.77,150238
2023-09-19T04:00:00Z,58.625,58.905,58.35,58.625,217248
2023-09-18T04:00:00Z,59.06,59.115,58.34,58.59,290426
2023-09-15T04:00:00Z,59.35,59.825,58.86,58.99,454262
2023-09-14T04:00:00Z,60.1,60.545,59.28,59.5,372353
2023-09-13T04:00:00Z,60.34,60.575,59.65,59.655,415983
2023-09-12T04:00:00Z,60.98,61.015,59.855,60.23,287508
2023-09-11T04:00:00Z,60.89,61.42,60.69,60.81,255693
2023-09-08T04:00:00Z,60.125,60.89,60.05,60.82,191263
2023-09-07T04:00:00Z,59.96,60.465,59.89,59.965,148197
2023-09-06T04:00:00Z,60.24,60.32,59.455,59.675,324763
2023-09-05T04:00:00Z,61.85,61.99,60.595,60.64,274652
2023-09-01T04:00:00Z,61.91,62.39,61.9,62.01,139381
2023-08-31T04:00:00Z,62.53,62.53,61.655,61.655,218711
2023-08-30T04:00:00Z,62.965,63.005,62.22,62.405,320359
2023-08-29T04:00:00Z,61.98,63.375,61.98,62.86,365271
2023-08-28T04:00:00Z,62.11,62.38,61.385,61.66,129271
2023-08-25T04:00:00Z,61.5,62.295,61.25,62.075,147605
2023-08-24T04:00:00Z,61.445,61.97,61.225,61.27,108363
2023-08-23T04:00:00Z,62.295,62.37,61.41,61.57,203218
2023-08-22T04:00:00Z,61.69,62.085,61.66,61.87,99880
2023-08-21T04:00:00Z,62.17,62.44,61.9,61.91,157867
2023-08-18T04:00:00Z,62.22,62.56,61.885,62.05,177613
2023-08-17T04:00:00Z,61.015,62.7,61.01,62.13,407370
2023-08-16T04:00:00Z,61.335,61.615,60.89,60.93,253076
2023-08-15T04:00:00Z,61.5,62.14,61.205,61.74,247368
2023-08-14T04:00:00Z,61.475,61.865,61.38,61.62,272195
2023-08-11T04:00:00Z,61.4,61.72,61.07,61.25,223047
2023-08-10T04:00:00Z,60.97,61.935,60.97,61.29,681928
2023-08-09T04:00:00Z,59.89,60.94,59.87,60.65,198405
2023-08-08T04:00:00Z,60.73,60.795,59.72,60.16,701779
2023-08-07T04:00:00Z,60.57,60.76,60.11,60.47,241330
2023-08-04T04:00:00Z,61.21,61.45,60.375,60.495,187240
2023-08-03T04:00:00Z,61.44,61.44,60.46,61.23,169658
2023-08-02T04:00:00Z,61.25,62.31,61.14,61.72,312281
2023-08-01T04:00:00Z,62.4,62.54,61.18,61.53,228401
2023-07-31T04:00:00Z,61.29,62.31,61.14,62.18,256592
2023-07-28T04:00:00Z,60.85,61.5,60.055,61.44,474580
2023-07-27T04:00:00Z,60.97,62.515,60.405,60.76,828251
2023-07-26T04:00:00Z,63.155,63.88,62.94,63.415,341330
2023-07-25T04:00:00Z,64.46,64.57,63.755,63.77,200073
2023-07-24T04:00:00Z,64.825,65.35,64.705,64.74,144394
2023-07-21T04:00:00Z,63.905,64.79,63.79,64.68,293974
2023-07-20T04:00:00Z,62.49,64.04,62.43,63.76,215352
2023-07-19T04:00:00Z,62.095,62.84,62,62.05,246824
2023-07-18T04:00:00Z,61.92,62.76,61.85,62.025,163671
2023-07-17T04:00:00Z,61.9,61.99,61.405,61.85,155257
2023-07-14T04:00:00Z,62.09,62.31,61.57,61.95,276255
2023-07-13T04:00:00Z,62.36,62.725,62.205,62.275,175863
2023-07-12T04:00:00Z,62.93,63.24,62.125,62.29,220601
2023-07-11T04:00:00Z,62.13,62.92,62.13,62.79,242231
2023-07-10T04:00:00Z,62.65,62.95,62.3,62.5,183402
2023-07-07T04:00:00Z,63.2,63.41,62.625,62.65,283892
2023-07-06T04:00:00Z,63.61,63.88,63.34,63.43,113144
2023-07-05T04:00:00Z,64.3,64.99,63.97,64.73,175432
2023-07-03T04:00:00Z,63.75,64.86,63.52,64.45,105293
2023-06-30T04:00:00Z,64.24,64.4,63.94,63.94,218389
2023-06-29T04:00:00Z,63.7,64.435,63.65,64.02,213697
2023-06-28T04:00:00Z,64.445,64.445,62.91,64.11,237015
2023-06-27T04:00:00Z,64.86,65.035,64.22,64.75,144310
2023-06-26T04:00:00Z,64.93,65.09,64.005,64.79,235118
2023-06-23T04:00:00Z,65.36,65.4,64.895,65.03,373919
2023-06-22T04:00:00Z,65.8,65.8,65.125,65.3,156689
2023-06-21T04:00:00Z,65.88,66.36,65.445,65.5,189614
2023-06-20T04:00:00Z,65.86,66.35,65.275,66.03,204394
2023-06-16T04:00:00Z,64.75,66.24,64.62,66.18,356455
2023-06-15T04:00:00Z,64.32,64.935,63.9,64.68,241945
2023-06-14T04:00:00Z,64.98,64.98,64.05,64.14,159622
2023-06-13T04:00:00Z,64.14,64.785,63.975,64.775,123782
2023-06-12T04:00:00Z,64.78,64.955,64.205,64.76,126870
2023-06-09T04:00:00Z,65.36,65.375,64.615,64.81,186672
2023-06-08T04:00:00Z,65.315,65.61,65.07,65.31,112444
2023-06-07T04:00:00Z,65.2,65.28,64.765,65.16,113262
2023-06-06T04:00:00Z,66.24,66.24,65.135,65.46,161709
2023-06-05T04:00:00Z,65.89,66.455,65.705,65.985,282284
2023-06-02T04:00:00Z,65,65.785,64.56,65.66,197161
2023-06-01T04:00:00Z,64.33,64.725,63.96,64.69,193155
2023-05-31T04:00:00Z,63.7,64.575,63.25,64.48,194700
2023-05-30T04:00:00Z,63.37,64.06,63.08,63.73,123040
2023-05-26T04:00:00Z,64.5,64.915,63.7,63.82,147463
2023-05-25T04:00:00Z,64.96,64.96,63.99,64.57,194284
2023-05-24T04:00:00Z,66.625,66.625,65.26,65.485,102732
2023-05-23T04:00:00Z,66.065,67.145,65.88,66.53,233117
2023-05-22T04:00:00Z,65.835,66.28,65.14,65.81,185844
2023-05-19T04:00:00Z,65.81,66.31,65.665,65.84,149607
2023-05-18T04:00:00Z,66.335,66.335,65.185,65.68,338297
2023-05-17T04:00:00Z,67.155,67.32,66.07,66.54,374929
2023-05-16T04:00:00Z,68.09,68.09,66.945,67.03,272512
2023-05-15T04:00:00Z,68.135,68.455,67.785,68.19,161109
2023-05-12T04:00:00Z,68.655,68.73,67.635,68.07,356514
2023-05-11T04:00:00Z,68.5,69.1,67.96,69.07,275247
2023-05-10T04:00:00Z,68.17,68.94,67.62,68.49,169331
2023-05-09T04:00:00Z,68.04,68.37,67.855,68.015,224690
2023-05-08T04:00:00Z,67.99,68.765,67.89,68.405,158822
2023-05-05T04:00:00Z,67.27,68.43,67.135,68.14,241623
2023-05-04T04:00:00Z,66.52,67.21,66.41,66.83,213883
2023-05-03T04:00:00Z,68.33,68.69,66.35,66.66,411397
2023-05-02T04:00:00Z,68.18,68.98,67.425,68.11,531101
2023-05-01T04:00:00Z,67.525,68.72,67.28,68.41,173861
2023-04-28T04:00:00Z,66.995,67.225,66.05,66.8,331424
2023-04-27T04:00:00Z,67.815,67.995,66.505,67.59,466474
2023-04-26T04:00:00Z,69.65,69.73,67.65,68.01,393757
2023-04-25T04:00:00Z,70.7,70.935,70.115,70.25,157563
2023-04-24T04:00:00Z,70.3,70.615,70.09,70.54,247367
2023-04-21T04:00:00Z,70.055,70.55,69.985,70.475,137413
2023-04-20T04:00:00Z,69.65,69.8,68.86,69.525,174743
2023-04-19T04:00:00Z,70.245,70.275,69.56,69.86,141824
2023-04-18T04:00:00Z,70.56,70.74,69.915,70.23,216517
2023-04-17T04:00:00Z,70.66,70.77,70.24,70.6,85704
2023-04-14T04:00:00Z,70.7,70.79,69.96,70.445,159068
2023-04-13T04:00:00Z,70.445,70.815,69.95,70.69,194053
2023-04-12T04:00:00Z,70.17,70.66,69.815,70.22,131008
2023-04-11T04:00:00Z,70.39,70.47,69.975,70.04,128568
2023-04-10T04:00:00Z,70.755,70.8,70,70.28,111552
2023-04-06T04:00:00Z,69.84,71.05,69.64,70.75,218485
2023-04-05T04:00:00Z,69.37,70.205,69.05,69.81,279425
2023-04-04T04:00:00Z,69.65,69.66,68.63,68.87,242764
2023-04-03T04:00:00Z,69.03,70,68.67,69.68,179464
2023-03-31T04:00:00Z,68.56,69.37,68.56,69.3,236904
2023-03-30T04:00:00Z,68.465,68.52,68,68.22,142633
2023-03-29T04:00:00Z,68.38,68.4,67.855,68.2,128052
2023-03-28T04:00:00Z,68.045,68.58,67.995,68.2,114820
2023-03-27T04:00:00Z,68.12,68.815,68.01,68.05,208835
2023-03-24T04:00:00Z,67.13,67.765,66.7,67.69,155331
2023-03-23T04:00:00Z,67.695,67.88,66.66,66.98,193344
2023-03-22T04:00:00Z,67.57,67.99,67.24,67.24,140751
2023-03-21T04:00:00Z,67.48,67.805,66.88,67.51,239367
2023-03-20T04:00:00Z,66.825,67.34,66.24,67.24,317398
2023-03-17T04:00:00Z,67.21,67.29,66.23,66.505,351477
2023-03-16T04:00:00Z,67.04,67.6,65.86,67.085,358758
2023-03-15T04:00:00Z,66.15,67.71,66.06,67.48,419475
2023-03-14T04:00:00Z,66.36,66.55,65.79,66.43,260403
2023-03-13T04:00:00Z,65.45,67.08,65.31,66.01,303944
2023-03-10T05:00:00Z,66.32,67.4,65.43,65.72,341814
2023-03-09T05:00:00Z,67.52,67.525,66.35,66.53,223582
2023-03-08T05:00:00Z,67.89,68,66.97,67.3,155456
2023-03-07T05:00:00Z,69.19,69.19,67.45,67.99,283901
2023-03-06T05:00:00Z,69.38,69.61,68.735,68.9,147692
2023-03-03T05:00:00Z,69.42,69.42,68.83,69.31,157317
2023-03-02T05:00:00Z,69.34,69.725,68.995,69.21,152092
2023-03-01T05:00:00Z,68.69,69.785,68.68,69.37,232844
2023-02-28T05:00:00Z,69.76,69.76,68.83,69.005,139164
2023-02-27T05:00:00Z,69.94,70.41,69.76,69.99,109272
2023-02-24T05:00:00Z,71.2,71.2,69.82,70.18,174977
2023-02-23T05:00:00Z,71.13,71.95,70.91,71.42,155420
2023-02-22T05:00:00Z,71.18,71.68,70.575,71.33,270025
2023-02-21T05:00:00Z,71.245,71.67,70.825,71.21,131524
2023-02-17T05:00:00Z,70.8,71.74,70.52,71.13,232503
2023-02-16T05:00:00Z,70.83,71.215,70.18,70.87,179311
2023-02-15T05:00:00Z,72.38,72.45,71.34,71.47,222206
2023-02-14T05:00:00Z,73.47,73.47,72.2,72.23,161083
2023-02-13T05:00:00Z,72.26,73.435,71.98,73.2,232633
2023-02-10T05:00:00Z,71.855,72.355,71.25,72.2,339352
2023-02-09T05:00:00Z,73.635,73.84,71.43,71.5,651171
2023-02-08T05:00:00Z,74.365,74.41,72.965,73.66,475594
2023-02-07T05:00:00Z,74.39,74.68,73.99,74.52,355183
2023-02-06T05:00:00Z,74.45,75.17,74.24,74.53,338743
2023-02-03T05:00:00Z,73.24,74.46,72.705,74.46,427289
2023-02-02T05:00:00Z,70.35,72.88,69.85,72.73,361608
2023-02-01T05:00:00Z,72.8,72.83,70.81,71.23,426351
2023-01-31T05:00:00Z,72.185,72.66,71.665,72.655,287466
2023-01-30T05:00:00Z,72.76,72.89,71.89,72.02,231674
2023-01-27T05:00:00Z,72.9,73.45,72.355,72.44,149093
2023-01-26T05:00:00Z,73.1,73.155,71.99,72.99,208150
2023-01-25T05:00:00Z,72.595,73.235,72.01,73.16,242170
2023-01-24T05:00:00Z,72.97,73.46,72.13,72.34,140569
2023-01-23T05:00:00Z,74.04,74.17,72.86,73.275,278766
2023-01-20T05:00:00Z,73.74,74.145,73.345,74.13,537130
2023-01-19T05:00:00Z,72.28,73.865,72.28,73.75,285072
2023-01-18T05:00:00Z,72.41,72.67,72.085,72.16,257930
2023-01-17T05:00:00Z,73.065,73.455,72.025,72.31,342148
2023-01-13T05:00:00Z,71.72,72.505,71.49,72.48,344136
2023-01-12T05:00:00Z,71.75,71.93,71.06,71.62,282326
2023-01-11T05:00:00Z,71.45,71.97,71.03,71.94,203858
2023-01-10T05:00:00Z,71.28,71.7,70.8,71.66,231495
2023-01-09T05:00:00Z,73.06,73.06,70.75,71.02,263091
2023-01-06T05:00:00Z,72.35,73.38,72.11,73,216925
2023-01-05T05:00:00Z,71.85,72.38,71.56,71.88,299614
2023-01-04T05:00:00Z,72.425,73.25,71.73,72.6,590360
2023-01-03T05:00:00Z,71.81,72.96,71.695,72.25,219594
2022-12-30T05:00:00Z,72.195,72.24,70.87,71.93,167121
2022-12-29T05:00:00Z,72.23,72.635,71.885,72.09,119287
2022-12-28T05:00:00Z,72.81,72.945,71.92,72,157373
2022-12-27T05:00:00Z,73.185,73.21,72.125,72.6,140225
2022-12-23T05:00:00Z,73.66,73.865,72.515,72.88,215136
2022-12-22T05:00:00Z,73.07,73.85,72.86,73.85,127289
2022-12-21T05:00:00Z,72.82,73.525,72.31,73.31,128567
2022-12-20T05:00:00Z,73.34,73.62,72.445,72.635,309628
2022-12-19T05:00:00Z,73.665,74.21,72.645,73.15,305820
2022-12-16T05:00:00Z,74.4,74.94,73.375,73.48,462104
2022-12-15T05:00:00Z,76.85,77.21,74.715,75.06,463096
2022-12-14T05:00:00Z,77.875,77.89,76.78,77.13,329339
2022-12-13T05:00:00Z,79.265,79.28,77.31,77.36,454932
2022-12-12T05:00:00Z,78.875,79.02,78.31,78.88,183974
2022-12-09T05:00:00Z,80.18,80.62,78.735,78.82,209883
2022-12-08T05:00:00Z,80.045,80.06,79.47,79.87,163861
2022-12-07T05:00:00Z,78.97,80.21,78.9,79.96,132314
2022-12-06T05:00:00Z,80.76,81.23,79.49,79.9,202876
2022-12-05T05:00:00Z,80.97,81.41,80.685,80.69,169542
2022-12-02T05:00:00Z,80.515,81.155,80.455,81.08,171875
2022-12-01T05:00:00Z,80.45,81.42,80.055,80.87,316712
2022-11-30T05:00:00Z,79.63,80.29,78.65,80.29,336882
2022-11-29T05:00:00Z,78.825,79.105,78.35,78.97,159457
2022-11-28T05:00:00Z,79.29,79.66,78.815,79.13,123759
2022-11-25T05:00:00Z,79.355,79.72,79.165,79.25,103538
2022-11-23T05:00:00Z,78.55,79.22,78.53,79.12,138945
2022-11-22T05:00:00Z,79.18,79.55,78.8,78.86,189872
2022-11-21T05:00:00Z,77.8,79.045,77.66,78.97,223267
2022-11-18T05:00:00Z,77.535,78.11,77.01,77.47,253075
2022-11-17T05:00:00Z,76.225,77.55,76.225,77.21,249110
2022-11-16T05:00:00Z,76.77,77.74,76.02,76.14,259341
2022-11-15T05:00:00Z,76.45,76.76,75.28,76.29,371865
2022-11-14T05:00:00Z,76.45,77.825,76.275,76.395,391681
2022-11-11T05:00:00Z,78.26,78.33,74.58,75.915,998246
2022-11-10T05:00:00Z,80.69,80.745,78.65,79.35,306969
2022-11-09T05:00:00Z,79.77,81.145,79.64,79.78,279431
2022-11-08T05:00:00Z,79.215,80.425,78.86,80.02,331293
2022-11-07T05:00:00Z,78.665,79.65,78.43,79.2,187845
2022-11-04T04:00:00Z,78.745,79.245,77.955,78.8,276597
2022-11-03T04:00:00Z,77.38,78.695,77.19,78.47,301312
2022-11-02T04:00:00Z,77.525,78.9,77.23,77.45,295253
2022-11-01T04:00:00Z,77.035,77.785,76.65,77.69,263247
2022-10-31T04:00:00Z,76.6,78.645,76.45,77.48,830755
2022-10-28T04:00:00Z,75.34,76.95,75.085,76.86,481077
2022-10-27T04:00:00Z,74.25,75.275,73.92,74.64,507403
2022-10-26T04:00:00Z,72.69,75.2,72.69,74.46,806389
2022-10-25T04:00:00Z,72.61,73.195,72.3,72.79,353269
2022-10-24T04:00:00Z,72.95,73.56,72.55,73.07,214302
2022-10-21T04:00:00Z,70.44,72.52,70.02,72.23,563771
2022-10-20T04:00:00Z,71.05,71.13,70.03,70.26,278865
2022-10-19T04:00:00Z,71.58,71.71,70.725,71.14,308380
2022-10-18T04:00:00Z,72.06,72.47,71.58,71.8,342931
2022-10-17T04:00:00Z,70.78,71.6,70.68,71.38,270087
2022-10-14T04:00:00Z,70.91,71.73,70.49,70.76,311399
2022-10-13T04:00:00Z,68.59,71.015,68.59,70.77,275988
2022-10-12T04:00:00Z,69.725,70.46,69.26,69.28,246734
2022-10-11T04:00:00Z,68.56,70.355,68.39,69.65,356018
2022-10-10T04:00:00Z,69.22,69.41,68.335,68.5,407322
2022-10-07T04:00:00Z,70.29,70.45,69.265,69.7,258531
2022-10-06T04:00:00Z,70.71,70.8,69.915,70.24,250584
2022-10-05T04:00:00Z,70.99,71.795,70.675,71.45,273724
2022-10-04T04:00:00Z,70.595,71.895,70.12,71.26,346254
2022-10-03T04:00:00Z,71.5,71.5,69.4,70.54,366019
2022-09-30T04:00:00Z,71.77,72.105,70.99,71.12,1139513
2022-09-29T04:00:00Z,72.14,72.59,71.19,71.72,1082443
2022-09-28T04:00:00Z,71.08,72.07,71.075,72.04,457034
2022-09-27T04:00:00Z,70.705,71.49,70.205,70.35,407588
2022-09-26T04:00:00Z,70.27,70.84,69.705,70.21,230943
2022-09-23T04:00:00Z,71.04,71.32,70.155,70.77,259964
2022-09-22T04:00:00Z,69.305,71.87,69.305,71.28,646484
2022-09-21T04:00:00Z,69.84,70.36,69.45,69.48,434974
2022-09-20T04:00:00Z,69.8,70.06,69.245,69.74,295648
2022-09-19T04:00:00Z,71.24,71.24,69.55,70.17,356756
2022-09-16T04:00:00Z,71.87,72.22,70.895,71.52,368495
2022-09-15T04:00:00Z,70.635,72.125,70.615,71.775,392083
2022-09-14T04:00:00Z,70.6,71.22,70.035,70.45,471661
2022-09-13T04:00:00Z,71.6,72.095,70.77,71.01,372829
2022-09-12T04:00:00Z,75.79,75.92,72.26,72.36,1003925
2022-09-09T04:00:00Z,69.31,70.52,69.25,70.16,241833
2022-09-08T04:00:00Z,68.95,69.575,68.19,69.37,373820
2022-09-07T04:00:00Z,68.7,69.47,68.14,68.77,312201
2022-09-06T04:00:00Z,68.84,69.06,68.13,68.66,358606
2022-09-02T04:00:00Z,69.31,69.765,68.34,68.61,537968
2022-09-01T04:00:00Z,67.6,69.1,67.21,69.08,260358
2022-08-31T04:00:00Z,67.31,67.63,66.84,67.41,496804
2022-08-30T04:00:00Z,66.75,67.245,65.955,67.17,428120
2022-08-29T04:00:00Z,69.77,69.9,66.425,66.75,863279
2022-08-26T04:00:00Z,71.96,72.03,71.125,71.21,306023
2022-08-25T04:00:00Z,72.32,72.32,71.05,71.5,388528
2022-08-24T04:00:00Z,73.04,73.07,72.375,72.45,186836
2022-08-23T04:00:00Z,74.235,74.27,72.605,72.765,383848
2022-08-22T04:00:00Z,75.31,75.83,74.37,74.555,211346
2022-08-19T04:00:00Z,74.49,75.705,74.45,75.32,218426
2022-08-18T04:00:00Z,74.75,74.92,73.62,74.16,193932
2022-08-17T04:00:00Z,73.84,74.97,73.825,74.56,174645
2022-08-16T04:00:00Z,74.36,75.07,73.845,74.15,285241
2022-08-15T04:00:00Z,75.495,75.495,73.795,74.54,554185
2022-08-12T04:00:00Z,74.695,75.71,74.58,75.56,147530
2022-08-11T04:00:00Z,74.43,75.5,74.29,74.475,227688
2022-08-10T04:00:00Z,75.23,75.32,73.96,74.85,412499
2022-08-09T04:00:00Z,74.095,75.5,74.085,74.98,278107
2022-08-08T04:00:00Z,72.13,73.82,72.06,73.805,275348
2022-08-05T04:00:00Z,71.97,72.35,71.745,72.11,360006
2022-08-04T04:00:00Z,72.78,72.94,71.995,72.125,227855
2022-08-03T04:00:00Z,73.185,73.51,72.61,72.995,299080
2022-08-02T04:00:00Z,74.17,74.715,73.245,73.29,260954
2022-08-01T04:00:00Z,73.76,74.24,73.31,73.61,217816
2022-07-29T04:00:00Z,74.48,74.625,73.175,73.82,338563
2022-07-28T04:00:00Z,74.805,75.13,73.23,74.65,471971
2022-07-27T04:00:00Z,72.5,74.97,72.5,74.825,548571
2022-07-26T04:00:00Z,73.405,74.175,72.965,73.5,336661
2022-07-25T04:00:00Z,72.75,73.23,72.49,72.825,208393
2022-07-22T04:00:00Z,73.355,73.52,72.49,72.935,177439
2022-07-21T04:00:00Z,72.97,73.32,72.49,73.025,255936
2022-07-20T04:00:00Z,73.22,73.67,72.38,72.82,335249
2022-07-19T04:00:00Z,74.26,74.26,72.92,73.13,449527
2022-07-18T04:00:00Z,75.58,75.73,73.495,73.75,306601
2022-07-15T04:00:00Z,74.72,75.65,74.29,75.65,490265
2022-07-14T04:00:00Z,73.63,74.125,73.25,74.02,428973
2022-07-13T04:00:00Z,74.55,75.2,74.42,74.5,373789
2022-07-12T04:00:00Z,75.43,75.915,74.865,75.03,220125
2022-07-11T04:00:00Z,75.46,75.98,75.26,75.56,333529
2022-07-08T04:00:00Z,74.875,76.03,74.69,75.38,264173
2022-07-07T04:00:00Z,76.03,76.22,75.02,75.13,388872
2022-07-06T04:00:00Z,76.16,77.09,75.985,76.24,341346
2022-07-05T04:00:00Z,76.36,76.54,74.625,75.97,341732
2022-07-01T04:00:00Z,76.86,76.9,75.79,76.89,445288
2022-06-30T04:00:00Z,77.03,77.62,76.295,77.08,631846
2022-06-29T04:00:00Z,78.7,79.15,77.995,78.28,432894
2022-06-28T04:00:00Z,79.86,80.38,78.5,78.7,292605
2022-06-27T04:00:00Z,79.25,80.58,79.22,79.98,359089
2022-06-24T04:00:00Z,78.62,78.995,78.13,78.98,418788
2022-06-23T04:00:00Z,77.04,77.755,76.75,77.68,470337
2022-06-22T04:00:00Z,76.44,77.41,76.2,76.565,620313
2022-06-21T04:00:00Z,74.905,77.02,74.54,76.47,693164
2022-06-17T04:00:00Z,72.88,74.305,72.695,73.75,795539
2022-06-16T04:00:00Z,72.48,72.795,71.72,72.65,560159
2022-06-15T04:00:00Z,73.21,73.595,72.46,73.02,579640
2022-06-14T04:00:00Z,73.58,73.76,72.4,72.9,437289
2022-06-13T04:00:00Z,73.87,74.33,73.3,73.56,528041
2022-06-10T04:00:00Z,75.37,75.71,74.91,75.085,313908
2022-06-09T04:00:00Z,76.095,76.97,75.84,75.975,1085030
2022-06-08T04:00:00Z,76.4,76.805,75.925,76.18,486816
2022-06-07T04:00:00Z,75.455,76.715,75.18,76.58,582403
2022-06-06T04:00:00Z,75.25,75.62,74.725,75.22,740406
2022-06-03T04:00:00Z,74.415,75.305,74.34,75.16,1094325
2022-06-02T04:00:00Z,75.47,75.57,73.635,75.07,536603
2022-06-01T04:00:00Z,75.315,75.44,74.375,74.95,378894
2022-05-31T04:00:00Z,75.11,75.97,73.67,75.51,739047
2022-05-27T04:00:00Z,77.17,77.425,75.475,76.15,617259
2022-05-26T04:00:00Z,78.28,78.6,77.325,77.6,309339
2022-05-25T04:00:00Z,76.93,77.84,76.785,77.26,338240
2022-05-24T04:00:00Z,76.71,77.705,76.41,77.135,500736
2022-05-23T04:00:00Z,76.52,77.465,76.46,76.7,389762
2022-05-20T04:00:00Z,76.48,77.15,75.355,76.19,943028
2022-05-19T04:00:00Z,76.07,76.79,75.71,75.98,606856
2022-05-18T04:00:00Z,78.205,78.42,76.845,77.03,470438
2022-05-17T04:00:00Z,76.96,78.425,76.885,78.23,380858
2022-05-16T04:00:00Z,76.17,77.24,76.14,76.93,501919
2022-05-13T04:00:00Z,76.4,76.53,75.54,75.8,431299
2022-05-12T04:00:00Z,76.1,76.33,74.86,76.31,542607
2022-05-11T04:00:00Z,76.29,77.31,76.075,76.16,463095
2022-05-10T04:00:00Z,76.86,76.98,75.64,76.31,680449
2022-05-09T04:00:00Z,76.07,77.245,74.97,76.27,738142
2022-05-06T04:00:00Z,75.96,76.84,75.895,76.71,490320
2022-05-05T04:00:00Z,76.35,77.015,75.55,76.27,438109
2022-05-04T04:00:00Z,75.14,76.625,74.815,76.32,581526
2022-05-03T04:00:00Z,75.67,75.73,74.21,75.03,507687
2022-05-02T04:00:00Z,75.16,75.975,74.33,75.08,710986
2022-04-29T04:00:00Z,73.65,76.005,73.38,75.29,1052159
2022-04-28T04:00:00Z,76.44,77.74,76.22,77.22,653666
2022-04-27T04:00:00Z,76,76.28,75.11,75.81,390310
2022-04-26T04:00:00Z,76.05,76.935,75.59,75.6,371761
2022-04-25T04:00:00Z,75.73,76.235,74.725,76.05,412954
2022-04-22T04:00:00Z,76.99,77.29,75.68,75.8,482272
2022-04-21T04:00:00Z,77.26,78.16,76.63,77.57,287078
2022-04-20T04:00:00Z,76.21,77.675,76.05,77.31,435081
2022-04-19T04:00:00Z,76.74,76.82,75.99,76.4,233193
2022-04-18T04:00:00Z,76.96,77.225,76.4,76.75,267219
2022-04-14T04:00:00Z,76.95,78.11,76.79,77.51,488696
2022-04-13T04:00:00Z,76.83,77.12,76.45,76.89,272521
2022-04-12T04:00:00Z,76.2,76.995,75.57,76.56,374430
2022-04-11T04:00:00Z,77.7,78.13,76.47,76.49,331475
2022-04-08T04:00:00Z,77.08,78.055,76.76,77.78,1299691
2022-04-07T04:00:00Z,75.35,77.275,75.325,77.27,997111
2022-04-06T04:00:00Z,74.52,75.475,74.005,75.36,401016
2022-04-05T04:00:00Z,73.64,74.975,73.56,74.45,373879
2022-04-04T04:00:00Z,73.985,74.85,73.65,73.8,271776
2022-04-01T04:00:00Z,73.11,73.925,73.03,73.82,369386
2022-03-31T04:00:00Z,73.2,73.605,72.99,73.04,341879
2022-03-30T04:00:00Z,73.5,74.05,73.22,73.74,359820
2022-03-29T04:00:00Z,73.16,73.34,72.69,73.21,446560
2022-03-28T04:00:00Z,73.25,73.735,72.71,73.12,267554
2022-03-25T04:00:00Z,72.56,73.44,72.56,73.28,283662
2022-03-24T04:00:00Z,71.645,72.59,71.57,72.42,448866
2022-03-23T04:00:00Z,70.78,71.505,70.745,71.39,494790
2022-03-22T04:00:00Z,71.175,71.38,70.27,70.83,317554
2022-03-21T04:00:00Z,71.465,72.06,70.6,71.03,383800
2022-03-18T04:00:00Z,70.125,71,69.925,71,650188
2022-03-17T04:00:00Z,69.76,70.71,69.29,70.51,576132
2022-03-16T04:00:00Z,69.96,70.12,69.025,69.65,736245
2022-03-15T04:00:00Z,69.67,70.18,69.28,69.74,436518
2022-03-14T04:00:00Z,68.945,69.92,68.87,69.235,363924
2022-03-11T05:00:00Z,68.09,69.485,67.94,68.9,324512
2022-03-10T05:00:00Z,67.86,68.71,67.73,68.425,268690
2022-03-09T05:00:00Z,68.33,68.62,67.965,68.12,286801
2022-03-07T05:00:00Z,69.23,69.23,68.17,68.77,540113
2022-03-04T05:00:00Z,68.32,69.52,68.29,69.35,370148
2022-03-03T05:00:00Z,69.06,69.585,68.62,69.11,366689
2022-03-02T05:00:00Z,68.65,69.245,68.52,68.77,639093
2022-03-01T05:00:00Z,68.1,68.98,68.05,68.625,419470
2022-02-28T05:00:00Z,67.58,68.695,67.55,68.64,474428
2022-02-25T05:00:00Z,67.64,69.315,67.64,68.81,426961
2022-02-24T05:00:00Z,66.5,67.17,66.275,67.1,652371
2022-02-23T05:00:00Z,67.9,68.285,67.495,67.95,502356
2022-02-22T05:00:00Z,67.88,68.255,67.065,67.46,1097968
2022-02-18T05:00:00Z,67.395,67.895,67.18,67.56,380363
2022-02-17T05:00:00Z,67.3,67.705,66.8,67.39,465601
2022-02-16T05:00:00Z,67.77,68.37,67.45,67.6,349218
2022-02-15T05:00:00Z,66.9,68.05,66.73,67.77,745577
2022-02-14T05:00:00Z,66.8,66.995,65.83,66.82,448505
2022-02-11T05:00:00Z,66.42,67.355,66.4,66.87,432007
2022-02-10T05:00:00Z,66.99,67.07,66.17,66.52,459902
2022-02-09T05:00:00Z,65.79,67.265,65.785,67.115,769425
2022-02-08T05:00:00Z,66.24,66.29,65.6,65.89,317987
2022-02-07T05:00:00Z,65.29,66.445,65.16,66.22,674532
2022-02-04T05:00:00Z,63.05,65.45,63,65.005,616206
2022-02-03T05:00:00Z,64.9,65.05,63.615,64.09,403016
2022-02-02T05:00:00Z,64.74,64.95,64.04,64.79,437047
2022-02-01T05:00:00Z,64.96,65.25,64.685,65.19,324268
2022-01-31T05:00:00Z,64.6,65,64.41,64.88,390843
2022-01-28T05:00:00Z,63.69,64.915,63.27,64.9,302289
2022-01-27T05:00:00Z,62.36,64.5,62.36,63.86,619639
2022-01-26T05:00:00Z,62.27,63.4,61.86,62.25,371088
2022-01-25T05:00:00Z,62.25,62.79,61.45,62.44,242916
2022-01-24T05:00:00Z,63.155,63.37,62.55,62.635,87689
2022-01-21T05:00:00Z,64.64,64.88,63.295,63.52,343061
2022-01-20T05:00:00Z,64.54,65.34,64.13,64.6,257130
2022-01-19T05:00:00Z,64.81,65.31,64.425,64.74,371165
2022-01-18T05:00:00Z,64.85,65.025,63.83,64.89,347298
2022-01-14T05:00:00Z,64.645,64.99,64.25,64.96,237843
2022-01-13T05:00:00Z,64.7,64.94,63.885,64.58,218770
2022-01-12T05:00:00Z,64.98,65.295,64.39,64.79,245737
2022-01-11T05:00:00Z,64.83,65.83,64.37,65.48,417747
2022-01-10T05:00:00Z,63.24,65.315,63.24,65.1,940683
2022-01-07T05:00:00Z,61.46,63,61.22,62.83,625702
2022-01-06T05:00:00Z,61.65,61.74,60.895,61.48,197694
2022-01-05T05:00:00Z,62.53,63.26,62.125,62.17,230369
2022-01-04T05:00:00Z,61.605,62.3,61.085,62.14,300877
2022-01-03T05:00:00Z,62.03,62.22,61.345,61.86,236488
2021-12-31T05:00:00Z,62.65,62.98,62.36,62.36,123855
2021-12-30T05:00:00Z,62.5,63.16,62.395,62.53,143453
2021-12-29T05:00:00Z,62.21,62.49,62.085,62.305,84225
2021-12-28T05:00:00Z,62.3,62.63,62.22,62.36,115952
2021-12-27T05:00:00Z,62.25,62.35,61.78,62.3,143437
2021-12-23T05:00:00Z,62.375,62.55,61.89,62.03,184050
2021-12-22T05:00:00Z,61.49,62.275,60.945,62.09,108075
2021-12-21T05:00:00Z,61.95,62.24,61.255,61.45,227366
2021-12-20T05:00:00Z,61.375,62.03,60.9,61.69,238830
2021-12-17T05:00:00Z,62.29,62.55,61.405,61.57,444897
2021-12-16T05:00:00Z,60.97,62.67,60.97,62.14,532791
2021-12-15T05:00:00Z,59.68,60.875,59.68,60.59,750323
2021-12-14T05:00:00Z,58.89,60.4,58.64,59.51,768624
2021-12-13T05:00:00Z,57.25,59.35,57.12,59.05,493198
2021-12-10T05:00:00Z,57.58,57.79,56.12,56.335,283636
2021-12-09T05:00:00Z,57.24,57.79,56.95,57.56,277699
2021-12-08T05:00:00Z,57.45,57.86,57.17,57.59,191816
2021-12-07T05:00:00Z,57,57.74,56.94,57.11,292440
2021-12-06T05:00:00Z,56.75,57.53,56.62,56.83,463059
2021-12-03T05:00:00Z,55.92,56.67,55.83,56.29,321090
2021-12-02T05:00:00Z,55.04,55.88,54.7,55.385,323716
2021-12-01T05:00:00Z,54.08,55.955,54.07,54.94,555535
2021-11-30T05:00:00Z,54.23,54.31,53.23,53.62,365006
2021-11-29T05:00:00Z,56.115,56.3,54.64,54.655,616677
2021-11-26T05:00:00Z,56.25,56.7,55.845,56.52,336795
2021-11-24T05:00:00Z,57.44,57.655,56.565,56.785,404239
2021-11-23T05:00:00Z,57.26,57.945,57.24,57.455,388064
2021-11-22T05:00:00Z,57.84,58.3,57.02,57.05,369791
2021-11-19T05:00:00Z,59.23,59.4,57.8,57.8,336863
2021-11-18T05:00:00Z,59.42,59.64,58.74,59.06,272152
2021-11-17T05:00:00Z,58.97,59.745,58.375,59.43,289588
2021-11-16T05:00:00Z,59.5,59.915,58.88,59.075,217994
2021-11-15T05:00:00Z,59.81,60.055,59.495,59.62,378436
2021-11-12T05:00:00Z,58.84,59.7,58.76,59.45,232753
2021-11-11T05:00:00Z,59.47,59.66,59.15,59.16,299320
2021-11-10T05:00:00Z,59.475,59.93,59.355,59.38,284375
2021-11-09T05:00:00Z,59.46,59.645,59.21,59.47,301310
2021-11-08T05:00:00Z,59.82,60.2,59.07,59.395,196542
2021-11-05T04:00:00Z,59.08,59.85,58.79,59.44,204244
2021-11-04T04:00:00Z,59.39,59.665,58.62,59.245,279819
2021-11-03T04:00:00Z,58.46,59.47,58.43,59.37,343616
2021-11-02T04:00:00Z,58.86,59.625,58.32,58.63,465363
2021-11-01T04:00:00Z,58.405,59.21,58.34,58.7,273333
2021-10-29T04:00:00Z,57.19,58.565,57.185,58.4,288587
2021-10-28T04:00:00Z,56.54,57.73,56.44,57.105,643007
2021-10-27T04:00:00Z,58.33,58.41,56.15,56.53,767781
2021-10-26T04:00:00Z,57.97,58.335,57.655,58.23,231965
2021-10-22T04:00:00Z,57.81,58.08,57.445,57.6,151503
2021-10-21T04:00:00Z,57.99,58.03,57.375,57.815,144620
2021-10-20T04:00:00Z,57.95,58.595,57.91,58.08,352500
2021-10-19T04:00:00Z,57.07,57.635,57.06,57.59,189178
2021-10-18T04:00:00Z,58.06,58.085,56.935,56.94,430622
2021-10-15T04:00:00Z,58.04,58.69,57.94,58.355,362958
2021-10-14T04:00:00Z,57.06,58.14,57.06,57.7,306166
2021-10-13T04:00:00Z,57.08,57.38,56.66,57.07,216873
2021-10-12T04:00:00Z,57.46,58.61,56.825,57.06,262778
2021-10-11T04:00:00Z,57.29,57.75,57.015,57.445,402851
2021-10-08T04:00:00Z,58.89,58.9,56.805,57.235,952646
2021-10-07T04:00:00Z,58.85,59.335,58.38,58.975,401341
2021-10-06T04:00:00Z,59.16,59.23,58.62,59.18,213956
2021-10-05T04:00:00Z,58.99,59.675,58.95,59.12,569806
2021-10-04T04:00:00Z,59.38,60.01,58.855,58.93,286258
2021-10-01T04:00:00Z,59.34,59.75,58.68,59.48,191895
2021-09-30T04:00:00Z,60.11,60.57,59.16,59.165,285012
2021-09-29T04:00:00Z,59.94,60.935,59.94,60.62,265964
2021-09-28T04:00:00Z,59.82,60.21,59.4,59.86,255674
2021-09-27T04:00:00Z,60.11,60.71,59.795,59.85,187831
2021-09-24T04:00:00Z,60.535,61.09,60.175,60.225,162369
2021-09-23T04:00:00Z,60.31,61.335,60.28,60.62,167694
2021-09-22T04:00:00Z,60.5,60.66,60.06,60.15,251423
2021-09-21T04:00:00Z,60.55,61.13,60.32,60.325,179744
2021-09-20T04:00:00Z,60.61,61.37,60.155,60.49,256040
2021-09-17T04:00:00Z,60.53,61.415,60.37,61.33,356267
2021-09-16T04:00:00Z,62,62,60.66,61.215,456138
2021-09-15T04:00:00Z,62.02,62.465,61.85,61.99,257535
2021-09-14T04:00:00Z,62.98,63.075,61.975,62.1,231932
2021-09-13T04:00:00Z,63.39,63.475,62.57,62.835,199865
2021-09-10T04:00:00Z,63.605,63.82,62.975,63.135,227546
2021-09-09T04:00:00Z,64.46,64.745,63.465,63.58,277270
2021-09-08T04:00:00Z,64.7,65.125,64.05,64.91,326208
2021-09-07T04:00:00Z,65.5,65.515,64.67,65.2,286324
2021-09-03T04:00:00Z,65.92,65.92,65.3,65.605,213186
2021-09-02T04:00:00Z,65.94,66.11,65.5,66.11,238298
2021-09-01T04:00:00Z,67.16,67.16,65.44,65.8,286821
2021-08-31T04:00:00Z,67.05,67.63,66.78,66.85,175512
2021-08-30T04:00:00Z,66.74,67.475,66.53,67.21,149127
2021-08-27T04:00:00Z,67.06,67.19,66.58,66.59,193533
2021-08-26T04:00:00Z,67.6,67.74,66.96,66.995,145531
2021-08-25T04:00:00Z,68.21,68.21,67.33,67.605,188688
2021-08-24T04:00:00Z,68.54,68.75,68.21,68.515,139516
2021-08-23T04:00:00Z,69.26,69.74,68.885,68.93,134527
2021-08-20T04:00:00Z,68.48,69.345,68.31,69.205,349789
2021-08-19T04:00:00Z,67.62,69.095,67.61,68.525,269881
2021-08-18T04:00:00Z,68.95,69.05,67.865,67.95,186337
2021-08-17T04:00:00Z,68.53,69.15,68.32,68.98,243003
2021-08-16T04:00:00Z,67.68,68.7,67.52,68.7,234682
2021-08-13T04:00:00Z,66.99,67.815,66.99,67.51,162992
2021-08-12T04:00:00Z,66.78,67.21,66.675,66.94,205006
2021-08-11T04:00:00Z,67.545,67.71,66.76,66.86,154344
2021-08-10T04:00:00Z,67.5,67.555,66.78,67.38,392528
2021-08-09T04:00:00Z,68.3,68.3,67.22,67.345,285898
2021-08-06T04:00:00Z,68.375,68.375,67.755,68.1,217766
2021-08-05T04:00:00Z,68.67,68.67,67.98,68.425,156636
2021-08-04T04:00:00Z,68.91,69.33,68.48,68.48,189336
2021-08-03T04:00:00Z,68.12,69.33,68.05,69.3,180403
2021-08-02T04:00:00Z,68.2,68.675,67.96,68.02,173264
2021-07-30T04:00:00Z,68.15,68.465,67.5,67.88,251730
2021-07-29T04:00:00Z,68.96,69.26,68.05,68.16,295509
2021-07-28T04:00:00Z,67.295,68.99,67.07,68.72,302343
2021-07-27T04:00:00Z,67.22,67.715,67.1,67.48,357777
2021-07-26T04:00:00Z,68.22,68.32,67.5,67.68,320247
2021-07-23T04:00:00Z,68,68.525,67.83,68.33,205649
2021-07-22T04:00:00Z,67.2,67.99,66.93,67.955,337764
2021-07-21T04:00:00Z,67.01,67.235,66.565,67.15,235403
2021-07-20T04:00:00Z,66.59,67.66,66.5,66.7,280785
2021-07-19T04:00:00Z,66.77,67.26,65.79,66.37,333818
2021-07-16T04:00:00Z,67.41,67.565,66.82,67.31,180598
2021-07-15T04:00:00Z,67.66,67.93,67.13,67.42,192297
2021-07-14T04:00:00Z,67.55,67.99,67.21,67.86,216355
2021-07-13T04:00:00Z,67.19,67.58,67.04,67.46,151806
2021-07-12T04:00:00Z,67.145,67.85,67.145,67.51,282040
2021-07-09T04:00:00Z,66.76,67.555,66.76,67.17,383495
2021-07-08T04:00:00Z,66.63,66.76,66.065,66.7,220994
2021-07-07T04:00:00Z,66.69,67.18,66.22,67.14,297708
2021-07-06T04:00:00Z,66.62,66.74,66.065,66.65,310771
2021-07-02T04:00:00Z,66.77,66.98,66.345,66.94,186009
2021-07-01T04:00:00Z,66.44,66.73,66.25,66.55,244968
2021-06-30T04:00:00Z,66.345,67.16,66.21,66.8,309362
2021-06-29T04:00:00Z,66.5,66.61,66.09,66.27,213259
2021-06-28T04:00:00Z,66.86,66.955,66.13,66.395,226348
2021-06-25T04:00:00Z,65.87,67.05,65.72,66.83,260714
2021-06-24T04:00:00Z,65.52,66.21,65.42,65.845,262715
2021-06-23T04:00:00Z,66.17,66.17,65.25,65.26,242705
2021-06-22T04:00:00Z,66.7,66.76,65.715,65.94,439925
2021-06-21T04:00:00Z,66.61,67.16,66.48,66.82,310085
2021-06-18T04:00:00Z,66.345,66.73,65.81,66.47,321902
2021-06-17T04:00:00Z,67.03,67.15,66.24,66.79,319855
2021-06-16T04:00:00Z,67.48,67.86,66.84,66.91,332149
2021-06-15T04:00:00Z,67.43,67.495,66.925,67.44,208394
2021-06-14T04:00:00Z,67.34,67.44,66.65,67.3,191266
2021-06-11T04:00:00Z,67.76,67.91,66.785,67.34,213163
2021-06-10T04:00:00Z,65.62,67.7,65.59,67.4,537244
2021-06-09T04:00:00Z,63.96,65.55,63.92,65.395,686326
2021-06-08T04:00:00Z,64.83,64.86,63.22,63.7,436598
2021-06-07T04:00:00Z,65.13,65.405,64.73,64.78,294242
2021-06-04T04:00:00Z,64.97,65.23,64.86,64.93,248663
2021-06-03T04:00:00Z,64.51,65.07,64.29,64.8,201465
2021-06-02T04:00:00Z,65.15,65.41,64.54,64.68,275817
2021-06-01T04:00:00Z,66.15,66.26,65.04,65.07,335264
2021-05-28T04:00:00Z,65.69,66.19,65.605,65.705,245842
2021-05-27T04:00:00Z,66.18,66.63,65.62,65.62,305817
2021-05-26T04:00:00Z,66.63,66.8,65.995,66.12,349760
2021-05-25T04:00:00Z,67.33,67.54,66.675,66.76,355681
2021-05-24T04:00:00Z,67.26,67.95,67.26,67.275,288883
2021-05-21T04:00:00Z,67.24,67.89,66.98,67.02,291797
2021-05-20T04:00:00Z,65.31,67.23,65.31,67.01,409520
2021-05-19T04:00:00Z,65.34,65.58,64.59,65.56,183515
2021-05-18T04:00:00Z,65.34,65.795,65.14,65.6,254408
2021-05-17T04:00:00Z,64.91,65.84,64.91,65.47,481605
2021-05-14T04:00:00Z,65.23,65.275,64.615,64.86,404585
2021-05-13T04:00:00Z,64.54,65.34,64.45,65.04,438721
2021-05-12T04:00:00Z,64.31,65.22,64.25,64.55,404716
2021-05-11T04:00:00Z,64.4,64.89,64.07,64.255,359305
2021-05-10T04:00:00Z,64.76,65.28,64.65,64.71,396358
2021-05-07T04:00:00Z,64.605,65.37,64.19,64.47,226761
2021-05-06T04:00:00Z,64.68,64.72,64.06,64.44,342444
2021-05-05T04:00:00Z,64.025,64.845,63.86,64.67,364190
2021-05-04T04:00:00Z,63.46,64.21,63.35,63.93,417521
2021-05-03T04:00:00Z,62.7,63.575,62.66,63.49,327607
2021-04-30T04:00:00Z,62.01,62.75,61.52,62.43,835166
2021-04-29T04:00:00Z,64.76,65.15,62.405,62.87,1001015
2021-04-28T04:00:00Z,66.115,66.38,65.775,66.05,210307
2021-04-27T04:00:00Z,65.96,66.28,65.615,65.94,355683
2021-04-26T04:00:00Z,65.96,65.98,65.095,65.86,462763
2021-04-23T04:00:00Z,66.225,66.93,65.88,66,711976
2021-04-22T04:00:00Z,66.25,66.54,65.825,66.32,513061
2021-04-21T04:00:00Z,66.47,66.885,66.23,66.32,397451
2021-04-20T04:00:00Z,65.45,66.53,65.43,66.07,437178
2021-04-16T04:00:00Z,64.91,65.635,64.74,65.46,547875
2021-04-15T04:00:00Z,63.99,64.72,63.925,64.44,406386
2021-04-14T04:00:00Z,63.75,63.96,63.585,63.81,395668
2021-04-13T04:00:00Z,62.82,63.74,62.76,63.6,172456
2021-04-12T04:00:00Z,62.52,62.775,62.27,62.695,345122
2021-04-09T04:00:00Z,61.81,62.64,61.7,62.595,272677
2021-04-08T04:00:00Z,62.2,62.42,61.765,61.91,260146
2021-04-07T04:00:00Z,62.06,62.54,61.935,62.05,405154
2021-04-06T04:00:00Z,63.22,63.29,61.89,61.975,419133
2021-04-05T04:00:00Z,62.89,63.59,62.89,63.14,271782
2021-04-01T04:00:00Z,63.225,63.33,62.555,62.92,266281
2021-03-31T04:00:00Z,62.86,63.765,62.78,63.1,529053
2021-03-30T04:00:00Z,64.07,64.07,63.175,63.28,441827
2021-03-29T04:00:00Z,63.85,64.405,63.655,64.04,355500
2021-03-26T04:00:00Z,62.93,63.975,62.875,63.975,441734
2021-03-25T04:00:00Z,62.905,62.995,61.985,62.78,454640
2021-03-24T04:00:00Z,62.5,62.89,62.32,62.325,322432
2021-03-23T04:00:00Z,63.29,63.52,62.595,62.605,324061
2021-03-22T04:00:00Z,62.34,63.515,62.18,63.395,530600
2021-03-19T04:00:00Z,62.19,62.73,61.37,62.64,510312
2021-03-18T04:00:00Z,61.98,63.23,61.89,62.31,784588
2021-03-17T04:00:00Z,62.04,62.53,61.45,62.18,570134
2021-03-16T04:00:00Z,61.425,62.14,61.42,61.905,265356
2021-03-15T04:00:00Z,60.68,61.435,60.3,61.38,499572
2021-03-12T05:00:00Z,60.455,60.92,60.2,60.595,254726
2021-03-11T05:00:00Z,60.99,61.17,60.36,60.36,433919
2021-03-10T05:00:00Z,60.95,61.27,60.5,60.9,550835
2021-03-09T05:00:00Z,60.76,61.82,60.585,60.585,271677
2021-03-08T05:00:00Z,60.55,61.705,60.18,60.46,338482
2021-03-05T05:00:00Z,59.51,60.585,59.33,60.42,413376
2021-03-04T05:00:00Z,60.54,60.94,58.625,59.325,562670
2021-03-03T05:00:00Z,61.08,61.33,59.965,60.745,434751
2021-03-02T05:00:00Z,61.95,62.11,61.23,61.26,336528
2021-03-01T05:00:00Z,61.88,62.06,61.52,61.65,216475
2021-02-26T05:00:00Z,62.13,62.685,61.34,61.35,417962
2021-02-25T05:00:00Z,62.45,63.165,61.815,62.15,459350
2021-02-24T05:00:00Z,60.915,62.905,60.89,62.63,666027
2021-02-23T05:00:00Z,61.2,61.28,60.045,60.72,427387
2021-02-22T05:00:00Z,60.4,61.24,59.71,61,260763
2021-02-19T05:00:00Z,61.15,61.24,60.53,60.58,305886
2021-02-18T05:00:00Z,60.36,61.715,60.36,61.04,396363
2021-02-17T05:00:00Z,59.49,60.93,59.47,60.6,596237
2021-02-16T05:00:00Z,60.11,60.35,59.38,59.395,254373
2021-02-12T05:00:00Z,59.88,60.26,59.69,59.99,243590
2021-02-11T05:00:00Z,60.02,60.205,59.7,59.97,240103
2021-02-10T05:00:00Z,60.075,60.49,59.62,59.99,342140
2021-02-09T05:00:00Z,60.25,60.31,59.685,59.74,458512
2021-02-08T05:00:00Z,61.36,61.36,59.845,60.2,805050
2021-02-05T05:00:00Z,61.06,61.75,60.515,60.94,375684
2021-02-04T05:00:00Z,62.15,62.86,61.25,61.55,675532
2021-02-03T05:00:00Z,62.935,63.08,62.03,62.03,827406
2021-02-02T05:00:00Z,62.975,64.635,62.92,62.93,685279
2021-02-01T05:00:00Z,61.99,62.865,61.68,62.2,373662
2021-01-29T05:00:00Z,62.2,62.79,61.05,61.4,515575
2021-01-28T05:00:00Z,62.76,63.375,62.23,62.245,531261
2021-01-27T05:00:00Z,63.78,63.85,61.905,61.96,399576
2021-01-26T05:00:00Z,64.67,65.64,64.4,64.43,234963
2021-01-25T05:00:00Z,64.5,65.12,63.99,64.835,230217
2021-01-22T05:00:00Z,63.96,65.015,63.78,64.58,240008
2021-01-21T05:00:00Z,66.03,66.16,63.985,64.18,325317
2021-01-20T05:00:00Z,66.63,66.82,66.005,66.335,238027
2021-01-19T05:00:00Z,66.88,67.145,66.345,66.745,269423
2021-01-15T05:00:00Z,66.01,66.855,65.57,66.51,279036
2021-01-14T05:00:00Z,64.94,66.365,64.78,66.08,542312
2021-01-13T05:00:00Z,65.54,65.95,64.665,64.755,218672
2021-01-12T05:00:00Z,65.38,66.295,64.92,65.48,473275
2021-01-11T05:00:00Z,63.34,65.23,63.34,64.97,471276
2021-01-08T05:00:00Z,62.22,63.18,62.19,62.52,213609
2021-01-07T05:00:00Z,61.49,62.62,61.06,62.385,298998
2021-01-06T05:00:00Z,60.61,62.03,60.58,61.72,445175
2021-01-05T05:00:00Z,61.11,61.7,60.5,61.54,325412
2021-01-04T05:00:00Z,61.89,62.145,60.525,61.34,366627
2020-12-31T05:00:00Z,61.42,62.105,60.975,62.09,201587
2020-12-30T05:00:00Z,61.62,62.14,61.495,61.905,197185
2020-12-29T05:00:00Z,61.555,61.94,61.34,61.405,141230
2020-12-28T05:00:00Z,61.43,61.73,60.815,61.135,155865
2020-12-24T05:00:00Z,61.08,61.33,60.97,61.15,66577
2020-12-23T05:00:00Z,61.42,61.63,61.005,61.005,100035
2020-12-22T05:00:00Z,61.77,61.97,61.14,61.44,167204
2020-12-21T05:00:00Z,62.05,62.09,61.34,62.02,229181
2020-12-18T05:00:00Z,62.645,63.45,62.44,63.05,489596
2020-12-17T05:00:00Z,62.665,62.82,62.025,62.54,190758
2020-12-16T05:00:00Z,62.37,63.27,62.295,62.31,283690
2020-12-15T05:00:00Z,61.26,62.625,60.9,62.55,320073
2020-12-14T05:00:00Z,61.01,61.09,59.93,59.985,227971
2020-12-11T05:00:00Z,60.24,61.47,60.21,60.74,212859
2020-12-10T05:00:00Z,60.89,61.04,59.965,60.21,248987
2020-12-09T05:00:00Z,61.53,61.56,60.33,60.99,320578
2020-12-08T05:00:00Z,61.21,61.775,60.855,61.12,270228
2020-12-07T05:00:00Z,62.15,62.55,60.975,61.18,252960
2020-12-04T05:00:00Z,61.79,62.31,61.74,62.31,246437
2020-12-03T05:00:00Z,62,62.27,61.59,61.745,313789
2020-12-02T05:00:00Z,62.41,62.83,61.91,62.165,232221
2020-12-01T05:00:00Z,62.985,63.725,62.335,62.37,301562
2020-11-30T05:00:00Z,63.05,63.26,61.995,62.44,279372
2020-11-27T05:00:00Z,63.16,63.69,62.9,62.995,158378
2020-11-25T05:00:00Z,63.49,63.49,62.21,62.825,198613
2020-11-24T05:00:00Z,62.015,63.505,61.93,63.23,648431
2020-11-23T05:00:00Z,61.85,61.995,61.08,61.96,256404
2020-11-20T05:00:00Z,61.97,62.325,61.41,61.65,216137
2020-11-19T05:00:00Z,62.2,62.32,61.16,62.14,296997
2020-11-18T05:00:00Z,64.645,64.66,62,62,388510
2020-11-17T05:00:00Z,64.41,64.66,63.89,64.3,424715
2020-11-16T05:00:00Z,64.15,64.925,63.85,64.43,329695
2020-11-13T05:00:00Z,62.885,64.03,62.86,63.66,460964
2020-11-12T05:00:00Z,63.08,63.08,62.2,62.755,269504
2020-11-11T05:00:00Z,65.04,65.09,63.04,63.405,326183
2020-11-10T05:00:00Z,64.22,64.79,63.77,64.52,446322
2020-11-09T05:00:00Z,65.02,66.07,64,64.05,401187
2020-11-06T05:00:00Z,63.7,64.91,63.49,63.82,443387
2020-11-05T05:00:00Z,64.44,65.28,63.54,63.78,575814
2020-11-04T05:00:00Z,63.97,66.225,63.83,65.415,1099311
2020-11-03T05:00:00Z,61.05,62.23,61.05,61.23,523638
2020-11-02T05:00:00Z,59.1,59.625,58.87,59.455,334349
2020-10-30T04:00:00Z,57.62,58.48,57.595,58.465,399535
2020-10-29T04:00:00Z,57.78,58.43,56.755,57.975,287192
2020-10-28T04:00:00Z,58.045,58.535,57.41,57.705,443091
2020-10-27T04:00:00Z,59.37,59.81,58.58,58.745,408244
2020-10-26T04:00:00Z,59.74,60.14,59.04,59.63,299303
2020-10-23T04:00:00Z,60.81,61.21,60.075,60.105,314387
2020-10-22T04:00:00Z,60.01,61.005,60.01,60.795,333426
2020-10-21T04:00:00Z,60.46,60.74,59.975,60.03,250183
2020-10-20T04:00:00Z,61.12,61.23,60.54,60.655,203913
2020-10-19T04:00:00Z,61.75,62.42,60.525,60.725,428471
2020-10-16T04:00:00Z,60.71,61.74,60.67,61.255,318177
2020-10-15T04:00:00Z,60.57,60.9,60.315,60.39,428978
2020-10-14T04:00:00Z,61.215,61.62,60.725,60.99,281163
2020-10-13T04:00:00Z,61.54,62.01,60.98,61.18,373480
2020-10-12T04:00:00Z,61.96,62.245,61.495,61.86,350778
2020-10-09T04:00:00Z,61.825,62.29,61.61,61.815,346864
2020-10-08T04:00:00Z,60.82,62.07,60.49,61.55,483821
2020-10-07T04:00:00Z,58.06,60.975,58.06,60.455,654448
2020-10-06T04:00:00Z,59.35,59.46,57.62,57.74,366558
2020-10-05T04:00:00Z,58.58,59.28,57.96,59.175,443886
2020-10-02T04:00:00Z,59.38,60.01,58.715,58.715,662854
2020-10-01T04:00:00Z,60.39,60.57,59.625,59.815,548004
2020-09-30T04:00:00Z,60.33,60.64,59.8,60.35,186679
2020-09-29T04:00:00Z,59.73,60.94,59.73,59.915,156227
2020-09-28T04:00:00Z,59.4,60.19,58.97,59.665,287223
2020-09-25T04:00:00Z,58.27,59.835,58.27,59.475,169799
2020-09-24T04:00:00Z,58.565,58.8,57.715,58.225,326273
2020-09-23T04:00:00Z,59.06,59.49,58.63,59,183073
2020-09-22T04:00:00Z,57.7,58.835,57.7,58.775,393257
2020-09-21T04:00:00Z,58.88,58.88,56.91,57.77,192728
2020-09-18T04:00:00Z,59.32,59.62,58.83,59.3,105016
2020-09-17T04:00:00Z,59,59.43,58.29,59.43,190959
2020-09-16T04:00:00Z,59.625,59.965,59.25,59.465,135098
2020-09-15T04:00:00Z,59.97,60.11,59.395,59.52,146580
2020-09-14T04:00:00Z,59.195,60.075,59.09,59.735,125800
2020-09-11T04:00:00Z,58.475,59.255,58.46,59.005,119811
2020-09-10T04:00:00Z,59.11,59.295,58.195,58.265,218379
2020-09-09T04:00:00Z,58.92,59.6,58.81,59.085,130125
2020-09-08T04:00:00Z,59.87,60,58.17,58.535,218854
2020-09-04T04:00:00Z,60.15,60.52,59.255,59.935,391154
2020-09-03T04:00:00Z,61.575,61.97,59.53,60.07,682664
2020-09-02T04:00:00Z,60.79,61.82,60.47,61.52,334977
2020-09-01T04:00:00Z,62.13,62.255,60.695,60.935,276934
2020-08-31T04:00:00Z,62.31,62.8,61.955,62.205,552895
2020-08-28T04:00:00Z,62.44,62.5,61.85,62.355,108929
2020-08-27T04:00:00Z,62.45,62.94,62.24,62.55,171350
2020-08-26T04:00:00Z,62.52,62.59,61.585,62.27,167885
2020-08-25T04:00:00Z,62.64,63.35,62.52,62.72,117798
2020-08-24T04:00:00Z,62.35,62.42,61.7,62.39,204023
2020-08-21T04:00:00Z,62.28,62.335,61.755,62.185,109936
2020-08-20T04:00:00Z,62.775,62.86,61.935,62.2,124648
2020-08-19T04:00:00Z,63.09,63.815,62.97,63.095,180998
2020-08-18T04:00:00Z,63.65,63.65,62.91,63.015,122579
2020-08-17T04:00:00Z,63.46,64.075,63.22,63.595,242641
2020-08-14T04:00:00Z,63.015,63.535,62.755,63.155,94266
2020-08-13T04:00:00Z,63,63.58,62.92,63.195,212889
2020-08-12T04:00:00Z,63.595,64.22,63.445,63.65,230558
2020-08-11T04:00:00Z,62.97,64.23,62.71,63.105,412959
2020-08-10T04:00:00Z,61.11,61.985,60.775,61.775,228363
2020-08-07T04:00:00Z,61.525,61.59,60.425,61,348963
2020-08-06T04:00:00Z,61.97,62.95,60.44,61.31,516269
2020-08-05T04:00:00Z,59.93,60.35,59.415,59.705,243834
2020-08-04T04:00:00Z,58.86,59.495,58.545,59.435,129754
2020-08-03T04:00:00Z,59.095,59.625,58.965,59.075,215637
2020-07-31T04:00:00Z,58.85,59.05,57.815,58.66,152847
2020-07-30T04:00:00Z,58.9,59.145,58.35,58.84,109706
2020-07-29T04:00:00Z,59.35,59.35,58.605,59.13,206000
2020-07-28T04:00:00Z,58.51,59.815,58.31,59.4,208940
2020-07-27T04:00:00Z,57.58,58.605,57.41,58.05,153349
