2024-06-14T04:00:00Z,121.035,121.33,120.19,121.26,41324
2024-06-13T04:00:00Z,123.07,123.5,121.495,122.34,70402
2024-06-12T04:00:00Z,123.28,126,123.245,123.405,144311
2024-06-11T04:00:00Z,118.73,119.42,117.35,119.01,115251
2024-06-10T04:00:00Z,117.275,119.955,117.13,119.69,63018
2024-06-07T04:00:00Z,117.57,118.96,116.25,117.6,61599
2024-06-06T04:00:00Z,121.765,122.405,119.025,119.11,110538
2024-06-05T04:00:00Z,119.95,121.75,119.33,121.71,71117
2024-06-04T04:00:00Z,117.955,119.8,117.955,119.11,40537
2024-06-03T04:00:00Z,121.345,121.345,117.55,117.55,64232
2024-05-31T04:00:00Z,119.975,121.18,117.88,120.55,88281
2024-05-30T04:00:00Z,116.5,119.44,116.5,119.355,147659
2024-05-29T04:00:00Z,119.34,119.435,116,116.07,193844
2024-05-28T04:00:00Z,123.65,124.005,120.58,121.2,100979
2024-05-24T04:00:00Z,123.73,123.94,122.87,123.64,58670
2024-05-23T04:00:00Z,127.785,127.785,122.61,123.15,124082
2024-05-22T04:00:00Z,128.045,128.23,125.75,126.715,139526
2024-05-21T04:00:00Z,125.555,127.98,125.155,127.79,77680
2024-05-20T04:00:00Z,124.82,126.07,124.705,125.7,107870
2024-05-17T04:00:00Z,128.6,128.61,124.545,125.64,173035
2024-05-16T04:00:00Z,130.48,130.53,127.82,127.83,129921
2024-05-15T04:00:00Z,127.405,131.34,127.405,131.32,148579
2024-05-14T04:00:00Z,122.76,126.135,122.76,125.99,83747
2024-05-13T04:00:00Z,124.635,124.635,122.07,122.15,53365
2024-05-10T04:00:00Z,123.8,124.23,122.43,124.06,84203
2024-05-09T04:00:00Z,119.57,123.4,118.81,123.05,112064
2024-05-08T04:00:00Z,119.1,120.48,118.8,119.79,103053
2024-05-07T04:00:00Z,120.49,123.045,120.36,121.49,135876
2024-05-06T04:00:00Z,119.27,121.725,119.025,121.15,191356
2024-05-03T04:00:00Z,121.38,123.01,117.8,117.97,129073
2024-05-02T04:00:00Z,118.455,119.86,116.51,119.02,89889
2024-05-01T04:00:00Z,116.125,120.47,115.86,117.48,110079
2024-04-30T04:00:00Z,119.31,120.08,116.485,116.54,92875
2024-04-29T04:00:00Z,123.075,123.81,120.18,120.65,50243
2024-04-26T04:00:00Z,122.84,123.39,122.02,122.46,107956
2024-04-25T04:00:00Z,121.645,123.585,119.43,123.34,110758
2024-04-24T04:00:00Z,123.865,124.73,122.66,123.81,66980
2024-04-23T04:00:00Z,122.85,125.52,122.41,124.23,77340
2024-04-22T04:00:00Z,119.055,122.98,118.01,122.09,117252
2024-04-19T04:00:00Z,119.765,121.735,118.19,118.33,104562
2024-04-18T04:00:00Z,121.11,123.19,119.225,120.32,235973
2024-04-17T04:00:00Z,123.095,124.5,122,123.24,171894
2024-04-16T04:00:00Z,120.5,122.76,119.74,121.87,168900
2024-04-15T04:00:00Z,125.26,125.38,119.95,121.18,97721
2024-04-12T04:00:00Z,125.44,125.825,122.75,123.48,73011
2024-04-11T04:00:00Z,126.26,128.08,124.68,126.88,105048
2024-04-10T04:00:00Z,127.52,128.505,125.73,126.03,126036
2024-04-09T04:00:00Z,130.535,132.04,128.57,132.01,90154
2024-04-08T04:00:00Z,127.25,129.92,126.99,129.4,73919
2024-04-05T04:00:00Z,125.94,128.37,125.51,127.63,40228
2024-04-04T04:00:00Z,128.5,129.025,125.66,126.085,80242
2024-04-03T04:00:00Z,125.68,127.25,125.495,126.6,65985
2024-04-02T04:00:00Z,127.77,128.025,124.97,126.31,114128
2024-04-01T04:00:00Z,131.44,132,130.91,131.03,86167
2024-03-28T04:00:00Z,131.155,131.72,130.47,131.43,45672
2024-03-27T04:00:00Z,129.32,130.91,129.015,130.9,63713
2024-03-26T04:00:00Z,129.395,129.93,127.66,127.9,42034
2024-03-25T04:00:00Z,128.11,129.275,127.91,128.85,36408
2024-03-22T04:00:00Z,130.68,131.215,127.8,127.8,57250
2024-03-21T04:00:00Z,129.235,133.51,129.22,131.69,106470
2024-03-20T04:00:00Z,123.59,128.46,123.525,127.66,108988
2024-03-19T04:00:00Z,122.71,124.035,121.595,123.97,66651
2024-03-18T04:00:00Z,126,126,123.17,123.45,82364
2024-03-15T04:00:00Z,123.65,125.25,123.4,124.86,179410
2024-03-14T04:00:00Z,125.825,127.03,123.255,124.88,158994
2024-03-13T04:00:00Z,123.81,126.36,123.56,126.08,144461
2024-03-12T04:00:00Z,124.695,125.44,123.09,123.66,114494
2024-03-11T04:00:00Z,125.815,125.985,124.085,124.555,97915
2024-03-08T05:00:00Z,125.685,127.71,125.35,125.98,104926
2024-03-07T05:00:00Z,125.195,125.195,123.33,124.85,109752
2024-03-06T05:00:00Z,126.655,127.255,122.24,123.31,124047
2024-03-05T05:00:00Z,126.35,126.605,124.125,124.82,130523
2024-03-04T05:00:00Z,125.76,127.81,124.11,126.55,277066
2024-03-01T05:00:00Z,127.97,129.115,126.49,128.15,101805
2024-02-29T05:00:00Z,127.63,128.26,126.25,127.75,94850
2024-02-28T05:00:00Z,126.2,127.23,125.69,126.42,65167
2024-02-27T05:00:00Z,126.105,126.91,125.52,126.79,109593
2024-02-26T05:00:00Z,125.085,126.34,124.86,125.32,137068
2024-02-23T05:00:00Z,127.96,128.225,124.77,125.15,110675
2024-02-22T05:00:00Z,128.49,129.53,126.79,127.28,82170
2024-02-21T05:00:00Z,125.6,126.34,125.16,126.19,61888
2024-02-20T05:00:00Z,126.17,126.99,125.61,126.33,64919
2024-02-16T05:00:00Z,128.67,129.655,127.79,127.81,126936
2024-02-15T05:00:00Z,129.56,130.62,129.01,130.25,91375
2024-02-14T05:00:00Z,126.845,128.28,126.055,127.91,154970
2024-02-13T05:00:00Z,126.335,126.335,122.35,125.01,244770
2024-02-12T05:00:00Z,127.25,131.28,127.25,130.15,129654
2024-02-09T05:00:00Z,127.88,128.3,126.04,127.71,105526
2024-02-08T05:00:00Z,127.57,128.485,125.06,127.81,144972
2024-02-07T05:00:00Z,124.87,126.58,123.94,126.08,130569
2024-02-06T05:00:00Z,121.4,123.65,121.24,123.51,117815
2024-02-05T05:00:00Z,122.84,123.1,120.01,121.3,102599
2024-02-02T05:00:00Z,122.63,124.89,120.56,124.38,120841
2024-02-01T05:00:00Z,125.175,125.73,121.31,124.25,197634
2024-01-31T05:00:00Z,125.99,127.225,124.36,124.5,151836
2024-01-30T05:00:00Z,127.19,128.11,126.1,127.26,104960
2024-01-29T05:00:00Z,124.94,127.885,124.57,127.82,119402
2024-01-26T05:00:00Z,123.86,125.51,123.25,124.55,97167
2024-01-25T05:00:00Z,125.06,125.155,119.91,123.48,274097
2024-01-24T05:00:00Z,120.865,121.08,119.2,120.59,123405
2024-01-23T05:00:00Z,121.29,121.29,118.375,119.03,102492
2024-01-22T05:00:00Z,119.72,122.21,119.72,121,110009
2024-01-19T05:00:00Z,117.14,119.235,116.33,119.05,104579
2024-01-18T05:00:00Z,118.05,118.05,115.68,117.07,60340
2024-01-17T05:00:00Z,115.05,117.15,115.05,116.95,147601
2024-01-16T05:00:00Z,117.69,118.625,116.63,118.27,115885
2024-01-12T05:00:00Z,120.86,121.05,118.49,119.385,88941
2024-01-11T05:00:00Z,120.93,121.12,118.59,119.99,142093
2024-01-10T05:00:00Z,120.71,122.04,120.1,121.49,155871
2024-01-09T05:00:00Z,120.45,121.69,119.75,121.03,339506
2024-01-08T05:00:00Z,122.44,122.91,121.385,122.28,190588
2024-01-05T05:00:00Z,121.45,123.74,121.21,122.17,149311
2024-01-04T05:00:00Z,122.14,124.07,121.82,122.92,98006
2024-01-03T05:00:00Z,125,125.27,121.615,122.33,231957
2024-01-02T05:00:00Z,129,129.695,126.81,128.285,173334
2023-12-29T05:00:00Z,132.835,133.03,130.37,130.935,50761
2023-12-28T05:00:00Z,132.45,133.5,132.14,133.1,78553
2023-12-27T05:00:00Z,131.295,133.405,130.87,132.57,55579
2023-12-26T05:00:00Z,130.8,132.01,130.8,131.37,60210
2023-12-22T05:00:00Z,129.31,131.95,129.31,130.66,109726
2023-12-21T05:00:00Z,127.64,129.2,126.775,129.19,230218
2023-12-20T05:00:00Z,127.39,129.54,126.05,126.14,163085
2023-12-19T05:00:00Z,125.17,129.29,125.17,128.31,180782
2023-12-18T05:00:00Z,129.305,129.535,125.905,125.97,174846
2023-12-15T05:00:00Z,127.41,130.385,127.22,129.46,157026
2023-12-14T05:00:00Z,121.9,128.64,121.885,128.55,292493
2023-12-13T05:00:00Z,112.98,119.985,112.46,119.7,193590
2023-12-12T05:00:00Z,112.93,113.21,112.09,113.21,84619
2023-12-11T05:00:00Z,112.7,113.24,112.405,113.005,111883
2023-12-08T05:00:00Z,113.875,114.61,111.71,112.58,107416
2023-12-07T05:00:00Z,112.32,114.445,112.16,113.87,85497
2023-12-06T05:00:00Z,116.605,117.24,111.075,112.11,506327
2023-12-05T05:00:00Z,115.05,115.99,114.575,115.29,74337
2023-12-04T05:00:00Z,112.79,115.765,112.79,115.53,307679
2023-12-01T05:00:00Z,112.55,114.42,112.29,114.27,109852
2023-11-30T05:00:00Z,111.445,112.515,110.83,112.47,112914
2023-11-29T05:00:00Z,109,112.64,109,111.325,170997
2023-11-28T05:00:00Z,106.64,107.88,106.23,107.69,61895
2023-11-27T05:00:00Z,106.39,107.1,105.57,106.76,118671
2023-11-24T05:00:00Z,106.8,107.02,106.15,107,29132
2023-11-22T05:00:00Z,107.005,107.38,106.095,106.81,39352
2023-11-21T05:00:00Z,106.64,106.82,105.56,105.77,58821
2023-11-20T05:00:00Z,104.87,106.77,104.47,106.49,59167
2023-11-17T05:00:00Z,103.88,105.38,103.18,104.93,75821
2023-11-16T05:00:00Z,104.1,104.51,102.86,103.66,95007
2023-11-15T05:00:00Z,102.77,104.585,102.77,104.31,152508
2023-11-14T05:00:00Z,101.095,104.01,101.095,102.61,154615
2023-11-13T05:00:00Z,97.73,98.25,96.97,97.73,80217
2023-11-10T05:00:00Z,97.88,98.67,96.15,98.65,69484
2023-11-09T05:00:00Z,99.9,99.9,96.27,96.88,73713
2023-11-08T05:00:00Z,98.865,99.66,98.41,99.22,68444
2023-11-07T05:00:00Z,98.36,100.83,98.32,98.95,215959
2023-11-06T05:00:00Z,100.4,101,97.49,98.33,100333
2023-11-03T04:00:00Z,99.6,101.54,99.6,100.9,113521
2023-11-02T04:00:00Z,97.78,98.38,96.68,98.21,160159
2023-11-01T04:00:00Z,92.75,94.88,91.83,94.75,169678
2023-10-31T04:00:00Z,92.51,92.51,91.16,92.41,73148
2023-10-30T04:00:00Z,90.49,92.91,90.475,92.38,154152
2023-10-27T04:00:00Z,91.875,91.875,88.63,89.68,125403
2023-10-26T04:00:00Z,91.75,94.11,91.75,92.285,103104
2023-10-25T04:00:00Z,94.565,94.61,91.63,91.89,82620
2023-10-24T04:00:00Z,94.05,95.37,93.14,95.19,171710
2023-10-23T04:00:00Z,94,94.79,92.385,92.75,219448
2023-10-20T04:00:00Z,93.5,94.86,92.36,94.41,183745
2023-10-19T04:00:00Z,96.89,98.65,94.19,94.21,472982
2023-10-18T04:00:00Z,103.81,103.94,101.63,102.25,177761
2023-10-17T04:00:00Z,103.23,106.145,103.23,105.33,118482
2023-10-16T04:00:00Z,104.99,106.325,103.78,104.47,104030
2023-10-13T04:00:00Z,105.265,105.265,102.34,103.82,172723
2023-10-12T04:00:00Z,107.41,107.41,104.13,104.85,82329
2023-10-11T04:00:00Z,106.755,107.35,105.425,107.27,96321
2023-10-10T04:00:00Z,105.085,106.75,105.085,105.26,71560
2023-10-09T04:00:00Z,103.64,105.29,103.26,104.765,69164
2023-10-06T04:00:00Z,102.72,105.93,101.91,105.14,108628
2023-10-05T04:00:00Z,103.75,104.4,102.72,104.195,83593
2023-10-04T04:00:00Z,103.395,104.64,102.44,104.27,127035
2023-10-03T04:00:00Z,106.05,106.08,102.45,103.22,199505
2023-10-02T04:00:00Z,106.85,108.08,106.295,107.18,95900
2023-09-29T04:00:00Z,108.97,109.73,106.8,107.21,113079
2023-09-28T04:00:00Z,106.075,109.33,105.78,108.2,106911
2023-09-27T04:00:00Z,106.52,107.2,105.12,106.58,128328
2023-09-26T04:00:00Z,109.24,109.84,105.36,105.925,205042
2023-09-25T04:00:00Z,110.74,111.2,109.29,110.27,178049
2023-09-22T04:00:00Z,111.72,112.18,110.44,111.17,86947
2023-09-21T04:00:00Z,113.175,113.175,110.74,111.13,243679
2023-09-20T04:00:00Z,115.58,116.77,113.68,114.23,153437
2023-09-19T04:00:00Z,114,115.51,113.605,115.12,261920
2023-09-18T04:00:00Z,113.53,115.18,113.05,114.385,349300
2023-09-15T04:00:00Z,113.44,115.175,112.96,113.69,755735
2023-09-14T04:00:00Z,113.755,113.78,112.085,112.645,235261
2023-09-13T04:00:00Z,112.875,113.7,112.05,112.74,278346
2023-09-12T04:00:00Z,113.42,114.2,112.49,112.49,361453
2023-09-11T04:00:00Z,113.35,114.94,113.34,113.49,192097
2023-09-08T04:00:00Z,109.815,112.81,109.8,112.65,268465
2023-09-07T04:00:00Z,106.8,110.25,106.385,109.435,310744
2023-09-06T04:00:00Z,107.29,108.86,107.22,107.89,208061
2023-09-05T04:00:00Z,108.46,109.02,107.45,108.19,511259
2023-09-01T04:00:00Z,107.07,107.32,104.19,104.465,155622
2023-08-31T04:00:00Z,105.79,107.02,105.23,106.375,121973
2023-08-30T04:00:00Z,104.3,105.28,103.705,104.93,90637
2023-08-29T04:00:00Z,100.945,104.57,100.945,104.325,103092
2023-08-28T04:00:00Z,100.225,101.48,100.225,100.96,61149
2023-08-25T04:00:00Z,99.47,100.15,98.505,99.64,56006
2023-08-24T04:00:00Z,100.09,101.045,98.575,99.03,77958
2023-08-23T04:00:00Z,98.625,99.85,98.35,99.68,51676
2023-08-22T04:00:00Z,99.33,99.33,97.94,98.23,41185
2023-08-21T04:00:00Z,99.415,99.82,98.43,98.79,74454
2023-08-18T04:00:00Z,95.385,99.11,95.27,98.71,148800
2023-08-17T04:00:00Z,97.2,97.845,96.25,96.84,50703
2023-08-16T04:00:00Z,97.4,98.08,96.88,96.91,58501
2023-08-15T04:00:00Z,97.17,97.76,96.75,97.47,41254
2023-08-14T04:00:00Z,98.225,99.035,97.27,98.05,209507
2023-08-11T04:00:00Z,99.61,100.05,98.16,98.39,104253
2023-08-10T04:00:00Z,101.245,102.305,99.47,100.21,164482
2023-08-09T04:00:00Z,103.33,103.33,99.98,100.07,240290
2023-08-08T04:00:00Z,102.42,104.23,102.03,103.82,64806
2023-08-07T04:00:00Z,103.51,104.14,103.165,103.88,52546
2023-08-04T04:00:00Z,103.41,104.425,102.3,102.69,60427
2023-08-03T04:00:00Z,101.75,102.92,100.96,102.63,100937
2023-08-02T04:00:00Z,103.765,104.4,102.66,102.87,77523
2023-08-01T04:00:00Z,104.15,106.545,104.12,106.11,124891
2023-07-31T04:00:00Z,104.815,105.135,104.07,104.73,94626
2023-07-28T04:00:00Z,103.895,105.56,103.51,105.025,105120
2023-07-27T04:00:00Z,105.99,106.59,103.16,103.3,163200
2023-07-26T04:00:00Z,103.91,105.265,102.93,104.735,103674
2023-07-25T04:00:00Z,105.13,105.67,104.39,104.39,63621
2023-07-24T04:00:00Z,105.08,106.2,104.3,105.14,106174
2023-07-21T04:00:00Z,107.49,107.49,104.39,104.87,171967
2023-07-20T04:00:00Z,104.75,108.45,104.7,107.495,234656
2023-07-19T04:00:00Z,105.7,108.76,105.3,108.245,411042
2023-07-18T04:00:00Z,104.13,107.43,103.86,106.945,441175
2023-07-17T04:00:00Z,104.64,106.815,103.495,104.45,336386
2023-07-14T04:00:00Z,103.86,104.84,103.26,104.03,444052
2023-07-13T04:00:00Z,99.205,102.75,99.205,102.75,253119
2023-07-12T04:00:00Z,99.69,100.39,97.9,98.155,175945
2023-07-11T04:00:00Z,93.9,98.855,93.9,98.47,374811
2023-07-10T04:00:00Z,91.665,93.965,91.665,93.37,65718
2023-07-07T04:00:00Z,91.33,92.835,91.33,91.99,68642
2023-07-06T04:00:00Z,91.93,92.125,89.5,92.04,143957
2023-07-05T04:00:00Z,93.98,94,92.58,92.93,58255
2023-07-03T04:00:00Z,93.22,95.31,93.14,94.81,83711
2023-06-30T04:00:00Z,93.48,94.11,92.97,92.98,79002
2023-06-29T04:00:00Z,91.58,92.935,91.58,92.83,103365
2023-06-28T04:00:00Z,90.83,91.505,90.19,91.29,80252
2023-06-27T04:00:00Z,90.07,92.03,89.99,91.34,109005
2023-06-26T04:00:00Z,87.71,89.66,87.66,88.76,70943
2023-06-23T04:00:00Z,87.925,88.925,87.75,87.885,84855
2023-06-22T04:00:00Z,88.235,89.4,87.47,89.16,75345
2023-06-21T04:00:00Z,90.01,90.48,89.13,89.13,58704
2023-06-20T04:00:00Z,90.14,90.88,89.42,90.71,74439
2023-06-16T04:00:00Z,92.72,92.77,91.015,91.19,109122
2023-06-15T04:00:00Z,90.05,93.15,90.05,92.65,91770
2023-06-14T04:00:00Z,91.05,91.98,89.6,90.26,92012
2023-06-13T04:00:00Z,90.01,91.83,89.74,90.675,108072
2023-06-12T04:00:00Z,88.59,89.94,87.93,89.9,102179
2023-06-09T04:00:00Z,88.93,89.39,87.63,88.19,119503
2023-06-08T04:00:00Z,87.25,88.76,86.28,88.66,158279
2023-06-07T04:00:00Z,87.915,88.275,86.9,87.34,112993
2023-06-06T04:00:00Z,85.475,87.73,85.13,87.39,178518
2023-06-05T04:00:00Z,85.13,86.56,84.17,85.57,322859
2023-06-02T04:00:00Z,88.89,91.09,88.88,89,248232
2023-06-01T04:00:00Z,85.925,87.98,84.14,87.16,182650
2023-05-31T04:00:00Z,85.76,86.49,82.57,85.63,256969
2023-05-30T04:00:00Z,86.445,86.89,85.18,86.44,116005
2023-05-26T04:00:00Z,83.01,86.04,82.99,85.68,141879
2023-05-25T04:00:00Z,83.645,83.94,81.98,83.54,81484
2023-05-24T04:00:00Z,82.5,83.55,81.085,83.17,101100
2023-05-23T04:00:00Z,84.53,85.805,83.33,83.71,127598
2023-05-22T04:00:00Z,82.38,85.33,82.255,85.02,225236
2023-05-19T04:00:00Z,83.71,84.19,81.68,83.11,94218
2023-05-18T04:00:00Z,83.575,83.94,82.265,83.25,154142
2023-05-17T04:00:00Z,81.08,84.63,80.84,83.675,144423
2023-05-16T04:00:00Z,82.99,83.04,80.29,80.375,109192
2023-05-15T04:00:00Z,82.25,83.46,82.05,83.13,73665
2023-05-12T04:00:00Z,83.67,84.02,82.26,82.87,86512
2023-05-11T04:00:00Z,82.17,83.31,81.54,83.27,121319
2023-05-10T04:00:00Z,83.18,83.95,81.08,82.675,89096
2023-05-09T04:00:00Z,80.44,82.74,80.12,81.65,134493
2023-05-08T04:00:00Z,82.59,83.04,81.15,81.245,149228
2023-05-05T04:00:00Z,81.895,83.13,81.12,82.19,160118
2023-05-04T04:00:00Z,82.155,82.155,79.95,80.71,259188
2023-05-03T04:00:00Z,84.98,85.76,82.88,83.02,240917
2023-05-02T04:00:00Z,86.4,86.44,83.3,84.66,281354
2023-05-01T04:00:00Z,90.07,91.25,88.59,88.745,126212
2023-04-28T04:00:00Z,86.425,90.36,86.425,89.34,238465
2023-04-27T04:00:00Z,86.04,87.43,85.495,87.15,161996
2023-04-26T04:00:00Z,86.805,87.53,85.05,85.31,92776
2023-04-25T04:00:00Z,88.64,88.64,86.14,86.42,144322
2023-04-24T04:00:00Z,89.615,89.615,88.015,88.64,159159
2023-04-21T04:00:00Z,91.575,91.73,89.27,89.455,194795
2023-04-20T04:00:00Z,91.32,94.88,90.93,91.96,287211
2023-04-19T04:00:00Z,90.56,93.22,90.51,92.58,288120
2023-04-18T04:00:00Z,90.5,92.74,89.98,91.52,547822
2023-04-17T04:00:00Z,85.17,87.215,84.5,87.21,118080
2023-04-14T04:00:00Z,84.35,85.39,83.38,85.325,89211
2023-04-13T04:00:00Z,83.935,84.855,82.34,84.26,109976
2023-04-12T04:00:00Z,84.78,85.045,82.465,82.59,170325
2023-04-11T04:00:00Z,82.09,84.49,81.91,83.37,153278
2023-04-10T04:00:00Z,81.45,82.655,81.03,81.605,131737
2023-04-06T04:00:00Z,81.67,82.48,81.26,82.18,109140
2023-04-05T04:00:00Z,80.545,81.55,79.31,81.46,166966
2023-04-04T04:00:00Z,85.275,85.275,80.995,81.19,196790
2023-04-03T04:00:00Z,86.62,86.91,82.94,84.96,280629
2023-03-31T04:00:00Z,86.8,88.26,86.36,87.87,111119
2023-03-30T04:00:00Z,86,87.03,84.8,85.71,132027
2023-03-29T04:00:00Z,85.095,85.38,83.78,85.2,146334
2023-03-28T04:00:00Z,84.32,84.74,82.38,83.68,116774
2023-03-27T04:00:00Z,85.84,85.84,82.9,84.2,138988
2023-03-24T04:00:00Z,82.04,84.01,80.81,83.98,235972
2023-03-23T04:00:00Z,85.25,87.4,83.33,84.49,179513
2023-03-22T04:00:00Z,86.54,87.63,83.75,83.98,215883
2023-03-21T04:00:00Z,84.34,87.03,84.34,86.86,205171
2023-03-20T04:00:00Z,84.67,84.67,81.22,82.53,366028
2023-03-17T04:00:00Z,87.94,88.21,82.85,84.84,416645
2023-03-16T04:00:00Z,85.495,89.2,85.37,87.22,266603
2023-03-15T04:00:00Z,83.99,87.19,83.56,86.605,400730
2023-03-14T04:00:00Z,87.02,87.46,85.32,86.205,451981
2023-03-13T04:00:00Z,77.755,84.29,77.12,83.46,695396
2023-03-10T05:00:00Z,83.81,85.1,79.13,80.21,680606
2023-03-09T05:00:00Z,90.57,91.64,84.74,84.97,398246
2023-03-08T05:00:00Z,89.81,91.84,89.81,91.5,108305
2023-03-07T05:00:00Z,91.06,91.735,89.38,89.485,123440
2023-03-06T05:00:00Z,91.01,92.55,90.545,91.61,162630
2023-03-03T05:00:00Z,89.75,91.235,87.36,91.235,133736
2023-03-02T05:00:00Z,87.6,89.51,86.7,89.06,160749
2023-03-01T05:00:00Z,90.58,91.495,89.57,89.775,167964
2023-02-28T05:00:00Z,90.185,91.51,89.425,90.84,94307
2023-02-27T05:00:00Z,90.745,91.21,89.385,89.94,97151
2023-02-24T05:00:00Z,88.98,89.45,87.8,89.07,156700
2023-02-23T05:00:00Z,92.11,92.26,89.5,91.05,162429
2023-02-22T05:00:00Z,90.88,91.82,89.76,90.89,93127
2023-02-21T05:00:00Z,91.55,91.98,90.06,90.75,170895
2023-02-17T05:00:00Z,93.6,94.04,91.94,93.515,141012
2023-02-16T05:00:00Z,94.78,95.965,92.92,94.47,120903
2023-02-15T05:00:00Z,96.105,97.13,95.93,96.62,136876
2023-02-14T05:00:00Z,94.86,97.92,94.74,96.8,180987
2023-02-13T05:00:00Z,93.405,96.52,93.3,96.52,236875
2023-02-10T05:00:00Z,90.64,93.15,89.88,93.15,137920
2023-02-09T05:00:00Z,95.34,95.9,91.03,91.88,200317
2023-02-08T05:00:00Z,95.76,97.08,94.575,94.68,119049
2023-02-07T05:00:00Z,95.295,97.68,94.48,96.71,131226
2023-02-06T05:00:00Z,95.275,95.79,93.9,95.74,234175
2023-02-03T05:00:00Z,95.9,99.995,95.275,97.12,339913
2023-02-02T05:00:00Z,100,102.03,99.31,100.105,296564
2023-02-01T05:00:00Z,94.82,98.265,93,97.21,290251
2023-01-31T05:00:00Z,94.585,96.01,94.23,95.98,110133
2023-01-30T05:00:00Z,94.65,96.93,94.65,94.89,336883
2023-01-27T05:00:00Z,93.36,96.18,93.01,95.855,311272
2023-01-26T05:00:00Z,90.595,93.795,90.265,93.795,398128
2023-01-25T05:00:00Z,86.44,89.005,85.645,88.855,231267
2023-01-24T05:00:00Z,89.1,90.18,87.28,88.2,224401
2023-01-23T05:00:00Z,85.69,88.35,85.69,87.92,208175
2023-01-20T05:00:00Z,81.91,85.02,81.03,84.99,225061
2023-01-19T05:00:00Z,82.02,82.43,80.13,80.5,257046
2023-01-18T05:00:00Z,86.28,87.59,83.95,83.99,299302
2023-01-17T05:00:00Z,85.28,86.56,85.03,85.835,111694
2023-01-13T05:00:00Z,83.56,85.84,83.4,85.075,170863
2023-01-12T05:00:00Z,83.89,85.05,82.305,85.05,246959
2023-01-11T05:00:00Z,82.37,83.385,81.67,83.1,222462
2023-01-10T05:00:00Z,80.85,81.275,79.72,80.52,167082
2023-01-09T05:00:00Z,80.5,81.87,79.71,80.605,170488
2023-01-06T05:00:00Z,77.62,79.75,76.33,79.2,268605
2023-01-05T05:00:00Z,77.095,77.74,76.23,76.59,184473
2023-01-04T05:00:00Z,77.205,78.29,75.9,77.99,216653
2023-01-03T05:00:00Z,76.88,77.87,74.08,76.14,599492
2022-12-30T05:00:00Z,73.97,74.75,73.08,74.22,123236
2022-12-29T05:00:00Z,73.28,74.78,73.25,74.745,163154
2022-12-28T05:00:00Z,73.58,74.18,71.74,72.15,149474
2022-12-27T05:00:00Z,74.89,75.25,73.36,73.69,99925
2022-12-23T05:00:00Z,74.375,75.91,73.89,74.885,160535
2022-12-22T05:00:00Z,74.36,74.53,73.04,74.38,116397
2022-12-21T05:00:00Z,74.22,75.87,73.91,75.85,184350
2022-12-20T05:00:00Z,72.6,74.435,72.33,73.09,304745
2022-12-19T05:00:00Z,75.02,75.77,72.84,73.5,202965
2022-12-16T05:00:00Z,76.39,77,73.755,75.37,595743
2022-12-15T05:00:00Z,79.49,80.38,76.96,77.42,418260
2022-12-14T05:00:00Z,83.085,84.255,79.9,80.66,268512
2022-12-13T05:00:00Z,87.83,88.02,81.49,83.44,738459
2022-12-12T05:00:00Z,77.54,82.48,77.46,82.48,570060
2022-12-09T05:00:00Z,78.785,79.85,78.03,78.48,307373
2022-12-08T05:00:00Z,78.23,80.39,78.04,79.08,425628
2022-12-07T05:00:00Z,78.125,79.36,77.18,77.65,602645
2022-12-06T05:00:00Z,82.1,82.26,78.635,78.79,607410
2022-12-05T05:00:00Z,84.06,84.88,80.59,82.1,666536
2022-12-02T05:00:00Z,81.46,85.385,80.5,85.16,1042518
2022-12-01T05:00:00Z,88.205,88.47,82.415,85.1,2143120
2022-11-30T05:00:00Z,88.75,91.53,86.35,91.53,403113
2022-11-29T05:00:00Z,88.5,89.08,87.55,88.19,614984
2022-11-28T05:00:00Z,88.4,89.91,87.705,88.11,548983
2022-11-25T05:00:00Z,88.26,90.34,88.26,89.98,170784
2022-11-23T05:00:00Z,87.715,89.69,86.49,88.53,618636
2022-11-22T05:00:00Z,86.31,88.41,85.22,87.83,536470
2022-11-21T05:00:00Z,90.46,91.625,89.33,89.85,123729
2022-11-18T05:00:00Z,92.58,92.58,90.03,91.69,129174
2022-11-17T05:00:00Z,92.42,92.42,89.485,90.42,314928
2022-11-16T05:00:00Z,97.045,97.075,92.905,94.13,292628
2022-11-15T05:00:00Z,105.77,107.335,96.23,97.66,443686
2022-11-14T05:00:00Z,106.76,107.28,101.42,101.42,269235
2022-11-11T05:00:00Z,103.7,109.98,103.68,108.87,659619
2022-11-10T05:00:00Z,97.25,103.56,97.25,103.51,611481
2022-11-09T05:00:00Z,91.16,92.49,89.74,89.97,127345
2022-11-08T05:00:00Z,92,94.205,91.045,92.99,209656
2022-11-07T05:00:00Z,91.985,93.29,89.97,92.18,203961
2022-11-04T04:00:00Z,89.85,91.69,88.9,90.04,243468
2022-11-03T04:00:00Z,90.04,90.485,87.58,88.2,568680
2022-11-02T04:00:00Z,92.01,95.47,90.82,92.33,711961
2022-11-01T04:00:00Z,93.73,94.32,90.88,92.96,283341
2022-10-31T04:00:00Z,92.34,92.985,91.14,91.16,209177
2022-10-28T04:00:00Z,90.64,94.34,88.39,93.185,294838
2022-10-27T04:00:00Z,94.15,95.17,92.74,93.6,292476
2022-10-26T04:00:00Z,90.77,93.945,90.18,92.79,281964
2022-10-25T04:00:00Z,86.445,91.59,86.37,91.57,281385
2022-10-24T04:00:00Z,85.76,86.64,82.82,86.26,270457
2022-10-21T04:00:00Z,83.6,85.695,82.67,85.44,405294
2022-10-20T04:00:00Z,88.335,88.335,82.96,84.03,672428
2022-10-19T04:00:00Z,89.87,89.98,86.87,87.72,215954
2022-10-18T04:00:00Z,91.68,93.05,88.77,90.13,286230
2022-10-17T04:00:00Z,86.64,88.415,86.19,88.26,225774
2022-10-14T04:00:00Z,87.69,88.36,83.9,84.12,219451
2022-10-13T04:00:00Z,81.2,86.82,79.59,86.41,236970
2022-10-12T04:00:00Z,83.73,86.18,83.17,85.48,223279
2022-10-11T04:00:00Z,84.98,85.48,82.08,83.395,565874
2022-10-10T04:00:00Z,87.39,87.39,85.145,85.71,224406
2022-10-07T04:00:00Z,89.45,89.9,85.815,86.355,241898
2022-10-06T04:00:00Z,91.74,93.35,91.265,91.62,389616
2022-10-05T04:00:00Z,91.18,92.69,90.215,92.08,431164
2022-10-04T04:00:00Z,89.13,93.53,89.11,93.53,382382
2022-10-03T04:00:00Z,85.02,86.915,84.41,86.49,183360
2022-09-30T04:00:00Z,84.635,85.59,83.1,83.765,771880
2022-09-29T04:00:00Z,84.27,85.125,83.245,84.51,672227
2022-09-28T04:00:00Z,82.47,86.34,81.74,85.94,241198
2022-09-27T04:00:00Z,85.1,86.11,81.86,81.95,345996
2022-09-26T04:00:00Z,82.99,84.94,82.73,83.35,284988
2022-09-23T04:00:00Z,83.58,84.06,82.22,83.5,371089
2022-09-22T04:00:00Z,88.41,88.41,84.11,85.35,402907
2022-09-21T04:00:00Z,92.52,93.98,88.73,88.765,192788
2022-09-20T04:00:00Z,93.99,94.65,89.54,90.93,255732
2022-09-19T04:00:00Z,90.81,95.14,90.81,95.13,109919
2022-09-16T04:00:00Z,92.53,92.53,90.74,92.195,216887
2022-09-15T04:00:00Z,94.68,95.86,92.6,94.71,121880
2022-09-14T04:00:00Z,95.06,95.925,93.9,95.36,132971
2022-09-13T04:00:00Z,96.29,96.71,93.65,94.31,311031
2022-09-12T04:00:00Z,100.75,102.17,100.06,100.83,93666
2022-09-09T04:00:00Z,97.955,100,97.955,99.73,110562
2022-09-08T04:00:00Z,95.225,97.12,94.93,96.92,94980
2022-09-07T04:00:00Z,94.29,96.68,93.68,96.37,87376
2022-09-06T04:00:00Z,94.5,95.26,92.4,94.09,127985
2022-09-02T04:00:00Z,96.58,96.94,92.96,93.83,153850
2022-09-01T04:00:00Z,92.84,94.31,91.11,94.215,163567
2022-08-31T04:00:00Z,96.88,97.15,93.85,93.89,139762
2022-08-30T04:00:00Z,97.35,98.05,94.31,95.63,154900
2022-08-29T04:00:00Z,96.95,97.8,95.965,96.17,124757
2022-08-26T04:00:00Z,105.46,105.47,98.42,98.51,462903
2022-08-25T04:00:00Z,103.81,105.45,103.525,105.435,54003
2022-08-24T04:00:00Z,101.44,103.94,101.44,102.77,97847
2022-08-23T04:00:00Z,101.12,103.59,101.12,102.33,71895
2022-08-22T04:00:00Z,100.73,101.63,99.01,100.995,173857
2022-08-19T04:00:00Z,105.75,105.75,102.63,103.4,253338
2022-08-18T04:00:00Z,106.46,107.4,105.93,107.255,80050
2022-08-17T04:00:00Z,104.87,107.18,104.87,106.435,107241
2022-08-16T04:00:00Z,107.49,108.14,105.525,107.58,178235
2022-08-15T04:00:00Z,107.69,109.96,107.69,108.65,132129
2022-08-12T04:00:00Z,107.28,108.77,106.49,108.77,95647
2022-08-11T04:00:00Z,110.02,110.81,105.1,105.99,205087
2022-08-10T04:00:00Z,104.03,108.83,103.91,107.99,220961
2022-08-09T04:00:00Z,101.695,102.175,100.2,100.77,165972
2022-08-08T04:00:00Z,103.36,104.575,102.55,102.695,137181
2022-08-05T04:00:00Z,100.26,102.4,99.33,101.195,180442
2022-08-04T04:00:00Z,100.68,102.835,99.405,102.835,219479
2022-08-03T04:00:00Z,102.215,102.215,100.38,101.125,165073
2022-08-02T04:00:00Z,102,102.44,99.68,100.55,212518
2022-08-01T04:00:00Z,101.025,104.69,100.27,103.27,186855
2022-07-29T04:00:00Z,101.06,103.49,101.06,102.01,323562
2022-07-28T04:00:00Z,98.74,102.54,98.41,102.47,302789
2022-07-27T04:00:00Z,95.18,98.25,93.33,97.57,177335
2022-07-26T04:00:00Z,96.84,96.84,93.385,93.6,302333
2022-07-25T04:00:00Z,95.985,97.43,95.16,97.32,227149
2022-07-22T04:00:00Z,98.38,101.02,96.055,96.46,514257
2022-07-21T04:00:00Z,98.4,98.4,93.5,97.815,598380
2022-07-20T04:00:00Z,99.85,102.09,98.455,101.26,228788
2022-07-19T04:00:00Z,94.7,99.415,94.65,98.97,174350
2022-07-18T04:00:00Z,95.02,95.73,93.05,93.17,85306
2022-07-15T04:00:00Z,92.06,93.67,88.96,92.96,150075
2022-07-14T04:00:00Z,89.65,89.89,87.83,89.625,190614
2022-07-13T04:00:00Z,91.49,92.95,88.19,91.395,166251
2022-07-12T04:00:00Z,94.64,96.42,93.46,93.87,93089
2022-07-11T04:00:00Z,94.895,95.54,93.66,95.15,138080
2022-07-08T04:00:00Z,96.8,97.825,94.81,96.11,85319
2022-07-07T04:00:00Z,95.5,97.91,95.5,97.35,110613
2022-07-06T04:00:00Z,94.15,96.69,92.59,93.95,120195
2022-07-05T04:00:00Z,90.79,94.52,89.18,94.02,257528
2022-07-01T04:00:00Z,91.27,93,89.93,92.8,119844
2022-06-30T04:00:00Z,89.19,91.9,87.02,91.16,194025
2022-06-29T04:00:00Z,94.74,94.94,90.52,91.08,359738
2022-06-28T04:00:00Z,99.29,100.365,93.74,94.83,288049
2022-06-27T04:00:00Z,100.16,100.4,97.34,97.9,224974
2022-06-24T04:00:00Z,95.2,98.93,95.2,98.93,190456
2022-06-23T04:00:00Z,92.265,95.33,90.695,93.41,274035
2022-06-22T04:00:00Z,89.41,92.78,89.19,91.27,190519
2022-06-21T04:00:00Z,92.535,93.7,91.15,91.255,319038
2022-06-17T04:00:00Z,90.28,92.525,89.1,90.295,279083
2022-06-16T04:00:00Z,92.42,93.31,87.39,89.675,302212
2022-06-15T04:00:00Z,96.415,98.95,94.84,96.76,679903
2022-06-14T04:00:00Z,98.405,100,94.56,95.43,353241
2022-06-13T04:00:00Z,102.19,102.19,96.985,97.54,400536
2022-06-10T04:00:00Z,110,110.97,105.465,107.62,263833
2022-06-09T04:00:00Z,115.18,115.46,113.49,113.81,230593
2022-06-08T04:00:00Z,118.09,118.635,115.69,116.405,173156
2022-06-07T04:00:00Z,118.06,120.215,117.6,119.83,139709
2022-06-06T04:00:00Z,118,119.78,115.96,118.87,305803
2022-06-03T04:00:00Z,119.54,123.12,119.32,121.41,132095
2022-06-02T04:00:00Z,115.93,122.46,115.635,121.65,192702
2022-06-01T04:00:00Z,118.77,119.145,115.035,116.1,130551
2022-05-31T04:00:00Z,119.78,120.235,116.24,117.87,242262
2022-05-27T04:00:00Z,119.96,121.28,118.54,121.05,507991
2022-05-26T04:00:00Z,111.66,118.73,111.66,118.28,310985
2022-05-25T04:00:00Z,105.88,112.31,105.88,111.01,232928
2022-05-24T04:00:00Z,105.53,108.16,103.355,107.83,281036
2022-05-23T04:00:00Z,108.57,108.57,105.7,108.46,198107
2022-05-20T04:00:00Z,106.81,108.75,103.85,107.49,252786
2022-05-19T04:00:00Z,101.875,105.19,101.44,104.56,213925
2022-05-18T04:00:00Z,105.73,107.09,103.21,103.53,180569
2022-05-17T04:00:00Z,107.85,108.64,106.11,107.69,165543
2022-05-16T04:00:00Z,107.28,107.3,104.4,104.68,165585
2022-05-13T04:00:00Z,102.28,108.45,101.615,107.81,275857
2022-05-12T04:00:00Z,95.12,99.49,93.74,99.36,278522
2022-05-11T04:00:00Z,97.8,101.68,95.15,96.68,258807
2022-05-10T04:00:00Z,101.42,102.015,96.47,99.04,212502
2022-05-09T04:00:00Z,98.7,102.345,96.2,96.52,512397
2022-05-06T04:00:00Z,104.1,104.58,99.61,101.49,387066
2022-05-05T04:00:00Z,110.13,111,103.38,104.93,253349
2022-05-04T04:00:00Z,108.025,111.93,105.28,111.49,213355
2022-05-03T04:00:00Z,105.07,108.67,104.77,107.575,178540
2022-05-02T04:00:00Z,101.54,106.51,101.54,105.84,394538
2022-04-29T04:00:00Z,106.84,108.86,101.49,101.54,167733
2022-04-28T04:00:00Z,107.76,109.87,104.315,108.28,190308
2022-04-27T04:00:00Z,107.71,109.81,106.335,107.44,246375
2022-04-26T04:00:00Z,112.15,112.4,107.19,107.295,189809
2022-04-25T04:00:00Z,109.45,112.77,105.96,112.56,188188
2022-04-22T04:00:00Z,113.12,114.38,110.59,110.59,347790
2022-04-21T04:00:00Z,126.11,126.8,112.2,112.78,423117
2022-04-20T04:00:00Z,118.72,122.22,118.09,120.4,433635
2022-04-19T04:00:00Z,112.47,117.95,112.13,117.53,156491
2022-04-18T04:00:00Z,112.79,113.205,110.615,112.01,83468
2022-04-14T04:00:00Z,117.105,117.105,112.9,113.02,203292
2022-04-13T04:00:00Z,113.59,116.52,113.5,116.44,130185
2022-04-12T04:00:00Z,114.64,117.855,112.4,113.42,157869
2022-04-11T04:00:00Z,113,114,111.37,112.89,224441
2022-04-08T04:00:00Z,115.785,118.25,114.76,115,114703
2022-04-07T04:00:00Z,116.31,117.08,112.69,115.665,356398
2022-04-06T04:00:00Z,122.585,122.585,117.23,118.22,236597
2022-04-05T04:00:00Z,130.115,130.115,123.04,123.64,153680
2022-04-04T04:00:00Z,128.855,132.9,128.855,130.56,119315
2022-04-01T04:00:00Z,127.2,128.15,126.21,128.13,95685
2022-03-31T04:00:00Z,127.995,129.9,126.96,126.96,112617
2022-03-30T04:00:00Z,130.845,130.845,126.56,127.23,194529
2022-03-29T04:00:00Z,127.38,132.56,127.38,131.79,189821
2022-03-28T04:00:00Z,123.89,126.27,122.04,124.53,147847
2022-03-25T04:00:00Z,126.48,126.56,123,123.56,124356
2022-03-24T04:00:00Z,125.48,126.24,123.43,125.79,230184
2022-03-23T04:00:00Z,124.83,126.505,123.38,123.775,120248
2022-03-22T04:00:00Z,123.605,127.19,123.605,126.12,156858
2022-03-21T04:00:00Z,122.4,124.19,120.51,122.61,180044
2022-03-18T04:00:00Z,120.6,123.81,120.38,122.82,239473
2022-03-17T04:00:00Z,115.04,120.66,115.04,119.94,188901
2022-03-16T04:00:00Z,112.83,117.51,110.7,116,266423
2022-03-15T04:00:00Z,110.92,111.37,108.4,109.77,216752
2022-03-14T04:00:00Z,115.26,115.755,108.33,108.75,383476
2022-03-11T05:00:00Z,118.73,118.97,115.945,116.04,180449
2022-03-10T05:00:00Z,114.38,117.6,112.86,116.83,179946
2022-03-09T05:00:00Z,114.26,117.33,113.07,116.15,184406
2022-03-07T05:00:00Z,119.27,120.08,109.015,109.03,435775
2022-03-04T05:00:00Z,124.18,124.64,118.91,121.22,333587
2022-03-03T05:00:00Z,130.52,130.815,125.145,125.915,173292
2022-03-02T05:00:00Z,125.46,131.04,124.295,130.225,199029
2022-03-01T05:00:00Z,126.73,128.28,123.125,123.92,154590
2022-02-28T05:00:00Z,126.76,128.36,125.76,127.45,219575
2022-02-25T05:00:00Z,123.48,129.26,123.48,128.84,241679
2022-02-24T05:00:00Z,114.83,122.05,113.21,121.28,434859
2022-02-23T05:00:00Z,123.465,125.555,120.52,120.795,151315
2022-02-22T05:00:00Z,123.16,124.95,119.88,121.59,178049
2022-02-18T05:00:00Z,122.745,125.74,122.18,123.84,177602
2022-02-17T05:00:00Z,125.685,126.815,122.45,122.69,178379
2022-02-16T05:00:00Z,124.16,127.58,123.21,126.77,177238
2022-02-15T05:00:00Z,125.27,125.63,123.48,124.96,280886
2022-02-14T05:00:00Z,123.43,124.23,119.92,121.19,363434
2022-02-11T05:00:00Z,131.875,132.65,122.52,123.63,417354
2022-02-10T05:00:00Z,131.38,138.285,129.85,134.52,330994
2022-02-09T05:00:00Z,131.08,134.98,130.72,134.68,149314
2022-02-08T05:00:00Z,130.6,130.69,126.38,128.73,240843
2022-02-07T05:00:00Z,130.765,132.55,129.31,131.57,259881
2022-02-04T05:00:00Z,131.84,133.29,130.28,132.31,343703
2022-02-03T05:00:00Z,133.165,135.1,132.39,134.08,349611
2022-02-02T05:00:00Z,136.72,138.87,134.24,137.935,225373
2022-02-01T05:00:00Z,134.44,135.23,131.16,135.08,251081
2022-01-31T05:00:00Z,126.18,132.09,125.6,131.88,336382
2022-01-28T05:00:00Z,120.75,124.25,117.03,124.25,229497
2022-01-27T05:00:00Z,116.75,121.71,116.55,118.99,433403
2022-01-26T05:00:00Z,113.18,115.17,110.305,111.49,416452
2022-01-25T05:00:00Z,107.45,111.4,106.85,110.2,296946
2022-01-24T05:00:00Z,104.72,106.1,101.93,103.83,95395
2022-01-21T05:00:00Z,110.07,112.935,109.57,109.85,215492
2022-01-20T05:00:00Z,114.35,115.495,111.385,111.53,245995
2022-01-19T05:00:00Z,115.5,115.54,112.12,112.29,122623
2022-01-18T05:00:00Z,113.755,115.195,112.905,113.95,159252
2022-01-14T05:00:00Z,116.025,117.62,114.35,116.17,185066
2022-01-13T05:00:00Z,122.51,123.48,118.36,118.89,109398
2022-01-12T05:00:00Z,122.77,124.305,120.97,122.31,173187
2022-01-11T05:00:00Z,115.65,121.61,115.59,121.34,202706
2022-01-10T05:00:00Z,115.1,115.15,111.82,114.67,470746
2022-01-07T05:00:00Z,119.13,119.83,116.39,116.62,169857
2022-01-06T05:00:00Z,116.51,119.95,115.635,119.2,296116
2022-01-05T05:00:00Z,124.65,124.65,117.26,117.81,231081
2022-01-04T05:00:00Z,127.16,127.58,123.815,124.86,175305
2022-01-03T05:00:00Z,129.77,129.77,125.95,126.64,112815
2021-12-31T05:00:00Z,128.53,130.1,128.12,129.41,53034
2021-12-30T05:00:00Z,128.74,130.36,128.43,128.53,66600
2021-12-29T05:00:00Z,131.06,131.41,127.93,128.4,100904
2021-12-28T05:00:00Z,135.77,136.365,131.35,131.36,119088
2021-12-27T05:00:00Z,134.72,135.44,133.68,135.06,99166
2021-12-23T05:00:00Z,131,135.42,130.47,135.02,303238
2021-12-22T05:00:00Z,124.11,130.8,124.11,130.5,298890
2021-12-21T05:00:00Z,121.41,123.44,120.5,123.39,244958
2021-12-20T05:00:00Z,118.11,120.52,117.3,119.76,283825
2021-12-17T05:00:00Z,121.9,124.21,119.77,123.3,207990
2021-12-16T05:00:00Z,130.31,130.73,122.24,123.895,200383
2021-12-15T05:00:00Z,127.25,128.2,123.945,127.84,205207
2021-12-14T05:00:00Z,126.82,129.53,123.39,126.69,207560
2021-12-13T05:00:00Z,134.01,135.09,128.72,129.01,177828
2021-12-10T05:00:00Z,135.53,135.82,132.36,133.79,114637
2021-12-09T05:00:00Z,135.57,136.29,133.945,133.945,108848
2021-12-08T05:00:00Z,134.275,136.78,133.91,135.41,295037
2021-12-07T05:00:00Z,138.05,141.3,137.775,139.29,114599
2021-12-06T05:00:00Z,135.12,135.325,130.28,134.7,231617
2021-12-03T05:00:00Z,142.745,143.08,133.045,135.2,206834
2021-12-02T05:00:00Z,137.12,142.21,135.69,141.235,137923
2021-12-01T05:00:00Z,144.18,145.97,137.125,137.67,177587
2021-11-30T05:00:00Z,147.96,148.55,141.67,141.69,295453
2021-11-29T05:00:00Z,147.015,149.51,146.225,148.995,136656
2021-11-26T05:00:00Z,144.19,145.07,143.21,143.835,125824
2021-11-24T05:00:00Z,144.39,148.46,143.05,148.135,72158
2021-11-23T05:00:00Z,143.985,146.66,142.95,145.42,149241
2021-11-22T05:00:00Z,147.43,149.625,144.29,144.38,249843
2021-11-19T05:00:00Z,148.87,149.28,145.38,146.39,140807
2021-11-18T05:00:00Z,145.83,148.36,145.51,146.78,128738
2021-11-17T05:00:00Z,144.79,146.29,144.1,145.09,165000
2021-11-16T05:00:00Z,142.62,144.96,141.72,144.21,96189
2021-11-15T05:00:00Z,143.62,144.11,142.425,142.75,112372
2021-11-12T05:00:00Z,141.71,143.11,141.13,142.99,71575
2021-11-11T05:00:00Z,141.09,142.68,140.62,141.22,74730
2021-11-10T05:00:00Z,144.01,144.735,138.5,139.56,165599
2021-11-09T05:00:00Z,141.99,146.79,141.63,146.35,147747
2021-11-08T05:00:00Z,143.75,143.92,141.97,142.12,141222
2021-11-05T04:00:00Z,144.525,144.65,140.34,142.515,177936
2021-11-04T04:00:00Z,144.2,144.62,141.845,144.5,313897
2021-11-03T04:00:00Z,144.24,145.58,141.87,144.51,347902
2021-11-02T04:00:00Z,137.96,143.94,137.57,143.91,199509
2021-11-01T04:00:00Z,139.315,139.315,134.94,137.43,120136
2021-10-29T04:00:00Z,137.145,138.58,135.99,138.41,142954
2021-10-28T04:00:00Z,137.93,140.11,137.93,139.405,174974
2021-10-27T04:00:00Z,141.89,142.61,136.31,136.37,132295
2021-10-26T04:00:00Z,140.99,143.025,140.5,142.17,118165
2021-10-22T04:00:00Z,134.62,137.84,133.48,137.595,151223
2021-10-21T04:00:00Z,132,134.6,131.13,132.5,218436
2021-10-20T04:00:00Z,127.81,128.955,126.5,128.75,128592
2021-10-19T04:00:00Z,124.95,127.64,124.61,126.83,83679
2021-10-18T04:00:00Z,123.69,124.46,122.56,123.82,71198
2021-10-15T04:00:00Z,123.71,126.14,121.42,123.07,70343
2021-10-14T04:00:00Z,120.58,122.525,120.28,122.07,136364
2021-10-13T04:00:00Z,117.07,118.8,116.125,118.66,100889
2021-10-12T04:00:00Z,115.64,117.22,114.93,115.94,55119
2021-10-11T04:00:00Z,116.02,117.16,114.48,114.48,69557
2021-10-08T04:00:00Z,115.58,117.27,115.56,116.41,54749
2021-10-07T04:00:00Z,115.48,116.74,114.96,115.3,105734
2021-10-06T04:00:00Z,113.02,114.3,111.39,113.83,111214
2021-10-05T04:00:00Z,112.485,115.29,111.585,114.82,149136
2021-10-04T04:00:00Z,112.39,114.51,108.82,110.93,271728
2021-10-01T04:00:00Z,116.46,116.675,113.63,115.695,181495
2021-09-30T04:00:00Z,118.76,118.96,115.915,116.35,169986
2021-09-29T04:00:00Z,119.77,120.24,117.97,118.93,143553
2021-09-28T04:00:00Z,120.1,120.19,117.26,118.14,236196
2021-09-27T04:00:00Z,124.14,124.42,121.67,123.33,175298
2021-09-24T04:00:00Z,125.57,126.09,123.71,125.15,139334
2021-09-23T04:00:00Z,127.39,129.35,126.14,127.125,145927
2021-09-22T04:00:00Z,127.7,128.64,124.905,125.81,186411
2021-09-21T04:00:00Z,125.585,129.64,125.585,127.62,315393
2021-09-20T04:00:00Z,127.53,128.75,121.45,123.93,657424
2021-09-17T04:00:00Z,135.46,136.87,133.6,133.69,664129
2021-09-16T04:00:00Z,134.59,135.68,132.47,135,188420
2021-09-15T04:00:00Z,130.79,135.41,130.29,134.57,229769
2021-09-14T04:00:00Z,129.75,132.29,129.505,130.55,248022
2021-09-13T04:00:00Z,129.91,130.19,127.01,129.16,130617
2021-09-10T04:00:00Z,130.4,130.4,127.84,128.75,207160
2021-09-09T04:00:00Z,128.4,130.87,127.885,129.39,126117
2021-09-08T04:00:00Z,126.53,128.655,126.53,128.265,179033
2021-09-07T04:00:00Z,128.58,128.95,126.04,127.12,159925
2021-09-03T04:00:00Z,128.34,130.7,128.34,128.99,97127
2021-09-02T04:00:00Z,128.34,129.45,127.69,128.31,105585
2021-09-01T04:00:00Z,125.97,128.54,125.515,127.49,138446
2021-08-31T04:00:00Z,124.68,125.82,122.82,125.73,130619
2021-08-30T04:00:00Z,124.8,126.34,124.44,124.45,92145
2021-08-27T04:00:00Z,122.47,124.66,122.385,124.26,83625
2021-08-26T04:00:00Z,119.85,123.05,119.85,121.89,78691
2021-08-25T04:00:00Z,118.4,120.21,118.4,119.57,110238
2021-08-24T04:00:00Z,116.24,118.21,116.24,118.07,78807
2021-08-23T04:00:00Z,114.12,116.38,114.12,115.76,132583
2021-08-20T04:00:00Z,110.85,113.5,110.805,113.29,55313
2021-08-19T04:00:00Z,109.43,111.78,108.56,110.17,66324
2021-08-18T04:00:00Z,112.34,112.77,111.4,111.4,84136
2021-08-17T04:00:00Z,114.145,114.33,112.18,112.76,69820
2021-08-16T04:00:00Z,114.35,115.17,113.11,114.83,94987
2021-08-13T04:00:00Z,113.71,115.025,113.59,114.79,200994
2021-08-12T04:00:00Z,113.89,114.11,113.11,113.45,147672
2021-08-11T04:00:00Z,114.52,115.01,113.34,114.47,137460
2021-08-10T04:00:00Z,114.91,115.115,113.62,113.835,136197
2021-08-09T04:00:00Z,114.64,114.78,113.4,114.21,81953
2021-08-06T04:00:00Z,115.95,115.97,113.26,114.34,201628
2021-08-05T04:00:00Z,117.5,117.51,115.03,115.725,127729
2021-08-04T04:00:00Z,114.71,116.97,114.71,116.76,96208
2021-08-03T04:00:00Z,115.84,115.875,113.97,115.11,122512
2021-08-02T04:00:00Z,116.2,116.9,115.13,115.185,96385
2021-07-30T04:00:00Z,115.675,116.04,114.82,115.3,107882
2021-07-29T04:00:00Z,114.68,117.12,114.65,116.71,104706
2021-07-28T04:00:00Z,114.425,114.95,112.385,114.39,360127
2021-07-27T04:00:00Z,113.01,114.435,112.495,114.215,158727
2021-07-26T04:00:00Z,111.13,113.42,111.11,113.285,169918
2021-07-23T04:00:00Z,111.9,113.09,110.42,111.33,110540
2021-07-22T04:00:00Z,108.74,111.01,107.57,110.12,283730
2021-07-21T04:00:00Z,104.39,106.125,104.39,105.81,108782
2021-07-20T04:00:00Z,100.11,104.43,100.11,103.84,155013
2021-07-19T04:00:00Z,100.69,100.7,99.32,99.77,87894
2021-07-16T04:00:00Z,102.65,103.24,101.75,102.19,144585
2021-07-15T04:00:00Z,101.12,102.87,100.29,102.49,141297
2021-07-14T04:00:00Z,100.05,100.61,98.555,98.67,63455
2021-07-13T04:00:00Z,102.07,102.07,99.77,99.85,67781
2021-07-12T04:00:00Z,100.28,101.96,99.91,101.95,116245
2021-07-09T04:00:00Z,98.65,99.735,98.21,99.73,63686
2021-07-08T04:00:00Z,97.44,99.57,96.59,98.28,114443
2021-07-07T04:00:00Z,97.625,99.04,97.625,98.915,105217
2021-07-06T04:00:00Z,97.765,97.89,96.55,97.525,129889
2021-07-02T04:00:00Z,97.5,97.97,97.01,97.725,127026
2021-07-01T04:00:00Z,97.15,97.665,96.825,97.085,138760
2021-06-30T04:00:00Z,98.45,98.89,96.8,97.18,139507
2021-06-29T04:00:00Z,99.63,99.63,98.34,98.96,91751
2021-06-28T04:00:00Z,98.87,100.175,98.25,99.235,126082
2021-06-25T04:00:00Z,99.78,100.67,97.135,98.495,356332
2021-06-24T04:00:00Z,100.445,100.7,99.325,99.61,262840
2021-06-23T04:00:00Z,98.86,100,98.79,99.55,218710
2021-06-22T04:00:00Z,98.31,99.34,98.01,98.46,275552
2021-06-21T04:00:00Z,96.93,98.5,96.79,98.33,208440
2021-06-18T04:00:00Z,96.17,97.46,95.6,96.395,145017
2021-06-17T04:00:00Z,98.77,99.6,96.3,97.14,177936
2021-06-16T04:00:00Z,97.415,99.33,97.415,98.55,205967
2021-06-15T04:00:00Z,96.17,97.67,95.66,97.28,149366
2021-06-14T04:00:00Z,95.68,96.46,95.46,95.655,101710
2021-06-11T04:00:00Z,94.05,95.42,93.83,95.33,115726
2021-06-10T04:00:00Z,94.91,95.13,93.63,93.695,125026
2021-06-09T04:00:00Z,94.87,95.15,94.26,94.26,109792
2021-06-08T04:00:00Z,94.88,94.88,94.12,94.595,87166
2021-06-07T04:00:00Z,94.02,95.055,93.84,94.32,185589
2021-06-04T04:00:00Z,92.93,93.295,92.45,93.205,87616
2021-06-03T04:00:00Z,91.65,92.65,91.41,92.32,109958
2021-06-02T04:00:00Z,92.42,92.83,91.74,92.165,69213
2021-06-01T04:00:00Z,93.85,94.12,92.12,92.44,112294
2021-05-28T04:00:00Z,92.38,93,91.96,92.685,85841
2021-05-27T04:00:00Z,92.3,92.67,91.14,92.2,100447
2021-05-26T04:00:00Z,91.39,92.34,91.095,92.12,109298
2021-05-25T04:00:00Z,91.95,92.4,90.98,91.01,107291
2021-05-24T04:00:00Z,91.67,91.685,90.77,91.22,83215
2021-05-21T04:00:00Z,89.43,91.66,89.33,90.765,139189
2021-05-20T04:00:00Z,87.8,89.72,87.8,89.12,245925
2021-05-19T04:00:00Z,86.78,87.62,85.82,87.56,77246
2021-05-18T04:00:00Z,88.005,89.65,87.94,88.08,150379
2021-05-17T04:00:00Z,87.35,87.8,87.1,87.77,114296
2021-05-14T04:00:00Z,86.25,87.83,86.22,87.455,174590
2021-05-13T04:00:00Z,84.79,86.02,84.6,85.425,133354
2021-05-12T04:00:00Z,87.78,88.12,83.8,84.27,220039
2021-05-11T04:00:00Z,86.77,88.34,86.33,87.83,180805
2021-05-10T04:00:00Z,90.57,91.34,88.62,88.62,146615
2021-05-07T04:00:00Z,88.4,90.57,88.4,89.99,227536
2021-05-06T04:00:00Z,88.08,88.76,87.21,88.25,122378
2021-05-05T04:00:00Z,88.79,88.79,87.875,88.09,135268
2021-05-04T04:00:00Z,88.185,88.845,87.56,88.21,104462
2021-05-03T04:00:00Z,88.68,88.89,88.34,88.48,112737
2021-04-30T04:00:00Z,88.32,89.17,87.745,88.515,284239
2021-04-29T04:00:00Z,89.92,90.39,88.47,89.505,156598
2021-04-28T04:00:00Z,88.44,89.34,88.14,89.04,628109
2021-04-27T04:00:00Z,87.125,88.75,87.03,88.58,120896
2021-04-26T04:00:00Z,87.68,87.89,86.52,87.03,352433
2021-04-23T04:00:00Z,83.15,87.41,83.15,87.27,279758
2021-04-22T04:00:00Z,82.83,84.46,81.71,82.96,468922
2021-04-21T04:00:00Z,79.645,80.51,79.59,80.37,189215
2021-04-20T04:00:00Z,79.44,79.99,78.86,79.47,151626
2021-04-16T04:00:00Z,79.56,79.62,78.8,79.27,128647
2021-04-15T04:00:00Z,78.42,80.2,78.42,79.65,160461
2021-04-14T04:00:00Z,78.34,79.61,77.995,78,155073
2021-04-13T04:00:00Z,77.24,78.7,76.94,78.44,48812
2021-04-12T04:00:00Z,76.34,77.375,75.81,77.35,67821
2021-04-09T04:00:00Z,76.62,76.925,76.125,76.88,72479
2021-04-08T04:00:00Z,75.64,76.81,75.63,76.75,72845
2021-04-07T04:00:00Z,74.585,75.465,74.34,75.225,143103
2021-04-06T04:00:00Z,74.72,74.945,74.38,74.54,108741
2021-04-05T04:00:00Z,75.49,75.66,74.93,75.01,79821
2021-04-01T04:00:00Z,75.14,75.5,74.76,75.23,73155
2021-03-31T04:00:00Z,74.685,75.215,74.42,74.57,122890
2021-03-30T04:00:00Z,74.235,74.465,73.83,74.12,97534
2021-03-29T04:00:00Z,74.07,75.055,74.01,74.25,98159
2021-03-26T04:00:00Z,73.23,74.3,72.58,74.3,112612
2021-03-25T04:00:00Z,72.1,72.99,71.41,72.99,99901
2021-03-24T04:00:00Z,73.72,74.06,72.125,72.185,111536
2021-03-23T04:00:00Z,73.725,74.1,72.77,73.2,92489
2021-03-22T04:00:00Z,72.58,74.095,72.31,73.55,112692
2021-03-19T04:00:00Z,71.83,72.85,71.43,72.47,87941
2021-03-18T04:00:00Z,75.88,75.88,72.91,73,226772
2021-03-17T04:00:00Z,74.74,76.085,73.94,76.05,140848
2021-03-16T04:00:00Z,75.43,76.25,74.05,74.94,250623
2021-03-15T04:00:00Z,75.145,75.47,72.93,74.92,174882
2021-03-12T05:00:00Z,73.9,75.26,73.05,74.825,196616
2021-03-11T05:00:00Z,71.17,74.25,71.17,74.01,202290
2021-03-10T05:00:00Z,70.44,71.06,69.8,70.745,159700
2021-03-09T05:00:00Z,68.17,70.97,67.83,69.37,181981
2021-03-08T05:00:00Z,66.21,69.3,65.79,67.545,292044
2021-03-05T05:00:00Z,67.3,67.39,63.835,66.02,366808
2021-03-04T05:00:00Z,69.32,70.1,66.71,67.07,303916
2021-03-03T05:00:00Z,69.94,70.15,69.13,69.6,126296
2021-03-02T05:00:00Z,70.86,70.91,70,70.08,135418
2021-03-01T05:00:00Z,70.3,70.99,69.56,70.725,97471
2021-02-26T05:00:00Z,68.63,69.92,67.995,69.3,97405
2021-02-25T05:00:00Z,69.87,70.06,68.18,68.41,92355
2021-02-24T05:00:00Z,69.51,70.115,68.81,69.97,70331
2021-02-23T05:00:00Z,69.28,69.465,68.12,69.295,88529
2021-02-22T05:00:00Z,69.55,69.82,69.03,69.48,94598
2021-02-19T05:00:00Z,69.8,70.24,69.57,69.955,63195
2021-02-18T05:00:00Z,69.01,69.96,68.8,69.67,89067
2021-02-17T05:00:00Z,70.28,70.35,69.56,69.85,46192
2021-02-16T05:00:00Z,70.8,70.92,70.12,70.355,138788
2021-02-12T05:00:00Z,70.55,70.99,70.195,70.22,51179
2021-02-11T05:00:00Z,71.5,72.06,69.94,70.635,95553
2021-02-10T05:00:00Z,71.55,71.86,70.57,70.82,91649
2021-02-09T05:00:00Z,70.34,71.625,70.34,70.815,224298
2021-02-08T05:00:00Z,71.08,71.09,69.87,70.54,98454
2021-02-05T05:00:00Z,70.05,70.83,69.28,70.81,65235
2021-02-04T05:00:00Z,70.09,70.96,70.06,70.94,71626
2021-02-03T05:00:00Z,71.1,71.29,69.76,69.945,87226
2021-02-02T05:00:00Z,70.53,71.37,69.87,70.98,80492
2021-02-01T05:00:00Z,67.84,70.09,67.84,69.44,218375
2021-01-29T05:00:00Z,66.855,68.3,66.34,67.18,189248
2021-01-28T05:00:00Z,65.45,68.53,65.375,67.07,206319
2021-01-27T05:00:00Z,65.305,67.78,64.1,65.22,429683
2021-01-26T05:00:00Z,65.3,66.14,65.08,65.08,136252
2021-01-25T05:00:00Z,65.27,66.09,64.73,64.98,133567
2021-01-22T05:00:00Z,65.48,65.74,64.8,65.04,84041
2021-01-21T05:00:00Z,65.39,65.8,65.25,65.68,61602
2021-01-20T05:00:00Z,64.54,65.445,64.365,65.2,107528
2021-01-19T05:00:00Z,63.55,64.46,63.43,64.405,66547
2021-01-15T05:00:00Z,62.905,63.39,62.755,63.32,90690
2021-01-14T05:00:00Z,64.46,64.46,63.2,63.48,92378
2021-01-13T05:00:00Z,62.63,64.42,62.59,64.015,73851
2021-01-12T05:00:00Z,62.44,62.98,62.4,62.58,68668
2021-01-11T05:00:00Z,62.38,63.135,62.3,62.69,74167
2021-01-08T05:00:00Z,63.72,63.925,62.07,62.94,55422
2021-01-07T05:00:00Z,62.545,63.51,62.48,63.16,67482
2021-01-06T05:00:00Z,62.34,62.69,61.29,61.595,222215
2021-01-05T05:00:00Z,62.51,63.23,62.28,62.83,216325
2021-01-04T05:00:00Z,64.99,65.035,62.225,62.99,130235
2020-12-31T05:00:00Z,64.41,65.08,64.19,64.8,81260
2020-12-30T05:00:00Z,64.75,65.26,64.65,64.715,36920
2020-12-29T05:00:00Z,65.02,65.02,64.18,64.57,36278
2020-12-28T05:00:00Z,65.36,65.42,64.56,64.68,48151
2020-12-24T05:00:00Z,65,65.155,64.65,64.96,49519
2020-12-23T05:00:00Z,64.92,65.725,64.92,65.05,66322
2020-12-22T05:00:00Z,64.425,65.1,64.25,64.83,55692
2020-12-21T05:00:00Z,63.91,64.66,62.785,64.35,85846
2020-12-18T05:00:00Z,65.2,65.27,63.885,64.63,79494
2020-12-17T05:00:00Z,65.37,65.54,64.92,65.33,85166
2020-12-16T05:00:00Z,65.41,65.43,64.72,64.93,108194
2020-12-15T05:00:00Z,63.79,65.35,63.78,65.14,151247
2020-12-14T05:00:00Z,64.25,64.25,62.525,63.12,123029
2020-12-11T05:00:00Z,62.57,64,62.57,63.85,70529
2020-12-10T05:00:00Z,62.02,62.89,61.67,62.8,45281
2020-12-09T05:00:00Z,62.6,62.62,61.3,62.35,169228
2020-12-08T05:00:00Z,61.7,62.46,61.56,62.46,64175
2020-12-07T05:00:00Z,62.055,62.28,61.53,61.975,61658
2020-12-04T05:00:00Z,61.6,62.145,61.6,62,49215
2020-12-03T05:00:00Z,61.83,61.91,61.06,61.385,69679
2020-12-02T05:00:00Z,60.29,61.58,59.83,61.57,74553
2020-12-01T05:00:00Z,60.23,60.85,59.88,60.43,163516
2020-11-30T05:00:00Z,60.41,60.58,59.17,59.55,59882
2020-11-27T05:00:00Z,60.43,60.68,60.24,60.47,18430
2020-11-25T05:00:00Z,59.88,60.59,59.8,60.48,105743
2020-11-24T05:00:00Z,59.48,60.07,59.19,59.835,135306
2020-11-23T05:00:00Z,58.935,59.45,58.6,59.11,161093
2020-11-20T05:00:00Z,58.63,59.14,58.23,58.63,48118
2020-11-19T05:00:00Z,57.69,58.91,57.13,58.67,110616
2020-11-18T05:00:00Z,57.67,58.48,57.325,57.84,145091
2020-11-17T05:00:00Z,56.94,57.68,56.53,57.67,158252
2020-11-16T05:00:00Z,56.85,57.49,56.33,57.065,124904
2020-11-13T05:00:00Z,55.61,56.16,55.32,56.16,202758
2020-11-12T05:00:00Z,55.07,55.725,54.75,54.945,117764
2020-11-11T05:00:00Z,57.095,57.23,55.19,55.34,178019
2020-11-10T05:00:00Z,55.94,57.39,55.44,57.12,185443
2020-11-09T05:00:00Z,58.16,58.225,55.41,56,250159
2020-11-06T05:00:00Z,57.13,57.13,55.21,55.61,90748
2020-11-05T05:00:00Z,55.96,59.19,55.95,57.45,360276
2020-11-04T05:00:00Z,52.67,55.74,52.665,54.95,357878
2020-11-03T05:00:00Z,52.19,52.455,51.71,51.98,172588
2020-11-02T05:00:00Z,51.07,51.87,51.035,51.335,88113
2020-10-30T04:00:00Z,50.6,50.89,49.41,50.41,114847
2020-10-29T04:00:00Z,50.725,51.68,50.09,51.005,139537
2020-10-28T04:00:00Z,50.275,50.97,49.425,50.26,123358
2020-10-27T04:00:00Z,52.94,53.11,51.87,51.88,213042
2020-10-26T04:00:00Z,54.46,54.46,52.66,52.83,142810
2020-10-23T04:00:00Z,54.91,55.04,54.06,54.625,101119
2020-10-22T04:00:00Z,54.54,55.08,54.28,54.755,61508
2020-10-21T04:00:00Z,54.705,54.97,54.34,54.46,105854
2020-10-20T04:00:00Z,55.25,55.445,54.64,54.655,137705
2020-10-19T04:00:00Z,55.93,56.27,54.88,54.91,50092
2020-10-16T04:00:00Z,55.74,56.315,55.475,55.78,150216
2020-10-15T04:00:00Z,54.465,55.63,54.22,55.4,134959
2020-10-14T04:00:00Z,55.62,55.76,54.97,55.135,104437
2020-10-13T04:00:00Z,55,55.605,54.91,55.355,130658
2020-10-12T04:00:00Z,54.54,54.98,54.07,54.97,135898
2020-10-09T04:00:00Z,55.51,55.6,54.615,54.745,85369
2020-10-08T04:00:00Z,54.86,55.43,54.845,55.115,100150
2020-10-07T04:00:00Z,54.53,55.01,53.99,54.49,96873
2020-10-06T04:00:00Z,54.6,55.22,53.8,54.03,184042
2020-10-05T04:00:00Z,54.13,54.605,53.71,54.265,231863
2020-10-02T04:00:00Z,52.36,54.47,52.35,53.72,71039
2020-10-01T04:00:00Z,52.58,53.65,52.44,53.51,156239
2020-09-30T04:00:00Z,52.64,53.34,52.03,52.23,209896
2020-09-29T04:00:00Z,52.375,53.205,52.025,52.74,95695
2020-09-28T04:00:00Z,51.845,52.815,51.845,52.635,61565
2020-09-25T04:00:00Z,49.815,51.45,49.815,51.15,87008
2020-09-24T04:00:00Z,50.56,50.835,49.27,49.925,92452
2020-09-23T04:00:00Z,51.46,52.34,50.66,50.77,66283
2020-09-22T04:00:00Z,52.2,52.24,50.66,51.29,57518
2020-09-21T04:00:00Z,51.87,52.055,51.15,51.745,48017
2020-09-18T04:00:00Z,52.26,52.95,52.17,52.7,77023
2020-09-17T04:00:00Z,52.65,52.65,51.6,52.175,125312
2020-09-16T04:00:00Z,53.22,54.25,53.1,53.49,57412
2020-09-15T04:00:00Z,52.8,53.85,52.395,53.19,64769
2020-09-14T04:00:00Z,51.985,52.81,51.745,52.695,45735
2020-09-11T04:00:00Z,51.81,52.01,50.67,51.465,175673
2020-09-10T04:00:00Z,51.735,52.405,51.385,51.43,67829
2020-09-09T04:00:00Z,51.8,51.97,51.2,51.58,72762
2020-09-08T04:00:00Z,51.8,51.99,50.905,51.11,81839
2020-09-04T04:00:00Z,54.34,54.72,52.42,52.99,38742
2020-09-03T04:00:00Z,54.61,54.61,52.49,53.87,55915
2020-09-02T04:00:00Z,53.78,54.815,53.205,54.49,43192
2020-09-01T04:00:00Z,53.235,53.71,53.02,53.71,40728
2020-08-31T04:00:00Z,53.02,53.42,52.74,52.94,68900
2020-08-28T04:00:00Z,53.72,53.72,52.82,52.95,123324
2020-08-27T04:00:00Z,53.98,54.25,53.47,53.565,135231
2020-08-26T04:00:00Z,52.93,54.18,52.77,54.05,158116
2020-08-25T04:00:00Z,53.47,53.47,52.675,53.02,95010
2020-08-24T04:00:00Z,53.255,53.595,53.035,53.295,79550
2020-08-21T04:00:00Z,52.76,53.31,52.76,52.98,75309
2020-08-20T04:00:00Z,53.7,53.93,52.46,52.5,26205
2020-08-19T04:00:00Z,53.81,54.515,53.78,53.995,38809
2020-08-18T04:00:00Z,53.43,53.93,53.43,53.615,52289
2020-08-17T04:00:00Z,52.76,53.58,52.76,53.38,28511
2020-08-14T04:00:00Z,53.11,53.27,52.71,52.765,61738
2020-08-13T04:00:00Z,52.64,53.35,52.64,53.2,40426
2020-08-12T04:00:00Z,53.49,53.605,52.72,52.8,32131
2020-08-11T04:00:00Z,52.56,53.73,52.41,52.505,165505
2020-08-10T04:00:00Z,52.72,52.72,51.775,52.32,167521
2020-08-07T04:00:00Z,52.78,53.13,52.38,52.505,40721
2020-08-06T04:00:00Z,52.81,53.58,52.81,53.005,78215
2020-08-05T04:00:00Z,52.415,53.195,52.07,52.985,111979
2020-08-04T04:00:00Z,52.975,52.975,51.865,52.2,211438
2020-08-03T04:00:00Z,53.33,53.76,52.5,53.12,33675
2020-07-31T04:00:00Z,54.37,54.37,52.635,53.27,58172
2020-07-30T04:00:00Z,54.35,54.74,53.95,54.6,73644
2020-07-29T04:00:00Z,54.74,55.35,54.42,55.095,29611
2020-07-28T04:00:00Z,55.075,55.08,54.105,54.155,42473
2020-07-27T04:00:00Z,55.48,55.64,54.87,55.2,34264
