2024-06-14T04:00:00Z,59.515,59.78,58.68,59.33,258937
2024-06-13T04:00:00Z,59.69,60.355,59.16,60.24,226421
2024-06-12T04:00:00Z,60.93,61.17,59.91,60.02,390303
2024-06-11T04:00:00Z,60.55,60.55,58.9,59.14,456345
2024-06-10T04:00:00Z,61.3,61.645,60.77,61.45,193774
2024-06-07T04:00:00Z,61.85,62.54,61.6,61.76,132550
2024-06-06T04:00:00Z,61.91,62.04,61.26,61.94,180253
2024-06-05T04:00:00Z,61.155,61.855,61,61.775,181471
2024-06-04T04:00:00Z,61.23,62,60.76,61.01,235441
2024-06-03T04:00:00Z,62.94,63,61.48,61.585,82660
2024-05-31T04:00:00Z,61.94,62.39,61.46,62.355,182763
2024-05-30T04:00:00Z,62.22,62.48,61.62,61.93,251637
2024-05-29T04:00:00Z,61.485,62.175,61.215,62.04,154188
2024-05-28T04:00:00Z,63.225,63.56,62.35,62.46,201674
2024-05-24T04:00:00Z,63.35,63.955,63.285,63.58,217197
2024-05-23T04:00:00Z,63.81,64.025,62.5,63.03,241721
2024-05-22T04:00:00Z,64.46,64.975,63.645,63.84,223164
2024-05-21T04:00:00Z,63.32,64.88,63.21,64.75,355187
2024-05-20T04:00:00Z,63.95,64.19,62.925,63.16,165135
2024-05-17T04:00:00Z,64.405,64.525,63.905,64.065,131107
2024-05-16T04:00:00Z,64.12,64.455,63.425,64.125,162315
2024-05-15T04:00:00Z,64.03,64.38,63.61,64.23,276250
2024-05-14T04:00:00Z,63.5,63.965,63.24,63.62,233046
2024-05-13T04:00:00Z,63.76,63.945,63.37,63.405,100851
2024-05-10T04:00:00Z,63.645,63.91,63.16,63.53,188522
2024-05-09T04:00:00Z,62.44,63.425,62.29,63.33,270767
2024-05-08T04:00:00Z,61.735,62.945,61.515,62.71,264082
2024-05-07T04:00:00Z,62.97,63.13,61.98,62.005,312756
2024-05-06T04:00:00Z,61.97,62.935,61.74,62.795,374037
2024-05-03T04:00:00Z,61.51,62.12,61.415,61.52,317163
2024-05-02T04:00:00Z,61.965,62.08,60.99,61.53,494045
2024-05-01T04:00:00Z,61.725,62.26,60.905,61.35,175506
2024-04-30T04:00:00Z,62.09,62.31,61.3,61.35,253836
2024-04-29T04:00:00Z,62.9,63.345,61.955,62.255,231208
2024-04-26T04:00:00Z,61.69,63.22,61.58,62.66,353897
2024-04-25T04:00:00Z,62.11,62.395,61.1,61.77,350087
2024-04-24T04:00:00Z,62.15,62.725,61.855,62.465,352377
2024-04-23T04:00:00Z,61.095,62.755,61.065,62.665,598207
2024-04-22T04:00:00Z,59.43,61.04,59.21,60.955,523607
2024-04-19T04:00:00Z,58.42,59.43,58.39,59.17,456689
2024-04-18T04:00:00Z,58.45,58.97,57.935,58.31,426027
2024-04-17T04:00:00Z,57.47,58.87,57.47,58.18,574972
2024-04-16T04:00:00Z,58.26,58.5,56.75,57,604123
2024-04-15T04:00:00Z,60.41,60.88,58.21,58.55,585731
2024-04-12T04:00:00Z,62.03,62.57,58.77,59.68,911858
2024-04-11T04:00:00Z,60.27,60.89,59.51,60.68,502073
2024-04-10T04:00:00Z,60.59,61.3,59.975,60.155,415243
2024-04-09T04:00:00Z,61.79,62.02,60.915,61.67,316914
2024-04-08T04:00:00Z,61.88,62.27,61.68,61.76,202879
2024-04-05T04:00:00Z,60.93,62.03,60.44,61.615,354951
2024-04-04T04:00:00Z,62.27,62.71,60.765,60.92,307836
2024-04-03T04:00:00Z,62.935,63.39,61.52,61.7,564542
2024-04-02T04:00:00Z,62.84,63.55,62.675,62.82,433304
2024-04-01T04:00:00Z,63.51,63.875,63.06,63.45,322819
2024-03-28T04:00:00Z,62.79,63.36,62.61,63.23,400164
2024-03-27T04:00:00Z,62.08,62.76,61.73,62.76,352486
2024-03-26T04:00:00Z,61.12,61.92,61.07,61.67,447801
2024-03-25T04:00:00Z,60.99,61.51,60.585,60.97,250590
2024-03-22T04:00:00Z,61.2,61.57,60.585,60.81,252640
2024-03-21T04:00:00Z,60.34,61.545,60.34,61.33,327338
2024-03-20T04:00:00Z,58.475,60.335,58.46,60.14,368976
2024-03-19T04:00:00Z,58.61,59.3,58.57,58.86,339324
2024-03-18T04:00:00Z,57.78,58.64,57.565,58.62,309214
2024-03-15T04:00:00Z,56.77,57.745,56.63,57.63,411109
2024-03-14T04:00:00Z,58.375,58.645,56.645,57.11,446786
2024-03-13T04:00:00Z,57.56,58.365,57.5,57.75,345282
2024-03-12T04:00:00Z,57.47,57.925,57.1,57.45,257838
2024-03-11T04:00:00Z,57.1,57.535,56.65,57.39,229655
2024-03-08T05:00:00Z,58.05,58.36,57.255,57.52,403750
2024-03-07T05:00:00Z,57.62,58.105,57.04,57.69,314855
2024-03-06T05:00:00Z,57.1,57.545,56.025,57.31,697194
2024-03-05T05:00:00Z,55.89,57.54,55.86,56.26,638882
2024-03-04T05:00:00Z,55.44,56.555,55.32,56.14,417344
2024-03-01T05:00:00Z,55.57,55.935,55.08,55.62,292645
2024-02-29T05:00:00Z,55.49,55.65,54.66,55.47,596686
2024-02-28T05:00:00Z,55.61,56.165,55,55.04,444354
2024-02-27T05:00:00Z,55.64,55.91,55.22,55.69,320118
2024-02-26T05:00:00Z,55.8,56.49,55.365,55.37,280911
2024-02-23T05:00:00Z,56.08,56.33,55.75,55.925,258431
2024-02-22T05:00:00Z,55.51,56.47,55.41,55.9,349033
2024-02-21T05:00:00Z,55.23,55.45,54.99,55.34,238627
2024-02-20T05:00:00Z,54.58,55.66,54.39,55.43,355122
2024-02-16T05:00:00Z,55.02,55.19,54.55,54.86,270271
2024-02-15T05:00:00Z,54.16,55.465,54.16,55.21,382111
2024-02-14T05:00:00Z,53.64,54.1,53.59,53.97,469851
2024-02-13T05:00:00Z,53.39,53.45,52.24,52.77,379289
2024-02-12T05:00:00Z,53.82,54.535,53,53.93,415768
2024-02-09T05:00:00Z,54.14,54.42,53.55,53.995,269293
2024-02-08T05:00:00Z,54.32,54.48,53.59,54.305,341116
2024-02-07T05:00:00Z,54.48,54.68,53.785,54.52,295733
2024-02-06T05:00:00Z,54.475,54.955,54.11,54.37,318345
2024-02-05T05:00:00Z,54.94,55.135,54.12,54.5,373392
2024-02-02T05:00:00Z,55.67,55.97,55.01,55.53,486416
2024-02-01T05:00:00Z,56.04,56.58,54.85,56.06,537559
2024-01-31T05:00:00Z,56.955,57.94,56.15,56.17,654619
2024-01-30T05:00:00Z,55.08,57.2,55.07,57.12,1204506
2024-01-29T05:00:00Z,53.46,54.225,53.46,54.105,392314
2024-01-26T05:00:00Z,53.66,53.98,53.625,53.68,277483
2024-01-25T05:00:00Z,53.425,53.765,53.035,53.76,460094
2024-01-24T05:00:00Z,53.5,53.65,53,53.28,715904
2024-01-23T05:00:00Z,52.91,53.41,52.59,53.305,257665
2024-01-22T05:00:00Z,51.99,53.09,51.99,52.84,708630
2024-01-19T05:00:00Z,51.205,51.675,50.635,51.515,428154
2024-01-18T05:00:00Z,51.55,51.55,50.51,51.11,364524
2024-01-17T05:00:00Z,51.09,51.685,51.02,51.35,444427
2024-01-16T05:00:00Z,51.84,52.21,50.87,51.875,584895
2024-01-12T05:00:00Z,52.385,53.84,51.285,52.61,1023084
2024-01-11T05:00:00Z,51.94,52.14,51.27,52.09,740663
2024-01-10T05:00:00Z,53.15,53.21,52.615,53.02,435761
2024-01-09T05:00:00Z,53.85,53.89,53.285,53.45,416224
2024-01-08T05:00:00Z,54,54.07,53.03,54.015,283722
2024-01-05T05:00:00Z,54.06,54.655,53.905,54.33,453767
2024-01-04T05:00:00Z,53.97,54.74,53.665,53.75,465919
2024-01-03T05:00:00Z,53.18,54.365,52.24,53.63,1045516
2024-01-02T05:00:00Z,51.26,53.15,51.21,53.05,579570
2023-12-29T05:00:00Z,51.5,51.59,51.23,51.455,168225
2023-12-28T05:00:00Z,51.55,51.79,51.45,51.54,170295
2023-12-27T05:00:00Z,51.14,51.58,50.99,51.46,145417
2023-12-26T05:00:00Z,50.88,51.515,50.79,51.33,152233
2023-12-22T05:00:00Z,50.75,51.26,50.725,50.86,348505
2023-12-21T05:00:00Z,50.47,50.655,49.97,50.59,301542
2023-12-20T05:00:00Z,50.76,51.085,49.885,50.08,410064
2023-12-19T05:00:00Z,49.43,51.305,49.21,50.92,461266
2023-12-18T05:00:00Z,50.24,50.545,49.55,49.66,430937
2023-12-15T05:00:00Z,49.62,50.09,49.215,49.815,495591
2023-12-14T05:00:00Z,50.03,51.53,50.03,50.26,1049042
2023-12-13T05:00:00Z,47.98,49.52,47.88,49.36,494224
2023-12-12T05:00:00Z,47.97,48.11,47.71,48.075,330463
2023-12-11T05:00:00Z,48.72,48.94,48.125,48.145,283440
2023-12-08T05:00:00Z,48.435,49.165,48.435,48.88,392415
2023-12-07T05:00:00Z,48.01,48.76,47.8,48.495,284409
2023-12-06T05:00:00Z,47.845,49.115,47.8,47.855,1331474
2023-12-05T05:00:00Z,47.03,47.34,46.405,46.71,367603
2023-12-04T05:00:00Z,46.76,47.475,46.745,47.35,327234
2023-12-01T05:00:00Z,45.96,47.255,45.91,47.22,397779
2023-11-30T05:00:00Z,45.89,46.16,45.59,46.095,308456
2023-11-29T05:00:00Z,45.25,46.02,45.18,45.77,297975
2023-11-28T05:00:00Z,44.99,44.99,44.575,44.87,264142
2023-11-27T05:00:00Z,44.9,45.18,44.885,45.1,207497
2023-11-24T05:00:00Z,44.95,45.515,44.84,45.18,133981
2023-11-22T05:00:00Z,45.23,45.3,44.855,45.04,227381
2023-11-21T05:00:00Z,45.095,45.315,44.7,45.1,381621
2023-11-20T05:00:00Z,45.26,45.74,45.205,45.255,438279
2023-11-17T05:00:00Z,45.08,45.385,44.66,45.375,416038
2023-11-16T05:00:00Z,44.83,45.1,44.325,44.67,415378
2023-11-15T05:00:00Z,44.51,45.22,44.51,44.89,504367
2023-11-14T05:00:00Z,43.22,44.77,43.22,44.36,716998
2023-11-13T05:00:00Z,41.97,42.91,41.94,42.69,417513
2023-11-10T05:00:00Z,41.69,42.14,41.49,42.11,248831
2023-11-09T05:00:00Z,42.1,42.26,41.29,41.51,409711
2023-11-08T05:00:00Z,41.85,42.16,41.54,41.845,300219
2023-11-07T05:00:00Z,41.69,42.15,41.69,41.97,263471
2023-11-06T05:00:00Z,42.31,42.36,41.78,42.03,330895
2023-11-03T04:00:00Z,41.565,42.46,41.56,42.25,558327
2023-11-02T04:00:00Z,40.04,41.37,39.93,41.34,689689
2023-11-01T04:00:00Z,39.56,39.84,39.28,39.59,302115
2023-10-31T04:00:00Z,39.04,39.525,38.925,39.5,377718
2023-10-30T04:00:00Z,38.55,38.97,38.445,38.93,355963
2023-10-27T04:00:00Z,39.22,39.36,38.17,38.26,484974
2023-10-26T04:00:00Z,38.51,39.74,38.48,39.33,717457
2023-10-25T04:00:00Z,38.64,38.85,38.255,38.62,391214
2023-10-24T04:00:00Z,38.975,39.3,38.74,38.92,345198
2023-10-23T04:00:00Z,39.58,39.6,38.805,38.88,606985
2023-10-20T04:00:00Z,40.01,40.22,39.57,39.685,488417
2023-10-19T04:00:00Z,40.31,40.73,40.03,40.03,486901
2023-10-18T04:00:00Z,40.75,40.855,40.18,40.47,554789
2023-10-17T04:00:00Z,40.63,41.66,40.61,41.2,343382
2023-10-16T04:00:00Z,41.98,41.985,40.53,40.94,707711
2023-10-13T04:00:00Z,42.955,43.305,41.36,41.44,906404
2023-10-12T04:00:00Z,41.405,41.785,41.125,41.54,424964
2023-10-11T04:00:00Z,41.655,42,41.36,41.53,323304
2023-10-10T04:00:00Z,41.19,41.75,41.18,41.46,536528
2023-10-09T04:00:00Z,40.205,41.01,39.965,40.75,510894
2023-10-06T04:00:00Z,39.66,40.84,39.52,40.56,414074
2023-10-05T04:00:00Z,39.63,39.88,39.185,39.87,506441
2023-10-04T04:00:00Z,39.79,39.93,39.15,39.81,755469
2023-10-03T04:00:00Z,40.2,40.495,39.6,39.86,526618
2023-10-02T04:00:00Z,40.94,41.02,40.3,40.5,362057
2023-09-29T04:00:00Z,41.505,41.885,40.94,41.13,398683
2023-09-28T04:00:00Z,40.44,41.34,40.44,41.19,456295
2023-09-27T04:00:00Z,40.26,40.63,39.95,40.455,328380
2023-09-26T04:00:00Z,40.64,41.02,40.065,40.215,400536
2023-09-25T04:00:00Z,40.74,41.085,40.6,41.03,254889
2023-09-22T04:00:00Z,41.75,41.845,40.86,40.9,458575
2023-09-21T04:00:00Z,42.075,42.355,41.69,41.69,312653
2023-09-20T04:00:00Z,42.945,43.125,42.27,42.3,253123
2023-09-19T04:00:00Z,42.8,42.83,42.475,42.68,178170
2023-09-18T04:00:00Z,42.64,42.775,42.42,42.635,172321
2023-09-15T04:00:00Z,42.75,43.23,42.665,42.705,294038
2023-09-14T04:00:00Z,42.85,43.425,42.785,43.135,534538
2023-09-13T04:00:00Z,42.01,42.9,41.69,42.37,769472
2023-09-12T04:00:00Z,40.595,42.05,40.575,41.69,372404
2023-09-11T04:00:00Z,41.05,41.36,40.535,40.59,327044
2023-09-08T04:00:00Z,40.63,40.67,40.285,40.595,363327
2023-09-07T04:00:00Z,41.06,41.355,40.705,40.74,302002
2023-09-06T04:00:00Z,41.02,41.49,40.915,41.37,288856
2023-09-05T04:00:00Z,41.58,41.89,41.2,41.36,472257
2023-09-01T04:00:00Z,41.6,41.81,41.39,41.58,248749
2023-08-31T04:00:00Z,41.5,41.665,41.015,41.28,382077
2023-08-30T04:00:00Z,41.745,41.835,41.34,41.355,364308
2023-08-29T04:00:00Z,41.3,41.76,41.265,41.725,215426
2023-08-28T04:00:00Z,41.5,41.86,41.155,41.32,304590
2023-08-25T04:00:00Z,41.22,41.63,40.79,41.25,347725
2023-08-24T04:00:00Z,41.09,41.645,40.72,41.09,265857
2023-08-23T04:00:00Z,41.04,41.225,40.785,41.07,410038
2023-08-22T04:00:00Z,42.29,42.35,40.97,41.035,402956
2023-08-21T04:00:00Z,42.59,42.75,41.675,42.07,359680
2023-08-18T04:00:00Z,42.13,42.79,42.095,42.26,281518
2023-08-17T04:00:00Z,42.84,43.05,42.1,42.455,475612
2023-08-16T04:00:00Z,43.03,43.155,42.57,42.63,222366
2023-08-15T04:00:00Z,43.52,43.63,43.175,43.215,488660
2023-08-14T04:00:00Z,44.14,44.37,43.98,44.09,234222
2023-08-11T04:00:00Z,44.05,44.605,43.99,44.57,325333
2023-08-10T04:00:00Z,44.83,44.985,44.25,44.325,212205
2023-08-09T04:00:00Z,44.95,45.185,44.41,44.41,239510
2023-08-08T04:00:00Z,44.98,45.225,44.15,45.16,315297
2023-08-07T04:00:00Z,46.12,46.21,45.635,45.83,195640
2023-08-04T04:00:00Z,45.76,46.685,45.56,45.72,314148
2023-08-03T04:00:00Z,46.05,46.465,45.72,46.21,223690
2023-08-02T04:00:00Z,46.43,46.67,45.95,46.315,304773
2023-08-01T04:00:00Z,47.435,47.435,46.84,47.06,215016
2023-07-31T04:00:00Z,47.66,48.025,47.36,47.67,195178
2023-07-28T04:00:00Z,48.35,48.35,47.095,47.405,679077
2023-07-27T04:00:00Z,47.6,49.115,47.45,47.875,944878
2023-07-26T04:00:00Z,47.38,47.745,47.03,47.5,316105
2023-07-25T04:00:00Z,47.57,47.755,47.06,47.1,311688
2023-07-24T04:00:00Z,47.08,47.83,47.005,47.66,328215
2023-07-21T04:00:00Z,47.6,47.6,46.82,47.04,321320
2023-07-20T04:00:00Z,47.51,47.84,47.235,47.42,557642
2023-07-19T04:00:00Z,47.02,47.835,46.87,47.52,438113
2023-07-18T04:00:00Z,46.74,47.65,46.71,47.035,695186
2023-07-17T04:00:00Z,45.78,46.62,45.72,46.27,627180
2023-07-14T04:00:00Z,48.43,48.48,45.695,45.77,949868
2023-07-13T04:00:00Z,47.55,47.85,47.165,47.67,389822
2023-07-12T04:00:00Z,47.27,48.265,47.23,47.37,553539
2023-07-11T04:00:00Z,45.86,46.61,45.65,46.51,323131
2023-07-10T04:00:00Z,45.57,46.385,45.57,45.66,323910
2023-07-07T04:00:00Z,45.27,46.345,45.27,45.73,329732
2023-07-06T04:00:00Z,46.37,46.37,45.115,45.38,402030
2023-07-05T04:00:00Z,46.64,47.045,46.415,46.81,226587
2023-07-03T04:00:00Z,46.14,47.265,46.115,46.73,242381
2023-06-30T04:00:00Z,46.7,46.73,46.045,46.045,437374
2023-06-29T04:00:00Z,46.22,46.785,46.035,46.29,405781
2023-06-28T04:00:00Z,46.36,46.36,45.825,46.23,392921
2023-06-27T04:00:00Z,46.04,46.605,45.91,46.4,353858
2023-06-26T04:00:00Z,46.22,46.68,46.01,46.245,276528
2023-06-23T04:00:00Z,46.09,46.245,45.905,46.01,264874
2023-06-22T04:00:00Z,47.19,47.245,46.44,46.625,270266
2023-06-21T04:00:00Z,47.525,47.835,47.24,47.4,282087
2023-06-20T04:00:00Z,47.89,47.89,47.085,47.61,229861
2023-06-16T04:00:00Z,48.72,48.81,48.16,48.19,328495
2023-06-15T04:00:00Z,47.98,48.58,47.585,48.555,380114
2023-06-14T04:00:00Z,48.89,49.215,47.56,48.235,439047
2023-06-13T04:00:00Z,48.54,49.41,48.52,48.69,310784
2023-06-12T04:00:00Z,48.41,48.485,47.97,48.45,304123
2023-06-09T04:00:00Z,48.21,48.565,47.92,48.3,328485
2023-06-08T04:00:00Z,47.895,48.245,47.55,48.09,238953
2023-06-07T04:00:00Z,47.5,48.17,47.17,48.01,324241
2023-06-06T04:00:00Z,46.21,47.505,46.165,47.19,312341
2023-06-05T04:00:00Z,46.35,46.49,45.825,46.245,336537
2023-06-02T04:00:00Z,45.43,46.675,45.37,46.32,377001
2023-06-01T04:00:00Z,44.79,45.33,44.335,44.83,264178
2023-05-31T04:00:00Z,44.215,44.4,43.71,44.31,327973
2023-05-30T04:00:00Z,44.69,44.875,44.25,44.7,375728
2023-05-26T04:00:00Z,44.19,44.65,43.99,44.61,248097
2023-05-25T04:00:00Z,44.19,44.79,43.89,44.22,348647
2023-05-24T04:00:00Z,45.17,45.17,44.22,44.505,606115
2023-05-23T04:00:00Z,45.87,46.815,45.81,45.91,291030
2023-05-22T04:00:00Z,46,46.08,45.45,45.795,270123
2023-05-19T04:00:00Z,46.5,46.72,45.625,45.71,378245
2023-05-18T04:00:00Z,46.75,46.945,45.865,46.385,264874
2023-05-17T04:00:00Z,45.86,47.11,45.81,47.09,290579
2023-05-16T04:00:00Z,46.015,46.145,45.26,45.27,225262
2023-05-15T04:00:00Z,45.69,46.29,45.63,46.06,213323
2023-05-12T04:00:00Z,46.325,46.33,45.09,45.46,296783
2023-05-11T04:00:00Z,45.615,46.105,45.44,46.025,231639
2023-05-10T04:00:00Z,47.12,47.16,45.585,46.38,394399
2023-05-09T04:00:00Z,45.89,46.745,45.805,46.52,229544
2023-05-08T04:00:00Z,46.88,47.12,46.275,46.355,184014
2023-05-05T04:00:00Z,45.89,46.495,45.67,46.3,290591
2023-05-04T04:00:00Z,45.07,45.395,44.1,44.875,455360
2023-05-03T04:00:00Z,46.13,46.53,45.63,45.665,264908
2023-05-02T04:00:00Z,46.91,47.04,45.57,45.99,555440
2023-05-01T04:00:00Z,47.84,48.38,47.17,47.25,280328
2023-04-28T04:00:00Z,46.19,47.325,46.04,47.06,287573
2023-04-27T04:00:00Z,47.02,47.335,46.46,47.04,524068
2023-04-26T04:00:00Z,47.75,47.83,46.39,46.875,354941
2023-04-25T04:00:00Z,48.39,48.615,47.72,47.895,312236
2023-04-24T04:00:00Z,49.06,49.3,48.77,49.04,211853
2023-04-21T04:00:00Z,48.89,49.205,48.335,49.035,277998
2023-04-20T04:00:00Z,49.71,50.045,49.105,49.4,623440
2023-04-19T04:00:00Z,49.7,50.445,49.425,50.415,397117
2023-04-18T04:00:00Z,49.93,50.3,49.46,50.085,290291
2023-04-17T04:00:00Z,49.72,49.79,49.11,49.7,543158
2023-04-14T04:00:00Z,48.07,49.88,48.05,49.56,764425
2023-04-13T04:00:00Z,46.8,47.58,46.58,47.31,541167
2023-04-12T04:00:00Z,47.46,47.595,46.54,46.94,216629
2023-04-11T04:00:00Z,46.635,47.37,46.61,47.2,372557
2023-04-10T04:00:00Z,45.79,46.75,45.78,46.54,368736
2023-04-06T04:00:00Z,45.7,46.2,45.55,45.845,290937
2023-04-05T04:00:00Z,45.465,46.18,45.315,45.77,231231
2023-04-04T04:00:00Z,46.93,47.015,45.645,46.08,342018
2023-04-03T04:00:00Z,47.16,47.48,46.435,46.7,283825
2023-03-31T04:00:00Z,46.55,46.92,46.33,46.88,386090
2023-03-30T04:00:00Z,46.52,46.62,45.74,46.06,290217
2023-03-29T04:00:00Z,45.64,46.005,45.47,45.955,442503
2023-03-28T04:00:00Z,44.78,45.23,44.5,45.21,428701
2023-03-27T04:00:00Z,44.055,45,43.89,44.79,567040
2023-03-24T04:00:00Z,42.73,43.12,42.01,43.12,612886
2023-03-23T04:00:00Z,44.29,44.84,43.11,43.45,539902
2023-03-22T04:00:00Z,45.28,45.295,43.68,43.69,450223
2023-03-21T04:00:00Z,45.65,46.01,44.985,45.075,646906
2023-03-20T04:00:00Z,44.75,45.725,43.92,44.08,707170
2023-03-17T04:00:00Z,44.74,44.84,43.82,44.235,671650
2023-03-16T04:00:00Z,44.58,46.05,43.7,45.61,510589
2023-03-15T04:00:00Z,45.4,45.47,44.1,44.82,1344805
2023-03-14T04:00:00Z,47.41,47.98,46.56,47.41,973529
2023-03-13T04:00:00Z,47.02,47.02,44.6,44.74,880410
2023-03-10T05:00:00Z,48.07,49.365,47.15,48.34,887267
2023-03-09T05:00:00Z,50.48,50.79,48.415,48.59,818810
2023-03-08T05:00:00Z,51.06,51.26,50.305,50.66,268205
2023-03-07T05:00:00Z,51.76,52.115,50.735,51.07,629423
2023-03-06T05:00:00Z,52.4,52.45,52.01,52.18,507920
2023-03-03T05:00:00Z,51.51,52.385,51.51,52.35,509719
2023-03-02T05:00:00Z,51.16,51.44,50.47,51.4,1469706
2023-03-01T05:00:00Z,50.36,51.525,50.31,51.505,465506
2023-02-28T05:00:00Z,50.575,50.87,50.255,50.67,208777
2023-02-27T05:00:00Z,50.5,51.17,50.395,50.47,312576
2023-02-24T05:00:00Z,49.785,50.33,49.66,50.18,446559
2023-02-23T05:00:00Z,50.35,50.61,49.71,50.355,186002
2023-02-22T05:00:00Z,49.765,50.475,49.415,50.05,536726
2023-02-21T05:00:00Z,50.88,50.9,49.435,49.83,400260
2023-02-17T05:00:00Z,51.27,51.54,50.915,51.43,182566
2023-02-16T05:00:00Z,51.34,51.825,51.12,51.475,246195
2023-02-15T05:00:00Z,50.845,51.875,50.845,51.82,368148
2023-02-14T05:00:00Z,50.85,51.745,50.5,51.61,451255
2023-02-13T05:00:00Z,49.98,51.075,49.98,51.015,245440
2023-02-10T05:00:00Z,49.81,50.19,49.16,50.105,401916
2023-02-09T05:00:00Z,51.34,51.43,49.865,50.005,405295
2023-02-08T05:00:00Z,50.67,51.51,50.62,51.15,265120
2023-02-07T05:00:00Z,50.75,51.75,50.6,51.095,460535
2023-02-06T05:00:00Z,50.39,50.97,49.91,50.88,366683
2023-02-03T05:00:00Z,50.98,51.54,50.54,50.95,613612
2023-02-02T05:00:00Z,52.67,53.23,51.73,52.195,682209
2023-02-01T05:00:00Z,51.545,52.73,51.42,52.13,632004
2023-01-31T05:00:00Z,51.92,52.21,51.645,52.2,297024
2023-01-30T05:00:00Z,51.36,52.035,51.36,51.77,213934
2023-01-27T05:00:00Z,51.96,52.18,51.66,51.865,962643
2023-01-26T05:00:00Z,52.16,52.24,51.51,52.2,960808
2023-01-25T05:00:00Z,50.94,51.93,50.885,51.9,915529
2023-01-24T05:00:00Z,51.44,51.93,51.17,51.455,377890
2023-01-23T05:00:00Z,50.97,52.275,50.9,51.98,438658
2023-01-20T05:00:00Z,49.68,51.11,49.32,51.08,656441
2023-01-19T05:00:00Z,48.57,49.595,48.48,49.37,531185
2023-01-18T05:00:00Z,50.19,50.475,49.25,49.44,1105699
2023-01-17T05:00:00Z,49.99,50.735,49.735,50.3,2352041
2023-01-13T05:00:00Z,48.5,50.22,47.75,49.91,1150016
2023-01-12T05:00:00Z,49.155,49.475,48.56,49.1,709625
2023-01-11T05:00:00Z,48.15,48.735,47.875,48.705,375192
2023-01-10T05:00:00Z,47.53,48.21,47.21,48.205,290989
2023-01-09T05:00:00Z,47.865,48.31,47.475,47.53,351318
2023-01-06T05:00:00Z,47.08,47.69,46.62,47.315,374836
2023-01-05T05:00:00Z,46.54,46.955,45.98,46.75,394527
2023-01-04T05:00:00Z,46.54,47.535,46.35,46.95,681565
2023-01-03T05:00:00Z,45.73,46.74,45.54,45.78,451923
2022-12-30T05:00:00Z,44.93,45.28,44.76,45.23,177323
2022-12-29T05:00:00Z,44.79,45.225,44.655,45.17,296745
2022-12-28T05:00:00Z,44.48,44.865,44.205,44.59,428437
2022-12-27T05:00:00Z,44.23,44.535,43.98,44.42,254063
2022-12-23T05:00:00Z,44.02,44.35,43.905,44.26,202299
2022-12-22T05:00:00Z,44.32,44.36,42.905,43.98,427599
2022-12-21T05:00:00Z,44.31,44.885,44.24,44.81,1031263
2022-12-20T05:00:00Z,44.1,44.53,43.795,43.82,362550
2022-12-19T05:00:00Z,44.3,44.46,43.49,43.93,469677
2022-12-16T05:00:00Z,44.18,44.65,43.815,44.36,383397
2022-12-15T05:00:00Z,44.96,45.24,44.15,44.63,371983
2022-12-14T05:00:00Z,46.54,47.04,45.75,45.97,416377
2022-12-13T05:00:00Z,46.88,47.85,46.245,46.595,695464
2022-12-12T05:00:00Z,44.65,45.78,44.37,45.76,385981
2022-12-09T05:00:00Z,44.7,45.18,44.59,44.86,316798
2022-12-08T05:00:00Z,44.885,45.36,44.285,44.69,730238
2022-12-07T05:00:00Z,44.63,45.39,44.32,44.655,548785
2022-12-06T05:00:00Z,45.6,45.885,44.2,44.97,661561
2022-12-05T05:00:00Z,46.95,47.09,45.385,45.63,577550
2022-12-02T05:00:00Z,47.31,47.4,46.815,47.24,420274
2022-12-01T05:00:00Z,48.28,48.65,47.355,47.78,414951
2022-11-30T05:00:00Z,47.09,48.42,46.21,48.39,532278
2022-11-29T05:00:00Z,47.325,47.895,47.255,47.59,328681
2022-11-28T05:00:00Z,47.91,48.18,46.835,47.225,451253
2022-11-25T05:00:00Z,48.2,48.525,48.13,48.3,196838
2022-11-23T05:00:00Z,49.28,49.465,47.86,48.24,710696
2022-11-22T05:00:00Z,49.19,49.68,49.13,49.33,268521
2022-11-21T05:00:00Z,48.69,49.03,48.28,48.875,218102
2022-11-18T05:00:00Z,48.865,49.04,48.155,48.7,252985
2022-11-17T05:00:00Z,47.67,48.26,47.4,48.26,264773
2022-11-16T05:00:00Z,48.78,48.945,48.15,48.38,300106
2022-11-15T05:00:00Z,49.795,50.41,48.495,49.01,380465
2022-11-14T05:00:00Z,49.86,49.97,49.03,49.04,517996
2022-11-11T05:00:00Z,48.51,50.565,48.51,50.21,799254
2022-11-10T05:00:00Z,46.92,48.75,46.56,48.44,879454
2022-11-09T05:00:00Z,45.73,45.86,45.16,45.35,333712
2022-11-08T05:00:00Z,45.83,46.51,45.65,46.13,348124
2022-11-07T05:00:00Z,45.5,45.84,45.215,45.74,312334
2022-11-04T04:00:00Z,44.74,45.44,44.29,45.16,417152
2022-11-03T04:00:00Z,45.12,45.235,44.525,44.57,508934
2022-11-02T04:00:00Z,46.15,47,45.55,45.55,587817
2022-11-01T04:00:00Z,46.335,46.45,46,46.23,481308
2022-10-31T04:00:00Z,45.82,46.215,45.59,45.84,281459
2022-10-28T04:00:00Z,45.61,46.265,45.06,46.12,338441
2022-10-27T04:00:00Z,45.91,46.135,45.365,45.44,378264
2022-10-26T04:00:00Z,45.575,45.98,45.22,45.41,337960
2022-10-25T04:00:00Z,44.02,45.59,43.92,45.33,597557
2022-10-24T04:00:00Z,44.28,44.655,43.985,44.425,371592
2022-10-21T04:00:00Z,42.96,44.32,42.69,44.25,399009
2022-10-20T04:00:00Z,43.45,43.93,42.735,42.89,453707
2022-10-19T04:00:00Z,43.81,44.08,42.895,43.34,429262
2022-10-18T04:00:00Z,44.67,44.94,43.65,44.19,524338
2022-10-17T04:00:00Z,44.2,44.41,43.19,43.56,691773
2022-10-14T04:00:00Z,43.13,44.42,42.86,43.29,753892
2022-10-13T04:00:00Z,40.25,43.18,40.01,42.98,920020
2022-10-12T04:00:00Z,40.31,41.355,40.05,40.83,493681
2022-10-11T04:00:00Z,41.35,41.555,40.425,40.47,998547
2022-10-10T04:00:00Z,42.48,42.59,41.525,41.61,403418
2022-10-07T04:00:00Z,42.58,42.77,41.95,42.21,465904
2022-10-06T04:00:00Z,43.42,43.79,42.805,43.05,394280
2022-10-05T04:00:00Z,43.66,43.995,43.12,43.845,463679
2022-10-04T04:00:00Z,43.54,44.75,43.47,44.41,585266
2022-10-03T04:00:00Z,41.59,42.905,41.08,42.56,477053
2022-09-30T04:00:00Z,42.495,42.955,41.61,41.68,481535
2022-09-29T04:00:00Z,42.9,43.035,42.02,42.42,597640
2022-09-28T04:00:00Z,42.59,43.62,42.475,43.38,699389
2022-09-27T04:00:00Z,43.23,43.37,42.08,42.61,677335
2022-09-26T04:00:00Z,43.695,44.125,42.58,43.03,520229
2022-09-23T04:00:00Z,44.9,45.1,43.3,44.265,744977
2022-09-22T04:00:00Z,46.76,46.87,45.495,45.525,502901
2022-09-21T04:00:00Z,47.3,47.66,46.32,46.32,467421
2022-09-20T04:00:00Z,47.72,47.96,46.86,47.25,554054
2022-09-19T04:00:00Z,47.515,48.47,47.49,48.24,418651
2022-09-16T04:00:00Z,47.92,48.235,47.47,48.11,398631
2022-09-15T04:00:00Z,48.425,49.225,48.31,48.41,381954
2022-09-14T04:00:00Z,49.12,49.5,47.71,48.475,787185
2022-09-13T04:00:00Z,49.745,50.18,48.585,48.98,657160
2022-09-12T04:00:00Z,51.28,51.64,50.715,50.88,482907
2022-09-09T04:00:00Z,50.31,51.005,50.275,50.685,580841
2022-09-08T04:00:00Z,48.3,49.94,48.13,49.89,447551
2022-09-07T04:00:00Z,47.68,48.73,47.61,48.63,402766
2022-09-06T04:00:00Z,48.99,49.1,47.62,48.215,425923
2022-09-02T04:00:00Z,49.35,50.14,48.62,48.845,463074
2022-09-01T04:00:00Z,48.69,48.77,47.805,48.76,322949
2022-08-31T04:00:00Z,49.26,49.545,48.68,48.79,356902
2022-08-30T04:00:00Z,49.74,49.74,48.715,49.08,677561
2022-08-29T04:00:00Z,49.66,49.71,49.045,49.385,621386
2022-08-26T04:00:00Z,52.32,52.33,49.75,49.76,721584
2022-08-25T04:00:00Z,51.22,52.245,51.07,52.06,458774
2022-08-24T04:00:00Z,50.97,51.28,50.64,51.02,231550
2022-08-23T04:00:00Z,51.31,51.68,50.865,50.935,298719
2022-08-22T04:00:00Z,51.56,51.56,50.985,51.29,469737
2022-08-19T04:00:00Z,53.1,53.4,52.375,52.61,403589
2022-08-18T04:00:00Z,53.61,53.61,53.04,53.58,180407
2022-08-17T04:00:00Z,53.44,54.01,53.31,53.76,339119
2022-08-16T04:00:00Z,53.76,54.56,53.76,54.19,347065
2022-08-15T04:00:00Z,53.73,54.185,53.49,54.05,451803
2022-08-12T04:00:00Z,54.25,54.4,53.635,54.365,354721
2022-08-11T04:00:00Z,53.97,54.455,53.75,54,319492
2022-08-10T04:00:00Z,52.84,54.395,52.84,53.2,863214
2022-08-09T04:00:00Z,51.57,52.105,51.48,52.09,194941
2022-08-08T04:00:00Z,52.03,52.13,51.41,51.48,303795
2022-08-05T04:00:00Z,51.17,52.325,50.95,51.68,387755
2022-08-04T04:00:00Z,51.48,51.75,51.07,51.26,269732
2022-08-03T04:00:00Z,51.24,51.77,50.83,51.585,445173
2022-08-02T04:00:00Z,51.77,52.095,50.73,50.75,579220
2022-08-01T04:00:00Z,51.48,52.2,51.15,51.9,450397
2022-07-29T04:00:00Z,51.615,52.245,51.5,51.9,663641
2022-07-28T04:00:00Z,52.295,52.715,51.315,52.23,455226
2022-07-27T04:00:00Z,51.77,52.705,51.33,52.33,449479
2022-07-26T04:00:00Z,51.82,52.795,51.245,51.41,621618
2022-07-25T04:00:00Z,52.43,53.145,52.065,52.16,576523
2022-07-22T04:00:00Z,52.64,53,51.5,51.91,434991
2022-07-21T04:00:00Z,52,52.625,51.79,52.58,422444
2022-07-20T04:00:00Z,51.52,52.44,51.46,52.43,476070
2022-07-19T04:00:00Z,51.02,52.41,50.835,52.13,722307
2022-07-18T04:00:00Z,50.81,51.5,49.735,50.07,686268
2022-07-15T04:00:00Z,46.97,50.6,46.195,49.99,2741237
2022-07-14T04:00:00Z,44.32,44.45,43.445,44.08,1042209
2022-07-13T04:00:00Z,45.58,45.765,44.66,45.49,717204
2022-07-12T04:00:00Z,45.53,46.925,45.53,46.1,453782
2022-07-11T04:00:00Z,46.385,46.8,46.095,46.18,507301
2022-07-08T04:00:00Z,47.22,47.515,46.6,46.78,328917
2022-07-07T04:00:00Z,46.915,47.285,46.615,46.955,532767
2022-07-06T04:00:00Z,46.575,46.67,45.475,46.15,460768
2022-07-05T04:00:00Z,45.69,46.63,44.94,46.63,551411
2022-07-01T04:00:00Z,45.85,47.035,45.355,46.89,522769
2022-06-30T04:00:00Z,46.16,46.695,45.26,46.02,711197
2022-06-29T04:00:00Z,47.295,47.8,46.68,47.09,396013
2022-06-28T04:00:00Z,48.55,49.09,46.95,47.2,879500
2022-06-27T04:00:00Z,48.09,48.39,47.26,47.85,466782
2022-06-24T04:00:00Z,45.59,48.26,45.58,47.88,847894
2022-06-23T04:00:00Z,46.54,46.905,45.6,46.36,777209
2022-06-22T04:00:00Z,47.48,47.975,46.965,47.18,507641
2022-06-21T04:00:00Z,47.99,48.34,47.52,47.98,349650
2022-06-17T04:00:00Z,46.94,47.29,45.99,46.5,780109
2022-06-16T04:00:00Z,46.85,47.17,45.965,46.92,885535
2022-06-15T04:00:00Z,46.63,48.17,46.475,47.555,821240
2022-06-14T04:00:00Z,46.19,46.715,45.56,45.97,810270
2022-06-13T04:00:00Z,46.73,47.01,45.405,45.69,1222789
2022-06-10T04:00:00Z,48.73,49.14,47.37,47.71,757001
2022-06-09T04:00:00Z,51.59,51.59,49.965,49.97,373382
2022-06-08T04:00:00Z,51.52,52.105,51.065,51.41,321092
2022-06-07T04:00:00Z,51.02,52.225,50.85,52.1,392000
2022-06-06T04:00:00Z,51.88,52.57,51.38,51.39,359861
2022-06-03T04:00:00Z,52.03,52.28,51.22,51.32,587671
2022-06-02T04:00:00Z,52.39,52.49,51.63,52.43,310192
2022-06-01T04:00:00Z,53.5,53.73,51.74,52.39,585640
2022-05-31T04:00:00Z,53.01,53.83,52.47,53.45,392997
2022-05-27T04:00:00Z,54,54,53.04,53.63,465094
2022-05-26T04:00:00Z,53.41,54.245,53.19,54.1,503369
2022-05-25T04:00:00Z,52.5,53.11,52.025,52.71,436679
2022-05-24T04:00:00Z,52.56,53,51.49,52.71,659637
2022-05-23T04:00:00Z,51.35,53.595,51.19,52.77,951586
2022-05-20T04:00:00Z,50.26,50.715,48.51,49.75,603938
2022-05-19T04:00:00Z,48.66,50.285,48.62,49.77,696132
2022-05-18T04:00:00Z,50.68,51.06,49.01,49.37,982079
2022-05-17T04:00:00Z,49.835,51.605,49.76,51.01,1671723
2022-05-16T04:00:00Z,47.57,48.06,47,47.51,432847
2022-05-13T04:00:00Z,46.98,47.845,46.91,47.65,649756
2022-05-12T04:00:00Z,47.27,47.365,45.4,46.59,968923
2022-05-11T04:00:00Z,49.01,49.94,47.56,47.65,846396
2022-05-10T04:00:00Z,50.53,50.67,47.67,48.74,1206804
2022-05-09T04:00:00Z,51.05,51.19,49.6,49.9,799162
2022-05-06T04:00:00Z,51.27,51.985,50.62,51.64,932665
2022-05-05T04:00:00Z,51.44,52.125,50.69,51.36,522253
2022-05-04T04:00:00Z,50.1,52.385,50.09,52.23,968639
2022-05-03T04:00:00Z,49.28,50.81,49.09,50.06,496253
2022-05-02T04:00:00Z,48.51,48.85,47.78,48.74,562748
2022-04-29T04:00:00Z,49.68,49.88,48.055,48.2,419583
2022-04-28T04:00:00Z,49.92,50.03,49.01,50.03,471720
2022-04-27T04:00:00Z,49.77,50.6,49.54,49.6,583967
2022-04-26T04:00:00Z,50.47,51.59,50.22,50.22,472890
2022-04-25T04:00:00Z,50.73,51.23,49.76,51.135,598524
2022-04-22T04:00:00Z,52.4,52.58,51.19,51.24,584434
2022-04-21T04:00:00Z,53.59,53.76,52.515,52.67,529686
2022-04-20T04:00:00Z,53.435,53.96,52.885,53.1,507085
2022-04-19T04:00:00Z,52.78,53.175,52.51,52.96,581452
2022-04-18T04:00:00Z,50.97,53.21,50.81,52.34,1002384
2022-04-14T04:00:00Z,50.72,51.88,50.3,51.02,1183749
2022-04-13T04:00:00Z,49.28,50.175,49.24,50.15,634087
2022-04-12T04:00:00Z,50.425,51.095,50.055,50.3,423589
2022-04-11T04:00:00Z,50.83,52.235,50.38,50.55,730510
2022-04-08T04:00:00Z,50.05,51.295,49.9,50.88,633193
2022-04-07T04:00:00Z,50.49,50.495,49.04,50.03,558398
2022-04-06T04:00:00Z,50.98,51.07,50.405,50.53,731316
2022-04-05T04:00:00Z,52.25,52.45,51.43,51.58,560882
2022-04-04T04:00:00Z,52.22,52.99,51.67,52.8,1532662
2022-04-01T04:00:00Z,53.59,53.68,51.77,52.33,2007114
2022-03-31T04:00:00Z,54.44,54.84,53.36,53.375,665160
2022-03-30T04:00:00Z,56.02,56.45,54.55,54.97,688987
2022-03-29T04:00:00Z,57.31,57.38,56.14,56.445,469706
2022-03-28T04:00:00Z,56.27,56.27,54.775,55.9,820679
2022-03-25T04:00:00Z,56.545,57.225,56.46,56.745,832281
2022-03-24T04:00:00Z,56.55,56.625,56.205,56.42,1111356
2022-03-23T04:00:00Z,57.08,57.49,56.005,56.36,883517
2022-03-22T04:00:00Z,57.85,58.235,57.32,57.51,718297
2022-03-21T04:00:00Z,57.78,57.83,56.76,56.99,676795
2022-03-18T04:00:00Z,56.86,57.615,56.73,57.355,547065
2022-03-17T04:00:00Z,55.74,57.3,55.03,57.29,557874
2022-03-16T04:00:00Z,56,57.53,55.99,56.81,695081
2022-03-15T04:00:00Z,54.48,55.595,54.35,55.12,412728
2022-03-14T04:00:00Z,54.7,55.255,53.85,54.24,558853
2022-03-11T05:00:00Z,55.35,55.69,54.07,54.16,497118
2022-03-10T05:00:00Z,55.105,55.195,53.97,54.9,644299
2022-03-09T05:00:00Z,56.9,57.26,55.825,55.96,738044
2022-03-07T05:00:00Z,55.03,56.27,54.07,55.59,1914472
2022-03-04T05:00:00Z,56.07,56.655,55.205,56.6,2600429
2022-03-03T05:00:00Z,58.69,58.98,57.005,57.61,3952054
2022-03-02T05:00:00Z,56.97,59.855,55.94,59.545,3825372
2022-03-01T05:00:00Z,58.29,59.3,57.92,58.58,3485785
2022-02-28T05:00:00Z,59.78,60.41,58.4,59.19,1436620
2022-02-25T05:00:00Z,61.3,62.88,61.01,61.97,862758
2022-02-24T05:00:00Z,60.57,61.05,58.375,60.66,1296759
2022-02-23T05:00:00Z,64.34,64.735,63.055,63.185,416479
2022-02-22T05:00:00Z,63.1,64.36,63.1,63.89,477377
2022-02-18T05:00:00Z,64.45,64.95,63.7,64.15,603181
2022-02-17T05:00:00Z,66.32,66.61,64.21,64.725,767350
2022-02-16T05:00:00Z,66.69,67.43,66.435,66.95,556485
2022-02-15T05:00:00Z,66.99,67.43,66.545,67,399883
2022-02-14T05:00:00Z,66.95,67.21,65.82,66.46,501631
2022-02-11T05:00:00Z,67.36,69.095,66.6,67.14,677969
2022-02-10T05:00:00Z,67.89,68.54,67.23,67.48,508051
2022-02-09T05:00:00Z,67.215,68.185,67.15,67.85,416286
2022-02-08T05:00:00Z,67.17,67.955,66.605,67.13,414905
2022-02-07T05:00:00Z,66.12,66.78,65.51,66.35,360257
2022-02-04T05:00:00Z,64.94,66.65,64.85,66.09,735295
2022-02-03T05:00:00Z,66.34,66.37,65.03,65.27,399295
2022-02-02T05:00:00Z,66.3,66.795,65.58,66.23,491315
2022-02-01T05:00:00Z,65.26,66.68,65.07,66.56,734145
2022-01-31T05:00:00Z,63.645,65.245,63.635,65.12,518493
2022-01-28T05:00:00Z,63.485,64.705,62.83,64.69,484020
2022-01-27T05:00:00Z,65.24,65.825,63.925,64.14,457592
2022-01-26T05:00:00Z,64.67,65.78,63.87,64.79,704822
2022-01-25T05:00:00Z,61.93,64.435,61.14,64.11,863579
2022-01-24T05:00:00Z,61.51,61.89,60.29,61.365,259105
2022-01-21T05:00:00Z,64.09,64.42,62.755,63.27,556121
2022-01-20T05:00:00Z,64.29,65.45,63.755,64.47,529391
2022-01-19T05:00:00Z,65.62,65.62,63.99,64.26,398375
2022-01-18T05:00:00Z,66.69,66.82,65.11,65.31,748182
2022-01-14T05:00:00Z,65.435,67.07,65.09,66.94,831054
2022-01-13T05:00:00Z,67.59,68.405,67.03,67.83,803686
2022-01-12T05:00:00Z,67.66,68.64,66.92,67.28,778723
2022-01-11T05:00:00Z,66.41,67.26,66.2,67.13,675038
2022-01-10T05:00:00Z,66.51,66.9,65.235,66,534686
2022-01-07T05:00:00Z,65.23,66.54,65.23,65.76,519272
2022-01-06T05:00:00Z,64.16,65.3,63.52,64.93,688358
2022-01-05T05:00:00Z,64.165,64.37,62.785,62.88,589121
2022-01-04T05:00:00Z,64.205,64.725,63.555,63.59,663370
2022-01-03T05:00:00Z,61.18,63.605,61.13,63.08,928026
2021-12-31T05:00:00Z,60.41,60.74,60.13,60.41,231191
2021-12-30T05:00:00Z,60.63,61.05,60.395,60.45,191460
2021-12-29T05:00:00Z,60.68,60.97,60.29,60.54,255185
2021-12-28T05:00:00Z,60.425,61.32,60.325,60.6,298289
2021-12-27T05:00:00Z,60.4,60.93,60.01,60.66,379669
2021-12-23T05:00:00Z,59.99,60.77,59.97,60.21,386599
2021-12-22T05:00:00Z,59.26,59.935,59.13,59.6,237038
2021-12-21T05:00:00Z,58.78,59.85,58.78,59.38,440894
2021-12-20T05:00:00Z,58.6,58.72,57.595,58.295,663340
2021-12-17T05:00:00Z,60.28,60.49,58.97,59.53,779817
2021-12-16T05:00:00Z,61.14,61.905,60.86,61.05,510364
2021-12-15T05:00:00Z,60.9,60.9,59.56,60.22,729667
2021-12-14T05:00:00Z,60.42,61.3,60.38,60.615,413964
2021-12-13T05:00:00Z,60.66,60.82,59.78,60.18,426490
2021-12-10T05:00:00Z,61.69,62.23,60.205,60.7,747772
2021-12-09T05:00:00Z,61.87,62.5,60.87,62.14,1145875
2021-12-08T05:00:00Z,63.06,63.14,62.36,62.45,510332
2021-12-07T05:00:00Z,63.03,63.315,62.32,62.92,568860
2021-12-06T05:00:00Z,63.07,63.555,62.14,62.535,837032
2021-12-03T05:00:00Z,63.69,64.105,62.43,62.7,1405907
2021-12-02T05:00:00Z,63.34,64.265,62.8,63.8,418030
2021-12-01T05:00:00Z,64.695,65.08,62.51,62.51,557334
2021-11-30T05:00:00Z,64.3,64.78,63.355,63.7,644124
2021-11-29T05:00:00Z,65.95,66.29,64.48,65.025,549287
2021-11-26T05:00:00Z,64.95,65.735,63.81,65.47,478344
2021-11-24T05:00:00Z,68,68.03,67.245,67.245,331413
2021-11-23T05:00:00Z,67.63,68.365,67.11,68.07,547467
2021-11-22T05:00:00Z,67.955,68.1,66.805,67.03,513258
2021-11-19T05:00:00Z,66.07,66.4,65.25,66.36,476903
2021-11-18T05:00:00Z,66.73,67.15,66.21,67.1,364442
2021-11-17T05:00:00Z,67.55,67.635,66.78,66.845,325446
2021-11-16T05:00:00Z,68.74,68.76,67.3,67.73,539255
2021-11-15T05:00:00Z,69.31,69.65,68.55,68.72,293932
2021-11-12T05:00:00Z,68.91,69.16,68.325,69.16,255716
2021-11-11T05:00:00Z,68.26,69.17,68.19,68.9,318195
2021-11-10T05:00:00Z,68.12,68.425,67.75,68.215,306723
2021-11-09T05:00:00Z,67.74,68.22,67.445,67.98,336050
2021-11-08T05:00:00Z,67.48,69.015,67.39,68.42,671523
2021-11-05T04:00:00Z,67.79,67.97,66.95,67,436862
2021-11-04T04:00:00Z,68.75,68.77,66.525,66.99,908729
2021-11-03T04:00:00Z,68.14,69.575,68.14,69.03,445471
2021-11-02T04:00:00Z,69.375,69.56,68.56,68.57,972078
2021-11-01T04:00:00Z,69.69,69.805,69.05,69.61,443827
2021-10-29T04:00:00Z,70.5,70.59,68.97,69.14,410624
2021-10-28T04:00:00Z,70.845,71.32,70.32,70.87,512461
2021-10-27T04:00:00Z,70.42,70.71,69.33,70.315,793788
2021-10-26T04:00:00Z,71.125,71.605,70.625,70.65,441179
2021-10-22T04:00:00Z,70.77,71.875,70.68,71.375,335083
2021-10-21T04:00:00Z,71.26,71.8,70.02,70.51,440843
2021-10-20T04:00:00Z,71.49,72.28,70.82,71.83,332157
2021-10-19T04:00:00Z,72.36,72.38,71.26,71.76,445714
2021-10-18T04:00:00Z,72.07,72.52,71.405,71.61,370218
2021-10-15T04:00:00Z,71.76,73.19,71.615,72.29,553716
2021-10-14T04:00:00Z,71.225,71.225,69.735,70.81,724436
2021-10-13T04:00:00Z,70.55,70.55,68.76,70.25,544183
2021-10-12T04:00:00Z,71.545,71.88,70.445,70.66,450082
2021-10-11T04:00:00Z,72.71,73.705,71.61,71.67,602570
2021-10-08T04:00:00Z,72.15,72.78,71.59,72.36,347597
2021-10-07T04:00:00Z,73.01,73.325,72.055,72.195,578904
2021-10-06T04:00:00Z,71.9,72.49,71.02,72.43,312728
2021-10-05T04:00:00Z,71.67,72.93,71.35,72.515,335394
2021-10-04T04:00:00Z,71.07,72.98,70.85,71.28,385491
2021-10-01T04:00:00Z,70.445,71.68,70.11,71.15,377568
2021-09-30T04:00:00Z,71.56,71.56,69.96,70.22,433587
2021-09-29T04:00:00Z,71.69,71.81,71.045,71.55,215339
2021-09-28T04:00:00Z,72.49,73.26,71.25,71.39,467285
2021-09-27T04:00:00Z,71.81,72.61,71.75,72.23,509894
2021-09-24T04:00:00Z,70.75,71.56,70.74,71.16,281586
2021-09-23T04:00:00Z,69.09,71.385,69.08,70.86,564431
2021-09-22T04:00:00Z,67.915,69.16,67.88,68.24,546913
2021-09-21T04:00:00Z,67.61,67.7,66.53,66.92,262631
2021-09-20T04:00:00Z,68.125,68.125,65.97,67.31,653502
2021-09-17T04:00:00Z,69.71,70.55,69.71,69.955,695045
2021-09-16T04:00:00Z,70.98,71.155,69.99,70,583729
2021-09-15T04:00:00Z,68.75,70.87,68.65,70.435,362567
2021-09-14T04:00:00Z,70.87,71.33,68.53,68.78,632032
2021-09-13T04:00:00Z,70.13,70.65,69.78,70.51,266069
2021-09-10T04:00:00Z,70.88,70.94,69.525,69.57,247096
2021-09-09T04:00:00Z,69.97,71.08,69.915,70.45,264245
2021-09-08T04:00:00Z,70.75,71.19,69.89,70.03,326670
2021-09-07T04:00:00Z,71.5,72.275,70.71,70.785,250375
2021-09-03T04:00:00Z,71.61,71.67,70.665,71.15,224330
2021-09-02T04:00:00Z,71.3,71.97,70.95,71.515,202793
2021-09-01T04:00:00Z,72.25,72.25,71.22,71.3,298079
2021-08-31T04:00:00Z,71.705,72.49,71.365,71.925,258278
2021-08-30T04:00:00Z,72.83,72.83,71.24,71.65,143207
2021-08-27T04:00:00Z,72.45,73.35,72.37,73,192759
2021-08-26T04:00:00Z,73.46,73.885,72.29,72.43,238775
2021-08-25T04:00:00Z,72.63,73.895,72.05,73.16,452221
2021-08-24T04:00:00Z,71.14,72.18,71.12,72.035,300770
2021-08-23T04:00:00Z,70.8,71.21,70.58,70.875,224368
2021-08-20T04:00:00Z,69.72,70.29,69.21,70.255,167122
2021-08-19T04:00:00Z,70.34,70.73,69.445,69.855,435292
2021-08-18T04:00:00Z,71.2,72.26,70.9,71.105,205464
2021-08-17T04:00:00Z,71.175,72.33,70.75,71.63,226915
2021-08-16T04:00:00Z,72.35,72.44,71,72.11,277804
2021-08-13T04:00:00Z,74.14,74.58,72.92,73.1,342701
2021-08-12T04:00:00Z,74.32,74.61,73.67,74.14,264145
2021-08-11T04:00:00Z,73.38,74.34,72.96,74.305,453867
2021-08-10T04:00:00Z,71.51,73.325,71.46,72.98,370856
2021-08-09T04:00:00Z,70.96,71.99,70.48,71.51,293942
2021-08-06T04:00:00Z,70.96,71.49,70.69,71.06,419729
2021-08-05T04:00:00Z,69.02,69.755,68.77,69.725,373047
2021-08-04T04:00:00Z,68.12,69.25,67.94,68.52,366581
2021-08-03T04:00:00Z,68.2,69.08,66.91,68.885,355670
2021-08-02T04:00:00Z,67.99,69.12,67.655,67.71,317010
2021-07-30T04:00:00Z,67.86,68.51,67.25,67.615,287809
2021-07-29T04:00:00Z,68.705,69.575,68.41,68.8,366257
2021-07-28T04:00:00Z,68.27,68.61,67.5,68.09,350546
2021-07-27T04:00:00Z,66.86,68.4,66.82,67.98,495126
2021-07-26T04:00:00Z,66.6,67.835,66.55,67.8,509593
2021-07-23T04:00:00Z,67.46,67.74,66.53,66.715,274963
2021-07-22T04:00:00Z,67.76,67.76,66.415,66.915,253466
2021-07-21T04:00:00Z,67,68.235,66.97,67.84,369330
2021-07-20T04:00:00Z,65.17,66.77,64.78,66.305,392795
2021-07-19T04:00:00Z,65.52,66.07,64.38,65.08,693168
2021-07-16T04:00:00Z,68.71,68.73,66.42,66.915,616260
2021-07-15T04:00:00Z,67.54,69.03,67.46,68.47,327953
2021-07-14T04:00:00Z,70.02,70.78,67.465,68.16,925346
2021-07-13T04:00:00Z,68.97,69.45,68.02,68.365,372083
2021-07-12T04:00:00Z,67.65,69.565,67.325,69.435,411263
2021-07-09T04:00:00Z,68.05,68.52,67.65,68.445,290794
2021-07-08T04:00:00Z,66.29,67.13,65.755,66.81,879391
2021-07-07T04:00:00Z,67.7,68.345,67.27,67.885,372848
2021-07-06T04:00:00Z,70.135,70.18,67.865,68.215,529483
2021-07-02T04:00:00Z,71.04,71.04,70.12,70.43,256812
2021-07-01T04:00:00Z,71.08,71.21,70.455,70.995,297914
2021-06-30T04:00:00Z,69.58,70.8,69.47,70.78,350355
2021-06-29T04:00:00Z,70.08,71.575,69.575,69.66,754079
2021-06-28T04:00:00Z,71.32,71.635,70.48,71.52,304406
2021-06-25T04:00:00Z,71.36,71.845,69.895,71.515,689838
2021-06-24T04:00:00Z,70.26,71.665,69.975,71.3,827524
2021-06-23T04:00:00Z,69.53,70.045,69.08,69.63,436779
2021-06-22T04:00:00Z,68.8,69.395,67.78,68.95,449681
2021-06-21T04:00:00Z,68.31,69.05,67.9,68.4,566252
2021-06-18T04:00:00Z,68.485,68.72,67.14,67.605,1508913
2021-06-17T04:00:00Z,72.27,72.41,68.17,68.85,1312239
2021-06-16T04:00:00Z,72.64,72.98,70.16,71.445,1507872
2021-06-15T04:00:00Z,75.03,75.33,73.25,73.79,730379
2021-06-14T04:00:00Z,76.42,76.75,74.68,75.15,562398
2021-06-11T04:00:00Z,76.98,77.11,76.105,76.48,363136
2021-06-10T04:00:00Z,79.09,79.29,76.835,76.875,403942
2021-06-09T04:00:00Z,78.66,78.77,77.775,78.14,346342
2021-06-08T04:00:00Z,78.23,79.405,77.715,79.08,260175
2021-06-07T04:00:00Z,79.6,79.63,79.035,79.31,227822
2021-06-04T04:00:00Z,79.73,79.86,78.815,79.49,197217
2021-06-03T04:00:00Z,79.76,80.28,79.43,79.635,420343
2021-06-02T04:00:00Z,80.27,80.27,79.385,79.86,277034
2021-06-01T04:00:00Z,79.57,80.08,79.36,79.76,485829
2021-05-28T04:00:00Z,78.64,78.97,77.92,78.675,296726
2021-05-27T04:00:00Z,78.54,79.1,77.97,78.795,414277
2021-05-26T04:00:00Z,77.39,77.895,76.69,77.515,290081
2021-05-25T04:00:00Z,78.2,79.27,77.2,77.29,428213
2021-05-24T04:00:00Z,77.72,78.35,77.47,78.03,352204
2021-05-21T04:00:00Z,76.55,77.805,76.42,77.66,294314
2021-05-20T04:00:00Z,76.095,76.63,75.39,76.18,334254
2021-05-19T04:00:00Z,75.56,76.64,74.73,76.44,384153
2021-05-18T04:00:00Z,77.38,77.69,76.575,76.625,225932
2021-05-17T04:00:00Z,76.33,77.47,76.1,77.43,267293
2021-05-14T04:00:00Z,75.89,76.75,75.74,76.56,309728
2021-05-13T04:00:00Z,73.89,75.88,73.82,75.305,365963
2021-05-12T04:00:00Z,75.96,76.375,73.91,74.19,439254
2021-05-11T04:00:00Z,74.51,75.545,73.915,74.87,555278
2021-05-10T04:00:00Z,75.63,76.81,75.125,75.15,460137
2021-05-07T04:00:00Z,73.4,75.1,73.295,75.09,460449
2021-05-06T04:00:00Z,73.675,74.92,73.43,74.79,436577
2021-05-05T04:00:00Z,72.62,73.81,71.8,73.72,673025
2021-05-04T04:00:00Z,71.24,72.4,70.67,72.295,597451
2021-05-03T04:00:00Z,71.97,72.43,71.395,71.685,530863
2021-04-30T04:00:00Z,72.73,72.73,71.095,71.23,396975
2021-04-29T04:00:00Z,73.77,74,72.9,73.84,502159
2021-04-28T04:00:00Z,73.405,73.625,72.73,72.9,346596
2021-04-27T04:00:00Z,72.4,73.1,72.4,72.99,278905
2021-04-26T04:00:00Z,71.7,72.805,71.61,72.165,187570
2021-04-23T04:00:00Z,69.76,71.54,69.53,71.38,465060
2021-04-22T04:00:00Z,70.37,70.745,69.68,69.79,533218
2021-04-21T04:00:00Z,69.05,70.705,68.42,70.67,538342
2021-04-20T04:00:00Z,71.35,71.4,69.27,69.795,630755
2021-04-16T04:00:00Z,73.22,73.54,71.69,72.44,572898
2021-04-15T04:00:00Z,74.45,74.67,71.77,72.54,720386
2021-04-14T04:00:00Z,71.61,73.28,71.39,72.92,502323
2021-04-13T04:00:00Z,72.3,72.37,71.075,72.09,290450
2021-04-12T04:00:00Z,72.62,72.77,72.15,72.685,267563
2021-04-09T04:00:00Z,72.76,72.96,72.015,72.4,380429
2021-04-08T04:00:00Z,71.8,72.52,71.1,72.32,392494
2021-04-07T04:00:00Z,72.91,73.12,71.97,72.685,515480
2021-04-06T04:00:00Z,72.4,73.06,72.065,72.61,304553
2021-04-05T04:00:00Z,74.09,74.325,72.45,72.74,534141
2021-04-01T04:00:00Z,72.5,73.27,72.415,73.14,455737
2021-03-31T04:00:00Z,72.775,73.81,72.47,72.735,282665
2021-03-30T04:00:00Z,72,73.21,72,72.855,425967
2021-03-29T04:00:00Z,71.34,72.15,70.4,71.46,394766
2021-03-26T04:00:00Z,72.88,73.23,72,73.01,413994
2021-03-25T04:00:00Z,69.88,71.91,69.15,71.725,472250
2021-03-24T04:00:00Z,71.78,72.47,70.135,70.14,458451
2021-03-23T04:00:00Z,71.14,72.63,70.52,70.91,363518
2021-03-22T04:00:00Z,72.48,72.49,71.65,71.95,326669
2021-03-19T04:00:00Z,73.2,73.565,71.53,73.06,547384
2021-03-18T04:00:00Z,74.48,76.12,73.47,73.84,612643
2021-03-17T04:00:00Z,74.03,74.32,72.77,73.6,553068
2021-03-16T04:00:00Z,73.54,73.6,72.325,73.33,360859
2021-03-15T04:00:00Z,75.355,75.59,73.275,74.2,506433
2021-03-12T05:00:00Z,74.54,75.25,74.11,75.24,483938
2021-03-11T05:00:00Z,73.41,74.275,72.57,73.3,413966
2021-03-10T05:00:00Z,71.35,73.86,71.27,73.78,581448
2021-03-09T05:00:00Z,70.92,72.48,70.04,70.97,572245
2021-03-08T05:00:00Z,71.1,72.835,70.88,72.22,773086
2021-03-05T05:00:00Z,70.82,71.26,68.47,70.22,596076
2021-03-04T05:00:00Z,70.23,71.765,67.93,69.79,734657
2021-03-03T05:00:00Z,69.49,71.48,69.33,70.37,748895
2021-03-02T05:00:00Z,69.18,69.98,68.865,68.92,434831
2021-03-01T05:00:00Z,68.42,69.975,68.01,69.53,783477
2021-02-26T05:00:00Z,66.915,67.59,65.57,65.89,671459
2021-02-25T05:00:00Z,69.08,69.3,66.9,67.415,761304
2021-02-24T05:00:00Z,67.21,68.675,67,68.625,642028
2021-02-23T05:00:00Z,65.72,66.915,64.89,66.825,980211
2021-02-22T05:00:00Z,65.46,66.89,65.295,65.53,1003776
2021-02-19T05:00:00Z,64.07,65.99,64.07,65.795,590517
2021-02-18T05:00:00Z,64.42,64.53,63.105,63.46,332290
2021-02-17T05:00:00Z,63.8,64.895,63.465,64.74,414236
2021-02-16T05:00:00Z,64.97,65.07,63.835,64.1,534091
2021-02-12T05:00:00Z,62.95,64.02,62.905,63.61,533184
2021-02-11T05:00:00Z,63.48,63.82,61.945,63.23,239870
2021-02-10T05:00:00Z,63.47,63.98,62.99,63.56,282356
2021-02-09T05:00:00Z,63.56,63.87,62.515,63.12,407429
2021-02-08T05:00:00Z,63.05,63.705,62.85,63.68,304138
2021-02-05T05:00:00Z,63,63.07,62.08,62.575,278672
2021-02-04T05:00:00Z,61.59,62.6,61.45,62.45,621712
2021-02-03T05:00:00Z,59.455,61.145,59.455,61.1,295944
2021-02-02T05:00:00Z,59.61,60.24,59.32,59.57,1052670
2021-02-01T05:00:00Z,58.57,58.665,57.405,58.515,522000
2021-01-29T05:00:00Z,59.95,60.18,57.7,58,728065
2021-01-28T05:00:00Z,60.17,61.06,59.67,60.35,466136
2021-01-27T05:00:00Z,59.82,59.98,58.55,59.41,1128932
2021-01-26T05:00:00Z,61.2,61.2,60.105,60.925,484855
2021-01-25T05:00:00Z,60.61,60.72,59.175,60.55,519667
2021-01-22T05:00:00Z,60.91,61.815,60.25,61.37,501609
2021-01-21T05:00:00Z,63.2,63.2,61.74,61.85,431817
2021-01-20T05:00:00Z,63.77,63.77,62.835,63.29,403966
2021-01-19T05:00:00Z,65.205,65.205,62.91,63.69,664071
2021-01-15T05:00:00Z,67.22,67.62,64.1,64.25,1010710
2021-01-14T05:00:00Z,67.5,69.42,67.2,69.04,713041
2021-01-13T05:00:00Z,66.955,67.2,66,66.91,328417
2021-01-12T05:00:00Z,67.41,67.72,66.25,66.79,415003
2021-01-11T05:00:00Z,64.65,66.6,64.38,66.43,511670
2021-01-08T05:00:00Z,66.13,66.16,64.37,65.36,565284
2021-01-07T05:00:00Z,67.06,68.04,66.015,66.025,443611
2021-01-06T05:00:00Z,64.6,66.585,63.97,65.235,817139
2021-01-05T05:00:00Z,60.3,61.995,60.11,61.655,608489
2021-01-04T05:00:00Z,61.61,61.68,59.74,60.125,425819
2020-12-31T05:00:00Z,60.665,61.835,60.55,61.66,176163
2020-12-30T05:00:00Z,60.95,61.26,60.675,60.84,252460
2020-12-29T05:00:00Z,61.18,61.37,60.55,60.89,478294
2020-12-28T05:00:00Z,60.68,61.93,60.51,61.115,489033
2020-12-24T05:00:00Z,60.83,61.07,59.9,60.58,127828
2020-12-23T05:00:00Z,60.01,61.305,59.81,60.81,466112
2020-12-22T05:00:00Z,60.98,60.98,59.17,59.205,286361
2020-12-21T05:00:00Z,60.25,61.81,59.82,61.22,984926
2020-12-18T05:00:00Z,60.25,60.27,58.72,59.055,596774
2020-12-17T05:00:00Z,60.07,60.285,59.57,60.065,383205
2020-12-16T05:00:00Z,60.06,60.07,59.36,59.74,306591
2020-12-15T05:00:00Z,58.84,59.85,58.58,59.65,296612
2020-12-14T05:00:00Z,60.02,60.21,58.785,58.795,421753
2020-12-11T05:00:00Z,59.765,59.765,58.19,58.925,372790
2020-12-10T05:00:00Z,58.04,60.78,58.04,60.55,884679
2020-12-09T05:00:00Z,59.13,59.54,58.305,58.965,947939
2020-12-08T05:00:00Z,57.48,58.395,57.36,58.36,502948
2020-12-07T05:00:00Z,58.12,58.59,57.29,58.13,1287993
2020-12-04T05:00:00Z,57.58,58.815,57.31,58.625,1049515
2020-12-03T05:00:00Z,57.365,57.445,56.235,56.55,443428
2020-12-02T05:00:00Z,55.32,57.41,55.25,57.205,638817
2020-12-01T05:00:00Z,56.55,56.72,55.41,55.465,529478
2020-11-30T05:00:00Z,56.13,56.535,55.005,55.075,495348
2020-11-27T05:00:00Z,57.01,57.24,56.13,56.655,287157
2020-11-25T05:00:00Z,56.14,57.16,55.335,57.085,601373
2020-11-24T05:00:00Z,54.52,57.135,54.52,57.135,877162
2020-11-23T05:00:00Z,52.37,53.625,52.295,53.275,706338
2020-11-20T05:00:00Z,51.8,52.1,51.195,51.65,397548
2020-11-19T05:00:00Z,51.4,52.3,50.95,52.185,465663
2020-11-18T05:00:00Z,51.16,52.64,51.03,51.03,851902
2020-11-17T05:00:00Z,49.825,50.925,49.49,50.735,501688
2020-11-16T05:00:00Z,50.87,51,49.865,50.38,666689
2020-11-13T05:00:00Z,48.65,49.06,48.4,48.685,500461
2020-11-12T05:00:00Z,47.92,48.405,47.715,48.285,1092498
2020-11-11T05:00:00Z,47.87,49.285,47.695,48.93,883607
2020-11-10T05:00:00Z,48.31,48.735,47.455,47.65,1272184
2020-11-09T05:00:00Z,46.87,48.75,46.27,47.6,1675194
2020-11-06T05:00:00Z,43.54,43.58,42.505,42.715,476290
2020-11-05T05:00:00Z,42.3,43.57,42.19,43.12,412015
2020-11-04T05:00:00Z,42.64,43.405,41.895,42.105,716376
2020-11-03T05:00:00Z,43.23,44.01,43.09,43.63,709982
2020-11-02T05:00:00Z,41.81,42.665,41.245,42.18,565837
2020-10-30T04:00:00Z,41.06,41.52,40.5,41.41,639921
2020-10-29T04:00:00Z,40.98,42.14,40.71,41.675,560209
2020-10-28T04:00:00Z,41,41.58,40.75,41.135,1469219
2020-10-27T04:00:00Z,42.99,43.005,41.875,41.875,1231028
2020-10-26T04:00:00Z,43.3,43.375,42.815,43.24,744655
2020-10-23T04:00:00Z,44.28,44.57,43.69,43.96,554153
2020-10-22T04:00:00Z,42.97,43.985,42.68,43.945,1524626
2020-10-21T04:00:00Z,43.28,43.72,42.9,43,622424
2020-10-20T04:00:00Z,43.4,44.08,43.35,43.515,578252
2020-10-19T04:00:00Z,43.33,43.38,42.81,42.86,562694
2020-10-16T04:00:00Z,43.68,43.845,43.085,43.2,1307469
2020-10-15T04:00:00Z,42.58,43.63,42.27,43.595,670920
2020-10-14T04:00:00Z,43.48,44.22,43,43.005,1383358
2020-10-13T04:00:00Z,46.12,46.12,43.555,43.64,1651903
2020-10-12T04:00:00Z,45.06,45.99,44.95,45.88,563604
2020-10-09T04:00:00Z,45.01,45.56,44.7,44.905,592024
2020-10-08T04:00:00Z,44.855,45.17,44.29,44.725,1237752
2020-10-07T04:00:00Z,44.99,45.615,44.61,44.815,996576
2020-10-06T04:00:00Z,45.475,46.055,44.17,44.385,735838
2020-10-05T04:00:00Z,44.25,45.225,44.21,44.89,931534
2020-10-02T04:00:00Z,42.56,43.87,42.52,43.675,745095
2020-10-01T04:00:00Z,43.39,43.65,42.6,43.465,990890
2020-09-30T04:00:00Z,42.6,43.585,42.56,43.14,266600
2020-09-29T04:00:00Z,43.175,43.175,42.025,42.41,265919
2020-09-28T04:00:00Z,42.92,43.87,42.895,43.335,325628
2020-09-25T04:00:00Z,41.825,42.125,41.53,42.04,941282
2020-09-24T04:00:00Z,41.865,42.585,41.315,42.205,652250
2020-09-23T04:00:00Z,43.63,43.91,41.8,41.835,377892
2020-09-22T04:00:00Z,43.785,44.11,43.075,43.295,469107
2020-09-21T04:00:00Z,43.38,44.155,43.09,43.91,468489
2020-09-18T04:00:00Z,45.57,45.93,44.755,44.85,435473
2020-09-17T04:00:00Z,45.315,45.8,45.04,45.52,571785
2020-09-16T04:00:00Z,45.14,46.755,44.63,46,895151
2020-09-15T04:00:00Z,48.06,48.33,44.675,44.795,4860786
2020-09-14T04:00:00Z,51.6,52.08,47.9,48.13,2011767
2020-09-11T04:00:00Z,51.04,51.675,50.8,50.995,296448
2020-09-10T04:00:00Z,51.695,52.485,50.705,50.995,350209
2020-09-09T04:00:00Z,51.22,51.585,50.615,51.405,297160
2020-09-08T04:00:00Z,51.935,51.935,50.66,50.99,486708
2020-09-04T04:00:00Z,52.51,53.355,51.45,52.545,245526
2020-09-03T04:00:00Z,52.485,53.63,51.24,51.5,468364
2020-09-02T04:00:00Z,51.01,52.135,50.685,52.005,173069
2020-09-01T04:00:00Z,50.85,51.56,50.56,51.185,213380
2020-08-31T04:00:00Z,51.985,51.985,51.14,51.14,145318
2020-08-28T04:00:00Z,52.07,52.36,51.53,52.3,232547
2020-08-27T04:00:00Z,50.72,52.21,50.685,51.73,267144
2020-08-26T04:00:00Z,51.65,51.78,50.825,50.825,221005
2020-08-25T04:00:00Z,51.82,52.49,50.98,51.68,230896
2020-08-24T04:00:00Z,49.84,51.125,49.465,51.045,259380
2020-08-21T04:00:00Z,49.39,50.045,49.16,49.325,174903
2020-08-20T04:00:00Z,49.52,50,49.3,49.595,173509
2020-08-19T04:00:00Z,50.675,51.33,50,50.275,347546
2020-08-18T04:00:00Z,51.43,51.43,50.28,50.31,337634
2020-08-17T04:00:00Z,52.615,52.69,51.355,51.39,272692
2020-08-14T04:00:00Z,52.415,53.32,52.37,52.92,150413
2020-08-13T04:00:00Z,52.785,53.425,52.58,52.885,233316
2020-08-12T04:00:00Z,54.915,54.99,52.77,53.36,169397
2020-08-11T04:00:00Z,54.475,55.005,53.55,53.75,299037
2020-08-10T04:00:00Z,52.25,53.195,52.25,52.88,280920
2020-08-07T04:00:00Z,50.535,52.225,50.135,52.14,367454
2020-08-06T04:00:00Z,50.75,51.28,50.59,50.905,133785
2020-08-05T04:00:00Z,50.49,51.305,50.49,51.105,248847
2020-08-04T04:00:00Z,50.275,50.275,49.855,50.105,125142
2020-08-03T04:00:00Z,50.405,50.85,49.765,50.385,211998
2020-07-31T04:00:00Z,50.21,50.255,49.375,50.02,209498
2020-07-30T04:00:00Z,51.07,51.2,49.865,50.86,298678
2020-07-29T04:00:00Z,51.18,52.575,51.025,52.52,112046
2020-07-28T04:00:00Z,50.99,51.64,50.99,51.31,122534
2020-07-27T04:00:00Z,51.24,51.43,50.605,51.315,269058
