2024-06-14T04:00:00Z,16.165,16.22,15.05,15.34,1367620
2024-06-13T04:00:00Z,16.65,16.69,16.28,16.515,207286
2024-06-12T04:00:00Z,16.695,17.025,16.695,16.74,261778
2024-06-11T04:00:00Z,16.46,16.46,16.235,16.35,183330
2024-06-10T04:00:00Z,16.615,16.83,16.36,16.53,423582
2024-06-07T04:00:00Z,16.47,16.745,16.45,16.7,267899
2024-06-06T04:00:00Z,16.875,17.055,16.575,16.645,358515
2024-06-05T04:00:00Z,16.995,17.06,16.56,16.95,395843
2024-06-04T04:00:00Z,16.155,16.96,16.155,16.94,1258217
2024-06-03T04:00:00Z,15.275,15.715,15.24,15.45,302158
2024-05-31T04:00:00Z,15.29,15.425,14.97,15.08,655229
2024-05-30T04:00:00Z,15.255,15.45,15.095,15.2,334729
2024-05-29T04:00:00Z,15.185,15.295,14.75,15.23,644309
2024-05-28T04:00:00Z,15.225,15.69,15.185,15.65,299380
2024-05-24T04:00:00Z,14.81,15.14,14.81,15.125,384142
2024-05-23T04:00:00Z,15.655,15.735,14.775,14.79,603564
2024-05-22T04:00:00Z,16.16,16.185,15.585,15.655,316663
2024-05-21T04:00:00Z,15.94,16.195,15.86,16.19,576401
2024-05-20T04:00:00Z,15.4,16.24,15.4,16.095,1111114
2024-05-17T04:00:00Z,14.98,15.12,14.935,15.01,497771
2024-05-16T04:00:00Z,14.97,15.08,14.82,14.91,766214
2024-05-15T04:00:00Z,14.64,15.01,14.6,14.885,845017
2024-05-14T04:00:00Z,14.675,14.745,14.42,14.515,458221
2024-05-13T04:00:00Z,14.5,14.69,14.455,14.55,657042
2024-05-10T04:00:00Z,14.6,14.605,14.34,14.44,298410
2024-05-09T04:00:00Z,14.305,14.695,14.275,14.555,615631
2024-05-08T04:00:00Z,14.035,14.325,13.995,14.305,505654
2024-05-07T04:00:00Z,14.49,14.585,14.12,14.125,850364
2024-05-06T04:00:00Z,14.645,14.71,14.445,14.595,628340
2024-05-03T04:00:00Z,14.81,14.87,14.38,14.45,501756
2024-05-02T04:00:00Z,14.67,14.67,14.36,14.46,429650
2024-05-01T04:00:00Z,14.645,14.8,14.21,14.48,1468128
2024-04-30T04:00:00Z,14.975,15.135,14.775,14.825,795778
2024-04-29T04:00:00Z,15.205,15.275,14.855,15.14,443187
2024-04-26T04:00:00Z,15.1,15.22,14.92,15.085,293446
2024-04-25T04:00:00Z,15.025,15.2,14.8,15.175,758192
2024-04-24T04:00:00Z,14.81,15.04,14.77,15.015,467293
2024-04-23T04:00:00Z,14.425,14.94,14.345,14.79,388208
2024-04-22T04:00:00Z,14.355,14.405,14.09,14.29,541947
2024-04-19T04:00:00Z,14.12,14.3,14.055,14.12,366819
2024-04-18T04:00:00Z,14.18,14.555,14.175,14.18,389562
2024-04-17T04:00:00Z,14.21,14.285,14.02,14.115,381975
2024-04-16T04:00:00Z,13.95,14.06,13.81,13.895,641085
2024-04-15T04:00:00Z,14.73,14.73,13.925,14.065,688323
2024-04-12T04:00:00Z,14.665,14.72,14.23,14.38,718374
2024-04-11T04:00:00Z,14.83,15.02,14.59,14.965,553339
2024-04-10T04:00:00Z,15.16,15.325,14.79,14.95,1011424
2024-04-09T04:00:00Z,15.64,15.705,15.155,15.48,631843
2024-04-08T04:00:00Z,15.27,15.675,15.25,15.675,422391
2024-04-05T04:00:00Z,15.015,15.16,14.845,15.12,899902
2024-04-04T04:00:00Z,15.57,15.8,14.985,15.065,898728
2024-04-03T04:00:00Z,15.36,15.59,15.245,15.34,705054
2024-04-02T04:00:00Z,15.82,15.88,15.415,15.48,1090054
2024-04-01T04:00:00Z,16.505,16.65,16.06,16.24,639991
2024-03-28T04:00:00Z,17.015,17.015,16.31,16.33,1490103
2024-03-27T04:00:00Z,16.68,17.68,16.23,17.2,3410488
2024-03-26T04:00:00Z,17.46,17.605,16.79,17.045,1532942
2024-03-25T04:00:00Z,17.37,17.655,17.095,17.125,852708
2024-03-22T04:00:00Z,17.115,17.155,16.965,17.08,299785
2024-03-21T04:00:00Z,17.155,17.27,16.87,17.02,572581
2024-03-20T04:00:00Z,16.09,16.85,16.05,16.85,694322
2024-03-19T04:00:00Z,16.13,16.19,15.89,16.07,715276
2024-03-18T04:00:00Z,16.345,16.65,16.13,16.195,651690
2024-03-15T04:00:00Z,16.23,16.38,16.08,16.26,483409
2024-03-14T04:00:00Z,16.51,16.605,16.145,16.2,500063
2024-03-13T04:00:00Z,16.4,16.94,16.36,16.665,572884
2024-03-12T04:00:00Z,16.23,16.24,15.91,16.24,564584
2024-03-11T04:00:00Z,16.295,16.375,16.08,16.22,532461
2024-03-08T05:00:00Z,15.895,16.76,15.895,16.37,879851
2024-03-07T05:00:00Z,16.165,16.23,15.61,15.65,724767
2024-03-06T05:00:00Z,16.2,16.32,15.88,16.02,474750
2024-03-05T05:00:00Z,15.915,16.15,15.765,15.895,453258
2024-03-04T05:00:00Z,16.065,16.405,16.035,16.07,438327
2024-03-01T05:00:00Z,15.965,16.095,15.65,16,701597
2024-02-29T05:00:00Z,15.52,15.94,15.475,15.83,527188
2024-02-28T05:00:00Z,15.7,16.12,15.43,15.47,598721
2024-02-27T05:00:00Z,16.01,16.205,15.495,15.92,1052777
2024-02-26T05:00:00Z,15.135,15.245,14.77,14.79,1019510
2024-02-23T05:00:00Z,15.035,15.45,14.96,15.23,472575
2024-02-22T05:00:00Z,15.53,15.605,15.1,15.225,1003578
2024-02-21T05:00:00Z,14.62,14.74,14.555,14.7,390443
2024-02-20T05:00:00Z,14.73,14.82,14.445,14.76,594363
2024-02-16T05:00:00Z,14.995,15.115,14.775,14.79,520440
2024-02-15T05:00:00Z,15.39,15.61,15.14,15.235,557436
2024-02-14T05:00:00Z,15.25,15.345,14.85,15.26,849286
2024-02-13T05:00:00Z,15.025,15.24,14.9,15.125,449911
2024-02-12T05:00:00Z,15.32,15.63,15.32,15.485,903756
2024-02-09T05:00:00Z,15.61,15.735,14.965,15.295,1162265
2024-02-08T05:00:00Z,15.64,15.785,15.435,15.69,655140
2024-02-07T05:00:00Z,15.865,15.95,15.61,15.72,648435
2024-02-06T05:00:00Z,15.755,16.125,15.565,15.98,413581
2024-02-05T05:00:00Z,16.22,16.22,15.65,15.82,855866
2024-02-02T05:00:00Z,16.65,16.65,16.14,16.44,723970
2024-02-01T05:00:00Z,17.11,17.235,16.22,16.795,1266955
2024-01-31T05:00:00Z,16.385,17.175,16.36,16.57,991541
2024-01-30T05:00:00Z,16.75,17.2,16.39,16.46,1335673
2024-01-29T05:00:00Z,15.7,16.54,15.695,16.535,1339367
2024-01-26T05:00:00Z,16.48,16.5,15.82,15.82,1180636
2024-01-25T05:00:00Z,16.295,16.495,16.215,16.47,1060585
2024-01-24T05:00:00Z,16.5,16.745,16.07,16.08,1169766
2024-01-23T05:00:00Z,16.5,16.77,16.21,16.26,1740696
2024-01-22T05:00:00Z,17.495,17.55,16.385,16.63,2220777
2024-01-19T05:00:00Z,17.22,17.35,16.825,17.34,418298
2024-01-18T05:00:00Z,17.16,17.65,16.84,17.27,521229
2024-01-17T05:00:00Z,16.57,16.975,16.57,16.865,354430
2024-01-16T05:00:00Z,16.61,17.09,16.55,17.02,520115
2024-01-12T05:00:00Z,17.505,17.505,16.745,16.96,418127
2024-01-11T05:00:00Z,17.76,17.76,17.155,17.53,419538
2024-01-10T05:00:00Z,17.27,17.82,17.22,17.77,408419
2024-01-09T05:00:00Z,17.095,17.56,17.07,17.38,725884
2024-01-08T05:00:00Z,17.41,17.57,17.04,17.34,762849
2024-01-05T05:00:00Z,16.885,17.55,16.885,17.32,617069
2024-01-04T05:00:00Z,16.345,17.09,16.315,16.86,729399
2024-01-03T05:00:00Z,16.73,16.89,16.26,16.345,963307
2024-01-02T05:00:00Z,18.28,18.28,17.21,17.3,934334
2023-12-29T05:00:00Z,18.64,18.88,18.535,18.555,298723
2023-12-28T05:00:00Z,18.63,18.75,18.54,18.68,237406
2023-12-27T05:00:00Z,18.4,18.6,18.205,18.56,427209
2023-12-26T05:00:00Z,18.785,18.785,18.36,18.61,409850
2023-12-22T05:00:00Z,19.09,19.735,18.705,18.93,816357
2023-12-21T05:00:00Z,18.48,19.49,18.4,19.2,1790394
2023-12-20T05:00:00Z,18.59,18.795,18.07,18.07,604586
2023-12-19T05:00:00Z,18.46,18.86,18.4,18.71,532326
2023-12-18T05:00:00Z,18.49,18.715,18.215,18.35,497088
2023-12-15T05:00:00Z,18.67,18.935,18.55,18.595,677186
2023-12-14T05:00:00Z,18.52,19.22,18.52,18.79,748655
2023-12-13T05:00:00Z,17.78,18.295,17.62,18.28,1037808
2023-12-12T05:00:00Z,17.625,18.05,17.625,17.83,391256
2023-12-11T05:00:00Z,18.03,18.05,17.465,17.625,610749
2023-12-08T05:00:00Z,17.95,18.135,17.85,18.12,420119
2023-12-07T05:00:00Z,17.525,18.03,17.445,17.935,670252
2023-12-06T05:00:00Z,16.83,17.81,16.805,17.48,982180
2023-12-05T05:00:00Z,16.15,16.605,16.15,16.505,560122
2023-12-04T05:00:00Z,15.77,16.4,15.77,16.355,1050547
2023-12-01T05:00:00Z,15.15,15.77,15.04,15.755,893214
2023-11-30T05:00:00Z,15.125,15.185,14.83,15.05,660713
2023-11-29T05:00:00Z,14.845,15.3,14.77,14.92,470345
2023-11-28T05:00:00Z,14.675,14.77,14.485,14.635,333064
2023-11-27T05:00:00Z,14.39,14.74,14.36,14.645,549519
2023-11-24T05:00:00Z,14.265,14.46,14.125,14.41,223801
2023-11-22T05:00:00Z,14.545,14.84,14.42,14.47,670665
2023-11-21T05:00:00Z,14.28,14.34,13.885,14.21,463605
2023-11-20T05:00:00Z,14.77,14.96,14.55,14.565,304673
2023-11-17T05:00:00Z,14.945,15,14.64,14.78,402198
2023-11-16T05:00:00Z,14.47,14.82,14.41,14.82,807613
2023-11-15T05:00:00Z,14.18,14.65,14.18,14.57,1472914
2023-11-14T05:00:00Z,13.625,14.12,13.34,13.89,1816990
2023-11-13T05:00:00Z,12.61,12.825,12.455,12.77,602249
2023-11-10T05:00:00Z,12.31,12.805,12.25,12.765,474432
2023-11-09T05:00:00Z,12.835,12.905,12.25,12.31,848543
2023-11-08T05:00:00Z,12.65,12.97,12.52,12.795,692412
2023-11-07T05:00:00Z,12.265,12.57,12.17,12.57,518804
2023-11-06T05:00:00Z,12.68,12.72,12.02,12.26,639959
2023-11-03T04:00:00Z,12.225,12.82,12.225,12.565,990771
2023-11-02T04:00:00Z,11.65,12.02,11.63,11.9,603170
2023-11-01T04:00:00Z,11.45,11.57,11.115,11.3,595102
2023-10-31T04:00:00Z,11.425,11.48,11.1,11.455,652476
2023-10-30T04:00:00Z,11.39,11.5,11.195,11.405,628887
2023-10-27T04:00:00Z,11.51,11.52,11.01,11.125,642467
2023-10-26T04:00:00Z,11.63,11.73,10.955,11.375,1123501
2023-10-25T04:00:00Z,11.31,11.47,11.25,11.27,525476
2023-10-24T04:00:00Z,11.53,11.725,11.4,11.44,582221
2023-10-23T04:00:00Z,11,11.63,10.85,11.385,975120
2023-10-20T04:00:00Z,11.23,11.385,11.03,11.03,870090
2023-10-19T04:00:00Z,11.6,11.72,11.345,11.37,1450826
2023-10-18T04:00:00Z,12.27,12.31,11.675,11.69,755242
2023-10-17T04:00:00Z,12.24,12.655,12.23,12.5,601975
2023-10-16T04:00:00Z,12.44,12.53,12.26,12.345,568298
2023-10-13T04:00:00Z,12.39,12.51,12.155,12.265,706423
2023-10-12T04:00:00Z,12.625,12.91,12.345,12.61,518450
2023-10-11T04:00:00Z,12.98,12.99,12.495,12.645,787849
2023-10-10T04:00:00Z,12.82,13.285,12.81,12.905,785075
2023-10-09T04:00:00Z,12.61,12.75,12.28,12.7,859946
2023-10-06T04:00:00Z,13.1,13.47,13,13.255,364764
2023-10-05T04:00:00Z,13.265,13.64,13.105,13.295,663440
2023-10-04T04:00:00Z,12.895,13.23,12.825,13.095,786112
2023-10-03T04:00:00Z,13.34,13.5,12.65,12.735,970302
2023-10-02T04:00:00Z,13.51,14.17,13.425,13.645,844434
2023-09-29T04:00:00Z,14.59,15.225,13.245,13.73,1847800
2023-09-28T04:00:00Z,13.675,14.63,13.645,14.42,638998
2023-09-27T04:00:00Z,13.95,14.175,13.735,13.98,524812
2023-09-26T04:00:00Z,13.675,13.96,13.675,13.765,573352
2023-09-25T04:00:00Z,13.545,14.05,13.385,13.89,554068
2023-09-22T04:00:00Z,14.63,14.63,14.015,14.04,560146
2023-09-21T04:00:00Z,14.46,14.69,14.27,14.45,562214
2023-09-20T04:00:00Z,15.18,15.29,14.64,14.64,389961
2023-09-19T04:00:00Z,15.135,15.565,15.01,15.095,450801
2023-09-18T04:00:00Z,15.095,15.2,14.985,15.04,321611
2023-09-15T04:00:00Z,15.52,15.61,15.115,15.18,412086
2023-09-14T04:00:00Z,15.31,15.775,15.31,15.625,470916
2023-09-13T04:00:00Z,15.18,15.265,14.925,15.025,387829
2023-09-12T04:00:00Z,15.31,15.635,15.225,15.455,342901
2023-09-11T04:00:00Z,15.58,15.59,14.95,15.475,250029
2023-09-08T04:00:00Z,15.16,15.515,15.125,15.31,241423
2023-09-07T04:00:00Z,15.17,15.355,14.99,15.295,329420
2023-09-06T04:00:00Z,15.09,15.49,15.05,15.435,528017
2023-09-05T04:00:00Z,15.52,15.565,14.93,15.365,728553
2023-09-01T04:00:00Z,15.835,16.035,15.59,15.725,303061
2023-08-31T04:00:00Z,15.82,16.03,15.69,15.81,345783
2023-08-30T04:00:00Z,16.165,16.23,15.84,15.87,544486
2023-08-29T04:00:00Z,15.655,16.115,15.445,16.045,382754
2023-08-28T04:00:00Z,15.915,16.08,15.685,15.72,200846
2023-08-25T04:00:00Z,15.725,15.985,15.55,15.895,312926
2023-08-24T04:00:00Z,16.14,16.325,15.705,15.71,415136
2023-08-23T04:00:00Z,15.615,16.385,15.5,16.245,616783
2023-08-22T04:00:00Z,15.845,15.845,15.44,15.66,400610
2023-08-21T04:00:00Z,15.785,15.85,15.5,15.705,317167
2023-08-18T04:00:00Z,15.45,15.835,15.4,15.595,633465
2023-08-17T04:00:00Z,16.26,16.29,15.8,15.8,400102
2023-08-16T04:00:00Z,16.48,16.61,16.16,16.165,434894
2023-08-15T04:00:00Z,16.64,16.78,16.49,16.6,239008
2023-08-14T04:00:00Z,16.57,16.845,16.5,16.825,311726
2023-08-11T04:00:00Z,17.11,17.14,16.68,16.785,613385
2023-08-10T04:00:00Z,17.525,17.71,17.18,17.375,365543
2023-08-09T04:00:00Z,17.965,18.125,17.26,17.275,507130
2023-08-08T04:00:00Z,17.725,17.95,17.51,17.93,326472
2023-08-07T04:00:00Z,17.41,18.04,17.41,18.04,422221
2023-08-04T04:00:00Z,17.57,17.65,17.09,17.18,499710
2023-08-03T04:00:00Z,17.545,17.88,17.4,17.555,324419
2023-08-02T04:00:00Z,17.635,17.935,17.55,17.71,396752
2023-08-01T04:00:00Z,18.21,18.395,17.49,17.985,845660
2023-07-31T04:00:00Z,18.77,18.855,18.505,18.84,335446
2023-07-28T04:00:00Z,18.385,18.715,18.37,18.485,285007
2023-07-27T04:00:00Z,18.635,18.81,18.09,18.22,787070
2023-07-26T04:00:00Z,17.495,17.735,17.34,17.645,401210
2023-07-25T04:00:00Z,17.7,17.775,17.345,17.455,367254
2023-07-24T04:00:00Z,17.91,17.975,17.22,17.85,525598
2023-07-21T04:00:00Z,17.63,17.895,17.57,17.875,563620
2023-07-20T04:00:00Z,18.02,18.15,17.615,17.655,540090
2023-07-19T04:00:00Z,18.48,18.485,17.895,18.165,662542
2023-07-18T04:00:00Z,17.86,18.58,17.86,18.25,485609
2023-07-17T04:00:00Z,17.36,17.975,17.36,17.71,430113
2023-07-14T04:00:00Z,17.74,17.93,17.1,17.245,566724
2023-07-13T04:00:00Z,18.32,18.48,17.725,17.755,599162
2023-07-12T04:00:00Z,19.14,19.14,18.2,18.23,918433
2023-07-11T04:00:00Z,19.325,19.35,18.66,18.9,713229
2023-07-10T04:00:00Z,19.07,19.385,18.98,19.3,725179
2023-07-07T04:00:00Z,18.87,19.46,18.86,19.04,584572
2023-07-06T04:00:00Z,18.8,18.965,18.16,18.855,793750
2023-07-05T04:00:00Z,18.9,19.545,18.8,19.22,767903
2023-07-03T04:00:00Z,18.53,19.185,18.445,18.95,871573
2023-06-30T04:00:00Z,17.815,18.88,17.625,18.82,1752295
2023-06-29T04:00:00Z,17.25,17.745,16.895,17.16,1507234
2023-06-28T04:00:00Z,15.92,17.485,15.885,17.29,2331585
2023-06-27T04:00:00Z,14.77,15.905,14.76,15.88,1666986
2023-06-26T04:00:00Z,14.98,15.035,13.9,14.59,2204670
2023-06-23T04:00:00Z,15.49,15.99,15.43,15.8,653909
2023-06-22T04:00:00Z,15.73,15.96,15.6,15.76,397845
2023-06-21T04:00:00Z,15.92,16.18,15.46,15.89,693085
2023-06-20T04:00:00Z,15.98,16.06,15.705,15.9,654359
2023-06-16T04:00:00Z,16.315,16.4,15.695,15.795,725207
2023-06-15T04:00:00Z,15.46,16.16,15.45,16.13,916667
2023-06-14T04:00:00Z,15.55,15.77,15.2,15.595,838406
2023-06-13T04:00:00Z,15.05,15.365,14.74,15.345,924637
2023-06-12T04:00:00Z,13.95,15.095,13.845,14.72,1847561
2023-06-09T04:00:00Z,12.88,13.38,12.88,13.1,755284
2023-06-08T04:00:00Z,12.84,12.96,12.7,12.745,750212
2023-06-07T04:00:00Z,12.885,13.18,12.81,13.015,609226
2023-06-06T04:00:00Z,12.215,12.835,12.205,12.77,621977
2023-06-05T04:00:00Z,12.18,12.38,12.09,12.29,727465
2023-06-02T04:00:00Z,12.035,12.28,11.905,12.185,709843
2023-06-01T04:00:00Z,11.32,11.93,11.2,11.845,732924
2023-05-31T04:00:00Z,11.41,11.435,10.94,11.22,552647
2023-05-30T04:00:00Z,11.5,11.83,11.205,11.37,592480
2023-05-26T04:00:00Z,11.165,11.365,11.155,11.29,896120
2023-05-25T04:00:00Z,10.995,11.215,10.875,10.985,833896
2023-05-24T04:00:00Z,10.85,10.85,10.385,10.675,709342
2023-05-23T04:00:00Z,11.12,11.53,11.025,11.045,570924
2023-05-22T04:00:00Z,11.075,11.28,10.845,11.215,550870
2023-05-19T04:00:00Z,11.165,11.22,10.82,10.945,464592
2023-05-18T04:00:00Z,10.98,11.32,10.98,11.275,1052147
2023-05-17T04:00:00Z,10.475,11.175,10.475,11.04,1401468
2023-05-16T04:00:00Z,10.24,10.64,10.07,10.365,687537
2023-05-15T04:00:00Z,9.86,10.38,9.835,10.31,734965
2023-05-12T04:00:00Z,10.25,10.25,9.685,9.835,693681
2023-05-11T04:00:00Z,10.37,10.49,10.16,10.245,493253
2023-05-10T04:00:00Z,10.79,10.89,10.345,10.48,782375
2023-05-09T04:00:00Z,10.48,10.71,10.38,10.65,458156
2023-05-08T04:00:00Z,10.155,10.65,10.04,10.605,1087827
2023-05-05T04:00:00Z,9.57,10.09,9.535,9.995,1085883
2023-05-04T04:00:00Z,9.785,9.83,9.215,9.395,961352
2023-05-03T04:00:00Z,9.46,9.695,9.41,9.425,654311
2023-05-02T04:00:00Z,9.38,9.535,9.175,9.455,829258
2023-05-01T04:00:00Z,9.28,9.625,9.215,9.495,989029
2023-04-28T04:00:00Z,8.845,9.295,8.845,9.21,1044697
2023-04-27T04:00:00Z,8.9,8.96,8.725,8.905,349476
2023-04-26T04:00:00Z,9.04,9.07,8.7,8.76,625765
2023-04-25T04:00:00Z,9.245,9.245,8.91,8.955,565927
2023-04-24T04:00:00Z,9.285,9.43,9.14,9.285,330638
2023-04-21T04:00:00Z,9.28,9.38,9.065,9.38,576359
2023-04-20T04:00:00Z,9.63,9.655,9.305,9.33,657278
2023-04-19T04:00:00Z,9.695,9.85,9.525,9.79,500012
2023-04-18T04:00:00Z,9.755,9.86,9.66,9.84,492726
2023-04-17T04:00:00Z,9.6,9.795,9.515,9.745,498247
2023-04-14T04:00:00Z,9.82,9.855,9.55,9.615,348103
2023-04-13T04:00:00Z,9.74,9.85,9.705,9.775,379221
2023-04-12T04:00:00Z,10.18,10.22,9.605,9.62,640840
2023-04-11T04:00:00Z,9.91,10.14,9.8,10.055,294167
2023-04-10T04:00:00Z,9.61,9.89,9.595,9.88,330566
2023-04-06T04:00:00Z,9.735,9.875,9.54,9.725,310647
2023-04-05T04:00:00Z,9.74,9.885,9.615,9.665,411952
2023-04-04T04:00:00Z,10.1,10.12,9.55,9.855,561949
2023-04-03T04:00:00Z,9.97,10.055,9.82,9.965,915567
2023-03-31T04:00:00Z,10.26,10.34,10.065,10.16,1413702
2023-03-30T04:00:00Z,10.13,10.295,10.07,10.165,984989
2023-03-29T04:00:00Z,9.68,9.95,9.58,9.89,1985253
2023-03-28T04:00:00Z,8.96,9.48,8.94,9.34,1461838
2023-03-27T04:00:00Z,9.5,9.695,8.685,8.79,2085939
2023-03-24T04:00:00Z,9.09,9.265,8.96,9.23,1121217
2023-03-23T04:00:00Z,9.09,9.555,8.995,9.2,1684256
2023-03-22T04:00:00Z,9.155,9.455,8.975,8.98,1153821
2023-03-21T04:00:00Z,8.98,9.205,8.96,9.115,1035062
2023-03-20T04:00:00Z,8.56,8.89,8.52,8.615,1572798
2023-03-17T04:00:00Z,8.88,8.97,8.55,8.555,1500565
2023-03-16T04:00:00Z,8.55,9.155,8.495,9.03,1271471
2023-03-15T04:00:00Z,8.7,8.885,8.37,8.73,1226568
2023-03-14T04:00:00Z,9.515,9.55,9.01,9.08,1305914
2023-03-13T04:00:00Z,9.42,9.55,9.115,9.24,1134282
2023-03-10T05:00:00Z,9.935,10.07,9.525,9.69,1585583
2023-03-09T05:00:00Z,10.515,10.59,9.945,9.99,699730
2023-03-08T05:00:00Z,10.855,10.96,10.455,10.525,571311
2023-03-07T05:00:00Z,11.05,11.19,10.86,10.86,436101
2023-03-06T05:00:00Z,11.21,11.52,11.07,11.075,515965
2023-03-03T05:00:00Z,11.02,11.19,10.85,11.1,956839
2023-03-02T05:00:00Z,10.44,10.8,10.35,10.765,507982
2023-03-01T05:00:00Z,10.63,10.76,10.51,10.595,470843
2023-02-28T05:00:00Z,10.55,10.69,10.25,10.61,917779
2023-02-27T05:00:00Z,10.855,10.985,10.76,10.83,438232
2023-02-24T05:00:00Z,10.62,10.755,10.385,10.595,818134
2023-02-23T05:00:00Z,11.215,11.215,10.675,10.895,444853
2023-02-22T05:00:00Z,11.02,11.33,10.88,11.055,451087
2023-02-21T05:00:00Z,11.1,11.275,11.03,11.135,497764
2023-02-17T05:00:00Z,11.515,11.565,11.165,11.295,1050335
2023-02-16T05:00:00Z,11.97,11.99,11.575,11.61,579027
2023-02-15T05:00:00Z,11.81,12.205,11.635,12.2,631357
2023-02-14T05:00:00Z,11.54,11.955,11.39,11.885,848146
2023-02-13T05:00:00Z,11.22,11.705,11.14,11.65,651336
2023-02-10T05:00:00Z,11.37,11.44,11.01,11.165,704784
2023-02-09T05:00:00Z,12,12.11,11.365,11.535,633116
2023-02-08T05:00:00Z,12.32,12.37,11.84,11.875,824079
2023-02-07T05:00:00Z,12.15,12.61,11.7,12.195,1344714
2023-02-06T05:00:00Z,11.56,11.9,11.55,11.88,854560
2023-02-03T05:00:00Z,11.79,12.14,11.685,11.795,548987
2023-02-02T05:00:00Z,11.735,12.26,11.48,12.04,1195073
2023-02-01T05:00:00Z,10.875,11.42,10.64,11.34,848756
2023-01-31T05:00:00Z,10.81,10.82,10.58,10.82,609570
2023-01-30T05:00:00Z,10.81,11.22,10.61,10.635,671229
2023-01-27T05:00:00Z,10.8,11.25,10.785,11.015,595416
2023-01-26T05:00:00Z,11.025,11.085,10.57,10.635,615452
2023-01-25T05:00:00Z,10.5,10.89,10.385,10.87,981098
2023-01-24T05:00:00Z,10.57,10.955,10.55,10.695,753548
2023-01-23T05:00:00Z,10.69,10.83,10.54,10.725,526783
2023-01-20T05:00:00Z,10.27,10.62,10.17,10.47,647901
2023-01-19T05:00:00Z,10.14,10.24,9.92,10.12,837879
2023-01-18T05:00:00Z,11.11,11.165,10.345,10.42,992640
2023-01-17T05:00:00Z,10.61,10.935,10.44,10.89,1363244
2023-01-13T05:00:00Z,10.17,10.605,10.17,10.52,1231367
2023-01-12T05:00:00Z,10.05,10.29,9.87,10.28,731061
2023-01-11T05:00:00Z,9.75,9.895,9.66,9.86,602330
2023-01-10T05:00:00Z,9.405,9.71,9.265,9.685,826513
2023-01-09T05:00:00Z,9.28,9.635,9.21,9.46,594869
2023-01-06T05:00:00Z,8.92,9.23,8.84,9.195,597143
2023-01-05T05:00:00Z,8.57,8.99,8.475,8.945,695358
2023-01-04T05:00:00Z,8.16,8.755,7.985,8.74,1208454
2023-01-03T05:00:00Z,8.275,8.305,7.92,7.97,747944
2022-12-30T05:00:00Z,8,8.215,7.935,8.055,514796
2022-12-29T05:00:00Z,7.735,8.095,7.705,8.075,1011597
2022-12-28T05:00:00Z,7.71,7.88,7.635,7.67,513422
2022-12-27T05:00:00Z,7.71,7.89,7.555,7.675,611083
2022-12-23T05:00:00Z,7.88,7.925,7.535,7.81,591064
2022-12-22T05:00:00Z,8.47,8.48,7.63,7.875,1763156
2022-12-21T05:00:00Z,7.88,8.79,7.795,8.48,1838522
2022-12-20T05:00:00Z,7.98,8.27,7.945,8.095,877528
2022-12-19T05:00:00Z,8.47,8.47,8.02,8.095,932553
2022-12-16T05:00:00Z,8.48,8.69,8.35,8.44,719588
2022-12-15T05:00:00Z,8.745,8.94,8.47,8.645,757096
2022-12-14T05:00:00Z,8.87,9.105,8.72,8.925,1027713
2022-12-13T05:00:00Z,9.61,9.65,8.725,8.905,914557
2022-12-12T05:00:00Z,8.75,9.01,8.57,9.01,933205
2022-12-09T05:00:00Z,9.025,9.12,8.855,8.86,346458
2022-12-08T05:00:00Z,9.02,9.24,8.94,9.035,439766
2022-12-07T05:00:00Z,9.215,9.35,8.86,8.885,826734
2022-12-06T05:00:00Z,9.66,9.75,9.17,9.305,724373
2022-12-05T05:00:00Z,9.865,10.26,9.635,9.675,840593
2022-12-02T05:00:00Z,9.71,10.035,9.46,9.99,729490
2022-12-01T05:00:00Z,9.965,10.28,9.905,9.96,907003
2022-11-30T05:00:00Z,9.805,9.94,9.42,9.93,717193
2022-11-29T05:00:00Z,9.37,9.785,9.33,9.745,473841
2022-11-28T05:00:00Z,9.56,9.72,9.275,9.315,397571
2022-11-25T05:00:00Z,9.675,9.915,9.645,9.745,256822
2022-11-23T05:00:00Z,9.52,9.78,9.385,9.725,916983
2022-11-22T05:00:00Z,9.245,9.555,9.18,9.47,398096
2022-11-21T05:00:00Z,9.425,9.525,9.135,9.325,551823
2022-11-18T05:00:00Z,9.705,9.715,9.39,9.47,539289
2022-11-17T05:00:00Z,9.355,9.565,9.15,9.505,732198
2022-11-16T05:00:00Z,9.78,9.82,9.49,9.63,2691906
2022-11-15T05:00:00Z,10.985,11.48,10.965,11.15,1978357
2022-11-14T05:00:00Z,10.43,10.745,10.225,10.595,902284
2022-11-11T05:00:00Z,10.17,10.445,9.77,10.335,1188403
2022-11-10T05:00:00Z,9.13,9.805,9.08,9.785,1331175
2022-11-09T05:00:00Z,8.94,9,8.525,8.55,561308
2022-11-08T05:00:00Z,8.91,9.22,8.84,9.095,923505
2022-11-07T05:00:00Z,9.04,9.04,8.575,8.755,1199753
2022-11-04T04:00:00Z,9.14,9.315,8.84,9,1226102
2022-11-03T04:00:00Z,8.345,9.065,8.25,8.84,1398050
2022-11-02T04:00:00Z,8.95,9.25,8.65,8.675,1144887
2022-11-01T04:00:00Z,9.39,9.48,9.04,9.045,907587
2022-10-31T04:00:00Z,9.05,9.14,8.8,9.05,551306
2022-10-28T04:00:00Z,8.555,8.945,8.495,8.94,1009526
2022-10-27T04:00:00Z,8.825,8.945,8.64,8.655,1003001
2022-10-26T04:00:00Z,8.665,9.12,8.62,8.66,1037517
2022-10-25T04:00:00Z,8.27,8.675,8.215,8.62,798255
2022-10-24T04:00:00Z,8.17,8.26,7.92,8.22,660780
2022-10-21T04:00:00Z,7.85,8.215,7.8,8.185,803164
2022-10-20T04:00:00Z,7.73,8.29,7.73,7.985,705155
2022-10-19T04:00:00Z,8.015,8.14,7.62,7.67,1139140
2022-10-18T04:00:00Z,7.7,8.24,7.685,8.1,2245037
2022-10-17T04:00:00Z,7.4,7.46,7.18,7.265,699925
2022-10-14T04:00:00Z,7.28,7.42,7.015,7.145,1156721
2022-10-13T04:00:00Z,6.99,7.315,6.855,7.095,1336325
2022-10-12T04:00:00Z,6.64,7.385,6.555,7.305,1682245
2022-10-11T04:00:00Z,6.425,6.73,6.115,6.645,900883
2022-10-10T04:00:00Z,6.755,6.81,6.15,6.38,2046661
2022-10-07T04:00:00Z,6.855,6.975,6.57,6.755,1202934
2022-10-06T04:00:00Z,7.395,7.605,6.97,6.975,1249313
2022-10-05T04:00:00Z,7.465,7.57,7.18,7.41,1903763
2022-10-04T04:00:00Z,7.08,7.815,7.08,7.77,2044126
2022-10-03T04:00:00Z,7.175,7.18,6.585,6.845,1737879
2022-09-30T04:00:00Z,8.45,8.5,7.015,7.02,5132919
2022-09-29T04:00:00Z,9.59,9.65,9.025,9.17,1242147
2022-09-28T04:00:00Z,9.19,9.85,9.15,9.82,1060395
2022-09-27T04:00:00Z,9.215,9.55,9.025,9.215,1059585
2022-09-26T04:00:00Z,9.005,9.36,8.885,8.9,956313
2022-09-23T04:00:00Z,9.235,9.32,8.74,8.95,1775924
2022-09-22T04:00:00Z,9.78,9.91,9.405,9.635,1272516
2022-09-21T04:00:00Z,10.325,10.355,9.71,9.72,1352381
2022-09-20T04:00:00Z,10.89,10.985,10.405,10.405,881581
2022-09-19T04:00:00Z,10.685,11.13,10.64,10.785,485864
2022-09-16T04:00:00Z,10.67,10.81,10.46,10.775,751358
2022-09-15T04:00:00Z,10.47,11.18,10.47,10.92,856493
2022-09-14T04:00:00Z,10.13,10.585,9.94,10.575,594946
2022-09-13T04:00:00Z,10.07,10.455,9.97,10.24,703012
2022-09-12T04:00:00Z,10.56,10.77,10.405,10.6,503786
2022-09-09T04:00:00Z,10.24,10.515,10.215,10.41,857378
2022-09-08T04:00:00Z,9.57,10.09,9.56,10.08,669976
2022-09-07T04:00:00Z,9.4,9.865,9.4,9.83,646156
2022-09-06T04:00:00Z,9.58,9.695,9.16,9.44,588754
2022-09-02T04:00:00Z,9.6,9.7,9.275,9.395,495240
2022-09-01T04:00:00Z,9.28,9.36,8.94,9.355,679168
2022-08-31T04:00:00Z,9.93,9.95,9.455,9.46,598022
2022-08-30T04:00:00Z,10.08,10.325,9.575,9.77,569162
2022-08-29T04:00:00Z,9.75,10.04,9.65,9.825,750896
2022-08-26T04:00:00Z,10.61,10.85,9.97,9.975,736124
2022-08-25T04:00:00Z,10.22,10.685,10.22,10.545,792583
2022-08-24T04:00:00Z,9.52,10.12,9.5,10.055,408423
2022-08-23T04:00:00Z,9.52,9.73,9.49,9.535,448893
2022-08-22T04:00:00Z,9.51,9.62,9.36,9.39,537435
2022-08-19T04:00:00Z,10.15,10.21,9.7,9.86,526024
2022-08-18T04:00:00Z,10.565,10.565,10.2,10.46,485623
2022-08-17T04:00:00Z,10.9,10.93,10.4,10.555,543066
2022-08-16T04:00:00Z,10.65,11.375,10.41,11.19,1088508
2022-08-15T04:00:00Z,10.505,10.78,10.42,10.695,506943
2022-08-12T04:00:00Z,10.72,10.78,10.46,10.705,720837
2022-08-11T04:00:00Z,10.835,10.935,10.44,10.54,860929
2022-08-10T04:00:00Z,9.94,10.605,9.855,10.34,1252020
2022-08-09T04:00:00Z,9.67,9.76,9.26,9.47,1061311
2022-08-08T04:00:00Z,10.06,10.49,9.96,10.01,1201824
2022-08-05T04:00:00Z,9.55,10.05,9.485,9.82,650189
2022-08-04T04:00:00Z,9.805,9.93,9.6,9.74,1236001
2022-08-03T04:00:00Z,9.5,9.81,9.475,9.785,912209
2022-08-02T04:00:00Z,8.75,9.635,8.68,9.35,841260
2022-08-01T04:00:00Z,8.83,8.975,8.575,8.92,939616
2022-07-29T04:00:00Z,9.02,9.17,8.775,9.04,951143
2022-07-28T04:00:00Z,8.95,9.37,8.58,9.1,925845
2022-07-27T04:00:00Z,8.8,8.89,8.47,8.84,1788944
2022-07-26T04:00:00Z,9.095,9.095,8.48,8.49,1431929
2022-07-25T04:00:00Z,9.21,9.285,8.845,9.17,1807099
2022-07-22T04:00:00Z,9.9,9.985,9.15,9.26,2649157
2022-07-21T04:00:00Z,9.67,9.9,9.42,9.84,3375460
2022-07-20T04:00:00Z,10.34,11.1,10.29,11.08,1032103
2022-07-19T04:00:00Z,9.995,10.41,9.995,10.36,1282306
2022-07-18T04:00:00Z,9.45,10.115,9.45,9.65,1759861
2022-07-15T04:00:00Z,8.9,9.185,8.72,9.175,815260
2022-07-14T04:00:00Z,8.83,8.995,8.655,8.715,569012
2022-07-13T04:00:00Z,8.73,9.13,8.67,9,761410
2022-07-12T04:00:00Z,8.48,9.265,8.435,9.13,1300447
2022-07-11T04:00:00Z,8.93,8.94,8.46,8.48,681584
2022-07-08T04:00:00Z,9.24,9.425,8.94,9.01,609492
2022-07-07T04:00:00Z,8.99,9.44,8.96,9.33,822737
2022-07-06T04:00:00Z,9.24,9.505,8.705,8.74,1024212
2022-07-05T04:00:00Z,8.5,9.4,8.15,9.38,1753838
2022-07-01T04:00:00Z,8.6,8.95,8.55,8.82,1034050
2022-06-30T04:00:00Z,8.64,8.805,8.105,8.635,1394386
2022-06-29T04:00:00Z,9.48,9.59,8.66,8.865,1860135
2022-06-28T04:00:00Z,10.49,11.05,10.31,10.325,648463
2022-06-27T04:00:00Z,10.745,10.8,10.19,10.57,999090
2022-06-24T04:00:00Z,9.74,10.88,9.495,10.87,2053059
2022-06-23T04:00:00Z,9.625,9.735,9.23,9.65,925797
2022-06-22T04:00:00Z,9.35,9.83,9.3,9.61,636345
2022-06-21T04:00:00Z,9.61,9.785,9.43,9.57,894191
2022-06-17T04:00:00Z,8.905,9.635,8.75,9.6,866187
2022-06-16T04:00:00Z,9.43,9.47,8.705,8.745,2235778
2022-06-15T04:00:00Z,9.58,10.015,9.51,9.84,1083047
2022-06-14T04:00:00Z,10.01,10.165,9.415,9.52,1526638
2022-06-13T04:00:00Z,10.515,10.515,9.77,9.905,1780362
2022-06-10T04:00:00Z,11.48,12.05,11.04,11.055,1199744
2022-06-09T04:00:00Z,12.81,12.84,11.735,11.735,1678712
2022-06-08T04:00:00Z,13.355,13.55,12.925,12.93,1016723
2022-06-07T04:00:00Z,13.31,13.805,13.22,13.78,571426
2022-06-06T04:00:00Z,13.66,13.795,13.34,13.61,522823
2022-06-03T04:00:00Z,13.65,13.84,13.34,13.51,614742
2022-06-02T04:00:00Z,13.495,14.06,13.395,14.06,593820
2022-06-01T04:00:00Z,14.04,14.18,13.15,13.47,957077
2022-05-31T04:00:00Z,13.87,14.16,13.725,13.89,761427
2022-05-27T04:00:00Z,13.35,13.97,13.35,13.97,706816
2022-05-26T04:00:00Z,12.3,13.465,12.3,13.21,801053
2022-05-25T04:00:00Z,11.635,12.305,11.625,12.18,1017636
2022-05-24T04:00:00Z,12.81,12.85,11.56,11.755,2321954
2022-05-23T04:00:00Z,13.12,13.185,12.545,13.11,651785
2022-05-20T04:00:00Z,13.815,13.96,12.695,13.14,995498
2022-05-19T04:00:00Z,13.67,13.94,13.49,13.575,1485213
2022-05-18T04:00:00Z,14.62,14.81,13.705,13.835,801849
2022-05-17T04:00:00Z,14.545,14.955,14.325,14.88,597062
2022-05-16T04:00:00Z,14.27,14.52,14.04,14.08,855233
2022-05-13T04:00:00Z,13.6,14.495,13.595,14.29,791343
2022-05-12T04:00:00Z,13.27,13.855,12.735,13.26,1193909
2022-05-11T04:00:00Z,14.2,14.715,13.52,13.56,970848
2022-05-10T04:00:00Z,14.81,15.01,13.82,14.19,893200
2022-05-09T04:00:00Z,15.57,15.59,14.05,14.14,1515780
2022-05-06T04:00:00Z,16.44,16.56,15.6,15.91,884879
2022-05-05T04:00:00Z,17.305,17.53,16.36,16.54,916316
2022-05-04T04:00:00Z,17.38,17.73,16.69,17.73,851107
2022-05-03T04:00:00Z,17.64,17.82,17.13,17.5,526709
2022-05-02T04:00:00Z,17.28,17.47,16.735,17.36,992053
2022-04-29T04:00:00Z,17.76,18.195,17.245,17.3,448000
2022-04-28T04:00:00Z,17.72,18,17.125,17.8,797066
2022-04-27T04:00:00Z,17.52,17.895,17.155,17.41,625933
2022-04-26T04:00:00Z,18.81,18.86,17.435,17.47,1049145
2022-04-25T04:00:00Z,18.74,18.89,18.35,18.88,486442
2022-04-22T04:00:00Z,19.49,19.66,18.75,18.83,483560
2022-04-21T04:00:00Z,20.47,20.62,19.39,19.5,590078
2022-04-20T04:00:00Z,20.02,20.32,19.62,19.62,421490
2022-04-19T04:00:00Z,19.13,20.075,19.12,19.91,569157
2022-04-18T04:00:00Z,19.335,19.58,18.98,19.05,373858
2022-04-14T04:00:00Z,19.71,20.08,19.47,19.57,479201
2022-04-13T04:00:00Z,18.79,19.635,18.79,19.51,919602
2022-04-12T04:00:00Z,18.725,18.94,18.355,18.515,625025
2022-04-11T04:00:00Z,18.11,19.01,18,18.55,537597
2022-04-08T04:00:00Z,18.58,18.73,18.045,18.35,678777
2022-04-07T04:00:00Z,18.81,18.92,18.065,18.75,1125693
2022-04-06T04:00:00Z,19.86,19.86,18.865,18.94,1054422
2022-04-05T04:00:00Z,20.69,21.49,20.145,20.23,1065261
2022-04-04T04:00:00Z,19.895,19.91,19.35,19.735,617773
2022-04-01T04:00:00Z,20.36,20.46,19.69,20.05,620297
2022-03-31T04:00:00Z,19.65,20.535,19.51,20.22,1012958
2022-03-30T04:00:00Z,19.61,19.91,19.455,19.6,521065
2022-03-29T04:00:00Z,19.97,20.395,19.675,19.94,871024
2022-03-28T04:00:00Z,18.68,19.42,18.53,19.41,587057
2022-03-25T04:00:00Z,18.455,18.74,18.24,18.39,497110
2022-03-24T04:00:00Z,18.27,18.52,17.83,18.49,519843
2022-03-23T04:00:00Z,18.73,18.88,18.24,18.275,432343
2022-03-22T04:00:00Z,18.67,19.3,18.39,18.93,716576
2022-03-21T04:00:00Z,19.185,19.185,18.59,18.95,727344
2022-03-18T04:00:00Z,18.77,19.54,18.68,19.46,674530
2022-03-17T04:00:00Z,18.74,19.15,18.22,19.15,652203
2022-03-16T04:00:00Z,18.29,19.43,18.1,19.33,1545533
2022-03-15T04:00:00Z,17.43,18.17,17.39,18.04,897290
2022-03-14T04:00:00Z,17.3,17.86,16.85,17.12,879427
2022-03-11T05:00:00Z,17.9,17.995,17.18,17.21,525430
2022-03-10T05:00:00Z,16.8,18.22,16.74,17.65,743588
2022-03-09T05:00:00Z,16.9,17.78,16.85,17.27,1525143
2022-03-07T05:00:00Z,17.24,17.46,15.52,15.52,1455791
2022-03-04T05:00:00Z,17.78,18.065,17.025,17.235,1452687
2022-03-03T05:00:00Z,19.29,19.7,18.115,18.275,941725
2022-03-02T05:00:00Z,19.14,19.58,18.695,19.01,818194
2022-03-01T05:00:00Z,19.97,20.01,18.62,18.87,1222960
2022-02-28T05:00:00Z,20.61,20.78,19.83,20.33,1205881
2022-02-25T05:00:00Z,20.76,21.385,20.3,21.09,568206
2022-02-24T05:00:00Z,18.77,20.7,18.65,20.62,1023019
2022-02-23T05:00:00Z,21.82,22,20.19,20.2,654855
2022-02-22T05:00:00Z,21.55,22.17,21.35,21.51,512137
2022-02-18T05:00:00Z,22.41,22.75,21.96,22.18,675000
2022-02-17T05:00:00Z,22.95,23.175,22.275,22.425,510191
2022-02-16T05:00:00Z,22.68,23.635,22.63,23.31,903361
2022-02-15T05:00:00Z,22.175,22.86,22.08,22.77,807059
2022-02-14T05:00:00Z,21.99,22.52,21.275,21.34,649529
2022-02-11T05:00:00Z,23.18,23.63,21.99,22.04,965026
2022-02-10T05:00:00Z,22.83,23.85,22.6,23.12,1080659
2022-02-09T05:00:00Z,22.9,23.34,22.77,23.18,952012
2022-02-08T05:00:00Z,21.74,22.575,21.48,22.545,1135643
2022-02-07T05:00:00Z,20.14,21.74,20.14,21.52,934322
2022-02-04T05:00:00Z,20.02,20.23,19.575,19.95,800584
2022-02-03T05:00:00Z,20.52,20.95,20.33,20.33,452263
2022-02-02T05:00:00Z,20.7,21.23,20.435,20.85,437884
2022-02-01T05:00:00Z,19.96,21.06,19.915,20.92,746334
2022-01-31T05:00:00Z,18.73,19.86,18.15,19.8,1178726
2022-01-28T05:00:00Z,19.13,19.28,18.295,18.975,1487358
2022-01-27T05:00:00Z,20.45,20.7,18.94,19.1,876066
2022-01-26T05:00:00Z,20.57,21.09,20.05,20.315,720149
2022-01-25T05:00:00Z,19.26,20.395,19.09,20.21,783314
2022-01-24T05:00:00Z,19.09,19.52,18.58,19.045,355129
2022-01-21T05:00:00Z,20.68,20.68,19.78,20,905399
2022-01-20T05:00:00Z,21.25,21.97,20.74,20.79,472366
2022-01-19T05:00:00Z,21.93,21.95,21.18,21.22,529744
2022-01-18T05:00:00Z,22.52,22.735,21.915,21.98,504935
2022-01-14T05:00:00Z,22.66,22.95,22.27,22.94,440957
2022-01-13T05:00:00Z,22.42,23.3,22.375,22.91,764831
2022-01-12T05:00:00Z,22.195,22.46,21.805,22.3,594050
2022-01-11T05:00:00Z,21.39,22.22,21.12,21.985,576771
2022-01-10T05:00:00Z,22.04,22.11,20.97,21.41,586060
2022-01-07T05:00:00Z,21.38,22.29,21.14,21.91,594640
2022-01-06T05:00:00Z,21.56,21.98,21.025,21.08,445945
2022-01-05T05:00:00Z,21.82,22.13,21.06,21.17,516938
2022-01-04T05:00:00Z,22.03,22.37,21.51,21.735,542301
2022-01-03T05:00:00Z,20.49,21.73,20.445,21.415,643407
2021-12-31T05:00:00Z,20.51,20.77,20.03,20.135,405693
2021-12-30T05:00:00Z,20.76,21.505,20.285,20.53,858488
2021-12-29T05:00:00Z,20.595,20.89,20.29,20.8,432702
2021-12-28T05:00:00Z,20.59,21.8,20.53,20.905,464575
2021-12-27T05:00:00Z,20.34,21.13,20.035,20.97,518927
2021-12-23T05:00:00Z,21.52,21.76,20.885,21.19,1013777
2021-12-22T05:00:00Z,20.545,21.5,20.04,21.26,908832
2021-12-21T05:00:00Z,19.33,20.72,19.3,20.54,895868
2021-12-20T05:00:00Z,17.65,19.285,17.63,18.9,1287221
2021-12-17T05:00:00Z,17.62,18.47,17.41,18.285,1017251
2021-12-16T05:00:00Z,18.05,18.25,17.46,17.56,819410
2021-12-15T05:00:00Z,17.975,18.07,17.245,17.9,719858
2021-12-14T05:00:00Z,18.01,18.82,18.01,18.13,646824
2021-12-13T05:00:00Z,18.69,18.83,17.92,18.35,1015049
2021-12-10T05:00:00Z,19.19,19.35,18.68,19.27,548900
2021-12-09T05:00:00Z,19.01,19.6,18.9,19.21,570258
2021-12-08T05:00:00Z,18.71,20.04,18.54,19.515,1119087
2021-12-07T05:00:00Z,18.99,19.27,18.325,18.505,864697
2021-12-06T05:00:00Z,17.54,19.185,17.415,18.595,1321059
2021-12-03T05:00:00Z,17.72,17.795,16.84,17.205,885306
2021-12-02T05:00:00Z,16.74,17.985,16.38,17.9,1280086
2021-12-01T05:00:00Z,18.15,18.485,16.34,16.38,1445832
2021-11-30T05:00:00Z,17.76,17.89,17.11,17.61,1459880
2021-11-29T05:00:00Z,18.85,19.235,17.7,18.155,835167
2021-11-26T05:00:00Z,18.06,18.27,17.2,17.94,1345338
2021-11-24T05:00:00Z,19.97,20.645,19.765,20.15,622061
2021-11-23T05:00:00Z,20.57,20.805,20.015,20.14,353454
2021-11-22T05:00:00Z,20.43,20.905,20.15,20.33,501928
2021-11-19T05:00:00Z,20.32,20.875,19.86,20.48,891302
2021-11-18T05:00:00Z,21.49,21.57,20.58,20.95,529044
2021-11-17T05:00:00Z,21.6,21.84,20.99,21.325,573357
2021-11-16T05:00:00Z,22.07,22.07,21.335,21.595,858957
2021-11-15T05:00:00Z,22.5,22.72,22.145,22.285,379707
2021-11-12T05:00:00Z,22.87,22.9,22.06,22.36,583456
2021-11-11T05:00:00Z,23.34,23.62,22.975,23.02,323214
2021-11-10T05:00:00Z,23.73,24.33,23.32,23.5,422353
2021-11-09T05:00:00Z,24.47,24.505,23.715,24.18,527348
2021-11-08T05:00:00Z,24.91,25.06,24.45,24.59,711970
2021-11-05T04:00:00Z,24.47,25.285,24.105,24.79,1095709
2021-11-04T04:00:00Z,23.29,23.46,22.735,22.88,353471
2021-11-03T04:00:00Z,22.66,23.325,22.59,23.16,415603
2021-11-02T04:00:00Z,22.96,23.065,22.56,22.91,262716
2021-11-01T04:00:00Z,22.34,23.095,22.02,23.07,443771
2021-10-29T04:00:00Z,21.9,22.455,21.78,22.165,589791
2021-10-28T04:00:00Z,21.64,22.075,21.32,21.97,464022
2021-10-27T04:00:00Z,21.86,21.98,21.615,21.64,405761
2021-10-26T04:00:00Z,22.18,22.45,21.66,21.82,398792
2021-10-22T04:00:00Z,22.2,22.335,21.85,22.295,483207
2021-10-21T04:00:00Z,22.51,22.89,22.22,22.34,337299
2021-10-20T04:00:00Z,22.36,22.76,22.14,22.45,327493
2021-10-19T04:00:00Z,23.06,23.06,22.27,22.35,930424
2021-10-18T04:00:00Z,23.455,23.58,22.825,23.125,701503
2021-10-15T04:00:00Z,24.08,24.39,23.63,23.66,437793
2021-10-14T04:00:00Z,23.9,23.99,23.575,23.73,315311
2021-10-13T04:00:00Z,24.38,24.39,23.62,23.66,418123
2021-10-12T04:00:00Z,23.92,24.36,23.83,24.325,427304
2021-10-11T04:00:00Z,23.72,24.43,23.435,23.89,399279
2021-10-08T04:00:00Z,24.58,24.685,23.765,23.82,450443
2021-10-07T04:00:00Z,25.23,25.25,24.405,24.5,405041
2021-10-06T04:00:00Z,24.93,25.14,24.37,24.91,447781
2021-10-05T04:00:00Z,25.52,26.005,25.29,25.42,408567
2021-10-04T04:00:00Z,26.17,26.41,25.235,25.34,569792
2021-10-01T04:00:00Z,26.07,26.55,25.68,26.09,656071
2021-09-30T04:00:00Z,25.47,25.47,24.745,25,523061
2021-09-29T04:00:00Z,26.44,26.45,25.48,25.53,452161
2021-09-28T04:00:00Z,26.395,26.98,26.11,26.17,600929
2021-09-27T04:00:00Z,25.96,27.39,25.94,26.39,939740
2021-09-24T04:00:00Z,24.84,25.95,24.605,25.455,816302
2021-09-23T04:00:00Z,24,25.055,23.905,24.705,820904
2021-09-22T04:00:00Z,23.23,23.92,23.23,23.605,472637
2021-09-21T04:00:00Z,23.44,23.67,22.88,22.965,497004
2021-09-20T04:00:00Z,23.2,23.38,22.625,23.24,486320
2021-09-17T04:00:00Z,23.21,23.84,23.175,23.55,644731
2021-09-16T04:00:00Z,23.015,23.425,22.92,23.1,327917
2021-09-15T04:00:00Z,22.73,23.18,22.4,23.16,243307
2021-09-14T04:00:00Z,23.01,23.485,22.71,22.865,381989
2021-09-13T04:00:00Z,23.03,23.48,22.26,23.31,386289
2021-09-10T04:00:00Z,23.385,23.45,22.73,22.745,460476
2021-09-09T04:00:00Z,22.69,23.71,22.63,23.28,373036
2021-09-08T04:00:00Z,23.59,23.81,22.76,22.79,482721
2021-09-07T04:00:00Z,22.73,23.59,22.57,23.56,462541
2021-09-03T04:00:00Z,23.82,24.135,22.64,22.97,648230
2021-09-02T04:00:00Z,23.55,24.46,23.13,24.02,447243
2021-09-01T04:00:00Z,24.245,24.405,23.325,23.505,342875
2021-08-31T04:00:00Z,23.53,24.185,23.53,24.14,381821
2021-08-30T04:00:00Z,24.58,24.58,23.605,23.645,440962
2021-08-27T04:00:00Z,23.65,24.57,23.555,24.34,414981
2021-08-26T04:00:00Z,23.815,24.31,23.25,23.47,362113
2021-08-25T04:00:00Z,24.01,24.315,23.44,24.11,543894
2021-08-24T04:00:00Z,23.24,24.065,23.24,23.84,495825
2021-08-23T04:00:00Z,22.285,22.99,22.24,22.83,340551
2021-08-20T04:00:00Z,21.5,22.02,21.335,21.95,301937
2021-08-19T04:00:00Z,22.03,22.27,21.34,21.65,390740
2021-08-18T04:00:00Z,21.97,22.97,21.695,22.49,402265
2021-08-17T04:00:00Z,22.22,22.48,21.665,22.04,536796
2021-08-16T04:00:00Z,22.47,22.92,21.945,22.78,360683
2021-08-13T04:00:00Z,23.3,23.35,22.745,22.86,332029
2021-08-12T04:00:00Z,23.72,23.875,22.97,23.36,415641
2021-08-11T04:00:00Z,23.56,24,23.07,23.98,391471
2021-08-10T04:00:00Z,22.73,23.84,22.73,23.635,476211
2021-08-09T04:00:00Z,22.86,22.86,21.995,22.7,337404
2021-08-06T04:00:00Z,22.9,23.09,22.43,23.08,424611
2021-08-05T04:00:00Z,21.16,22.65,21.15,22.545,501364
2021-08-04T04:00:00Z,20.94,21.68,20.835,21.045,407920
2021-08-03T04:00:00Z,21.57,21.58,20.525,21.425,535464
2021-08-02T04:00:00Z,21.805,22.54,21.36,21.47,442430
2021-07-30T04:00:00Z,22.17,22.67,21.495,21.66,523402
2021-07-29T04:00:00Z,23.05,23.335,22.7,22.72,365182
2021-07-28T04:00:00Z,23.19,23.365,22.2,22.83,401168
2021-07-27T04:00:00Z,22.96,23.31,22.49,22.8,450513
2021-07-26T04:00:00Z,21.77,23.2,21.72,23.16,940414
2021-07-23T04:00:00Z,22.685,22.78,21.895,21.96,627337
2021-07-22T04:00:00Z,22.8,22.875,22.19,22.7,679877
2021-07-21T04:00:00Z,21.74,23.355,21.72,23.19,1098427
2021-07-20T04:00:00Z,19.88,21.375,19.62,21.18,1275017
2021-07-19T04:00:00Z,19.74,20.29,19.19,19.7,1247242
2021-07-16T04:00:00Z,22.25,22.345,20.8,20.915,612451
2021-07-15T04:00:00Z,22.28,22.45,21.37,21.955,1050836
2021-07-14T04:00:00Z,23.02,23.34,22.48,22.575,494915
2021-07-13T04:00:00Z,23.53,23.55,22.82,22.86,538361
2021-07-12T04:00:00Z,23.98,24,23.57,23.87,377070
2021-07-09T04:00:00Z,24.08,24.335,23.625,24.255,386847
2021-07-08T04:00:00Z,23.14,24.15,22.84,23.73,668623
2021-07-07T04:00:00Z,24.81,25.28,23.88,24.09,628236
2021-07-06T04:00:00Z,26.04,26.255,24.93,25.015,452111
2021-07-02T04:00:00Z,26.29,26.29,25.705,26.07,330909
2021-07-01T04:00:00Z,26.56,26.84,26.12,26.355,284349
2021-06-30T04:00:00Z,25.74,26.47,25.71,26.35,462698
2021-06-29T04:00:00Z,26.075,26.49,25.76,25.77,461428
2021-06-28T04:00:00Z,27.37,27.51,26,26.15,1145934
2021-06-25T04:00:00Z,27.54,28.23,27.54,28.13,359636
2021-06-24T04:00:00Z,28.13,28.535,27.39,27.47,781984
2021-06-23T04:00:00Z,28.04,28.485,28.025,28.14,415722
2021-06-22T04:00:00Z,28.65,28.66,27.8,28.06,454235
2021-06-21T04:00:00Z,28.325,28.695,27.915,28.68,590341
2021-06-18T04:00:00Z,28.09,28.515,27.725,28.19,523845
2021-06-17T04:00:00Z,29.29,29.68,28.41,28.42,606538
2021-06-16T04:00:00Z,28.91,29.465,28.69,29.275,687525
2021-06-15T04:00:00Z,28.8,29.375,28.415,28.615,463102
2021-06-14T04:00:00Z,29.89,29.97,28.64,28.75,493572
2021-06-11T04:00:00Z,29.5,30.03,29.3,29.93,332942
2021-06-10T04:00:00Z,30.645,30.75,29.42,29.835,481676
2021-06-09T04:00:00Z,31.24,31.33,30.43,30.43,306290
2021-06-08T04:00:00Z,31.11,31.5,30.62,31.07,382820
2021-06-07T04:00:00Z,30.75,31.455,30.68,30.905,405257
2021-06-04T04:00:00Z,30.9,31.1,30.255,30.545,350546
2021-06-03T04:00:00Z,31.22,31.22,30.36,30.685,398624
2021-06-02T04:00:00Z,30.23,31.5,29.93,31.32,781855
2021-06-01T04:00:00Z,30.19,30.73,29.92,30.145,715486
2021-05-28T04:00:00Z,29.96,30.06,29.42,29.565,489625
2021-05-27T04:00:00Z,29.55,30,29.22,29.99,514357
2021-05-26T04:00:00Z,28.84,29.41,28.635,29.37,358306
2021-05-25T04:00:00Z,28.27,29.365,28.265,28.59,610631
2021-05-24T04:00:00Z,27.4,28.15,26.91,27.9,392620
2021-05-21T04:00:00Z,27.89,28.03,27.16,27.17,290889
2021-05-20T04:00:00Z,27.65,27.65,26.985,27.53,362139
2021-05-19T04:00:00Z,26.91,27.79,26.74,27.69,399754
2021-05-18T04:00:00Z,27.725,28.61,27.45,28,461226
2021-05-17T04:00:00Z,27.16,27.6,26.795,27.53,603179
2021-05-14T04:00:00Z,25.57,27.26,25.51,27.21,682191
2021-05-13T04:00:00Z,24.93,25.59,24.305,25.12,476099
2021-05-12T04:00:00Z,25.46,25.84,24.685,24.78,430830
2021-05-11T04:00:00Z,25.35,26.11,25.1,25.885,657118
2021-05-10T04:00:00Z,26.78,26.82,26.23,26.26,333726
2021-05-07T04:00:00Z,26.005,26.85,25.89,26.77,406215
2021-05-06T04:00:00Z,26.475,26.81,25.52,25.96,525572
2021-05-05T04:00:00Z,26.8,27.3,26.38,26.505,531462
2021-05-04T04:00:00Z,27.45,27.55,26.21,26.66,831767
2021-05-03T04:00:00Z,28.025,28.35,27.57,27.94,355449
2021-04-30T04:00:00Z,26.91,28.01,26.87,27.96,336069
2021-04-29T04:00:00Z,28.795,29.12,27.13,27.22,592458
2021-04-28T04:00:00Z,27.76,28.23,27.575,27.79,300908
2021-04-27T04:00:00Z,27.62,27.87,27.14,27.8,299622
2021-04-26T04:00:00Z,27.83,28.47,27.41,27.54,377954
2021-04-23T04:00:00Z,27,27.4,26.6,27.265,340551
2021-04-22T04:00:00Z,26.99,27.9,26.78,26.92,436975
2021-04-21T04:00:00Z,25.69,27.33,25.25,27.33,458099
2021-04-20T04:00:00Z,26.47,26.47,25.14,25.73,569714
2021-04-16T04:00:00Z,27.52,27.75,26.825,27.03,372943
2021-04-15T04:00:00Z,28.17,28.17,27.12,27.32,405057
2021-04-14T04:00:00Z,28.035,28.74,27.85,27.95,520028
2021-04-13T04:00:00Z,27.11,27.93,26.735,27.82,358311
2021-04-12T04:00:00Z,28.91,29.07,27.48,27.74,728725
2021-04-09T04:00:00Z,28.72,29.57,28.5,29.29,630761
2021-04-08T04:00:00Z,29.11,29.11,27.87,28.57,543704
2021-04-07T04:00:00Z,29.42,30.62,28.875,29.02,1225456
2021-04-06T04:00:00Z,28.19,29.08,27.86,28.59,690895
2021-04-05T04:00:00Z,27.82,28.73,27.7,28.1,714765
2021-04-01T04:00:00Z,26.98,27.1,26.55,26.86,435959
2021-03-31T04:00:00Z,26.54,26.79,25.91,26.55,383742
2021-03-30T04:00:00Z,25.73,26.83,25.69,26.66,394069
2021-03-29T04:00:00Z,26.01,26.13,25.25,25.62,359124
2021-03-26T04:00:00Z,26.24,26.49,25.23,26.04,510484
2021-03-25T04:00:00Z,23.9,26.02,23.72,25.85,748302
2021-03-24T04:00:00Z,26.27,27.34,24.16,24.85,1330978
2021-03-23T04:00:00Z,27.01,27.31,25.18,25.33,960697
2021-03-22T04:00:00Z,28.34,28.45,27.36,27.47,650695
2021-03-19T04:00:00Z,28.5,29,27.14,28.945,697173
2021-03-18T04:00:00Z,29.49,29.74,28.03,28.27,974401
2021-03-17T04:00:00Z,28.14,28.94,27.82,28.92,556399
2021-03-16T04:00:00Z,29.94,29.955,27.855,28.25,1241768
2021-03-15T04:00:00Z,28.975,30.11,28.9,29.78,1032350
2021-03-12T05:00:00Z,27.39,28.5,27.305,28.455,582382
2021-03-11T05:00:00Z,26.885,27.76,26.5,27.475,919243
2021-03-10T05:00:00Z,27.46,28.39,26.68,26.695,1714614
2021-03-09T05:00:00Z,26.92,27.84,25.8,27.61,705684
2021-03-08T05:00:00Z,27.04,27.26,25.8,26.685,710721
2021-03-05T05:00:00Z,27.11,27.11,23.265,26.085,1294331
2021-03-04T05:00:00Z,29.09,29.42,26.235,27.4,1359322
2021-03-03T05:00:00Z,28.38,29.59,28.24,28.67,1416023
2021-03-02T05:00:00Z,26.91,27.84,26.56,27.555,703790
2021-03-01T05:00:00Z,27.59,27.905,26.025,26.31,1161413
2021-02-26T05:00:00Z,25.845,26.86,25.28,26.77,873675
2021-02-25T05:00:00Z,27.91,28.225,25.07,25.47,1358857
2021-02-24T05:00:00Z,27.08,28.175,26.75,27.03,2158107
2021-02-23T05:00:00Z,25.08,26.72,23.48,26.46,2363241
2021-02-22T05:00:00Z,25.17,27.31,24.665,25.955,1573503
2021-02-19T05:00:00Z,23.62,24.715,23.49,24.59,1925989
2021-02-18T05:00:00Z,22.95,23.14,22.39,22.89,428368
2021-02-17T05:00:00Z,22.22,24.05,21.89,23.21,1137490
2021-02-16T05:00:00Z,21.15,22.56,20.985,22.46,978647
2021-02-12T05:00:00Z,20.1,20.82,20.05,20.605,349490
2021-02-11T05:00:00Z,20.86,21.12,20.47,20.72,506820
2021-02-10T05:00:00Z,21.13,21.64,20.87,20.93,659465
2021-02-09T05:00:00Z,21.345,21.35,20.68,21.055,518975
2021-02-08T05:00:00Z,21.57,21.81,21.27,21.61,419460
2021-02-05T05:00:00Z,21.38,21.74,21.135,21.31,458791
2021-02-04T05:00:00Z,20.98,21.32,20.67,21.06,604544
2021-02-03T05:00:00Z,19.6,20.49,19.45,20.45,549835
2021-02-02T05:00:00Z,19.22,19.6,18.98,19.445,505770
2021-02-01T05:00:00Z,18.99,19.13,18.415,18.795,497622
2021-01-29T05:00:00Z,19.68,19.81,18.39,18.665,879808
2021-01-28T05:00:00Z,20.11,20.665,19.66,19.75,912708
2021-01-27T05:00:00Z,18.4,19.405,17.97,18.99,1375941
2021-01-26T05:00:00Z,19.36,19.495,18.625,18.745,722698
2021-01-25T05:00:00Z,19.76,19.76,18.74,19.22,807459
2021-01-22T05:00:00Z,20.33,20.4,20.05,20.22,238527
2021-01-21T05:00:00Z,20.77,20.88,20.325,20.755,376007
2021-01-20T05:00:00Z,21.02,21.185,20.595,20.78,505151
2021-01-19T05:00:00Z,21.045,21.25,20.625,20.86,355615
2021-01-15T05:00:00Z,20.79,21.39,20.57,20.79,642282
2021-01-14T05:00:00Z,20.5,21.545,20.49,20.925,822949
2021-01-13T05:00:00Z,19.84,20.2,19.71,20.11,448249
2021-01-12T05:00:00Z,20.02,20.14,19.615,20.13,434292
2021-01-11T05:00:00Z,20.11,20.44,19.65,20.135,767168
2021-01-08T05:00:00Z,20.905,21.015,20.185,20.465,654499
2021-01-07T05:00:00Z,20.48,21.275,20.48,20.77,508741
2021-01-06T05:00:00Z,20.54,20.91,20.165,20.42,513326
2021-01-05T05:00:00Z,20.19,20.835,20.16,20.605,452584
2021-01-04T05:00:00Z,21.61,21.68,20.04,20.375,638597
2020-12-31T05:00:00Z,21.56,21.785,20.905,21.66,314552
2020-12-30T05:00:00Z,21.53,22.09,21.4,21.79,301899
2020-12-29T05:00:00Z,22.15,22.26,21.36,21.43,419612
2020-12-28T05:00:00Z,21.33,22.045,21.025,21.7,300084
2020-12-24T05:00:00Z,20.89,21.03,20.43,20.86,216298
2020-12-23T05:00:00Z,20.12,21.075,20.07,20.95,298044
2020-12-22T05:00:00Z,21.085,21.25,19.75,19.81,652381
2020-12-21T05:00:00Z,20.18,21.29,20.06,21.07,588566
2020-12-18T05:00:00Z,21.62,21.98,21.005,21.46,567359
2020-12-17T05:00:00Z,21.89,21.895,21.33,21.61,282827
2020-12-16T05:00:00Z,21.57,22.195,21.32,21.74,444087
2020-12-15T05:00:00Z,21.14,21.695,19.965,21.535,664952
2020-12-14T05:00:00Z,22.31,22.74,20.93,20.93,1092314
2020-12-11T05:00:00Z,22.64,22.82,21.28,21.34,819010
2020-12-10T05:00:00Z,22.245,23.07,22.17,22.315,976128
2020-12-09T05:00:00Z,24,24.38,21.98,22.7,826553
2020-12-08T05:00:00Z,23,23.89,22.97,23.605,537211
2020-12-07T05:00:00Z,23.39,23.44,22.7,23.2,451159
2020-12-04T05:00:00Z,23.52,23.7,22.6,23.47,683603
2020-12-03T05:00:00Z,21.455,23.485,21.38,22.89,982130
2020-12-02T05:00:00Z,19.76,21.265,19.25,21.13,927391
2020-12-01T05:00:00Z,20.95,20.95,20.05,20.155,1074098
2020-11-30T05:00:00Z,21.77,21.77,19.845,19.975,1789990
2020-11-27T05:00:00Z,21,22.245,20.86,21.59,839167
2020-11-25T05:00:00Z,20.42,20.9,19.935,20.66,668124
2020-11-24T05:00:00Z,19.4,20.425,19.07,20.24,1136856
2020-11-23T05:00:00Z,17.87,18.355,17.63,18.18,1019441
2020-11-20T05:00:00Z,18.15,18.27,17.33,17.375,1364538
2020-11-19T05:00:00Z,17.61,18.24,17.48,18.185,593704
2020-11-18T05:00:00Z,17.54,18.29,17.44,17.595,1364217
2020-11-17T05:00:00Z,17.19,18.575,16.945,18.06,1161871
2020-11-16T05:00:00Z,17.46,17.995,16.95,17.585,1677748
2020-11-13T05:00:00Z,15.14,16.195,14.985,16.02,4240272
2020-11-12T05:00:00Z,15.64,15.85,14.88,14.935,2429209
2020-11-11T05:00:00Z,16.905,16.98,16.085,16.21,1570505
2020-11-10T05:00:00Z,18.52,18.65,16.4,16.71,4099844
2020-11-09T05:00:00Z,18.49,19.85,17.71,19.235,4196624
2020-11-06T05:00:00Z,13.91,14.135,13.66,13.83,300489
2020-11-05T05:00:00Z,13.51,14.23,13.485,14.17,378216
2020-11-04T05:00:00Z,13.63,13.86,13.27,13.335,548097
2020-11-03T05:00:00Z,13.56,13.97,13.47,13.72,486188
2020-11-02T05:00:00Z,13.44,13.635,12.945,13.55,475921
2020-10-30T04:00:00Z,12.78,14.47,12.62,13.685,1601349
2020-10-29T04:00:00Z,12.335,13.085,12.12,12.98,480658
2020-10-28T04:00:00Z,13.23,13.255,12.295,12.3,1125459
2020-10-27T04:00:00Z,14.005,14.165,13.735,13.75,350228
2020-10-26T04:00:00Z,14.76,14.81,13.825,14.025,928273
2020-10-23T04:00:00Z,15.21,15.485,15.035,15.365,420736
2020-10-22T04:00:00Z,14.525,15.24,14.475,15.175,538808
2020-10-21T04:00:00Z,14.59,14.625,14.315,14.475,303152
2020-10-20T04:00:00Z,14.39,14.7,14.245,14.61,393499
2020-10-19T04:00:00Z,14.24,14.495,14,14.145,431402
2020-10-16T04:00:00Z,14.07,14.325,13.71,14.09,784619
2020-10-15T04:00:00Z,13.7,14.04,13.62,14.005,505841
2020-10-14T04:00:00Z,14.26,14.42,13.91,13.98,561937
2020-10-13T04:00:00Z,14.7,14.81,13.985,14.03,1169688
2020-10-12T04:00:00Z,15.42,15.51,15.2,15.21,452878
2020-10-09T04:00:00Z,15.72,16.05,15.545,15.7,594902
2020-10-08T04:00:00Z,16.16,16.16,15.375,15.6,1004019
2020-10-07T04:00:00Z,15.47,16.04,15.3,15.995,670120
2020-10-06T04:00:00Z,15.25,15.96,15.13,15.19,754347
2020-10-05T04:00:00Z,15.16,15.23,14.805,14.97,465859
2020-10-02T04:00:00Z,14.26,15.215,14.24,15.155,762196
2020-10-01T04:00:00Z,15.39,15.39,14.71,15.03,396963
2020-09-30T04:00:00Z,15.385,15.955,15.115,15.195,492678
2020-09-29T04:00:00Z,15.175,15.42,14.82,15.075,131203
2020-09-28T04:00:00Z,15.48,15.48,14.79,15.3,261795
2020-09-25T04:00:00Z,14.61,15.085,14.19,15.075,426505
2020-09-24T04:00:00Z,13.88,14.155,13.41,13.73,328242
2020-09-23T04:00:00Z,14.64,15.035,14.11,14.13,274437
2020-09-22T04:00:00Z,14.395,14.805,14.19,14.4,299454
2020-09-21T04:00:00Z,14.725,14.855,14.01,14.27,330199
2020-09-18T04:00:00Z,15.97,16.06,15.085,15.31,295870
2020-09-17T04:00:00Z,15.79,16.5,15.78,16.24,240603
2020-09-16T04:00:00Z,16.095,16.67,15.94,16.465,405120
2020-09-15T04:00:00Z,17.215,17.215,15.85,15.955,1132372
2020-09-14T04:00:00Z,17.895,18.1,17.545,17.855,243239
2020-09-11T04:00:00Z,18.08,18.11,17.45,17.685,163542
2020-09-10T04:00:00Z,17.83,18.745,17.83,17.87,299671
2020-09-09T04:00:00Z,18.13,18.195,17.27,17.685,348699
2020-09-08T04:00:00Z,17.88,18.9,17.87,18.285,224862
2020-09-04T04:00:00Z,18.325,18.635,17.44,18.52,460124
2020-09-03T04:00:00Z,17.64,18.735,17.11,17.565,559005
2020-09-02T04:00:00Z,16.57,16.765,16.215,16.71,106360
2020-09-01T04:00:00Z,16.08,16.695,16.045,16.505,163947
2020-08-31T04:00:00Z,17.31,17.31,16.485,16.485,342416
2020-08-28T04:00:00Z,16.565,17.33,16.25,17.215,304597
2020-08-27T04:00:00Z,15.67,16.675,15.66,16.115,566397
2020-08-26T04:00:00Z,15.685,15.76,15.2,15.285,198791
2020-08-25T04:00:00Z,16.175,16.39,15.335,15.895,185438
2020-08-24T04:00:00Z,14.96,16.21,14.67,16.155,793042
2020-08-21T04:00:00Z,14.495,14.925,14.44,14.64,136846
2020-08-20T04:00:00Z,14.335,14.715,14.18,14.545,180886
2020-08-19T04:00:00Z,14.385,15.16,14.26,14.61,169930
2020-08-18T04:00:00Z,14.645,14.9,14.265,14.43,243194
2020-08-17T04:00:00Z,15.41,15.42,14.68,14.68,551880
2020-08-14T04:00:00Z,14.945,15.715,14.9,15.465,111711
2020-08-13T04:00:00Z,15,15.72,14.94,15.245,138986
2020-08-12T04:00:00Z,16.16,16.16,14.825,15.185,271938
2020-08-11T04:00:00Z,16.48,16.52,15.63,15.81,384919
2020-08-10T04:00:00Z,14.38,15.46,14.36,15.43,345901
2020-08-07T04:00:00Z,13.605,14.31,13.335,14.215,288327
2020-08-06T04:00:00Z,13.475,14.02,13.3,13.775,1075149
2020-08-05T04:00:00Z,14.14,14.24,13.685,14.025,154391
2020-08-04T04:00:00Z,13.14,13.99,13.1,13.755,191343
2020-08-03T04:00:00Z,13.5,13.52,12.84,13.085,268413
2020-07-31T04:00:00Z,14.195,14.325,13.73,13.885,178015
2020-07-30T04:00:00Z,14.23,14.51,14.01,14.355,163857
2020-07-29T04:00:00Z,14.435,14.695,14.12,14.665,195060
2020-07-28T04:00:00Z,13.795,14.58,13.795,14.325,245346
2020-07-27T04:00:00Z,14.61,14.62,13.645,13.775,292111
