2024-06-14T04:00:00Z,7.315,7.4,7.165,7.26,71322
2024-06-13T04:00:00Z,7.605,7.71,7.405,7.475,50334
2024-06-12T04:00:00Z,7.69,7.74,7.375,7.59,157948
2024-06-11T04:00:00Z,7.27,7.32,7.12,7.305,61785
2024-06-10T04:00:00Z,6.93,7.28,6.83,7.275,166868
2024-06-07T04:00:00Z,7.115,7.41,6.95,7.025,45237
2024-06-06T04:00:00Z,7.51,7.56,6.99,7.145,54064
2024-06-05T04:00:00Z,7.78,7.845,7.61,7.795,41641
2024-06-04T04:00:00Z,7.965,8.04,7.485,7.805,91472
2024-06-03T04:00:00Z,8.49,8.625,7.875,7.955,45332
2024-05-31T04:00:00Z,8.76,8.76,8.36,8.51,80710
2024-05-30T04:00:00Z,9.32,10.02,8.495,8.605,102269
2024-05-29T04:00:00Z,8.545,8.75,8.205,8.45,59566
2024-05-28T04:00:00Z,9.14,9.14,8.22,8.46,49902
2024-05-24T04:00:00Z,9.11,9.6,9.02,9.17,37541
2024-05-23T04:00:00Z,9.495,9.51,8.885,9.11,14305
2024-05-22T04:00:00Z,10.1,10.1,9.35,9.395,23041
2024-05-21T04:00:00Z,10.525,10.68,10.025,10.1,41440
2024-05-20T04:00:00Z,11.14,11.14,9.7,10.11,72149
2024-05-17T04:00:00Z,11.09,11.625,10.68,10.9,33991
2024-05-16T04:00:00Z,9.925,11.92,9.73,10.99,156237
2024-05-15T04:00:00Z,9.92,10.07,9.58,9.93,21338
2024-05-14T04:00:00Z,9.7,10.3,9.2,9.71,39599
2024-05-13T04:00:00Z,9.08,9.84,9.08,9.4,30930
2024-05-10T04:00:00Z,9.91,10.085,8.8,9.05,56103
2024-05-09T04:00:00Z,9.225,10.16,8.79,9.865,65869
2024-05-08T04:00:00Z,9.36,9.48,8.845,9.04,34772
2024-05-07T04:00:00Z,9.76,10.29,9.37,9.49,41599
2024-05-06T04:00:00Z,10.73,10.86,9.545,9.73,65936
2024-05-03T04:00:00Z,10.53,11.235,10.08,10.215,40489
2024-05-02T04:00:00Z,11.6,12.925,10.155,10.35,148563
2024-05-01T04:00:00Z,13.95,13.95,10.22,11.46,376717
2024-04-30T04:00:00Z,8.36,14.9,8.145,14.88,407029
2024-04-29T04:00:00Z,9.1,9.45,8.11,8.34,21152
2024-04-26T04:00:00Z,8.89,10.2,8.77,8.91,79568
2024-04-25T04:00:00Z,8.8,9.075,8.64,8.68,28210
2024-04-24T04:00:00Z,8.76,9.3,8.66,8.965,18680
2024-04-23T04:00:00Z,7.89,9.145,7.89,9.015,83067
2024-04-22T04:00:00Z,8.25,8.35,7.65,7.86,22161
2024-04-19T04:00:00Z,7.59,8.33,7.58,7.94,37166
2024-04-18T04:00:00Z,6.5,8.17,6.43,7.82,77350
2024-04-17T04:00:00Z,6.83,6.83,6.1,6.49,30903
2024-04-16T04:00:00Z,6.71,7.13,6.6,6.7,46168
2024-04-15T04:00:00Z,7.79,7.79,6.81,6.985,32148
2024-04-12T04:00:00Z,8.3,8.45,7.6,7.78,36395
2024-04-11T04:00:00Z,9.05,9.25,7.875,8.17,75926
2024-04-10T04:00:00Z,8.68,9.845,8.63,9.115,69661
2024-04-09T04:00:00Z,9.45,9.9,9.05,9.16,77385
2024-04-08T04:00:00Z,9.83,10.85,9.785,10.12,88698
2024-04-05T04:00:00Z,9.58,10.35,8.96,10.2,88279
2024-04-04T04:00:00Z,10.36,11.48,9.42,9.78,310200
2024-04-03T04:00:00Z,8.34,10.9,8.24,10.835,248588
2024-04-02T04:00:00Z,7.54,8.94,7.54,8.335,166517
2024-04-01T04:00:00Z,8.35,8.4,7.28,7.52,114872
2024-03-28T04:00:00Z,9.34,10.12,8.18,8.6,294643
2024-03-27T04:00:00Z,7.61,9.61,7.29,9.555,342714
2024-03-26T04:00:00Z,5.89,8.22,5.71,7.195,202991
2024-03-25T04:00:00Z,7.91,7.91,5.98,6.2,286537
2024-03-22T04:00:00Z,4.77,7.99,4.77,7.7,361276
2024-03-21T04:00:00Z,4.71,4.84,4.32,4.56,28714
2024-03-20T04:00:00Z,4.25,4.56,3.95,4.53,85292
2024-03-19T04:00:00Z,3.48,3.96,3.365,3.81,110221
2024-03-18T04:00:00Z,3.27,4.09,3.15,3.715,148432
2024-03-15T04:00:00Z,2.92,3.135,2.88,3.09,11919
2024-03-14T04:00:00Z,2.87,2.87,2.76,2.77,5572
2024-03-13T04:00:00Z,2.95,3,2.93,2.955,4695
2024-03-12T04:00:00Z,2.965,2.97,2.875,2.92,5840
2024-03-11T04:00:00Z,3.09,3.13,3.01,3.01,9342
2024-03-08T05:00:00Z,3.12,3.13,3,3.045,12394
2024-03-07T05:00:00Z,2.93,3.04,2.915,2.97,10838
2024-03-06T05:00:00Z,2.89,2.99,2.89,2.91,13240
2024-03-05T05:00:00Z,2.94,2.99,2.815,2.9,19433
2024-03-04T05:00:00Z,3.23,3.23,3,3.03,8474
2024-03-01T05:00:00Z,3.3,3.3,3.16,3.205,13230
2024-02-29T05:00:00Z,3.41,3.41,3.26,3.29,13858
2024-02-28T05:00:00Z,3.505,3.51,3.37,3.38,12904
2024-02-27T05:00:00Z,3.49,3.575,3.45,3.535,19066
2024-02-26T05:00:00Z,3.35,3.535,3.35,3.48,13231
2024-02-23T05:00:00Z,3.31,3.395,3.21,3.365,23900
2024-02-22T05:00:00Z,3.43,3.465,3.33,3.37,16719
2024-02-21T05:00:00Z,3.49,3.49,3.315,3.455,24762
2024-02-20T05:00:00Z,3.78,3.78,3.505,3.555,41321
2024-02-16T05:00:00Z,3.535,3.815,3.535,3.805,71695
2024-02-15T05:00:00Z,3.55,3.65,3.53,3.59,53240
2024-02-14T05:00:00Z,3.435,3.605,3.305,3.52,36384
2024-02-13T05:00:00Z,3.73,3.73,3.415,3.49,35915
2024-02-12T05:00:00Z,3.995,4.03,3.735,3.8,67486
2024-02-09T05:00:00Z,4.15,4.37,3.94,4.02,29477
2024-02-08T05:00:00Z,4.31,4.31,4.02,4.115,47969
2024-02-07T05:00:00Z,4.555,4.565,4.32,4.32,40561
2024-02-06T05:00:00Z,4.48,4.69,4.36,4.61,55329
2024-02-05T05:00:00Z,4.63,4.63,4.425,4.44,15151
2024-02-02T05:00:00Z,4.91,4.935,4.645,4.67,23143
2024-02-01T05:00:00Z,4.83,5.265,4.74,5.015,48559
2024-01-31T05:00:00Z,4.75,4.89,4.675,4.695,29881
2024-01-30T05:00:00Z,4.77,4.87,4.67,4.77,14150
2024-01-29T05:00:00Z,4.56,5.03,4.56,4.815,23112
2024-01-26T05:00:00Z,4.725,4.725,4.56,4.565,3511
2024-01-25T05:00:00Z,4.715,4.86,4.63,4.66,17312
2024-01-24T05:00:00Z,4.695,4.95,4.53,4.75,16172
2024-01-23T05:00:00Z,4.44,4.715,4.44,4.68,19159
2024-01-22T05:00:00Z,4.36,4.43,4.305,4.41,31044
2024-01-19T05:00:00Z,4.5,4.5,4.27,4.38,9952
2024-01-18T05:00:00Z,4.62,4.62,4.445,4.455,11862
2024-01-17T05:00:00Z,4.655,4.785,4.55,4.68,33266
2024-01-16T05:00:00Z,4.515,5.06,4.515,4.795,21247
2024-01-12T05:00:00Z,4.46,4.5,4.37,4.5,7254
2024-01-11T05:00:00Z,4.5,4.5,4.38,4.435,15367
2024-01-10T05:00:00Z,4.625,4.625,4.5,4.535,27769
2024-01-09T05:00:00Z,4.665,4.69,4.49,4.605,39237
2024-01-08T05:00:00Z,4.76,5.1,4.75,5.05,10385
2024-01-05T05:00:00Z,4.64,4.77,4.545,4.75,11652
2024-01-04T05:00:00Z,4.69,4.8,4.605,4.65,16927
2024-01-03T05:00:00Z,4.575,5.085,4.53,4.87,56021
2024-01-02T05:00:00Z,4.99,5.185,4.72,4.77,27552
2023-12-29T05:00:00Z,5.29,5.375,5.025,5.105,12546
2023-12-28T05:00:00Z,5.205,5.515,5.19,5.26,13427
2023-12-27T05:00:00Z,5.59,5.74,5.2,5.225,13398
2023-12-26T05:00:00Z,5.23,5.915,4.97,5.635,11903
2023-12-22T05:00:00Z,4.48,5.4,4.48,5.11,12587
2023-12-21T05:00:00Z,4.585,4.835,4.465,4.5,8130
2023-12-20T05:00:00Z,4.95,5.535,4.76,4.785,23083
2023-12-19T05:00:00Z,0.4854,0.5202,0.478,0.518,110291
2023-12-18T05:00:00Z,0.5279,0.5299,0.4744,0.4877,79747
2023-12-15T05:00:00Z,0.5306,0.5405,0.513,0.5188,23242
2023-12-14T05:00:00Z,0.5475,0.5799,0.541,0.545,151809
2023-12-13T05:00:00Z,0.58,0.595,0.5001,0.5421,458377
2023-12-12T05:00:00Z,0.7341,0.7499,0.683,0.6839,56824
2023-12-11T05:00:00Z,0.78,0.8293,0.7241,0.7343,203232
2023-12-08T05:00:00Z,0.7299,0.8062,0.7149,0.7963,122569
2023-12-07T05:00:00Z,0.7169,0.7377,0.672,0.7198,132301
2023-12-06T05:00:00Z,0.7058,0.726,0.67,0.699,81961
2023-12-05T05:00:00Z,0.75,0.8115,0.6355,0.6672,243823
2023-12-04T05:00:00Z,0.6182,0.7564,0.605,0.7542,214432
2023-12-01T05:00:00Z,0.5559,0.644,0.5448,0.6169,88885
2023-11-30T05:00:00Z,0.5512,0.571,0.55,0.56,20908
2023-11-29T05:00:00Z,0.5516,0.5674,0.53,0.5602,91325
2023-11-28T05:00:00Z,0.5505,0.5505,0.5211,0.5402,51336
2023-11-27T05:00:00Z,0.5494,0.5842,0.5425,0.5477,40964
2023-11-24T05:00:00Z,0.5619,0.5843,0.5568,0.5568,25400
2023-11-22T05:00:00Z,0.58,0.594,0.571,0.5769,6544
2023-11-21T05:00:00Z,0.5612,0.5772,0.5612,0.5748,21900
2023-11-20T05:00:00Z,0.5518,0.615,0.5518,0.59,97080
2023-11-17T05:00:00Z,0.5415,0.5701,0.5388,0.5495,108753
2023-11-16T05:00:00Z,0.5463,0.5531,0.5302,0.5312,45834
2023-11-15T05:00:00Z,0.5572,0.5801,0.5322,0.5416,52395
2023-11-14T05:00:00Z,0.5552,0.5707,0.5181,0.5324,114655
2023-11-13T05:00:00Z,0.507,0.5448,0.5049,0.5426,42956
2023-11-10T05:00:00Z,0.5299,0.549,0.4718,0.5214,120395
2023-11-09T05:00:00Z,0.5928,0.6047,0.5128,0.5224,216108
2023-11-08T05:00:00Z,0.609,0.6318,0.5722,0.5812,38192
2023-11-07T05:00:00Z,0.5701,0.5978,0.5556,0.5874,36424
2023-11-06T05:00:00Z,0.66,0.6663,0.5768,0.5836,104878
2023-11-03T04:00:00Z,0.615,0.6476,0.6103,0.6278,124302
2023-11-02T04:00:00Z,0.5879,0.63,0.5853,0.5924,73422
2023-11-01T04:00:00Z,0.5634,0.5843,0.5304,0.5535,55678
2023-10-31T04:00:00Z,0.5155,0.5796,0.5155,0.5676,82013
2023-10-30T04:00:00Z,0.521,0.535,0.5133,0.5204,50128
2023-10-27T04:00:00Z,0.5279,0.528,0.5003,0.5065,160881
2023-10-26T04:00:00Z,0.5433,0.5625,0.5022,0.5188,70517
2023-10-25T04:00:00Z,0.6099,0.6099,0.5227,0.5365,199566
2023-10-24T04:00:00Z,0.5225,0.642,0.5152,0.6267,179438
2023-10-23T04:00:00Z,0.5003,0.5274,0.4858,0.5071,36522
2023-10-20T04:00:00Z,0.51,0.5435,0.51,0.513,42692
2023-10-19T04:00:00Z,0.5901,0.5901,0.5316,0.539,67196
2023-10-18T04:00:00Z,0.6829,0.6829,0.5925,0.5959,52695
2023-10-17T04:00:00Z,0.697,0.7103,0.6739,0.6924,77540
2023-10-16T04:00:00Z,0.696,0.7308,0.685,0.6999,99765
2023-10-13T04:00:00Z,0.6801,0.704,0.6717,0.6946,128328
2023-10-12T04:00:00Z,0.6916,0.7053,0.66,0.6814,47102
2023-10-11T04:00:00Z,0.7512,0.76,0.6822,0.6953,143616
2023-10-10T04:00:00Z,0.7186,0.7876,0.703,0.7305,278291
2023-10-09T04:00:00Z,0.6956,0.6982,0.6254,0.6852,81627
2023-10-06T04:00:00Z,0.7121,0.7382,0.6921,0.7093,200633
2023-10-05T04:00:00Z,0.7714,0.7955,0.6912,0.7114,215438
2023-10-04T04:00:00Z,0.7024,0.78,0.6697,0.7528,384256
2023-10-03T04:00:00Z,0.7226,0.7298,0.67,0.6857,167565
2023-10-02T04:00:00Z,0.78,0.8095,0.7176,0.74,119542
2023-09-29T04:00:00Z,0.8178,0.835,0.771,0.7805,59569
2023-09-28T04:00:00Z,0.87,0.879,0.7701,0.8176,1050068
2023-09-27T04:00:00Z,1.01,1.03,0.8352,0.889,377879
2023-09-26T04:00:00Z,0.98,1.06,0.8801,0.9205,449142
2023-09-25T04:00:00Z,0.8541,1.025,0.83,0.9322,570370
2023-09-22T04:00:00Z,0.8098,0.865,0.7607,0.829,224652
2023-09-21T04:00:00Z,0.85,0.9036,0.7631,0.772,142119
2023-09-20T04:00:00Z,1.055,1.13,0.8656,0.8691,515942
2023-09-19T04:00:00Z,1.17,1.255,1,1.02,307816
2023-09-18T04:00:00Z,1.19,1.23,1.105,1.145,474631
2023-09-15T04:00:00Z,1.46,1.56,1.28,1.34,638120
2023-09-14T04:00:00Z,1.11,1.475,1.11,1.245,585311
2023-09-13T04:00:00Z,1.28,1.4,1.05,1.15,756978
2023-09-12T04:00:00Z,1.5,1.91,1.31,1.33,1200925
2023-09-11T04:00:00Z,1.03,1.79,1.025,1.69,1596579
2023-09-08T04:00:00Z,0.7608,0.958,0.74,0.9264,304364
2023-09-07T04:00:00Z,0.7577,0.7794,0.6622,0.7598,411938
2023-09-06T04:00:00Z,0.7698,0.829,0.6902,0.8046,154117
2023-09-05T04:00:00Z,0.558,0.717,0.541,0.6812,232793
2023-09-01T04:00:00Z,0.63,0.63,0.5256,0.5502,170134
2023-08-31T04:00:00Z,0.474,0.6474,0.4652,0.5664,269637
2023-08-30T04:00:00Z,0.3954,0.4849,0.3954,0.4492,132499
2023-08-29T04:00:00Z,0.3873,0.4065,0.3873,0.4041,13143
2023-08-28T04:00:00Z,0.3846,0.395,0.3846,0.3913,50328
2023-08-25T04:00:00Z,0.3842,0.3949,0.3842,0.3903,25986
2023-08-24T04:00:00Z,0.3958,0.4,0.3882,0.3904,8818
2023-08-23T04:00:00Z,0.398,0.4245,0.393,0.416,74003
2023-08-22T04:00:00Z,0.4209,0.4209,0.4,0.4001,6302
2023-08-21T04:00:00Z,0.4436,0.4641,0.414,0.414,302344
2023-08-18T04:00:00Z,0.4138,0.4601,0.4111,0.455,848071
2023-08-17T04:00:00Z,0.3847,0.425,0.3847,0.4121,98316
2023-08-16T04:00:00Z,0.3826,0.407,0.3815,0.3815,55820
2023-08-15T04:00:00Z,0.384,0.3897,0.3819,0.3845,19461
2023-08-14T04:00:00Z,0.392,0.399,0.3801,0.3979,32556
2023-08-11T04:00:00Z,0.4234,0.4376,0.3903,0.4,79032
2023-08-10T04:00:00Z,0.4502,0.455,0.4194,0.43,25745
2023-08-09T04:00:00Z,0.4727,0.4801,0.4406,0.4623,277225
2023-08-08T04:00:00Z,0.446,0.4745,0.4415,0.4668,381782
2023-08-07T04:00:00Z,0.428,0.4371,0.41,0.4341,18418
2023-08-04T04:00:00Z,0.4617,0.4678,0.4462,0.4466,92211
2023-08-03T04:00:00Z,0.4435,0.4857,0.4435,0.4606,222994
2023-08-02T04:00:00Z,0.4519,0.4682,0.4417,0.4441,141236
2023-08-01T04:00:00Z,0.4789,0.4833,0.4627,0.4718,269209
2023-07-31T04:00:00Z,0.5081,0.5298,0.47,0.4895,347190
2023-07-28T04:00:00Z,0.4223,0.4767,0.4157,0.4725,372762
2023-07-27T04:00:00Z,0.413,0.4438,0.403,0.413,455707
2023-07-26T04:00:00Z,0.3962,0.4311,0.3899,0.4079,84896
2023-07-25T04:00:00Z,0.3947,0.3947,0.3801,0.3866,1085197
2023-07-24T04:00:00Z,0.3919,0.4092,0.3832,0.3942,569541
2023-07-21T04:00:00Z,0.408,0.408,0.3779,0.3841,797308
2023-07-20T04:00:00Z,0.4231,0.4231,0.3783,0.3897,112129
2023-07-19T04:00:00Z,0.3933,0.4429,0.3922,0.4163,311236
2023-07-18T04:00:00Z,0.3755,0.397,0.3629,0.3915,103996
2023-07-17T04:00:00Z,0.403,0.403,0.3469,0.3724,551671
2023-07-14T04:00:00Z,0.5401,0.5401,0.3827,0.3844,5330384
2023-07-13T04:00:00Z,0.5634,0.674,0.5435,0.6526,144642
2023-07-12T04:00:00Z,0.5718,0.5913,0.5227,0.5606,68841
2023-07-11T04:00:00Z,0.5322,0.5929,0.52,0.5584,139233
2023-07-10T04:00:00Z,0.4717,0.487,0.4319,0.4759,39267
2023-07-07T04:00:00Z,0.4206,0.5085,0.4035,0.4751,124022
2023-07-06T04:00:00Z,0.44,0.46,0.4111,0.42,115216
2023-07-05T04:00:00Z,0.5722,0.5722,0.456,0.458,398224
2023-07-03T04:00:00Z,0.4011,0.6315,0.4011,0.5857,301882
2023-06-30T04:00:00Z,0.4286,0.4286,0.3865,0.3897,101554
2023-06-29T04:00:00Z,0.4409,0.455,0.434,0.4384,226235
2023-06-28T04:00:00Z,0.4483,0.4483,0.4278,0.43,55830
2023-06-27T04:00:00Z,0.501,0.5111,0.4697,0.4731,101204
2023-06-26T04:00:00Z,0.5316,0.5663,0.5126,0.52,522014
2023-06-23T04:00:00Z,0.5488,0.5605,0.5,0.5135,211976
2023-06-22T04:00:00Z,0.5953,0.6027,0.5616,0.5913,121273
2023-06-21T04:00:00Z,0.5937,0.6319,0.591,0.6011,983098
2023-06-20T04:00:00Z,0.6358,0.6358,0.5963,0.6005,165292
2023-06-16T04:00:00Z,0.6547,0.655,0.6288,0.6297,146516
2023-06-15T04:00:00Z,0.655,0.6563,0.644,0.6466,141759
2023-06-14T04:00:00Z,0.7099,0.7116,0.6557,0.6626,307465
2023-06-13T04:00:00Z,0.7341,0.7341,0.6898,0.7052,575515
2023-06-12T04:00:00Z,0.6833,0.7365,0.6724,0.7292,421622
2023-06-09T04:00:00Z,0.6955,0.6987,0.664,0.6754,286677
2023-06-08T04:00:00Z,0.7208,0.7269,0.6947,0.696,230767
2023-06-07T04:00:00Z,0.7515,0.7649,0.7182,0.7204,276268
2023-06-06T04:00:00Z,0.771,0.7741,0.7135,0.7449,504970
2023-06-05T04:00:00Z,0.8458,0.8458,0.774,0.7805,151667
2023-06-02T04:00:00Z,0.8599,0.8639,0.8175,0.8272,190075
2023-06-01T04:00:00Z,0.823,0.86,0.8075,0.8266,204518
2023-05-31T04:00:00Z,0.8554,0.8554,0.8,0.8323,153591
2023-05-30T04:00:00Z,0.8713,0.8819,0.8409,0.8511,86770
2023-05-26T04:00:00Z,0.884,0.8931,0.83,0.8773,46572
2023-05-25T04:00:00Z,1.03,1.03,0.8709,0.8802,501975
2023-05-24T04:00:00Z,1.06,1.06,1.04,1.04,55811
2023-05-23T04:00:00Z,1.165,1.165,1.05,1.06,200450
2023-05-22T04:00:00Z,1.09,1.26,1.09,1.17,272775
2023-05-19T04:00:00Z,1.03,1.105,1.03,1.085,473200
2023-05-18T04:00:00Z,1.04,1.05,1.025,1.03,284661
2023-05-17T04:00:00Z,1.05,1.06,1.02,1.04,292573
2023-05-16T04:00:00Z,1.06,1.07,1.025,1.035,124980
2023-05-15T04:00:00Z,1.035,1.08,1.02,1.065,368317
2023-05-12T04:00:00Z,1.045,1.135,1.02,1.045,43009
2023-05-11T04:00:00Z,1.205,1.23,1.03,1.035,33896
2023-05-10T04:00:00Z,1.26,1.28,1.2,1.205,77731
2023-05-09T04:00:00Z,1.31,1.315,1.25,1.25,29160
2023-05-08T04:00:00Z,1.33,1.33,1.29,1.31,48980
2023-05-05T04:00:00Z,1.275,1.365,1.235,1.345,114964
2023-05-04T04:00:00Z,1.21,1.27,1.185,1.24,209843
2023-05-03T04:00:00Z,1.22,1.25,1.21,1.235,16656
2023-05-02T04:00:00Z,1.26,1.26,1.205,1.215,10639
2023-05-01T04:00:00Z,1.305,1.31,1.25,1.28,11535
2023-04-28T04:00:00Z,1.305,1.36,1.305,1.305,146556
2023-04-27T04:00:00Z,1.325,1.35,1.29,1.3,304244
2023-04-26T04:00:00Z,1.3,1.3,1.27,1.27,73691
2023-04-25T04:00:00Z,1.29,1.295,1.265,1.28,21386
2023-04-24T04:00:00Z,1.345,1.345,1.265,1.325,52615
2023-04-21T04:00:00Z,1.37,1.375,1.345,1.35,9281
2023-04-20T04:00:00Z,1.425,1.43,1.35,1.36,39102
2023-04-19T04:00:00Z,1.43,1.44,1.42,1.43,57784
2023-04-18T04:00:00Z,1.475,1.48,1.43,1.43,36043
2023-04-17T04:00:00Z,1.45,1.49,1.445,1.485,70677
2023-04-14T04:00:00Z,1.505,1.52,1.43,1.435,43847
2023-04-13T04:00:00Z,1.55,1.56,1.51,1.51,18200
2023-04-12T04:00:00Z,1.56,1.57,1.51,1.525,46953
2023-04-11T04:00:00Z,1.58,1.58,1.525,1.55,87324
2023-04-10T04:00:00Z,1.585,1.625,1.555,1.605,93520
2023-04-06T04:00:00Z,1.595,1.625,1.55,1.59,74026
2023-04-05T04:00:00Z,1.665,1.67,1.58,1.6,48057
2023-04-04T04:00:00Z,1.67,1.7,1.66,1.67,161801
2023-04-03T04:00:00Z,1.75,1.765,1.655,1.695,41138
2023-03-31T04:00:00Z,1.75,1.785,1.75,1.755,79513
2023-03-30T04:00:00Z,1.82,1.83,1.76,1.765,35758
2023-03-29T04:00:00Z,1.85,1.86,1.8,1.8,69555
2023-03-28T04:00:00Z,1.87,1.88,1.81,1.815,41347
2023-03-27T04:00:00Z,1.915,1.915,1.87,1.885,25617
2023-03-24T04:00:00Z,1.88,1.925,1.88,1.9,47546
2023-03-23T04:00:00Z,1.905,1.95,1.89,1.915,74739
2023-03-22T04:00:00Z,1.98,1.98,1.88,1.88,59132
2023-03-21T04:00:00Z,1.94,2.02,1.94,1.975,220135
2023-03-20T04:00:00Z,2,2,1.855,1.855,109353
2023-03-17T04:00:00Z,2.025,2.025,1.975,2,97833
2023-03-16T04:00:00Z,2.01,2.075,1.985,2.035,103881
2023-03-15T04:00:00Z,2.02,2.03,1.97,2.02,46867
2023-03-14T04:00:00Z,2.085,2.105,2.055,2.06,32701
2023-03-13T04:00:00Z,2.025,2.135,2.025,2.04,67966
2023-03-10T05:00:00Z,2.1,2.1,2.02,2.055,126908
2023-03-09T05:00:00Z,2.235,2.235,2.12,2.12,50332
2023-03-08T05:00:00Z,2.195,2.245,2.19,2.235,14068
2023-03-07T05:00:00Z,2.23,2.245,2.19,2.205,20667
2023-03-06T05:00:00Z,2.3,2.3,2.22,2.225,35519
2023-03-03T05:00:00Z,2.24,2.305,2.24,2.285,59435
2023-03-02T05:00:00Z,2.255,2.26,2.2,2.225,47297
2023-03-01T05:00:00Z,2.29,2.325,2.25,2.255,35228
2023-02-28T05:00:00Z,2.3,2.325,2.28,2.305,42483
2023-02-27T05:00:00Z,2.33,2.37,2.295,2.3,57076
2023-02-24T05:00:00Z,2.31,2.32,2.275,2.315,43320
2023-02-23T05:00:00Z,2.39,2.39,2.305,2.375,99566
2023-02-22T05:00:00Z,2.385,2.43,2.3,2.38,93576
2023-02-21T05:00:00Z,2.415,2.465,2.35,2.395,101939
2023-02-17T05:00:00Z,2.44,2.51,2.37,2.51,181761
2023-02-16T05:00:00Z,2.36,2.54,2.35,2.43,62641
2023-02-15T05:00:00Z,2.32,2.43,2.29,2.425,48180
2023-02-14T05:00:00Z,2.24,2.34,2.23,2.32,44919
2023-02-13T05:00:00Z,2.26,2.29,2.21,2.285,51995
2023-02-10T05:00:00Z,2.295,2.39,2.215,2.285,41854
2023-02-09T05:00:00Z,2.51,2.57,2.255,2.27,95145
2023-02-08T05:00:00Z,2.78,2.84,2.72,2.73,176180
2023-02-07T05:00:00Z,2.895,2.9,2.73,2.82,84875
2023-02-06T05:00:00Z,2.9,2.965,2.875,2.945,140642
2023-02-03T05:00:00Z,3.055,3.16,2.9,2.935,97808
2023-02-02T05:00:00Z,3.135,3.21,3.09,3.15,102990
2023-02-01T05:00:00Z,3.035,3.11,2.935,3.075,44700
2023-01-31T05:00:00Z,2.83,3.035,2.83,3.01,235534
2023-01-30T05:00:00Z,2.93,2.955,2.83,2.83,37938
2023-01-27T05:00:00Z,2.78,2.99,2.78,2.92,78828
2023-01-26T05:00:00Z,2.81,2.865,2.7,2.76,78467
2023-01-25T05:00:00Z,2.71,2.77,2.68,2.765,41215
2023-01-24T05:00:00Z,2.73,2.8,2.69,2.76,44285
2023-01-23T05:00:00Z,2.61,2.805,2.61,2.77,144071
2023-01-20T05:00:00Z,2.585,2.655,2.51,2.59,54213
2023-01-19T05:00:00Z,2.6,2.66,2.535,2.54,66760
2023-01-18T05:00:00Z,2.8,2.83,2.67,2.67,126521
2023-01-17T05:00:00Z,2.64,2.72,2.59,2.71,43142
2023-01-13T05:00:00Z,2.59,2.68,2.57,2.6,50591
2023-01-12T05:00:00Z,2.505,2.67,2.41,2.67,69855
2023-01-11T05:00:00Z,2.425,2.575,2.405,2.47,118519
2023-01-10T05:00:00Z,2.435,2.44,2.37,2.4,58541
2023-01-09T05:00:00Z,2.4,2.475,2.235,2.395,140162
2023-01-06T05:00:00Z,2.435,2.46,2.345,2.385,80470
2023-01-05T05:00:00Z,2.47,2.475,2.375,2.395,131847
2023-01-04T05:00:00Z,2.35,2.575,2.315,2.51,131358
2023-01-03T05:00:00Z,2.375,2.425,2.27,2.3,43318
2022-12-30T05:00:00Z,2.23,2.32,2.215,2.32,55147
2022-12-29T05:00:00Z,2.25,2.295,2.175,2.275,60012
2022-12-28T05:00:00Z,2.17,2.265,2.135,2.195,131883
2022-12-27T05:00:00Z,2.28,2.28,2.09,2.095,181702
2022-12-23T05:00:00Z,2.28,2.33,2.22,2.32,91869
2022-12-22T05:00:00Z,2.345,2.345,2.195,2.29,40592
2022-12-21T05:00:00Z,2.41,2.455,2.36,2.405,91833
2022-12-20T05:00:00Z,2.37,2.44,2.31,2.375,240749
2022-12-19T05:00:00Z,2.59,2.6,2.38,2.405,216303
2022-12-16T05:00:00Z,2.63,2.68,2.51,2.595,181686
2022-12-15T05:00:00Z,2.73,2.765,2.555,2.605,184562
2022-12-14T05:00:00Z,2.85,2.865,2.76,2.835,189906
2022-12-13T05:00:00Z,3.06,3.175,2.835,2.9,208822
2022-12-12T05:00:00Z,2.91,3.06,2.83,2.965,186362
2022-12-09T05:00:00Z,3.065,3.155,2.87,2.87,244467
2022-12-08T05:00:00Z,3.28,3.3,2.975,3.085,192786
2022-12-07T05:00:00Z,3.475,3.585,3.2,3.235,198112
2022-12-06T05:00:00Z,4.13,4.13,3.475,3.605,353047
2022-12-05T05:00:00Z,4.315,4.765,4.2,4.33,427189
2022-12-02T05:00:00Z,3.85,4.455,3.795,4.285,333862
2022-12-01T05:00:00Z,3.675,3.95,3.59,3.93,110627
2022-11-30T05:00:00Z,3.5,3.625,3.355,3.625,81558
2022-11-29T05:00:00Z,3.445,3.495,3.35,3.425,34900
2022-11-28T05:00:00Z,3.595,3.68,3.39,3.4,167031
2022-11-25T05:00:00Z,3.485,3.75,3.485,3.66,72403
2022-11-23T05:00:00Z,3.525,3.575,3.385,3.49,168001
2022-11-22T05:00:00Z,3.63,3.63,3.43,3.485,192462
2022-11-21T05:00:00Z,3.635,3.82,3.575,3.625,80889
2022-11-18T05:00:00Z,4.135,4.135,3.7,3.7,252308
2022-11-17T05:00:00Z,4,4.205,3.97,4.115,43365
2022-11-16T05:00:00Z,4.015,4.18,3.85,4.07,146126
2022-11-15T05:00:00Z,4.42,4.55,4.05,4.1,257732
2022-11-14T05:00:00Z,4.36,4.375,4.06,4.25,223447
2022-11-11T05:00:00Z,3.735,4.26,3.735,4.22,411775
2022-11-10T05:00:00Z,3.41,3.83,3.33,3.815,530317
2022-11-09T05:00:00Z,3.1,3.565,2.99,3.215,196790
2022-11-08T05:00:00Z,3.25,3.42,3.09,3.18,179218
2022-11-07T05:00:00Z,3.305,3.31,3.175,3.215,43655
2022-11-04T04:00:00Z,3.52,3.58,3.195,3.29,154830
2022-11-03T04:00:00Z,3.12,3.525,3.12,3.445,115020
2022-11-02T04:00:00Z,3.365,3.61,3.225,3.225,98495
2022-11-01T04:00:00Z,3.68,3.7,3.315,3.49,273249
2022-10-31T04:00:00Z,3.155,3.89,3.095,3.735,412112
2022-10-28T04:00:00Z,2.97,3.155,2.91,3.145,232174
2022-10-27T04:00:00Z,3.11,3.19,2.975,2.985,324023
2022-10-26T04:00:00Z,2.93,3.33,2.85,3.16,546849
2022-10-25T04:00:00Z,2.39,3.015,2.36,2.9,505867
2022-10-24T04:00:00Z,2.35,2.355,2.235,2.3,214282
2022-10-21T04:00:00Z,2.33,2.395,2.27,2.385,61327
2022-10-20T04:00:00Z,2.42,2.525,2.35,2.365,110340
2022-10-19T04:00:00Z,2.535,2.62,2.4,2.415,180079
2022-10-18T04:00:00Z,2.615,2.66,2.49,2.585,101273
2022-10-17T04:00:00Z,2.455,2.66,2.405,2.525,309973
2022-10-14T04:00:00Z,2.535,2.555,2.34,2.34,264014
2022-10-13T04:00:00Z,2.35,2.53,2.34,2.47,107133
2022-10-12T04:00:00Z,2.385,2.49,2.325,2.475,129136
2022-10-11T04:00:00Z,2.46,2.56,2.335,2.38,67045
2022-10-10T04:00:00Z,2.805,2.81,2.39,2.395,232634
2022-10-07T04:00:00Z,3.69,3.72,2.765,2.79,651815
2022-10-06T04:00:00Z,3.14,3.825,2.92,3.745,522323
2022-10-05T04:00:00Z,3.05,3.08,2.96,3.06,51119
2022-10-04T04:00:00Z,3.005,3.175,3.005,3.13,197236
2022-10-03T04:00:00Z,2.745,2.925,2.735,2.905,136243
2022-09-30T04:00:00Z,2.76,2.87,2.72,2.725,88946
2022-09-29T04:00:00Z,2.9,2.9,2.775,2.79,28689
2022-09-28T04:00:00Z,2.86,3.045,2.86,3.04,37684
2022-09-27T04:00:00Z,2.755,2.91,2.755,2.865,61157
2022-09-26T04:00:00Z,2.975,3.02,2.74,2.75,86473
2022-09-23T04:00:00Z,2.63,2.835,2.61,2.83,96202
2022-09-22T04:00:00Z,2.94,2.94,2.69,2.735,94010
2022-09-21T04:00:00Z,3.055,3.11,2.94,2.94,64387
2022-09-20T04:00:00Z,3.21,3.225,3.09,3.095,47973
2022-09-19T04:00:00Z,3.11,3.23,3.1,3.23,34363
2022-09-16T04:00:00Z,3.355,3.355,3.175,3.18,137636
2022-09-15T04:00:00Z,3.43,3.56,3.41,3.435,53329
2022-09-14T04:00:00Z,3.48,3.48,3.365,3.48,187804
2022-09-13T04:00:00Z,3.595,3.64,3.44,3.465,80060
2022-09-12T04:00:00Z,3.705,3.84,3.65,3.825,58028
2022-09-09T04:00:00Z,3.555,3.755,3.555,3.655,125552
2022-09-08T04:00:00Z,3.365,3.51,3.35,3.51,49815
2022-09-07T04:00:00Z,3.185,3.455,3.185,3.42,69237
2022-09-06T04:00:00Z,3.38,3.38,3.235,3.25,125249
2022-09-02T04:00:00Z,3.48,3.615,3.45,3.465,135834
2022-09-01T04:00:00Z,3.58,3.64,3.345,3.51,186709
2022-08-31T04:00:00Z,3.72,3.74,3.605,3.685,112814
2022-08-30T04:00:00Z,3.97,3.97,3.56,3.685,139237
2022-08-29T04:00:00Z,3.76,4.135,3.76,3.965,133831
2022-08-26T04:00:00Z,4.17,4.23,3.805,3.835,97551
2022-08-25T04:00:00Z,3.94,4.24,3.85,4.21,112833
2022-08-24T04:00:00Z,3.45,3.98,3.38,3.88,224369
2022-08-23T04:00:00Z,3.345,3.57,3.325,3.435,80070
2022-08-22T04:00:00Z,3.67,3.69,3.285,3.29,227218
2022-08-19T04:00:00Z,3.69,3.875,3.66,3.83,257593
2022-08-18T04:00:00Z,4.01,4.01,3.7,3.795,132407
2022-08-17T04:00:00Z,3.68,4.295,3.65,4.065,328804
2022-08-16T04:00:00Z,3.82,3.95,3.55,3.78,354386
2022-08-15T04:00:00Z,3.32,3.94,3.3,3.81,384405
2022-08-12T04:00:00Z,3.21,3.31,3.18,3.295,118992
2022-08-11T04:00:00Z,3.35,3.51,3.135,3.145,113445
2022-08-10T04:00:00Z,2.94,3.35,2.85,3.275,163275
2022-08-09T04:00:00Z,3.11,3.18,2.87,2.87,145718
2022-08-08T04:00:00Z,2.77,3.28,2.77,3.275,235054
2022-08-05T04:00:00Z,2.57,2.745,2.51,2.7,122975
2022-08-04T04:00:00Z,2.89,3.005,2.77,2.865,97796
2022-08-03T04:00:00Z,3,3.025,2.845,2.905,103479
2022-08-02T04:00:00Z,2.565,2.92,2.56,2.865,102350
2022-08-01T04:00:00Z,2.61,2.62,2.515,2.525,103702
2022-07-29T04:00:00Z,2.515,2.67,2.465,2.625,202572
2022-07-28T04:00:00Z,2.45,2.56,2.37,2.56,116017
2022-07-27T04:00:00Z,2.39,2.44,2.34,2.435,55142
2022-07-26T04:00:00Z,2.44,2.49,2.34,2.37,97482
2022-07-25T04:00:00Z,2.55,2.61,2.455,2.53,79276
2022-07-22T04:00:00Z,2.7,2.835,2.525,2.56,121477
2022-07-21T04:00:00Z,3.15,3.15,2.725,2.765,394584
2022-07-20T04:00:00Z,2.585,3.165,2.555,3.045,1090897
2022-07-19T04:00:00Z,2.64,2.775,2.475,2.6,889017
2022-07-18T04:00:00Z,2.3,2.74,2.29,2.585,508553
2022-07-15T04:00:00Z,2.425,2.425,2.18,2.26,280040
2022-07-14T04:00:00Z,2.19,2.45,2.13,2.43,570880
2022-07-13T04:00:00Z,2.21,2.265,2.16,2.24,231930
2022-07-12T04:00:00Z,2.305,2.37,2.25,2.295,301050
2022-07-11T04:00:00Z,2.52,2.59,2.315,2.315,368850
2022-07-08T04:00:00Z,2.62,2.66,2.535,2.63,376719
2022-07-07T04:00:00Z,2.63,2.75,2.595,2.7,207205
2022-07-06T04:00:00Z,2.7,2.74,2.59,2.65,225213
2022-07-05T04:00:00Z,2.755,2.755,2.61,2.705,397065
2022-07-01T04:00:00Z,2.855,2.94,2.645,2.795,243952
2022-06-30T04:00:00Z,2.86,2.95,2.73,2.85,362370
2022-06-29T04:00:00Z,3.535,3.555,3.455,3.5,67830
2022-06-28T04:00:00Z,3.78,3.84,3.57,3.615,22494
2022-06-27T04:00:00Z,3.72,3.82,3.62,3.795,20326
2022-06-24T04:00:00Z,3.67,3.79,3.6,3.765,27917
2022-06-23T04:00:00Z,3.36,3.595,3.31,3.595,34415
2022-06-22T04:00:00Z,3.405,3.57,3.34,3.35,20093
2022-06-21T04:00:00Z,3.51,3.6,3.46,3.48,36031
2022-06-17T04:00:00Z,3.32,3.41,3.26,3.375,38308
2022-06-16T04:00:00Z,3.415,3.42,3.24,3.265,25727
2022-06-15T04:00:00Z,3.38,3.555,3.34,3.525,38041
2022-06-14T04:00:00Z,3.29,3.425,3.255,3.325,221199
2022-06-13T04:00:00Z,3.465,3.47,3.275,3.275,89500
2022-06-10T04:00:00Z,3.66,3.815,3.6,3.645,63661
2022-06-09T04:00:00Z,4.035,4.065,3.85,3.85,66688
2022-06-08T04:00:00Z,4.09,4.33,4.06,4.135,51261
2022-06-07T04:00:00Z,4.08,4.27,4.03,4.23,60992
2022-06-06T04:00:00Z,4.27,4.285,4.075,4.085,103577
2022-06-03T04:00:00Z,4.64,4.64,4.305,4.325,95948
2022-06-02T04:00:00Z,4.645,4.825,4.57,4.7,111422
2022-06-01T04:00:00Z,5,5.05,4.695,4.71,52516
2022-05-31T04:00:00Z,4.8,5.075,4.645,4.97,112116
2022-05-27T04:00:00Z,4.87,5.165,4.605,4.87,240227
2022-05-26T04:00:00Z,5.1,5.61,5.1,5.54,156192
2022-05-25T04:00:00Z,4.86,5.085,4.79,5.03,103870
2022-05-24T04:00:00Z,5.07,5.07,4.705,4.745,128136
2022-05-23T04:00:00Z,5.555,5.555,5.125,5.19,114413
2022-05-20T04:00:00Z,5.915,5.95,5.37,5.52,111856
2022-05-19T04:00:00Z,5.56,5.99,5.53,5.865,45776
2022-05-18T04:00:00Z,5.795,5.95,5.57,5.6,63264
2022-05-17T04:00:00Z,5.84,6.09,5.735,5.88,20973
2022-05-16T04:00:00Z,5.88,6.205,5.69,5.72,35540
2022-05-13T04:00:00Z,5.56,5.95,5.56,5.9,94413
2022-05-12T04:00:00Z,4.9,5.52,4.85,5.37,72829
2022-05-11T04:00:00Z,5.31,5.51,4.97,4.97,56644
2022-05-10T04:00:00Z,5.8,5.83,5.25,5.45,57713
2022-05-09T04:00:00Z,5.735,5.855,5.56,5.57,136179
2022-05-06T04:00:00Z,6.03,6.11,5.78,5.97,42727
2022-05-05T04:00:00Z,6.55,6.57,6.01,6.06,103758
2022-05-04T04:00:00Z,5.87,6.7,5.86,6.7,173285
2022-05-03T04:00:00Z,6.15,6.26,5.97,6.08,82527
2022-05-02T04:00:00Z,5.565,6.06,5.565,6.06,37757
2022-04-29T04:00:00Z,5.41,5.85,5.41,5.75,67047
2022-04-28T04:00:00Z,5.29,5.465,5.055,5.46,155236
2022-04-27T04:00:00Z,5.18,5.37,5.065,5.23,62530
2022-04-26T04:00:00Z,5.5,5.5,5.28,5.31,66383
2022-04-25T04:00:00Z,5.52,5.59,5.42,5.565,38118
2022-04-22T04:00:00Z,5.68,5.87,5.53,5.575,165439
2022-04-21T04:00:00Z,5.79,5.905,5.665,5.72,195380
2022-04-20T04:00:00Z,5.91,5.91,5.66,5.72,79081
2022-04-19T04:00:00Z,5.98,6.055,5.855,5.93,140294
2022-04-18T04:00:00Z,6.63,6.67,5.945,5.985,259059
2022-04-14T04:00:00Z,6.98,7.02,6.76,6.82,256328
2022-04-13T04:00:00Z,6.66,7.12,6.59,7.11,112660
2022-04-12T04:00:00Z,7.02,7.24,6.72,6.76,58244
2022-04-11T04:00:00Z,6.57,6.87,6.39,6.865,117691
2022-04-08T04:00:00Z,6.79,6.905,6.56,6.7,71493
2022-04-07T04:00:00Z,7.09,7.09,6.525,6.73,146858
2022-04-06T04:00:00Z,7.54,7.63,7.01,7.17,116823
2022-04-05T04:00:00Z,7.78,7.94,7.33,7.375,184540
2022-04-04T04:00:00Z,7.44,7.87,7.17,7.78,165497
2022-04-01T04:00:00Z,7.76,8,7.35,7.37,171649
2022-03-31T04:00:00Z,7.92,7.92,7.57,7.585,140874
2022-03-30T04:00:00Z,8.01,8.63,7.87,7.95,202261
2022-03-29T04:00:00Z,8.05,8.41,7.77,8.03,244292
2022-03-28T04:00:00Z,8.19,8.33,7.63,7.925,367877
2022-03-25T04:00:00Z,8.52,8.78,7.77,8.68,575458
2022-03-24T04:00:00Z,7.13,8.09,6.89,7.92,246510
2022-03-23T04:00:00Z,7.33,7.715,7.055,7.08,155917
2022-03-22T04:00:00Z,6.94,7.265,6.89,7.21,102674
2022-03-21T04:00:00Z,7.095,7.24,6.94,7.005,85140
2022-03-18T04:00:00Z,6.67,7.23,6.67,7.12,78596
2022-03-17T04:00:00Z,6.42,6.775,6.42,6.77,70552
2022-03-16T04:00:00Z,5.89,6.375,5.89,6.365,123182
2022-03-15T04:00:00Z,5.83,5.93,5.62,5.87,94091
2022-03-14T04:00:00Z,6.05,6.1,5.63,5.69,76187
2022-03-11T05:00:00Z,6.425,6.425,6.06,6.07,47872
2022-03-10T05:00:00Z,6.51,6.51,6.18,6.41,62821
2022-03-09T05:00:00Z,6.57,6.79,6.52,6.66,111339
2022-03-08T05:00:00Z,6.03,6.56,5.8,6.27,170631
2022-03-07T05:00:00Z,6.26,6.33,6.04,6.04,160893
2022-03-04T05:00:00Z,6.62,6.71,6.24,6.325,133198
2022-03-03T05:00:00Z,6.91,6.91,6.68,6.695,102479
2022-03-02T05:00:00Z,6.91,7.025,6.625,6.99,71875
2022-03-01T05:00:00Z,7.11,7.18,6.79,6.93,64898
2022-02-28T05:00:00Z,7,7.23,6.8,7.13,47589
2022-02-25T05:00:00Z,7.19,7.19,6.87,7.15,53380
2022-02-24T05:00:00Z,6.48,7.15,6.435,7.145,83647
2022-02-23T05:00:00Z,7.255,7.37,6.88,6.915,65512
2022-02-22T05:00:00Z,7.54,7.57,7.1,7.16,68824
2022-02-18T05:00:00Z,8.14,8.21,7.68,7.71,83390
2022-02-17T05:00:00Z,8.5,8.75,8.08,8.14,54669
2022-02-16T05:00:00Z,8.6,9.1,8.465,8.745,93242
2022-02-15T05:00:00Z,8.645,8.815,8.505,8.71,105481
2022-02-14T05:00:00Z,8.855,9.225,8.4,8.41,124801
2022-02-11T05:00:00Z,8.8,9.605,8.69,9.19,268990
2022-02-10T05:00:00Z,8.55,9.13,8.42,8.83,221442
2022-02-09T05:00:00Z,8.23,9.04,8.2,8.84,840604
2022-02-08T05:00:00Z,7.835,7.89,7.49,7.69,372042
2022-02-07T05:00:00Z,8.05,8.315,7.815,7.83,294338
2022-02-04T05:00:00Z,7.615,8.055,7.545,7.845,198740
2022-02-03T05:00:00Z,7.845,7.98,7.555,7.565,125540
2022-02-02T05:00:00Z,8.47,8.47,7.995,8.055,188341
2022-02-01T05:00:00Z,8.16,8.65,7.965,8.535,82688
2022-01-31T05:00:00Z,7.27,8.055,7.27,8.035,133690
2022-01-28T05:00:00Z,6.86,7.375,6.75,7.27,102573
2022-01-27T05:00:00Z,7.31,7.31,6.84,6.85,43438
2022-01-26T05:00:00Z,7.565,7.69,7.14,7.21,64379
2022-01-25T05:00:00Z,7.29,7.515,7.06,7.36,39868
2022-01-24T05:00:00Z,7.03,7.41,6.66,7.41,118290
2022-01-21T05:00:00Z,7.5,7.53,7.185,7.28,97683
2022-01-20T05:00:00Z,7.99,8.09,7.555,7.56,61170
2022-01-19T05:00:00Z,7.79,7.99,7.62,7.625,122421
2022-01-18T05:00:00Z,8.125,8.27,7.76,7.77,101157
2022-01-14T05:00:00Z,8.37,8.45,8.09,8.39,90176
2022-01-13T05:00:00Z,8.74,8.845,8.41,8.415,56541
2022-01-12T05:00:00Z,9.195,9.29,8.825,8.91,51959
2022-01-11T05:00:00Z,8.745,9.265,8.66,9.105,78980
2022-01-10T05:00:00Z,8.68,8.84,8.425,8.74,78076
2022-01-07T05:00:00Z,8.21,8.765,8.21,8.51,70777
2022-01-06T05:00:00Z,8.34,8.53,7.97,8.2,85793
2022-01-05T05:00:00Z,8.96,9.135,8.36,8.365,113770
2022-01-04T05:00:00Z,9.16,9.16,8.67,8.965,89877
2022-01-03T05:00:00Z,8.99,9.61,8.81,9.29,80291
2021-12-31T05:00:00Z,9.16,9.18,8.73,8.73,75416
2021-12-30T05:00:00Z,8.765,9.28,8.765,8.935,58978
2021-12-29T05:00:00Z,9.07,9.11,8.735,8.75,119498
2021-12-28T05:00:00Z,9.36,9.65,9.01,9.01,631548
2021-12-27T05:00:00Z,9.55,9.58,9.205,9.45,514226
2021-12-23T05:00:00Z,9.32,9.73,9.2,9.635,271244
2021-12-22T05:00:00Z,9.34,9.615,9.15,9.38,134064
2021-12-21T05:00:00Z,8.865,9.66,8.865,9.645,126438
2021-12-20T05:00:00Z,9.08,9.08,8.525,8.755,104156
2021-12-17T05:00:00Z,9.1,9.78,8.93,9.595,135271
2021-12-16T05:00:00Z,9.375,9.51,9.005,9.14,74108
2021-12-15T05:00:00Z,9,9.36,8.69,9.27,202352
2021-12-14T05:00:00Z,9.16,9.62,9.14,9.145,40227
2021-12-13T05:00:00Z,9.5,9.525,9.07,9.315,151402
2021-12-10T05:00:00Z,10.27,10.415,9.545,9.56,770996
2021-12-09T05:00:00Z,10.69,11.06,10.195,10.205,535091
2021-12-08T05:00:00Z,10.55,11.19,10.365,10.93,148823
2021-12-07T05:00:00Z,10.38,10.92,10.24,10.605,106551
2021-12-06T05:00:00Z,9.9,10.3,9.56,10.16,93594
2021-12-03T05:00:00Z,10.245,10.245,9.805,9.98,139825
2021-12-02T05:00:00Z,9.9,10.39,9.85,10.355,836765
2021-12-01T05:00:00Z,10.79,10.91,9.93,9.94,385888
2021-11-30T05:00:00Z,10.98,11.155,10.27,10.71,852862
2021-11-29T05:00:00Z,11.5,11.605,10.985,11.06,528083
2021-11-26T05:00:00Z,11.47,11.755,11.37,11.73,39108
2021-11-24T05:00:00Z,11.4,12,11.32,11.88,118142
2021-11-23T05:00:00Z,11.67,12.085,11.345,11.63,117315
2021-11-22T05:00:00Z,12.25,12.27,11.49,11.66,258681
2021-11-19T05:00:00Z,12.64,12.76,12,12.18,1105404
2021-11-18T05:00:00Z,13.54,13.57,12.27,12.345,650391
2021-11-17T05:00:00Z,14.16,14.5,13.58,13.595,54436
2021-11-16T05:00:00Z,14.24,14.57,13.88,14.38,68335
2021-11-15T05:00:00Z,15.46,15.93,14.445,14.46,115093
2021-11-12T05:00:00Z,13.94,15.27,13.925,15.27,180575
2021-11-11T05:00:00Z,13.18,13.695,13.18,13.51,49350
2021-11-10T05:00:00Z,13.55,14.325,12.995,13.1,115357
2021-11-09T05:00:00Z,12.765,14.06,12.315,13.975,78366
2021-11-08T05:00:00Z,11.79,13.105,11.455,12.98,284268
2021-11-05T04:00:00Z,12.59,12.62,11.325,11.79,411266
2021-11-04T04:00:00Z,13.6,13.6,13.085,13.265,27515
2021-11-03T04:00:00Z,13.145,13.63,13.145,13.555,49657
2021-11-02T04:00:00Z,13.17,13.17,12.88,13.08,37796
2021-11-01T04:00:00Z,12.505,13.42,12.505,13.26,48304
2021-10-29T04:00:00Z,12.96,12.96,12.61,12.64,14748
2021-10-28T04:00:00Z,12.82,13.12,12.725,13.005,27078
2021-10-27T04:00:00Z,13.26,13.33,12.765,12.79,62033
2021-10-26T04:00:00Z,13.455,13.555,13.055,13.18,56004
2021-10-25T04:00:00Z,13.38,13.62,13.21,13.57,48468
2021-10-22T04:00:00Z,14.08,14.08,13.26,13.37,24845
2021-10-21T04:00:00Z,14.31,14.64,13.99,14.04,35758
2021-10-20T04:00:00Z,14.34,14.43,13.7,14.11,65430
2021-10-19T04:00:00Z,13.25,14.315,13.25,14.315,87348
2021-10-18T04:00:00Z,13.21,13.48,13.075,13.21,34054
2021-10-15T04:00:00Z,13.55,13.67,13.25,13.35,37667
2021-10-14T04:00:00Z,13.805,14.425,13.68,13.7,118592
2021-10-13T04:00:00Z,13.28,13.47,13.19,13.295,31455
2021-10-12T04:00:00Z,13.005,13.37,13.005,13.14,23488
2021-10-11T04:00:00Z,13.17,13.255,13.045,13.055,17758
2021-10-08T04:00:00Z,13.53,13.73,13.175,13.22,20655
2021-10-07T04:00:00Z,13.28,13.87,13.17,13.53,20238
2021-10-06T04:00:00Z,13.15,13.33,12.99,13.175,19628
2021-10-05T04:00:00Z,13.03,13.535,13.03,13.37,45118
2021-10-04T04:00:00Z,13.18,13.18,12.87,12.935,55495
2021-10-01T04:00:00Z,13.63,13.655,13.135,13.41,66864
2021-09-30T04:00:00Z,13.7,14.015,13.45,13.86,36435
2021-09-29T04:00:00Z,13.89,14.04,13.68,13.75,44395
2021-09-28T04:00:00Z,14.51,14.945,14.16,14.225,57883
2021-09-27T04:00:00Z,14.01,14.795,13.99,14.72,71447
2021-09-24T04:00:00Z,14.29,14.29,13.86,13.905,65299
2021-09-23T04:00:00Z,14.63,14.81,14.43,14.545,25163
2021-09-22T04:00:00Z,13.84,14.485,13.84,14.17,50920
2021-09-21T04:00:00Z,13.65,13.91,13.4,13.515,60630
2021-09-20T04:00:00Z,14.21,14.24,13.36,13.52,42841
2021-09-17T04:00:00Z,14.93,14.93,14.56,14.7,20264
2021-09-16T04:00:00Z,14.775,15.04,14.74,14.85,12649
2021-09-15T04:00:00Z,14.58,14.95,14.58,14.78,18424
2021-09-14T04:00:00Z,14.94,15.35,14.54,14.625,39213
2021-09-13T04:00:00Z,15.17,15.34,14.78,15.035,29761
2021-09-10T04:00:00Z,15.74,15.74,15.075,15.08,38209
2021-09-09T04:00:00Z,15.72,15.835,15.535,15.72,46977
2021-09-08T04:00:00Z,16.79,16.81,15.755,15.84,60336
2021-09-07T04:00:00Z,16.96,17.34,16.88,16.88,75270
2021-09-03T04:00:00Z,17.42,17.62,16.82,16.96,48534
2021-09-02T04:00:00Z,16.98,17.7,16.89,17.45,21668
2021-09-01T04:00:00Z,17.415,17.5,16.835,16.87,21324
2021-08-31T04:00:00Z,17.25,17.715,17.225,17.23,33300
2021-08-30T04:00:00Z,17.14,17.14,16.72,16.91,40087
2021-08-27T04:00:00Z,17.125,17.385,17.125,17.175,18872
2021-08-26T04:00:00Z,17.47,17.99,16.985,17.115,23677
2021-08-25T04:00:00Z,17.22,17.74,17.22,17.615,12772
2021-08-24T04:00:00Z,17.305,17.77,17.285,17.75,16808
2021-08-23T04:00:00Z,17.205,17.335,16.975,17.24,18122
2021-08-20T04:00:00Z,16.375,16.85,16.32,16.665,14098
2021-08-19T04:00:00Z,16.835,16.85,16.48,16.49,10964
2021-08-18T04:00:00Z,17.27,17.79,16.99,17.245,15579
2021-08-17T04:00:00Z,17.36,17.65,17.08,17.44,14337
2021-08-16T04:00:00Z,17.9,17.9,17.41,17.535,20347
2021-08-13T04:00:00Z,18.195,18.3,17.88,18.05,31508
2021-08-12T04:00:00Z,18.955,18.955,18.45,18.545,15926
2021-08-11T04:00:00Z,19.225,19.225,18.82,18.895,15985
2021-08-10T04:00:00Z,19.655,19.8,19.2,19.465,40482
2021-08-09T04:00:00Z,19.04,19.12,18.61,19.105,34092
2021-08-06T04:00:00Z,19.17,19.365,18.37,19.16,49355
2021-08-05T04:00:00Z,18.375,19.68,18.375,19.14,53481
2021-08-04T04:00:00Z,18.71,18.845,18.29,18.29,23463
2021-08-03T04:00:00Z,18.65,18.78,18.37,18.78,19305
2021-08-02T04:00:00Z,19.06,19.33,18.805,18.805,16588
2021-07-30T04:00:00Z,19.26,19.51,18.8,18.91,14748
2021-07-29T04:00:00Z,19.605,20.08,19.31,19.535,33297
2021-07-28T04:00:00Z,18.84,19.84,18.83,19.615,73635
2021-07-27T04:00:00Z,19.615,19.615,18.05,18.355,51774
2021-07-26T04:00:00Z,19.61,20.02,19.37,19.71,13787
2021-07-23T04:00:00Z,19.55,19.77,19.32,19.615,14887
2021-07-22T04:00:00Z,20.215,20.215,19.705,19.81,14292
2021-07-21T04:00:00Z,20,20.44,19.87,20.44,20840
2021-07-20T04:00:00Z,19.55,20.055,19.02,19.95,13328
2021-07-19T04:00:00Z,19.04,19.61,19.04,19.38,26728
2021-07-16T04:00:00Z,20.37,20.37,19.505,19.59,20785
2021-07-15T04:00:00Z,20.4,20.66,19.83,20.35,70086
2021-07-14T04:00:00Z,22.115,22.115,20.57,20.655,34151
2021-07-13T04:00:00Z,22.51,23.41,22.085,22.1,23909
2021-07-12T04:00:00Z,21.87,22.395,21.87,22.23,4450
2021-07-09T04:00:00Z,21.94,22.24,21.76,22.115,7456
2021-07-08T04:00:00Z,21.49,21.99,21.295,21.8,22994
2021-07-07T04:00:00Z,22.88,23,21.88,22.2,39928
2021-07-06T04:00:00Z,22.94,23.395,22.8,22.885,21662
2021-07-02T04:00:00Z,23.99,23.99,23.205,23.29,9800
2021-07-01T04:00:00Z,24.12,24.3,23.68,23.95,14290
2021-06-30T04:00:00Z,23.93,24.52,23.84,24.18,9219
2021-06-29T04:00:00Z,24.72,25.23,24.165,24.33,19828
2021-06-28T04:00:00Z,24.94,25.46,24.76,24.88,12894
2021-06-25T04:00:00Z,24.8,25.03,24.52,24.62,8709
2021-06-24T04:00:00Z,24.01,24.83,23.96,24.74,46247
2021-06-23T04:00:00Z,23.55,23.89,23.42,23.58,14106
2021-06-22T04:00:00Z,23.21,23.36,23,23.36,13712
2021-06-21T04:00:00Z,23.05,23.46,22.5,23.43,12896
2021-06-18T04:00:00Z,23.62,23.66,22.95,23.02,28081
2021-06-17T04:00:00Z,23.73,24.35,23.73,23.95,8657
2021-06-16T04:00:00Z,24.57,24.6,23.705,24.12,31077
2021-06-15T04:00:00Z,24.77,25,24.305,24.505,12300
2021-06-14T04:00:00Z,25.9,26.31,24.93,25.12,31611
2021-06-11T04:00:00Z,25.63,26.16,25.63,25.83,24548
2021-06-10T04:00:00Z,25.62,25.855,25.14,25.645,39187
2021-06-09T04:00:00Z,25.71,26.77,25.59,25.71,56096
2021-06-08T04:00:00Z,25.76,25.85,24.88,25.48,24471
2021-06-07T04:00:00Z,24.15,25.83,24.15,25.63,27409
2021-06-04T04:00:00Z,25.5,25.59,24.18,24.24,50734
2021-06-03T04:00:00Z,25.74,26.88,25.27,25.28,75063
2021-06-02T04:00:00Z,24.46,25.76,24.165,25.575,64826
2021-06-01T04:00:00Z,26.08,26.11,24.09,24.31,134140
2021-05-28T04:00:00Z,24.8,26.545,24.74,26.06,89833
2021-05-27T04:00:00Z,25.03,25.03,24.02,24.72,40888
2021-05-26T04:00:00Z,24.39,24.54,23.84,24.32,31408
2021-05-25T04:00:00Z,23.71,24.7,23.71,24.16,59053
2021-05-24T04:00:00Z,23.02,23.1,22.365,22.67,25734
2021-05-21T04:00:00Z,23.03,23.23,22.76,22.98,20402
2021-05-20T04:00:00Z,22.86,23.31,22.7,22.96,9741
2021-05-19T04:00:00Z,22.93,22.93,22.51,22.825,5385
2021-05-18T04:00:00Z,23.49,23.845,23.27,23.43,8432
2021-05-17T04:00:00Z,22.85,23.395,22.65,23.135,11725
2021-05-14T04:00:00Z,22.605,23.22,22.33,22.945,21415
2021-05-13T04:00:00Z,23.2,23.305,21.735,22.12,19576
2021-05-12T04:00:00Z,24.03,24.03,22.61,22.89,36522
2021-05-11T04:00:00Z,22.57,24.06,22.52,23.905,19417
2021-05-10T04:00:00Z,25.3,25.3,24.05,24.18,16396
2021-05-07T04:00:00Z,24.57,26.02,24.57,25.27,54736
2021-05-06T04:00:00Z,25.4,25.4,23.95,24.37,35803
2021-05-05T04:00:00Z,25.935,25.935,25.12,25.41,18153
2021-05-04T04:00:00Z,25.47,25.67,24.86,25.66,15400
2021-05-03T04:00:00Z,26.94,26.94,25.44,25.56,24760
2021-04-30T04:00:00Z,27.21,27.75,26.715,26.935,9313
2021-04-29T04:00:00Z,27.91,27.98,26.73,27.385,16018
2021-04-28T04:00:00Z,26.74,28.375,26.74,28.185,41120
2021-04-27T04:00:00Z,27.79,27.79,26.835,26.92,21848
2021-04-26T04:00:00Z,27.41,27.59,27.08,27.495,11098
2021-04-23T04:00:00Z,26.34,27.56,26.23,27.41,21503
2021-04-22T04:00:00Z,27.09,27.32,26.32,26.55,12998
2021-04-21T04:00:00Z,25.11,27.17,25.11,27.16,34678
2021-04-20T04:00:00Z,27.31,27.31,25.16,25.59,29060
2021-04-19T04:00:00Z,28.04,28.63,27.01,27.46,14268
2021-04-16T04:00:00Z,27.43,27.87,27.02,27.79,24545
2021-04-15T04:00:00Z,27.97,28.26,27.18,27.42,22492
2021-04-14T04:00:00Z,27.95,28.3,27.59,27.75,17902
2021-04-13T04:00:00Z,27.17,28.07,27.05,27.915,11663
2021-04-12T04:00:00Z,28.585,28.585,27.385,27.63,38458
2021-04-09T04:00:00Z,28.43,29.45,28,28.97,46832
2021-04-08T04:00:00Z,29.41,29.56,28.21,28.465,68577
2021-04-07T04:00:00Z,30.75,30.89,29.655,29.93,50736
2021-04-06T04:00:00Z,31.87,31.93,30.84,30.89,30579
2021-04-05T04:00:00Z,32.59,32.61,31.605,31.86,19906
2021-04-01T04:00:00Z,32.575,33,31.96,32.05,27009
2021-03-31T04:00:00Z,32.44,33.25,32.05,32.095,67198
2021-03-30T04:00:00Z,31.245,31.84,30.81,31.72,10415
2021-03-29T04:00:00Z,32.29,32.7,31.19,31.19,22650
2021-03-26T04:00:00Z,32.93,32.97,31.41,32.11,20762
2021-03-25T04:00:00Z,30.35,32.625,30.31,32.6,21776
2021-03-24T04:00:00Z,32.72,33.06,31.22,31.29,44876
2021-03-23T04:00:00Z,33.29,33.64,32.23,32.38,20429
2021-03-22T04:00:00Z,34.46,34.57,33.31,33.45,13217
2021-03-19T04:00:00Z,34.255,34.62,33.785,34.41,10129
2021-03-18T04:00:00Z,35.3,35.41,33.26,33.37,38011
2021-03-17T04:00:00Z,33.56,35.29,33.39,35.05,24065
2021-03-16T04:00:00Z,35.8,35.8,33.19,33.77,37908
2021-03-15T04:00:00Z,34.76,36.05,34.36,35.56,28264
2021-03-12T05:00:00Z,33.375,34.66,32.65,34.21,58871
2021-03-11T05:00:00Z,32.66,34.365,32.66,34.29,50021
2021-03-10T05:00:00Z,33.75,34.23,31.715,31.92,22767
2021-03-09T05:00:00Z,31.615,33.48,31.615,33.005,39390
2021-03-08T05:00:00Z,31.1,32.1,30.7,30.91,27927
2021-03-05T05:00:00Z,31.16,31.37,28.055,31.165,58347
2021-03-04T05:00:00Z,33.27,33.46,29.885,31.04,45290
2021-03-03T05:00:00Z,35.32,35.45,33,33.25,43585
2021-03-02T05:00:00Z,35.05,37.01,34.9,35.25,19671
2021-03-01T05:00:00Z,33.69,35.26,33.69,34.7,17318
2021-02-26T05:00:00Z,33.055,34.255,32.28,32.75,39271
2021-02-25T05:00:00Z,35.71,36.13,32.935,33.23,67408
2021-02-24T05:00:00Z,35.655,36.265,34.91,35.61,23449
2021-02-23T05:00:00Z,34.68,35.55,31.55,35.31,97723
2021-02-22T05:00:00Z,38.18,38.87,36.92,36.98,53873
2021-02-19T05:00:00Z,37.69,39.49,37.53,38.6,37432
2021-02-18T05:00:00Z,39.68,41.11,36.52,36.57,32739
2021-02-17T05:00:00Z,41.5,41.57,39.94,40.51,20331
2021-02-16T05:00:00Z,41.03,43.31,40.67,42.105,30971
2021-02-12T05:00:00Z,39.11,42.67,38.155,40.31,97974
2021-02-11T05:00:00Z,47.5,47.575,39.51,40.645,238020
2021-02-10T05:00:00Z,52.56,56.415,48.11,52.13,165805
2021-02-09T05:00:00Z,44.45,50.905,44.19,49.09,262820
2021-02-08T05:00:00Z,43.09,44.45,43.09,43.89,27088
2021-02-05T05:00:00Z,43.62,43.86,42.37,42.91,34822
2021-02-04T05:00:00Z,45.01,45.19,43.25,44.115,51431
2021-02-03T05:00:00Z,42.545,45.35,42.265,44.95,76101
2021-02-02T05:00:00Z,40.76,42.79,40.55,41.73,80930
2021-02-01T05:00:00Z,39.85,40.37,39.05,40.05,33313
2021-01-29T05:00:00Z,40.15,41.71,39.485,40.07,168990
2021-01-28T05:00:00Z,37.54,40.405,37.54,40.37,129771
2021-01-27T05:00:00Z,34.4,39.06,34.4,37.79,200588
2021-01-26T05:00:00Z,33.335,36.11,33.335,35.525,78620
2021-01-25T05:00:00Z,33.55,33.92,32.485,32.89,76988
2021-01-22T05:00:00Z,33.49,33.875,33.205,33.8,19087
2021-01-21T05:00:00Z,33.69,34.04,32.98,33.57,17952
2021-01-20T05:00:00Z,33.91,34.52,33.32,33.66,25454
2021-01-19T05:00:00Z,33.48,33.81,32.36,33.55,28679
2021-01-15T05:00:00Z,34.66,35.02,32.82,33.365,67633
2021-01-14T05:00:00Z,32.83,34.64,32.79,34.58,67126
2021-01-13T05:00:00Z,31.165,32.94,31.165,32.17,30542
2021-01-12T05:00:00Z,31.57,31.95,30.54,30.93,45353
2021-01-11T05:00:00Z,29.62,32.36,29.62,31.45,90088
2021-01-08T05:00:00Z,30.21,30.82,29.44,30.175,92995
2021-01-07T05:00:00Z,31.46,32.21,30.43,30.59,99132
2021-01-06T05:00:00Z,29.96,31.81,29.42,30.15,174014
2021-01-05T05:00:00Z,26.43,27.56,26.06,27.01,69256
2021-01-04T05:00:00Z,25.01,27.15,25.01,26.1,62578
2020-12-31T05:00:00Z,24.93,25.17,24.62,24.62,11439
2020-12-30T05:00:00Z,24.37,25.595,24.32,25.22,9322
2020-12-29T05:00:00Z,25.19,25.23,24.25,24.25,22732
2020-12-28T05:00:00Z,25.83,25.96,24.63,24.675,36067
2020-12-24T05:00:00Z,26.61,26.61,25.795,25.795,11779
2020-12-23T05:00:00Z,25.75,27.98,25.75,27.02,34415
2020-12-22T05:00:00Z,25.43,26.12,25.39,25.89,25447
2020-12-21T05:00:00Z,25.07,25.71,25.07,25.52,16594
2020-12-18T05:00:00Z,26.13,26.47,25.81,25.99,7534
2020-12-17T05:00:00Z,26.31,26.69,26.13,26.2,16817
2020-12-16T05:00:00Z,27.04,27.05,26.09,26.385,24127
2020-12-15T05:00:00Z,25.185,26.76,25.06,26.76,51698
2020-12-14T05:00:00Z,26.59,26.84,25.3,25.33,29612
2020-12-11T05:00:00Z,27.2,27.21,26.37,26.52,44332
2020-12-10T05:00:00Z,26.75,27.57,26.75,27.34,18484
2020-12-09T05:00:00Z,28.72,28.93,26.795,27.21,25216
2020-12-08T05:00:00Z,28.23,28.84,28,28.84,31656
2020-12-07T05:00:00Z,28.88,28.9,27.79,28.37,20812
2020-12-04T05:00:00Z,29.3,29.43,27.97,28.58,61646
2020-12-03T05:00:00Z,28.3,29.18,27.73,28.59,20128
2020-12-02T05:00:00Z,27.635,28.56,27.635,28.14,99124
2020-12-01T05:00:00Z,29.165,29.165,26.645,26.68,30571
2020-11-30T05:00:00Z,28.97,29.435,27.73,28.77,43129
2020-11-27T05:00:00Z,27.06,29.07,27.05,28.99,38328
2020-11-25T05:00:00Z,26.44,27.25,25.97,26.84,12597
2020-11-24T05:00:00Z,25.97,27.605,25.82,26.95,83976
2020-11-23T05:00:00Z,24.025,25.025,23.73,24.73,22534
2020-11-20T05:00:00Z,23.87,24.14,23.51,23.72,19368
2020-11-19T05:00:00Z,23.71,24.1,23.71,23.865,16914
2020-11-18T05:00:00Z,24.87,25.03,23.71,23.715,53480
2020-11-17T05:00:00Z,24.62,25.35,24.485,24.5,22571
2020-11-16T05:00:00Z,24.4,25.14,24.14,24.76,62145
2020-11-13T05:00:00Z,23.95,24.59,23.56,24.425,55133
2020-11-12T05:00:00Z,24.08,24.63,23.53,23.79,68663
2020-11-11T05:00:00Z,23.65,24.675,23.03,24.25,52779
2020-11-10T05:00:00Z,23.79,24.53,22.56,23.71,101198
2020-11-09T05:00:00Z,26.95,26.95,24.21,24.57,151617
2020-11-06T05:00:00Z,21.94,24.94,21.9,23.49,298299
2020-11-05T05:00:00Z,20.22,21.64,19.715,21.2,118432
2020-11-04T05:00:00Z,19.02,19.55,18.33,19,124996
2020-11-03T05:00:00Z,20.99,21,19.57,20.49,102953
2020-11-02T05:00:00Z,19.09,21.65,19.09,20.93,72575
2020-10-30T04:00:00Z,18.72,18.8,18.18,18.78,47548
2020-10-29T04:00:00Z,18.175,18.935,18.165,18.78,14521
2020-10-28T04:00:00Z,18.15,18.96,18.14,18.33,27867
2020-10-27T04:00:00Z,18.73,19.29,18.66,18.675,25015
2020-10-26T04:00:00Z,19.56,19.57,18.435,18.51,32040
2020-10-23T04:00:00Z,20.14,20.23,19.55,19.75,28651
2020-10-22T04:00:00Z,19.68,20.43,19.35,20.28,51649
2020-10-21T04:00:00Z,19.29,20.31,19.29,19.51,34152
2020-10-20T04:00:00Z,19.45,19.61,18.63,18.89,114346
2020-10-19T04:00:00Z,17.93,19.85,17.89,19.85,181018
2020-10-16T04:00:00Z,17.82,18.22,17.74,17.79,31928
2020-10-15T04:00:00Z,17.75,18.12,17.55,18.055,11600
2020-10-14T04:00:00Z,18.85,18.85,18.215,18.335,13626
2020-10-13T04:00:00Z,18.99,19,18.22,18.7,46992
2020-10-12T04:00:00Z,18.27,20.12,18.27,19.63,461384
2020-10-09T04:00:00Z,18.03,18.64,17.58,18.05,116867
2020-10-08T04:00:00Z,16.13,17.68,15.9,17.63,57203
2020-10-07T04:00:00Z,14.64,15.665,14.6,15.53,19933
2020-10-06T04:00:00Z,14.895,14.895,14.275,14.34,17363
2020-10-05T04:00:00Z,14.17,15.01,14.17,14.93,15421
2020-10-02T04:00:00Z,13.865,14.15,13.865,14.05,30383
2020-10-01T04:00:00Z,14.47,14.47,14.055,14.2,29561
2020-09-30T04:00:00Z,14.51,14.745,14.275,14.31,17847
2020-09-29T04:00:00Z,14.16,14.79,14.16,14.485,16905
2020-09-28T04:00:00Z,14.2,14.445,13.99,14.185,43710
2020-09-25T04:00:00Z,14.13,14.25,13.905,14.14,17200
2020-09-24T04:00:00Z,14.3,14.53,13.93,14.235,16574
2020-09-23T04:00:00Z,16.01,16.02,14.305,14.605,69801
2020-09-22T04:00:00Z,15.71,16.07,15.54,16.01,16312
2020-09-21T04:00:00Z,16.1,16.1,15.46,15.725,22552
2020-09-18T04:00:00Z,16.29,16.53,16.225,16.355,21732
2020-09-17T04:00:00Z,16.24,16.43,16.19,16.395,8528
2020-09-16T04:00:00Z,16.54,16.99,16.475,16.475,11217
2020-09-15T04:00:00Z,16.79,16.8,16.405,16.42,13525
2020-09-14T04:00:00Z,16.19,16.52,16.09,16.44,12028
2020-09-11T04:00:00Z,16.51,16.51,15.945,16.17,21543
2020-09-10T04:00:00Z,16.52,17.05,16.36,16.435,357308
2020-09-09T04:00:00Z,15.71,16.475,15.71,16.36,62850
2020-09-08T04:00:00Z,15.78,16.03,15.59,15.595,30957
2020-09-04T04:00:00Z,16.42,16.55,15.58,16.21,31014
2020-09-03T04:00:00Z,16.29,16.76,15.97,16.43,33173
2020-09-02T04:00:00Z,16.45,16.45,16.12,16.365,24714
2020-09-01T04:00:00Z,16.35,16.58,16.225,16.425,10765
2020-08-31T04:00:00Z,16.91,16.91,16.23,16.515,20771
2020-08-28T04:00:00Z,16.575,17.06,16.575,16.91,6319
2020-08-27T04:00:00Z,16.485,16.67,16.36,16.51,15774
2020-08-26T04:00:00Z,16.79,16.81,16.41,16.51,22503
2020-08-25T04:00:00Z,16.49,16.775,16.36,16.775,24694
2020-08-24T04:00:00Z,16.18,16.49,15.995,16.42,11070
2020-08-21T04:00:00Z,16.115,16.16,15.965,16.045,16425
2020-08-20T04:00:00Z,16.5,16.5,16.05,16.295,36038
2020-08-19T04:00:00Z,16.77,16.94,16.625,16.63,6678
2020-08-18T04:00:00Z,17.09,17.09,16.58,16.925,8338
2020-08-17T04:00:00Z,17.15,17.15,16.79,16.98,23664
2020-08-14T04:00:00Z,17.33,17.43,17.05,17.195,20366
2020-08-13T04:00:00Z,17.28,17.57,17.195,17.32,31099
2020-08-12T04:00:00Z,17.17,17.5,16.93,17.25,30845
2020-08-11T04:00:00Z,17.91,17.91,16.9,16.95,35040
2020-08-10T04:00:00Z,18.17,18.805,17.87,17.88,63502
2020-08-07T04:00:00Z,17.63,17.69,16.595,16.62,71840
2020-08-06T04:00:00Z,18.93,18.93,17.47,17.515,47309
2020-08-05T04:00:00Z,19.3,19.41,18.935,19.215,48728
2020-08-04T04:00:00Z,18.85,19.65,18.73,19.32,21284
2020-08-03T04:00:00Z,18.33,19.155,18.25,19.05,16902
2020-07-31T04:00:00Z,18.65,19.3,18.155,18.25,24238
2020-07-30T04:00:00Z,18.26,18.895,18.17,18.58,15977
2020-07-29T04:00:00Z,19.2,19.24,18.46,18.505,27138
2020-07-28T04:00:00Z,17.32,19.55,17.17,19.48,82263
2020-07-27T04:00:00Z,16.63,17.255,16.63,16.955,10151
