2024-06-14T04:00:00Z,23.07,23.205,21.74,22.13,127418
2024-06-13T04:00:00Z,22.7,23.55,22.625,23.255,148352
2024-06-12T04:00:00Z,23.14,23.56,22.4,22.4,86221
2024-06-11T04:00:00Z,22.67,23.055,22.27,22.845,97982
2024-06-10T04:00:00Z,22.59,22.9,22.12,22.685,203508
2024-06-07T04:00:00Z,23.79,24.14,22.77,22.775,250766
2024-06-06T04:00:00Z,22.545,23.99,22.52,23.865,242087
2024-06-05T04:00:00Z,22.43,23.05,22.235,22.61,120065
2024-06-04T04:00:00Z,22.125,23.05,22.125,22.225,175374
2024-06-03T04:00:00Z,21.7,22.39,21.43,22.135,70598
2024-05-31T04:00:00Z,21.575,21.73,20.53,21.23,110137
2024-05-30T04:00:00Z,21.82,22.65,21.13,21.555,333015
2024-05-29T04:00:00Z,19.35,22.05,19.17,21.495,647034
2024-05-28T04:00:00Z,16.78,17.03,16.465,16.905,399647
2024-05-24T04:00:00Z,16.365,16.68,16.12,16.6,123591
2024-05-23T04:00:00Z,16.345,16.535,16.065,16.26,150095
2024-05-22T04:00:00Z,16.85,17.2,16.355,16.39,110766
2024-05-21T04:00:00Z,16.2,16.765,16.15,16.715,84672
2024-05-20T04:00:00Z,16.11,16.285,15.79,16.275,64860
2024-05-17T04:00:00Z,16.635,16.64,15.81,16.05,213837
2024-05-16T04:00:00Z,16.465,16.96,16.45,16.96,110154
2024-05-15T04:00:00Z,17.035,17.055,16.32,16.35,111111
2024-05-14T04:00:00Z,16.555,17.3,16.555,16.825,340109
2024-05-13T04:00:00Z,15.59,16.46,15.59,16.105,215338
2024-05-10T04:00:00Z,16.505,16.57,15.275,15.44,102327
2024-05-09T04:00:00Z,15.61,16.405,15.51,16.405,179888
2024-05-08T04:00:00Z,15.18,15.675,15.18,15.44,98846
2024-05-07T04:00:00Z,15.9,15.9,15.385,15.47,89632
2024-05-06T04:00:00Z,16.07,16.375,15.98,15.98,138411
2024-05-03T04:00:00Z,16.19,16.445,15.83,15.89,67526
2024-05-02T04:00:00Z,15.295,15.965,14.88,15.94,197849
2024-05-01T04:00:00Z,14.86,15.485,14.85,15.05,137373
2024-04-30T04:00:00Z,15.29,15.525,14.975,14.99,46590
2024-04-29T04:00:00Z,15.98,16.205,15.515,15.765,104001
2024-04-26T04:00:00Z,15.58,16.095,15.445,15.83,97138
2024-04-25T04:00:00Z,14.96,15.4,14.69,15.4,93498
2024-04-24T04:00:00Z,15.57,15.61,15.075,15.075,118517
2024-04-23T04:00:00Z,15.475,16.2,15.475,15.595,138680
2024-04-22T04:00:00Z,16.23,16.37,15.665,15.7,151941
2024-04-19T04:00:00Z,16.29,16.575,16.04,16.14,164307
2024-04-18T04:00:00Z,16.48,16.78,16.12,16.12,176680
2024-04-17T04:00:00Z,16.7,16.82,16.215,16.56,157266
2024-04-16T04:00:00Z,16.48,17.19,15.985,16.55,158040
2024-04-15T04:00:00Z,17.585,17.84,16.545,16.55,319613
2024-04-12T04:00:00Z,18.3,18.355,17.355,17.65,311658
2024-04-11T04:00:00Z,17.84,18.69,17.62,18.55,431895
2024-04-10T04:00:00Z,17.14,17.455,16.79,17.41,137065
2024-04-09T04:00:00Z,17.03,17.62,17.01,17.57,203610
2024-04-08T04:00:00Z,17.23,17.415,16.78,16.825,110845
2024-04-05T04:00:00Z,16.22,17.085,16.155,17.085,322456
2024-04-04T04:00:00Z,15.965,16.785,15.965,16.37,298833
2024-04-03T04:00:00Z,15.59,15.915,15.34,15.76,216036
2024-04-02T04:00:00Z,15.79,15.83,15.395,15.77,189018
2024-04-01T04:00:00Z,15.94,16.12,15.595,16.1,175069
2024-03-28T04:00:00Z,15.775,16.035,15.625,15.905,157232
2024-03-27T04:00:00Z,15.29,15.69,15.16,15.65,141588
2024-03-26T04:00:00Z,15.48,15.61,15.085,15.265,223539
2024-03-25T04:00:00Z,16.385,16.56,15.23,15.41,455638
2024-03-22T04:00:00Z,15.955,16.66,15.66,16.61,301318
2024-03-21T04:00:00Z,16.75,17.275,15.91,15.925,581561
2024-03-20T04:00:00Z,17.02,17.75,16.8,17.74,314790
2024-03-19T04:00:00Z,16.32,16.985,16.27,16.685,165420
2024-03-18T04:00:00Z,17.35,17.38,16.82,16.82,173158
2024-03-15T04:00:00Z,17.135,17.58,17.06,17.37,233470
2024-03-14T04:00:00Z,17.935,18.09,17.035,17.23,259394
2024-03-13T04:00:00Z,17.81,18.45,17.81,18,86123
2024-03-12T04:00:00Z,18.4,18.715,17.97,17.98,177117
2024-03-11T04:00:00Z,17.81,18.445,17.79,18.255,176399
2024-03-08T05:00:00Z,17.845,18.185,17.625,17.69,158037
2024-03-07T05:00:00Z,17.35,17.715,17.245,17.49,109833
2024-03-06T05:00:00Z,17.715,17.8,17.02,17.26,111227
2024-03-05T05:00:00Z,17.39,17.72,17.055,17.365,124274
2024-03-04T05:00:00Z,17.93,18.06,17.57,17.72,172763
2024-03-01T05:00:00Z,17.71,18.15,17.42,18.03,168676
2024-02-29T05:00:00Z,17.14,17.715,17.08,17.635,245166
2024-02-28T05:00:00Z,16.98,17.395,16.88,16.915,76952
2024-02-27T05:00:00Z,16.785,17.525,16.59,17.235,176231
2024-02-26T05:00:00Z,16.155,16.87,16.155,16.605,228316
2024-02-23T05:00:00Z,16.22,16.335,15.79,16.11,282622
2024-02-22T05:00:00Z,16.255,16.35,15.88,16.075,189792
2024-02-21T05:00:00Z,16.35,16.35,15.85,16.06,200228
2024-02-20T05:00:00Z,16.8,16.93,16.5,16.5,232047
2024-02-16T05:00:00Z,17.275,17.32,16.715,16.785,200629
2024-02-15T05:00:00Z,17.465,17.72,17.285,17.455,165425
2024-02-14T05:00:00Z,16.945,17.45,16.77,17.44,109821
2024-02-13T05:00:00Z,16.84,17.165,16.56,16.735,205784
2024-02-12T05:00:00Z,17.525,17.875,17.375,17.53,143473
2024-02-09T05:00:00Z,16.74,17.515,16.735,17.405,189345
2024-02-08T05:00:00Z,16.86,17.3,16.545,16.575,187781
2024-02-07T05:00:00Z,17.01,17.08,16.79,16.915,84399
2024-02-06T05:00:00Z,16.92,17.265,16.745,17.135,128783
2024-02-05T05:00:00Z,17.41,17.41,16.8,16.895,233005
2024-02-02T05:00:00Z,17.525,18.045,17.27,17.835,341517
2024-02-01T05:00:00Z,18.065,18.215,17.42,17.905,137002
2024-01-31T05:00:00Z,18.12,18.595,17.8,17.805,189968
2024-01-30T05:00:00Z,19.175,19.255,18.345,18.345,278991
2024-01-29T05:00:00Z,19.36,19.525,18.725,19.485,202057
2024-01-26T05:00:00Z,19.96,20.205,19.36,19.375,137530
2024-01-25T05:00:00Z,19.41,19.91,19.155,19.86,132967
2024-01-24T05:00:00Z,20.32,20.385,19.45,19.45,113928
2024-01-23T05:00:00Z,20.115,20.705,19.7,19.86,157135
2024-01-22T05:00:00Z,19.515,20.39,19.42,19.64,170273
2024-01-19T05:00:00Z,19.55,19.555,19.03,19.345,139650
2024-01-18T05:00:00Z,19.275,19.365,18.66,19.285,303706
2024-01-17T05:00:00Z,18.51,18.995,18.235,18.995,236922
2024-01-16T05:00:00Z,18.86,19.14,18.35,18.77,210528
2024-01-12T05:00:00Z,20.275,20.44,19.035,19.13,257130
2024-01-11T05:00:00Z,20.54,20.72,19.6,20.02,418596
2024-01-10T05:00:00Z,19.92,20.47,19.85,19.95,570324
2024-01-09T05:00:00Z,20.5,21.9,20.48,21.15,228343
2024-01-08T05:00:00Z,20.475,20.835,20.2,20.68,210434
2024-01-05T05:00:00Z,20.29,21.01,20.28,20.43,122017
2024-01-04T05:00:00Z,20.78,21.13,20.645,20.72,106205
2024-01-03T05:00:00Z,21.71,21.84,20.84,20.885,179626
2024-01-02T05:00:00Z,23.24,23.5,22.145,22.35,239552
2023-12-29T05:00:00Z,24.35,24.73,23.575,23.63,175538
2023-12-28T05:00:00Z,24.55,24.845,24.275,24.6,79631
2023-12-27T05:00:00Z,23.87,24.84,23.71,24.715,89958
2023-12-26T05:00:00Z,24.56,24.56,23.555,23.76,119754
2023-12-22T05:00:00Z,24.75,25.22,23.57,24.445,184748
2023-12-21T05:00:00Z,24.04,25.08,23.69,25.07,195607
2023-12-20T05:00:00Z,23.27,23.965,23.065,23.41,392127
2023-12-19T05:00:00Z,22.72,23.73,22.48,23.7,361008
2023-12-18T05:00:00Z,20.73,22.255,20.73,21.68,198314
2023-12-15T05:00:00Z,21.01,21.565,20.52,21.03,423589
2023-12-14T05:00:00Z,21.465,22.24,20.115,20.18,519750
2023-12-13T05:00:00Z,19.84,20.46,18.71,20.45,289032
2023-12-12T05:00:00Z,20.12,20.12,19.18,19.81,202990
2023-12-11T05:00:00Z,19.53,20.805,19.365,20.26,232242
2023-12-08T05:00:00Z,19.55,19.56,18.52,19.34,269384
2023-12-07T05:00:00Z,16.98,19.36,16.9,19.23,732652
2023-12-06T05:00:00Z,18.805,19.87,18.715,19.35,289799
2023-12-05T05:00:00Z,18.425,18.805,18.02,18.4,266782
2023-12-04T05:00:00Z,18.3,19.71,18.29,18.705,369945
2023-12-01T05:00:00Z,17.38,18.425,17.1,18.325,367299
2023-11-30T05:00:00Z,17.825,17.895,17.225,17.39,279306
2023-11-29T05:00:00Z,18.795,19.105,17.73,17.73,281799
2023-11-28T05:00:00Z,18.24,18.83,18.185,18.705,134665
2023-11-27T05:00:00Z,20.09,20.09,18.33,18.34,365655
2023-11-24T05:00:00Z,20.57,20.625,20.24,20.31,66277
2023-11-22T05:00:00Z,20.685,20.875,20.355,20.445,92832
2023-11-21T05:00:00Z,20.225,20.9,20.225,20.71,134125
2023-11-20T05:00:00Z,20.46,21.075,20.36,20.585,68915
2023-11-17T05:00:00Z,20.15,20.88,20.15,20.54,91169
2023-11-16T05:00:00Z,20.82,20.82,19.75,19.97,134210
2023-11-15T05:00:00Z,20.31,21.63,20.31,21.18,139545
2023-11-14T05:00:00Z,20.455,21.025,19.955,20.16,376671
2023-11-13T05:00:00Z,19.8,19.83,19.35,19.4,135662
2023-11-10T05:00:00Z,19.665,19.95,19.025,19.95,112172
2023-11-09T05:00:00Z,21.12,21.43,19.825,19.87,139293
2023-11-08T05:00:00Z,20.72,21.37,20.58,20.97,79491
2023-11-07T05:00:00Z,20.66,21.06,20.4,21.05,101395
2023-11-06T05:00:00Z,21.09,21.18,20.305,20.63,172829
2023-11-03T04:00:00Z,20.69,21.19,20.44,21.15,236278
2023-11-02T04:00:00Z,19.69,20.08,19.24,20.06,138779
2023-11-01T04:00:00Z,19.3,19.39,18.69,19.145,138416
2023-10-31T04:00:00Z,19.435,19.505,18.79,19.34,322103
2023-10-30T04:00:00Z,18.205,18.59,17.885,18.58,111063
2023-10-27T04:00:00Z,18.085,18.55,17.975,18.02,199409
2023-10-26T04:00:00Z,16.97,18.06,16.76,17.99,234323
2023-10-25T04:00:00Z,16.89,17.095,16.62,16.87,105766
2023-10-24T04:00:00Z,16.945,17.385,16.94,17.115,173922
2023-10-23T04:00:00Z,16.63,17.36,16.56,16.86,214085
2023-10-20T04:00:00Z,16.765,16.96,16.55,16.81,156095
2023-10-19T04:00:00Z,17.08,17.445,16.76,16.88,182083
2023-10-18T04:00:00Z,18.24,18.26,17.14,17.2,168127
2023-10-17T04:00:00Z,17.34,18.5,17.315,18.37,138125
2023-10-16T04:00:00Z,16.97,17.72,16.6,17.5,141495
2023-10-13T04:00:00Z,17.2,17.32,16.755,17.01,247911
2023-10-12T04:00:00Z,18.895,18.955,17.34,17.35,139007
2023-10-11T04:00:00Z,19.04,19.09,18.465,18.8,92095
2023-10-10T04:00:00Z,18.39,19.005,18.365,18.74,131166
2023-10-09T04:00:00Z,18.54,18.6,18.22,18.375,94119
2023-10-06T04:00:00Z,18.24,19.04,18.08,18.755,127295
2023-10-05T04:00:00Z,18.39,18.48,17.765,18.445,163523
2023-10-04T04:00:00Z,18.22,18.38,17.95,18.31,96637
2023-10-03T04:00:00Z,18.39,18.615,17.76,18.02,120984
2023-10-02T04:00:00Z,18.34,18.68,17.83,18.6,232373
2023-09-29T04:00:00Z,18.51,18.62,18.13,18.26,130111
2023-09-28T04:00:00Z,17.62,18.37,17.59,18.26,175942
2023-09-27T04:00:00Z,17.8,17.965,17.545,17.67,205602
2023-09-26T04:00:00Z,18.16,18.25,17.65,17.675,156239
2023-09-25T04:00:00Z,17.98,18.325,17.87,18.28,291274
2023-09-22T04:00:00Z,18.41,18.54,17.9,18.16,433628
2023-09-21T04:00:00Z,18.15,18.345,17.97,18.17,284718
2023-09-20T04:00:00Z,19.11,19.19,18.38,18.4,249385
2023-09-19T04:00:00Z,18.95,19.685,18.95,19.445,171011
2023-09-18T04:00:00Z,20.06,20.14,19.185,19.19,248979
2023-09-15T04:00:00Z,21.18,21.22,20.095,20.155,388240
2023-09-14T04:00:00Z,21.54,21.6,21.05,21.265,137275
2023-09-13T04:00:00Z,21.8,22.05,21.49,21.495,91855
2023-09-12T04:00:00Z,22.19,22.52,21.87,21.87,131397
2023-09-11T04:00:00Z,23.15,23.15,22.29,22.36,205276
2023-09-08T04:00:00Z,23.48,23.69,22.97,23,131600
2023-09-07T04:00:00Z,23.775,24.03,23.17,23.58,186412
2023-09-06T04:00:00Z,24.71,25.42,24.29,24.42,148839
2023-09-05T04:00:00Z,24.65,25.28,24.12,24.4,231392
2023-09-01T04:00:00Z,24.17,24.78,24.005,24.67,325632
2023-08-31T04:00:00Z,25,25.055,23.06,23.98,842221
2023-08-30T04:00:00Z,27.3,27.725,26.97,27.32,351886
2023-08-29T04:00:00Z,26.245,27.695,26.18,27.29,212523
2023-08-28T04:00:00Z,25.875,26.21,25.79,26.1,130616
2023-08-25T04:00:00Z,25.86,25.935,25.32,25.765,110878
2023-08-24T04:00:00Z,25.965,26.105,25.59,25.77,205641
2023-08-23T04:00:00Z,26.61,26.82,26.14,26.165,225372
2023-08-22T04:00:00Z,27.54,27.65,26.65,26.69,95996
2023-08-21T04:00:00Z,27.22,27.95,27.22,27.415,215683
2023-08-18T04:00:00Z,26.99,27.905,26.96,27.49,132536
2023-08-17T04:00:00Z,28.445,28.445,27.55,27.62,88593
2023-08-16T04:00:00Z,29.2,29.22,28.25,28.335,340795
2023-08-15T04:00:00Z,30.02,30.2,29.335,29.34,190544
2023-08-14T04:00:00Z,30.705,30.735,29.93,30.205,149417
2023-08-11T04:00:00Z,30.945,31.25,30.65,30.89,156456
2023-08-10T04:00:00Z,30.85,31.555,30.635,31.11,119906
2023-08-09T04:00:00Z,31.31,31.59,30.43,30.51,120542
2023-08-08T04:00:00Z,31.82,31.82,31.01,31.23,131769
2023-08-07T04:00:00Z,32.25,32.9,31.665,32.11,163518
2023-08-04T04:00:00Z,33.04,33.15,32.22,32.475,55560
2023-08-03T04:00:00Z,32.095,32.92,31.76,32.815,101849
2023-08-02T04:00:00Z,32.935,32.96,32.305,32.41,90796
2023-08-01T04:00:00Z,33.34,33.74,33.11,33.54,59108
2023-07-31T04:00:00Z,33.835,34.33,33.715,33.88,75411
2023-07-28T04:00:00Z,33.09,33.65,33.09,33.6,104478
2023-07-27T04:00:00Z,34.115,34.385,32.435,32.71,234513
2023-07-26T04:00:00Z,33.47,33.845,32.93,33.53,183962
2023-07-25T04:00:00Z,33.95,34.385,33.55,33.77,164587
2023-07-24T04:00:00Z,35.16,35.16,33.815,33.875,168333
2023-07-21T04:00:00Z,36.035,36.035,34.655,35.335,147381
2023-07-20T04:00:00Z,37.69,37.69,35.08,35.105,280027
2023-07-19T04:00:00Z,38.34,38.94,37.59,38.05,221384
2023-07-18T04:00:00Z,38.02,38.245,37.7,38.05,218372
2023-07-17T04:00:00Z,39.16,39.22,37.21,37.91,347415
2023-07-14T04:00:00Z,37.605,38.79,37.605,37.98,63529
2023-07-13T04:00:00Z,37.65,38.4,37.545,37.7,95302
2023-07-12T04:00:00Z,38.67,38.67,36.95,37.36,114012
2023-07-11T04:00:00Z,37.11,38.94,37,38.57,111116
2023-07-10T04:00:00Z,36.57,37.63,36.3,36.885,100195
2023-07-07T04:00:00Z,36.815,37.29,36.57,36.69,72493
2023-07-06T04:00:00Z,37.76,38,36.49,36.75,89799
2023-07-05T04:00:00Z,38.3,38.305,36.45,37.795,110542
2023-07-03T04:00:00Z,39.3,39.35,38.335,38.43,52871
2023-06-30T04:00:00Z,39.03,39.76,38.87,39.475,98093
2023-06-29T04:00:00Z,39.23,39.42,38.28,38.66,62504
2023-06-28T04:00:00Z,38.945,40.205,38.94,38.995,94965
2023-06-27T04:00:00Z,38.645,38.805,38.31,38.58,57145
2023-06-26T04:00:00Z,39.095,39.78,38.01,38.015,68337
2023-06-23T04:00:00Z,37.78,39.59,37.63,39.25,96353
2023-06-22T04:00:00Z,38.245,39.01,37.71,38.7,89293
2023-06-21T04:00:00Z,38.645,38.985,37.91,38.21,83091
2023-06-20T04:00:00Z,39.145,39.88,38.28,38.34,104278
2023-06-16T04:00:00Z,40.57,40.57,38.965,39.65,143227
2023-06-15T04:00:00Z,38.9,40.77,38.425,40.51,225954
2023-06-14T04:00:00Z,39.68,40.285,39.08,39.735,153780
2023-06-13T04:00:00Z,38.745,39.96,38.56,39.61,110092
2023-06-12T04:00:00Z,37.245,38.65,37.2,38.22,167057
2023-06-09T04:00:00Z,38.32,38.68,36.785,36.795,116183
2023-06-08T04:00:00Z,36.825,38.02,36.825,37.86,70133
2023-06-07T04:00:00Z,38.59,38.59,36.36,36.74,121412
2023-06-06T04:00:00Z,37.3,38.98,37.3,38.34,138569
2023-06-05T04:00:00Z,35.63,37.15,35.63,36.805,137717
2023-06-02T04:00:00Z,36.205,36.39,34.87,35.52,226449
2023-06-01T04:00:00Z,35.49,37.44,35.25,35.87,623958
2023-05-31T04:00:00Z,29.955,30.205,29.12,29.49,238949
2023-05-30T04:00:00Z,31.145,31.56,30.125,30.18,149228
2023-05-26T04:00:00Z,30.3,30.99,29.81,30.5,128628
2023-05-25T04:00:00Z,31.71,31.71,30.16,30.165,177785
2023-05-24T04:00:00Z,31.985,32.29,30.2,31.58,300407
2023-05-23T04:00:00Z,32.075,33.05,31.99,32.02,115073
2023-05-22T04:00:00Z,31.7,32.56,31.67,32.49,151284
2023-05-19T04:00:00Z,33.28,33.53,31.62,31.62,202731
2023-05-18T04:00:00Z,34.02,34.21,33.38,33.75,50423
2023-05-17T04:00:00Z,33.765,34.16,33.16,34.01,75731
2023-05-16T04:00:00Z,34.255,34.4,33.39,33.61,77471
2023-05-15T04:00:00Z,33.8,34.78,33.8,34.65,99019
2023-05-12T04:00:00Z,35.34,35.73,33.74,33.93,120986
2023-05-11T04:00:00Z,34.055,35.135,33.99,35.05,170803
2023-05-10T04:00:00Z,33.62,34.3,33.4,34,70038
2023-05-09T04:00:00Z,33.185,33.42,32.92,33.01,76903
2023-05-08T04:00:00Z,33.04,33.6,32.625,33.43,57518
2023-05-05T04:00:00Z,32.485,33.41,32.315,33.12,100892
2023-05-04T04:00:00Z,31.86,32.06,31.1,32.06,110873
2023-05-03T04:00:00Z,31.975,32.69,31.26,32.04,183334
2023-05-02T04:00:00Z,31.245,31.39,30.35,31.105,101029
2023-05-01T04:00:00Z,31,31.675,30.92,31.43,83755
2023-04-28T04:00:00Z,31.18,31.93,30.74,31.01,76919
2023-04-27T04:00:00Z,31.2,31.95,30.74,31.47,107655
2023-04-26T04:00:00Z,31.54,31.89,30.84,30.99,94935
2023-04-25T04:00:00Z,33.1,33.195,31.24,31.255,127359
2023-04-24T04:00:00Z,33.22,33.485,32.66,33.485,103041
2023-04-21T04:00:00Z,32.57,33.015,32.41,32.87,101884
2023-04-20T04:00:00Z,32.2,32.825,31.93,32.82,139095
2023-04-19T04:00:00Z,32.45,32.99,31.785,32.96,147603
2023-04-18T04:00:00Z,34,34,32.63,32.67,131401
2023-04-17T04:00:00Z,34.5,34.5,33.12,33.675,219623
2023-04-14T04:00:00Z,34.62,34.83,33.86,34.29,177932
2023-04-13T04:00:00Z,34.815,35.28,34.43,34.85,110931
2023-04-12T04:00:00Z,35.985,36.31,34.35,34.37,84135
2023-04-11T04:00:00Z,35.95,36.27,35.04,35.57,139301
2023-04-10T04:00:00Z,34.73,36.45,34.55,35.23,109516
2023-04-06T04:00:00Z,34.81,36.07,34.195,35.2,106801
2023-04-05T04:00:00Z,35.945,35.945,34.49,35.175,116330
2023-04-04T04:00:00Z,37.685,37.685,35.94,36.155,97392
2023-04-03T04:00:00Z,37.1,37.275,35.94,37.13,147736
2023-03-31T04:00:00Z,36.945,38.24,36.68,37.37,154879
2023-03-30T04:00:00Z,37.825,38.71,36.32,36.89,175204
2023-03-29T04:00:00Z,36.105,37.3,36.06,37.3,190773
2023-03-28T04:00:00Z,34.32,35.75,34.32,35.55,209599
2023-03-27T04:00:00Z,33.885,34.6,33.51,34.405,211740
2023-03-24T04:00:00Z,34.85,35.65,32.95,33.59,244558
2023-03-23T04:00:00Z,35.865,36.695,33.82,34.895,813179
2023-03-22T04:00:00Z,39.4,39.4,37.61,37.75,393981
2023-03-21T04:00:00Z,38.455,40.57,38.455,39.84,137841
2023-03-20T04:00:00Z,38.26,38.445,37.3,37.995,125891
2023-03-17T04:00:00Z,39.43,40.23,38.39,38.62,227848
2023-03-16T04:00:00Z,37.97,38.93,36.63,38.73,239213
2023-03-15T04:00:00Z,37.37,38.2,36.02,38.18,288197
2023-03-14T04:00:00Z,40.16,40.16,37.75,38.61,148645
2023-03-13T04:00:00Z,38.415,40.81,36.75,39.25,155033
2023-03-10T05:00:00Z,39.49,39.73,38.11,38.8,179053
2023-03-09T05:00:00Z,39.88,40.745,39.495,39.86,117108
2023-03-08T05:00:00Z,40.945,41.165,39.86,40.34,81679
2023-03-07T05:00:00Z,40.555,42.07,40.22,41.08,114418
2023-03-06T05:00:00Z,40.56,41.89,40.23,40.43,110278
2023-03-03T05:00:00Z,40.14,40.66,39.82,40.29,95703
2023-03-02T05:00:00Z,39.1,40.15,39.1,40,136719
2023-03-01T05:00:00Z,40.56,40.56,39.39,39.54,72585
2023-02-28T05:00:00Z,40.65,40.66,39.89,40.6,107039
2023-02-27T05:00:00Z,39.84,40.98,39.54,40.86,218024
2023-02-24T05:00:00Z,39.18,39.77,39.05,39.54,107100
2023-02-23T05:00:00Z,40.295,40.295,38.3,39.79,238085
2023-02-22T05:00:00Z,40.28,41.43,39.8,40.34,161295
2023-02-21T05:00:00Z,43.54,43.625,40.475,40.635,269677
2023-02-17T05:00:00Z,47.01,47.34,44.53,44.57,262776
2023-02-16T05:00:00Z,47.88,49.26,47.065,47.24,110916
2023-02-15T05:00:00Z,47.825,49.53,47.5,49.13,107614
2023-02-14T05:00:00Z,46.17,48.375,45.75,47.835,173478
2023-02-13T05:00:00Z,45.4,47.8,45.4,46.68,137836
2023-02-10T05:00:00Z,44.7,46.11,44.09,45.11,98803
2023-02-09T05:00:00Z,46.46,46.69,44.76,45.15,93365
2023-02-08T05:00:00Z,46.725,46.9,45.83,45.84,76814
2023-02-07T05:00:00Z,47.4,47.4,45.03,46.76,196308
2023-02-06T05:00:00Z,48.305,49.63,48,48.18,99582
2023-02-03T05:00:00Z,47.43,52.88,47.3,48.73,228080
2023-02-02T05:00:00Z,48.7,49.5,48.23,49.44,183140
2023-02-01T05:00:00Z,45.11,47.6,44.02,47.015,206285
2023-01-31T05:00:00Z,43.485,45.12,43.485,45.05,187053
2023-01-30T05:00:00Z,45.31,46.3,43.07,43.255,149946
2023-01-27T05:00:00Z,46.31,47.52,45.215,45.905,381777
2023-01-26T05:00:00Z,47.09,47.51,43.77,43.98,109368
2023-01-25T05:00:00Z,41.35,45.13,41.35,44.805,127745
2023-01-24T05:00:00Z,43.28,44.54,43,43.485,108251
2023-01-23T05:00:00Z,42.29,44.36,41.795,43.435,153530
2023-01-20T05:00:00Z,40.3,41.66,39.995,41.32,147789
2023-01-19T05:00:00Z,40.22,40.645,39.21,39.91,260227
2023-01-18T05:00:00Z,44.01,44.94,41.74,41.94,142707
2023-01-17T05:00:00Z,43.525,44.49,43.325,43.92,130641
2023-01-13T05:00:00Z,42.9,44.43,42.9,43.78,86515
2023-01-12T05:00:00Z,44.09,44.09,42.46,43.75,124330
2023-01-11T05:00:00Z,42.08,43.965,41.86,43.78,180668
2023-01-10T05:00:00Z,40.69,41.17,39.64,41,114980
2023-01-09T05:00:00Z,37.95,40.41,37.62,40.14,142216
2023-01-06T05:00:00Z,36.39,38.15,35.35,37.525,171157
2023-01-05T05:00:00Z,34.91,36.27,34.4,36.14,146018
2023-01-04T05:00:00Z,35.3,36.15,34.02,35.48,150956
2023-01-03T05:00:00Z,37.72,37.88,34.775,35.46,125501
2022-12-30T05:00:00Z,36.55,37.19,36.31,37.06,78110
2022-12-29T05:00:00Z,35.855,37.79,35.61,37.63,173286
2022-12-28T05:00:00Z,37.25,37.315,35.44,35.49,127590
2022-12-27T05:00:00Z,38.885,39.21,37.445,37.565,108061
2022-12-23T05:00:00Z,39.17,39.45,37.71,39.33,84328
2022-12-22T05:00:00Z,40.555,40.555,38.06,39.46,87721
2022-12-21T05:00:00Z,39.94,42.025,39.52,41.19,106406
2022-12-20T05:00:00Z,39.87,40.91,39.22,39.575,89939
2022-12-19T05:00:00Z,42.805,43.65,40.59,40.59,110699
2022-12-16T05:00:00Z,40.79,42.67,40.47,42.4,133186
2022-12-15T05:00:00Z,42.305,42.56,39.65,40.92,222054
2022-12-14T05:00:00Z,44.04,44.24,41.77,42.825,276887
2022-12-13T05:00:00Z,47.245,47.94,44.23,44.65,224967
2022-12-12T05:00:00Z,43.76,45.37,43.53,45.14,124922
2022-12-09T05:00:00Z,40.57,45.39,40.57,43.64,294797
2022-12-08T05:00:00Z,41.31,42.715,40.38,42.015,187066
2022-12-07T05:00:00Z,40.8,41.89,40.73,41.205,140201
2022-12-06T05:00:00Z,43.25,44.115,41.6,41.72,133275
2022-12-05T05:00:00Z,45.055,45.59,43.005,43.295,196585
2022-12-02T05:00:00Z,42.895,45.5,42.54,44.95,83214
2022-12-01T05:00:00Z,42.815,44.47,42.8,44.39,133781
2022-11-30T05:00:00Z,41.835,43.17,40.43,43.14,120799
2022-11-29T05:00:00Z,41.37,41.37,39.54,40.21,139044
2022-11-28T05:00:00Z,40.84,42.55,40.84,40.98,137152
2022-11-25T05:00:00Z,41.215,41.86,41.12,41.24,36561
2022-11-23T05:00:00Z,41.39,42.4,41.13,41.83,70886
2022-11-22T05:00:00Z,41.115,41.54,40.04,41.1,77164
2022-11-21T05:00:00Z,40.79,42.01,40.31,41.37,103546
2022-11-18T05:00:00Z,42.27,42.7,40.165,40.91,123772
2022-11-17T05:00:00Z,40.85,41.56,40.13,40.97,84948
2022-11-16T05:00:00Z,41.95,42.27,39.95,42.27,108726
2022-11-15T05:00:00Z,44.07,45.66,42.455,42.94,197861
2022-11-14T05:00:00Z,40.46,44.2,39.755,43.185,205144
2022-11-11T05:00:00Z,38.37,41.26,37.79,41.14,185774
2022-11-10T05:00:00Z,34.28,38.34,34.28,38.34,317157
2022-11-09T05:00:00Z,34.23,34.3,31.75,31.99,86646
2022-11-08T05:00:00Z,35.295,36.21,34.25,34.95,50798
2022-11-07T05:00:00Z,34.17,35.46,32.795,35.33,118730
2022-11-04T04:00:00Z,36.355,36.365,31.91,33.83,221552
2022-11-03T04:00:00Z,36.11,36.38,35.12,35.48,108612
2022-11-02T04:00:00Z,37.43,38.34,35.35,35.35,158546
2022-11-01T04:00:00Z,40.03,40.305,37.96,37.96,53880
2022-10-31T04:00:00Z,39.1,40.22,38.725,38.73,98328
2022-10-28T04:00:00Z,38.68,39.55,37.13,39.41,100921
2022-10-27T04:00:00Z,39.96,40.7,39.04,39.55,81616
2022-10-26T04:00:00Z,38.91,41.81,38.91,39.99,132429
2022-10-25T04:00:00Z,38.39,40.63,38.39,39.78,172097
2022-10-24T04:00:00Z,36.62,38.31,36.2,38.22,126546
2022-10-21T04:00:00Z,35.08,37.44,35,37.37,226216
2022-10-20T04:00:00Z,35.205,36.75,34.48,34.82,96360
2022-10-19T04:00:00Z,35.87,36.395,34.285,34.8,140633
2022-10-18T04:00:00Z,38.04,38.055,36.12,36.5,156243
2022-10-17T04:00:00Z,34.455,36.795,34.39,36.54,144079
2022-10-14T04:00:00Z,36.64,36.645,32.86,33,168112
2022-10-13T04:00:00Z,33.095,36.39,32.05,36.145,217164
2022-10-12T04:00:00Z,34.145,34.95,32.29,34.89,153190
2022-10-11T04:00:00Z,34.92,35.62,33.33,34.045,123677
2022-10-10T04:00:00Z,36.22,36.92,34.8,35.31,199481
2022-10-07T04:00:00Z,37.2,38.335,35.7,36.35,234081
2022-10-06T04:00:00Z,36.68,38.58,36.4,37.91,177146
2022-10-05T04:00:00Z,32.65,37.17,32.65,36.66,383318
2022-10-04T04:00:00Z,32.215,33.16,32.13,33.16,105674
2022-10-03T04:00:00Z,30.73,31.8,29.855,31.21,83679
2022-09-30T04:00:00Z,30.875,32.02,30.41,30.71,94408
2022-09-29T04:00:00Z,32.28,32.585,30.95,31.1,86947
2022-09-28T04:00:00Z,32.61,33.325,32.36,33.05,138563
2022-09-27T04:00:00Z,32.855,33.6,31.905,32.76,130088
2022-09-26T04:00:00Z,31.67,34.08,31.67,32.07,247889
2022-09-23T04:00:00Z,31.35,32.3,30.27,31.78,237185
2022-09-22T04:00:00Z,32.87,32.965,31.3,31.595,180086
2022-09-21T04:00:00Z,32.73,34.71,32.68,33.15,216531
2022-09-20T04:00:00Z,34.97,35.33,32.235,32.48,195189
2022-09-19T04:00:00Z,35.52,35.62,34.56,35.59,93774
2022-09-16T04:00:00Z,35.27,35.57,34.75,35.2,114467
2022-09-15T04:00:00Z,35.27,36.48,34.805,36.43,173711
2022-09-14T04:00:00Z,35.085,35.82,34.22,35.805,78898
2022-09-13T04:00:00Z,34.955,34.955,33.48,34.72,172439
2022-09-12T04:00:00Z,36.26,37.32,36.235,36.82,117607
2022-09-09T04:00:00Z,35.78,36.92,35.685,35.995,118781
2022-09-08T04:00:00Z,33.62,35.64,33.62,35.62,111583
2022-09-07T04:00:00Z,33.31,34.7,32.935,34.25,283590
2022-09-06T04:00:00Z,32.35,33.96,32.14,33.02,150673
2022-09-02T04:00:00Z,34.18,34.32,31.955,32.78,289050
2022-09-01T04:00:00Z,33.715,34.19,32.16,33.865,242402
2022-08-31T04:00:00Z,34.1,35.92,33.65,34.46,744198
2022-08-30T04:00:00Z,38.66,39.065,36.885,37.39,325408
2022-08-29T04:00:00Z,37.86,38.76,37.54,38.01,156111
2022-08-26T04:00:00Z,40.945,40.96,37.3,38.11,206676
2022-08-25T04:00:00Z,40.6,40.87,39.61,40.575,107095
2022-08-24T04:00:00Z,41.305,41.78,40.24,40.24,149689
2022-08-23T04:00:00Z,41.6,43.325,41.26,41.26,126362
2022-08-22T04:00:00Z,41.47,42.51,41.09,41.12,67293
2022-08-19T04:00:00Z,44.9,45.25,42.13,42.75,89146
2022-08-18T04:00:00Z,47.81,47.81,45.585,46,124648
2022-08-17T04:00:00Z,49.02,49.66,47.675,48.225,124932
2022-08-16T04:00:00Z,49.21,51.97,46.5,50.08,206697
2022-08-15T04:00:00Z,49.6,50.71,48.68,49.5,90863
2022-08-12T04:00:00Z,49.26,50.04,48.13,49.98,68254
2022-08-11T04:00:00Z,49.32,51.85,48.04,48.32,191543
2022-08-10T04:00:00Z,48.4,48.865,46.75,48.86,113980
2022-08-09T04:00:00Z,46.51,47.55,45.79,45.95,100001
2022-08-08T04:00:00Z,45.44,48.78,45.44,47.8,125481
2022-08-05T04:00:00Z,41.87,44.47,41.87,44.45,96733
2022-08-04T04:00:00Z,42.02,43.58,41.74,43.235,87223
2022-08-03T04:00:00Z,41.585,42.4,40.95,42.13,208761
2022-08-02T04:00:00Z,40.48,42.63,40.055,40.82,184421
2022-08-01T04:00:00Z,38.665,40.995,37.55,40.91,85242
2022-07-29T04:00:00Z,38.41,39.305,37.59,38.79,168332
2022-07-28T04:00:00Z,38.48,39.57,36.34,39.13,221498
2022-07-27T04:00:00Z,39.285,39.6,37.78,38.9,312986
2022-07-26T04:00:00Z,38.96,39.075,37.275,38.39,251033
2022-07-25T04:00:00Z,42.42,42.635,40.93,41.71,250254
2022-07-22T04:00:00Z,44.92,47.47,42.47,42.5,161187
2022-07-21T04:00:00Z,42.85,45.475,42.5,45.17,196908
2022-07-20T04:00:00Z,43.25,45.39,42.375,42.68,148503
2022-07-19T04:00:00Z,43.72,44.22,42.49,43.305,116250
2022-07-18T04:00:00Z,43.5,44.84,42.68,42.97,126239
2022-07-15T04:00:00Z,42.345,43.24,41.365,42.7,101999
2022-07-14T04:00:00Z,43.355,43.355,41.305,41.8,152858
2022-07-13T04:00:00Z,41.76,45.69,40.85,42.81,213889
2022-07-12T04:00:00Z,43.59,44.25,41.01,42.66,118440
2022-07-11T04:00:00Z,43.44,43.7,41.88,43.15,114077
2022-07-08T04:00:00Z,41.43,45.49,40.87,44.13,182462
2022-07-07T04:00:00Z,39.62,43.07,39.62,42.41,154711
2022-07-06T04:00:00Z,40.25,40.95,38.87,39.84,179650
2022-07-05T04:00:00Z,37,41,36.76,40.52,193242
2022-07-01T04:00:00Z,35.13,37.19,34.74,37.18,149834
2022-06-30T04:00:00Z,35.09,35.82,34.04,34.72,176834
2022-06-29T04:00:00Z,34.99,35.68,34.43,35.305,122802
2022-06-28T04:00:00Z,37.89,38.39,35.25,35.25,308851
2022-06-27T04:00:00Z,40.055,40.34,37.135,38.2,239948
2022-06-24T04:00:00Z,37.2,38.35,36.16,38.24,324354
2022-06-23T04:00:00Z,33,36.68,33,36.65,347486
2022-06-22T04:00:00Z,31.13,33.41,31.13,32.61,244084
2022-06-21T04:00:00Z,31.085,33.1,30.895,31.84,243227
2022-06-17T04:00:00Z,29.07,29.37,28.33,28.7,153613
2022-06-16T04:00:00Z,28.86,28.905,27.8,28.43,240009
2022-06-15T04:00:00Z,27.35,29.98,27.225,29.23,232445
2022-06-14T04:00:00Z,26.865,27.91,26.48,27.04,213332
2022-06-13T04:00:00Z,28.23,28.54,26.685,27.1,227132
2022-06-10T04:00:00Z,28.835,29.97,28.455,28.69,322943
2022-06-09T04:00:00Z,30.4,31.67,29.53,29.74,421041
2022-06-08T04:00:00Z,28.63,29.51,28.56,28.98,126164
2022-06-07T04:00:00Z,27.55,28.93,27.31,28.62,192417
2022-06-06T04:00:00Z,29.66,30,27.31,27.785,167419
2022-06-03T04:00:00Z,28.5,29.75,27.95,28.79,287795
2022-06-02T04:00:00Z,26.97,29.47,25.86,29.2,1229238
2022-06-01T04:00:00Z,25.025,25.48,22.965,23.49,537900
2022-05-31T04:00:00Z,27.88,27.89,24.76,24.78,187294
2022-05-27T04:00:00Z,25.63,27.15,25.59,27.1,171963
2022-05-26T04:00:00Z,24.16,26.12,24.06,25.54,140529
2022-05-25T04:00:00Z,22.805,25.015,22.805,24.195,247899
2022-05-24T04:00:00Z,24,24.17,22.24,23.295,224111
2022-05-23T04:00:00Z,24.25,25.06,23.9,24.87,129573
2022-05-20T04:00:00Z,25.62,25.62,23.56,24.49,197325
2022-05-19T04:00:00Z,24.125,25.66,23.5,24.92,124180
2022-05-18T04:00:00Z,26.74,26.89,24.1,24.3,230737
2022-05-17T04:00:00Z,27.27,27.89,25.93,27.68,237957
2022-05-16T04:00:00Z,27.81,28.515,26.45,26.54,181233
2022-05-13T04:00:00Z,27.22,28.48,26.86,27.995,261389
2022-05-12T04:00:00Z,23.38,27.79,22.8,26.01,351142
2022-05-11T04:00:00Z,26.72,27.21,23.36,23.69,339186
2022-05-10T04:00:00Z,26.71,27.77,25.475,26.97,204162
2022-05-09T04:00:00Z,26.56,27.9,26.09,26.28,260679
2022-05-06T04:00:00Z,28.65,29.15,26.41,27.39,231824
2022-05-05T04:00:00Z,31.21,31.21,28.605,29,309218
2022-05-04T04:00:00Z,29.785,32.65,28.85,32.495,284623
2022-05-03T04:00:00Z,30.01,31.01,29.61,30.24,172123
2022-05-02T04:00:00Z,28.45,30.5,28.26,30.34,245282
2022-04-29T04:00:00Z,31.5,32.14,28.85,29.05,295347
2022-04-28T04:00:00Z,30.71,32.84,29.06,32.29,270477
2022-04-27T04:00:00Z,31.275,31.76,30.19,30.855,225773
2022-04-26T04:00:00Z,34.52,34.52,31.19,31.53,307150
2022-04-25T04:00:00Z,34.24,35.14,33.34,34.66,222114
2022-04-22T04:00:00Z,37.1,37.75,34.49,34.6,236577
2022-04-21T04:00:00Z,39.4,40.06,36.63,37.1,198266
2022-04-20T04:00:00Z,42.41,42.41,39.58,39.63,227809
2022-04-19T04:00:00Z,39.635,42.66,39.27,42.36,270411
2022-04-18T04:00:00Z,40.25,40.39,38.285,39.68,268370
2022-04-14T04:00:00Z,42.68,42.77,39.35,39.93,419821
2022-04-13T04:00:00Z,42.6,43.74,41.94,43.17,240002
2022-04-12T04:00:00Z,43.88,45.57,43.26,43.35,199441
2022-04-11T04:00:00Z,42.39,43.95,41.65,43.31,143717
2022-04-08T04:00:00Z,43.095,44.4,42.39,43.18,122618
2022-04-07T04:00:00Z,41.965,43.79,41.61,43.64,225181
2022-04-06T04:00:00Z,43.05,43.45,40.07,42.27,261834
2022-04-05T04:00:00Z,46.17,47.095,43.93,44.245,218883
2022-04-04T04:00:00Z,41.46,46.31,40.62,45.87,293348
2022-04-01T04:00:00Z,41.15,42.14,39.87,40.93,279922
2022-03-31T04:00:00Z,42.47,42.81,40.76,40.775,285808
2022-03-30T04:00:00Z,43.735,45.27,41.81,42.97,1032421
2022-03-29T04:00:00Z,52.18,52.18,48.44,50.99,453157
2022-03-28T04:00:00Z,46.8,49.405,46.11,48.77,368293
2022-03-25T04:00:00Z,46.03,46.48,43.575,45.73,166673
2022-03-24T04:00:00Z,46.01,47.2,43.24,45.89,171274
2022-03-23T04:00:00Z,45.05,49.75,44.35,46.11,309947
2022-03-22T04:00:00Z,41.72,46.14,41.72,45.44,242989
2022-03-21T04:00:00Z,43.57,44,40.63,41.29,155518
2022-03-18T04:00:00Z,42.17,44.51,42.17,44.19,119171
2022-03-17T04:00:00Z,40.24,42.295,40.09,42.2,142821
2022-03-16T04:00:00Z,37.99,41.2,37.99,41.2,244192
2022-03-15T04:00:00Z,36.38,37.45,35.6,37.2,203862
2022-03-14T04:00:00Z,38.105,39.13,36.62,36.93,183599
2022-03-11T05:00:00Z,39.55,40.03,38.31,39.25,263066
2022-03-10T05:00:00Z,41.35,41.35,37.725,38.38,389333
2022-03-09T05:00:00Z,42.835,43.85,41.26,41.665,213738
2022-03-07T05:00:00Z,45.39,47,42.8,42.8,228277
2022-03-04T05:00:00Z,45.04,45.48,43.3,45.27,222365
2022-03-03T05:00:00Z,45.12,45.47,43.15,43.99,174597
2022-03-02T05:00:00Z,46.64,46.805,43.88,45.1,194006
2022-03-01T05:00:00Z,47.01,48,45.75,46.9,212971
2022-02-28T05:00:00Z,42.62,47.45,42.155,47.22,812564
2022-02-25T05:00:00Z,41.33,42.22,39,42.22,194181
2022-02-24T05:00:00Z,36.97,41.08,36.85,40.55,856171
2022-02-23T05:00:00Z,41.83,42.14,38.44,38.44,171867
2022-02-22T05:00:00Z,43.765,44.845,41.545,41.56,238959
2022-02-18T05:00:00Z,45.93,47.08,43.95,44.14,441335
2022-02-17T05:00:00Z,49.54,50.25,45.545,45.67,184049
2022-02-16T05:00:00Z,54.17,54.17,48.87,49.515,232914
2022-02-15T05:00:00Z,52.54,54.07,51.96,53.995,143721
2022-02-14T05:00:00Z,51.54,53.85,51.11,52.6,213449
2022-02-11T05:00:00Z,52.28,52.89,50.89,52.14,160318
2022-02-10T05:00:00Z,50.78,53.89,50.705,52.415,495357
2022-02-09T05:00:00Z,47.69,52.275,47.69,52.26,435219
2022-02-08T05:00:00Z,45.05,47.2,44.63,46.97,126524
2022-02-07T05:00:00Z,48.81,49.48,45.61,45.84,232570
2022-02-04T05:00:00Z,45.28,50.47,44.74,49.29,361831
2022-02-03T05:00:00Z,43.36,44.12,41.38,43.73,492959
2022-02-02T05:00:00Z,47.99,48,43.84,43.9,289274
2022-02-01T05:00:00Z,47.79,48.28,45.99,47.92,285659
2022-01-31T05:00:00Z,44.45,47.75,44.45,47.62,182768
2022-01-28T05:00:00Z,43.5,44.17,41.43,44.005,139331
2022-01-27T05:00:00Z,43.23,44.745,42.495,42.72,639195
2022-01-26T05:00:00Z,43.66,45.85,42.17,43.385,436767
2022-01-25T05:00:00Z,42.34,44.29,41.795,42.46,848093
2022-01-24T05:00:00Z,37.1,39.19,36.74,38.42,213246
2022-01-21T05:00:00Z,39.7,40.37,37.69,38.04,251481
2022-01-20T05:00:00Z,43,44.2,40.625,40.695,214470
2022-01-19T05:00:00Z,43.165,44.08,41.96,42.21,232306
2022-01-18T05:00:00Z,43.86,46.25,43.02,43.285,277272
2022-01-14T05:00:00Z,45.555,46.44,43.205,44.86,191106
2022-01-13T05:00:00Z,49.07,49.07,46.06,46.06,156175
2022-01-12T05:00:00Z,51.7,51.83,48.19,48.61,133027
2022-01-11T05:00:00Z,49.3,51.97,49.165,50.9,111695
2022-01-10T05:00:00Z,48.38,49.92,46.45,49.92,152743
2022-01-07T05:00:00Z,50.81,51.17,48.04,48.61,583443
2022-01-06T05:00:00Z,51.57,54.26,50.08,52.89,193012
2022-01-05T05:00:00Z,53.75,55.17,51.57,52.03,166575
2022-01-04T05:00:00Z,57.075,57.075,52.885,54.39,204317
2022-01-03T05:00:00Z,59.64,60.44,57.265,57.5,326727
2021-12-31T05:00:00Z,59.275,61.14,58.94,59.01,113316
2021-12-30T05:00:00Z,58.42,60.3,58.42,59.45,148297
2021-12-29T05:00:00Z,59.5,59.5,57.12,57.86,83649
2021-12-28T05:00:00Z,60.42,61.47,59.98,59.98,112873
2021-12-27T05:00:00Z,58.88,60.75,58.88,60.29,180607
2021-12-23T05:00:00Z,56.72,60.09,56.53,59.25,214288
2021-12-22T05:00:00Z,55.1,56.37,53.95,55.75,173301
2021-12-21T05:00:00Z,57.3,57.35,54.51,55.23,181782
2021-12-20T05:00:00Z,53.72,57.035,53.34,56.55,201034
2021-12-17T05:00:00Z,52.725,54.99,51.61,54.805,250677
2021-12-16T05:00:00Z,56.51,56.51,52.65,53.56,312106
2021-12-15T05:00:00Z,54.66,56.975,52.93,56.34,237299
2021-12-14T05:00:00Z,54.59,56.16,53.53,54.84,252762
2021-12-13T05:00:00Z,51.6,55.37,51.51,55.26,273860
2021-12-10T05:00:00Z,50.53,53.39,50.055,51.71,1090452
2021-12-09T05:00:00Z,60.14,60.205,55.975,56.33,575464
2021-12-08T05:00:00Z,60.17,61.18,58.59,60.07,232569
2021-12-07T05:00:00Z,61.08,62.51,60.35,60.81,210411
2021-12-06T05:00:00Z,58.545,60.66,57.585,59.53,296292
2021-12-03T05:00:00Z,65.465,66.4,60.25,62.69,241106
2021-12-02T05:00:00Z,65.11,66.28,62.85,65.92,223936
2021-12-01T05:00:00Z,68.66,69.33,65.33,66.46,901827
2021-11-30T05:00:00Z,68.795,69.025,65.885,68.285,585679
2021-11-29T05:00:00Z,69.195,69.43,66.25,68.67,459231
2021-11-26T05:00:00Z,68.75,70.02,67.66,69.51,95600
2021-11-24T05:00:00Z,64.13,67.36,63.65,67.04,191913
2021-11-23T05:00:00Z,65.57,65.57,62.33,64.53,233411
2021-11-22T05:00:00Z,72.86,73.05,65.71,65.93,156850
2021-11-19T05:00:00Z,73.48,75.55,72.91,72.91,89536
2021-11-18T05:00:00Z,73.28,74.49,72.66,72.92,127577
2021-11-17T05:00:00Z,75.53,76.18,73.29,73.35,98836
2021-11-16T05:00:00Z,74.31,76.5,74.01,76.03,109073
2021-11-15T05:00:00Z,77.12,77.42,74.43,74.81,102997
2021-11-12T05:00:00Z,72.06,77.08,70.94,76.89,161747
2021-11-11T05:00:00Z,73.41,73.71,71.18,71.26,100973
2021-11-10T05:00:00Z,76,76,71.53,72.13,199464
2021-11-09T05:00:00Z,77.15,77.35,75.43,76.67,74799
2021-11-08T05:00:00Z,74.69,76.48,74.69,75.53,136999
2021-11-05T04:00:00Z,78.25,79.09,73.99,74.41,170336
2021-11-04T04:00:00Z,73.1,80.575,73.1,79.56,299883
2021-11-03T04:00:00Z,73.78,74.31,72.725,73.21,153474
2021-11-02T04:00:00Z,74.665,74.79,72.65,73.37,68274
2021-11-01T04:00:00Z,75.79,77.09,74.33,74.74,126955
2021-10-29T04:00:00Z,71.71,76.32,71.04,75.8,204817
2021-10-28T04:00:00Z,67.4,74.2,66.99,72.64,368178
2021-10-27T04:00:00Z,68.42,69.84,67.04,67.25,111316
2021-10-26T04:00:00Z,68.345,69.915,67.54,67.96,140647
2021-10-22T04:00:00Z,65.42,66.2,64.99,65.45,55834
2021-10-21T04:00:00Z,65.835,66.56,65.4,65.47,73163
2021-10-20T04:00:00Z,66.95,67.065,65.46,65.91,65526
2021-10-19T04:00:00Z,65.98,66.99,64.82,66.35,68640
2021-10-18T04:00:00Z,63.51,65.96,62.8,65.95,120921
2021-10-15T04:00:00Z,62.77,64.07,61.98,63.555,106275
2021-10-14T04:00:00Z,63.42,63.81,62.42,62.61,96999
2021-10-13T04:00:00Z,62.94,63.34,61.32,62.735,93972
2021-10-12T04:00:00Z,61.98,63.515,60.51,62.88,119452
2021-10-11T04:00:00Z,62.38,62.56,61.4,61.48,99212
2021-10-08T04:00:00Z,64.72,64.98,62.14,62.61,168643
2021-10-07T04:00:00Z,65,66.47,64.65,64.82,76120
2021-10-06T04:00:00Z,63.715,65.45,63.48,64.58,101273
2021-10-05T04:00:00Z,64.44,65.24,63.655,63.99,55759
2021-10-04T04:00:00Z,67,67,63.45,64.23,206785
2021-10-01T04:00:00Z,67.93,67.93,66.11,67.45,77068
2021-09-30T04:00:00Z,68.23,68.97,67.595,68.05,93364
2021-09-29T04:00:00Z,69.3,69.87,67.7,67.7,230103
2021-09-28T04:00:00Z,70.205,71.6,68.345,69.665,129314
2021-09-27T04:00:00Z,69.34,70.82,68,70.5,134597
2021-09-24T04:00:00Z,72.31,72.42,68.77,69.83,290037
2021-09-23T04:00:00Z,74.25,75.18,73.45,73.45,99418
2021-09-22T04:00:00Z,75.11,75.84,73.635,73.79,118666
2021-09-21T04:00:00Z,75.6,76.355,74.44,75.08,75198
2021-09-20T04:00:00Z,74.13,75.88,74.1,75.64,115224
2021-09-17T04:00:00Z,75.51,76.29,74.93,75.7,96643
2021-09-16T04:00:00Z,73.25,75.06,73.12,74.93,62823
2021-09-15T04:00:00Z,72.24,73.715,71.79,73.62,89815
2021-09-14T04:00:00Z,73.975,74.09,71.77,72.14,44223
2021-09-13T04:00:00Z,74.65,74.72,71.995,73.7,116356
2021-09-10T04:00:00Z,77.1,77.87,74.735,75,86173
2021-09-09T04:00:00Z,76.02,76.88,75.59,76.64,63427
2021-09-08T04:00:00Z,75.78,76.36,73.92,75.95,105439
2021-09-07T04:00:00Z,77,77.27,75.17,75.8,148867
2021-09-03T04:00:00Z,79.07,79.9,76.57,76.715,217289
2021-09-02T04:00:00Z,79.11,81.31,78.555,79.305,827688
2021-09-01T04:00:00Z,88.2,89.01,86.68,87.29,193828
2021-08-31T04:00:00Z,90.4,90.97,88,88.12,112565
2021-08-30T04:00:00Z,89,91.26,88.51,90.03,59834
2021-08-27T04:00:00Z,90.07,91.135,88.08,88.1,79044
2021-08-26T04:00:00Z,92.405,92.405,88.47,89.58,142369
2021-08-25T04:00:00Z,92.19,92.76,90.8,92.25,91875
2021-08-24T04:00:00Z,88.74,92.25,88.66,92.1,96927
2021-08-23T04:00:00Z,87.04,89.17,86.63,88.34,58668
2021-08-20T04:00:00Z,89.79,89.88,86.31,86.51,127861
2021-08-19T04:00:00Z,90.13,91.25,89.39,89.75,36258
2021-08-18T04:00:00Z,93.45,94.01,91.09,91.09,43242
2021-08-17T04:00:00Z,91.535,93.2,90.79,92.54,85238
2021-08-16T04:00:00Z,94.3,94.71,90.61,91.77,82337
2021-08-13T04:00:00Z,95.2,97.64,94.88,95.69,136363
2021-08-12T04:00:00Z,91.395,95.24,91.395,95.055,115299
2021-08-11T04:00:00Z,90.4,94.3,90.25,91.32,117702
2021-08-10T04:00:00Z,91.44,91.74,89.555,90.7,104382
2021-08-09T04:00:00Z,88.95,91.39,88.5,91.055,110034
2021-08-06T04:00:00Z,91.74,92.42,88.45,89.14,150804
2021-08-05T04:00:00Z,89.7,91.99,88.93,91.93,142858
2021-08-04T04:00:00Z,87.26,90.72,87.26,90.16,139328
2021-08-03T04:00:00Z,85.47,87.21,84.75,86.72,40794
2021-08-02T04:00:00Z,83.76,86.27,81.61,85.38,62224
2021-07-30T04:00:00Z,85.365,86.25,83.42,83.71,152880
2021-07-29T04:00:00Z,88.765,90.17,86.61,86.62,43223
2021-07-28T04:00:00Z,87.145,89.42,85.77,89.41,96589
2021-07-27T04:00:00Z,85.83,86.38,82.58,85.33,127659
2021-07-26T04:00:00Z,86.48,90.22,85.82,86.425,112723
2021-07-23T04:00:00Z,84.13,87.265,83.66,86.79,87315
2021-07-22T04:00:00Z,83.53,84.78,82.735,84.67,85665
2021-07-21T04:00:00Z,82.8,83.86,82.37,83.19,64734
2021-07-20T04:00:00Z,82.38,83.12,81.09,82.695,134287
2021-07-19T04:00:00Z,75.61,82.57,75.4,82.22,195436
2021-07-16T04:00:00Z,78.4,78.96,76.33,76.985,96561
2021-07-15T04:00:00Z,80.02,80.02,75.94,77.485,172863
2021-07-14T04:00:00Z,84.49,84.71,78.91,78.95,139255
2021-07-13T04:00:00Z,84.33,86.02,83.3,84.22,90413
2021-07-12T04:00:00Z,85.995,87.08,83.44,84.34,104803
2021-07-09T04:00:00Z,80.775,85.565,80.775,85.56,263382
2021-07-08T04:00:00Z,80.32,81.68,76.64,81.22,236677
2021-07-07T04:00:00Z,84.64,85.24,82.11,83.64,192598
2021-07-06T04:00:00Z,81.34,84.42,81.19,84.42,130158
2021-07-02T04:00:00Z,80.51,81.36,79.54,80.525,109211
2021-07-01T04:00:00Z,80.195,80.88,78.59,80.64,172620
2021-06-30T04:00:00Z,81.36,81.67,79.795,79.8,134377
2021-06-29T04:00:00Z,83.31,83.925,81.54,81.885,150980
2021-06-28T04:00:00Z,81.275,83.84,80.3,83,267247
2021-06-25T04:00:00Z,81.21,81.925,79.83,80.53,142667
2021-06-24T04:00:00Z,79.3,81.53,79.3,80.64,230822
2021-06-23T04:00:00Z,78.26,79.4,78.13,78.83,252302
2021-06-22T04:00:00Z,77.675,77.675,76.385,77.195,256277
2021-06-21T04:00:00Z,78.18,79.43,76.7,77.85,131665
2021-06-18T04:00:00Z,78.325,78.76,77.02,78.445,131824
2021-06-17T04:00:00Z,76.95,78.5,76.12,77.69,167886
2021-06-16T04:00:00Z,74.24,77.26,73.9,77.18,116079
2021-06-15T04:00:00Z,75.7,76.06,73.68,73.82,240702
2021-06-14T04:00:00Z,74.195,75.52,73.78,75.27,310987
2021-06-11T04:00:00Z,76.89,78.46,74.61,74.69,365915
2021-06-10T04:00:00Z,78.2,80.26,77.69,79.26,209371
2021-06-09T04:00:00Z,80.32,80.915,77.535,77.8,90845
2021-06-08T04:00:00Z,79,79.83,77.66,79.4,86260
2021-06-07T04:00:00Z,75.5,78.98,75.01,78.565,91190
2021-06-04T04:00:00Z,75.62,77.19,75.24,75.26,160218
2021-06-03T04:00:00Z,76.515,77.25,73.93,75.16,179532
2021-06-02T04:00:00Z,73.38,77.94,72.485,77.51,180782
2021-06-01T04:00:00Z,74.72,74.86,73.08,73.55,77662
2021-05-28T04:00:00Z,75.64,75.85,73.33,73.64,102695
2021-05-27T04:00:00Z,73.76,75.67,73.14,75.32,66309
2021-05-26T04:00:00Z,73.71,76.09,73.41,74.01,166090
2021-05-25T04:00:00Z,72.15,73.8,72.13,73.09,104550
2021-05-24T04:00:00Z,68.63,72.755,67.93,71.71,149106
2021-05-21T04:00:00Z,69.64,70.01,67.73,67.76,94305
2021-05-20T04:00:00Z,70.73,71.47,69.67,69.68,169568
2021-05-19T04:00:00Z,69.04,71.11,68.39,70.5,72100
2021-05-18T04:00:00Z,70.65,72.41,70.125,70.39,107743
2021-05-17T04:00:00Z,68,70.4,67.16,70.285,137034
2021-05-14T04:00:00Z,66.105,68.89,65.98,67.76,190472
2021-05-13T04:00:00Z,68.39,68.61,64.11,65.67,314553
2021-05-12T04:00:00Z,69.15,70.45,67.32,68.06,148855
2021-05-11T04:00:00Z,66.65,71.72,65.75,71.38,322055
2021-05-10T04:00:00Z,70.3,70.3,67.45,67.87,216351
2021-05-07T04:00:00Z,73.325,74.32,70.19,71.04,254133
2021-05-06T04:00:00Z,73.03,73.43,70.16,71.52,276627
2021-05-05T04:00:00Z,77.55,78.91,74.09,74.4,139080
2021-05-04T04:00:00Z,79.51,79.76,76.05,77.295,158430
2021-05-03T04:00:00Z,80,81.4,79.5,80.62,171948
2021-04-30T04:00:00Z,81.14,81.88,79.38,79.76,202994
2021-04-29T04:00:00Z,82,82.11,79.92,81.47,140518
2021-04-28T04:00:00Z,82.62,83.03,81,81.98,75888
2021-04-27T04:00:00Z,83.57,84.255,82.515,82.67,69778
2021-04-26T04:00:00Z,80.89,82.78,79.98,82.63,71929
2021-04-23T04:00:00Z,80.19,80.66,78.47,80.57,141244
2021-04-22T04:00:00Z,80.17,82.5,79.58,79.58,121619
2021-04-21T04:00:00Z,76.805,80.29,76.2,80.27,194850
2021-04-20T04:00:00Z,79.865,80.3,76.16,77.05,178242
2021-04-16T04:00:00Z,86.805,86.805,82.57,84.09,177131
2021-04-15T04:00:00Z,86.25,87.75,85.43,86.57,88575
2021-04-14T04:00:00Z,87.74,87.75,84.725,85.57,156126
2021-04-13T04:00:00Z,82.75,87.7,82.74,87.39,207473
2021-04-12T04:00:00Z,83.8,86.29,82.6,84.08,157592
2021-04-09T04:00:00Z,81.33,84.85,80.55,84.05,152462
2021-04-08T04:00:00Z,82.65,83.12,80.78,81.79,215297
2021-04-07T04:00:00Z,82.29,83.1,81.06,81.85,141569
2021-04-06T04:00:00Z,81.19,83.45,81.19,82.53,104378
2021-04-05T04:00:00Z,82.84,83.01,78.87,80.85,149456
2021-04-01T04:00:00Z,86.45,87.19,81.69,82.77,198005
2021-03-31T04:00:00Z,92.01,92.14,84.815,84.815,638279
2021-03-30T04:00:00Z,77.19,81.635,76.6,80.39,220186
2021-03-29T04:00:00Z,79.19,80.31,76.94,78.82,127292
2021-03-26T04:00:00Z,79.6,80.84,76.72,78.64,167921
2021-03-25T04:00:00Z,77.99,80.49,76.36,78.99,173288
2021-03-24T04:00:00Z,83.87,84.06,78.48,78.83,213811
2021-03-23T04:00:00Z,84.395,87.72,84,84.7,213820
2021-03-22T04:00:00Z,85.49,86.96,83.73,85.87,112103
2021-03-19T04:00:00Z,78.55,82.5,78.48,82.475,168112
2021-03-18T04:00:00Z,81.32,81.55,77.015,77.6,191619
2021-03-17T04:00:00Z,80.185,83.17,79.63,81.485,124155
2021-03-16T04:00:00Z,87.01,87.84,81.03,82.23,90750
2021-03-15T04:00:00Z,85.72,86.55,83.985,86.55,95057
2021-03-12T05:00:00Z,84,85.94,82.26,85.575,86931
2021-03-11T05:00:00Z,84.38,87.545,81.84,87.29,149507
2021-03-10T05:00:00Z,82.07,82.99,78.95,80.73,112672
2021-03-09T05:00:00Z,80.41,81.86,77.92,80.59,194033
2021-03-08T05:00:00Z,82.57,84.68,76.04,76.22,236285
2021-03-05T05:00:00Z,88,88.11,75.23,82.89,298537
2021-03-04T05:00:00Z,90.2,92.37,85,87.58,237354
2021-03-03T05:00:00Z,97.61,99.35,89.015,91.57,169015
2021-03-02T05:00:00Z,105.76,105.76,98.11,98.81,131608
2021-03-01T05:00:00Z,103.76,105.045,101.62,104.78,107744
2021-02-26T05:00:00Z,101.86,104.13,98.56,101.52,148708
2021-02-25T05:00:00Z,104.5,109.16,100.6,101.64,129846
2021-02-24T05:00:00Z,107.77,109.59,102.93,105.32,189772
2021-02-23T05:00:00Z,102.15,109.77,95.4,109.57,287973
2021-02-22T05:00:00Z,110.18,112.22,107.5,108.69,158550
2021-02-19T05:00:00Z,112.005,116.235,112.005,113.95,111505
2021-02-18T05:00:00Z,109.62,111.22,107.64,110.1,148296
2021-02-17T05:00:00Z,114.25,114.25,107.05,110.47,162552
2021-02-16T05:00:00Z,116.645,119.95,112.92,114.905,107256
2021-02-12T05:00:00Z,109.79,119.565,108.71,118.685,301171
2021-02-11T05:00:00Z,108.04,110.98,107.2,108.755,76380
2021-02-10T05:00:00Z,111.125,111.13,106.13,107.17,60588
2021-02-09T05:00:00Z,108.47,111.11,108.35,109.68,54981
2021-02-08T05:00:00Z,112.1,112.53,107.56,107.75,100209
2021-02-05T05:00:00Z,107.01,110.81,105.83,110.7,96551
2021-02-04T05:00:00Z,106.27,107.75,103.21,106.79,96541
2021-02-03T05:00:00Z,102.695,107.34,100.36,103.45,126625
2021-02-02T05:00:00Z,102.86,104.11,98.02,101.705,124281
2021-02-01T05:00:00Z,102.89,104.76,99.3,101.47,132151
2021-01-29T05:00:00Z,104.325,105.95,98.785,101.85,201497
2021-01-28T05:00:00Z,105.86,106.14,100.5,103.86,202132
2021-01-27T05:00:00Z,100.2,112.53,98.21,103.91,366941
2021-01-26T05:00:00Z,102.75,105.21,101.88,102.29,116856
2021-01-25T05:00:00Z,106.73,111.3,102.36,102.38,171353
2021-01-22T05:00:00Z,105.94,106.75,101.67,105.08,103943
2021-01-21T05:00:00Z,105.56,107.32,103.48,105.055,79772
2021-01-20T05:00:00Z,109.41,110.68,103.86,104.36,73803
2021-01-19T05:00:00Z,104.49,108.9,104.06,107.465,136453
2021-01-15T05:00:00Z,113.47,113.6,107.79,108.055,107342
2021-01-14T05:00:00Z,112.305,115.25,110.41,114.66,106146
2021-01-13T05:00:00Z,105.8,114.13,105.8,112.45,186795
2021-01-12T05:00:00Z,97.99,104.53,97.935,104.19,133851
2021-01-11T05:00:00Z,95.34,98.67,93.9,97.13,61377
2021-01-08T05:00:00Z,100.16,100.255,95.85,96.765,100901
2021-01-07T05:00:00Z,96.21,99.355,95.04,97.93,74355
2021-01-06T05:00:00Z,91.35,96.14,91.35,94.02,99556
2021-01-05T05:00:00Z,88.235,95.37,88.235,95.32,144990
2021-01-04T05:00:00Z,90.8,90.99,86.55,88.9,143241
2020-12-31T05:00:00Z,92.01,92.05,88.36,89.9,76003
2020-12-30T05:00:00Z,92.34,94.46,90.51,92.375,89464
2020-12-29T05:00:00Z,93.24,95.91,89.65,90.89,142445
2020-12-28T05:00:00Z,104.57,104.57,92.415,92.64,227880
2020-12-24T05:00:00Z,102.875,106.12,102.72,104.1,73621
2020-12-23T05:00:00Z,106.815,106.815,100.84,101.97,112759
2020-12-22T05:00:00Z,108,109.525,102.69,106.735,136283
2020-12-21T05:00:00Z,100.37,108.915,100.36,107.42,188468
2020-12-18T05:00:00Z,101.42,102.68,98.68,100.06,160943
2020-12-17T05:00:00Z,96.445,101.01,96.18,100.14,201397
2020-12-16T05:00:00Z,90.88,94.52,90.88,93.98,120410
2020-12-15T05:00:00Z,82.84,91.37,82.84,91.22,180200
2020-12-14T05:00:00Z,84.54,85.92,82.17,82.88,146298
2020-12-11T05:00:00Z,79.095,85.35,79,85.085,369318
2020-12-10T05:00:00Z,75.89,79.35,75.84,78.06,102808
2020-12-09T05:00:00Z,78.05,82.445,74.43,75.53,537439
2020-12-08T05:00:00Z,75.53,79.635,74.955,79.11,284110
2020-12-07T05:00:00Z,75.7,77.64,74.18,74.77,207756
2020-12-04T05:00:00Z,72.72,75.13,72.7,74.91,201454
2020-12-03T05:00:00Z,72.25,73.49,70.95,72.67,204569
2020-12-02T05:00:00Z,74,74.21,70.69,71.23,185448
2020-12-01T05:00:00Z,78.22,78.43,74.385,75.3,140677
2020-11-30T05:00:00Z,74.6,77.92,72.61,77.7,167103
2020-11-27T05:00:00Z,70.5,74.455,70.055,74.13,126342
2020-11-25T05:00:00Z,67.96,69.72,67.21,69.35,122954
2020-11-24T05:00:00Z,68.79,68.89,66.8,67.31,84585
2020-11-23T05:00:00Z,69.04,69.88,67.225,69.22,84911
2020-11-20T05:00:00Z,66.81,69.68,66.81,68.64,90092
2020-11-19T05:00:00Z,66.96,68.41,65.96,66.64,132116
2020-11-18T05:00:00Z,64.58,66.93,64.22,66.34,130628
2020-11-17T05:00:00Z,64.69,64.83,63.24,64.42,141876
2020-11-16T05:00:00Z,61.6,65.1,61.1,64.235,133336
2020-11-13T05:00:00Z,64.38,64.58,62.23,62.97,152534
2020-11-12T05:00:00Z,63.335,65.2,61.85,63.36,183800
2020-11-11T05:00:00Z,60.95,64.88,60.95,63.955,157715
2020-11-10T05:00:00Z,61.515,61.545,55.825,59.875,370929
2020-11-09T05:00:00Z,64.5,64.5,60.13,62.17,315945
2020-11-06T05:00:00Z,67.99,70.605,66.96,70.27,108118
2020-11-05T05:00:00Z,68.61,69.78,67.31,67.57,114974
2020-11-04T05:00:00Z,65.085,68.37,65.085,66.99,108142
2020-11-03T05:00:00Z,61.27,65.015,60.8,64.24,105799
2020-11-02T05:00:00Z,61.96,62.54,59.83,60.685,120062
2020-10-30T04:00:00Z,66.18,66.98,60.61,61.6,483116
2020-10-29T04:00:00Z,71.94,72.36,67.66,67.66,217083
2020-10-28T04:00:00Z,68.8,72.54,68.74,72.015,284349
2020-10-27T04:00:00Z,64.5,67.99,64.29,67.71,105741
2020-10-26T04:00:00Z,63.1,64.78,61.77,63.57,90166
2020-10-23T04:00:00Z,63.69,64.46,62.05,63.68,94278
2020-10-22T04:00:00Z,65.15,65.65,63.19,63.5,173231
2020-10-21T04:00:00Z,68.75,69.69,64.13,64.69,224126
2020-10-20T04:00:00Z,68.73,69.9,67.74,68.11,120639
2020-10-19T04:00:00Z,68.03,70.71,67.29,68.95,192138
2020-10-16T04:00:00Z,69.44,69.815,66.2,67.2,405100
2020-10-15T04:00:00Z,62.735,65.72,62.54,64.89,151040
2020-10-14T04:00:00Z,67.565,68.285,63.75,64.17,140329
2020-10-13T04:00:00Z,64.65,67.03,63.84,66.86,203053
2020-10-12T04:00:00Z,62.11,64.935,61.77,64.455,297010
2020-10-09T04:00:00Z,59.19,61.84,58.9,61.5,163332
2020-10-08T04:00:00Z,57.62,59.43,57.28,58.66,163107
2020-10-07T04:00:00Z,57.24,58.09,56.46,57.11,108934
2020-10-06T04:00:00Z,57.4,58.83,55.95,56.15,131073
2020-10-05T04:00:00Z,56.84,57.74,56.07,57.49,87117
2020-10-02T04:00:00Z,57.61,58.44,55.705,56.6,208100
2020-10-01T04:00:00Z,55.55,59.15,55.5,58.97,287608
2020-09-30T04:00:00Z,54.81,56.02,54.625,54.86,58878
2020-09-29T04:00:00Z,56.5,56.91,54.91,54.98,90905
2020-09-28T04:00:00Z,56.49,57.16,54.795,56.35,93629
2020-09-25T04:00:00Z,55.685,56.74,55.11,55.99,144956
2020-09-24T04:00:00Z,54.2,55.82,53.23,54.99,142681
2020-09-23T04:00:00Z,54.57,57.03,54.125,54.94,206363
2020-09-22T04:00:00Z,53.75,54.72,52.8,54.51,316354
2020-09-21T04:00:00Z,52.17,53.685,52.13,53.27,491025
2020-09-18T04:00:00Z,54.425,54.79,51.27,52.99,269772
2020-09-17T04:00:00Z,54.54,54.79,52.9,54.355,357147
2020-09-16T04:00:00Z,54.315,56.97,54.23,56.19,104806
2020-09-15T04:00:00Z,53.715,54.565,52.77,54.1,130556
2020-09-14T04:00:00Z,54.24,55.09,52.43,53.035,174247
2020-09-11T04:00:00Z,58.96,61.23,53.575,53.78,450921
2020-09-10T04:00:00Z,62.76,63.56,59.64,59.64,355240
2020-09-09T04:00:00Z,63.88,65.28,61.25,61.57,200164
2020-09-08T04:00:00Z,59.825,63.29,59.56,60.83,105152
2020-09-04T04:00:00Z,62.24,64.09,56.21,61.12,151557
2020-09-03T04:00:00Z,67.83,68.93,60.685,61.89,436603
2020-09-02T04:00:00Z,71.29,74.805,68.68,70.09,244284
2020-09-01T04:00:00Z,61.95,70.245,61.95,69.45,236998
2020-08-31T04:00:00Z,60.16,61.83,58.89,61.055,93939
2020-08-28T04:00:00Z,57.785,60.97,57.785,59.74,116389
2020-08-27T04:00:00Z,57.935,58.26,56.165,56.85,100925
2020-08-26T04:00:00Z,57.03,59.37,56.93,58.3,62733
2020-08-25T04:00:00Z,55.765,57.645,55.555,56.66,86905
2020-08-24T04:00:00Z,57.76,58.41,55.365,57.02,68101
2020-08-21T04:00:00Z,56.685,57.045,55.31,56.96,70361
2020-08-20T04:00:00Z,56.195,57.59,56.195,57.24,52396
2020-08-19T04:00:00Z,57.04,57.47,56,56.19,30294
2020-08-18T04:00:00Z,55.75,57.59,55.75,57.1,64969
2020-08-17T04:00:00Z,54.415,55.88,53.935,55.57,50875
2020-08-14T04:00:00Z,54.66,54.83,52.735,53.81,54652
2020-08-13T04:00:00Z,53.83,55.3,53.075,54.62,62628
2020-08-12T04:00:00Z,50.87,53.595,50.65,53.19,156364
2020-08-11T04:00:00Z,52.76,52.76,50.22,50.61,209769
2020-08-10T04:00:00Z,55.58,56.02,51.9,53.4,194859
2020-08-07T04:00:00Z,56.18,56.64,53.525,54.895,137590
2020-08-06T04:00:00Z,58.745,58.745,56.555,56.74,84881
2020-08-05T04:00:00Z,57.78,58.86,57.4,58.77,59330
2020-08-04T04:00:00Z,56.42,59.245,56.165,58.15,206497
2020-08-03T04:00:00Z,53.86,57.49,53.57,56.83,275390
2020-07-31T04:00:00Z,50.12,52.49,50,52.45,198541
2020-07-30T04:00:00Z,47.29,49.22,47.125,49.04,53742
2020-07-29T04:00:00Z,46.55,47.83,45.83,47.56,228148
2020-07-28T04:00:00Z,46.22,47.3,45.73,46.36,91804
2020-07-27T04:00:00Z,46.035,47.425,46.035,46.75,86895
