2024-06-14T04:00:00Z,37.37,37.68,37.27,37.44,278035
2024-06-13T04:00:00Z,37.53,37.84,37.31,37.58,347185
2024-06-12T04:00:00Z,38.505,38.63,37.495,37.81,342879
2024-06-11T04:00:00Z,38.19,38.59,37.97,38.32,235245
2024-06-10T04:00:00Z,38.86,38.975,38.52,38.8,446552
2024-06-07T04:00:00Z,38.99,39.355,38.925,38.98,466232
2024-06-06T04:00:00Z,39.22,39.92,39.015,39.07,286821
2024-06-05T04:00:00Z,39.47,39.48,39.07,39.11,444994
2024-06-04T04:00:00Z,39.41,39.78,39.22,39.55,375054
2024-06-03T04:00:00Z,39.995,40.065,39.33,39.56,287502
2024-05-31T04:00:00Z,38.5,40.07,38.135,40.045,554120
2024-05-30T04:00:00Z,37.955,38.905,37.955,38.875,430692
2024-05-29T04:00:00Z,38.3,38.42,37.845,37.96,413027
2024-05-28T04:00:00Z,38.225,38.805,38.225,38.54,340147
2024-05-24T04:00:00Z,38.785,38.81,38.25,38.525,277702
2024-05-23T04:00:00Z,38.8,39.135,38.505,38.69,375482
2024-05-22T04:00:00Z,39.17,39.17,38.675,38.87,550111
2024-05-21T04:00:00Z,38.99,39.625,38.99,39.22,517660
2024-05-20T04:00:00Z,39.135,39.3,38.675,39.21,321777
2024-05-17T04:00:00Z,39.23,39.385,38.91,39.29,295663
2024-05-16T04:00:00Z,39.175,39.415,38.89,39.37,566282
2024-05-15T04:00:00Z,39.88,39.88,39.02,39.255,511572
2024-05-14T04:00:00Z,39.98,40.045,39.6,39.69,492664
2024-05-13T04:00:00Z,39.605,39.74,39.325,39.72,445677
2024-05-10T04:00:00Z,38.39,39.45,38.34,39.29,377020
2024-05-09T04:00:00Z,38.97,39.105,38.405,38.52,892465
2024-05-08T04:00:00Z,38.4,39.79,38.365,39.045,915336
2024-05-07T04:00:00Z,38.65,38.715,38.39,38.51,622195
2024-05-06T04:00:00Z,38.775,39.05,38.425,38.48,886085
2024-05-03T04:00:00Z,38.52,38.835,38.385,38.695,523532
2024-05-02T04:00:00Z,38.54,38.7,38.08,38.355,326643
2024-05-01T04:00:00Z,38.05,38.69,38.05,38.185,555396
2024-04-30T04:00:00Z,38.33,38.33,37.84,38.115,615030
2024-04-29T04:00:00Z,38.72,38.94,38.47,38.835,381957
2024-04-26T04:00:00Z,37.13,38.715,36.46,38.55,1049571
2024-04-25T04:00:00Z,38.595,39.12,37.2,37.865,1173384
2024-04-24T04:00:00Z,39.87,40.335,39.84,40.17,740412
2024-04-23T04:00:00Z,40.565,41.11,40.31,40.365,605556
2024-04-22T04:00:00Z,40.605,40.68,39.96,40.59,1096312
2024-04-19T04:00:00Z,39.68,40.3,39.64,40.26,933180
2024-04-18T04:00:00Z,39.32,39.69,39.135,39.625,475830
2024-04-17T04:00:00Z,39.38,39.415,38.885,38.99,731758
2024-04-16T04:00:00Z,39.445,39.59,39.015,39.11,560901
2024-04-15T04:00:00Z,39.73,39.905,39.11,39.42,482332
2024-04-12T04:00:00Z,39.83,39.94,39.23,39.37,922492
2024-04-11T04:00:00Z,40.02,40.26,39.66,40.12,475296
2024-04-10T04:00:00Z,40.14,40.14,39.39,39.68,685043
2024-04-09T04:00:00Z,40.23,40.775,39.96,40.14,904069
2024-04-08T04:00:00Z,40.7,40.99,40.59,40.72,601571
2024-04-05T04:00:00Z,40.92,41.185,40.64,40.89,533719
2024-04-04T04:00:00Z,41.79,42,40.955,41.13,597619
2024-04-03T04:00:00Z,41.79,41.92,41.42,41.56,602521
2024-04-02T04:00:00Z,42.25,42.655,41.615,41.82,424396
2024-04-01T04:00:00Z,43.03,43.03,41.86,42.25,497823
2024-03-28T04:00:00Z,43.21,43.59,43.12,43.34,385330
2024-03-27T04:00:00Z,42.75,43.08,42.705,43.075,526425
2024-03-26T04:00:00Z,42.575,42.625,42.14,42.49,446150
2024-03-25T04:00:00Z,42.87,42.87,42.305,42.66,451519
2024-03-22T04:00:00Z,43.03,43.04,42.465,42.715,274297
2024-03-21T04:00:00Z,43,43.005,42.455,42.88,579509
2024-03-20T04:00:00Z,42.9,43.22,42.69,43.1,562038
2024-03-19T04:00:00Z,42.98,43.22,42.64,42.95,458083
2024-03-18T04:00:00Z,43.01,43.48,42.945,43.11,374009
2024-03-15T04:00:00Z,42.9,43.27,42.71,42.76,348009
2024-03-14T04:00:00Z,43.02,43.08,42.02,42.86,733717
2024-03-13T04:00:00Z,43.41,43.68,43.2,43.3,391104
2024-03-12T04:00:00Z,43.595,43.61,42.8,43.19,989926
2024-03-11T04:00:00Z,42.73,43.675,42.67,43.565,601735
2024-03-08T05:00:00Z,41.72,42.63,41.62,42.62,570117
2024-03-07T05:00:00Z,42.295,42.345,41.51,41.72,698603
2024-03-06T05:00:00Z,42.185,42.395,41.67,42.16,540476
2024-03-05T05:00:00Z,41.86,42.56,41.73,42.09,463317
2024-03-04T05:00:00Z,42.795,42.87,41.59,41.84,568583
2024-03-01T05:00:00Z,42.52,43.07,42.205,42.81,374253
2024-02-29T05:00:00Z,42.46,42.945,42.45,42.8,482793
2024-02-28T05:00:00Z,42.2,42.625,42.125,42.16,306431
2024-02-27T05:00:00Z,42.205,42.31,41.9,42.28,432786
2024-02-26T05:00:00Z,41.92,42.57,41.77,42.18,572720
2024-02-23T05:00:00Z,41.925,42.315,41.675,41.9,441596
2024-02-22T05:00:00Z,41.795,41.97,41.41,41.89,728292
2024-02-21T05:00:00Z,41.93,41.93,41.495,41.86,498904
2024-02-20T05:00:00Z,41.18,41.72,40.74,41.69,674152
2024-02-16T05:00:00Z,41.73,41.73,41.16,41.22,716616
2024-02-15T05:00:00Z,41.83,42.17,41.68,41.8,503852
2024-02-14T05:00:00Z,42.06,42.13,41.68,41.99,465492
2024-02-13T05:00:00Z,42.44,42.53,41.51,41.85,610433
2024-02-12T05:00:00Z,41.94,42.99,41.93,42.605,873369
2024-02-09T05:00:00Z,41.335,42.27,41.225,42.065,701097
2024-02-08T05:00:00Z,42.995,42.995,41.06,41.24,2154628
2024-02-07T05:00:00Z,44.64,44.76,42.845,42.865,1156144
2024-02-06T05:00:00Z,44.815,44.92,44.14,44.405,642911
2024-02-05T05:00:00Z,44.9,45.36,44.845,44.855,481594
2024-02-02T05:00:00Z,45.41,45.78,44.875,45.075,681134
2024-02-01T05:00:00Z,46.77,47.1,46.19,46.715,732847
2024-01-31T05:00:00Z,46.595,47.1,46.39,46.56,524521
2024-01-30T05:00:00Z,46.215,46.835,46.01,46.66,414905
2024-01-29T05:00:00Z,46.1,46.5,45.81,46.115,597889
2024-01-26T05:00:00Z,45.48,46.32,45.39,46.24,539882
2024-01-25T05:00:00Z,43.82,46.32,43.63,45.28,912242
2024-01-24T05:00:00Z,44.3,44.3,43.505,43.79,682914
2024-01-23T05:00:00Z,43.76,44.155,43.43,43.94,454222
2024-01-22T05:00:00Z,43.52,43.92,43.48,43.62,559366
2024-01-19T05:00:00Z,42.56,43.36,42.53,43.34,559023
2024-01-18T05:00:00Z,42.08,42.62,42.08,42.57,654874
2024-01-17T05:00:00Z,42.835,43.05,42.135,42.335,646433
2024-01-16T05:00:00Z,42.905,43.22,42.74,43.085,400725
2024-01-12T05:00:00Z,43.37,43.37,42.87,42.98,543814
2024-01-11T05:00:00Z,43.57,43.57,42.83,43.28,489061
2024-01-10T05:00:00Z,43.29,43.56,42.98,43.46,291807
2024-01-09T05:00:00Z,43.275,43.41,42.795,43.27,404419
2024-01-08T05:00:00Z,43,43.82,42.94,43.72,492041
2024-01-05T05:00:00Z,42.8,43.31,42.765,43.02,413057
2024-01-04T05:00:00Z,43.18,43.33,42.495,42.64,543672
2024-01-03T05:00:00Z,43.62,43.87,43.215,43.31,455169
2024-01-02T05:00:00Z,43.61,44.03,43.285,43.69,511649
2023-12-29T05:00:00Z,44.01,44.13,43.555,43.88,344546
2023-12-28T05:00:00Z,43.98,44.405,43.91,44.14,314585
2023-12-27T05:00:00Z,43.925,44.17,43.71,44.01,336949
2023-12-26T05:00:00Z,44.03,44.03,43.5,43.95,275687
2023-12-22T05:00:00Z,44.11,44.615,43.81,44.01,342729
2023-12-21T05:00:00Z,44.29,44.31,43.38,44,772092
2023-12-20T05:00:00Z,44.575,44.915,44.21,44.23,566052
2023-12-19T05:00:00Z,44.76,44.89,44.515,44.685,468993
2023-12-18T05:00:00Z,44.595,44.875,44.315,44.695,799287
2023-12-15T05:00:00Z,44.6,44.795,43.96,44.45,485221
2023-12-14T05:00:00Z,43.98,44.995,43.98,44.68,911677
2023-12-13T05:00:00Z,42.7,43.695,42.25,43.68,636996
2023-12-12T05:00:00Z,42.99,43.06,42.165,42.67,531600
2023-12-11T05:00:00Z,42.71,42.985,42.145,42.67,688606
2023-12-08T05:00:00Z,41.79,42.24,41.66,42.085,476919
2023-12-07T05:00:00Z,42.07,42.69,41.79,42.14,759320
2023-12-06T05:00:00Z,41.88,42.055,41.29,41.71,526874
2023-12-05T05:00:00Z,42.91,42.97,40.72,41.63,923623
2023-12-04T05:00:00Z,42.245,43.415,42.24,43.06,777986
2023-12-01T05:00:00Z,42.245,42.52,41.82,42.205,650488
2023-11-30T05:00:00Z,41.78,41.935,41.44,41.92,464632
2023-11-29T05:00:00Z,41.94,42.07,41.41,41.63,375771
2023-11-28T05:00:00Z,41.98,42.1,41.795,41.85,468116
2023-11-27T05:00:00Z,42.48,42.485,41.82,42.08,678785
2023-11-24T05:00:00Z,42.605,42.69,42.41,42.59,183015
2023-11-22T05:00:00Z,42.905,42.92,42.4,42.46,440782
2023-11-21T05:00:00Z,43,43.035,42.34,42.6,386154
2023-11-20T05:00:00Z,42.3,43.135,42.17,42.96,399107
2023-11-17T05:00:00Z,42.7,42.945,42.33,42.43,318879
2023-11-16T05:00:00Z,42.83,43.05,41.885,42.445,1149810
2023-11-15T05:00:00Z,42.025,42.65,42.025,42.54,514535
2023-11-14T05:00:00Z,42.3,42.49,41.77,41.87,815006
2023-11-13T05:00:00Z,41.57,41.82,41.275,41.47,523404
2023-11-10T05:00:00Z,41.13,41.96,41.065,41.89,665045
2023-11-09T05:00:00Z,41.71,41.71,40.77,40.88,1061680
2023-11-08T05:00:00Z,41.95,42.015,41.295,41.52,744616
2023-11-07T05:00:00Z,42.325,42.435,41.965,42.02,966484
2023-11-06T05:00:00Z,43.135,43.25,42.22,42.46,651435
2023-11-03T04:00:00Z,42.955,43.41,42.83,43.2,578967
2023-11-02T04:00:00Z,42.06,42.575,42.055,42.525,591902
2023-11-01T04:00:00Z,41.43,42.135,41.38,41.84,745767
2023-10-31T04:00:00Z,40.74,41.33,40.73,41.3,739485
2023-10-30T04:00:00Z,39.985,40.615,39.975,40.445,603668
2023-10-27T04:00:00Z,38.1,40.41,37.915,39.64,1233072
2023-10-26T04:00:00Z,40.05,40.455,39.09,39.13,1733247
2023-10-25T04:00:00Z,43.32,43.575,42.72,42.8,617041
2023-10-24T04:00:00Z,43.37,43.58,43.185,43.43,437508
2023-10-23T04:00:00Z,43.08,43.3,42.73,42.965,418651
2023-10-20T04:00:00Z,42.87,43.33,42.355,42.845,395585
2023-10-19T04:00:00Z,44.28,44.28,42.995,43.05,826994
2023-10-18T04:00:00Z,44.405,44.515,43.905,44.02,302262
2023-10-17T04:00:00Z,44.27,44.69,44.095,44.36,395920
2023-10-16T04:00:00Z,44.035,44.315,43.775,44.21,483699
2023-10-13T04:00:00Z,43.93,44.065,43.515,43.81,508958
2023-10-12T04:00:00Z,44.37,44.435,43.8,43.885,616788
2023-10-11T04:00:00Z,44.81,44.81,44.095,44.22,503923
2023-10-10T04:00:00Z,44.24,44.655,43.83,44.45,522801
2023-10-09T04:00:00Z,43.41,44.23,43.36,44.1,320408
2023-10-06T04:00:00Z,42.67,43.6,42.39,43.445,450763
2023-10-05T04:00:00Z,43.475,43.595,42.885,43.03,377936
2023-10-04T04:00:00Z,43.35,43.57,43.17,43.43,565974
2023-10-03T04:00:00Z,43.92,44.125,43.32,43.48,604263
2023-10-02T04:00:00Z,44.23,44.72,44.09,44.48,383654
2023-09-29T04:00:00Z,44.89,45.03,44,44.35,487011
2023-09-28T04:00:00Z,44.76,45.23,44.7,44.88,507642
2023-09-27T04:00:00Z,44.4,44.825,44.265,44.63,574059
2023-09-26T04:00:00Z,43.99,44.715,43.9,44.24,604319
2023-09-25T04:00:00Z,45.21,45.335,44.735,44.875,311273
2023-09-22T04:00:00Z,45.63,45.825,45.26,45.26,381836
2023-09-21T04:00:00Z,45.685,46,45.625,45.68,700052
2023-09-20T04:00:00Z,45.79,46.035,45.47,45.5,541884
2023-09-19T04:00:00Z,45.59,45.825,45.48,45.71,553262
2023-09-18T04:00:00Z,45.475,45.98,45.46,45.65,280409
2023-09-15T04:00:00Z,45.89,46.14,45.19,45.34,795698
2023-09-14T04:00:00Z,45.665,46.04,45.53,45.94,796702
2023-09-13T04:00:00Z,45.075,45.2,44.565,45.18,619540
2023-09-12T04:00:00Z,45.11,45.475,44.87,45.18,578498
2023-09-11T04:00:00Z,45.03,45.71,44.965,45.27,592769
2023-09-08T04:00:00Z,44.885,45.19,44.775,45,507343
2023-09-07T04:00:00Z,44.98,45.695,44.845,44.85,785413
2023-09-06T04:00:00Z,44.49,45.59,44.25,44.915,832519
2023-09-05T04:00:00Z,45.49,45.67,44.47,44.53,906422
2023-09-01T04:00:00Z,46.61,46.68,45.36,45.73,866185
2023-08-31T04:00:00Z,47.13,47.275,46.71,46.76,419045
2023-08-30T04:00:00Z,46.92,47.185,46.685,47.13,408000
2023-08-29T04:00:00Z,46.05,46.87,46.02,46.805,412601
2023-08-28T04:00:00Z,45.605,46.05,45.59,45.99,313220
2023-08-25T04:00:00Z,45.35,45.61,45.16,45.44,282309
2023-08-24T04:00:00Z,45.35,45.75,45.23,45.23,416027
2023-08-23T04:00:00Z,45.88,45.91,45.335,45.46,489591
2023-08-22T04:00:00Z,45.84,46.09,45.52,45.59,287308
2023-08-21T04:00:00Z,45.55,46.045,45.55,45.85,398522
2023-08-18T04:00:00Z,46.04,46.33,45.64,45.75,414888
2023-08-17T04:00:00Z,46.57,46.87,46.24,46.24,294432
2023-08-16T04:00:00Z,47.08,47.445,46.33,46.34,450575
2023-08-15T04:00:00Z,46.26,47.285,46.26,47.06,509108
2023-08-14T04:00:00Z,46.25,46.865,46.25,46.57,379079
2023-08-11T04:00:00Z,45.725,46.22,45.58,46.06,330595
2023-08-10T04:00:00Z,45.69,46.525,45.69,45.95,405706
2023-08-09T04:00:00Z,45.42,45.64,45.2,45.3,405445
2023-08-08T04:00:00Z,45.29,45.6,45.18,45.39,773789
2023-08-07T04:00:00Z,45.19,45.595,45.105,45.47,324741
2023-08-04T04:00:00Z,45.24,45.545,44.79,44.87,289112
2023-08-03T04:00:00Z,45.06,45.565,44.925,45.15,352545
2023-08-02T04:00:00Z,45.415,45.6,44.615,45.12,398123
2023-08-01T04:00:00Z,45.41,45.5,45.105,45.305,447540
2023-07-31T04:00:00Z,45.36,45.81,45.12,45.27,519264
2023-07-28T04:00:00Z,45.86,46.16,44.98,45.21,627419
2023-07-27T04:00:00Z,44.52,46.425,44.52,45.37,760723
2023-07-26T04:00:00Z,43.29,43.38,42.63,42.9,550838
2023-07-25T04:00:00Z,43.14,43.525,43.14,43.28,327031
2023-07-24T04:00:00Z,43.1,43.5,43.03,43.31,400776
2023-07-21T04:00:00Z,43.24,43.49,42.86,42.865,681531
2023-07-20T04:00:00Z,42.84,43.42,42.78,43.22,611697
2023-07-19T04:00:00Z,42.24,42.83,42.22,42.74,382635
2023-07-18T04:00:00Z,42.005,42.76,42.005,42.46,545188
2023-07-17T04:00:00Z,41.85,42.265,41.545,42.07,589226
2023-07-14T04:00:00Z,41.99,42.26,41.8,42.01,450181
2023-07-13T04:00:00Z,42.64,42.72,42.225,42.54,324057
2023-07-12T04:00:00Z,42.26,42.53,42.165,42.36,404737
2023-07-11T04:00:00Z,41.98,42.255,41.63,42.01,462371
2023-07-10T04:00:00Z,41.84,42.35,41.74,41.82,753382
2023-07-07T04:00:00Z,41.02,41.88,40.955,41.45,316549
2023-07-06T04:00:00Z,41.1,41.43,40.88,41.22,407490
2023-07-05T04:00:00Z,41.6,41.745,41.12,41.475,264999
2023-07-03T04:00:00Z,41.01,41.81,40.93,41.75,220612
2023-06-30T04:00:00Z,41.76,41.87,41.405,41.55,437591
2023-06-29T04:00:00Z,41.395,41.73,41.36,41.48,316620
2023-06-28T04:00:00Z,41.935,42,41.32,41.685,360793
2023-06-27T04:00:00Z,40.59,41.585,40.57,41.48,359975
2023-06-26T04:00:00Z,40.195,40.78,40.195,40.59,416694
2023-06-23T04:00:00Z,40.34,40.505,39.98,40.075,345457
2023-06-22T04:00:00Z,40.67,40.735,40.22,40.575,360605
2023-06-21T04:00:00Z,40.59,40.93,40.33,40.605,253465
2023-06-20T04:00:00Z,41.17,41.285,40.63,40.66,379032
2023-06-16T04:00:00Z,41.51,41.63,41.115,41.21,304485
2023-06-15T04:00:00Z,40.865,41.55,40.705,41.48,478492
2023-06-14T04:00:00Z,40.71,41.21,40.615,40.87,278294
2023-06-13T04:00:00Z,40.89,41.125,40.62,40.68,277359
2023-06-12T04:00:00Z,40.22,40.79,40.11,40.72,332711
2023-06-09T04:00:00Z,40.26,40.465,40.1,40.23,222595
2023-06-08T04:00:00Z,40.26,40.51,40,40.46,169908
2023-06-07T04:00:00Z,39.5,40.465,39.49,40.37,364264
2023-06-06T04:00:00Z,39.935,39.985,39.28,39.46,317590
2023-06-05T04:00:00Z,39.33,39.83,39.23,39.8,633479
2023-06-02T04:00:00Z,38.55,39.55,38.49,39.18,468731
2023-06-01T04:00:00Z,39.53,39.53,38.69,39.005,561731
2023-05-31T04:00:00Z,39.13,39.47,38.85,39.35,1177282
2023-05-30T04:00:00Z,39.14,39.74,39.075,39.17,606780
2023-05-26T04:00:00Z,39.28,39.665,39.1,39.45,1111164
2023-05-25T04:00:00Z,39.495,39.86,38.995,39.06,1389189
2023-05-24T04:00:00Z,40.52,40.54,39.88,39.98,698920
2023-05-23T04:00:00Z,41.2,41.49,40.375,40.38,575872
2023-05-22T04:00:00Z,41.51,41.66,41.17,41.25,364557
2023-05-19T04:00:00Z,41.52,41.54,40.99,41.18,484133
2023-05-18T04:00:00Z,39.83,41.355,39.82,41.32,435194
2023-05-17T04:00:00Z,39.85,40.465,39.74,40.295,388845
2023-05-16T04:00:00Z,40.15,40.155,39.535,39.74,307266
2023-05-15T04:00:00Z,40.39,40.5,40.075,40.22,257548
2023-05-12T04:00:00Z,40.43,40.54,40.02,40.22,573321
2023-05-11T04:00:00Z,39.87,40.515,39.85,40.38,434468
2023-05-10T04:00:00Z,39.83,39.91,39.29,39.87,645243
2023-05-09T04:00:00Z,40.4,40.4,39.58,39.655,577669
2023-05-08T04:00:00Z,40.585,40.795,40.27,40.59,512934
2023-05-05T04:00:00Z,40.57,40.57,39.88,40.41,490346
2023-05-04T04:00:00Z,40.63,40.755,40.02,40.23,410526
2023-05-03T04:00:00Z,41.42,41.5,40.815,40.88,473775
2023-05-02T04:00:00Z,41.55,41.55,40.52,41.23,428263
2023-05-01T04:00:00Z,41.93,41.99,41.535,41.655,546312
2023-04-28T04:00:00Z,40.06,41.42,39.99,41.4,558136
2023-04-27T04:00:00Z,37.76,40.425,37.6,40.25,1202621
2023-04-26T04:00:00Z,36.68,36.92,36.39,36.52,461307
2023-04-25T04:00:00Z,37.04,37.12,36.75,36.9,529178
2023-04-24T04:00:00Z,37.63,37.7,37.075,37.23,346843
2023-04-21T04:00:00Z,37.75,37.835,37.5,37.755,252788
2023-04-20T04:00:00Z,37.96,38.16,37.575,37.75,282209
2023-04-19T04:00:00Z,37.98,38.415,37.98,38.26,349368
2023-04-18T04:00:00Z,38.79,39.03,37.955,38.28,605778
2023-04-17T04:00:00Z,37.965,38.235,37.945,38.11,499379
2023-04-14T04:00:00Z,37.99,38.2,37.435,37.965,391701
2023-04-13T04:00:00Z,37.895,38.3,37.755,38.04,406927
2023-04-12T04:00:00Z,38.685,38.71,37.545,37.64,449599
2023-04-11T04:00:00Z,38.37,38.68,38.29,38.39,529219
2023-04-10T04:00:00Z,37.46,38.265,37.435,38.24,455619
2023-04-06T04:00:00Z,37.92,37.94,37.55,37.7,599444
2023-04-05T04:00:00Z,37.68,38.095,37.54,37.92,388163
2023-04-04T04:00:00Z,37.93,38.025,37.465,37.77,484540
2023-04-03T04:00:00Z,37.97,38.345,37.84,38.01,552356
2023-03-31T04:00:00Z,37.28,37.95,37.23,37.9,352990
2023-03-30T04:00:00Z,37.31,37.385,36.985,37.15,402536
2023-03-29T04:00:00Z,36.87,36.995,36.725,36.95,613611
2023-03-28T04:00:00Z,36.445,36.75,36.36,36.45,456870
2023-03-27T04:00:00Z,36.17,36.615,36.17,36.44,443407
2023-03-24T04:00:00Z,35.7,36.12,35.29,35.925,792185
2023-03-23T04:00:00Z,36.12,36.475,35.65,35.955,639921
2023-03-22T04:00:00Z,37.14,37.245,36.17,36.17,541855
2023-03-21T04:00:00Z,36.78,37.085,36.67,37.01,536731
2023-03-20T04:00:00Z,36.18,36.54,36.18,36.46,472070
2023-03-17T04:00:00Z,35.86,36.2,35.63,36.035,522055
2023-03-16T04:00:00Z,35.41,36.295,35.41,36.24,795964
2023-03-15T04:00:00Z,34.86,35.98,34.64,35.92,671553
2023-03-14T04:00:00Z,35.91,35.91,34.935,35.27,779624
2023-03-13T04:00:00Z,35.14,35.935,34.945,35.525,634472
2023-03-10T05:00:00Z,35.24,35.575,34.995,35.33,519425
2023-03-09T05:00:00Z,35.94,36.125,35.33,35.47,668017
2023-03-08T05:00:00Z,36.45,36.45,35.61,35.89,615315
2023-03-07T05:00:00Z,37.07,37.19,35.94,36.19,780254
2023-03-06T05:00:00Z,37.5,37.615,37.015,37.09,549221
2023-03-03T05:00:00Z,37.16,37.38,37,37.24,438145
2023-03-02T05:00:00Z,36.485,37.02,36.39,36.935,699422
2023-03-01T05:00:00Z,36.88,37.07,36.34,36.65,594962
2023-02-28T05:00:00Z,37.23,37.4,36.82,37.16,505732
2023-02-27T05:00:00Z,37.29,37.57,37.13,37.36,676751
2023-02-24T05:00:00Z,36.99,37.3,36.895,37.01,776242
2023-02-23T05:00:00Z,38.035,38.125,37.44,37.685,731551
2023-02-22T05:00:00Z,37.72,38.255,37.585,38.01,596960
2023-02-21T05:00:00Z,38.64,38.65,37.79,37.835,678485
2023-02-17T05:00:00Z,39.67,39.68,38.975,39.095,500874
2023-02-16T05:00:00Z,39.035,39.99,38.98,39.72,873541
2023-02-15T05:00:00Z,38.75,39.52,38.72,39.42,645398
2023-02-14T05:00:00Z,38.955,39.26,38.54,39.04,700874
2023-02-13T05:00:00Z,38.305,39.25,38.29,39.1,595856
2023-02-10T05:00:00Z,37.9,38.38,37.9,38.38,706125
2023-02-09T05:00:00Z,39.365,39.42,37.87,37.9,807229
2023-02-08T05:00:00Z,39.23,39.3,38.53,38.79,636519
2023-02-07T05:00:00Z,39.34,39.89,39.02,39.66,682593
2023-02-06T05:00:00Z,39.55,39.79,39.27,39.52,572442
2023-02-03T05:00:00Z,40.805,40.805,39.805,39.94,371775
2023-02-02T05:00:00Z,39.86,41.145,39.74,41.12,596289
2023-02-01T05:00:00Z,39.05,40.295,38.68,39.99,537681
2023-01-31T05:00:00Z,39.25,39.415,39.085,39.35,683374
2023-01-30T05:00:00Z,39.11,39.51,38.96,39.25,918860
2023-01-27T05:00:00Z,40.28,40.28,39.535,39.59,930966
2023-01-26T05:00:00Z,39.24,40.74,39.14,40.42,1930977
2023-01-25T05:00:00Z,40.2,40.2,39.555,40.115,1840970
2023-01-24T05:00:00Z,40.165,40.44,39.66,39.76,1971627
2023-01-23T05:00:00Z,39.4,40.415,39.26,40.25,1566081
2023-01-20T05:00:00Z,38.26,39.45,37.98,39.37,685299
2023-01-19T05:00:00Z,38.23,38.365,37.78,38.15,534807
2023-01-18T05:00:00Z,38.92,39.13,38.175,38.28,571074
2023-01-17T05:00:00Z,39,39.035,38.44,38.94,430223
2023-01-13T05:00:00Z,38.65,39.055,38.47,38.92,731502
2023-01-12T05:00:00Z,37.945,38.725,37.73,38.68,512782
2023-01-11T05:00:00Z,38.07,38.085,37.435,37.94,504842
2023-01-10T05:00:00Z,37.46,37.925,37.34,37.9,473001
2023-01-09T05:00:00Z,37.65,37.905,37.435,37.535,782226
2023-01-06T05:00:00Z,37.46,38,37.18,37.845,652003
2023-01-05T05:00:00Z,37.02,37.135,36.24,36.98,583630
2023-01-04T05:00:00Z,36.23,36.97,36.03,36.6,1030867
2023-01-03T05:00:00Z,34.95,35.59,34.75,35.565,1294450
2022-12-30T05:00:00Z,34.8,34.975,34.535,34.96,318837
2022-12-29T05:00:00Z,34.845,35.35,34.72,35.03,318860
2022-12-28T05:00:00Z,35.12,35.24,34.615,34.63,480366
2022-12-27T05:00:00Z,35.27,35.27,34.64,35.01,423984
2022-12-23T05:00:00Z,34.78,35.19,34.75,35.16,275512
2022-12-22T05:00:00Z,34.79,35.11,34.405,34.84,682251
2022-12-21T05:00:00Z,34.73,35.395,34.69,35.08,778939
2022-12-20T05:00:00Z,34.03,34.55,33.785,34.41,660406
2022-12-19T05:00:00Z,34.555,34.74,33.93,33.98,911949
2022-12-16T05:00:00Z,34.27,34.76,34.055,34.485,742808
2022-12-15T05:00:00Z,34.88,35.16,34.455,34.63,933189
2022-12-14T05:00:00Z,34.76,36.205,34.75,35.34,1148851
2022-12-13T05:00:00Z,37.55,37.88,36.49,36.7,1217894
2022-12-12T05:00:00Z,35.51,36.565,35.51,36.51,978736
2022-12-09T05:00:00Z,34.96,35.765,34.815,35.32,464169
2022-12-08T05:00:00Z,34.6,35.135,34.39,34.97,622349
2022-12-07T05:00:00Z,34.7,34.82,34.26,34.63,550450
2022-12-06T05:00:00Z,35.28,35.28,34.49,34.785,630466
2022-12-05T05:00:00Z,35.365,36.01,35.125,35.14,644871
2022-12-02T05:00:00Z,35.685,36.08,35.48,35.845,688072
2022-12-01T05:00:00Z,36.48,37.07,36.205,36.29,813278
2022-11-30T05:00:00Z,35.47,36.66,35.195,36.64,671609
2022-11-29T05:00:00Z,35.52,35.67,35.115,35.485,590857
2022-11-28T05:00:00Z,35.31,35.655,35.26,35.605,718832
2022-11-25T05:00:00Z,35.63,35.98,35.51,35.67,523858
2022-11-23T05:00:00Z,35.055,35.68,35.04,35.56,645898
2022-11-22T05:00:00Z,34.53,35.185,34.49,35.11,994373
2022-11-21T05:00:00Z,34.615,34.875,34.035,34.36,810781
2022-11-18T05:00:00Z,34.42,34.9,34.285,34.54,701338
2022-11-17T05:00:00Z,33.48,34.55,33.205,34.28,840270
2022-11-16T05:00:00Z,34.4,34.49,33.66,33.98,648400
2022-11-15T05:00:00Z,34.63,35.08,33.965,34.27,1207875
2022-11-14T05:00:00Z,33.93,34.655,33.84,34.11,1385247
2022-11-11T05:00:00Z,33.08,34.06,32.85,34,872510
2022-11-10T05:00:00Z,32.46,32.9,32.16,32.73,1035975
2022-11-09T05:00:00Z,31.7,31.89,31.18,31.395,915485
2022-11-08T05:00:00Z,31.74,32.325,31.52,31.91,912613
2022-11-07T05:00:00Z,31.35,31.85,31.13,31.615,1079023
2022-11-04T04:00:00Z,30.8,31.44,30.375,31.02,917712
2022-11-03T04:00:00Z,30.49,30.58,30.045,30.45,1067666
2022-11-02T04:00:00Z,31.425,32,30.855,30.89,1687315
2022-11-01T04:00:00Z,32.12,32.6,31.545,31.55,911603
2022-10-31T04:00:00Z,31.835,31.87,31.225,31.75,788626
2022-10-28T04:00:00Z,31.35,32.02,30.64,31.94,1301453
2022-10-27T04:00:00Z,32.98,34.255,31.865,31.985,1663410
2022-10-26T04:00:00Z,31.99,32.16,31.45,31.49,1306516
2022-10-25T04:00:00Z,31.17,31.605,31.09,31.545,1593767
2022-10-24T04:00:00Z,30.78,31.37,30.78,31.09,977944
2022-10-21T04:00:00Z,30.29,30.73,30.06,30.47,1158204
2022-10-20T04:00:00Z,30.42,30.795,30.26,30.45,1133721
2022-10-19T04:00:00Z,30.795,30.955,30.265,30.38,1006352
2022-10-18T04:00:00Z,31.45,31.58,30.47,30.75,912246
2022-10-17T04:00:00Z,30.555,30.96,30.41,30.82,2119433
2022-10-14T04:00:00Z,30.495,30.84,30.02,30.08,1143255
2022-10-13T04:00:00Z,28.6,30.5,28.45,30.23,1364911
2022-10-12T04:00:00Z,28.7,29.32,28.53,28.68,2857852
2022-10-11T04:00:00Z,28.93,29.13,28.625,28.675,1274406
2022-10-10T04:00:00Z,29.56,29.75,29.04,29.11,1300769
2022-10-07T04:00:00Z,29.87,29.97,29.2,29.28,1539549
2022-10-06T04:00:00Z,30.63,30.68,29.99,30.05,829283
2022-10-05T04:00:00Z,30.58,30.905,30.14,30.75,914430
2022-10-04T04:00:00Z,30.54,31.09,30.43,30.985,572006
2022-10-03T04:00:00Z,29.85,30.76,29.595,30.65,1269602
2022-09-30T04:00:00Z,30.615,30.615,29.28,29.32,1545479
2022-09-29T04:00:00Z,30.81,30.84,30.005,30.45,813030
2022-09-28T04:00:00Z,30.69,31.38,30.4,31.15,850158
2022-09-27T04:00:00Z,31.275,31.39,30,30.29,1023516
2022-09-26T04:00:00Z,31.65,31.84,30.535,30.885,938321
2022-09-23T04:00:00Z,32.37,32.39,31.455,31.855,908361
2022-09-22T04:00:00Z,32.57,32.915,32.305,32.45,787808
2022-09-21T04:00:00Z,34.02,34.08,32.68,32.68,1289888
2022-09-20T04:00:00Z,33.96,34.225,33.6,33.84,757257
2022-09-19T04:00:00Z,34.36,34.765,34.005,34.455,682197
2022-09-16T04:00:00Z,34.09,34.695,33.93,34.53,960991
2022-09-15T04:00:00Z,34.44,34.6,33.725,34.005,1086528
2022-09-14T04:00:00Z,34.02,34.695,33.65,34.47,1169806
2022-09-13T04:00:00Z,35.07,35.145,33.41,33.46,932948
2022-09-12T04:00:00Z,35.73,35.9,35.37,35.7,838052
2022-09-09T04:00:00Z,34.44,35.5,34.345,35.42,845936
2022-09-08T04:00:00Z,34.77,34.84,33.75,34.305,1628240
2022-09-07T04:00:00Z,34.725,35.08,34.595,34.97,1394473
2022-09-06T04:00:00Z,35.89,35.89,34.59,34.735,1040879
2022-09-02T04:00:00Z,36.96,37.02,35.655,35.77,915087
2022-09-01T04:00:00Z,36.145,36.93,36.145,36.91,843865
2022-08-31T04:00:00Z,36.18,36.46,36.055,36.21,1304952
2022-08-30T04:00:00Z,36.44,36.56,35.61,35.725,746455
2022-08-29T04:00:00Z,36.72,36.875,36.25,36.28,777556
2022-08-26T04:00:00Z,37.75,38.07,36.785,36.81,628360
2022-08-25T04:00:00Z,37.29,37.71,37.03,37.61,700120
2022-08-24T04:00:00Z,37.16,37.655,37.08,37.115,586060
2022-08-23T04:00:00Z,37.68,37.805,37.225,37.25,773821
2022-08-22T04:00:00Z,38.47,38.56,37.54,37.63,605286
2022-08-19T04:00:00Z,38.39,38.78,38.14,38.69,551062
2022-08-18T04:00:00Z,39.34,39.4,38.415,38.64,1176835
2022-08-17T04:00:00Z,40,40.02,39.085,39.28,615003
2022-08-16T04:00:00Z,40.16,40.555,39.945,40.345,596493
2022-08-15T04:00:00Z,39.55,40.63,39.445,40.565,713163
2022-08-12T04:00:00Z,39.69,40.07,39.445,39.98,543694
2022-08-11T04:00:00Z,39.17,39.835,39.155,39.4,375355
2022-08-10T04:00:00Z,38.75,39.07,38.565,38.95,538630
2022-08-09T04:00:00Z,38.69,38.69,37.87,38.15,432893
2022-08-08T04:00:00Z,38.78,39.375,38.545,38.59,516612
2022-08-05T04:00:00Z,37.85,38.4,37.85,38.26,877942
2022-08-04T04:00:00Z,38.42,39.22,38.395,38.93,630816
2022-08-03T04:00:00Z,37.85,38.64,37.64,38.485,852798
2022-08-02T04:00:00Z,37.63,38.06,37.445,37.71,1107895
2022-08-01T04:00:00Z,36.965,37.61,36.775,37.51,865161
2022-07-29T04:00:00Z,39.09,39.11,36.575,37.48,2600705
2022-07-28T04:00:00Z,39.73,40.3,38.995,39.375,2190714
2022-07-27T04:00:00Z,42.52,43.715,42.46,43.32,939144
2022-07-26T04:00:00Z,42.335,42.84,42.255,42.72,882181
2022-07-25T04:00:00Z,42.87,42.87,42.15,42.42,837830
2022-07-22T04:00:00Z,42.405,42.905,42.225,42.64,1023126
2022-07-21T04:00:00Z,41.42,42.365,41.14,42.33,608480
2022-07-20T04:00:00Z,41.375,41.975,40.945,41.82,555967
2022-07-19T04:00:00Z,41.05,41.395,40.87,41.28,529701
2022-07-18T04:00:00Z,40.95,41.18,40.45,40.56,719226
2022-07-15T04:00:00Z,39.96,40.92,39.93,40.9,792414
2022-07-14T04:00:00Z,39.29,39.645,39.05,39.58,667733
2022-07-13T04:00:00Z,39.385,40.14,39.01,39.85,536907
2022-07-12T04:00:00Z,39.24,40.35,39.15,39.76,814972
2022-07-11T04:00:00Z,39.84,39.91,39.03,39.18,504954
2022-07-08T04:00:00Z,39.94,40.205,39.5,39.95,425342
2022-07-07T04:00:00Z,39.71,40.08,39.405,39.91,774652
2022-07-06T04:00:00Z,39.94,40.1,39.615,39.84,708838
2022-07-05T04:00:00Z,39.37,39.83,38.91,39.83,488029
2022-07-01T04:00:00Z,39.36,40.38,39.28,40.29,490897
2022-06-30T04:00:00Z,38.98,39.66,38.51,39.24,788375
2022-06-29T04:00:00Z,39.2,39.385,38.77,39.32,580309
2022-06-28T04:00:00Z,40.03,40.57,39.1,39.13,632544
2022-06-27T04:00:00Z,39.63,40.015,39.52,39.83,496350
2022-06-24T04:00:00Z,39.04,39.61,38.975,39.6,776904
2022-06-23T04:00:00Z,38.9,39.18,38.475,39.09,1008910
2022-06-22T04:00:00Z,38.34,39.325,38.21,38.89,1214309
2022-06-21T04:00:00Z,39.07,39.23,38.29,38.48,1039210
2022-06-17T04:00:00Z,37.96,38.81,37.96,38.7,1154914
2022-06-16T04:00:00Z,39.47,39.47,37.565,37.93,1044126
2022-06-15T04:00:00Z,40.27,40.91,39.735,40.13,1223635
2022-06-14T04:00:00Z,40.49,40.94,39.63,39.825,880103
2022-06-13T04:00:00Z,40.98,41.18,40.08,40.2,949782
2022-06-10T04:00:00Z,41.815,42.01,41.53,41.62,600806
2022-06-09T04:00:00Z,42.835,43.05,42.165,42.17,735581
2022-06-08T04:00:00Z,42.57,43.425,42.415,42.84,498421
2022-06-07T04:00:00Z,41.95,42.71,41.725,42.63,417768
2022-06-06T04:00:00Z,43.1,43.265,42.015,42.27,639825
2022-06-03T04:00:00Z,43.6,43.77,42.81,42.94,454000
2022-06-02T04:00:00Z,43.73,43.84,42.995,43.805,705770
2022-06-01T04:00:00Z,44.55,44.56,43.47,43.95,613773
2022-05-31T04:00:00Z,43.96,44.57,43.48,44.28,742565
2022-05-27T04:00:00Z,44.235,44.61,43.985,44.17,543728
2022-05-26T04:00:00Z,43.74,44.49,43.74,44.11,822337
2022-05-25T04:00:00Z,43.095,43.885,42.79,43.71,895332
2022-05-24T04:00:00Z,42.7,43.09,42.085,43.09,723349
2022-05-23T04:00:00Z,42.74,43.09,42.045,42.86,990914
2022-05-20T04:00:00Z,42.46,42.65,41.18,42,674206
2022-05-19T04:00:00Z,41.92,42.425,41.81,42.02,851516
2022-05-18T04:00:00Z,42.61,42.94,41.94,42.15,770881
2022-05-17T04:00:00Z,42.23,42.905,41.935,42.85,563851
2022-05-16T04:00:00Z,41.58,42.155,41.37,41.89,765848
2022-05-13T04:00:00Z,41.23,41.875,41.055,41.48,707262
2022-05-12T04:00:00Z,40.01,41.46,39.79,41.42,962144
2022-05-11T04:00:00Z,40.36,40.78,39.62,39.85,1157074
2022-05-10T04:00:00Z,40.22,41.04,39.95,40.29,1026722
2022-05-09T04:00:00Z,39.87,40.385,39.59,39.77,1246643
2022-05-06T04:00:00Z,40.34,40.39,39.48,40,1146464
2022-05-05T04:00:00Z,41.13,41.59,40.04,40.45,886324
2022-05-04T04:00:00Z,40.43,41.685,40.22,41.62,1166973
2022-05-03T04:00:00Z,40.78,40.78,39.97,40.36,590173
2022-05-02T04:00:00Z,40.05,40.64,39.615,40.45,1150774
2022-04-29T04:00:00Z,41.24,41.82,39.615,39.78,1920898
2022-04-28T04:00:00Z,42.88,43.71,40.79,41.71,2011243
2022-04-27T04:00:00Z,44.69,45.07,44.08,44.45,850910
2022-04-26T04:00:00Z,45.365,45.84,44.49,44.55,714093
2022-04-25T04:00:00Z,45.485,45.865,44.86,45.72,786909
2022-04-22T04:00:00Z,46.91,46.985,45.335,45.38,892818
2022-04-21T04:00:00Z,47.86,48.18,46.84,46.93,836293
2022-04-20T04:00:00Z,47.9,48.06,47.35,47.4,574590
2022-04-19T04:00:00Z,46.82,48.215,46.82,48.12,680602
2022-04-18T04:00:00Z,47.54,48,46.655,46.87,554994
2022-04-14T04:00:00Z,48,48.17,47.51,47.57,408421
2022-04-13T04:00:00Z,47.34,48.035,47.26,47.9,468601
2022-04-12T04:00:00Z,47.955,48.16,47.13,47.24,596469
2022-04-11T04:00:00Z,47.57,48.41,47.55,47.62,577182
2022-04-08T04:00:00Z,47.16,47.575,46.545,47.44,452232
2022-04-07T04:00:00Z,47.69,47.78,46.6,47.16,559885
2022-04-06T04:00:00Z,47.88,48.245,47.44,47.74,673930
2022-04-05T04:00:00Z,47.59,48.27,47.59,47.88,526817
2022-04-04T04:00:00Z,47.77,48.275,47.655,48.11,324350
2022-04-01T04:00:00Z,47.21,47.795,46.845,47.69,358627
2022-03-31T04:00:00Z,47.87,47.89,46.845,46.87,463012
2022-03-30T04:00:00Z,47.57,47.84,47.425,47.71,359929
2022-03-29T04:00:00Z,48,48.18,47.39,47.79,390089
2022-03-28T04:00:00Z,47.235,47.53,46.735,47.52,479911
2022-03-25T04:00:00Z,46.98,47.355,46.885,47.14,449962
2022-03-24T04:00:00Z,46.74,46.935,46.43,46.82,349052
2022-03-23T04:00:00Z,47.18,47.34,46.52,46.53,314063
2022-03-22T04:00:00Z,47.14,47.48,46.975,47.23,452159
2022-03-21T04:00:00Z,46.855,47.12,46.21,46.67,369528
2022-03-18T04:00:00Z,46.32,46.96,45.96,46.955,448216
2022-03-17T04:00:00Z,46.155,46.49,45.455,46.48,548566
2022-03-16T04:00:00Z,45.595,46.28,45.015,46.25,657172
2022-03-15T04:00:00Z,45.5,45.74,45.11,45.54,525925
2022-03-14T04:00:00Z,45.26,45.755,44.845,44.97,589851
2022-03-11T05:00:00Z,45.95,46.24,44.96,45.03,431986
2022-03-10T05:00:00Z,45.625,45.8,44.95,45.39,487325
2022-03-09T05:00:00Z,46.7,47.11,45.995,46.14,595897
2022-03-08T05:00:00Z,46.45,47.28,46.095,46.1,500045
2022-03-07T05:00:00Z,47.01,47.39,45.9,46.29,1036832
2022-03-04T05:00:00Z,46.545,47.39,46.43,47.19,627079
2022-03-03T05:00:00Z,46.82,47.63,46.71,47.11,562940
2022-03-02T05:00:00Z,46.65,47.095,46.265,46.335,916293
2022-03-01T05:00:00Z,46.175,46.94,45.805,46.4,554041
2022-02-28T05:00:00Z,46.4,47.115,46.1,46.75,852295
2022-02-25T05:00:00Z,45.995,47.455,45.995,47.06,666408
2022-02-24T05:00:00Z,44.6,46.06,44.395,45.99,803458
2022-02-23T05:00:00Z,46.85,46.965,44.835,45.155,1212691
2022-02-22T05:00:00Z,46.98,47.465,46.65,46.95,657158
2022-02-18T05:00:00Z,46.75,47.145,46.45,46.64,551772
2022-02-17T05:00:00Z,47.58,47.62,46.685,46.745,717081
2022-02-16T05:00:00Z,47.92,48.245,47.65,48.08,366109
2022-02-15T05:00:00Z,47.76,48.315,47.76,48.04,438293
2022-02-14T05:00:00Z,47.79,47.945,47.09,47.355,1173256
2022-02-11T05:00:00Z,48.76,49.275,47.52,47.535,669914
2022-02-10T05:00:00Z,49.03,49.58,48.76,48.91,657944
2022-02-09T05:00:00Z,49.49,49.785,49.255,49.75,676957
2022-02-08T05:00:00Z,49.115,49.535,48.86,49.2,447861
2022-02-07T05:00:00Z,49.47,49.51,48.73,48.86,677842
2022-02-04T05:00:00Z,49.175,49.67,48.73,49.33,600104
2022-02-03T05:00:00Z,50.39,50.86,49.61,49.64,1124308
2022-02-02T05:00:00Z,49.915,50.225,49.4,49.98,458682
2022-02-01T05:00:00Z,49.1,50,48.91,49.9,576199
2022-01-31T05:00:00Z,49.23,50.1,49.04,49.955,673107
2022-01-28T05:00:00Z,47.8,49.865,47.78,49.69,961941
2022-01-27T05:00:00Z,45.52,50.07,45.5,47.99,1677724
2022-01-26T05:00:00Z,49.64,50.335,47.89,48.36,982152
2022-01-25T05:00:00Z,49.32,50.035,48.82,49.68,652684
2022-01-24T05:00:00Z,50.49,51.19,48.785,50.04,1150035
2022-01-21T05:00:00Z,50.4,50.94,49.65,49.74,759846
2022-01-20T05:00:00Z,50.53,51.61,50.16,50.22,656888
2022-01-19T05:00:00Z,50.29,50.765,49.52,50.34,496180
2022-01-18T05:00:00Z,51.025,51.35,50.07,50.19,670659
2022-01-14T05:00:00Z,51.3,52.095,51.15,51.68,771710
2022-01-13T05:00:00Z,50.8,51.68,50.12,51.35,473776
2022-01-12T05:00:00Z,51.4,51.67,50.825,50.95,439911
2022-01-11T05:00:00Z,50.58,51.175,50.37,51.13,408842
2022-01-10T05:00:00Z,50.33,50.91,49.865,50.51,1065298
2022-01-07T05:00:00Z,50.36,50.56,49.985,50.05,442298
2022-01-06T05:00:00Z,50.44,50.975,50.22,50.51,616736
2022-01-05T05:00:00Z,50.42,51.2,50.15,50.23,502868
2022-01-04T05:00:00Z,50.72,50.92,49.935,50.2,587798
2022-01-03T05:00:00Z,50.01,50.92,49.73,50.74,334714
2021-12-31T05:00:00Z,50.79,51.28,50.3,50.34,323243
2021-12-30T05:00:00Z,50.73,51.2,50.53,50.61,300390
2021-12-29T05:00:00Z,50.62,50.755,50.32,50.595,214470
2021-12-28T05:00:00Z,50.47,51.015,50.31,50.505,276158
2021-12-27T05:00:00Z,49.93,50.59,49.72,50.495,462509
2021-12-23T05:00:00Z,49.365,50.205,49.365,50.05,416714
2021-12-22T05:00:00Z,48.91,49.16,48.43,49.03,621199
2021-12-21T05:00:00Z,48.415,49.31,48.415,48.85,656999
2021-12-20T05:00:00Z,48.32,48.675,47.985,48.42,580927
2021-12-17T05:00:00Z,48.275,49.245,48.05,48.65,773745
2021-12-16T05:00:00Z,48.56,49.515,48.425,48.82,1065704
2021-12-15T05:00:00Z,48.15,48.67,47.79,48.185,942898
2021-12-14T05:00:00Z,46.445,48.995,46.425,48.78,1553903
2021-12-13T05:00:00Z,48.18,48.36,47.455,47.7,1654786
2021-12-10T05:00:00Z,48.22,48.505,47.785,48.44,2110774
2021-12-09T05:00:00Z,48.73,48.73,47.6,47.805,2076806
2021-12-08T05:00:00Z,49.3,49.825,48.595,48.89,2154848
2021-12-07T05:00:00Z,52.28,53.14,48.715,49.54,2162295
2021-12-06T05:00:00Z,52.19,53.315,52.06,52.35,638032
2021-12-03T05:00:00Z,51.45,52.245,51.41,51.82,691457
2021-12-02T05:00:00Z,49.745,51.945,49.695,51.51,760909
2021-12-01T05:00:00Z,51.19,51.38,49.065,49.075,818967
2021-11-30T05:00:00Z,51.295,51.295,49.81,49.98,540621
2021-11-29T05:00:00Z,51.51,51.76,50.82,51.51,707872
2021-11-26T05:00:00Z,51.37,51.37,50.73,51.12,384114
2021-11-24T05:00:00Z,51.97,52.13,51.495,51.88,244119
2021-11-23T05:00:00Z,51.75,52.515,51.54,52.045,379563
2021-11-22T05:00:00Z,51.695,52.525,51.155,51.52,762345
2021-11-19T05:00:00Z,52.69,52.785,51.62,51.93,639442
2021-11-18T05:00:00Z,53.34,53.61,52.68,52.78,784035
2021-11-17T05:00:00Z,53.1,53.785,52.95,53.75,519571
2021-11-16T05:00:00Z,53.44,53.725,53.065,53.13,402424
2021-11-15T05:00:00Z,53.46,53.73,53.25,53.425,370034
2021-11-12T05:00:00Z,53.96,53.96,53.155,53.5,438210
2021-11-11T05:00:00Z,54.05,54.19,53.51,53.65,412579
2021-11-10T05:00:00Z,53.975,54.53,53.79,54.19,592170
2021-11-09T05:00:00Z,53.49,53.97,53.325,53.79,739589
2021-11-08T05:00:00Z,53.84,54.03,53.23,53.505,457963
2021-11-05T04:00:00Z,53.35,54.315,53.35,53.91,707803
2021-11-04T04:00:00Z,52.8,53.24,52.14,52.73,806365
2021-11-03T04:00:00Z,52.51,53.085,52.265,52.945,1087984
2021-11-02T04:00:00Z,52.37,52.945,51.89,52.645,865631
2021-11-01T04:00:00Z,51.525,52.69,51.49,52.255,998001
2021-10-29T04:00:00Z,51.705,52.56,51.115,51.435,1624287
2021-10-28T04:00:00Z,50.085,52.72,49.88,51.9,763329
2021-10-27T04:00:00Z,53.815,53.825,52.145,52.465,1001351
2021-10-26T04:00:00Z,54.07,54.34,53.54,53.74,712037
2021-10-25T04:00:00Z,54.13,54.28,53.65,54.12,451670
2021-10-22T04:00:00Z,54.11,54.35,53.51,54.22,483700
2021-10-21T04:00:00Z,54.62,54.71,53.78,54.06,548882
2021-10-20T04:00:00Z,54.465,54.88,53.93,54.69,840513
2021-10-19T04:00:00Z,53.54,54.25,53.515,54.25,477754
2021-10-18T04:00:00Z,53.61,53.71,52.9,53.23,566649
2021-10-15T04:00:00Z,54.06,54.53,53.69,54.01,537312
2021-10-14T04:00:00Z,53.03,54.305,52.9,53.98,881559
2021-10-13T04:00:00Z,53,53.21,52.105,52.7,1219073
2021-10-12T04:00:00Z,52.255,52.615,51.52,52.33,1302752
2021-10-11T04:00:00Z,53.96,54.09,52.18,52.18,2030680
2021-10-08T04:00:00Z,56.95,56.95,54.585,54.71,1082232
2021-10-07T04:00:00Z,57.43,57.95,57.3,57.41,444419
2021-10-06T04:00:00Z,56.21,56.97,55.92,56.9,434246
2021-10-05T04:00:00Z,56.27,57.28,56.27,56.78,554312
2021-10-04T04:00:00Z,57.06,57.17,56.525,56.79,702429
2021-10-01T04:00:00Z,56.39,57.465,56.09,57.19,390889
2021-09-30T04:00:00Z,55.98,56.915,55.95,55.95,729299
2021-09-29T04:00:00Z,55,56.18,54.74,55.95,511118
2021-09-28T04:00:00Z,55.56,55.815,54.62,54.73,509288
2021-09-27T04:00:00Z,55.86,56.32,55.78,56.31,334089
2021-09-24T04:00:00Z,55.895,56.475,55.79,56.23,332940
2021-09-23T04:00:00Z,56.12,56.88,55.9,56.16,490534
2021-09-22T04:00:00Z,56.92,57.055,55.91,55.99,463719
2021-09-21T04:00:00Z,56.99,57.275,55.75,56.06,333774
2021-09-20T04:00:00Z,56.73,56.99,55.87,56.51,403882
2021-09-17T04:00:00Z,56.93,57.59,56.815,57.11,332538
2021-09-16T04:00:00Z,57.225,57.72,56.41,57.3,531149
2021-09-15T04:00:00Z,55.58,57.68,55.55,57,1365340
2021-09-14T04:00:00Z,60.34,60.795,55.4,55.59,3403292
2021-09-13T04:00:00Z,59.98,60.57,59.525,59.995,336837
2021-09-10T04:00:00Z,59.495,59.82,59.07,59.295,231778
2021-09-09T04:00:00Z,60.15,60.205,59.43,59.55,228148
2021-09-08T04:00:00Z,60.13,60.51,60.045,60.13,635828
2021-09-07T04:00:00Z,61.46,61.47,60.2,60.3,607614
2021-09-03T04:00:00Z,61.45,61.795,61.345,61.74,188787
2021-09-02T04:00:00Z,61.46,61.795,61.33,61.74,288017
2021-09-01T04:00:00Z,60.94,61.49,60.58,61.165,598754
2021-08-31T04:00:00Z,59.615,60.75,59.41,60.725,584775
2021-08-30T04:00:00Z,59.29,59.745,59.1,59.73,208588
2021-08-27T04:00:00Z,59.15,59.51,58.96,59.39,462235
2021-08-26T04:00:00Z,59.38,59.47,58.975,59,182211
2021-08-25T04:00:00Z,59.495,59.81,59.24,59.48,135066
2021-08-24T04:00:00Z,59.83,60.035,59.41,59.53,241653
2021-08-23T04:00:00Z,59.16,60.12,59.02,59.8,264442
2021-08-20T04:00:00Z,58.95,59.655,58.73,59.38,272097
2021-08-19T04:00:00Z,58.985,59.205,58.52,58.93,222626
2021-08-18T04:00:00Z,59.43,59.68,58.99,59.06,325443
2021-08-17T04:00:00Z,59.02,59.49,58.83,59.48,424846
2021-08-16T04:00:00Z,59.135,59.58,58.86,59.27,266817
2021-08-13T04:00:00Z,59.335,59.42,59.01,59.315,578428
2021-08-12T04:00:00Z,59.05,59.14,58.6,59.02,322265
2021-08-11T04:00:00Z,58.675,59.145,58.485,59.095,293879
2021-08-10T04:00:00Z,58.11,58.46,58.05,58.44,208547
2021-08-09T04:00:00Z,58.645,58.67,58.045,58.27,327392
2021-08-06T04:00:00Z,58.29,58.96,58.155,58.7,443011
2021-08-05T04:00:00Z,58.145,58.565,58.1,58.32,213234
2021-08-04T04:00:00Z,57.89,58.06,57.51,58.01,187568
2021-08-03T04:00:00Z,58.655,58.655,57.25,58.22,321510
2021-08-02T04:00:00Z,58.93,59.245,58.035,58.46,380220
2021-07-30T04:00:00Z,58.1,59.225,57.91,58.84,920536
2021-07-29T04:00:00Z,59.11,59.69,58.07,58.09,732421
2021-07-28T04:00:00Z,58.29,58.52,57.38,58.025,493140
2021-07-27T04:00:00Z,58.59,59.065,58.285,58.56,238783
2021-07-26T04:00:00Z,58.17,58.76,58.045,58.7,444236
2021-07-23T04:00:00Z,57.87,58.585,57.805,58.38,252900
2021-07-22T04:00:00Z,57.85,57.97,56.89,57.78,407149
2021-07-21T04:00:00Z,56.86,58.105,56.8,57.79,353649
2021-07-20T04:00:00Z,56.67,57.425,56.605,57.085,414675
2021-07-19T04:00:00Z,57.47,57.48,56.33,56.595,412781
2021-07-16T04:00:00Z,58.07,58.35,57.505,57.505,200689
2021-07-15T04:00:00Z,57.63,58.12,57.53,57.955,417010
2021-07-14T04:00:00Z,58.04,58.18,57.62,57.78,333606
2021-07-13T04:00:00Z,58.24,58.44,57.71,57.8,352870
2021-07-12T04:00:00Z,58.11,58.34,57.525,58.24,225596
2021-07-09T04:00:00Z,58.24,58.685,58.015,58.015,434180
2021-07-08T04:00:00Z,57.89,58.35,57.42,58.245,487856
2021-07-07T04:00:00Z,57.82,58.3,57.75,58.18,331488
2021-07-06T04:00:00Z,58.09,58.24,56.94,57.66,369367
2021-07-02T04:00:00Z,57.89,58.525,57.89,58.42,331255
2021-07-01T04:00:00Z,57.1,57.985,57.1,57.75,375441
2021-06-30T04:00:00Z,56.505,57.125,56.4,57.03,294892
2021-06-29T04:00:00Z,56.255,57.02,56.25,56.525,413027
2021-06-28T04:00:00Z,56.66,56.66,55.82,56.08,290838
2021-06-25T04:00:00Z,55.94,56.6,55.92,56.41,428677
2021-06-24T04:00:00Z,55.665,56.3,55.65,56.04,975131
2021-06-23T04:00:00Z,57.47,57.75,54.93,55.445,1164559
2021-06-22T04:00:00Z,57.42,57.8,57.29,57.65,509167
2021-06-21T04:00:00Z,56.99,57.385,56.88,57.3,310597
2021-06-18T04:00:00Z,57.26,57.46,56.445,56.61,461238
2021-06-17T04:00:00Z,56.93,57.865,56.88,57.5,470770
2021-06-16T04:00:00Z,57.66,58.08,56.84,57.14,398956
2021-06-15T04:00:00Z,57.505,57.76,57.22,57.3,463177
2021-06-14T04:00:00Z,56.82,57.28,56.26,57.28,384851
2021-06-11T04:00:00Z,56.53,56.88,56.48,56.87,236908
2021-06-10T04:00:00Z,56.475,57.03,56.36,56.6,323211
2021-06-09T04:00:00Z,56.79,56.91,56.24,56.245,208323
2021-06-08T04:00:00Z,56.86,56.93,56.13,56.43,336729
2021-06-07T04:00:00Z,56.86,57.23,56.64,56.91,265533
2021-06-04T04:00:00Z,56.635,57.21,56.51,57,360340
2021-06-03T04:00:00Z,56.47,56.62,55.85,56.38,223141
2021-06-02T04:00:00Z,56.99,57.005,56.255,56.7,402177
2021-06-01T04:00:00Z,57.71,57.91,56.88,56.935,330629
2021-05-28T04:00:00Z,57.7,57.82,57.225,57.33,327232
2021-05-27T04:00:00Z,56.95,57.46,56.8,57.37,436939
2021-05-26T04:00:00Z,55.945,57.525,55.615,56.865,1072941
2021-05-25T04:00:00Z,55.84,55.94,55.5,55.71,460893
2021-05-24T04:00:00Z,55.47,55.76,54.87,55.65,799930
2021-05-21T04:00:00Z,55.31,55.47,54.925,55.055,627722
2021-05-20T04:00:00Z,54.19,55.325,54.11,55.035,699998
2021-05-19T04:00:00Z,54.49,54.49,53.68,54.26,576984
2021-05-18T04:00:00Z,55.6,55.95,54.7,54.95,767212
2021-05-17T04:00:00Z,58.12,58.26,55.12,55.46,952550
2021-05-14T04:00:00Z,57.81,58.88,57.4,58.7,611542
2021-05-13T04:00:00Z,56.67,58.045,56.585,57.36,804344
2021-05-12T04:00:00Z,56.93,57.13,56.57,56.62,513926
2021-05-11T04:00:00Z,57.6,57.775,56.95,57.5,829592
2021-05-10T04:00:00Z,58.21,59.095,57.485,57.51,596607
2021-05-07T04:00:00Z,57.2,58.415,56.705,58.14,654556
2021-05-06T04:00:00Z,56.67,57.09,56.47,56.97,498912
2021-05-05T04:00:00Z,56.94,57.01,56.26,56.42,486486
2021-05-04T04:00:00Z,56.37,56.85,56.185,56.6,784432
2021-05-03T04:00:00Z,56.39,56.965,56.17,56.58,459157
2021-04-30T04:00:00Z,56.29,56.29,54.73,56.14,689767
2021-04-29T04:00:00Z,55.84,56.475,55.29,56.38,611222
2021-04-28T04:00:00Z,54.15,54.57,53.96,54.19,417523
2021-04-27T04:00:00Z,54.46,54.765,54.22,54.285,471790
2021-04-26T04:00:00Z,54.365,54.57,54.04,54.295,350448
2021-04-23T04:00:00Z,54.35,54.71,53.97,54.395,378595
2021-04-22T04:00:00Z,54.28,54.735,54.15,54.405,403281
2021-04-21T04:00:00Z,54.12,54.76,53.775,54.66,383300
2021-04-20T04:00:00Z,53.93,54.26,53.66,54.145,538105
2021-04-19T04:00:00Z,54.93,55.01,53.915,54.15,727127
2021-04-16T04:00:00Z,55.01,55.5,54.61,55.11,945876
2021-04-15T04:00:00Z,53.67,54.495,53.53,54.13,485341
2021-04-14T04:00:00Z,53.645,53.875,53.155,53.31,465121
2021-04-13T04:00:00Z,53.485,53.99,53.26,53.915,357159
2021-04-12T04:00:00Z,53.57,53.655,53.125,53.315,464734
2021-04-09T04:00:00Z,53.85,53.85,52.46,53.56,569322
2021-04-08T04:00:00Z,54.57,54.61,54.11,54.335,485164
2021-04-07T04:00:00Z,55.095,55.11,54.245,54.595,833039
2021-04-06T04:00:00Z,54.395,55.04,54.15,54.84,462812
2021-04-05T04:00:00Z,54.69,55.11,54.46,54.795,367767
2021-04-01T04:00:00Z,54.57,55.08,54.25,54.735,714031
2021-03-31T04:00:00Z,54.775,54.84,53.98,54.11,654987
2021-03-30T04:00:00Z,55.31,55.51,54.56,55.03,458509
2021-03-29T04:00:00Z,55.04,55.615,54.175,55.17,585729
2021-03-26T04:00:00Z,56.165,56.54,53.86,55.27,908494
2021-03-25T04:00:00Z,56.22,56.49,55.44,56.32,627965
2021-03-24T04:00:00Z,56.11,56.5,55.87,55.87,482231
2021-03-23T04:00:00Z,56.38,56.72,56.025,56.15,616289
2021-03-22T04:00:00Z,55.67,56.49,55.28,56.4,365372
2021-03-19T04:00:00Z,55.53,56.035,55.27,55.37,724454
2021-03-18T04:00:00Z,56.63,57.115,55.825,55.835,675690
2021-03-17T04:00:00Z,57.53,57.88,56.56,57.5,861175
2021-03-16T04:00:00Z,57.605,58.575,57.4,58.055,523890
2021-03-15T04:00:00Z,57.15,57.58,56.54,57.535,595129
2021-03-12T05:00:00Z,56.94,57.385,56.22,57.085,548805
2021-03-11T05:00:00Z,56.76,57.68,56.76,56.88,728946
2021-03-10T05:00:00Z,56.1,57.675,55.8,57.27,1506007
2021-03-09T05:00:00Z,55.61,56.11,55.12,55.555,762189
2021-03-08T05:00:00Z,54.82,55.81,54.68,55.45,759371
2021-03-05T05:00:00Z,54.56,55.265,53.94,55.03,761952
2021-03-04T05:00:00Z,53.905,55.245,53.62,53.99,1315538
2021-03-03T05:00:00Z,53.92,54.795,53.645,53.705,876381
2021-03-02T05:00:00Z,54.345,54.78,54.07,54.23,402166
2021-03-01T05:00:00Z,53.22,54.7,52.885,54.47,687112
2021-02-26T05:00:00Z,52.27,53.44,51.89,52.69,549963
2021-02-25T05:00:00Z,53,53.4,51.96,52.245,873112
2021-02-24T05:00:00Z,52.585,53.53,52.585,53.43,1339164
2021-02-23T05:00:00Z,52.82,53.415,52.08,53.345,857233
2021-02-22T05:00:00Z,51.9,52.86,51.83,52.46,450933
2021-02-19T05:00:00Z,52.59,52.59,51.775,52.1,522406
2021-02-18T05:00:00Z,52.755,52.82,52.26,52.55,558905
2021-02-17T05:00:00Z,52.73,53.245,52.41,52.96,327793
2021-02-16T05:00:00Z,53.07,53.22,52.54,52.89,419963
2021-02-12T05:00:00Z,53.315,53.59,52.945,53.215,480198
2021-02-11T05:00:00Z,52.845,53.31,52.535,53.28,495890
2021-02-10T05:00:00Z,52.94,53.02,52.045,52.74,750874
2021-02-09T05:00:00Z,51.69,52.98,51.38,52.67,443688
2021-02-08T05:00:00Z,51.11,52.075,51.045,51.84,472908
2021-02-05T05:00:00Z,51.775,52.04,50.94,51.13,441479
2021-02-04T05:00:00Z,50.33,51.485,50.23,51.485,675229
2021-02-03T05:00:00Z,51.32,51.5,50.45,50.45,526480
2021-02-02T05:00:00Z,50.245,51.475,50.08,51.195,642811
2021-02-01T05:00:00Z,50.05,50.36,49.1,50.125,820460
2021-01-29T05:00:00Z,50.71,51.18,49.5,49.56,718148
2021-01-28T05:00:00Z,49.945,52.28,49.84,51.47,1334991
2021-01-27T05:00:00Z,49.55,50.225,48.325,48.445,1469794
2021-01-26T05:00:00Z,49.29,50.19,48.88,50.13,1030736
2021-01-25T05:00:00Z,48.5,49.11,48.32,48.98,804202
2021-01-22T05:00:00Z,48.885,48.935,48.27,48.645,472417
2021-01-21T05:00:00Z,48.655,49.27,48.24,49.085,737381
2021-01-20T05:00:00Z,48.87,49.12,48.67,48.925,321317
2021-01-19T05:00:00Z,48.67,49.07,48.325,48.865,553506
2021-01-15T05:00:00Z,49.22,49.235,48.155,48.715,624165
2021-01-14T05:00:00Z,50.22,50.265,49.44,49.58,629944
2021-01-13T05:00:00Z,49.68,50.37,49.59,50.16,571350
2021-01-12T05:00:00Z,51.45,51.54,49.615,50.03,632883
2021-01-11T05:00:00Z,51.575,51.64,50.73,51.605,504600
2021-01-08T05:00:00Z,50.58,51.645,50.58,51.575,624395
2021-01-07T05:00:00Z,50.295,50.975,50.15,50.64,368130
2021-01-06T05:00:00Z,49.22,50.74,49.18,50.57,727590
2021-01-05T05:00:00Z,50.14,50.295,49.195,49.97,592036
2021-01-04T05:00:00Z,52.34,52.38,49.625,50.515,941748
2020-12-31T05:00:00Z,51.3,52.465,51.255,52.465,348832
2020-12-30T05:00:00Z,51.65,51.92,51.19,51.24,256151
2020-12-29T05:00:00Z,51.145,51.725,51.06,51.535,271128
2020-12-28T05:00:00Z,50.77,51.345,50.535,51.105,415035
2020-12-24T05:00:00Z,50.15,50.44,50.09,50.39,138304
2020-12-23T05:00:00Z,50.14,50.26,49.65,50.04,301738
2020-12-22T05:00:00Z,50.05,50.31,49.805,50.015,372226
2020-12-21T05:00:00Z,50.51,50.64,49.505,50.38,429644
2020-12-18T05:00:00Z,51.54,51.54,50.43,51,460756
2020-12-17T05:00:00Z,51.575,51.87,51.085,51.34,403659
2020-12-16T05:00:00Z,51.675,52.07,51.015,51.425,499917
2020-12-15T05:00:00Z,51.36,52.08,51.3,51.53,717377
2020-12-14T05:00:00Z,50.87,51.26,50.82,51.045,419971
2020-12-11T05:00:00Z,50.595,51.095,50.24,50.885,575041
2020-12-10T05:00:00Z,51.265,51.265,50.255,50.495,742316
2020-12-09T05:00:00Z,51.66,52.355,51.155,51.365,479752
2020-12-08T05:00:00Z,51.3,51.79,51.23,51.445,472928
2020-12-07T05:00:00Z,51.495,52.02,51.25,51.925,371701
2020-12-04T05:00:00Z,51.73,51.905,51.49,51.655,430578
2020-12-03T05:00:00Z,50.9,51.72,50.9,51.6,591969
2020-12-02T05:00:00Z,50.915,51.33,50.82,51.06,405134
2020-12-01T05:00:00Z,50.65,51.265,50.12,50.995,428390
2020-11-30T05:00:00Z,51.13,51.475,49.89,50.3,511752
2020-11-27T05:00:00Z,51.31,52.21,51.31,51.725,163992
2020-11-25T05:00:00Z,52.13,52.19,50.785,51.85,698378
2020-11-24T05:00:00Z,50,52.49,49.99,52.37,1115790
2020-11-23T05:00:00Z,49.125,49.975,48.8,49.795,414064
2020-11-20T05:00:00Z,49.3,49.67,49.12,49.16,397331
2020-11-19T05:00:00Z,49.11,49.73,49,49.495,612524
2020-11-18T05:00:00Z,49.625,50.37,49.05,49.13,712823
2020-11-17T05:00:00Z,49.12,49.985,48.985,49.79,780142
2020-11-16T05:00:00Z,49.4,49.75,49.255,49.445,614304
2020-11-13T05:00:00Z,47.89,49.235,47.89,48.99,622235
2020-11-12T05:00:00Z,47.695,48.09,47.28,48.005,622660
2020-11-11T05:00:00Z,47.81,47.88,47.13,47.675,518088
2020-11-10T05:00:00Z,46.945,47.96,46.71,47.785,956900
2020-11-09T05:00:00Z,47.56,48.21,46.765,47.14,1360121
2020-11-06T05:00:00Z,44.535,44.68,43.98,44.52,544104
2020-11-05T05:00:00Z,44.42,44.805,44.255,44.38,809224
2020-11-04T05:00:00Z,44.03,44.605,43.43,43.67,1100610
2020-11-03T05:00:00Z,41.97,42.97,41.76,42.675,902851
2020-11-02T05:00:00Z,42.76,42.91,40.965,41.395,1134657
2020-10-30T04:00:00Z,42.575,43.03,41.75,42.235,831902
2020-10-29T04:00:00Z,42.23,43.69,41.9,43.055,1243195
2020-10-28T04:00:00Z,42.89,43.065,41.925,41.98,887148
2020-10-27T04:00:00Z,43.6,43.83,43.36,43.435,440745
2020-10-26T04:00:00Z,44.65,44.78,43.55,43.75,667686
2020-10-23T04:00:00Z,45.38,45.54,44.61,45,677005
2020-10-22T04:00:00Z,44.64,45.235,44.385,45.075,612596
2020-10-21T04:00:00Z,44.085,44.9,43.97,44.515,522786
2020-10-20T04:00:00Z,44.52,44.655,44.15,44.355,489489
2020-10-19T04:00:00Z,45.6,45.755,44.205,44.325,672852
2020-10-16T04:00:00Z,45.2,45.855,44.925,45.565,440930
2020-10-15T04:00:00Z,44.88,45.135,44.53,45.12,485366
2020-10-14T04:00:00Z,45.74,45.97,44.995,45.26,524803
2020-10-13T04:00:00Z,46.015,46.31,45.38,45.915,1142917
2020-10-12T04:00:00Z,45.375,46.26,44.965,45.995,661044
2020-10-09T04:00:00Z,45.49,45.63,44.69,44.89,776165
2020-10-08T04:00:00Z,45.08,45.39,44.85,45.32,671663
2020-10-07T04:00:00Z,44.84,45.1,44.27,44.985,585281
2020-10-06T04:00:00Z,45.33,45.52,44.375,44.5,630825
2020-10-05T04:00:00Z,45.25,45.925,45.04,45.78,475085
2020-10-02T04:00:00Z,45.79,45.96,45.12,45.12,691486
2020-10-01T04:00:00Z,46.51,46.77,46.18,46.455,788277
2020-09-30T04:00:00Z,46.52,46.715,45.755,46.31,721540
2020-09-29T04:00:00Z,46.61,46.86,46.18,46.195,599282
2020-09-28T04:00:00Z,46.825,47.05,46.25,46.8,452846
2020-09-25T04:00:00Z,45.405,46.32,45.22,46.175,360847
2020-09-24T04:00:00Z,45.18,46.07,44.925,45.645,249135
2020-09-23T04:00:00Z,46.145,46.36,45.245,45.39,385267
2020-09-22T04:00:00Z,44.975,46.47,44.855,46.18,699482
2020-09-21T04:00:00Z,44.91,45.25,43.415,44.79,622683
2020-09-18T04:00:00Z,45.47,45.845,44.32,45.29,656589
2020-09-17T04:00:00Z,45.935,46.425,45.025,45.575,256082
2020-09-16T04:00:00Z,46.96,47.5,46.72,46.825,1051375
2020-09-15T04:00:00Z,45.165,46.74,45.09,46.505,541230
2020-09-14T04:00:00Z,44.91,45.48,44.75,45.33,185156
2020-09-11T04:00:00Z,44.025,44.735,43.99,44.69,268123
2020-09-10T04:00:00Z,44.605,45.01,43.875,44.075,323447
2020-09-09T04:00:00Z,43.925,44.985,43.71,44.61,422382
2020-09-08T04:00:00Z,43.89,44.25,43.13,43.78,550280
2020-09-04T04:00:00Z,44.925,44.96,43.915,44.49,183499
2020-09-03T04:00:00Z,45.49,45.93,44.1,44.5,288482
2020-09-02T04:00:00Z,45.095,45.92,45.02,45.185,387464
2020-09-01T04:00:00Z,44.48,45.065,44.25,45.055,1828119
2020-08-31T04:00:00Z,44.33,45.11,44.33,44.895,1447526
2020-08-28T04:00:00Z,44.5,44.57,43.93,44.565,286119
2020-08-27T04:00:00Z,44.56,44.795,44.25,44.575,323013
2020-08-26T04:00:00Z,43.13,44.36,42.915,44.185,377475
2020-08-25T04:00:00Z,43.72,43.72,43.185,43.405,251948
2020-08-24T04:00:00Z,42.9,43.81,42.9,43.775,404351
2020-08-21T04:00:00Z,42.92,43.225,42.73,43.055,241439
2020-08-20T04:00:00Z,43.14,43.435,42.96,43.265,246417
2020-08-19T04:00:00Z,43.525,43.755,43.18,43.305,247802
2020-08-18T04:00:00Z,43.615,43.73,43.285,43.545,259833
2020-08-17T04:00:00Z,43.845,43.925,43.305,43.55,243247
2020-08-14T04:00:00Z,43.33,44.17,43.26,43.765,568044
2020-08-13T04:00:00Z,43.06,43.42,42.995,43.355,583304
2020-08-12T04:00:00Z,43.045,43.705,43.045,43.32,324040
2020-08-11T04:00:00Z,43.175,43.985,42.92,43.015,530323
2020-08-10T04:00:00Z,42.635,43.21,42.635,43.025,429532
2020-08-07T04:00:00Z,42.66,42.9,42.47,42.805,363218
2020-08-06T04:00:00Z,42.04,42.88,42.04,42.855,488482
2020-08-05T04:00:00Z,43.36,43.4,42.245,42.31,405804
2020-08-04T04:00:00Z,42.63,43.23,42.615,43.19,326560
2020-08-03T04:00:00Z,42.67,43.125,42.42,42.885,301052
2020-07-31T04:00:00Z,43.565,43.575,41.96,42.81,517998
2020-07-30T04:00:00Z,44.175,44.26,43.37,43.63,688534
2020-07-29T04:00:00Z,43.315,44.11,43.28,43.94,1056081
2020-07-28T04:00:00Z,42.895,43.545,42.895,43.195,972617
2020-07-27T04:00:00Z,43.19,43.635,43.155,43.635,991007
