2024-06-14T04:00:00Z,844.18,854.97,842.7,854.87,21693
2024-06-13T04:00:00Z,846.58,846.665,838.64,845.61,32957
2024-06-12T04:00:00Z,852.31,854.27,844.14,847.65,29737
2024-06-11T04:00:00Z,849.39,850.01,841.88,849.125,41001
2024-06-10T04:00:00Z,847.7,849.27,842.965,848.515,33571
2024-06-07T04:00:00Z,847.27,850.21,842.975,845.63,31952
2024-06-06T04:00:00Z,836.81,847.8,836.81,842.63,34070
2024-06-05T04:00:00Z,829.075,834.26,821.94,834.1,61700
2024-06-04T04:00:00Z,815.69,827.91,815.69,827.2,41167
2024-06-03T04:00:00Z,810.51,827.37,808.43,814.825,41151
2024-05-31T04:00:00Z,808.05,811.68,788.71,810.48,88004
2024-05-30T04:00:00Z,809.495,819.085,808.73,815.14,45005
2024-05-29T04:00:00Z,808.18,812.74,806.46,806.535,46142
2024-05-28T04:00:00Z,810.72,813.29,805.8,813.29,41792
2024-05-24T04:00:00Z,800.21,816.765,800.21,809.94,43191
2024-05-23T04:00:00Z,804.105,807.42,795.46,795.77,51211
2024-05-22T04:00:00Z,798.49,806.055,798.49,802.18,41457
2024-05-21T04:00:00Z,795.17,801.26,794.18,800.55,38419
2024-05-20T04:00:00Z,794.93,801.865,792.565,793.24,56490
2024-05-17T04:00:00Z,793.32,797.05,790.745,795.765,28983
2024-05-16T04:00:00Z,789.99,803.4,787.83,793.11,32583
2024-05-15T04:00:00Z,779.32,789.085,779.32,787.025,51157
2024-05-14T04:00:00Z,773.92,780.79,771.93,778.025,38923
2024-05-13T04:00:00Z,789.035,789.04,773.92,775.17,49477
2024-05-10T04:00:00Z,778.77,787.19,778.77,787.19,36034
2024-05-09T04:00:00Z,764.95,779.48,764.58,778.89,47516
2024-05-08T04:00:00Z,769.01,773.185,763.145,763.38,42310
2024-05-07T04:00:00Z,757.9,772.04,756.62,771.31,76600
2024-05-06T04:00:00Z,749.48,756.76,747.16,756.76,36159
2024-05-03T04:00:00Z,734.52,747.01,733.45,743.92,58335
2024-05-02T04:00:00Z,726.97,734.16,721.05,732.61,41202
2024-05-01T04:00:00Z,722.35,729.41,715.7,722.185,51473
2024-04-30T04:00:00Z,724.38,724.81,718.245,723.2,31453
2024-04-29T04:00:00Z,729.065,729.78,720.31,726.31,30058
2024-04-26T04:00:00Z,723.625,730.685,723.475,729.24,35252
2024-04-25T04:00:00Z,726.61,726.61,714.77,720.38,40441
2024-04-24T04:00:00Z,720.025,725.08,717.6,723.87,32264
2024-04-23T04:00:00Z,719.73,723.84,716.665,722.49,29279
2024-04-22T04:00:00Z,711.97,718.08,706.48,715.515,35914
2024-04-19T04:00:00Z,712.71,712.74,702.2,709.74,68212
2024-04-18T04:00:00Z,715.775,718.65,709.755,711.17,72341
2024-04-17T04:00:00Z,721.52,722.31,711.165,715.33,51716
2024-04-16T04:00:00Z,719.86,722.275,712.33,715.73,62164
2024-04-15T04:00:00Z,734.95,740.225,718.1,718.1,71114
2024-04-12T04:00:00Z,729.045,732.65,726.835,731.59,47066
2024-04-11T04:00:00Z,730.69,733.11,724.64,732.15,57391
2024-04-10T04:00:00Z,711.955,723.79,708.95,722.4,84151
2024-04-09T04:00:00Z,714.06,719,707.145,718.84,62797
2024-04-08T04:00:00Z,711.79,716.02,711.15,712.1,57944
2024-04-05T04:00:00Z,707.19,716.21,706.41,713.32,45190
2024-04-04T04:00:00Z,710.38,716.575,704.48,705.3,64819
2024-04-03T04:00:00Z,709.26,710.02,697.695,705.98,78880
2024-04-02T04:00:00Z,718.68,718.68,708.555,711.14,94393
2024-04-01T04:00:00Z,732.7,732.7,720.41,720.94,54236
2024-03-28T04:00:00Z,733.72,733.72,728.89,732.3,45096
2024-03-27T04:00:00Z,733.83,735.415,727.855,731.99,35698
2024-03-26T04:00:00Z,731.03,734.59,730.63,731.32,47266
2024-03-25T04:00:00Z,730.79,733.3,726.75,731.33,49627
2024-03-22T04:00:00Z,743.8,744.64,734.51,734.51,65459
2024-03-21T04:00:00Z,742.7,752.17,742.49,742.63,52731
2024-03-20T04:00:00Z,731.145,742,729.805,740.14,44925
2024-03-19T04:00:00Z,731.045,735.35,731.045,732,45733
2024-03-18T04:00:00Z,726.83,733.25,726.83,731.53,77468
2024-03-15T04:00:00Z,731.13,731.13,723.89,725.92,53824
2024-03-14T04:00:00Z,738.41,740.59,729.105,732.45,74441
2024-03-13T04:00:00Z,734.935,735.19,727.1,734.47,64938
2024-03-12T04:00:00Z,717.2,739.885,717.2,736.85,133058
2024-03-11T04:00:00Z,718.27,719.63,711.19,714.125,126846
2024-03-08T05:00:00Z,755,755,725.28,725.83,187034
2024-03-07T05:00:00Z,778.62,786.895,777.825,785.34,129500
2024-03-06T05:00:00Z,764.025,775.08,763.885,773.24,104098
2024-03-05T05:00:00Z,768.82,768.99,757.3,760.37,62342
2024-03-04T05:00:00Z,755.11,764.675,755.11,759.19,72013
2024-03-01T05:00:00Z,740.96,751.125,740.27,749.25,51315
2024-02-29T05:00:00Z,751.42,752.21,743.72,743.72,66510
2024-02-28T05:00:00Z,743.93,751.465,743.91,748.22,60968
2024-02-27T05:00:00Z,746.17,746.24,741.635,744.81,66909
2024-02-26T05:00:00Z,739.81,746.725,739.81,745.235,42017
2024-02-23T05:00:00Z,738.01,741.9,737.59,737.975,43710
2024-02-22T05:00:00Z,727.865,735.87,726.56,733.8,72375
2024-02-21T05:00:00Z,726.655,727.905,720.55,723.21,44263
2024-02-20T05:00:00Z,729.97,734.62,723.835,726.08,61396
2024-02-16T05:00:00Z,722.48,728.85,718.705,724.065,78623
2024-02-15T05:00:00Z,718.84,725.7,718.48,724.515,49991
2024-02-14T05:00:00Z,716.39,722.345,716.37,721.66,46287
2024-02-13T05:00:00Z,720.065,721.485,709.04,714.355,75433
2024-02-12T05:00:00Z,721.995,723.63,715.61,722.55,49142
2024-02-09T05:00:00Z,725.06,725.06,720.21,723.04,46017
2024-02-08T05:00:00Z,723.135,727.84,721.02,724.31,62276
2024-02-07T05:00:00Z,713.825,723.15,712,719.84,43538
2024-02-06T05:00:00Z,712.475,712.475,704.48,710.87,61450
2024-02-05T05:00:00Z,709.96,712.615,705.77,711.135,52956
2024-02-02T05:00:00Z,703.495,714.27,702.82,709.46,48881
2024-02-01T05:00:00Z,694.49,705.13,691.545,704.42,77803
2024-01-31T05:00:00Z,701.97,704.885,693.205,694.72,65980
2024-01-30T05:00:00Z,692.43,702.4,691.43,700.81,47679
2024-01-29T05:00:00Z,690.02,693.9,686.46,693.9,66075
2024-01-26T05:00:00Z,680.36,687,680,686.73,41529
2024-01-25T05:00:00Z,685.55,685.55,676.09,680.14,68035
2024-01-24T05:00:00Z,689.25,689.25,683.225,686.5,60182
2024-01-23T05:00:00Z,691.005,691.26,684.68,687.605,70541
2024-01-22T05:00:00Z,695,698.495,690.71,692.57,84571
2024-01-19T05:00:00Z,688.44,695.7,683.11,694.93,52474
2024-01-18T05:00:00Z,682.215,687.55,680.43,687.5,44221
2024-01-17T05:00:00Z,680.33,684.755,679.62,684.16,72899
2024-01-16T05:00:00Z,684.51,686.22,678.36,681.23,48660
2024-01-12T05:00:00Z,677.55,683.62,676.835,683.31,94803
2024-01-11T05:00:00Z,672.76,673.695,668.5,673.2,49953
2024-01-10T05:00:00Z,669.03,673.6,669.03,672.76,64411
2024-01-09T05:00:00Z,658.815,667.08,658.345,667.08,84056
2024-01-08T05:00:00Z,655.88,661.98,654.27,661.64,75953
2024-01-05T05:00:00Z,655.79,659.32,652.39,655.84,71216
2024-01-04T05:00:00Z,641.42,649.83,641.42,648.39,50743
2024-01-03T05:00:00Z,652.02,654.24,643.52,644.6,48688
2024-01-02T05:00:00Z,655.58,657.72,649.56,651,66110
2023-12-29T05:00:00Z,662.3,662.3,657.26,660.45,44199
2023-12-28T05:00:00Z,665.89,666.67,661.95,663.29,42098
2023-12-27T05:00:00Z,661.525,668.295,661.26,666.78,43877
2023-12-26T05:00:00Z,673.84,675.835,671.09,674.37,34993
2023-12-22T05:00:00Z,666,672.2,666,671.74,30715
2023-12-21T05:00:00Z,666.52,666.52,659.685,664.88,58882
2023-12-20T05:00:00Z,671.71,673.64,660.82,660.84,94233
2023-12-19T05:00:00Z,675.035,680.655,669.27,677.8,95330
2023-12-18T05:00:00Z,663.55,681.83,662.345,681.23,112636
2023-12-15T05:00:00Z,642.46,661.385,642.28,658.82,121119
2023-12-14T05:00:00Z,641.45,641.45,630.4,631.36,102084
2023-12-13T05:00:00Z,635.98,642.27,631.15,641.95,54996
2023-12-12T05:00:00Z,627.08,629.62,623.64,629.49,63236
2023-12-11T05:00:00Z,620.07,624.98,619.03,623.93,61995
2023-12-08T05:00:00Z,608.67,613.33,607.92,610.66,38999
2023-12-07T05:00:00Z,610,612.25,606.59,610.81,37500
2023-12-06T05:00:00Z,605.36,608.44,604.14,607.42,83745
2023-12-05T05:00:00Z,599.345,608.88,598.22,605.64,70455
2023-12-04T05:00:00Z,592.235,599.35,592.235,598.965,38734
2023-12-01T05:00:00Z,593.585,596.34,590.69,596.08,51749
2023-11-30T05:00:00Z,586.38,592.985,583,592.62,48744
2023-11-29T05:00:00Z,594.03,594.03,587.47,587.78,34394
2023-11-28T05:00:00Z,593.47,597.39,591.64,594.13,38370
2023-11-27T05:00:00Z,593.505,599.85,593.45,595.02,54897
2023-11-24T05:00:00Z,590.875,593.89,590.875,591.625,18236
2023-11-22T05:00:00Z,587.99,590.84,586.67,589.11,41566
2023-11-21T05:00:00Z,581.59,584.52,578.98,584.29,36659
2023-11-20T05:00:00Z,577.99,582.09,577.99,580.82,65784
2023-11-17T05:00:00Z,576.065,577.54,574.365,577.17,36385
2023-11-16T05:00:00Z,586.35,586.35,572.925,578.59,161069
2023-11-15T05:00:00Z,594.24,599.63,594.24,596.79,67677
2023-11-14T05:00:00Z,582.62,591.295,582.62,590.97,54381
2023-11-13T05:00:00Z,574.75,579.82,573.485,578.38,78818
2023-11-10T05:00:00Z,566.16,577.81,565.51,577.1,45292
2023-11-09T05:00:00Z,567.04,567.04,562.505,563.44,40609
2023-11-08T05:00:00Z,571.8,571.8,564.46,567.415,35356
2023-11-07T05:00:00Z,571.42,573.77,569.78,571.295,33861
2023-11-06T05:00:00Z,561.12,572.56,560.98,569.87,59341
2023-11-03T04:00:00Z,558,562.895,555.535,560.89,62875
2023-11-02T04:00:00Z,557.105,559.36,552.57,555.86,55012
2023-11-01T04:00:00Z,554.93,557.915,549.97,556.59,43610
2023-10-31T04:00:00Z,552.505,553.86,549.48,552.29,38992
2023-10-30T04:00:00Z,545.545,556.23,543.64,554.835,61609
2023-10-27T04:00:00Z,547.765,547.765,540.56,542.96,40529
2023-10-26T04:00:00Z,550.02,553.47,546.25,547.58,36866
2023-10-25T04:00:00Z,548.45,553.79,545.75,550.08,62590
2023-10-24T04:00:00Z,552.29,555.44,549.71,552.23,31006
2023-10-23T04:00:00Z,551.47,556.59,546.63,552.52,62771
2023-10-20T04:00:00Z,565.69,565.69,552.135,552.85,70756
2023-10-19T04:00:00Z,574.34,575.49,564.27,565.59,69236
2023-10-18T04:00:00Z,573.915,577.055,572.345,574.47,33620
2023-10-17T04:00:00Z,572.01,576,571.14,574.24,47353
2023-10-16T04:00:00Z,570,573.91,569.26,571.92,39187
2023-10-13T04:00:00Z,563.86,567.22,562.08,567,33524
2023-10-12T04:00:00Z,567.76,568.45,562.64,564.01,59048
2023-10-11T04:00:00Z,565.44,565.87,560.21,565.66,34568
2023-10-10T04:00:00Z,558.73,566.785,557.3,562.03,53954
2023-10-09T04:00:00Z,556.145,559.43,550.085,559.06,55137
2023-10-06T04:00:00Z,565.07,565.44,542.85,557.6,129146
2023-10-05T04:00:00Z,571.01,573.72,564.64,569.54,61190
2023-10-04T04:00:00Z,568.53,572.485,564.015,571.63,50603
2023-10-03T04:00:00Z,572.94,575.17,563.05,565.45,58434
2023-10-02T04:00:00Z,567.28,571.64,564.4,571.23,43123
2023-09-29T04:00:00Z,570.02,570.43,560.71,565.04,56082
2023-09-28T04:00:00Z,566.89,572.08,566.17,568.67,52818
2023-09-27T04:00:00Z,547.25,566.19,544.73,563.64,180022
2023-09-26T04:00:00Z,559.05,560.88,552.18,553.45,70909
2023-09-25T04:00:00Z,559.98,560.68,554.74,558.89,36545
2023-09-22T04:00:00Z,556.07,562.72,555.08,558.8,43089
2023-09-21T04:00:00Z,564.07,564.07,554.395,554.88,55069
2023-09-20T04:00:00Z,564.25,568.92,563,563.9,37202
2023-09-19T04:00:00Z,561.62,565.16,559.55,564.58,27664
2023-09-18T04:00:00Z,557.73,563.98,557.73,562.91,33658
2023-09-15T04:00:00Z,564.83,565.345,555.63,556.475,40650
2023-09-14T04:00:00Z,562.56,565.765,560.52,564.76,32205
2023-09-13T04:00:00Z,557.335,560.03,555.27,559.88,34170
2023-09-12T04:00:00Z,558.55,560.04,556.89,558.85,26686
2023-09-11T04:00:00Z,552.73,559.28,552.48,558.85,46598
2023-09-08T04:00:00Z,549.57,551.95,548.22,551.12,21236
2023-09-07T04:00:00Z,548.8,550.72,544.41,548.69,39413
2023-09-06T04:00:00Z,540.68,548.29,540.36,546.55,39004
2023-09-05T04:00:00Z,544.34,548.82,544.15,544.81,23271
2023-09-01T04:00:00Z,552.86,553.05,540.695,544.22,43801
2023-08-31T04:00:00Z,541.67,552,541.67,549.23,84532
2023-08-30T04:00:00Z,542.98,543.95,539.48,542.28,33770
2023-08-29T04:00:00Z,535.74,542.97,535.235,542.81,46406
2023-08-28T04:00:00Z,535.5,536.82,533.22,536.36,21600
2023-08-25T04:00:00Z,533.345,535.62,531.085,533.82,38011
2023-08-24T04:00:00Z,539.51,540.9,531.28,531.63,36475
2023-08-23T04:00:00Z,538.89,541.01,537.08,540.68,35830
2023-08-22T04:00:00Z,540.65,541.49,537.68,538.455,41859
2023-08-21T04:00:00Z,543.585,544.84,536.44,543.05,43263
2023-08-18T04:00:00Z,547.24,549.38,543.37,544.58,46648
2023-08-17T04:00:00Z,558.61,559.225,545.19,547.16,67518
2023-08-16T04:00:00Z,561.79,564.49,558.8,559.26,48625
2023-08-15T04:00:00Z,563.07,564.67,558.45,558.5,41816
2023-08-14T04:00:00Z,565,567.22,560.6,561.44,50395
2023-08-11T04:00:00Z,560.8,564.59,559.15,562.93,31567
2023-08-10T04:00:00Z,563.2,568.615,560.72,561.5,33193
2023-08-09T04:00:00Z,557.43,562.08,557.43,559.99,51456
2023-08-08T04:00:00Z,556.85,557.21,552.16,556.17,26612
2023-08-07T04:00:00Z,555.695,559.4,555.375,558.41,38282
2023-08-04T04:00:00Z,559.52,559.52,551.515,552.32,32424
2023-08-03T04:00:00Z,553.815,560.26,552.975,557.57,46013
2023-08-02T04:00:00Z,553.36,556.065,551.09,552.59,62762
2023-08-01T04:00:00Z,562,562.67,554.59,555.255,55739
2023-07-31T04:00:00Z,562.96,564.02,559.15,560.72,38368
2023-07-28T04:00:00Z,564.7,567.33,562.73,563.09,32037
2023-07-27T04:00:00Z,569.48,570.75,560.82,561.99,51907
2023-07-26T04:00:00Z,566,567.34,563.555,566.15,44578
2023-07-25T04:00:00Z,566.02,567.46,564.33,565.33,77527
2023-07-24T04:00:00Z,558,566.39,555.92,564.12,88644
2023-07-21T04:00:00Z,560.15,561.85,557.505,558.37,133270
2023-07-20T04:00:00Z,554.48,560.99,553.99,557.105,67602
2023-07-19T04:00:00Z,554.44,555.69,552.34,554.125,38659
2023-07-18T04:00:00Z,552.595,554.77,549.54,553.67,72466
2023-07-17T04:00:00Z,546.77,554.12,546.17,552.79,62354
2023-07-14T04:00:00Z,539.25,546.82,539.25,546.49,50607
2023-07-13T04:00:00Z,537.745,539.12,532.84,538.51,46791
2023-07-12T04:00:00Z,531.415,539.93,531.34,537.95,68123
2023-07-11T04:00:00Z,527.72,530.595,526.26,529.72,52646
2023-07-10T04:00:00Z,527.37,530.9,525.25,527.06,90420
2023-07-07T04:00:00Z,533.555,535.63,524.78,524.85,86939
2023-07-06T04:00:00Z,539.21,540.21,537,537.41,82003
2023-07-05T04:00:00Z,541.51,545.37,537.57,541.35,97148
2023-07-03T04:00:00Z,536.63,540.93,534.36,540.93,26561
2023-06-30T04:00:00Z,534.57,539.41,534,538.41,45042
2023-06-29T04:00:00Z,530.295,532.29,529.01,531.9,38199
2023-06-28T04:00:00Z,529.33,533.4,528.9,532.83,45645
2023-06-27T04:00:00Z,522.95,531.88,522.95,530.41,63474
2023-06-26T04:00:00Z,524.37,524.64,521.94,523.49,48074
2023-06-23T04:00:00Z,521.15,525.32,519.83,524.25,39871
2023-06-22T04:00:00Z,521.74,524.64,519.77,524.17,27978
2023-06-21T04:00:00Z,518.75,521.615,516.74,519.53,34205
2023-06-20T04:00:00Z,521.89,522.6,518.215,519.81,49622
2023-06-16T04:00:00Z,529.715,529.96,523.04,523.45,73930
2023-06-15T04:00:00Z,528.37,531.18,527.19,529.285,50523
2023-06-14T04:00:00Z,524.505,527.31,523.74,527.18,46843
2023-06-13T04:00:00Z,522.455,522.79,518.29,522.02,53095
2023-06-12T04:00:00Z,518.71,521.26,516.15,521.06,60375
2023-06-09T04:00:00Z,518.43,521.4,515.76,517.42,48864
2023-06-08T04:00:00Z,513.6,520.15,513.6,520.09,40456
2023-06-07T04:00:00Z,514.71,518.95,510.63,511.31,56890
2023-06-06T04:00:00Z,518.12,518.15,512.9,516.29,60519
2023-06-05T04:00:00Z,512.25,518.915,512.25,518.34,77200
2023-06-02T04:00:00Z,510.32,518.22,509.45,512.51,111992
2023-06-01T04:00:00Z,509.15,513.64,502.18,512.72,105504
2023-05-31T04:00:00Z,508.81,513.77,504.95,511.84,101897
2023-05-30T04:00:00Z,509.785,514.41,501.68,508.25,90456
2023-05-26T04:00:00Z,485.86,510.7,484.13,507.27,244605
2023-05-25T04:00:00Z,481.245,488.5,477.24,486.89,98790
2023-05-24T04:00:00Z,486.18,486.18,480.98,482.89,71941
2023-05-23T04:00:00Z,486.89,486.96,483.19,484.91,68234
2023-05-22T04:00:00Z,496.05,496.6,488.6,491.89,60679
2023-05-19T04:00:00Z,498.48,498.48,494.2,496.55,56915
2023-05-18T04:00:00Z,495.405,498.505,494.44,498.35,100724
2023-05-17T04:00:00Z,497.745,497.82,491.97,494.93,108182
2023-05-16T04:00:00Z,500.24,500.29,494.51,496.34,51546
2023-05-15T04:00:00Z,504.5,504.5,499.19,501.98,53281
2023-05-12T04:00:00Z,502.715,505.9,501.34,503.85,50063
2023-05-11T04:00:00Z,499.21,502.58,497.79,501.8,32759
2023-05-10T04:00:00Z,501.5,503.35,495.44,499.645,53496
2023-05-09T04:00:00Z,498.15,501.73,497.74,500.84,44715
2023-05-08T04:00:00Z,496.765,500.23,495.785,499.01,73918
2023-05-05T04:00:00Z,493.09,499.38,493.09,498.7,77534
2023-05-04T04:00:00Z,489.09,490.85,486.21,490.21,63943
2023-05-03T04:00:00Z,496.03,498.48,489.74,489.95,55279
2023-05-02T04:00:00Z,495.52,495.52,489.9,494.65,67233
2023-05-01T04:00:00Z,499.775,499.875,488.97,493.49,106837
2023-04-28T04:00:00Z,503,504.33,500.83,502.79,52664
2023-04-27T04:00:00Z,495.46,502.21,495.34,501.1,53373
2023-04-26T04:00:00Z,500.59,502.425,493.59,494.6,62946
2023-04-25T04:00:00Z,511.46,513.07,502.365,503.34,98991
2023-04-24T04:00:00Z,506,511.66,506,511.5,85000
2023-04-21T04:00:00Z,508.67,510.62,505.6,506.42,65921
2023-04-20T04:00:00Z,495.8,510.56,495.755,505.595,100873
2023-04-19T04:00:00Z,496.88,497.66,494.29,496.12,47252
2023-04-18T04:00:00Z,495.95,497.41,494.24,497.06,70842
2023-04-17T04:00:00Z,491.59,497.74,491.155,493.9,61842
2023-04-14T04:00:00Z,496.29,500.1,490.23,491.24,87116
2023-04-13T04:00:00Z,492.375,498.38,490.48,497.89,69375
2023-04-12T04:00:00Z,499.63,499.87,488.54,489.12,79868
2023-04-11T04:00:00Z,493.5,499.83,493.435,498.78,74703
2023-04-10T04:00:00Z,483.4,493.85,482.14,493.82,83527
2023-04-06T04:00:00Z,482.13,487.85,477.535,485.96,175694
2023-04-05T04:00:00Z,499.74,503.935,495.21,496.96,91755
2023-04-04T04:00:00Z,496.15,502.43,495.735,497.6,96987
2023-04-03T04:00:00Z,496.5,499.2,495.06,496.96,77594
2023-03-31T04:00:00Z,495.19,498.27,493.99,497.2,66596
2023-03-30T04:00:00Z,493.25,495.09,491.055,491.34,161555
2023-03-29T04:00:00Z,489.835,491.12,485.97,490.56,57719
2023-03-28T04:00:00Z,492.52,493.84,485.52,486.79,96630
2023-03-27T04:00:00Z,497.74,499.61,492.625,493.07,69955
2023-03-24T04:00:00Z,487.06,495.8,486.93,495.23,105896
2023-03-23T04:00:00Z,488.01,493.19,484.51,487.48,85869
2023-03-22T04:00:00Z,490.5,496.38,487.62,487.62,62538
2023-03-21T04:00:00Z,492.64,492.64,486.09,490.23,81537
2023-03-20T04:00:00Z,488.265,490.685,486.02,489.09,76816
2023-03-17T04:00:00Z,489.07,489.59,481.605,487.04,72797
2023-03-16T04:00:00Z,485.615,488.035,483.57,487.15,151996
2023-03-15T04:00:00Z,480.6,486.835,478.54,485.47,197345
2023-03-14T04:00:00Z,475.87,485.13,473.17,481.83,157364
2023-03-13T04:00:00Z,467.43,476.47,467.43,472.205,108942
2023-03-10T05:00:00Z,479.065,480.09,468.45,471.24,97070
2023-03-09T05:00:00Z,487.86,489.88,478.95,479.49,76505
2023-03-08T05:00:00Z,483.25,486.44,481.27,486.13,82642
2023-03-07T05:00:00Z,486.67,495.21,485.03,485.17,128539
2023-03-06T05:00:00Z,476.87,488.79,475.8,483.2,98979
2023-03-03T05:00:00Z,475,475.87,465.56,475.27,177452
2023-03-02T05:00:00Z,476.75,487.39,475.88,486.1,93888
2023-03-01T05:00:00Z,480.995,482.575,475.39,478.56,95048
2023-02-28T05:00:00Z,485.59,488.6,483.87,484.27,81593
2023-02-27T05:00:00Z,488.98,491.97,485.74,487.095,59331
2023-02-24T05:00:00Z,489.05,490.19,484.84,488.365,64759
2023-02-23T05:00:00Z,497.67,497.805,488.18,493.21,83052
2023-02-22T05:00:00Z,503.92,505.33,496.6,497.48,61216
2023-02-21T05:00:00Z,501.17,503.96,496.58,502.04,71777
2023-02-17T05:00:00Z,504.14,507.7,501.87,507.53,83489
2023-02-16T05:00:00Z,504.88,510.39,503.85,504.28,42539
2023-02-15T05:00:00Z,501.49,511.4,501.49,511.31,74937
2023-02-14T05:00:00Z,505.56,507.81,498.63,503.29,62111
2023-02-13T05:00:00Z,501.8,506.78,501.62,506.44,71020
2023-02-10T05:00:00Z,497.91,500.52,495.38,499.82,69152
2023-02-09T05:00:00Z,505.825,508.75,498.53,500.64,89217
2023-02-08T05:00:00Z,511.405,511.92,501.71,503.83,109966
2023-02-07T05:00:00Z,511.93,517.78,507.43,516.44,87575
2023-02-06T05:00:00Z,514.24,517.13,513.675,515.8,40583
2023-02-03T05:00:00Z,518.03,521.4,512.64,514.86,85079
2023-02-02T05:00:00Z,523.46,529.94,520.71,523.34,78986
2023-02-01T05:00:00Z,507.8,520.43,504.76,517.69,84266
2023-01-31T05:00:00Z,505.03,511.31,504.78,511.17,72547
2023-01-30T05:00:00Z,502.06,505.49,502,503.34,83976
2023-01-27T05:00:00Z,499.19,509.04,498.63,502.96,98234
2023-01-26T05:00:00Z,493.91,498.61,492.05,498.37,77006
2023-01-25T05:00:00Z,488.78,491.57,484.53,490.84,71790
2023-01-24T05:00:00Z,492.11,493.54,487.18,491.89,66180
2023-01-23T05:00:00Z,480.05,495.1,477.6,492.62,117919
2023-01-20T05:00:00Z,473.4,480.25,469.81,480.25,75471
2023-01-19T05:00:00Z,476.7,476.7,468.07,469.63,96000
2023-01-18T05:00:00Z,484.82,488.44,478.76,479.59,96254
2023-01-17T05:00:00Z,485.37,490.2,484.38,486.81,68794
2023-01-13T05:00:00Z,481.34,485.53,479.12,485.18,54778
2023-01-12T05:00:00Z,484.915,484.915,479.07,482.4,73894
2023-01-11T05:00:00Z,480.77,484.43,479.76,484.33,77377
2023-01-10T05:00:00Z,476.7,482,476.25,481.46,79009
2023-01-09T05:00:00Z,481.44,486.85,478.19,478.67,153510
2023-01-06T05:00:00Z,463.135,484.34,463.135,482.64,221353
2023-01-05T05:00:00Z,455.64,455.64,449.68,450.36,74459
2023-01-04T05:00:00Z,456.875,459.3,452.59,456.62,86918
2023-01-03T05:00:00Z,457.41,458.56,448.01,453.32,66734
2022-12-30T05:00:00Z,453.435,456.51,451.685,456.51,64928
2022-12-29T05:00:00Z,455.55,458.7,453.745,456.56,50874
2022-12-28T05:00:00Z,458.375,460.25,452.9,453.27,48811
2022-12-27T05:00:00Z,463.43,463.43,457.34,458.6,50039
2022-12-23T05:00:00Z,457.51,463.1,455.87,462.67,46955
2022-12-22T05:00:00Z,459.48,459.59,453.465,458.87,94532
2022-12-21T05:00:00Z,459.445,463.61,456.44,461.96,47819
2022-12-20T05:00:00Z,456.56,460.11,452.74,458.07,79904
2022-12-19T05:00:00Z,460.88,463.365,455.44,458.63,88751
2022-12-16T05:00:00Z,462.01,464.45,457,461.59,100603
2022-12-15T05:00:00Z,475.68,476.425,463.195,464.2,160272
2022-12-14T05:00:00Z,488.855,491.69,481.22,483.76,117112
2022-12-13T05:00:00Z,497.97,497.97,481.92,488.19,107255
2022-12-12T05:00:00Z,482.79,487.82,480.775,487.65,104884
2022-12-09T05:00:00Z,475.29,490.01,470.61,483.1,196416
2022-12-08T05:00:00Z,482.9,483.33,473.91,481.245,132174
2022-12-07T05:00:00Z,479.205,486.49,478.94,481.79,98465
2022-12-06T05:00:00Z,491.31,491.31,477.265,481.17,145038
2022-12-05T05:00:00Z,492.02,492.24,484.9,488.87,113096
2022-12-02T05:00:00Z,497.38,497.89,492.23,494.6,138572
2022-12-01T05:00:00Z,519.14,519.14,495.87,503.87,335171
2022-11-30T05:00:00Z,525.96,539.55,522.3,539.1,86181
2022-11-29T05:00:00Z,531.3,533.65,528.16,528.85,86088
2022-11-28T05:00:00Z,530.945,536.04,529.55,531.17,63314
2022-11-25T05:00:00Z,533.62,535.51,533.185,533.72,21864
2022-11-23T05:00:00Z,531.28,536.51,530.78,534.63,41788
2022-11-22T05:00:00Z,529.51,532.68,526.71,531.89,80698
2022-11-21T05:00:00Z,525.08,526.995,522.2,523.53,74610
2022-11-18T05:00:00Z,528.295,529.125,518.44,524.05,55354
2022-11-17T05:00:00Z,518.665,521.79,513,521.77,75661
2022-11-16T05:00:00Z,521.595,528.38,520.59,524.23,73134
2022-11-15T05:00:00Z,520.145,529.79,520.145,526.43,102563
2022-11-14T05:00:00Z,515.055,520.505,509.51,509.86,59454
2022-11-11T05:00:00Z,513.66,516.72,506.82,515.5,86687
2022-11-10T05:00:00Z,507.04,514.43,501.53,512.98,104773
2022-11-09T05:00:00Z,491.89,497.44,486.98,490.1,50690
2022-11-08T05:00:00Z,490.73,497.9,484.9,492.7,58069
2022-11-07T05:00:00Z,478.58,489.97,474.69,488.8,101598
2022-11-04T04:00:00Z,491.26,491.26,476.87,486.38,77355
2022-11-03T04:00:00Z,480.04,491.32,480,486.42,83730
2022-11-02T04:00:00Z,498.25,502.96,483.27,483.46,120279
2022-11-01T04:00:00Z,503.7,507.16,499.83,499.95,105602
2022-10-31T04:00:00Z,508.5,508.5,500.88,501.37,75238
2022-10-28T04:00:00Z,498.65,512.8,498.365,510.71,86089
2022-10-27T04:00:00Z,501.59,501.59,494.38,496.75,68657
2022-10-26T04:00:00Z,499.635,507.18,495.92,499.24,89048
2022-10-25T04:00:00Z,492.72,500.15,492.01,498.98,81865
2022-10-24T04:00:00Z,482.45,497.75,481.52,497.14,98738
2022-10-21T04:00:00Z,464.55,479.08,464.24,478.22,113363
2022-10-20T04:00:00Z,470.37,471.765,463.04,464.77,81139
2022-10-19T04:00:00Z,469.015,474.485,467.43,471.61,53358
2022-10-18T04:00:00Z,473.79,476.41,469.04,473.52,87792
2022-10-17T04:00:00Z,461.66,466.67,461,464.24,72955
2022-10-14T04:00:00Z,472.13,472.78,453.94,454.91,92375
2022-10-13T04:00:00Z,457.7,471.68,449.36,468.01,138388
2022-10-12T04:00:00Z,473.6,479.6,466.33,466.38,85150
2022-10-11T04:00:00Z,465.905,477,463.82,472.13,96147
2022-10-10T04:00:00Z,469.69,469.99,461.98,466.25,60451
2022-10-07T04:00:00Z,478.55,479.105,466.2,468.15,82902
2022-10-06T04:00:00Z,484.42,493.705,482.02,482.54,121258
2022-10-05T04:00:00Z,481.1,483.54,474.87,480.32,73509
2022-10-04T04:00:00Z,483.67,487.98,480.75,485.95,98068
2022-10-03T04:00:00Z,474.73,480.76,470.85,477.67,77178
2022-09-30T04:00:00Z,480.44,483.69,471.95,472.73,95579
2022-09-29T04:00:00Z,488.97,488.97,474.25,479.39,90728
2022-09-28T04:00:00Z,482.045,491.45,474.26,488.04,127508
2022-09-27T04:00:00Z,485.905,488.16,475.7,478.3,96775
2022-09-26T04:00:00Z,466.47,483.86,465.56,480.33,151042
2022-09-23T04:00:00Z,478.53,482.11,463.55,466.42,213368
2022-09-22T04:00:00Z,493.325,493.325,484.59,487.57,121466
2022-09-21T04:00:00Z,503.39,506.42,493.15,493.15,85353
2022-09-20T04:00:00Z,502.785,502.87,493.5,499.71,88793
2022-09-19T04:00:00Z,501.85,506.68,499.145,506.68,87575
2022-09-16T04:00:00Z,499.57,506.44,498.04,503.89,73938
2022-09-15T04:00:00Z,508.36,508.54,500.71,503.6,69394
2022-09-14T04:00:00Z,512.7,513.95,503.215,508.02,102435
2022-09-13T04:00:00Z,531.305,531.305,508.75,510.45,105903
2022-09-12T04:00:00Z,538.2,542.43,537.35,539.58,50875
2022-09-09T04:00:00Z,532.49,537.6,530.29,536.62,58566
2022-09-08T04:00:00Z,524.96,532.96,521.56,529.42,45414
2022-09-07T04:00:00Z,520.26,531.55,520.26,529.67,58709
2022-09-06T04:00:00Z,520.415,522.75,512.7,519.03,83182
2022-09-02T04:00:00Z,530.71,534.41,516.15,519.26,76944
2022-09-01T04:00:00Z,519.97,529.46,517.07,529.17,164286
2022-08-31T04:00:00Z,525.155,525.76,520.515,522.3,67785
2022-08-30T04:00:00Z,534.93,536,521.65,524.22,76689
2022-08-29T04:00:00Z,525.29,534.98,524.61,531.02,50858
2022-08-26T04:00:00Z,550.215,551.55,531.71,531.84,77067
2022-08-25T04:00:00Z,545.51,550.79,540.06,550.63,52563
2022-08-24T04:00:00Z,542.75,545.035,539.48,543.28,49588
2022-08-23T04:00:00Z,544.85,545.93,537.13,541.93,43374
2022-08-22T04:00:00Z,552.67,552.67,544.355,545.46,59809
2022-08-19T04:00:00Z,558.79,558.79,553.37,554.59,59965
2022-08-18T04:00:00Z,559.12,564.69,556.655,561.02,70059
2022-08-17T04:00:00Z,550.24,559.21,549.67,556.32,80394
2022-08-16T04:00:00Z,551.65,559.84,549.37,553.01,79466
2022-08-15T04:00:00Z,538,546.99,535.78,545.77,81663
2022-08-12T04:00:00Z,536.46,538.12,533.95,537.34,92860
2022-08-11T04:00:00Z,543.32,543.32,531.9,532.45,126125
2022-08-10T04:00:00Z,544.22,549.79,537.31,539.45,129207
2022-08-09T04:00:00Z,544.23,544.99,533.89,536.11,108111
2022-08-08T04:00:00Z,543.67,547.32,539.095,541.9,46952
2022-08-05T04:00:00Z,536.5,541.44,533.435,540.5,80948
2022-08-04T04:00:00Z,546.5,546.82,540.86,543.28,76277
2022-08-03T04:00:00Z,545.08,548.6,542.37,547.1,62793
2022-08-02T04:00:00Z,545.48,551.03,541.04,543.46,76019
2022-08-01T04:00:00Z,541.74,552.61,541.74,546.69,65020
2022-07-29T04:00:00Z,532.66,541.98,532.11,541.3,69944
2022-07-28T04:00:00Z,523.33,539.065,521.925,536.045,109652
2022-07-27T04:00:00Z,513.3,525.21,511.36,522,97950
2022-07-26T04:00:00Z,514.2,519.085,509.67,511.92,127616
2022-07-25T04:00:00Z,529.02,531.8,526.03,529.03,59651
2022-07-22T04:00:00Z,530.71,536.33,526.33,529.8,72009
2022-07-21T04:00:00Z,524,529.73,522.11,529.43,60257
2022-07-20T04:00:00Z,520.98,525.95,516.87,524.25,67568
2022-07-19T04:00:00Z,520.75,525.53,517.12,519.98,97298
2022-07-18T04:00:00Z,522.09,528.42,516.04,516.06,103932
2022-07-15T04:00:00Z,517.65,524.44,516.24,522.86,121169
2022-07-14T04:00:00Z,493.92,513.26,493.62,512.08,165897
2022-07-13T04:00:00Z,484.32,497.15,484.195,492.19,94254
2022-07-12T04:00:00Z,498.02,501.83,488.16,490.74,70574
2022-07-11T04:00:00Z,501.12,505.41,495.22,498.85,64594
2022-07-08T04:00:00Z,497.29,505.49,497.29,501.49,145111
2022-07-07T04:00:00Z,491.67,495.45,489.325,494.95,88070
2022-07-06T04:00:00Z,489.31,496.89,488.39,492.67,99254
2022-07-05T04:00:00Z,485.83,490.9,478.83,488.27,134612
2022-07-01T04:00:00Z,480.89,491.22,478.06,486.2,135247
2022-06-30T04:00:00Z,466.82,481.9,465.18,479.44,192606
2022-06-29T04:00:00Z,470.95,472.58,466.57,469.61,63683
2022-06-28T04:00:00Z,483.98,486.68,467.98,468.72,86985
2022-06-27T04:00:00Z,484.94,486.31,477.59,481.81,67313
2022-06-24T04:00:00Z,481.34,484.58,476.935,484.47,96992
2022-06-23T04:00:00Z,466.74,476.22,465.83,475.14,96837
2022-06-22T04:00:00Z,458.725,464.47,458.725,459.67,73752
2022-06-21T04:00:00Z,449.875,464.59,449.14,463.09,82178
2022-06-17T04:00:00Z,451.04,455.36,443.84,446.5,100317
2022-06-16T04:00:00Z,450.3,457.49,448.35,451.76,131718
2022-06-15T04:00:00Z,458.88,464,452.21,458.84,126135
2022-06-14T04:00:00Z,452.32,458.25,450.53,454.98,103396
2022-06-13T04:00:00Z,450.5,457.76,449.04,452.11,133610
2022-06-10T04:00:00Z,464.27,468.13,458.01,463.44,110847
2022-06-09T04:00:00Z,467.65,484.05,467.65,471.94,121706
2022-06-08T04:00:00Z,470.285,474.41,467.06,467.77,82831
2022-06-07T04:00:00Z,461.065,473.53,459.59,471.66,106544
2022-06-06T04:00:00Z,480.11,480.63,468.955,472.3,75761
2022-06-03T04:00:00Z,485.555,487.64,475.735,476.49,116776
2022-06-02T04:00:00Z,461.235,491,458.87,487.65,271731
2022-06-01T04:00:00Z,469.38,469.79,456.71,457.01,94311
2022-05-31T04:00:00Z,470.15,470.24,458.31,466.5,126623
2022-05-27T04:00:00Z,457,474.67,456.35,470.68,197645
2022-05-26T04:00:00Z,449.85,468.01,448.52,465.51,209455
2022-05-25T04:00:00Z,436.13,443.24,430.915,440.2,166088
2022-05-24T04:00:00Z,424.82,438.535,424.585,437.65,198378
2022-05-23T04:00:00Z,420.24,429.95,417.18,429.53,133334
2022-05-20T04:00:00Z,428.8,428.8,406.64,416.24,155603
2022-05-19T04:00:00Z,430.105,430.19,418.83,422.92,348933
2022-05-18T04:00:00Z,459.99,463.4,424.74,429.49,587230
2022-05-17T04:00:00Z,489.06,493.42,480.73,490.4,135288
2022-05-16T04:00:00Z,496.48,497.41,489.83,494.65,86205
2022-05-13T04:00:00Z,492.6,498.515,490,497.31,86365
2022-05-12T04:00:00Z,486.815,496.68,479.815,486.01,171288
2022-05-11T04:00:00Z,503.1,507.93,487.89,489.12,126250
2022-05-10T04:00:00Z,509.2,509.66,495.88,501.65,106075
2022-05-09T04:00:00Z,496,506.91,495.05,499.3,176657
2022-05-06T04:00:00Z,512.66,516.04,498.88,503.5,149789
2022-05-05T04:00:00Z,538.05,539.62,512.435,517.73,183302
2022-05-04T04:00:00Z,529.01,545.88,523.57,544.04,129812
2022-05-03T04:00:00Z,527.6,534.08,524.01,528.08,98667
2022-05-02T04:00:00Z,533.34,539.05,518.39,528.87,144741
2022-04-29T04:00:00Z,560.71,561.43,530.04,531.91,119376
2022-04-28T04:00:00Z,555.04,564.72,545.94,562,74606
2022-04-27T04:00:00Z,558.4,563.55,552.85,553.95,136319
2022-04-26T04:00:00Z,565.815,567.11,553.495,553.57,71310
2022-04-25T04:00:00Z,569.635,570.24,554.81,568.39,141500
2022-04-22T04:00:00Z,589.53,589.64,571.07,571.61,105166
2022-04-21T04:00:00Z,605.28,609.09,591.255,591.71,89510
2022-04-20T04:00:00Z,599.69,605.25,597.39,603.57,70805
2022-04-19T04:00:00Z,583.795,594.8,582.54,594.62,75069
2022-04-18T04:00:00Z,589.3,591.75,579.7,581.87,73283
2022-04-14T04:00:00Z,592.15,596.04,587.725,590.38,88932
2022-04-13T04:00:00Z,584.84,593.35,583.32,591.05,84010
2022-04-12T04:00:00Z,586.69,591.16,578.9,581.21,98794
2022-04-11T04:00:00Z,599.91,599.91,583,584.68,117169
2022-04-08T04:00:00Z,606.38,607.74,597.725,600.11,120857
2022-04-07T04:00:00Z,592.46,612.12,589.5,608.28,198183
2022-04-06T04:00:00Z,573.71,586.68,570.765,584.71,106001
2022-04-05T04:00:00Z,572.355,583.6,572.355,575.32,83628
2022-04-04T04:00:00Z,574.2,579.645,571.47,575.19,90555
2022-04-01T04:00:00Z,577.37,582.78,572.51,575.56,98002
2022-03-31T04:00:00Z,578.7,586.27,575.61,575.61,113385
2022-03-30T04:00:00Z,570.58,577.985,570.065,576.21,74391
2022-03-29T04:00:00Z,567.65,571.22,564.81,569.78,91137
2022-03-28T04:00:00Z,556.505,565.03,553.83,564.945,101254
2022-03-25T04:00:00Z,559.82,560.15,550.225,555.81,130877
2022-03-24T04:00:00Z,555.74,558.2,549.35,558.2,78423
2022-03-23T04:00:00Z,556.35,560.53,551.91,554.13,68099
2022-03-22T04:00:00Z,556.86,560.11,553.24,559.15,72549
2022-03-21T04:00:00Z,560.14,566.7,551.005,555.54,154290
2022-03-18T04:00:00Z,552.96,562.53,549.9,561.17,105116
2022-03-17T04:00:00Z,543.34,553.065,543.34,552.48,69614
2022-03-16T04:00:00Z,544.57,551.585,531.44,543.39,153114
2022-03-15T04:00:00Z,531.21,543.66,528.155,542.48,86961
2022-03-14T04:00:00Z,527.77,535.15,523.8,525.93,105182
2022-03-11T05:00:00Z,537.01,541.995,526.58,526.58,66499
2022-03-10T05:00:00Z,524.35,534.335,518.82,532.78,77987
2022-03-09T05:00:00Z,526.42,530.73,515.925,527.65,148168
2022-03-08T05:00:00Z,528.3,539.36,522.71,522.86,127306
2022-03-07T05:00:00Z,523.45,545.16,523.45,528.65,174447
2022-03-04T05:00:00Z,517.76,529.58,512.02,525.53,206528
2022-03-03T05:00:00Z,533.24,538.57,529.54,533.18,138353
2022-03-02T05:00:00Z,521.84,532.39,519.96,527.88,146834
2022-03-01T05:00:00Z,520.48,528.96,519.24,523.24,88444
2022-02-28T05:00:00Z,513.32,519.32,511.43,519.14,98346
2022-02-25T05:00:00Z,508.94,518.07,506.05,517.52,102975
2022-02-24T05:00:00Z,482.98,506.545,482.98,505.59,165540
2022-02-23T05:00:00Z,503.06,507.96,494.78,495.72,89398
2022-02-22T05:00:00Z,511.05,514.28,498.385,502.24,90888
2022-02-18T05:00:00Z,513.42,517.7,510.495,512.67,128944
2022-02-17T05:00:00Z,509.26,518.21,507.53,515.02,167991
2022-02-16T05:00:00Z,512.43,514.44,501.715,512.69,76082
2022-02-15T05:00:00Z,512.02,515.62,511.06,514.03,67402
2022-02-14T05:00:00Z,508.825,511.33,501.69,506.29,50295
2022-02-11T05:00:00Z,518.405,520.765,507.38,509.3,96468
2022-02-10T05:00:00Z,520.1,524.43,514.77,518.65,88271
2022-02-09T05:00:00Z,527.495,534,525.82,528.88,78335
2022-02-08T05:00:00Z,516.04,523.39,510.84,521.14,71315
2022-02-07T05:00:00Z,516.63,520.345,514.5,516.22,73732
2022-02-04T05:00:00Z,518.11,521.97,511.29,519.78,138818
2022-02-03T05:00:00Z,517.1,526.34,515.22,521.82,177671
2022-02-02T05:00:00Z,511.19,523.855,510.41,521.91,137570
2022-02-01T05:00:00Z,504.555,509.29,497.005,508.09,151359
2022-01-31T05:00:00Z,491.54,506.07,490.87,504.84,120183
2022-01-28T05:00:00Z,483.05,492.65,476.07,492.28,79692
2022-01-27T05:00:00Z,486.9,495.31,480.36,482.51,149745
2022-01-26T05:00:00Z,483.02,493.75,479,483.28,132678
2022-01-25T05:00:00Z,479.91,482,472.595,477.69,84048
2022-01-24T05:00:00Z,475.95,489.67,469.32,488.91,255167
2022-01-21T05:00:00Z,482.77,494.18,481.55,481.7,108972
2022-01-20T05:00:00Z,491.08,499.66,482.12,482.84,110785
2022-01-19T05:00:00Z,490.71,496.09,487.43,489.96,103282
2022-01-18T05:00:00Z,493.2,494.67,487.1,487.97,148776
2022-01-14T05:00:00Z,512.59,512.59,501.93,503.145,170494
2022-01-13T05:00:00Z,527.47,528.36,515.4,517.17,92400
2022-01-12T05:00:00Z,522.345,529.52,522.345,525.8,75906
2022-01-11T05:00:00Z,518.69,522.43,510.29,522.18,93412
2022-01-10T05:00:00Z,530.41,530.41,508.5,518.99,228718
2022-01-07T05:00:00Z,547.94,547.94,534.64,536.06,97317
2022-01-06T05:00:00Z,545.41,553.39,544,550.05,81069
2022-01-05T05:00:00Z,564.49,564.49,549.96,550.09,153136
2022-01-04T05:00:00Z,564.3,568.49,562.045,564.27,55175
2022-01-03T05:00:00Z,565.42,567.4,555.75,566.59,71485
2021-12-31T05:00:00Z,563.51,568.09,559.77,567.81,46184
2021-12-30T05:00:00Z,569.77,569.77,562.965,564.16,64362
2021-12-29T05:00:00Z,566.55,570.9,563.57,567.72,43343
2021-12-28T05:00:00Z,563.53,566.37,561.08,564.53,40405
2021-12-27T05:00:00Z,551.44,565.64,551.44,563.37,67699
2021-12-23T05:00:00Z,551.98,552.36,547.98,550.68,50967
2021-12-22T05:00:00Z,545.38,549.95,540.05,549.43,58618
2021-12-21T05:00:00Z,549.99,549.99,536.26,545.34,86596
2021-12-20T05:00:00Z,541.63,548.96,538.26,548.65,103490
2021-12-17T05:00:00Z,549.52,555.34,541.28,547.32,102371
2021-12-16T05:00:00Z,564.89,565.99,549.98,552.34,92833
2021-12-15T05:00:00Z,546.195,566.43,546.07,565.77,105787
2021-12-14T05:00:00Z,556.33,556.81,537.88,545.64,168034
2021-12-13T05:00:00Z,553.25,559.69,548.06,557.37,128433
2021-12-10T05:00:00Z,537.59,561.015,535.47,558.78,125355
2021-12-09T05:00:00Z,528.61,530.3,523.84,524.26,118368
2021-12-08T05:00:00Z,546.985,546.985,525.665,529.71,148564
2021-12-07T05:00:00Z,538.445,543,536.42,542.05,57116
2021-12-06T05:00:00Z,532.71,535.915,528.75,533.32,80315
2021-12-03T05:00:00Z,531.135,537.15,524.95,528.96,82649
2021-12-02T05:00:00Z,518.1,530.45,514.37,525.39,127512
2021-12-01T05:00:00Z,544.005,548.01,529.4,529.41,107849
2021-11-30T05:00:00Z,551.58,556.96,538.07,539.5,128010
2021-11-29T05:00:00Z,546.455,560.67,543.215,554.85,91310
2021-11-26T05:00:00Z,549.555,554.39,544.52,546.72,50187
2021-11-24T05:00:00Z,545.615,550.395,543.435,550.04,45649
2021-11-23T05:00:00Z,538.675,545.72,534.37,545.49,51482
2021-11-22T05:00:00Z,533.3,545.33,532.92,539.92,63117
2021-11-19T05:00:00Z,532.825,535.11,528.14,533.99,55232
2021-11-18T05:00:00Z,527.76,530.53,522.735,529.59,80010
2021-11-17T05:00:00Z,528.24,530.34,524.505,526.37,74287
2021-11-16T05:00:00Z,519.83,527.95,519.73,526.72,44000
2021-11-15T05:00:00Z,518.53,522.66,518.175,519.89,44318
2021-11-12T05:00:00Z,514.25,519.53,513.23,517.18,35493
2021-11-11T05:00:00Z,506.245,512.45,506.245,512.23,32450
2021-11-10T05:00:00Z,508.58,510.17,503.91,505.46,71422
2021-11-09T05:00:00Z,505.77,509.085,504.255,508.65,66880
2021-11-08T05:00:00Z,512.57,512.57,501.01,503.56,98604
2021-11-05T04:00:00Z,514.38,517.74,508.83,513.2,61006
2021-11-04T04:00:00Z,507.25,520.19,506.485,515.57,55786
2021-11-03T04:00:00Z,501.34,502.89,495.77,502.32,70987
2021-11-02T04:00:00Z,493.785,499.315,493.13,496.48,79306
2021-11-01T04:00:00Z,494.46,494.75,487.31,491.83,75934
2021-10-29T04:00:00Z,487.51,494.07,486.99,491.42,56142
2021-10-28T04:00:00Z,487.24,491.35,487.24,490.34,74869
2021-10-27T04:00:00Z,483.91,491.49,483.77,489.09,76200
2021-10-26T04:00:00Z,482.13,487.96,481.92,485.65,77002
2021-10-25T04:00:00Z,482.275,491.88,479.7,490.3,76930
2021-10-22T04:00:00Z,479.31,484.58,479.31,481.94,47903
2021-10-21T04:00:00Z,469.795,477.45,469.44,477.31,55930
2021-10-20T04:00:00Z,468.16,472.43,467.84,469.84,60595
2021-10-19T04:00:00Z,463.125,467.16,460.51,467.16,45141
2021-10-18T04:00:00Z,450.06,462.23,448.75,462.015,45065
2021-10-15T04:00:00Z,453.27,453.27,449.26,452.42,35438
2021-10-14T04:00:00Z,447.125,451.32,447,450.73,88103
2021-10-13T04:00:00Z,448.99,449.285,444.07,445.41,76196
2021-10-12T04:00:00Z,448.86,452.75,445.83,446.875,67931
2021-10-11T04:00:00Z,450.87,453.45,449.63,449.72,36727
2021-10-08T04:00:00Z,455.33,455.71,450.28,451.79,48204
2021-10-07T04:00:00Z,456.88,459.335,452.18,452.74,73416
2021-10-06T04:00:00Z,443.445,449.695,442.5,449.38,69606
2021-10-05T04:00:00Z,440.84,448.86,440.84,446.15,65696
2021-10-04T04:00:00Z,447.71,448.75,436.39,440.03,69652
2021-10-01T04:00:00Z,449.08,451.08,440.99,447.93,50554
2021-09-30T04:00:00Z,454.02,454.75,449.33,449.38,70869
2021-09-29T04:00:00Z,449,455.75,449,451.79,85851
2021-09-28T04:00:00Z,456.44,456.44,445.85,447.31,125835
2021-09-27T04:00:00Z,465.91,470.46,457.325,460.59,93324
2021-09-24T04:00:00Z,456,468.57,456,467.93,120029
2021-09-23T04:00:00Z,453.09,455.435,451.1,452.23,63895
2021-09-22T04:00:00Z,453.795,454,449.84,452.59,63944
2021-09-21T04:00:00Z,451.5,456.62,450.41,452.11,63424
2021-09-20T04:00:00Z,456.5,460.745,446.74,451.22,116241
2021-09-17T04:00:00Z,461.73,462.05,457.11,459.75,118535
2021-09-16T04:00:00Z,460.46,463.68,456.605,463.32,59094
2021-09-15T04:00:00Z,458.39,462.105,456.39,460.82,82845
2021-09-14T04:00:00Z,459.95,460.49,457.57,458.27,53756
2021-09-13T04:00:00Z,467.49,468.18,458.4,459.75,74367
2021-09-10T04:00:00Z,466.75,468.21,463.25,465.14,42445
2021-09-09T04:00:00Z,467.165,469.675,465.24,465.94,48015
2021-09-08T04:00:00Z,459.19,465.82,458.98,465.82,48283
2021-09-07T04:00:00Z,463,463.02,457.63,459.58,63009
2021-09-03T04:00:00Z,460.44,463.54,459.64,462.56,71435
2021-09-02T04:00:00Z,459.185,461.42,458.49,461.07,52600
2021-09-01T04:00:00Z,455.91,456.61,452.085,456.33,50626
2021-08-31T04:00:00Z,456.13,456.36,452.58,455.52,61200
2021-08-30T04:00:00Z,451.16,456.55,451.16,456.04,36889
2021-08-27T04:00:00Z,449.32,451.5,446.97,450.45,47831
2021-08-26T04:00:00Z,450.615,452,446.78,449.35,78872
2021-08-25T04:00:00Z,449.51,452.75,447.73,451.34,68836
2021-08-24T04:00:00Z,454.29,454.29,450.52,451.8,65034
2021-08-23T04:00:00Z,457.79,458.89,454.65,454.875,63345
2021-08-20T04:00:00Z,454.525,460.58,453.69,458.96,58548
2021-08-19T04:00:00Z,442.43,455.25,442.43,454.34,74332
2021-08-18T04:00:00Z,451.18,455.17,446,446.09,76010
2021-08-17T04:00:00Z,451.57,453.68,449.72,452.45,97973
2021-08-16T04:00:00Z,449.21,453.15,447.21,452.94,49607
2021-08-13T04:00:00Z,446.06,448.29,444.69,447.9,76514
2021-08-12T04:00:00Z,442.69,446.57,442.69,445.39,48751
2021-08-11T04:00:00Z,445.15,447.7,441.88,444.43,86272
2021-08-10T04:00:00Z,441.595,443.72,440.89,443.04,78125
2021-08-09T04:00:00Z,441,442.73,439.36,440.55,66357
2021-08-06T04:00:00Z,443.2,443.2,439,439.93,50371
2021-08-05T04:00:00Z,438.38,443.44,438.38,443.16,54066
2021-08-04T04:00:00Z,435.57,437.73,432.92,435.2,59511
2021-08-03T04:00:00Z,429.41,436.49,429.41,435.21,55380
2021-08-02T04:00:00Z,430.38,430.52,425.66,429.03,63854
2021-07-30T04:00:00Z,426.39,431.37,426.28,429.86,133665
2021-07-29T04:00:00Z,421.24,425.75,420.56,425.31,41644
2021-07-28T04:00:00Z,423.47,424.76,420.69,422.18,44998
2021-07-27T04:00:00Z,422.91,424.55,421.95,424.4,56073
2021-07-26T04:00:00Z,422.825,424.34,420.44,423.34,38438
2021-07-23T04:00:00Z,418.49,423.91,417.235,423.39,71890
2021-07-22T04:00:00Z,416.22,418.52,414.01,417.42,45500
2021-07-21T04:00:00Z,415.92,415.92,412.25,414.88,65926
2021-07-20T04:00:00Z,414.29,417.92,412.92,416.27,73313
2021-07-19T04:00:00Z,410.62,415.195,410.62,413.93,86992
2021-07-16T04:00:00Z,412.33,413.35,409.765,410.35,82220
2021-07-15T04:00:00Z,410.16,412.15,407.95,411.94,77913
2021-07-14T04:00:00Z,408.5,410.44,407.26,409.93,77053
2021-07-13T04:00:00Z,405.25,409.25,405.25,407.15,84631
2021-07-12T04:00:00Z,414.315,414.315,404.69,407.865,92441
2021-07-09T04:00:00Z,409,413.77,407.7,412.31,91875
2021-07-08T04:00:00Z,403.67,408.34,403.465,406.84,102842
2021-07-07T04:00:00Z,400.24,406.08,399.84,404.78,86189
2021-07-06T04:00:00Z,399.26,401.38,397.21,399.015,71580
2021-07-02T04:00:00Z,396.38,400.77,396.38,398.77,60046
2021-07-01T04:00:00Z,396.12,397.69,393.95,394.36,69586
2021-06-30T04:00:00Z,398.13,400.42,395.29,395.77,105753
2021-06-29T04:00:00Z,396.51,399.41,395.515,398.75,79726
2021-06-28T04:00:00Z,394.9,397.42,393.29,396.61,88769
2021-06-25T04:00:00Z,393.21,394.395,391.73,394.34,39913
2021-06-24T04:00:00Z,393.27,395.2,391.86,391.89,36042
2021-06-23T04:00:00Z,393.265,393.39,390.65,392,128213
2021-06-22T04:00:00Z,387,392.43,386.57,392.15,70235
2021-06-21T04:00:00Z,381.62,387.635,380.72,386.79,85388
2021-06-18T04:00:00Z,383.755,383.83,380.41,380.64,81065
2021-06-17T04:00:00Z,379.5,386.41,379.26,384.77,94026
2021-06-16T04:00:00Z,384.4,386.38,377.14,379.385,107029
2021-06-15T04:00:00Z,383.64,384.42,381.62,384.03,87433
2021-06-14T04:00:00Z,380.34,383.88,379.09,383.75,62655
2021-06-11T04:00:00Z,383.405,383.405,380.57,381.86,52507
2021-06-10T04:00:00Z,380.08,383.25,379.65,383.12,48295
2021-06-09T04:00:00Z,379.84,381.7,379.39,379.95,54970
2021-06-08T04:00:00Z,380.66,381.005,377.765,379.84,64107
2021-06-07T04:00:00Z,385.47,386.41,378.63,380.41,109560
2021-06-04T04:00:00Z,384.15,387.7,383.71,387.62,72644
2021-06-03T04:00:00Z,380.13,384.12,379.02,383.95,98821
2021-06-02T04:00:00Z,378.24,381.91,377.71,380.6,113061
2021-06-01T04:00:00Z,380.01,380.01,375.52,378.31,117855
2021-05-28T04:00:00Z,384.77,385.04,377.04,378.37,223225
2021-05-27T04:00:00Z,385.74,387.605,383.99,387.15,98395
2021-05-26T04:00:00Z,385.89,387.34,385.02,385.665,82099
2021-05-25T04:00:00Z,383.63,385.65,382.07,385.49,50969
2021-05-24T04:00:00Z,383.82,385.68,381.91,383.39,67019
2021-05-21T04:00:00Z,383.9,384.95,380.59,380.66,77260
2021-05-20T04:00:00Z,379.43,384.49,378.5,383.4,91201
2021-05-19T04:00:00Z,377.02,381.54,376.8,379.58,68776
2021-05-18T04:00:00Z,386.9,389.44,382.79,382.79,122279
2021-05-17T04:00:00Z,385.01,386.655,382.935,383.75,135348
2021-05-14T04:00:00Z,381.655,385.82,380.54,384.37,145683
2021-05-13T04:00:00Z,373.39,381.25,372.1,379.53,140199
2021-05-12T04:00:00Z,375.74,376.33,371.395,372.205,145099
2021-05-11T04:00:00Z,379.2,380.8,376.09,378.41,135428
2021-05-10T04:00:00Z,384.83,387.835,381.31,381.43,102617
2021-05-07T04:00:00Z,382.6,386.35,382.56,384.28,86157
2021-05-06T04:00:00Z,373.49,382.93,373.45,382.87,154189
2021-05-05T04:00:00Z,376.19,377.295,372.21,372.21,96021
2021-05-04T04:00:00Z,379.06,379.06,373.99,375.23,77706
2021-05-03T04:00:00Z,373.79,379.44,373.79,379.38,128559
2021-04-30T04:00:00Z,372.995,374.08,371.43,372.25,67713
2021-04-29T04:00:00Z,368.97,374.7,368.82,373.515,73955
2021-04-28T04:00:00Z,369.155,370.33,368.28,369.65,50207
2021-04-27T04:00:00Z,367.62,370.94,365.33,370.19,85067
2021-04-26T04:00:00Z,372.57,372.57,368.21,368.35,74951
2021-04-23T04:00:00Z,371.33,374.83,370.41,373.41,44516
2021-04-22T04:00:00Z,374.49,375.31,370.1,371.18,81523
2021-04-21T04:00:00Z,371.73,374.45,371.52,373.99,60329
2021-04-20T04:00:00Z,369.035,375.31,369.03,371.47,207993
2021-04-19T04:00:00Z,371.38,371.38,368.33,369.31,53632
2021-04-16T04:00:00Z,369.07,372.77,368.58,370.5,49634
2021-04-15T04:00:00Z,364.59,369.52,364.59,368.825,58185
2021-04-14T04:00:00Z,364.33,364.48,362.55,363.11,61445
2021-04-13T04:00:00Z,364.85,366.93,364.4,364.84,24196
2021-04-12T04:00:00Z,363.13,365.19,361.41,364.82,103619
2021-04-09T04:00:00Z,360.64,363.68,359.92,363.02,75146
2021-04-08T04:00:00Z,362.55,365.97,359.62,361.19,138674
2021-04-07T04:00:00Z,360.96,361.22,357.67,358.82,64908
2021-04-06T04:00:00Z,359.89,362.77,359.07,360.21,113672
2021-04-05T04:00:00Z,357.1,362.64,357.1,360.9,83945
2021-04-01T04:00:00Z,352.67,357.28,351.95,354.97,105625
2021-03-31T04:00:00Z,350.675,357.44,349.61,352.68,112510
2021-03-30T04:00:00Z,353.8,354.52,348.94,349.76,112537
2021-03-29T04:00:00Z,351.42,357.75,351.42,356.1,153295
2021-03-26T04:00:00Z,346.21,352.4,344.13,352.26,135759
2021-03-25T04:00:00Z,337.7,347.76,337.48,346.51,234938
2021-03-24T04:00:00Z,342.34,342.34,336.98,338.03,125183
2021-03-23T04:00:00Z,334.57,342.46,333.93,340.36,170808
2021-03-22T04:00:00Z,328.8,336.17,328.58,334.66,172646
2021-03-19T04:00:00Z,322.5,329.15,322.5,328.92,151642
2021-03-18T04:00:00Z,325.98,327.77,322.42,323.07,98530
2021-03-17T04:00:00Z,326.29,330.49,324.38,329.15,123791
2021-03-16T04:00:00Z,329.88,330.03,326.69,327.45,198090
2021-03-15T04:00:00Z,333.215,333.215,327.395,330.53,156777
2021-03-12T05:00:00Z,327.91,331.57,325.6,331.19,109390
2021-03-11T05:00:00Z,330.3,331.2,326.78,328.75,344631
2021-03-10T05:00:00Z,321.14,327.26,317.35,323.82,192519
2021-03-09T05:00:00Z,313.89,320.21,312.845,319,379999
2021-03-08T05:00:00Z,318.55,322.255,311.125,311.21,262874
2021-03-05T05:00:00Z,315.61,318.33,307.04,317.27,294263
2021-03-04T05:00:00Z,323.37,325.59,315.1,319.08,234788
2021-03-03T05:00:00Z,328.11,328.335,323.805,323.84,413469
2021-03-02T05:00:00Z,334.46,334.69,328.555,328.59,647843
2021-03-01T05:00:00Z,335.155,335.95,331.62,331.62,571542
2021-02-26T05:00:00Z,335.51,335.81,331.23,331.23,178239
2021-02-25T05:00:00Z,341.07,342.92,333.53,333.9,166614
2021-02-24T05:00:00Z,341.63,342.36,338.025,340.98,200544
2021-02-23T05:00:00Z,349.55,350.99,342.05,342.05,191052
2021-02-22T05:00:00Z,352.7,352.98,348.9,350.14,81196
2021-02-19T05:00:00Z,357.15,357.66,354.69,354.82,66205
2021-02-18T05:00:00Z,352.96,358.155,352.69,356.48,128756
2021-02-17T05:00:00Z,352.69,358.09,352.24,358.08,93016
2021-02-16T05:00:00Z,353.32,355.2,352.15,353.9,75624
2021-02-12T05:00:00Z,351.895,352.93,350.23,352.85,121164
2021-02-11T05:00:00Z,356,356.35,351.46,352.19,125386
2021-02-10T05:00:00Z,360.5,360.56,355.19,356.07,116987
2021-02-09T05:00:00Z,360.04,361.56,358.34,359.7,91384
2021-02-08T05:00:00Z,356.64,359.92,355.58,359.55,135742
2021-02-05T05:00:00Z,356.745,356.745,354.13,355.02,105005
2021-02-04T05:00:00Z,356.67,358.37,354.01,355.85,166683
2021-02-03T05:00:00Z,355.62,357.44,353.28,355.245,73876
2021-02-02T05:00:00Z,351.46,357.55,350.72,355.86,81905
2021-02-01T05:00:00Z,351.28,352.74,349.25,350.44,91461
2021-01-29T05:00:00Z,354.75,356.1,351.88,351.88,85923
2021-01-28T05:00:00Z,356.755,361.47,356.44,357.06,133886
2021-01-27T05:00:00Z,362.68,365.65,355.02,356.24,145308
2021-01-26T05:00:00Z,360,365.85,358.88,365.1,76264
2021-01-25T05:00:00Z,361.37,361.86,356.91,361.76,120891
2021-01-22T05:00:00Z,363.19,364.535,360.21,362.64,78555
2021-01-21T05:00:00Z,361.1,363.95,360,362.88,84366
2021-01-20T05:00:00Z,354.59,361.78,353.61,361.7,98110
2021-01-19T05:00:00Z,362.47,362.68,352.52,354.39,154385
2021-01-15T05:00:00Z,361.28,364.905,361.28,362.6,92116
2021-01-14T05:00:00Z,366.09,366.41,361.6,362.62,151198
2021-01-13T05:00:00Z,364.03,368.71,363.22,367.04,93131
2021-01-12T05:00:00Z,364.14,365.01,360.27,364.52,123271
2021-01-11T05:00:00Z,368.585,371,363.91,363.97,131981
2021-01-08T05:00:00Z,368.25,370.21,364.29,370.21,99778
2021-01-07T05:00:00Z,370.42,371.65,366.86,367.99,122303
2021-01-06T05:00:00Z,373.89,375.75,369.7,370.08,153644
2021-01-05T05:00:00Z,379.13,380.205,375.27,375.75,94190
2021-01-04T05:00:00Z,377.465,381.52,375.06,380.14,137090
2020-12-31T05:00:00Z,374.79,376.98,372.57,376.755,57848
2020-12-30T05:00:00Z,374.33,375.82,373.37,374.55,74361
2020-12-29T05:00:00Z,372.36,373.11,370.51,372.96,106124
2020-12-28T05:00:00Z,365.59,371.64,365.21,371.145,101658
2020-12-24T05:00:00Z,362.25,365.09,362.1,364.73,27195
2020-12-23T05:00:00Z,362.84,363.02,359.55,361.7,65286
2020-12-22T05:00:00Z,364.49,364.49,360.69,362.21,64778
2020-12-21T05:00:00Z,365.09,365.66,361.98,365.05,86442
2020-12-18T05:00:00Z,370.75,370.79,366.03,366.715,113544
2020-12-17T05:00:00Z,370.46,370.945,368.01,370.25,75513
2020-12-16T05:00:00Z,371.505,372.24,368.92,369.15,81288
2020-12-15T05:00:00Z,374.44,375.45,369.37,371.74,113794
2020-12-14T05:00:00Z,375.86,378.09,373.24,374.1,122145
2020-12-11T05:00:00Z,378.4,378.72,372.54,375.1,147108
2020-12-10T05:00:00Z,374.5,374.67,371.66,372.875,111665
2020-12-09T05:00:00Z,379.795,380.98,372.83,374.25,145281
2020-12-08T05:00:00Z,373.61,379.47,371.07,377.655,107145
2020-12-07T05:00:00Z,374.38,376.335,372.65,373.065,105242
2020-12-04T05:00:00Z,375.24,375.24,371.955,373.345,122070
2020-12-03T05:00:00Z,378.08,378.54,373.46,374.08,113934
2020-12-02T05:00:00Z,385.67,386.77,381.73,383.53,84370
2020-12-01T05:00:00Z,384.275,387.95,381.38,387.66,60190
2020-11-30T05:00:00Z,391.375,392.92,385.435,392.4,78813
2020-11-27T05:00:00Z,389.67,390.58,387.8,388.46,33563
2020-11-25T05:00:00Z,385.885,388.145,385.73,387.71,41610
2020-11-24T05:00:00Z,382.5,385.67,380.785,384.175,80832
2020-11-23T05:00:00Z,382.74,382.75,380.43,381.94,43175
2020-11-20T05:00:00Z,384.53,385.39,381.12,381.12,31840
2020-11-19T05:00:00Z,381.605,384.41,380.695,383.71,50125
2020-11-18T05:00:00Z,382.87,387.89,382.1,382.8,61246
2020-11-17T05:00:00Z,387.125,388.37,381.79,381.79,86891
2020-11-16T05:00:00Z,378.53,381.135,377.605,379.96,55637
2020-11-13T05:00:00Z,377.05,379.66,375.15,378.89,22506
2020-11-12T05:00:00Z,375.975,378.24,373.77,376.04,52381
2020-11-11T05:00:00Z,369.14,374.695,368.16,372.81,73476
2020-11-10T05:00:00Z,364.25,371.47,361.2,366.47,102676
2020-11-09T05:00:00Z,389.15,389.22,364.83,364.9,179079
2020-11-06T05:00:00Z,381.795,386.7,381.02,385.31,64310
2020-11-05T05:00:00Z,382.01,386.42,379.91,384.89,65850
2020-11-04T05:00:00Z,374.34,381.52,374.34,375.77,78380
2020-11-03T05:00:00Z,368.805,374.77,368.805,372.21,51256
2020-11-02T05:00:00Z,362.32,365.575,361.28,364.11,56759
2020-10-30T04:00:00Z,361.66,363.85,355.895,357.54,92590
2020-10-29T04:00:00Z,363.15,368.84,362.74,364.77,75056
2020-10-28T04:00:00Z,367.78,372.33,364.67,365,110495
2020-10-27T04:00:00Z,369.72,374.71,369.66,372.66,71254
2020-10-26T04:00:00Z,366.18,372.62,366.12,370.75,117094
2020-10-23T04:00:00Z,375.455,375.76,373.77,374.27,92310
2020-10-22T04:00:00Z,377.5,378.09,372.04,375.86,99052
2020-10-21T04:00:00Z,378.72,381.2,377.23,377.595,64443
2020-10-20T04:00:00Z,376.98,381.97,376.13,378.29,57079
2020-10-19T04:00:00Z,382.32,382.83,374.77,375.73,82164
2020-10-16T04:00:00Z,380.445,384.87,379.2,381.44,112867
2020-10-15T04:00:00Z,376.54,378.34,373.25,376.84,110168
2020-10-14T04:00:00Z,381.18,383.83,376.785,378.46,81063
2020-10-13T04:00:00Z,378.42,382.2,377,380.86,70339
2020-10-12T04:00:00Z,370.78,380.6,370.78,376.28,161502
2020-10-09T04:00:00Z,365.85,369.75,365.765,369.38,72529
2020-10-08T04:00:00Z,364.66,365.92,361.76,365.23,72625
2020-10-07T04:00:00Z,360.625,364.66,359.72,363,57958
2020-10-06T04:00:00Z,361.53,362.93,357.04,358.715,63549
2020-10-05T04:00:00Z,355.75,358.96,355.345,358.57,74398
2020-10-02T04:00:00Z,354.98,357.62,353.09,355.03,93166
2020-10-01T04:00:00Z,355.35,359.67,354.835,358.6,100938
2020-09-30T04:00:00Z,352.42,357.67,351.685,355.04,52636
2020-09-29T04:00:00Z,348.51,354.16,347.36,352.32,44810
2020-09-28T04:00:00Z,343.65,349.62,343.26,349.62,59963
2020-09-25T04:00:00Z,341.025,343.72,335.495,342.36,123819
2020-09-24T04:00:00Z,345.21,347.25,338.89,347,79899
2020-09-23T04:00:00Z,346.88,347.9,344.08,344.67,77444
2020-09-22T04:00:00Z,340,344.86,339.65,344.41,71258
2020-09-21T04:00:00Z,335.01,339.14,334.05,339.11,24669
2020-09-18T04:00:00Z,340.05,340.7,331.3,336.34,47032
2020-09-17T04:00:00Z,338.74,342.515,336.44,338.72,53272
2020-09-16T04:00:00Z,346.315,348.65,343.66,343.66,30781
2020-09-15T04:00:00Z,344.78,347.76,342.89,343.96,32146
2020-09-14T04:00:00Z,340.68,344.72,340.68,343.12,28963
2020-09-11T04:00:00Z,340.28,343.025,336.26,339.13,35267
2020-09-10T04:00:00Z,347.17,348,339.08,339.95,37405
2020-09-09T04:00:00Z,341.7,349.42,340.72,346.18,44534
2020-09-08T04:00:00Z,343.77,343.77,338.26,338.73,55367
2020-09-04T04:00:00Z,353.31,353.31,340.41,346.75,48094
2020-09-03T04:00:00Z,362.22,362.22,345.59,348.6,63094
2020-09-02T04:00:00Z,354.68,359.815,351.55,358.78,44815
2020-09-01T04:00:00Z,346.78,351.47,345.54,351.43,46977
2020-08-31T04:00:00Z,347.345,348.62,344.36,347.89,32330
2020-08-28T04:00:00Z,347.05,349.03,345.7,348.17,43230
2020-08-27T04:00:00Z,345.31,347.72,342.745,346.3,120428
2020-08-26T04:00:00Z,343.42,344.78,341.925,344.2,57692
2020-08-25T04:00:00Z,343.9,344.87,341.56,344.75,71950
2020-08-24T04:00:00Z,345.6,345.6,342.105,344.2,66791
2020-08-21T04:00:00Z,340.055,345.82,339.83,344.685,88475
2020-08-20T04:00:00Z,340.86,341.57,338.89,340.81,58565
2020-08-19T04:00:00Z,340.905,341.89,339.97,340.77,102629
2020-08-18T04:00:00Z,341.275,342.485,336.92,340.59,62500
2020-08-17T04:00:00Z,337.93,340.34,337.93,339.96,75977
2020-08-14T04:00:00Z,336.71,338.66,335.73,336.18,46321
2020-08-13T04:00:00Z,336.76,339.39,335.35,335.64,40085
2020-08-12T04:00:00Z,334.115,338.81,333.31,336.77,23315
2020-08-11T04:00:00Z,340.1,340.1,332.06,332.1,29634
2020-08-10T04:00:00Z,340.355,341.065,338.6,339.99,54343
2020-08-07T04:00:00Z,343.345,344.64,339.885,340.85,73300
2020-08-06T04:00:00Z,341.8,345.03,341.7,343.38,104092
2020-08-05T04:00:00Z,341.5,342.7,337.69,340.01,150956
2020-08-04T04:00:00Z,329.265,339.71,329.11,339.46,203878
2020-08-03T04:00:00Z,326,329.865,324.575,329.23,100272
2020-07-31T04:00:00Z,324.4,326.22,322.58,325.66,80202
2020-07-30T04:00:00Z,322.65,326.38,322.58,324.76,49558
2020-07-29T04:00:00Z,326.87,328.01,325.475,326.2,70972
2020-07-28T04:00:00Z,327.15,329.96,325.885,327.61,70262
2020-07-27T04:00:00Z,326.085,328.785,325.335,327.695,49167
