2024-06-14T04:00:00Z,382.49,388.08,381.51,385.26,110905
2024-06-13T04:00:00Z,386.98,389.515,381.23,382.81,133450
2024-06-12T04:00:00Z,390.42,390.42,378.97,387.13,131749
2024-06-11T04:00:00Z,373.38,384.895,370.22,384.715,181273
2024-06-10T04:00:00Z,367.95,384.38,367.37,374.46,484118
2024-06-07T04:00:00Z,342.49,349.8,337.71,349.23,116922
2024-06-06T04:00:00Z,343.27,349.08,336.5,340.5,116240
2024-06-05T04:00:00Z,333.505,342.52,316.67,342.36,254973
2024-06-04T04:00:00Z,309.43,311.66,303.555,305.51,138490
2024-06-03T04:00:00Z,319.25,319.25,305.525,308.77,65555
2024-05-31T04:00:00Z,329.27,329.27,306.6,313.78,100151
2024-05-30T04:00:00Z,345.36,345.36,314.3,315.88,130215
2024-05-29T04:00:00Z,342.31,353.4,342.31,349.36,73065
2024-05-28T04:00:00Z,358.2,358.35,343.835,346.625,87640
2024-05-24T04:00:00Z,342.03,355.64,341.28,351.43,82370
2024-05-23T04:00:00Z,349.52,349.62,341.29,342.24,57945
2024-05-22T04:00:00Z,350.77,352.65,342.92,345.37,78783
2024-05-21T04:00:00Z,342.43,351.485,340.96,349.6,54273
2024-05-20T04:00:00Z,345.63,349.435,344.91,348.765,65984
2024-05-17T04:00:00Z,339.47,346.19,339.1,345.935,87116
2024-05-16T04:00:00Z,342.98,343.78,338.83,339.03,57259
2024-05-15T04:00:00Z,331.995,344.285,331.27,343.09,83047
2024-05-14T04:00:00Z,319.485,330.75,319.485,329.7,94021
2024-05-13T04:00:00Z,322.495,322.495,316.85,319.16,62966
2024-05-10T04:00:00Z,320.52,327.495,318.71,320.71,87448
2024-05-09T04:00:00Z,311.61,318.19,310,317.99,57768
2024-05-08T04:00:00Z,311.66,318.955,309.05,313.53,87229
2024-05-07T04:00:00Z,317.47,321.515,311.83,312.49,116104
2024-05-06T04:00:00Z,307.62,317.83,304.88,317.83,75160
2024-05-03T04:00:00Z,306.34,311.34,300.01,310.21,179850
2024-05-02T04:00:00Z,304.325,307.91,298.24,303.55,142199
2024-05-01T04:00:00Z,291.925,302.42,288.97,295.46,105315
2024-04-30T04:00:00Z,302.965,302.965,292.52,292.54,71795
2024-04-29T04:00:00Z,312.465,313.59,302.37,304.105,59229
2024-04-26T04:00:00Z,300.805,305.455,298.74,304.18,50954
2024-04-25T04:00:00Z,289.81,299.73,288.285,298.02,85177
2024-04-24T04:00:00Z,301.84,304.19,294.825,297.5,85724
2024-04-23T04:00:00Z,292.63,302.81,292.54,299.795,81813
2024-04-22T04:00:00Z,287.195,291.06,281.57,289.175,76948
2024-04-19T04:00:00Z,290.56,291.36,281,282.65,81209
2024-04-18T04:00:00Z,292.72,297.345,290.6,294.04,82628
2024-04-17T04:00:00Z,303.76,303.76,291.93,293.71,71485
2024-04-16T04:00:00Z,297.17,301.42,297.17,299.17,53702
2024-04-15T04:00:00Z,309.75,312,298.45,299.47,73867
2024-04-12T04:00:00Z,314.27,314.27,307.03,309.06,95333
2024-04-11T04:00:00Z,313.2,317.89,310.925,317.66,75349
2024-04-10T04:00:00Z,305.81,314.93,305.81,312.59,55484
2024-04-09T04:00:00Z,314.9,315.13,308.94,310.66,55784
2024-04-08T04:00:00Z,315.56,315.56,310.8,313.75,37906
2024-04-05T04:00:00Z,310.285,317.2,310.13,315.42,42841
2024-04-04T04:00:00Z,323.46,325.69,308.99,309.19,70571
2024-04-03T04:00:00Z,315.21,323.535,315.21,319.945,57099
2024-04-02T04:00:00Z,312.92,319.685,311.17,319.52,55678
2024-04-01T04:00:00Z,319.22,320.43,313.88,319.535,41606
2024-03-28T04:00:00Z,322.62,327.62,320.04,320.52,58831
2024-03-27T04:00:00Z,333.535,333.61,317.61,322.165,109387
2024-03-26T04:00:00Z,326.75,332.49,324.01,329.95,49697
2024-03-25T04:00:00Z,325.49,328.9,321.37,324.67,44787
2024-03-22T04:00:00Z,326.74,328.37,319.85,327.51,76374
2024-03-21T04:00:00Z,325.71,333.08,322.77,329.44,77794
2024-03-20T04:00:00Z,318.95,328.37,318.585,326.88,89102
2024-03-19T04:00:00Z,317.76,321.37,310.93,320.71,92288
2024-03-18T04:00:00Z,320.63,322.29,316.15,321.12,78719
2024-03-15T04:00:00Z,325.01,325.01,315.64,315.74,104951
2024-03-14T04:00:00Z,333.41,337.63,325.53,328.79,109312
2024-03-13T04:00:00Z,328.63,334.57,325.87,332.16,94616
2024-03-12T04:00:00Z,318.85,333.755,317.54,329.29,116752
2024-03-11T04:00:00Z,318.42,323.3,316.18,317.38,109195
2024-03-08T05:00:00Z,330.99,341.53,322.595,323.01,154740
2024-03-07T05:00:00Z,330.15,331.615,315.43,329.66,238623
2024-03-06T05:00:00Z,359.63,364.305,324.04,329.645,508296
2024-03-05T05:00:00Z,304.145,306.875,289.86,297.95,261400
2024-03-04T05:00:00Z,317,317,311.43,313.82,129460
2024-03-01T05:00:00Z,317.64,317.9,309.35,314.5,186606
2024-02-29T05:00:00Z,326.06,328.87,321.845,323.79,114722
2024-02-28T05:00:00Z,316.84,321.64,314.71,320.85,66322
2024-02-27T05:00:00Z,324.34,328.95,320.98,321.1,98713
2024-02-26T05:00:00Z,311.96,323.23,310,321,100733
2024-02-23T05:00:00Z,314.09,316.855,308.92,311.62,96944
2024-02-22T05:00:00Z,304.72,313.54,297.01,310.66,124856
2024-02-21T05:00:00Z,282.92,294.455,275.15,292.23,211407
2024-02-20T05:00:00Z,324.8,326,315.19,323.775,128076
2024-02-16T05:00:00Z,331.855,331.91,325.47,329.3,53731
2024-02-15T05:00:00Z,337.75,337.75,327.175,331.13,74125
2024-02-14T05:00:00Z,328,334.84,326.56,334.56,54094
2024-02-13T05:00:00Z,307.245,326.13,302.45,322.45,156727
2024-02-12T05:00:00Z,328.73,329.98,320.75,321.37,114575
2024-02-09T05:00:00Z,329.745,336.82,326.72,329.41,140781
2024-02-08T05:00:00Z,316.71,323.86,314.2,323.08,103106
2024-02-07T05:00:00Z,307.82,320.94,306.72,317.81,117533
2024-02-06T05:00:00Z,305.58,307.25,295.68,302.02,56345
2024-02-05T05:00:00Z,306.09,307.485,295.86,302.66,90163
2024-02-02T05:00:00Z,299.69,305.11,297,303.51,65605
2024-02-01T05:00:00Z,297.025,299.88,294.51,299.16,66979
2024-01-31T05:00:00Z,297.31,298.38,290.96,292.5,87452
2024-01-30T05:00:00Z,301.55,302.36,298.495,301.24,106437
2024-01-29T05:00:00Z,294.4,300.665,294.4,300.55,91072
2024-01-26T05:00:00Z,290.43,293.62,286.82,290.49,114562
2024-01-25T05:00:00Z,305.71,306.05,290.81,293.36,106161
2024-01-24T05:00:00Z,298.71,307.44,298.71,300.31,94803
2024-01-23T05:00:00Z,298.525,299.19,291.92,297.175,80244
2024-01-22T05:00:00Z,299.85,301.98,295.41,298.67,121214
2024-01-19T05:00:00Z,284.67,290.82,283.81,290.51,105615
2024-01-18T05:00:00Z,282.64,284.25,279.27,283.225,62757
2024-01-17T05:00:00Z,279.56,283.15,272.88,276.25,167852
2024-01-16T05:00:00Z,279.39,286.93,279.195,286.24,82317
2024-01-12T05:00:00Z,286.13,290.08,282.53,283.39,70955
2024-01-11T05:00:00Z,284,287.43,280.61,284.43,133096
2024-01-10T05:00:00Z,276.1,282.22,275.42,282.1,146500
2024-01-09T05:00:00Z,265.35,276.245,265.35,273.89,174029
2024-01-08T05:00:00Z,251.58,261.6,251.57,261.28,111871
2024-01-05T05:00:00Z,245.04,249.42,244.715,247.48,77113
2024-01-04T05:00:00Z,245.73,247.515,243.73,245.67,88434
2024-01-03T05:00:00Z,240.31,248.72,238.71,244.27,86855
2024-01-02T05:00:00Z,250.6,252.27,243.05,246.89,105955
2023-12-29T05:00:00Z,255.31,256.585,252.025,255.35,53449
2023-12-28T05:00:00Z,257.09,257.21,255.11,256.12,28952
2023-12-27T05:00:00Z,258.265,259.41,255.73,257.41,46890
2023-12-26T05:00:00Z,255,258.2,255,258,48480
2023-12-22T05:00:00Z,255.55,256.65,253.78,255.68,44076
2023-12-21T05:00:00Z,253.775,257.69,250.99,257.41,99912
2023-12-20T05:00:00Z,256.58,259.57,253.9,253.99,63442
2023-12-19T05:00:00Z,259.735,260.63,256.32,258.4,168714
2023-12-18T05:00:00Z,260.7,261.48,257.69,259.75,88003
2023-12-15T05:00:00Z,257.01,260.7,254.51,260.06,127240
2023-12-14T05:00:00Z,254.3,257.25,248.24,252.66,156303
2023-12-13T05:00:00Z,249.39,253.09,247.3,252.02,114494
2023-12-12T05:00:00Z,244.57,250.21,243.5,248.44,94400
2023-12-11T05:00:00Z,241.78,249.11,241.78,246.91,117433
2023-12-08T05:00:00Z,237.64,243.43,237.63,242.545,77324
2023-12-07T05:00:00Z,238.56,240.605,234.51,240.18,77935
2023-12-06T05:00:00Z,239.6,244.57,238.13,239.35,162536
2023-12-05T05:00:00Z,234.21,239.05,233.455,238.99,83554
2023-12-04T05:00:00Z,234.05,237.78,230.98,237.42,104611
2023-12-01T05:00:00Z,235.27,236.54,229.92,235.03,189358
2023-11-30T05:00:00Z,229.38,238.13,229.37,237.12,187806
2023-11-29T05:00:00Z,219.865,235.6,219.14,234.39,319527
2023-11-28T05:00:00Z,208.26,214.625,207.4,212.38,159949
2023-11-27T05:00:00Z,209.25,213.05,207.725,210.015,153706
2023-11-24T05:00:00Z,208.16,212.62,207.95,210.76,47397
2023-11-22T05:00:00Z,209.42,210.6,206.62,209.66,77015
2023-11-21T05:00:00Z,207.49,209.28,206.06,209.03,81380
2023-11-20T05:00:00Z,208.095,208.96,206.105,207.67,91466
2023-11-17T05:00:00Z,203.48,207.76,203.48,207.07,48225
2023-11-16T05:00:00Z,199.2,206.835,199.03,204.27,155850
2023-11-15T05:00:00Z,208.76,209.98,202.89,204.27,138773
2023-11-14T05:00:00Z,204,208.71,203.56,207.97,135740
2023-11-13T05:00:00Z,197.81,201.48,197.375,201.06,101618
2023-11-10T05:00:00Z,192.025,196.9,192.025,196.33,49606
2023-11-09T05:00:00Z,193.17,193.755,189.38,190.85,76251
2023-11-08T05:00:00Z,192.41,194.56,191.37,193.91,77861
2023-11-07T05:00:00Z,191,194.68,189.78,192.43,95778
2023-11-06T05:00:00Z,188.98,189.405,183.68,186.84,97466
2023-11-03T04:00:00Z,182.845,188.74,178.46,188.31,145652
2023-11-02T04:00:00Z,181.99,184.55,179.94,182.89,112775
2023-11-01T04:00:00Z,178.425,179.16,174.83,178.54,50341
2023-10-31T04:00:00Z,175.79,177.51,172.58,176.78,47787
2023-10-30T04:00:00Z,174.45,175.54,171.845,174.67,57777
2023-10-27T04:00:00Z,175,175,171.44,172.9,74784
2023-10-26T04:00:00Z,175.945,177.82,170.27,171.73,124380
2023-10-25T04:00:00Z,181.63,181.84,175.29,175.435,89017
2023-10-24T04:00:00Z,181.12,183.96,180.28,182.87,52432
2023-10-23T04:00:00Z,175.925,181.11,173.35,179.16,112903
2023-10-20T04:00:00Z,182.545,183.31,176.35,178.76,129179
2023-10-19T04:00:00Z,191.815,191.815,184,184.52,146236
2023-10-18T04:00:00Z,186.18,189.25,186.18,187.83,58444
2023-10-17T04:00:00Z,185.47,190.23,185.47,187.15,92948
2023-10-16T04:00:00Z,184.95,189.48,183.49,187.67,78115
2023-10-13T04:00:00Z,188.05,189,185.42,185.69,94997
2023-10-12T04:00:00Z,187.945,190.27,185.035,187.68,82304
2023-10-11T04:00:00Z,183.985,188.61,183.71,188.26,112045
2023-10-10T04:00:00Z,181.57,185.15,181,183.88,129953
2023-10-09T04:00:00Z,176.72,185.24,176.72,181.79,195155
2023-10-06T04:00:00Z,164.02,176.93,164.02,176.65,229571
2023-10-05T04:00:00Z,164.11,166.08,160.96,165.32,75488
2023-10-04T04:00:00Z,164.09,164.91,162.43,164.03,71905
2023-10-03T04:00:00Z,168.05,168.65,160.915,162.05,177410
2023-10-02T04:00:00Z,167.83,171.96,167.35,169.52,97286
2023-09-29T04:00:00Z,167.59,169.49,167.05,167.46,100719
2023-09-28T04:00:00Z,162.53,166.14,161.535,165.29,82596
2023-09-27T04:00:00Z,161.55,164.645,160.79,163.06,138121
2023-09-26T04:00:00Z,158.29,160.98,157.65,160.455,85320
2023-09-25T04:00:00Z,161.86,161.86,159.28,159.91,97863
2023-09-22T04:00:00Z,163.09,166.45,162.11,162.59,131777
2023-09-21T04:00:00Z,168.07,170.7,159.58,162.53,305241
2023-09-20T04:00:00Z,165.45,168.51,163.88,163.915,88807
2023-09-19T04:00:00Z,167.165,167.405,162.91,165.48,97829
2023-09-18T04:00:00Z,164.98,168.6,164.22,166.97,91300
2023-09-15T04:00:00Z,166.81,167.96,163.47,165.45,180767
2023-09-14T04:00:00Z,169.27,171.79,168.725,170.72,85431
2023-09-13T04:00:00Z,169.49,170.71,168.35,168.54,91846
2023-09-12T04:00:00Z,170.48,172.28,168.28,169.74,78090
2023-09-11T04:00:00Z,169.235,172.64,168.84,172.305,93212
2023-09-08T04:00:00Z,166.555,169.22,166.47,168.14,76469
2023-09-07T04:00:00Z,164.32,167.89,163.55,166.69,95557
2023-09-06T04:00:00Z,164.77,168.04,164.105,166.225,102093
2023-09-05T04:00:00Z,160.86,165.53,160.53,165.36,83858
2023-09-01T04:00:00Z,162.795,166.09,160.34,161.205,143202
2023-08-31T04:00:00Z,153.81,164.38,153.81,163.09,359834
2023-08-30T04:00:00Z,147,150.13,145.38,149.205,153259
2023-08-29T04:00:00Z,142.59,148.325,142,146.69,152409
2023-08-28T04:00:00Z,146,147.92,142.5,144.1,205207
2023-08-25T04:00:00Z,145.57,150.39,144.995,149.58,86580
2023-08-24T04:00:00Z,154.29,154.55,145.29,145.46,143231
2023-08-23T04:00:00Z,153.27,155.375,151.75,153.8,66662
2023-08-22T04:00:00Z,154.68,154.68,151.71,152.32,56363
2023-08-21T04:00:00Z,150.65,154.98,150.65,153.88,121778
2023-08-18T04:00:00Z,141.545,147.27,140.76,146.81,141183
2023-08-17T04:00:00Z,148.44,148.64,143.95,144.36,179893
2023-08-16T04:00:00Z,149.325,151.19,147.86,149,103015
2023-08-15T04:00:00Z,150.44,151.63,149.21,149.66,80326
2023-08-14T04:00:00Z,147.525,152.47,146.73,152.38,93700
2023-08-11T04:00:00Z,147.135,150,147.135,148.14,86206
2023-08-10T04:00:00Z,147.185,150.97,146.79,147.87,100984
2023-08-09T04:00:00Z,145.28,146.94,144.305,145.5,87066
2023-08-08T04:00:00Z,146.29,147.62,142.98,145.92,181552
2023-08-07T04:00:00Z,151.17,151.9,147.95,150.99,58523
2023-08-04T04:00:00Z,155.75,155.97,148.63,150.54,152901
2023-08-03T04:00:00Z,153.725,158.41,153.33,157.515,69421
2023-08-02T04:00:00Z,161.01,161.01,152.795,154.74,134807
2023-08-01T04:00:00Z,160.84,166.955,159.03,166.01,148975
2023-07-31T04:00:00Z,157.99,163.365,157.99,161.55,136549
2023-07-28T04:00:00Z,155.66,156.98,153.56,155.53,97154
2023-07-27T04:00:00Z,157.27,157.98,152.22,152.93,107886
2023-07-26T04:00:00Z,150.26,154.89,148.48,154.66,123497
2023-07-25T04:00:00Z,150.905,153.34,150.905,151.01,106923
2023-07-24T04:00:00Z,151.31,151.49,147.18,149.65,301010
2023-07-21T04:00:00Z,149.795,152.33,148.925,150.89,127516
2023-07-20T04:00:00Z,154.8,156.08,147.52,148.06,218758
2023-07-19T04:00:00Z,154.895,161.44,154.895,157.645,206521
2023-07-18T04:00:00Z,153.24,154.18,150.78,153.01,82013
2023-07-17T04:00:00Z,149.125,155.53,148.56,152.69,144836
2023-07-14T04:00:00Z,150.81,152.12,148.97,149.435,101008
2023-07-13T04:00:00Z,147.8,153.48,147.645,150.72,156996
2023-07-12T04:00:00Z,153.54,153.54,144.4,146.1,214785
2023-07-11T04:00:00Z,151.02,152.68,149.515,150.76,137279
2023-07-10T04:00:00Z,143.53,149.95,143.53,149.94,164747
2023-07-07T04:00:00Z,143.86,146.76,143.69,144.035,118387
2023-07-06T04:00:00Z,142.86,143.7,139.42,143.61,170593
2023-07-05T04:00:00Z,145.835,147.21,144.95,145.17,101118
2023-07-03T04:00:00Z,147.15,147.55,145.04,145.96,71610
2023-06-30T04:00:00Z,145.125,149.3,145.09,146.9,117702
2023-06-29T04:00:00Z,145.34,146.49,143.17,143.92,77494
2023-06-28T04:00:00Z,144.25,145.95,142.52,144.98,119936
2023-06-27T04:00:00Z,142.99,145.03,142.12,144.3,145369
2023-06-26T04:00:00Z,142.895,145.09,141.61,141.8,88176
2023-06-23T04:00:00Z,142.92,144.95,142.31,143.625,97710
2023-06-22T04:00:00Z,142.16,146.87,142.055,145.82,156001
2023-06-21T04:00:00Z,150.45,151.33,143.42,143.86,231075
2023-06-20T04:00:00Z,153.21,155.56,150.34,152.13,128155
2023-06-16T04:00:00Z,162.25,162.25,154.93,155.16,120942
2023-06-15T04:00:00Z,153.115,161.16,152.35,159.74,187888
2023-06-14T04:00:00Z,153.12,154,150.76,153.97,100596
2023-06-13T04:00:00Z,153.655,154.14,150.61,153.12,118860
2023-06-12T04:00:00Z,149.925,151.59,149.02,151.1,87899
2023-06-09T04:00:00Z,153.315,153.8,146.87,149.54,125876
2023-06-08T04:00:00Z,149.43,151.68,149.14,151.28,80467
2023-06-07T04:00:00Z,154.4,155.68,148.49,149.26,177131
2023-06-06T04:00:00Z,153.87,155.64,152.42,153.03,84472
2023-06-05T04:00:00Z,151.05,154.73,148.3,154.09,131206
2023-06-02T04:00:00Z,158.67,159.24,150.57,151.31,271008
2023-06-01T04:00:00Z,146.1,159.74,142.55,157.545,553723
2023-05-31T04:00:00Z,159.11,161.7,157.13,160.025,301268
2023-05-30T04:00:00Z,159.405,160.65,155.12,158.57,313351
2023-05-26T04:00:00Z,150.445,158.15,150.255,154.105,227476
2023-05-25T04:00:00Z,150.695,150.845,147.48,149.605,102765
2023-05-24T04:00:00Z,143.93,149.445,143.81,149.28,189864
2023-05-23T04:00:00Z,146.255,148.58,143.79,143.93,150677
2023-05-22T04:00:00Z,144.38,148.48,144.03,147.42,126497
2023-05-19T04:00:00Z,142.75,148.275,142.425,144.73,233306
2023-05-18T04:00:00Z,137.52,141.96,137.52,141.85,148597
2023-05-17T04:00:00Z,134.92,139.08,133.665,137.21,142971
2023-05-16T04:00:00Z,133.85,135.61,133.34,134.04,79085
2023-05-15T04:00:00Z,130.745,135.91,130.695,135.54,176683
2023-05-12T04:00:00Z,132.67,132.85,129.31,130.25,73569
2023-05-11T04:00:00Z,134.395,134.755,131.27,132.18,151440
2023-05-10T04:00:00Z,132.425,135.84,131.085,133.77,189856
2023-05-09T04:00:00Z,132.405,134.05,129.235,129.95,165426
2023-05-08T04:00:00Z,126.14,132.88,125.595,132.43,273200
2023-05-05T04:00:00Z,119.705,123.22,119.275,122.39,116162
2023-05-04T04:00:00Z,117.82,120.035,117.58,117.81,79802
2023-05-03T04:00:00Z,117.42,118.99,116.81,117.65,76854
2023-05-02T04:00:00Z,118.45,118.45,116.08,116.72,156206
2023-05-01T04:00:00Z,118.745,119.84,116.93,118.775,132572
2023-04-28T04:00:00Z,123.035,123.91,119.47,120.02,174154
2023-04-27T04:00:00Z,125.24,127.38,123.71,126.06,122296
2023-04-26T04:00:00Z,123.72,125.9,123.1,124.21,125538
2023-04-25T04:00:00Z,127.925,128.415,121.9,122.19,231824
2023-04-24T04:00:00Z,132.495,133.7,129.06,130.39,88209
2023-04-21T04:00:00Z,130.48,132.74,130.44,132.27,90152
2023-04-20T04:00:00Z,131.23,131.77,129.13,129.775,144319
2023-04-19T04:00:00Z,135.075,135.66,132.045,132.83,160588
2023-04-18T04:00:00Z,139.495,139.5,136.17,136.4,61219
2023-04-17T04:00:00Z,136.06,137.78,134.82,137.38,101179
2023-04-14T04:00:00Z,134.485,136.55,133.91,135.75,117617
2023-04-13T04:00:00Z,136.75,140.14,135.73,136.08,158072
2023-04-12T04:00:00Z,132.68,137.13,131.29,134.985,229477
2023-04-11T04:00:00Z,127.58,131.62,127.34,130,176400
2023-04-10T04:00:00Z,126.71,128.165,124.6,128.07,104049
2023-04-06T04:00:00Z,126.01,128.11,123.74,127.845,140860
2023-04-05T04:00:00Z,135.3,135.41,125.77,127.82,282582
2023-04-04T04:00:00Z,137.6,138.65,135.755,136.83,136622
2023-04-03T04:00:00Z,135.85,137.51,134.41,136.62,107410
2023-03-31T04:00:00Z,132.46,138.2,132.46,137.28,161102
2023-03-30T04:00:00Z,130.81,133.46,130.02,131.69,119682
2023-03-29T04:00:00Z,130.585,131.33,128.715,129.51,73162
2023-03-28T04:00:00Z,131.28,131.56,127.565,128.63,96176
2023-03-27T04:00:00Z,131.97,133.21,130.37,131.4,78178
2023-03-24T04:00:00Z,134,134.69,130.8,131.55,92969
2023-03-23T04:00:00Z,135.5,138.2,133.155,134.54,125965
2023-03-22T04:00:00Z,135.51,137.74,133.34,133.34,243871
2023-03-21T04:00:00Z,131.915,136.86,131.365,136,160976
2023-03-20T04:00:00Z,132.4,133.28,130.28,132.74,246121
2023-03-17T04:00:00Z,133.58,136.4,131.92,133.16,145986
2023-03-16T04:00:00Z,130.26,134.07,129.625,133.51,272660
2023-03-15T04:00:00Z,127.36,130.09,126.56,129.26,207813
2023-03-14T04:00:00Z,124.88,128.14,122.93,128.025,208885
2023-03-13T04:00:00Z,118.97,123.57,118.29,121.4,173212
2023-03-10T05:00:00Z,119.9,124.45,118.2,119.69,256478
2023-03-09T05:00:00Z,127.93,130.09,121.565,121.69,254343
2023-03-08T05:00:00Z,133,134.9,125.035,129.01,561130
2023-03-07T05:00:00Z,126.8,128.56,124.55,124.94,287788
2023-03-06T05:00:00Z,129.855,130,127.44,127.59,269410
2023-03-03T05:00:00Z,123.1,127.09,121.775,126.23,185172
2023-03-02T05:00:00Z,119.25,123.93,118.71,123.655,136905
2023-03-01T05:00:00Z,120.39,121.04,118.71,120.19,91855
2023-02-28T05:00:00Z,120.72,122.65,120.17,120.66,105004
2023-02-27T05:00:00Z,118.76,123.15,118.3,120.63,181095
2023-02-24T05:00:00Z,115.52,118.73,115.36,117.28,246282
2023-02-23T05:00:00Z,119.81,120.48,114.85,117.5,265710
2023-02-22T05:00:00Z,114.42,118.31,113.22,117.64,147102
2023-02-21T05:00:00Z,112.5,114.56,111.56,112.45,146009
2023-02-17T05:00:00Z,113.7,114.28,110.51,114.19,154252
2023-02-16T05:00:00Z,117.875,118.68,115.12,115.14,117196
2023-02-15T05:00:00Z,116.72,120.56,115.36,120.52,223415
2023-02-14T05:00:00Z,111.81,116.63,111.54,116.3,231083
2023-02-13T05:00:00Z,110.21,113.24,108.715,112.12,123576
2023-02-10T05:00:00Z,111.89,112.31,107.6,108.98,236174
2023-02-09T05:00:00Z,116.7,117.71,113.2,113.44,156644
2023-02-08T05:00:00Z,118,119.17,114.4,114.48,313963
2023-02-07T05:00:00Z,109.595,115.06,107.77,114.54,184355
2023-02-06T05:00:00Z,111.39,114.87,108.86,109.41,173453
2023-02-03T05:00:00Z,112.51,117.41,112.45,113.58,221931
2023-02-02T05:00:00Z,117.22,117.235,113.94,115.94,318517
2023-02-01T05:00:00Z,106.05,111.62,105.14,110.54,254531
2023-01-31T05:00:00Z,100.96,105.9,100.96,105.88,252096
2023-01-30T05:00:00Z,102.87,103.44,100.89,101.38,257674
2023-01-27T05:00:00Z,103.68,105.84,102.53,104.35,329755
2023-01-26T05:00:00Z,102.63,104.49,100.88,104.44,484431
2023-01-25T05:00:00Z,101.46,101.93,97.28,100.82,393876
2023-01-24T05:00:00Z,106.91,108.93,104.15,104.55,208683
2023-01-23T05:00:00Z,102.16,106.33,102.15,106.28,164981
2023-01-20T05:00:00Z,100.565,103.73,99.57,103.36,170607
2023-01-19T05:00:00Z,99.365,101.73,98.23,99.84,256042
2023-01-18T05:00:00Z,106.77,107.33,100.91,100.95,224252
2023-01-17T05:00:00Z,100.04,105.72,98.16,104.42,324430
2023-01-13T05:00:00Z,96.26,99.91,96.2,99.48,163810
2023-01-12T05:00:00Z,96.91,98.04,92.77,98,211499
2023-01-11T05:00:00Z,96.92,98.49,94.89,96.99,264942
2023-01-10T05:00:00Z,94.75,96,92.32,95.65,368676
2023-01-09T05:00:00Z,97.04,99.77,95.87,96.54,402184
2023-01-06T05:00:00Z,94.38,95.93,92.345,94.71,274188
2023-01-05T05:00:00Z,97.47,97.795,94.54,94.85,438331
2023-01-04T05:00:00Z,104.2,106.86,102.59,104.38,149671
2023-01-03T05:00:00Z,107.45,108.42,101.75,103.26,113782
2022-12-30T05:00:00Z,103.31,106.03,103.11,105.325,135067
2022-12-29T05:00:00Z,101.01,105.45,100.56,104.56,161265
2022-12-28T05:00:00Z,99.57,101.62,98.72,99.97,164244
2022-12-27T05:00:00Z,101.21,102.315,99.43,100.7,171644
2022-12-23T05:00:00Z,102.99,102.99,100.95,101.98,144384
2022-12-22T05:00:00Z,104.775,105.56,101.9,103.99,201238
2022-12-21T05:00:00Z,107.985,109.1,104.54,107.35,341176
2022-12-20T05:00:00Z,106.41,110.42,106.19,109.84,132948
2022-12-19T05:00:00Z,111.045,111.285,107.59,108.11,189361
2022-12-16T05:00:00Z,114.2,114.9,110.85,111.47,177825
2022-12-15T05:00:00Z,118.39,120.85,114.74,115.01,128074
2022-12-14T05:00:00Z,121.36,123.78,118.92,120.52,234215
2022-12-13T05:00:00Z,124.52,125.36,118.45,121.06,241141
2022-12-12T05:00:00Z,114.88,118.55,114.4,118.55,159226
2022-12-09T05:00:00Z,113.92,116.825,113.065,115.05,122543
2022-12-08T05:00:00Z,113.7,116.31,111.92,114.26,151192
2022-12-07T05:00:00Z,114.33,114.84,110.37,113.14,212727
2022-12-06T05:00:00Z,118.22,118.56,113,113.81,227827
2022-12-05T05:00:00Z,122.86,124.245,116.715,118.37,250296
2022-12-02T05:00:00Z,121.555,125.44,120.885,124.01,609795
2022-12-01T05:00:00Z,118.71,124.89,118.71,124.07,467462
2022-11-30T05:00:00Z,112.27,117.77,108.98,117.57,1024012
2022-11-29T05:00:00Z,140.14,140.32,136.33,138.09,265746
2022-11-28T05:00:00Z,138.94,140.82,136.69,139.55,196317
2022-11-25T05:00:00Z,139,141.24,138.67,140.14,45781
2022-11-23T05:00:00Z,135.555,141.58,134.69,140.89,134790
2022-11-22T05:00:00Z,135.66,136.29,132.67,135.78,161768
2022-11-21T05:00:00Z,136.72,137.48,134.55,135.57,159992
2022-11-18T05:00:00Z,146.57,146.575,137.24,139,310579
2022-11-17T05:00:00Z,138.41,141.3,137.9,139.33,190523
2022-11-16T05:00:00Z,146.22,147.51,142.28,143.7,100437
2022-11-15T05:00:00Z,148.91,151.36,146.17,148.32,191673
2022-11-14T05:00:00Z,141.79,144.06,138.54,142.01,130647
2022-11-11T05:00:00Z,136.89,144.82,135.42,143.12,231261
2022-11-10T05:00:00Z,132.89,135.93,130.985,135.84,259194
2022-11-09T05:00:00Z,124.4,124.41,120.56,122.42,151838
2022-11-08T05:00:00Z,125.94,129.8,120.6,127.03,205988
2022-11-07T05:00:00Z,129.26,129.405,122.955,124.68,266086
2022-11-04T04:00:00Z,141,141,126.48,127.53,449892
2022-11-03T04:00:00Z,145.7,146.03,139.75,141.54,214412
2022-11-02T04:00:00Z,161.08,161.08,147.98,148.02,233365
2022-11-01T04:00:00Z,165.2,168.3,159.86,160.54,110498
2022-10-31T04:00:00Z,161.47,164.12,160.49,161.18,107820
2022-10-28T04:00:00Z,162.855,164.82,158.86,163.69,149200
2022-10-27T04:00:00Z,165.55,167.98,162.58,164.72,90936
2022-10-26T04:00:00Z,157.86,167.21,156.88,161.84,127703
2022-10-25T04:00:00Z,159.22,164.53,159.22,162.09,101717
2022-10-24T04:00:00Z,157.68,158.615,154.26,158.05,111647
2022-10-21T04:00:00Z,152.47,156.93,148.67,156.29,131735
2022-10-20T04:00:00Z,153.85,158.4,152.33,153.81,114886
2022-10-19T04:00:00Z,155.41,157.01,151.76,152.59,106578
2022-10-18T04:00:00Z,159.045,161.48,154.9,156.84,209609
2022-10-17T04:00:00Z,150.27,153.985,148.07,151.61,155421
2022-10-14T04:00:00Z,156.33,156.43,145.85,146.03,185785
2022-10-13T04:00:00Z,145.85,155.35,142.46,152.6,176293
2022-10-12T04:00:00Z,154.4,155.36,149.54,152.94,118583
2022-10-11T04:00:00Z,158.66,160.18,152,155.85,169202
2022-10-10T04:00:00Z,171.675,171.71,160.36,161.1,162990
2022-10-07T04:00:00Z,174.2,175.2,170.36,171.89,147055
2022-10-06T04:00:00Z,178.36,181.51,176.83,178.46,120813
2022-10-05T04:00:00Z,170.92,178.28,170.4,176.69,134950
2022-10-04T04:00:00Z,174.39,178.47,173.03,175.15,156140
2022-10-03T04:00:00Z,166.63,170.68,164.02,169.3,139448
2022-09-30T04:00:00Z,165.95,171.59,164.62,164.65,157111
2022-09-29T04:00:00Z,163.35,166.17,160.96,165.73,83019
2022-09-28T04:00:00Z,164.13,167.875,162.615,167.2,115896
2022-09-27T04:00:00Z,163.63,164.8,160.16,162.62,101876
2022-09-26T04:00:00Z,161.2,165.64,159.15,159.36,171440
2022-09-23T04:00:00Z,159.55,161.435,157.18,160.36,174721
2022-09-22T04:00:00Z,167.43,168.78,159.78,161.37,207447
2022-09-21T04:00:00Z,173.59,176.5,169.29,169.35,192656
2022-09-20T04:00:00Z,173.81,175.78,172.64,173.86,125698
2022-09-19T04:00:00Z,170.2,175.77,170.2,175.35,121505
2022-09-16T04:00:00Z,174.16,175.055,169.4,171,204448
2022-09-15T04:00:00Z,181.51,184.96,177.92,178.93,212268
2022-09-14T04:00:00Z,185,185.43,181.555,184.04,195671
2022-09-13T04:00:00Z,186.445,189.1,183.11,184.64,215934
2022-09-12T04:00:00Z,191.59,195.29,191.59,195.03,168783
2022-09-09T04:00:00Z,183.845,191.48,183.845,190.88,184466
2022-09-08T04:00:00Z,170.33,179.88,170.21,179.88,128607
2022-09-07T04:00:00Z,170.82,173.09,166.81,172.03,149649
2022-09-06T04:00:00Z,172.32,172.6,168.715,171.07,186515
2022-09-02T04:00:00Z,174.4,177.06,170.945,172.4,202372
2022-09-01T04:00:00Z,178.67,179.9,169.16,172.92,283644
2022-08-31T04:00:00Z,197.21,197.81,178.53,182.57,621815
2022-08-30T04:00:00Z,196.32,198.02,189.13,193.13,273084
2022-08-29T04:00:00Z,191.24,196.68,191.04,191.93,124103
2022-08-26T04:00:00Z,200.945,202.4,194.55,194.61,174420
2022-08-25T04:00:00Z,199.295,203.62,197.65,202.89,192049
2022-08-24T04:00:00Z,196.46,199.36,194.66,194.66,153606
2022-08-23T04:00:00Z,192,193.73,190.24,192.37,139380
2022-08-22T04:00:00Z,185.44,188.485,184.19,185.86,134959
2022-08-19T04:00:00Z,192.45,192.87,188.62,190.56,154271
2022-08-18T04:00:00Z,195.33,197.24,193.81,195.74,69696
2022-08-17T04:00:00Z,196.46,198.39,194.33,196.88,96889
2022-08-16T04:00:00Z,199.57,201,195.8,200.39,147405
2022-08-15T04:00:00Z,199.21,202.845,196.36,201.78,122048
2022-08-12T04:00:00Z,201.06,202.47,199.11,200.86,74983
2022-08-11T04:00:00Z,204.23,205.65,196.11,198.14,133825
2022-08-10T04:00:00Z,193.34,201.5,193.34,200.79,254120
2022-08-09T04:00:00Z,187.9,189.57,184.85,186.75,95026
2022-08-08T04:00:00Z,193.65,197.29,188.95,189.59,189523
2022-08-05T04:00:00Z,185.58,192.58,184.94,191.02,131308
2022-08-04T04:00:00Z,190.71,191.225,182.61,189.23,246562
2022-08-03T04:00:00Z,192.8,197.14,191.5,195.24,191861
2022-08-02T04:00:00Z,180.695,189.57,180.695,188.25,226692
2022-08-01T04:00:00Z,180.54,187.48,179.24,183.27,108909
2022-07-29T04:00:00Z,182.41,183.85,178.11,183.61,125754
2022-07-28T04:00:00Z,176.82,182.49,175.01,182.06,123188
2022-07-27T04:00:00Z,175.5,178.54,171.98,177.02,153879
2022-07-26T04:00:00Z,181.88,181.88,168.14,169.19,203334
2022-07-25T04:00:00Z,182.41,183.86,178.72,182.64,75484
2022-07-22T04:00:00Z,190.14,193.81,181.98,183.58,122529
2022-07-21T04:00:00Z,183.77,189.185,181.61,188.95,90547
2022-07-20T04:00:00Z,182.28,187.54,181.425,184.23,175539
2022-07-19T04:00:00Z,180.325,180.66,174.7,180.57,91143
2022-07-18T04:00:00Z,181.58,183.14,176.73,177.23,117001
2022-07-15T04:00:00Z,174.53,179.2,171.22,177.9,124161
2022-07-14T04:00:00Z,172.67,174.62,167.8,172.79,142908
2022-07-13T04:00:00Z,170.875,178.74,168.39,175.14,138134
2022-07-12T04:00:00Z,187.19,189.93,172.92,174.34,229175
2022-07-11T04:00:00Z,188,188.14,181.15,185.35,130518
2022-07-08T04:00:00Z,184.7,194.705,184.27,190.36,164845
2022-07-07T04:00:00Z,185.32,192.8,185.32,190.2,218906
2022-07-06T04:00:00Z,187.86,190.7,183.11,185.97,168735
2022-07-05T04:00:00Z,179.29,188.97,175.76,187.03,309167
2022-07-01T04:00:00Z,168.62,179.61,167.77,179.21,194628
2022-06-30T04:00:00Z,174.185,174.185,163.61,168.56,233380
2022-06-29T04:00:00Z,174.81,177.72,172.04,175.93,111509
2022-06-28T04:00:00Z,181.02,183.51,171.77,174.33,213350
2022-06-27T04:00:00Z,185.46,185.46,177.7,181.9,184735
2022-06-24T04:00:00Z,177.8,188.575,177.47,185.04,268641
2022-06-23T04:00:00Z,169,176.45,166.86,174.91,188713
2022-06-22T04:00:00Z,162.465,171.67,162.465,165.77,144058
2022-06-21T04:00:00Z,165.135,170.84,163.34,164.6,177777
2022-06-17T04:00:00Z,160.41,165.42,158.9,163.9,193544
2022-06-16T04:00:00Z,157.335,161.31,153.76,157.27,164263
2022-06-15T04:00:00Z,160.73,167.36,159.66,164.27,135285
2022-06-14T04:00:00Z,157.69,162.24,153.93,159.205,153305
2022-06-13T04:00:00Z,158.59,160.88,150.64,154.58,305714
2022-06-10T04:00:00Z,168.01,170.4,165.18,169.48,200524
2022-06-09T04:00:00Z,176.32,179.54,173.62,173.62,105576
2022-06-08T04:00:00Z,176,180.45,175.45,178.84,109363
2022-06-07T04:00:00Z,166.43,181.81,166.43,176.66,250663
2022-06-06T04:00:00Z,167.49,171,162.71,168.89,194647
2022-06-03T04:00:00Z,166,170.77,160.69,162.03,427413
2022-06-02T04:00:00Z,161.245,176.56,161.245,174.13,344467
2022-06-01T04:00:00Z,162.98,167.855,158.36,161.455,178736
2022-05-31T04:00:00Z,167.57,170.31,158.17,159.99,297365
2022-05-27T04:00:00Z,159.1,167.31,159,166.88,266699
2022-05-26T04:00:00Z,145.7,160.23,145.4,155.84,304963
2022-05-25T04:00:00Z,138.21,148.74,138.21,146.6,242589
2022-05-24T04:00:00Z,146.44,148.2,137.18,139.88,268700
2022-05-23T04:00:00Z,147.99,153.92,145.08,149.14,136441
2022-05-20T04:00:00Z,152.19,156.535,142.15,148.76,355479
2022-05-19T04:00:00Z,138.73,148.72,136.88,142.65,213566
2022-05-18T04:00:00Z,144.54,147.74,136.37,138.51,286545
2022-05-17T04:00:00Z,151.68,154.78,140.97,147.18,265162
2022-05-16T04:00:00Z,153.34,157.68,144.88,146.18,141438
2022-05-13T04:00:00Z,143.74,157.635,143.64,156.15,363599
2022-05-12T04:00:00Z,134,144.82,130.03,139.78,355102
2022-05-11T04:00:00Z,146.8,152.28,136.86,137.4,320957
2022-05-10T04:00:00Z,150.765,153.985,139.75,151.64,359751
2022-05-09T04:00:00Z,159.25,159.99,142.06,143.695,618334
2022-05-06T04:00:00Z,177.6,178.11,160.79,164.94,670879
2022-05-05T04:00:00Z,198.5,198.5,177.2,180.98,300358
2022-05-04T04:00:00Z,198.6,200.625,181.43,200.42,374821
2022-05-03T04:00:00Z,203.63,207.79,195.18,199.44,174518
2022-05-02T04:00:00Z,198.75,204.44,196.71,203.77,121084
2022-04-29T04:00:00Z,207.22,211.59,197.89,198.85,132371
2022-04-28T04:00:00Z,204.27,209.83,199,206.98,166987
2022-04-27T04:00:00Z,200.09,206.91,198.78,201,128135
2022-04-26T04:00:00Z,211.47,211.47,201.1,201.24,204656
2022-04-25T04:00:00Z,202.22,216.225,202.22,214.59,136471
2022-04-22T04:00:00Z,209.01,213.995,203.76,205.61,113800
2022-04-21T04:00:00Z,223.88,227.1,208.07,209.895,183815
2022-04-20T04:00:00Z,229.305,231.69,217.545,222.5,169110
2022-04-19T04:00:00Z,224.15,230.76,222.69,228.61,125373
2022-04-18T04:00:00Z,233.84,233.84,222.27,224.98,159081
2022-04-14T04:00:00Z,237.985,239.52,235.13,235.13,212723
2022-04-13T04:00:00Z,224.11,241.885,224.11,239.86,425061
2022-04-12T04:00:00Z,227.15,235.765,222.56,223.52,271618
2022-04-11T04:00:00Z,214.03,219.88,208.52,216.7,155910
2022-04-08T04:00:00Z,221.5,227.36,215.43,218.36,346030
2022-04-07T04:00:00Z,210.43,221.4,210.43,217,187068
2022-04-06T04:00:00Z,213.445,215.24,207.28,211.29,363174
2022-04-05T04:00:00Z,229.94,230.31,217.965,219.91,248466
2022-04-04T04:00:00Z,228.475,230.01,225.68,229.03,230493
2022-04-01T04:00:00Z,226.26,232.8,224.53,227.84,289593
2022-03-31T04:00:00Z,225.57,232.35,223.66,227.09,190673
2022-03-30T04:00:00Z,220.64,231.4,218.51,224.93,245021
2022-03-29T04:00:00Z,224.61,225.35,213.76,222.86,257606
2022-03-28T04:00:00Z,220.03,225.7,217.02,222.12,141685
2022-03-25T04:00:00Z,225,225.4,216.88,222,124470
2022-03-24T04:00:00Z,220.11,223.49,215.4,223.49,142775
2022-03-23T04:00:00Z,212.385,223.94,210.885,219.43,267480
2022-03-22T04:00:00Z,204.96,219.74,204.88,217.22,338609
2022-03-21T04:00:00Z,203.02,205.28,195.66,204.06,386908
2022-03-18T04:00:00Z,201.27,209.49,200.82,208.12,341815
2022-03-17T04:00:00Z,188.73,205.02,188.44,204.04,304373
2022-03-16T04:00:00Z,191.745,197.66,181.445,189.68,436356
2022-03-15T04:00:00Z,185.01,189.02,178.33,188.69,321514
2022-03-14T04:00:00Z,187.715,191.535,178.01,183.22,377988
2022-03-11T05:00:00Z,190.52,196.75,190.38,190.54,330494
2022-03-10T05:00:00Z,187.69,198.51,182.63,191.02,737593
2022-03-09T05:00:00Z,161.41,170.83,157.995,170.075,484511
2022-03-08T05:00:00Z,164.66,164.66,155.445,156.73,351322
2022-03-07T05:00:00Z,181,182.115,165.84,167.63,360989
2022-03-04T05:00:00Z,193.53,193.67,177.37,179.08,237458
2022-03-03T05:00:00Z,200.21,204.71,189.2,190.94,359505
2022-03-02T05:00:00Z,199.04,203.24,190.67,201.8,242006
2022-03-01T05:00:00Z,201.185,205.58,195.92,197.63,308473
2022-02-28T05:00:00Z,188.36,197.08,187,195.25,463851
2022-02-25T05:00:00Z,182.66,182.92,174.51,181.725,316172
2022-02-24T05:00:00Z,154.19,184.275,153.92,183,685804
2022-02-23T05:00:00Z,170.59,171.5,161.69,161.93,236554
2022-02-22T05:00:00Z,162,170.525,162,166.7,135938
2022-02-18T05:00:00Z,169.56,170.67,164.185,164.8,150936
2022-02-17T05:00:00Z,181.44,181.58,169,169.88,260347
2022-02-16T05:00:00Z,186,186.09,180.4,183.38,174953
2022-02-15T05:00:00Z,184.54,189.47,182.49,189.3,127251
2022-02-14T05:00:00Z,180.625,186.5,180,180.47,108517
2022-02-11T05:00:00Z,188.83,191.25,178.855,181.72,171993
2022-02-10T05:00:00Z,184.49,193.38,182.935,187.97,189617
2022-02-09T05:00:00Z,182.94,186.96,181.04,186.88,160635
2022-02-08T05:00:00Z,175.88,184.07,175.88,178.835,231895
2022-02-07T05:00:00Z,177.39,183.08,176.97,178.68,130445
2022-02-04T05:00:00Z,171.62,178.59,169.23,177.24,126406
2022-02-03T05:00:00Z,172,175.74,169.59,170.56,114543
2022-02-02T05:00:00Z,182.74,184.83,174.22,177.1,163532
2022-02-01T05:00:00Z,181.77,182.81,176.28,181.98,185606
2022-01-31T05:00:00Z,171.48,180.83,171.2,180.51,319449
2022-01-28T05:00:00Z,161.12,168.995,156.625,168.94,247738
2022-01-27T05:00:00Z,163.59,167.51,158.375,159.97,185893
2022-01-26T05:00:00Z,162.805,171.04,159.27,160.98,322323
2022-01-25T05:00:00Z,166.84,168.5,157.57,158.53,314354
2022-01-24T05:00:00Z,157.26,168.17,150.25,167.42,414330
2022-01-21T05:00:00Z,171.5,173.08,163.11,164.89,479456
2022-01-20T05:00:00Z,177.43,182.48,173.34,173.78,198968
2022-01-19T05:00:00Z,171.8,181.68,171.76,175.65,196094
2022-01-18T05:00:00Z,171.9,183.84,170.16,172.97,282856
2022-01-14T05:00:00Z,173.47,181.22,172.205,176.7,303640
2022-01-13T05:00:00Z,188.1,188.185,173.605,174.99,524864
2022-01-12T05:00:00Z,197.29,200.68,185.85,187.99,332075
2022-01-11T05:00:00Z,192.27,198.19,190.5,196.11,195464
2022-01-10T05:00:00Z,182.93,193.17,174.95,192.6,471810
2022-01-07T05:00:00Z,186.455,193.22,184.9,188.97,208478
2022-01-06T05:00:00Z,179.935,192.01,176.38,187.48,483795
2022-01-05T05:00:00Z,184.005,190.63,178.99,179.42,321819
2022-01-04T05:00:00Z,195.555,197.085,183.48,189.5,544580
2022-01-03T05:00:00Z,205.21,205.21,193.61,198.3,395420
2021-12-31T05:00:00Z,208.74,208.805,204.61,204.695,69819
2021-12-30T05:00:00Z,207.52,213.45,206.86,208.94,85784
2021-12-29T05:00:00Z,206.495,207.375,201.46,206.84,103232
2021-12-28T05:00:00Z,210.87,210.87,206.56,207.12,52380
2021-12-27T05:00:00Z,212,216.88,209.32,209.71,124026
2021-12-23T05:00:00Z,207.285,212.73,204.87,211.57,117050
2021-12-22T05:00:00Z,205.85,210.055,204.55,207.6,131187
2021-12-21T05:00:00Z,207.84,210.81,200.15,210.55,120686
2021-12-20T05:00:00Z,202,209.67,200.98,206.34,225287
2021-12-17T05:00:00Z,196.88,206.81,193.53,205.16,223169
2021-12-16T05:00:00Z,211.55,211.59,197.05,200.265,283701
2021-12-15T05:00:00Z,198.55,212.14,195.815,210.97,241434
2021-12-14T05:00:00Z,196.45,200.54,192.405,198.8,235235
2021-12-13T05:00:00Z,199.5,203.92,194.57,198.58,187049
2021-12-10T05:00:00Z,201.56,205.4,196.54,198.61,153084
2021-12-09T05:00:00Z,209.97,212.7,199.535,201.3,178831
2021-12-08T05:00:00Z,206.98,210.78,200.4,209.19,171997
2021-12-07T05:00:00Z,200.68,207.97,200.68,204.245,243212
2021-12-06T05:00:00Z,191.64,195.86,185.93,194.61,300668
2021-12-03T05:00:00Z,212.97,212.97,188.76,197.175,319765
2021-12-02T05:00:00Z,208.18,212.45,201.38,209.44,674494
2021-12-01T05:00:00Z,220.615,225.22,199.33,201.52,452724
2021-11-30T05:00:00Z,226.42,228.73,216.79,216.79,353045
2021-11-29T05:00:00Z,235.185,235.185,221.155,224.48,405191
2021-11-26T05:00:00Z,235.65,235.65,228.03,232.5,99934
2021-11-24T05:00:00Z,229.38,231.89,222.88,230.92,131420
2021-11-23T05:00:00Z,231.05,236.485,224.18,230.57,454126
2021-11-22T05:00:00Z,252.655,252.85,235.18,239.49,371766
2021-11-19T05:00:00Z,268.19,269.33,257.035,257.56,177946
2021-11-18T05:00:00Z,270.335,274.9,264.59,264.77,129400
2021-11-17T05:00:00Z,265.365,270.575,262.54,269.535,151019
2021-11-16T05:00:00Z,256.105,262.83,254,262.64,149645
2021-11-15T05:00:00Z,271.92,271.92,247.79,254.35,379017
2021-11-12T05:00:00Z,284.26,289.26,281.68,284.25,75618
2021-11-11T05:00:00Z,285.99,288.6,280.79,280.81,40663
2021-11-10T05:00:00Z,290.26,298.34,278.81,281.57,182967
2021-11-09T05:00:00Z,285.44,295.54,281.94,293.26,138464
2021-11-08T05:00:00Z,274.14,284.415,272.285,282.76,166120
2021-11-05T04:00:00Z,280.8,283.49,270.28,272.97,153391
2021-11-04T04:00:00Z,271.87,280.135,271.28,279.54,140009
2021-11-03T04:00:00Z,270.94,271.37,266.255,270.635,69040
2021-11-02T04:00:00Z,266.4,270.71,264.36,268.04,119085
2021-11-01T04:00:00Z,275.295,275.295,263.36,269.05,184611
2021-10-29T04:00:00Z,280.38,284.06,279.64,281.895,53153
2021-10-28T04:00:00Z,278.25,283.71,273.04,281.235,52495
2021-10-27T04:00:00Z,287.65,291.325,278.44,279.22,79696
2021-10-26T04:00:00Z,284.42,297.33,283.03,286.975,226783
2021-10-25T04:00:00Z,284.3,285.13,278.12,279.95,116582
2021-10-22T04:00:00Z,284.55,290.36,280.37,283.33,90491
2021-10-21T04:00:00Z,282.385,287.19,282.385,284.09,77240
2021-10-20T04:00:00Z,283.42,288.015,279.65,283.055,52442
2021-10-19T04:00:00Z,283.27,285.2,279.1,282.33,73468
2021-10-18T04:00:00Z,273,285.66,270.1,285.57,125710
2021-10-15T04:00:00Z,275.52,275.99,270.51,273.11,79806
2021-10-14T04:00:00Z,270.2,276.4,268.39,276.01,165321
2021-10-13T04:00:00Z,254.115,271.78,254.115,270.47,241757
2021-10-12T04:00:00Z,246.69,254.235,243.66,252.72,105822
2021-10-11T04:00:00Z,243.02,248.28,241.985,244.33,36826
2021-10-08T04:00:00Z,250.595,250.79,243.69,245.11,87892
2021-10-07T04:00:00Z,251.53,253.65,249.67,249.73,63389
2021-10-06T04:00:00Z,243.57,251.58,243.57,248.45,92851
2021-10-05T04:00:00Z,242,246.05,240.02,245.08,88035
2021-10-04T04:00:00Z,245.905,245.905,235.65,238.82,196508
2021-10-01T04:00:00Z,246.55,252.25,243.41,249.27,64900
2021-09-30T04:00:00Z,240.53,247.68,240.29,245.69,125660
2021-09-29T04:00:00Z,243.96,248.01,238.575,239.59,156898
2021-09-28T04:00:00Z,248.16,249.52,240.32,241.67,166591
2021-09-27T04:00:00Z,259.96,260.36,250.37,253.34,136957
2021-09-24T04:00:00Z,261.79,262,254.35,261.82,61562
2021-09-23T04:00:00Z,261.6,264.03,260.04,262.24,63965
2021-09-22T04:00:00Z,252.32,261.01,250.93,259.72,103169
2021-09-21T04:00:00Z,254.4,259.34,252.52,254,299808
2021-09-20T04:00:00Z,254.12,261.29,253.28,257.63,189174
2021-09-17T04:00:00Z,266.37,266.37,259.57,263.19,109660
2021-09-16T04:00:00Z,259.88,265.045,257.18,264.68,81790
2021-09-15T04:00:00Z,258.065,259.79,254.5,259.43,79757
2021-09-14T04:00:00Z,255.87,258.975,253.83,257.46,78468
2021-09-13T04:00:00Z,258.23,259.31,248.62,253.97,207609
2021-09-10T04:00:00Z,268.165,269.68,260.59,261.96,155327
2021-09-09T04:00:00Z,264.71,269.69,264.71,265.07,211699
2021-09-08T04:00:00Z,270.58,270.58,263.85,265.01,182737
2021-09-07T04:00:00Z,279.28,279.59,268.51,269.66,207262
2021-09-03T04:00:00Z,273.605,278.74,271.54,278.1,133697
2021-09-02T04:00:00Z,272.23,275.03,269.52,272.5,168398
2021-09-01T04:00:00Z,273.36,285.25,269.33,269.95,442162
2021-08-31T04:00:00Z,281.535,286.32,278.48,280.795,305500
2021-08-30T04:00:00Z,285.27,289.155,280.63,286.36,198628
2021-08-27T04:00:00Z,278.755,285.71,277.76,282.3,182065
2021-08-26T04:00:00Z,269.055,281.77,268.76,278.73,222849
2021-08-25T04:00:00Z,267.325,275.54,265.2,269.9,435649
2021-08-24T04:00:00Z,260.98,269.63,258.6,265.59,459878
2021-08-23T04:00:00Z,242.595,246.79,239.35,245.77,184599
2021-08-20T04:00:00Z,236.83,238.45,233.54,237.89,47520
2021-08-19T04:00:00Z,233.425,237.06,231.45,234.7,81413
2021-08-18T04:00:00Z,233.69,237.3,230.42,233.68,103608
2021-08-17T04:00:00Z,233.13,233.175,227.29,232.6,118503
2021-08-16T04:00:00Z,243.18,243.415,229.27,234.56,157562
2021-08-13T04:00:00Z,246.325,248.85,242.41,243.75,80626
2021-08-12T04:00:00Z,240.7,247.22,240.31,245.61,94836
2021-08-11T04:00:00Z,254.26,254.98,233.97,239.85,310301
2021-08-10T04:00:00Z,266.06,266.35,252.18,252.35,135396
2021-08-09T04:00:00Z,260.94,265.44,258.53,263.38,105319
2021-08-06T04:00:00Z,264.78,267.48,256.22,260.65,96633
2021-08-05T04:00:00Z,264.745,268.13,261.45,265.75,62120
2021-08-04T04:00:00Z,256.475,265,254.2,264.21,96356
2021-08-03T04:00:00Z,255.59,262.39,250.67,254.215,135513
2021-08-02T04:00:00Z,254.05,257.105,246.39,253.97,246242
2021-07-30T04:00:00Z,256.73,259.53,252.74,253.59,154048
2021-07-29T04:00:00Z,261.95,266.38,259.61,260.05,142121
2021-07-28T04:00:00Z,260.21,264.8,258.04,263.4,100086
2021-07-27T04:00:00Z,266.49,266.49,254.12,257.58,105303
2021-07-26T04:00:00Z,267.57,267.57,261.43,264.67,55036
2021-07-23T04:00:00Z,262.24,272.59,261.2,268.79,153644
2021-07-22T04:00:00Z,255.87,264.99,255.26,263.05,133272
2021-07-21T04:00:00Z,250.73,254.78,249.8,253.34,75499
2021-07-20T04:00:00Z,254.89,254.89,245.87,252,141099
2021-07-19T04:00:00Z,242.615,252.11,239.85,250.46,104799
2021-07-16T04:00:00Z,251.525,253.62,248.58,249.97,79107
2021-07-15T04:00:00Z,255.02,255.15,247.19,249.36,99162
2021-07-14T04:00:00Z,263.02,264,252.66,254.29,101225
2021-07-13T04:00:00Z,262.69,267.175,259.14,261.28,72263
2021-07-12T04:00:00Z,268.62,269.82,260.48,261.86,84847
2021-07-09T04:00:00Z,261.51,264.9,259.72,264.515,107879
2021-07-08T04:00:00Z,258.79,265.03,254.63,263.38,131605
2021-07-07T04:00:00Z,268.99,269.55,260.94,267.64,108988
2021-07-06T04:00:00Z,258.115,267.13,258.03,264.79,197590
2021-07-02T04:00:00Z,253.89,256.05,250.82,252.54,89788
2021-07-01T04:00:00Z,250.16,253.85,245.645,251.13,105538
2021-06-30T04:00:00Z,257.265,260,251.36,251.37,104957
2021-06-29T04:00:00Z,252.06,259.71,252.03,256.99,88528
2021-06-28T04:00:00Z,255.15,260.78,253.89,254.94,118503
2021-06-25T04:00:00Z,254.24,256.73,249.61,253.29,154032
2021-06-24T04:00:00Z,255.01,258.16,251.2,253.64,119659
2021-06-23T04:00:00Z,253.76,257.01,249.45,252.98,155174
2021-06-22T04:00:00Z,243.63,257.54,243.46,256.64,354604
2021-06-21T04:00:00Z,237.5,238.81,231.05,237.52,164485
2021-06-18T04:00:00Z,240.89,247.87,239.79,244.89,197808
2021-06-17T04:00:00Z,232.21,241.4,232.205,241.25,274174
2021-06-16T04:00:00Z,228.54,235.8,227.78,234.04,147611
2021-06-15T04:00:00Z,232.3,232.9,227.405,228.47,92181
2021-06-14T04:00:00Z,231.5,234.71,228.75,233.5,136302
2021-06-11T04:00:00Z,226.575,231.95,224.62,231.22,156751
2021-06-10T04:00:00Z,215,229.29,215,228.67,388188
2021-06-09T04:00:00Z,215.76,216.4,211.335,213.88,199562
2021-06-08T04:00:00Z,217.11,221.6,212.89,215.29,124901
2021-06-07T04:00:00Z,206.17,217.595,204.56,215.41,302495
2021-06-04T04:00:00Z,215.59,216.78,205.4,206.96,333655
2021-06-03T04:00:00Z,219.03,220.51,213.955,215.85,247183
2021-06-02T04:00:00Z,221,222.86,218.67,220.6,100390
2021-06-01T04:00:00Z,223.28,226.9,218.88,222.14,181402
2021-05-28T04:00:00Z,222.91,225.89,221.15,222.2,201709
2021-05-27T04:00:00Z,217.415,222.93,211.49,222.77,198189
2021-05-26T04:00:00Z,217.96,225.03,216.555,219.92,194054
2021-05-25T04:00:00Z,214.55,216.56,212.11,212.89,101246
2021-05-24T04:00:00Z,212.255,215.2,209.5,214.49,267192
2021-05-21T04:00:00Z,207.93,210.91,205.71,210.74,220912
2021-05-20T04:00:00Z,201.09,205.34,199.84,204.03,135124
2021-05-19T04:00:00Z,189.41,199.62,189.3,199.11,394841
2021-05-18T04:00:00Z,191.17,199.28,187.76,196.98,276783
2021-05-17T04:00:00Z,188.845,192.31,185.02,188.48,102766
2021-05-14T04:00:00Z,187.21,191.33,183.77,190.66,109455
2021-05-13T04:00:00Z,191.015,192.72,179.45,183.7,189297
2021-05-12T04:00:00Z,192,195.49,185.73,189.46,265611
2021-05-11T04:00:00Z,177.99,195.32,177.77,195.19,263346
2021-05-10T04:00:00Z,188.89,190.5,183.84,187.52,188830
2021-05-07T04:00:00Z,194.3,197.43,188.01,189.1,165743
2021-05-06T04:00:00Z,191.26,191.47,180.71,187.03,264876
2021-05-05T04:00:00Z,202.03,202.03,192.085,193.27,158705
2021-05-04T04:00:00Z,202.98,202.99,191.425,197.81,201952
2021-05-03T04:00:00Z,208.78,209.29,204.08,205.1,92063
2021-04-30T04:00:00Z,207.5,214.23,207.26,208.425,91833
2021-04-29T04:00:00Z,220.67,220.67,208.44,211.335,170572
2021-04-28T04:00:00Z,218.12,223,215.16,220.14,76693
2021-04-27T04:00:00Z,225.9,227.13,220,221.15,111146
2021-04-26T04:00:00Z,220.2,225.015,216.86,224.56,164761
2021-04-23T04:00:00Z,219.705,224.81,217.95,219.43,133483
2021-04-22T04:00:00Z,213.29,223.82,212.6,216.665,210722
2021-04-21T04:00:00Z,205,212.095,201.92,210.335,105043
2021-04-20T04:00:00Z,215.95,217.64,205.7,206.61,162921
2021-04-19T04:00:00Z,210.76,223.12,210.41,213.1,203957
2021-04-16T04:00:00Z,213.78,216.52,208.56,215.14,138878
2021-04-15T04:00:00Z,215.15,215.15,208.03,213,165457
2021-04-14T04:00:00Z,216.5,217.19,207.52,208.07,178991
2021-04-13T04:00:00Z,206.66,219,206.4,216.37,203815
2021-04-12T04:00:00Z,201.53,206.095,197.635,203.98,140802
2021-04-09T04:00:00Z,201.02,204.19,194.47,202.57,223634
2021-04-08T04:00:00Z,197.42,204.2,195.91,203.41,236849
2021-04-07T04:00:00Z,194.01,196.84,191.06,193.91,137697
2021-04-06T04:00:00Z,186.92,198.25,186.07,194.4,212097
2021-04-05T04:00:00Z,191.125,191.67,184.81,186.85,120974
2021-04-01T04:00:00Z,188.78,194.34,185.52,186.79,174817
2021-03-31T04:00:00Z,179.07,184.9,178.71,182.55,212320
2021-03-30T04:00:00Z,170.96,176.11,168.81,175.08,284702
2021-03-29T04:00:00Z,178.32,182.54,171.27,173.915,138420
2021-03-26T04:00:00Z,179,181.005,170.18,177.62,229405
2021-03-25T04:00:00Z,175.78,181.67,174.58,179.15,167310
2021-03-24T04:00:00Z,191.125,193.29,180.21,181.78,188857
2021-03-23T04:00:00Z,195.73,197.77,189.75,190.65,151940
2021-03-22T04:00:00Z,191.97,197.96,190.35,195.6,150928
2021-03-19T04:00:00Z,192.85,197.67,190.1,194.73,193450
2021-03-18T04:00:00Z,203.75,203.75,189.75,190.15,424353
2021-03-17T04:00:00Z,199.97,210.825,191.77,208.1,493485
2021-03-16T04:00:00Z,203.51,208.9,193.51,196.285,254953
2021-03-15T04:00:00Z,199.2,201.15,195.09,200.62,111225
2021-03-12T05:00:00Z,200.01,200.38,195.9,199.09,136507
2021-03-11T05:00:00Z,204,206.17,198.555,205.76,149511
2021-03-10T05:00:00Z,205.435,208.04,192.53,194.97,150727
2021-03-09T05:00:00Z,192.65,201.13,189.77,198.89,222410
2021-03-08T05:00:00Z,184,192.43,179.01,179.46,284994
2021-03-05T05:00:00Z,194.65,195.25,168.67,183.31,407924
2021-03-04T05:00:00Z,203.08,208.15,187.495,192.99,368218
2021-03-03T05:00:00Z,221.7,222.75,206.81,210.69,172052
2021-03-02T05:00:00Z,226.34,231.16,221.57,222.27,108611
2021-03-01T05:00:00Z,220,223.74,215.86,223.37,117534
2021-02-26T05:00:00Z,210.43,217.09,204.99,215.93,193169
2021-02-25T05:00:00Z,216.23,221.51,204.9,208.375,171991
2021-02-24T05:00:00Z,219.38,219.5,207.6,216.52,239587
2021-02-23T05:00:00Z,211.2,218.92,198.36,218.61,196344
2021-02-22T05:00:00Z,235.29,237.59,222.51,225.805,134919
2021-02-19T05:00:00Z,241.9,245.8,236.61,238.94,91422
2021-02-18T05:00:00Z,237.46,241.08,231.68,238.85,100822
2021-02-17T05:00:00Z,240.7,242.025,229.34,238.49,114566
2021-02-16T05:00:00Z,248.51,250.55,237.82,242.48,132891
2021-02-12T05:00:00Z,235.96,245.39,233.67,242.16,157483
2021-02-11T05:00:00Z,233.485,239.88,229.3,234.99,208684
2021-02-10T05:00:00Z,224.935,233.49,220.76,231.46,124457
2021-02-09T05:00:00Z,221.1,225.345,220.85,223.58,107473
2021-02-08T05:00:00Z,225.89,228.18,219.32,222.15,61096
2021-02-05T05:00:00Z,226,227.84,222.52,223.565,104890
2021-02-04T05:00:00Z,219.66,224.2,217.56,223.91,79068
2021-02-03T05:00:00Z,223.14,223.14,216.41,217.95,120734
2021-02-02T05:00:00Z,218.55,221.42,212.69,219.67,144829
2021-02-01T05:00:00Z,216.56,218.31,210.475,215.07,117100
2021-01-29T05:00:00Z,211.51,217.5,205.45,216.37,199694
2021-01-28T05:00:00Z,202.11,216.75,201.89,212.25,190575
2021-01-27T05:00:00Z,199.35,207.46,193.93,200.89,260484
2021-01-26T05:00:00Z,217.17,217.62,206.055,206.72,351497
2021-01-25T05:00:00Z,227.9,230.39,208.86,217.605,195328
2021-01-22T05:00:00Z,220.88,226.075,220.42,223.57,100566
2021-01-21T05:00:00Z,228.25,228.25,219.9,221.05,138356
2021-01-20T05:00:00Z,227.59,228.42,222.27,226.06,79818
2021-01-19T05:00:00Z,223.8,224.52,217.52,221.9,286511
2021-01-15T05:00:00Z,228.11,230.04,218.81,219.57,172343
2021-01-14T05:00:00Z,227.55,231.47,222.8,225.575,98430
2021-01-13T05:00:00Z,236.54,236.54,225.7,226,164728
2021-01-12T05:00:00Z,234.64,238.48,233.01,233.42,187406
2021-01-11T05:00:00Z,223.65,234.24,218.19,232.48,235985
2021-01-08T05:00:00Z,225.88,228.52,220.3,223.82,125273
2021-01-07T05:00:00Z,214.15,222.02,214.15,221.43,151893
2021-01-06T05:00:00Z,204.7,214.58,203.115,209,220077
2021-01-05T05:00:00Z,200,211.925,197.95,210.97,165708
2021-01-04T05:00:00Z,210.99,211.4,196.01,200.62,242096
2020-12-31T05:00:00Z,211.92,214.1,208.95,211.9,71479
2020-12-30T05:00:00Z,207.52,210.9,205.24,210.275,115982
2020-12-29T05:00:00Z,210.955,213.29,202.8,205.92,144806
2020-12-28T05:00:00Z,225,227.02,212.17,212.435,147884
2020-12-24T05:00:00Z,223.54,227.11,219.4,221.08,46474
2020-12-23T05:00:00Z,226.12,226.97,216.5,223.4,168244
2020-12-22T05:00:00Z,213.33,225.75,211.55,225.07,254423
2020-12-21T05:00:00Z,202.25,211.48,202,210.77,289667
2020-12-18T05:00:00Z,194.62,205.9,194.54,203.95,371444
2020-12-17T05:00:00Z,182.235,186.86,180.9,185.28,169371
2020-12-16T05:00:00Z,176.88,182.14,176.85,179.83,134286
2020-12-15T05:00:00Z,175,176.46,172.51,174.73,109046
2020-12-14T05:00:00Z,176.69,179.25,172.9,173.77,109998
2020-12-11T05:00:00Z,176.64,178.65,171.44,175.91,182175
2020-12-10T05:00:00Z,165.79,181.7,164.55,180.07,339760
2020-12-09T05:00:00Z,175.765,177.615,163,166.18,218438
2020-12-08T05:00:00Z,171.55,178.825,170.88,177.41,156697
2020-12-07T05:00:00Z,167.8,172.69,166.26,170.91,175398
2020-12-04T05:00:00Z,160.16,168.92,157.77,167.26,298364
2020-12-03T05:00:00Z,160,165.7,155.61,161.2,449175
2020-12-02T05:00:00Z,144.45,144.45,138.42,141.85,205275
2020-12-01T05:00:00Z,153.73,153.92,145.79,147.45,167729
2020-11-30T05:00:00Z,154.87,154.87,146.5,153.2,206434
2020-11-27T05:00:00Z,150.9,152.18,148.7,150.58,58887
2020-11-25T05:00:00Z,150.01,151.475,147.41,149.91,138769
2020-11-24T05:00:00Z,146.47,149.465,143.98,149.435,122161
2020-11-23T05:00:00Z,146.85,149.11,142.51,147.62,118153
2020-11-20T05:00:00Z,145.07,146.95,143.26,145.725,125435
2020-11-19T05:00:00Z,138.39,146.89,138.39,143.77,174028
2020-11-18T05:00:00Z,137.52,139.29,135.34,137.65,92276
2020-11-17T05:00:00Z,132.15,139.78,130.5,137.83,134373
2020-11-16T05:00:00Z,129.39,132.89,128.51,131.36,99073
2020-11-13T05:00:00Z,137.82,137.98,131.21,132.3,167745
2020-11-12T05:00:00Z,132.705,137.42,132.54,137.24,151217
2020-11-11T05:00:00Z,127.7,132.15,127.61,131.02,136104
2020-11-10T05:00:00Z,127.58,127.58,118.12,123.65,172308
2020-11-09T05:00:00Z,136.57,136.9,126.07,126.52,325574
2020-11-06T05:00:00Z,138.74,144.2,138.275,141.61,153592
2020-11-05T05:00:00Z,140.64,141.42,137.83,139.07,126836
2020-11-04T05:00:00Z,133.72,137.13,132.01,136.33,191355
2020-11-03T05:00:00Z,125.85,127.46,123.83,126.72,224585
2020-11-02T05:00:00Z,124.43,126.74,121.77,124.57,153157
2020-10-30T04:00:00Z,125.39,126.25,120.53,123.94,274946
2020-10-29T04:00:00Z,132.52,132.62,126.52,127.43,180177
2020-10-28T04:00:00Z,132.13,132.81,129.2,131.315,205798
2020-10-27T04:00:00Z,134.31,136.01,131.77,133.48,140233
2020-10-26T04:00:00Z,134.39,138.385,129.53,133.1,236203
2020-10-23T04:00:00Z,135.075,135.5,132.8,135.43,113879
2020-10-22T04:00:00Z,136.185,138.68,131.66,134.41,313056
2020-10-21T04:00:00Z,143.05,143.1,132.6,135.05,390407
2020-10-20T04:00:00Z,145.21,146.47,142.27,142.65,113803
2020-10-19T04:00:00Z,146.8,149.28,143.68,144.36,131400
2020-10-16T04:00:00Z,147.99,148.88,144.91,145.26,175031
2020-10-15T04:00:00Z,143.025,145.74,141.21,145.3,173568
2020-10-14T04:00:00Z,153.63,153.8,145.34,147.79,211293
2020-10-13T04:00:00Z,147.18,153.58,147.18,152.82,259592
2020-10-12T04:00:00Z,146.37,149.75,144.99,145.825,152468
2020-10-09T04:00:00Z,143.8,145.44,142.72,143.63,115883
2020-10-08T04:00:00Z,146.31,146.36,141.615,143.035,186142
2020-10-07T04:00:00Z,146.32,148.82,144.35,144.62,211471
2020-10-06T04:00:00Z,145.855,148.65,143.6,145.16,272946
2020-10-05T04:00:00Z,143.81,148.25,142.81,144.86,209304
2020-10-02T04:00:00Z,139.44,145.36,138.74,139.92,113885
2020-10-01T04:00:00Z,139.62,145.72,138.01,142.67,338549
2020-09-30T04:00:00Z,134.85,138.99,133.86,137.32,199870
2020-09-29T04:00:00Z,137.86,138.27,135.365,136.23,58174
2020-09-28T04:00:00Z,137.33,141.56,136.4,137.43,105043
2020-09-25T04:00:00Z,135.375,138.47,134.97,136.5,155807
2020-09-24T04:00:00Z,137.165,137.61,132.6,133.99,218983
2020-09-23T04:00:00Z,140.745,143.555,137,138.4,127638
2020-09-22T04:00:00Z,138.72,142.63,134.29,142.59,117319
2020-09-21T04:00:00Z,126.26,138.55,126.26,138.25,184052
2020-09-18T04:00:00Z,130.24,132.1,126.93,131.44,189939
2020-09-17T04:00:00Z,126.81,129.12,124.86,128.65,157966
2020-09-16T04:00:00Z,131.705,133.65,129.76,131.45,82097
2020-09-15T04:00:00Z,130.65,132.12,127.41,131.47,104940
2020-09-14T04:00:00Z,128.19,129.83,127.23,128.56,80814
2020-09-11T04:00:00Z,131.265,131.49,123.085,126.22,127870
2020-09-10T04:00:00Z,130.46,134.03,128.45,129.25,178712
2020-09-09T04:00:00Z,129.17,129.18,124.065,128.175,93146
2020-09-08T04:00:00Z,118.04,128.8,118.01,125.61,178713
2020-09-04T04:00:00Z,125.06,129.71,115.52,125.17,355547
2020-09-03T04:00:00Z,131.3,138.49,127.055,129.175,394439
2020-09-02T04:00:00Z,151.72,152.61,131,142.17,413378
2020-09-01T04:00:00Z,133.26,144.56,130.16,143.865,483899
2020-08-31T04:00:00Z,120.23,126.525,120.23,125.71,193437
2020-08-28T04:00:00Z,117.99,120.875,117.42,118.67,108858
2020-08-27T04:00:00Z,117.125,118.24,114.025,117.17,106663
2020-08-26T04:00:00Z,115.095,119.81,114.82,117.045,98984
2020-08-25T04:00:00Z,110.22,114.35,109.61,113.61,73239
2020-08-24T04:00:00Z,112.47,113.37,108.57,111.39,97740
2020-08-21T04:00:00Z,112.01,113.285,110.9,112.12,35693
2020-08-20T04:00:00Z,107.225,112.62,106.83,112.46,79164
2020-08-19T04:00:00Z,107.91,109.66,106.07,108.1,67145
2020-08-18T04:00:00Z,106.38,107.635,105.68,107.17,51425
2020-08-17T04:00:00Z,101.8,105.46,101.8,105.35,77664
2020-08-14T04:00:00Z,103.24,104.18,101,101.17,58292
2020-08-13T04:00:00Z,99.295,102.02,98.605,100.87,62539
2020-08-12T04:00:00Z,98.38,100.4,97.51,98.38,73862
2020-08-11T04:00:00Z,97.095,100.44,93.455,98.19,219222
2020-08-10T04:00:00Z,101.75,102.21,96.74,96.95,369181
2020-08-07T04:00:00Z,107.28,107.295,100.36,101.75,288353
2020-08-06T04:00:00Z,114.625,115.16,109.05,110.3,100870
2020-08-05T04:00:00Z,114.83,116.1,114.015,114.76,109628
2020-08-04T04:00:00Z,115.485,115.925,112.83,115.02,75723
2020-08-03T04:00:00Z,114.34,116.14,112.275,115.41,157097
2020-07-31T04:00:00Z,112.8,113.6,109.505,113.175,56854
2020-07-30T04:00:00Z,110.96,112.73,108.955,111.89,68070
2020-07-29T04:00:00Z,107.615,113.72,107.57,112.84,171212
2020-07-28T04:00:00Z,104.255,109.15,103.9,105.71,148128
2020-07-27T04:00:00Z,101.3,104.285,100.17,103.585,78186
