2024-06-14T04:00:00Z,60.53,60.65,59.17,60.23,414974
2024-06-13T04:00:00Z,59.91,61.84,59.11,61.05,764220
2024-06-12T04:00:00Z,60,60.32,59.32,60.02,415957
2024-06-11T04:00:00Z,60,60.2,59.565,60,455621
2024-06-10T04:00:00Z,61.34,61.34,59.915,60.31,242397
2024-06-07T04:00:00Z,60.59,61.94,60.58,61.81,484906
2024-06-06T04:00:00Z,60.5,61,59.915,60.98,291011
2024-06-05T04:00:00Z,60.215,60.66,59.625,60.66,285499
2024-06-04T04:00:00Z,59.85,60.41,59.34,60.25,489116
2024-06-03T04:00:00Z,59.165,60.43,59.04,59.745,235907
2024-05-31T04:00:00Z,56,59.555,55.82,59.53,647772
2024-05-30T04:00:00Z,53.73,56.22,53.62,56.04,536080
2024-05-29T04:00:00Z,53.15,53.7,52.79,53.67,396382
2024-05-28T04:00:00Z,55.305,55.34,53.585,53.62,294827
2024-05-24T04:00:00Z,56.135,56.78,55.535,55.535,307474
2024-05-23T04:00:00Z,57.075,58.05,55.48,55.67,440076
2024-05-22T04:00:00Z,57.365,57.55,57.18,57.45,231293
2024-05-21T04:00:00Z,57.43,57.46,56.74,57.32,465197
2024-05-20T04:00:00Z,57.665,57.845,57.27,57.43,354496
2024-05-17T04:00:00Z,57.51,57.695,57.09,57.69,234364
2024-05-16T04:00:00Z,56.33,57.72,56.31,57.53,528007
2024-05-15T04:00:00Z,56.35,56.48,55.65,56.27,407232
2024-05-14T04:00:00Z,56.76,57.1,55.205,55.99,1355103
2024-05-13T04:00:00Z,56.12,57.54,56.06,56.495,379285
2024-05-10T04:00:00Z,55.665,56.42,55.57,55.82,398824
2024-05-09T04:00:00Z,54.81,55.74,54.785,55.7,288008
2024-05-08T04:00:00Z,55.71,55.96,54.69,54.91,292852
2024-05-07T04:00:00Z,55.825,57.08,55.595,55.74,673549
2024-05-06T04:00:00Z,56.26,56.26,55.32,55.965,427646
2024-05-03T04:00:00Z,55.07,56.405,54.97,55.9,644724
2024-05-02T04:00:00Z,56.41,56.56,53.73,55.17,1042575
2024-05-01T04:00:00Z,55.93,56.845,54,56.305,2296643
2024-04-30T04:00:00Z,67.075,68.18,66.955,67.71,349187
2024-04-29T04:00:00Z,67.23,67.86,67.105,67.435,218844
2024-04-26T04:00:00Z,67.07,67.395,66.84,67.2,168430
2024-04-25T04:00:00Z,67.58,67.715,66.88,67.33,181148
2024-04-24T04:00:00Z,67.93,68.205,67.52,67.79,348989
2024-04-23T04:00:00Z,69.47,70.205,68.39,68.505,206511
2024-04-22T04:00:00Z,69.45,70.11,69.235,69.6,196124
2024-04-19T04:00:00Z,69.18,69.92,68.83,69.75,237228
2024-04-18T04:00:00Z,68.96,69.585,68.865,69.38,337077
2024-04-17T04:00:00Z,69.165,69.35,67.96,68.58,272648
2024-04-16T04:00:00Z,71.57,71.6,68.975,69.01,429430
2024-04-15T04:00:00Z,69.235,70,68.81,68.96,322124
2024-04-12T04:00:00Z,69.495,69.8,68.33,68.64,366163
2024-04-11T04:00:00Z,71.015,71.085,69.7,69.72,286355
2024-04-10T04:00:00Z,73.01,73.07,70.87,71.12,334463
2024-04-09T04:00:00Z,74.72,74.83,73.12,73.35,139878
2024-04-08T04:00:00Z,74.05,74.735,73.9,74.48,102351
2024-04-05T04:00:00Z,73.91,75.06,73.91,74.56,203478
2024-04-04T04:00:00Z,75.01,75.26,73.785,73.905,191830
2024-04-03T04:00:00Z,74.125,74.675,73.34,74.62,313911
2024-04-02T04:00:00Z,75.01,75.12,71.96,73.84,561207
2024-04-01T04:00:00Z,79.77,79.77,79.13,79.54,145279
2024-03-28T04:00:00Z,79.54,80.72,79.33,79.74,249002
2024-03-27T04:00:00Z,79.59,79.96,78.71,79.45,172135
2024-03-26T04:00:00Z,78.125,79.745,78.125,79.34,235528
2024-03-25T04:00:00Z,78.905,79.82,78.565,79,172452
2024-03-22T04:00:00Z,78.53,79.495,78.48,78.49,216076
2024-03-21T04:00:00Z,78.49,78.925,77.43,78.26,226369
2024-03-20T04:00:00Z,77.74,78.995,77.63,78.96,136415
2024-03-19T04:00:00Z,77.835,78.88,77.835,78.06,178289
2024-03-18T04:00:00Z,77.29,77.63,76.4,77.59,194335
2024-03-15T04:00:00Z,75.79,77.6,75.74,77.4,438703
2024-03-14T04:00:00Z,74.81,76.495,74.32,76.43,271402
2024-03-13T04:00:00Z,75.09,75.975,74.785,75.08,132553
2024-03-12T04:00:00Z,75.66,75.66,74.66,75.21,119068
2024-03-11T04:00:00Z,74.89,76.435,74.825,75.945,123628
2024-03-08T05:00:00Z,74.35,75.315,74.16,75.09,141910
2024-03-07T05:00:00Z,74.56,74.96,73.565,74.28,176445
2024-03-06T05:00:00Z,73.62,74.67,73.47,74.34,136295
2024-03-05T05:00:00Z,74.285,75.38,73.375,73.71,168449
2024-03-04T05:00:00Z,73.88,74.89,73.705,73.85,121603
2024-03-01T05:00:00Z,74.41,74.45,73.04,73.83,195337
2024-02-29T05:00:00Z,75.375,75.865,73.54,74.32,244306
2024-02-28T05:00:00Z,75.89,76.19,74.86,75.21,189413
2024-02-27T05:00:00Z,76.46,77.08,76.18,76.28,138767
2024-02-26T05:00:00Z,77.155,77.945,76.3,76.43,129634
2024-02-23T05:00:00Z,77.23,77.49,76.72,77.26,99685
2024-02-22T05:00:00Z,77.32,77.49,76.74,77.1,176690
2024-02-21T05:00:00Z,76.44,77.39,76.275,77.205,150917
2024-02-20T05:00:00Z,76.97,77.545,76.15,76.39,176240
2024-02-16T05:00:00Z,76.625,77.41,76.38,77.09,176235
2024-02-15T05:00:00Z,76.535,77.92,76.535,76.6,213678
2024-02-14T05:00:00Z,76.935,77.53,76.04,76.4,165186
2024-02-13T05:00:00Z,77.39,78.28,76.195,76.57,225074
2024-02-12T05:00:00Z,75.84,78.015,75.63,77.31,400377
2024-02-09T05:00:00Z,75,76.35,74.465,76.33,219361
2024-02-08T05:00:00Z,75.75,75.79,74.61,75.09,686443
2024-02-07T05:00:00Z,75.15,77.33,75.08,76.065,523277
2024-02-06T05:00:00Z,72.48,74.165,72.48,73.78,390257
2024-02-05T05:00:00Z,73.09,73.23,71.59,72.45,289237
2024-02-02T05:00:00Z,73.97,74.055,73.03,73.05,222773
2024-02-01T05:00:00Z,74.49,74.49,73.46,73.91,304865
2024-01-31T05:00:00Z,74.265,74.975,73.86,74.36,251523
2024-01-30T05:00:00Z,73.945,74.2,73.58,73.85,155905
2024-01-29T05:00:00Z,72.89,73.635,72.89,73.5,176740
2024-01-26T05:00:00Z,72.735,73.005,71.975,73,426520
2024-01-25T05:00:00Z,71.85,72.37,70.2,71.99,603457
2024-01-24T05:00:00Z,76.03,76.55,73.995,74.21,504386
2024-01-23T05:00:00Z,74.01,75.11,73.96,75.11,253005
2024-01-22T05:00:00Z,73.295,74.425,73.04,74.01,142062
2024-01-19T05:00:00Z,73.18,73.565,72.73,73.23,415053
2024-01-18T05:00:00Z,72.745,74.035,72.52,73.97,403916
2024-01-17T05:00:00Z,77.135,77.62,76.74,76.985,220758
2024-01-16T05:00:00Z,76.645,77.405,76.17,77.405,316628
2024-01-12T05:00:00Z,77.75,78.275,75.775,76.56,337297
2024-01-11T05:00:00Z,79.29,79.46,78.73,78.86,222944
2024-01-10T05:00:00Z,79.99,80.24,78.72,79.23,258047
2024-01-09T05:00:00Z,80.39,80.99,80.15,80.36,131882
2024-01-08T05:00:00Z,82.25,83.19,78.875,80.66,341240
2024-01-05T05:00:00Z,80.61,82.165,80.61,81.345,195985
2024-01-04T05:00:00Z,80.155,80.9,78.69,80.53,318848
2024-01-03T05:00:00Z,81.38,81.7,80.785,80.83,137651
2024-01-02T05:00:00Z,79.09,81.39,79.09,80.835,206567
2023-12-29T05:00:00Z,79.045,79.15,78.64,78.95,65305
2023-12-28T05:00:00Z,78.79,79.385,78.79,78.98,117436
2023-12-27T05:00:00Z,78.655,79.215,78.51,78.83,83538
2023-12-26T05:00:00Z,78.56,79.245,78.5,78.985,131360
2023-12-22T05:00:00Z,78.975,79.14,78.365,78.75,120772
2023-12-21T05:00:00Z,77.62,78.76,77.55,78.62,262810
2023-12-20T05:00:00Z,76.73,78.47,76.72,77.26,323943
2023-12-19T05:00:00Z,75,76.33,74.57,76.33,258083
2023-12-18T05:00:00Z,74.78,75.11,74.415,74.88,213493
2023-12-15T05:00:00Z,73.88,74.61,73.04,74.46,358369
2023-12-14T05:00:00Z,75.32,75.775,74.33,74.53,203425
2023-12-13T05:00:00Z,73.64,75.38,73.51,75.3,319265
2023-12-12T05:00:00Z,73.84,74.24,73.38,73.6,218955
2023-12-11T05:00:00Z,75.47,75.5,73.725,73.73,209628
2023-12-08T05:00:00Z,74.4,75.515,73.92,75.105,253075
2023-12-07T05:00:00Z,74.16,75.075,73.5,74.01,630280
2023-12-06T05:00:00Z,71.41,74.34,71.365,73.52,529857
2023-12-05T05:00:00Z,70.215,71.75,69.875,71.03,417081
2023-12-04T05:00:00Z,68.415,69.46,67.815,68.5,189951
2023-12-01T05:00:00Z,68.03,68.635,67.405,68.47,301870
2023-11-30T05:00:00Z,67.095,68.04,66.74,67.9,235512
2023-11-29T05:00:00Z,68.7,68.815,66.855,66.93,229363
2023-11-28T05:00:00Z,68.92,69.52,68.66,69.31,91402
2023-11-27T05:00:00Z,69.42,69.57,68.63,68.78,121690
2023-11-24T05:00:00Z,68.83,69.48,68.83,69.42,63513
2023-11-22T05:00:00Z,68.375,69.225,68.37,69.14,135818
2023-11-21T05:00:00Z,68.53,68.54,67.7,68.105,105876
2023-11-20T05:00:00Z,68.45,68.77,67.81,68.28,140365
2023-11-17T05:00:00Z,68.8,68.9,68.1,68.84,98070
2023-11-16T05:00:00Z,69.4,69.4,67.53,68.26,518888
2023-11-15T05:00:00Z,68.88,69.375,68.52,69.15,144297
2023-11-14T05:00:00Z,68.09,69.675,68.09,68.52,108172
2023-11-13T05:00:00Z,67.655,67.935,67.07,67.805,98699
2023-11-10T05:00:00Z,66.78,67.71,66.19,67.68,140581
2023-11-09T05:00:00Z,68.68,68.73,66.67,66.76,163347
2023-11-08T05:00:00Z,70.39,70.64,68.755,68.76,167449
2023-11-07T05:00:00Z,70.94,71.23,70.19,70.23,157374
2023-11-06T05:00:00Z,70.49,71.33,70.31,71.09,186810
2023-11-03T04:00:00Z,70.14,70.9,69.905,70.25,260020
2023-11-02T04:00:00Z,68.58,70.27,68.06,69.69,284773
2023-11-01T04:00:00Z,65.69,69.27,64.46,68.77,718447
2023-10-31T04:00:00Z,68.315,69.14,68.25,69,305387
2023-10-30T04:00:00Z,66.6,68.16,66.59,67.97,237314
2023-10-27T04:00:00Z,67.89,67.89,66.02,66.34,173732
2023-10-26T04:00:00Z,67.91,68.87,67.59,67.94,129766
2023-10-25T04:00:00Z,68.88,68.995,68.06,68.57,114690
2023-10-24T04:00:00Z,69.36,69.85,68.62,68.97,149478
2023-10-23T04:00:00Z,68.74,69.5,68.63,69,122122
2023-10-20T04:00:00Z,70.815,71.07,69.04,69.04,234934
2023-10-19T04:00:00Z,70.26,71.59,70.11,70.6,202924
2023-10-18T04:00:00Z,72.22,72.32,70.855,71.09,428221
2023-10-17T04:00:00Z,71.305,72.84,71.16,72.005,144699
2023-10-16T04:00:00Z,72.67,73.34,71.08,71.48,251322
2023-10-13T04:00:00Z,71.48,72.67,71.22,71.51,189233
2023-10-12T04:00:00Z,72.17,72.18,70.66,70.92,155226
2023-10-11T04:00:00Z,72.425,72.79,71.27,71.715,112919
2023-10-10T04:00:00Z,71.04,72.025,70.985,71.72,193424
2023-10-09T04:00:00Z,70.04,71.285,70.04,71.25,165039
2023-10-06T04:00:00Z,69.23,70.51,69.18,69.9,94372
2023-10-05T04:00:00Z,68.94,69.8,68.935,69.74,80840
2023-10-04T04:00:00Z,69.395,69.395,68.12,69.055,120171
2023-10-03T04:00:00Z,69.135,69.79,69.025,69.22,98274
2023-10-02T04:00:00Z,69.52,69.755,68.55,69.7,130700
2023-09-29T04:00:00Z,70.04,70.4,69.61,69.84,95561
2023-09-28T04:00:00Z,70.16,71.04,69.75,70.05,89138
2023-09-27T04:00:00Z,71.11,71.11,68.86,69.79,234323
2023-09-26T04:00:00Z,72.11,72.2,71.33,71.34,163456
2023-09-25T04:00:00Z,71.16,72.595,70.97,72.565,93273
2023-09-22T04:00:00Z,71.75,72.2,71.12,71.15,164457
2023-09-21T04:00:00Z,71.585,72.37,71.13,71.875,250379
2023-09-20T04:00:00Z,72.12,72.12,70.44,71.43,373554
2023-09-19T04:00:00Z,71.21,72.255,71.12,72,432102
2023-09-18T04:00:00Z,70.97,71.09,70.35,70.7,367001
2023-09-15T04:00:00Z,70.34,71.27,70.3,70.93,349296
2023-09-14T04:00:00Z,70.98,71.02,69.8,69.98,282150
2023-09-13T04:00:00Z,70.75,71.47,70.165,70.27,391374
2023-09-12T04:00:00Z,69.16,70.91,68.845,70.53,595504
2023-09-11T04:00:00Z,65.87,68.97,65.79,68.73,528234
2023-09-08T04:00:00Z,65.36,65.89,65.11,65.85,269743
2023-09-07T04:00:00Z,65.7,66.08,65.065,65.6,197422
2023-09-06T04:00:00Z,65.43,65.965,65.325,65.505,229593
2023-09-05T04:00:00Z,65.57,66.515,65.57,65.61,311823
2023-09-01T04:00:00Z,65.465,65.92,65.42,65.64,186007
2023-08-31T04:00:00Z,66.87,66.87,65.155,65.16,181183
2023-08-30T04:00:00Z,67.43,67.49,66.77,66.85,176943
2023-08-29T04:00:00Z,67.37,67.82,66.625,67.15,261757
2023-08-28T04:00:00Z,67.8,68.01,66.895,67.24,142700
2023-08-25T04:00:00Z,66.705,67.71,66.6,67.32,273812
2023-08-24T04:00:00Z,66.36,67.15,66.19,66.49,134765
2023-08-23T04:00:00Z,67.105,67.42,66.035,66.4,295345
2023-08-22T04:00:00Z,67.15,67.695,66.735,67.06,298665
2023-08-21T04:00:00Z,66.635,67.155,66.3,67.09,341618
2023-08-18T04:00:00Z,66.85,67.73,66.53,66.83,445900
2023-08-17T04:00:00Z,68.45,69.97,64.63,66.805,1177532
2023-08-16T04:00:00Z,73.35,73.55,72.685,72.72,164494
2023-08-15T04:00:00Z,74.06,74.25,73.24,73.31,157271
2023-08-14T04:00:00Z,74.665,74.7,74.03,74.37,203447
2023-08-11T04:00:00Z,73.93,74.99,73.76,74.895,132912
2023-08-10T04:00:00Z,74.945,75.34,73.69,73.96,191893
2023-08-09T04:00:00Z,73.93,75.3,73.85,74.58,280893
2023-08-08T04:00:00Z,73.15,74.18,72.66,74,179249
2023-08-07T04:00:00Z,72.89,73.895,72.84,73.895,169441
2023-08-04T04:00:00Z,74.2,74.55,72.605,72.89,369894
2023-08-03T04:00:00Z,76.53,76.585,73.58,74.29,618688
2023-08-02T04:00:00Z,72.45,77.37,72.45,76.42,684719
2023-08-01T04:00:00Z,74.79,75.09,73.61,73.97,324475
2023-07-31T04:00:00Z,74.685,74.99,74.36,74.69,273586
2023-07-28T04:00:00Z,75.77,75.855,74.3,74.64,454540
2023-07-27T04:00:00Z,75.31,75.985,75.27,75.53,376431
2023-07-26T04:00:00Z,75.575,76.22,75.03,75.105,217847
2023-07-25T04:00:00Z,75.78,75.98,75.44,75.61,334138
2023-07-24T04:00:00Z,75.29,76.195,75.22,75.96,304936
2023-07-21T04:00:00Z,75.075,75.55,74.73,75.05,277120
2023-07-20T04:00:00Z,74.115,75.02,73.89,74.875,261373
2023-07-19T04:00:00Z,73.33,74.55,73.24,74.405,317627
2023-07-18T04:00:00Z,71.48,72.665,71.44,72.32,370375
2023-07-17T04:00:00Z,70.88,71.52,70.51,71.17,193314
2023-07-14T04:00:00Z,72.1,72.28,71.32,71.37,374711
2023-07-13T04:00:00Z,70.81,71.62,70.75,71.2,325282
2023-07-12T04:00:00Z,71.62,71.62,70.21,70.465,432377
2023-07-11T04:00:00Z,69.69,71.32,69.69,71.285,170064
2023-07-10T04:00:00Z,68.865,69.52,68.85,69.335,172153
2023-07-07T04:00:00Z,69.545,70.22,69.03,69.165,212388
2023-07-06T04:00:00Z,68.95,69.635,68.78,69.55,217762
2023-07-05T04:00:00Z,69.42,70.38,69.24,69.59,307285
2023-07-03T04:00:00Z,69.1,70.245,68.9,69.76,77750
2023-06-30T04:00:00Z,68.995,69.51,68.53,69.13,177781
2023-06-29T04:00:00Z,68.045,68.8,67.99,68.75,219433
2023-06-28T04:00:00Z,68.64,68.64,67.825,68.16,296749
2023-06-27T04:00:00Z,67.935,69.02,67.545,68.69,387545
2023-06-26T04:00:00Z,69.75,70.615,69.33,69.88,246590
2023-06-23T04:00:00Z,69.36,69.86,69.18,69.62,217812
2023-06-22T04:00:00Z,69.005,69.685,68.74,69.42,114082
2023-06-21T04:00:00Z,68.26,69.63,68.17,68.75,214977
2023-06-20T04:00:00Z,67.76,68.955,67.65,68.68,198813
2023-06-16T04:00:00Z,69.395,69.58,67.49,67.75,461902
2023-06-15T04:00:00Z,67.425,69.64,67.27,69.5,370371
2023-06-14T04:00:00Z,68.32,68.93,66.645,66.655,625241
2023-06-13T04:00:00Z,71.45,72.825,71.295,72.25,158370
2023-06-12T04:00:00Z,71.52,71.88,71.18,71.51,147198
2023-06-09T04:00:00Z,71.585,72.095,71.34,71.74,133889
2023-06-08T04:00:00Z,71.575,71.805,71,71.74,110823
2023-06-07T04:00:00Z,70.69,71.77,70.25,71.47,143492
2023-06-06T04:00:00Z,70.78,70.88,69.77,70.51,237836
2023-06-05T04:00:00Z,70.515,71.42,70.41,70.75,308001
2023-06-02T04:00:00Z,69.39,70.335,68.69,69.975,327227
2023-06-01T04:00:00Z,68.365,69.77,68.06,68.88,247956
2023-05-31T04:00:00Z,66.445,68.215,66.35,68.11,212613
2023-05-30T04:00:00Z,66.95,67.34,66.625,67.14,279357
2023-05-26T04:00:00Z,68.02,68.27,66.975,67.63,112222
2023-05-25T04:00:00Z,68.19,68.48,66.71,67.66,274179
2023-05-24T04:00:00Z,69.665,69.7,68.645,68.84,121084
2023-05-23T04:00:00Z,69.325,69.98,68.92,69.705,144954
2023-05-22T04:00:00Z,69.75,69.8,68.71,69.44,153034
2023-05-19T04:00:00Z,69.39,69.885,69.155,69.365,153519
2023-05-18T04:00:00Z,69.08,69.415,68.14,69.3,435280
2023-05-17T04:00:00Z,67.32,69.45,67.19,69.44,294083
2023-05-16T04:00:00Z,68.61,68.655,67.05,67.1,269626
2023-05-15T04:00:00Z,68.6,68.88,68.215,68.86,151532
2023-05-12T04:00:00Z,69.1,69.29,68.29,68.57,127616
2023-05-11T04:00:00Z,69.295,69.61,68.725,68.94,166663
2023-05-10T04:00:00Z,70.14,70.305,69.41,69.73,204086
2023-05-09T04:00:00Z,69.595,70.24,69.57,69.965,164881
2023-05-08T04:00:00Z,70.445,70.46,69.555,69.675,171089
2023-05-05T04:00:00Z,71,71.52,70.39,70.67,359228
2023-05-04T04:00:00Z,69.72,70.16,68.115,68.77,342045
2023-05-03T04:00:00Z,71.5,71.5,69.35,70.11,522935
2023-05-02T04:00:00Z,73.09,73.71,71.655,72.74,260786
2023-05-01T04:00:00Z,73.63,74.06,72.84,73.935,97407
2023-04-28T04:00:00Z,72.73,73.58,72.71,73.28,441093
2023-04-27T04:00:00Z,72.35,73.12,72.25,73.07,192490
2023-04-26T04:00:00Z,72.42,72.75,71.955,72.27,209888
2023-04-25T04:00:00Z,73.05,73.94,72.73,72.88,138275
2023-04-24T04:00:00Z,73.22,73.55,72.58,73.47,169642
2023-04-21T04:00:00Z,73.53,73.53,72.555,72.83,143259
2023-04-20T04:00:00Z,73.22,73.79,72.965,73.24,232217
2023-04-19T04:00:00Z,75.23,75.24,73.97,74.22,164139
2023-04-18T04:00:00Z,77.09,77.16,75.44,76.13,314702
2023-04-17T04:00:00Z,74.37,75.935,74.36,75.8,261142
2023-04-14T04:00:00Z,75.7,75.74,74.36,74.695,265326
2023-04-13T04:00:00Z,74.82,75.91,74.47,75.41,267858
2023-04-12T04:00:00Z,76.53,76.53,74.785,74.91,172719
2023-04-11T04:00:00Z,76.46,76.925,76.115,76.28,208278
2023-04-10T04:00:00Z,77.07,77.07,75.775,76.05,190134
2023-04-06T04:00:00Z,77.94,78.475,77.16,77.55,313759
2023-04-05T04:00:00Z,76.49,77.8,76.15,77.76,262920
2023-04-04T04:00:00Z,75.985,76.525,75.625,76.185,129801
2023-04-03T04:00:00Z,74.96,76.54,74.81,76.085,259102
2023-03-31T04:00:00Z,74.84,74.87,74.1,74.3,200418
2023-03-30T04:00:00Z,75.105,75.175,74.06,74.69,158902
2023-03-29T04:00:00Z,73.7,74.1,73.185,74.1,144632
2023-03-28T04:00:00Z,73.7,74.215,72.905,73.11,151465
2023-03-27T04:00:00Z,74.4,74.54,73.345,73.59,135514
2023-03-24T04:00:00Z,72.46,73.545,72.15,73.25,132510
2023-03-23T04:00:00Z,74.12,74.15,72.135,72.34,277272
2023-03-22T04:00:00Z,75.84,76.295,74.4,74.4,130773
2023-03-21T04:00:00Z,75.525,75.64,74.76,75.55,268621
2023-03-20T04:00:00Z,74.68,75.585,74.68,74.93,140196
2023-03-17T04:00:00Z,75.85,75.85,73.91,74.36,200046
2023-03-16T04:00:00Z,74.96,76.115,74.595,75.83,217849
2023-03-15T04:00:00Z,74.85,75.42,74.545,75.4,265965
2023-03-14T04:00:00Z,76.68,76.79,74.805,75.51,222219
2023-03-13T04:00:00Z,76.41,77.61,75.93,76.3,202918
2023-03-10T05:00:00Z,77.045,78.15,76.9,77.11,207161
2023-03-09T05:00:00Z,79.91,79.96,76.675,76.99,285504
2023-03-08T05:00:00Z,80.26,80.64,79.55,79.795,195552
2023-03-07T05:00:00Z,82.905,82.96,80.245,80.46,220607
2023-03-06T05:00:00Z,81.96,82.99,81.74,82.97,178532
2023-03-03T05:00:00Z,81.925,81.95,81.22,81.79,268635
2023-03-02T05:00:00Z,82.045,82.09,81.365,81.46,456408
2023-03-01T05:00:00Z,82.8,83.23,81.98,82.48,209723
2023-02-28T05:00:00Z,84.87,84.91,83.145,83.56,301278
2023-02-27T05:00:00Z,86.115,86.255,84.635,84.825,187414
2023-02-24T05:00:00Z,86.58,86.675,85.48,85.78,288747
2023-02-23T05:00:00Z,87.395,87.885,86.75,86.88,149780
2023-02-22T05:00:00Z,87.66,87.66,86.965,87.21,164498
2023-02-21T05:00:00Z,88.535,88.54,87.27,87.64,245803
2023-02-17T05:00:00Z,88.08,88.75,87.87,88.53,133231
2023-02-16T05:00:00Z,87.4,88.605,87.4,87.99,208288
2023-02-15T05:00:00Z,87.79,88.46,87.75,88.36,193417
2023-02-14T05:00:00Z,89.965,89.98,88.16,88.515,197477
2023-02-13T05:00:00Z,89.59,90.56,89.14,89.88,299880
2023-02-10T05:00:00Z,90.46,90.535,89.505,89.655,359709
2023-02-09T05:00:00Z,89.32,90.6,89.225,90.04,420463
2023-02-08T05:00:00Z,88.1,90.235,87.8,89,593778
2023-02-07T05:00:00Z,85.15,86.61,84.63,85.99,718094
2023-02-06T05:00:00Z,86.13,86.58,85.21,85.25,386824
2023-02-03T05:00:00Z,86.68,87.57,85.615,85.76,198455
2023-02-02T05:00:00Z,86.68,86.96,85.46,86.14,364503
2023-02-01T05:00:00Z,88,88.145,86.68,87.48,189813
2023-01-31T05:00:00Z,87.48,88.48,87.28,88.21,282843
2023-01-30T05:00:00Z,87.88,88.36,86.995,87.05,204048
2023-01-27T05:00:00Z,87.77,88.12,87.02,87.75,189399
2023-01-26T05:00:00Z,86.45,87.755,86.05,87.665,349455
2023-01-25T05:00:00Z,85.5,86,84.83,85.79,644097
2023-01-24T05:00:00Z,86.935,87.005,85.95,86.015,479070
2023-01-23T05:00:00Z,87.015,87.445,86.76,87.22,675634
2023-01-20T05:00:00Z,87.32,87.48,86.75,87,294789
2023-01-19T05:00:00Z,87.765,88.265,87.07,87.48,419802
2023-01-18T05:00:00Z,89.48,89.73,88.035,88.15,315424
2023-01-17T05:00:00Z,90.43,90.53,89.12,89.34,382988
2023-01-13T05:00:00Z,88.67,90.37,88.57,90.02,394751
2023-01-12T05:00:00Z,89.58,89.96,89.04,89.205,214999
2023-01-11T05:00:00Z,91.56,91.56,89.36,89.75,544446
2023-01-10T05:00:00Z,90.51,91.345,88.565,90.65,586624
2023-01-09T05:00:00Z,92.1,93.17,91.44,91.55,280863
2023-01-06T05:00:00Z,91.25,91.9,91.02,91.68,287703
2023-01-05T05:00:00Z,91.56,92.08,90.44,90.51,418384
2023-01-04T05:00:00Z,93.31,93.36,91.66,92,263750
2023-01-03T05:00:00Z,92.02,93.05,91.11,92.94,254168
2022-12-30T05:00:00Z,93.19,93.415,92.495,93.19,112741
2022-12-29T05:00:00Z,93.215,93.74,93.06,93.37,140797
2022-12-28T05:00:00Z,93.285,93.66,92.6,92.76,211534
2022-12-27T05:00:00Z,93.1,93.225,92.185,93.02,211512
2022-12-23T05:00:00Z,93.22,94.19,93.165,93.59,1821847
2022-12-22T05:00:00Z,93.6,93.88,92.485,93.395,673286
2022-12-21T05:00:00Z,95.54,95.57,93.02,94.12,247018
2022-12-20T05:00:00Z,94.8,95.39,94.145,95,527301
2022-12-19T05:00:00Z,95.3,96.19,94.7,95.04,136309
2022-12-16T05:00:00Z,96.62,96.65,94.58,95.45,291975
2022-12-15T05:00:00Z,99.6,99.6,97.115,97.59,246119
2022-12-14T05:00:00Z,101.705,101.79,99.51,100.68,174654
2022-12-13T05:00:00Z,104.56,104.62,100.8,101.19,223617
2022-12-12T05:00:00Z,101.765,103.78,101.765,103.78,125455
2022-12-09T05:00:00Z,102.26,102.69,101.53,101.65,128729
2022-12-08T05:00:00Z,102.38,103.79,102.295,102.51,162483
2022-12-07T05:00:00Z,101.465,102.335,101.395,102.3,156503
2022-12-06T05:00:00Z,102.345,102.71,100.54,101.18,132830
2022-12-05T05:00:00Z,101.85,102.81,101.755,102.01,103883
2022-12-02T05:00:00Z,101.28,102.73,101.12,102.59,176392
2022-12-01T05:00:00Z,101.97,102.51,100.99,101.67,172114
2022-11-30T05:00:00Z,100.79,102.02,99.86,101.87,209276
2022-11-29T05:00:00Z,100.15,101.07,100.14,100.86,129239
2022-11-28T05:00:00Z,100.76,102.06,100.08,100.425,208968
2022-11-25T05:00:00Z,100.41,101.54,100.4,101.29,98123
2022-11-23T05:00:00Z,99.7,100.595,99.7,100.09,112152
2022-11-22T05:00:00Z,99.15,99.79,98.61,99.52,136892
2022-11-21T05:00:00Z,97.275,98.27,97.275,97.93,209258
2022-11-18T05:00:00Z,95.71,97.48,95.71,97.45,230545
2022-11-17T05:00:00Z,95.655,96.37,94.75,94.9,256598
2022-11-16T05:00:00Z,98.51,98.82,95.83,96.09,270120
2022-11-15T05:00:00Z,97.815,98.65,97.2,97.71,219619
2022-11-14T05:00:00Z,98.345,98.82,97.15,97.15,271132
2022-11-11T05:00:00Z,99.835,99.835,95.05,97.53,367317
2022-11-10T05:00:00Z,101.62,101.64,98.39,99.85,262961
2022-11-09T05:00:00Z,101.54,101.965,99.455,99.58,196507
2022-11-08T05:00:00Z,101.345,102.77,101.03,101.73,258590
2022-11-07T05:00:00Z,99.41,101.43,99.41,101.19,211198
2022-11-04T04:00:00Z,98.645,99.85,97.83,99.64,480478
2022-11-03T04:00:00Z,96.25,98.45,95.33,97.82,543821
2022-11-02T04:00:00Z,96.605,99.4,96,96.71,933551
2022-11-01T04:00:00Z,94.595,95.105,93.52,94.58,369829
2022-10-31T04:00:00Z,93.325,95.835,92.97,94.69,258393
2022-10-28T04:00:00Z,92.93,94.71,92.54,94.18,288231
2022-10-27T04:00:00Z,92.97,93.72,92.56,92.685,225920
2022-10-26T04:00:00Z,93.105,93.91,92.73,92.81,212549
2022-10-25T04:00:00Z,91.18,92.66,90.8,92.18,377472
2022-10-24T04:00:00Z,93.98,95.38,93.89,94.89,176499
2022-10-21T04:00:00Z,90.71,93.13,90.15,92.73,222066
2022-10-20T04:00:00Z,91.48,92.05,90.65,90.955,156565
2022-10-19T04:00:00Z,92.055,92.72,91.13,91.75,321699
2022-10-18T04:00:00Z,92.48,92.575,90.87,91.97,280154
2022-10-17T04:00:00Z,89.97,91.07,89.68,90.93,187605
2022-10-14T04:00:00Z,90.87,90.94,89.16,89.42,242980
2022-10-13T04:00:00Z,86.62,90.52,86.44,90.12,192924
2022-10-12T04:00:00Z,88.71,89.505,87.82,87.82,158806
2022-10-11T04:00:00Z,87.74,89.69,86.74,88.51,258904
2022-10-10T04:00:00Z,87.75,89.905,87.26,88.25,208301
2022-10-07T04:00:00Z,93.2,94,87.13,88.26,754007
2022-10-06T04:00:00Z,99.73,100.15,98.4,98.55,182884
2022-10-05T04:00:00Z,100.025,101.05,99.375,100.45,104131
2022-10-04T04:00:00Z,98.17,100.605,97.62,100.53,198791
2022-10-03T04:00:00Z,95.94,98.125,95.385,97.77,139483
2022-09-30T04:00:00Z,97.145,97.79,95.27,95.45,160893
2022-09-29T04:00:00Z,97.955,98.035,96.11,96.95,239977
2022-09-28T04:00:00Z,97.89,98.81,96.91,98.08,165887
2022-09-27T04:00:00Z,98.215,99.29,96.9,97.22,157014
2022-09-26T04:00:00Z,97.615,98.34,96.87,97.83,135025
2022-09-23T04:00:00Z,99.32,99.33,96.97,98.39,244636
2022-09-22T04:00:00Z,99.67,100.92,99.03,99.83,173727
2022-09-21T04:00:00Z,102.12,102.94,99.76,99.77,166542
2022-09-20T04:00:00Z,101.54,101.92,100.37,101.345,160143
2022-09-19T04:00:00Z,100.87,102.17,100.34,102.12,151020
2022-09-16T04:00:00Z,102.22,102.365,101.02,102.08,192727
2022-09-15T04:00:00Z,102.08,103.405,101.885,102.35,229035
2022-09-14T04:00:00Z,100.89,101.7,100.21,101.05,198341
2022-09-13T04:00:00Z,101.91,102.61,100.19,100.45,150421
2022-09-12T04:00:00Z,102.755,103.59,102.4,103.055,142301
2022-09-09T04:00:00Z,102.61,102.8,101.95,102.15,164669
2022-09-08T04:00:00Z,100.45,102.35,100.08,102.24,184810
2022-09-07T04:00:00Z,98.835,101.08,98.74,100.74,211238
2022-09-06T04:00:00Z,99.795,99.91,97.795,98.75,211422
2022-09-02T04:00:00Z,100.2,101.32,99.03,99.47,195316
2022-09-01T04:00:00Z,97.99,99.965,97.98,99.92,184736
2022-08-31T04:00:00Z,98.71,99.77,98.1,98.15,196118
2022-08-30T04:00:00Z,100.17,100.18,98.55,98.77,210037
2022-08-29T04:00:00Z,99.43,100.85,98.96,100.34,174977
2022-08-26T04:00:00Z,102.09,102.45,99.98,100.06,132484
2022-08-25T04:00:00Z,101.125,102.18,100.75,102.18,139079
2022-08-24T04:00:00Z,100.98,101.395,100.285,101.24,147574
2022-08-23T04:00:00Z,101.64,101.815,100.985,101.13,84703
2022-08-22T04:00:00Z,103.19,103.48,101.665,102.37,145168
2022-08-19T04:00:00Z,103.525,104.59,102.955,104.06,135436
2022-08-18T04:00:00Z,104.7,104.83,102.755,103.645,205080
2022-08-17T04:00:00Z,105.72,106.42,104.78,104.875,178203
2022-08-16T04:00:00Z,106.38,107.2,106.02,106.415,152687
2022-08-15T04:00:00Z,106.105,106.68,104.93,106.25,98579
2022-08-12T04:00:00Z,104.95,106.865,104.875,106.34,199841
2022-08-11T04:00:00Z,103.92,105.46,103.89,104.26,207162
2022-08-10T04:00:00Z,104.55,104.55,103.495,104.02,203976
2022-08-09T04:00:00Z,103.09,104.325,102.93,103.685,126797
2022-08-08T04:00:00Z,102.4,102.74,101.58,102.01,232684
2022-08-05T04:00:00Z,101.59,103.535,101.59,102.31,166391
2022-08-04T04:00:00Z,102.16,104.4,101.75,101.86,377380
2022-08-03T04:00:00Z,97.99,101.83,97.99,101.31,544218
2022-08-02T04:00:00Z,96.285,96.5,95.12,95.38,147279
2022-08-01T04:00:00Z,95.035,96.54,95.035,96.015,159288
2022-07-29T04:00:00Z,95.74,96.04,95.17,95.76,220889
2022-07-28T04:00:00Z,95.905,96.18,94.61,95.52,198702
2022-07-27T04:00:00Z,95.26,96.2,94.175,95.88,146581
2022-07-26T04:00:00Z,94.515,95.58,94.515,95.28,142702
2022-07-25T04:00:00Z,94.41,95.7,94.14,94.49,156985
2022-07-22T04:00:00Z,94,94.43,93.19,94.07,152092
2022-07-21T04:00:00Z,92.37,93.45,92.18,93.02,337402
2022-07-20T04:00:00Z,96.46,96.46,94.36,95.13,141943
2022-07-19T04:00:00Z,95.455,97.11,95.26,96.75,210268
2022-07-18T04:00:00Z,95.63,95.63,93.99,94.26,105777
2022-07-15T04:00:00Z,94.5,95.8,93.75,95.37,163510
2022-07-14T04:00:00Z,91.79,92.98,90.99,92.81,173253
2022-07-13T04:00:00Z,94.17,94.89,93.11,93.43,167352
2022-07-12T04:00:00Z,94.65,96.29,94.53,95.05,286683
2022-07-11T04:00:00Z,93.915,95.34,93.915,94.72,178535
2022-07-08T04:00:00Z,93.645,95.38,93.61,94.18,132034
2022-07-07T04:00:00Z,94,94.41,93.465,93.67,160580
2022-07-06T04:00:00Z,92.49,93.815,92.28,93.19,139263
2022-07-05T04:00:00Z,92.99,93,90.61,92.53,156470
2022-07-01T04:00:00Z,92.71,94.1,91.56,93.93,226337
2022-06-30T04:00:00Z,92.615,93.32,92.12,92.69,247438
2022-06-29T04:00:00Z,93.5,94.25,93.145,93.32,234434
2022-06-28T04:00:00Z,94.82,95.95,92.95,93.225,188610
2022-06-27T04:00:00Z,94.42,94.99,94.1,94.48,154814
2022-06-24T04:00:00Z,93.1,94.78,92.41,94.565,220791
2022-06-23T04:00:00Z,91.805,92.88,91.36,92.345,197410
2022-06-22T04:00:00Z,90.46,92.85,90.46,91.34,213159
2022-06-21T04:00:00Z,90.33,91.73,89.66,91.08,254025
2022-06-17T04:00:00Z,90.265,91.07,88.42,88.64,224158
2022-06-16T04:00:00Z,90.1,90.59,89.105,89.87,185745
2022-06-15T04:00:00Z,91.01,92.23,90.165,91.4,252392
2022-06-14T04:00:00Z,91.1,91.94,90.01,90.72,199716
2022-06-13T04:00:00Z,91.95,92.86,90.46,90.89,287328
2022-06-10T04:00:00Z,91.57,93.98,91.37,93.12,190583
2022-06-09T04:00:00Z,93.82,94.67,92.74,92.74,152496
2022-06-08T04:00:00Z,95.14,95.14,93.51,93.87,210051
2022-06-07T04:00:00Z,94.785,96.12,94.225,95.9,277751
2022-06-06T04:00:00Z,95.115,96.31,94.79,95.73,242857
2022-06-03T04:00:00Z,97.05,97.05,94.71,94.88,269082
2022-06-02T04:00:00Z,96.59,97.27,94.535,97.21,155900
2022-06-01T04:00:00Z,97.34,97.72,95.22,96.56,180932
2022-05-31T04:00:00Z,97.545,98.16,96.42,96.78,244349
2022-05-27T04:00:00Z,96.44,98.1,95.8,98.04,136237
2022-05-26T04:00:00Z,97.87,98.815,97.64,97.83,140775
2022-05-25T04:00:00Z,96.925,98.02,96.57,97.1,164494
2022-05-24T04:00:00Z,95.97,96.995,94.815,96.55,202096
2022-05-23T04:00:00Z,95.945,97.02,95.01,95.58,201031
2022-05-20T04:00:00Z,93.25,95.225,92.945,95,283418
2022-05-19T04:00:00Z,92.955,93.675,91.5,93.17,321343
2022-05-18T04:00:00Z,98.415,98.425,92.955,94.03,348840
2022-05-17T04:00:00Z,98.89,99.505,97.985,99.43,164253
2022-05-16T04:00:00Z,97.98,99.335,97.1,98.56,97827
2022-05-13T04:00:00Z,98.62,98.62,96.6,97.44,251332
2022-05-12T04:00:00Z,97.75,98.25,96.29,98.25,281920
2022-05-11T04:00:00Z,98.19,99.835,97.91,97.96,212718
2022-05-10T04:00:00Z,99.63,100.1,97.76,98.14,237303
2022-05-09T04:00:00Z,99.58,100.125,98.39,98.85,250894
2022-05-06T04:00:00Z,97.66,100.92,97.66,100.67,296724
2022-05-05T04:00:00Z,100.57,100.57,96.55,97.7,407306
2022-05-04T04:00:00Z,96.775,101.21,95.67,100.62,386261
2022-05-03T04:00:00Z,97.07,97.72,95.95,95.96,301741
2022-05-02T04:00:00Z,96.385,97.29,95.03,96.5,325775
2022-04-29T04:00:00Z,100.21,100.21,95.9,96.17,408901
2022-04-28T04:00:00Z,101.68,102.54,100.385,100.96,288943
2022-04-27T04:00:00Z,101.515,102.33,99.83,100.85,220968
2022-04-26T04:00:00Z,101.18,102.88,101.18,101.47,163263
2022-04-25T04:00:00Z,101.79,102.245,99.21,101.79,199749
2022-04-22T04:00:00Z,103.9,104.01,101.61,101.73,186093
2022-04-21T04:00:00Z,106.135,106.37,104.88,105.19,127022
2022-04-20T04:00:00Z,105.11,107.6,104.93,106.65,258539
2022-04-19T04:00:00Z,103.8,104.4,102.95,103.87,120694
2022-04-18T04:00:00Z,103.37,104.43,103.005,103.42,131060
2022-04-14T04:00:00Z,105.35,105.71,103.62,103.62,129323
2022-04-13T04:00:00Z,104.36,105.65,103.215,105.02,194839
2022-04-12T04:00:00Z,104.365,105.01,103.85,104.7,195769
2022-04-11T04:00:00Z,106.375,107.685,104.19,104.47,303908
2022-04-08T04:00:00Z,104.34,107.49,103.56,106.75,324417
2022-04-07T04:00:00Z,102.03,103.96,101.34,103.57,204485
2022-04-06T04:00:00Z,100.03,102.27,99.83,102.05,367551
2022-04-05T04:00:00Z,99.465,101.26,99.19,99.47,248387
2022-04-04T04:00:00Z,100.2,100.46,98.68,100.01,306255
2022-04-01T04:00:00Z,100.81,102.12,100.3,101.08,291324
2022-03-31T04:00:00Z,101.84,102.76,101.25,101.27,245431
2022-03-30T04:00:00Z,104.79,105.355,102.33,103.55,246146
2022-03-29T04:00:00Z,106.72,107.15,103.92,104.69,291693
2022-03-28T04:00:00Z,108,108.23,106.92,108.06,162460
2022-03-25T04:00:00Z,107.71,108.84,107.4,108.56,138304
2022-03-24T04:00:00Z,106.44,108.02,106.27,108.005,119858
2022-03-23T04:00:00Z,107.77,107.77,106.15,106.18,84189
2022-03-22T04:00:00Z,107.99,108.12,106.36,107.225,107080
2022-03-21T04:00:00Z,107.85,109.67,106.9,107.36,171487
2022-03-18T04:00:00Z,108.53,108.595,106.55,107.37,185225
2022-03-17T04:00:00Z,106.91,108.635,105.79,108.56,401090
2022-03-16T04:00:00Z,107.04,107.305,105.53,107.16,210846
2022-03-15T04:00:00Z,104.97,107.44,104.64,107.03,258571
2022-03-14T04:00:00Z,103.81,104.59,101.09,104.49,238223
2022-03-11T05:00:00Z,104.23,105.17,103.39,103.47,198023
2022-03-10T05:00:00Z,103.21,104.26,102.63,104.08,170260
2022-03-09T05:00:00Z,104.44,104.915,102.385,103.59,396555
2022-03-07T05:00:00Z,104.41,106.8,103.815,104.57,228156
2022-03-04T05:00:00Z,102.52,105.26,102.45,105.19,197334
2022-03-03T05:00:00Z,104.69,105.7,103.54,104.55,289596
2022-03-02T05:00:00Z,103.01,105.02,102.66,104.42,165365
2022-03-01T05:00:00Z,103.22,103.36,100.99,102.11,277113
2022-02-28T05:00:00Z,101.4,103.71,101.335,103.66,198675
2022-02-25T05:00:00Z,101.49,104.83,101.235,104.255,331120
2022-02-24T05:00:00Z,100.42,100.925,98.46,100.82,502979
2022-02-23T05:00:00Z,102.56,103.44,101.975,102.21,218281
2022-02-22T05:00:00Z,102.2,102.74,101.03,101.93,238964
2022-02-18T05:00:00Z,102.45,102.98,101.23,102.12,190549
2022-02-17T05:00:00Z,103.77,103.79,102.07,102.29,168399
2022-02-16T05:00:00Z,102.99,104.24,102.85,103.96,238997
2022-02-15T05:00:00Z,103.9,104.5,102.55,102.98,187008
2022-02-14T05:00:00Z,104.1,104.15,102.04,103,289151
2022-02-11T05:00:00Z,105.21,106.13,104.09,104.25,241430
2022-02-10T05:00:00Z,104.465,106.63,104.465,105.31,329885
2022-02-09T05:00:00Z,107.17,108.2,104.14,104.76,711289
2022-02-08T05:00:00Z,108.99,111.24,108.97,110.86,463266
2022-02-07T05:00:00Z,108.93,109.805,107.95,109.5,190255
2022-02-04T05:00:00Z,107.59,109.5,107.16,108.5,157743
2022-02-03T05:00:00Z,109.97,110.09,108.32,108.68,251097
2022-02-02T05:00:00Z,105.82,109.045,105.695,108.9,368203
2022-02-01T05:00:00Z,106.15,107.095,105.22,106.31,434127
2022-01-31T05:00:00Z,108.5,108.5,105.45,106.47,603599
2022-01-28T05:00:00Z,106.82,109.325,106.25,109.3,435656
2022-01-27T05:00:00Z,105.295,107.545,105.27,106.78,738338
2022-01-26T05:00:00Z,103.58,105.305,103.25,105.14,627824
2022-01-25T05:00:00Z,102.46,103.4,100.95,103.075,202832
2022-01-24T05:00:00Z,100.92,102.1,100.27,101.815,92946
2022-01-21T05:00:00Z,102.98,103.41,101.045,101.64,181571
2022-01-20T05:00:00Z,103,103.84,102.24,102.4,196269
2022-01-19T05:00:00Z,104.79,105.71,103.43,103.52,162869
2022-01-18T05:00:00Z,105.96,106.06,104.04,104.51,439551
2022-01-14T05:00:00Z,105.57,106.45,105.05,106.23,247186
2022-01-13T05:00:00Z,105.2,105.95,104.22,105.26,287463
2022-01-12T05:00:00Z,105.435,106.44,105.12,105.8,175348
2022-01-11T05:00:00Z,106.11,107.26,105.36,106.05,268739
2022-01-10T05:00:00Z,103.995,105.22,103.19,105.06,209063
2022-01-07T05:00:00Z,102.38,104.79,101.345,104.18,282916
2022-01-06T05:00:00Z,105.37,105.72,102.415,102.615,364998
2022-01-05T05:00:00Z,104.67,106.5,104.67,105.81,279909
2022-01-04T05:00:00Z,104.37,105.41,103.81,104.29,229242
2022-01-03T05:00:00Z,102.9,104.34,102.39,104.155,169036
2021-12-31T05:00:00Z,103.55,103.73,103.13,103.16,100423
2021-12-30T05:00:00Z,103.98,104.43,103.48,103.71,95583
2021-12-29T05:00:00Z,103.1,103.84,103.07,103.75,96875
2021-12-28T05:00:00Z,102.58,103.24,102.575,102.84,91133
2021-12-27T05:00:00Z,101.87,102.4,101.62,102.4,71780
2021-12-23T05:00:00Z,101.28,101.85,101.14,101.29,90418
2021-12-22T05:00:00Z,100.84,101.315,100.06,100.87,113504
2021-12-21T05:00:00Z,100.99,101.435,100.42,100.77,194930
2021-12-20T05:00:00Z,99.88,100.46,98.675,100.3,198444
2021-12-17T05:00:00Z,101.12,101.2,99.37,100.34,225146
2021-12-16T05:00:00Z,100.55,102.15,100.3,101.18,173715
2021-12-15T05:00:00Z,99,100.63,98.41,100.57,577149
2021-12-14T05:00:00Z,99.79,100.97,98.63,98.78,194834
2021-12-13T05:00:00Z,98.95,99.315,97.92,98.9,175325
2021-12-10T05:00:00Z,97.705,99.105,97.12,98.86,325760
2021-12-09T05:00:00Z,94.86,97.76,94.26,97.3,524364
2021-12-08T05:00:00Z,93.33,94.27,92.515,93.09,251008
2021-12-07T05:00:00Z,93.02,93.42,92.73,92.91,104714
2021-12-06T05:00:00Z,91.77,93.43,91.77,92.63,314192
2021-12-03T05:00:00Z,90.675,91.54,90.13,90.89,165784
2021-12-02T05:00:00Z,89.29,91.18,88.85,89.95,205594
2021-12-01T05:00:00Z,90.19,91.06,88.81,88.84,178717
2021-11-30T05:00:00Z,91.32,91.63,88.93,89.1,212399
2021-11-29T05:00:00Z,91.9,92.7,91.11,92.02,210667
2021-11-26T05:00:00Z,91.15,92.21,90.92,91.495,99763
2021-11-24T05:00:00Z,93.15,93.84,92.24,92.63,280008
2021-11-23T05:00:00Z,93.085,94.23,92.23,93.64,199138
2021-11-22T05:00:00Z,93.125,94.45,92.99,93.015,149774
2021-11-19T05:00:00Z,95.05,95.05,92.335,93.15,281245
2021-11-18T05:00:00Z,93.05,95.67,92.78,95.36,491490
2021-11-17T05:00:00Z,92.65,93.055,92.12,92.72,171612
2021-11-16T05:00:00Z,93.88,94.13,92.84,92.93,128299
2021-11-15T05:00:00Z,93.94,94.27,93.43,93.49,64829
2021-11-12T05:00:00Z,94.675,95.32,93.38,94.01,159849
2021-11-11T05:00:00Z,92.785,94.5,92.61,94.23,113894
2021-11-10T05:00:00Z,93.37,94.37,92.43,92.98,132151
2021-11-09T05:00:00Z,93.74,93.96,92.59,92.75,74047
2021-11-08T05:00:00Z,94.02,94.51,93.6,93.765,66633
2021-11-05T04:00:00Z,94.79,95.77,93.08,93.8,274158
2021-11-04T04:00:00Z,96.2,96.23,94.04,94.53,274620
2021-11-03T04:00:00Z,92.57,96.53,92.23,96.39,415518
2021-11-02T04:00:00Z,90.96,91.41,90.23,91.09,270453
2021-11-01T04:00:00Z,89.73,91.1,89.59,90.65,207661
2021-10-29T04:00:00Z,88.18,89.52,88.12,89.315,101275
2021-10-28T04:00:00Z,88.41,88.81,87.9,88.61,112183
2021-10-27T04:00:00Z,88.435,88.76,87.71,88.09,155666
2021-10-26T04:00:00Z,87.71,88.63,86.61,88.32,124196
2021-10-22T04:00:00Z,86.84,87.59,86.31,87.52,117456
2021-10-21T04:00:00Z,85.77,86.88,85.76,86.85,98847
2021-10-20T04:00:00Z,85.02,86.82,85.02,86.54,111007
2021-10-19T04:00:00Z,84.98,85.28,84.65,84.86,73250
2021-10-18T04:00:00Z,85.53,85.53,84.115,84.47,88484
2021-10-15T04:00:00Z,85,86.27,85,85.84,148925
2021-10-14T04:00:00Z,84.4,85.405,82.94,84.565,202716
2021-10-13T04:00:00Z,83.54,83.54,82.2,83.14,194212
2021-10-12T04:00:00Z,84.43,84.65,83.58,83.77,61675
2021-10-11T04:00:00Z,84.45,85.31,84.245,84.29,49579
2021-10-08T04:00:00Z,84.46,84.7,83.94,84.365,86957
2021-10-07T04:00:00Z,83.47,84.66,83.47,84.2,121943
2021-10-06T04:00:00Z,82.64,83.405,81.82,83.15,100241
2021-10-05T04:00:00Z,83.85,84.88,83.565,83.64,136440
2021-10-04T04:00:00Z,83.93,85.45,83.12,83.805,187860
2021-10-01T04:00:00Z,84.82,84.86,82.37,84.08,222185
2021-09-30T04:00:00Z,87.12,87.41,84.81,84.81,130314
2021-09-29T04:00:00Z,85.65,87.23,85.48,86.8,117171
2021-09-28T04:00:00Z,85.65,86.22,85.32,85.65,171654
2021-09-27T04:00:00Z,84.67,86.425,84.56,85.7,118327
2021-09-24T04:00:00Z,84.935,85.33,84.5,84.74,140170
2021-09-23T04:00:00Z,84.07,85.61,83.89,84.87,208394
2021-09-22T04:00:00Z,84.49,84.88,83.825,83.84,207030
2021-09-21T04:00:00Z,84.73,85.61,83.885,83.93,194628
2021-09-20T04:00:00Z,84.61,85.39,83.58,84.625,144777
2021-09-17T04:00:00Z,84.91,85.82,84.91,85.49,173042
2021-09-16T04:00:00Z,85.97,86.18,84.58,85.36,146300
2021-09-15T04:00:00Z,83.69,85.965,83.69,85.53,124088
2021-09-14T04:00:00Z,84.76,85.035,83.675,83.88,100440
2021-09-13T04:00:00Z,84.2,85.165,84.035,84.535,111001
2021-09-10T04:00:00Z,85.57,85.59,83.4,83.79,200556
2021-09-09T04:00:00Z,85.82,86.035,85.235,85.44,85146
2021-09-08T04:00:00Z,86.44,86.605,85.31,86.205,72719
2021-09-07T04:00:00Z,87.06,87.33,85.9,86.59,115576
2021-09-03T04:00:00Z,87.1,87.785,86.665,87.46,198861
2021-09-02T04:00:00Z,86.02,87.5,86.02,86.96,220815
2021-09-01T04:00:00Z,86.205,86.205,83.89,85.69,159950
2021-08-31T04:00:00Z,84.74,86.87,84.725,86.4,312285
2021-08-30T04:00:00Z,83.81,84.675,83.44,84.635,122650
2021-08-27T04:00:00Z,83.12,83.75,83.12,83.735,78221
2021-08-26T04:00:00Z,83.48,83.55,82.5,83.025,76444
2021-08-25T04:00:00Z,83.58,84.16,82.97,83.58,67251
2021-08-24T04:00:00Z,84.51,84.51,83.79,83.79,72145
2021-08-23T04:00:00Z,85.32,85.81,84.515,84.59,68803
2021-08-20T04:00:00Z,84.15,84.96,83.76,84.86,89267
2021-08-19T04:00:00Z,84.02,84.91,83.53,84.23,143027
2021-08-18T04:00:00Z,86.28,86.46,84.55,84.585,110097
2021-08-17T04:00:00Z,85.25,86.73,85.19,86.46,200539
2021-08-16T04:00:00Z,84.41,85.49,83.91,85.38,91531
2021-08-13T04:00:00Z,85.08,85.43,84.23,84.35,148702
2021-08-12T04:00:00Z,85.035,85.485,84.21,85.15,219943
2021-08-11T04:00:00Z,83.67,85.145,83.64,85.01,298539
2021-08-10T04:00:00Z,81.655,83.3,81.26,83.22,196523
2021-08-09T04:00:00Z,81.16,81.89,80.84,81.67,134785
2021-08-06T04:00:00Z,80.72,81.72,80.53,81.245,252980
2021-08-05T04:00:00Z,81.61,81.63,79.34,80.06,341815
2021-08-04T04:00:00Z,80.29,83.19,80.04,81.53,544681
2021-08-03T04:00:00Z,82.63,84.16,81.68,84,379754
2021-08-02T04:00:00Z,82.45,82.87,82.045,82.405,121176
2021-07-30T04:00:00Z,82.96,83.44,82.14,82.37,226890
2021-07-29T04:00:00Z,83.85,84.12,82.8,83.075,196880
2021-07-28T04:00:00Z,83.45,83.635,82.53,83.315,82904
2021-07-27T04:00:00Z,82.45,83.68,82.4,83.64,174186
2021-07-26T04:00:00Z,83.46,84.185,82.725,82.86,125859
2021-07-23T04:00:00Z,82.96,83.615,82.85,83.26,102247
2021-07-22T04:00:00Z,82.68,82.8,81.95,82.62,129113
2021-07-21T04:00:00Z,82.46,83.21,82.175,83.06,205253
2021-07-20T04:00:00Z,80.875,82.87,80.875,81.805,158646
2021-07-19T04:00:00Z,80.84,81.52,79.57,80.63,139751
2021-07-16T04:00:00Z,82.42,82.49,81.46,81.72,110374
2021-07-15T04:00:00Z,81.83,82.34,81.53,82.07,107402
2021-07-14T04:00:00Z,81.91,82.66,81.57,82.41,122012
2021-07-13T04:00:00Z,81.99,82.33,81.53,81.62,70835
2021-07-12T04:00:00Z,80.86,82.11,80.51,81.79,245657
2021-07-09T04:00:00Z,81.05,81.67,80.88,81.3,122931
2021-07-08T04:00:00Z,80.46,80.8,79.79,80.23,171461
2021-07-07T04:00:00Z,80.88,82.37,80.47,81.33,140774
2021-07-06T04:00:00Z,81.93,82.065,80.29,81.18,191210
2021-07-02T04:00:00Z,82.16,82.715,81.48,82.43,242250
2021-07-01T04:00:00Z,83.67,83.715,81.975,82.23,307764
2021-06-30T04:00:00Z,83.265,83.61,82.85,83.445,116221
2021-06-29T04:00:00Z,84.5,85.07,83.415,83.5,101233
2021-06-28T04:00:00Z,83.62,84.21,83.16,84.16,154524
2021-06-25T04:00:00Z,83.95,84.74,83.79,84.075,144258
2021-06-24T04:00:00Z,83.9,83.955,82.83,83.84,139773
2021-06-23T04:00:00Z,83.725,84.22,83.275,83.735,117295
2021-06-22T04:00:00Z,84.015,84.33,83.59,83.82,117789
2021-06-21T04:00:00Z,82.58,84.21,82.58,84.03,152283
2021-06-18T04:00:00Z,83.42,83.67,82.365,82.39,225361
2021-06-17T04:00:00Z,85.04,85.04,83.68,84.2,157540
2021-06-16T04:00:00Z,85.6,86.12,84.67,84.74,256598
2021-06-15T04:00:00Z,85.12,86.1,84.52,85.38,271739
2021-06-14T04:00:00Z,85.16,85.16,83.56,84.62,178962
2021-06-11T04:00:00Z,85.93,86.11,85.24,85.48,107102
2021-06-10T04:00:00Z,85.33,86.04,85.33,85.515,130561
2021-06-09T04:00:00Z,85.92,86.245,84.84,84.92,146184
2021-06-08T04:00:00Z,86,86.045,85.13,85.83,114672
2021-06-07T04:00:00Z,86.61,87.12,86.19,86.365,132599
2021-06-04T04:00:00Z,86.85,87.11,86.21,86.48,190086
2021-06-03T04:00:00Z,86.1,87.295,85.77,87.06,196668
2021-06-02T04:00:00Z,86.235,86.48,85.73,85.985,171294
2021-06-01T04:00:00Z,86.525,86.57,85.29,85.87,181489
2021-05-28T04:00:00Z,86.74,87.27,86.38,86.44,175509
2021-05-27T04:00:00Z,87.56,88.04,86.15,86.55,251998
2021-05-26T04:00:00Z,88.63,88.84,85.29,87.3,594537
2021-05-25T04:00:00Z,89.74,89.81,88.635,88.71,160879
2021-05-24T04:00:00Z,90.05,90.59,89.655,89.71,232456
2021-05-21T04:00:00Z,89.29,90.16,89.15,89.81,330468
2021-05-20T04:00:00Z,89.225,89.78,88.41,89.08,297737
2021-05-19T04:00:00Z,88.01,90.07,87.68,89.215,452829
2021-05-18T04:00:00Z,86.035,88.64,86,88.62,987991
2021-05-17T04:00:00Z,84.42,85.095,84.27,84.51,85378
2021-05-14T04:00:00Z,84.64,84.74,84.01,84.42,143152
2021-05-13T04:00:00Z,83.175,84.79,83.12,84.29,139755
2021-05-12T04:00:00Z,84.5,85.33,83.285,83.34,221564
2021-05-11T04:00:00Z,85.54,86,84.06,84.38,361811
2021-05-10T04:00:00Z,85.65,87.17,85.51,85.85,373198
2021-05-07T04:00:00Z,83.81,85.34,83.79,85.11,341506
2021-05-06T04:00:00Z,82.95,83.75,81.78,83.73,344304
2021-05-05T04:00:00Z,81.43,83.29,80.46,83.055,384541
2021-05-04T04:00:00Z,78.95,81.29,78.84,81.03,583694
2021-05-03T04:00:00Z,77,78.21,76.71,77.69,321197
2021-04-30T04:00:00Z,76.38,77.13,76.23,76.39,231669
2021-04-29T04:00:00Z,75.71,76.48,75.71,76.35,187265
2021-04-28T04:00:00Z,75.4,75.92,75.23,75.39,98270
2021-04-27T04:00:00Z,75.5,75.53,74.97,75.09,132116
2021-04-26T04:00:00Z,76.15,76.28,75.66,75.76,125445
2021-04-23T04:00:00Z,75.87,76.42,75.29,76.06,116882
2021-04-22T04:00:00Z,76.285,76.43,75.26,76.19,265047
2021-04-21T04:00:00Z,76.21,77.44,76.21,76.66,163827
2021-04-20T04:00:00Z,75.735,76.18,75.37,75.905,286823
2021-04-16T04:00:00Z,76.2,76.2,75.57,75.91,236235
2021-04-15T04:00:00Z,75.23,75.99,74.69,75.78,159956
2021-04-14T04:00:00Z,74.02,75.18,73.99,75.05,122041
2021-04-13T04:00:00Z,74.11,74.35,73.34,74.01,58588
2021-04-12T04:00:00Z,74.27,74.9,74.25,74.435,117803
2021-04-09T04:00:00Z,73.825,74.175,73.61,74.05,160368
2021-04-08T04:00:00Z,74.28,74.29,73.62,73.77,136696
2021-04-07T04:00:00Z,74.82,74.905,74.145,74.48,236251
2021-04-06T04:00:00Z,74.96,75.13,74.385,74.6,183468
2021-04-05T04:00:00Z,74.33,75.39,74.26,75.03,173455
2021-04-01T04:00:00Z,75.23,75.23,73.955,74.28,276244
2021-03-31T04:00:00Z,76.06,76.16,75.21,75.21,185508
2021-03-30T04:00:00Z,76.2,76.8,75.74,76.12,210675
2021-03-29T04:00:00Z,75.7,76.85,75.51,76.255,154777
2021-03-26T04:00:00Z,74.35,76,74.13,76,317282
2021-03-25T04:00:00Z,73.255,74.24,72.35,74.08,173081
2021-03-24T04:00:00Z,72.1,74.3,71.79,73.22,332119
2021-03-23T04:00:00Z,73.08,73.36,71.815,71.86,296335
2021-03-22T04:00:00Z,72.9,73.56,72.42,73.46,292037
2021-03-19T04:00:00Z,74.47,74.63,73.195,73.2,263465
2021-03-18T04:00:00Z,74,75.28,73.86,74.47,262470
2021-03-17T04:00:00Z,73.8,74.36,72.89,74.05,371425
2021-03-16T04:00:00Z,74.955,75.24,74.16,75.06,127972
2021-03-15T04:00:00Z,73.91,75.21,73.615,74.97,324030
2021-03-12T05:00:00Z,72.74,74.04,72.54,73.91,215808
2021-03-11T05:00:00Z,72.92,73.415,72.335,72.34,164260
2021-03-10T05:00:00Z,71.49,73.07,71.315,72.73,305531
2021-03-09T05:00:00Z,72.235,73.03,71.2,71.24,256452
2021-03-08T05:00:00Z,71.2,72.53,70.89,71.71,348809
2021-03-05T05:00:00Z,69.41,70.93,69.17,70.63,247657
2021-03-04T05:00:00Z,68.97,70.02,68.47,69.16,245518
2021-03-03T05:00:00Z,69.07,69.5,68.285,69.04,204584
2021-03-02T05:00:00Z,69.545,69.56,68.88,68.935,140886
2021-03-01T05:00:00Z,68.46,69.57,68.46,69.28,270624
2021-02-26T05:00:00Z,69.29,69.29,68.1,68.1,213002
2021-02-25T05:00:00Z,70.17,70.6,69.175,69.32,182290
2021-02-24T05:00:00Z,69.825,70.52,69.41,70.42,253248
2021-02-23T05:00:00Z,69.72,70.78,69.48,69.68,231794
2021-02-22T05:00:00Z,70.25,70.63,69.38,70.46,212260
2021-02-19T05:00:00Z,71.355,71.39,70.3,70.3,204254
2021-02-18T05:00:00Z,72.635,72.96,71.36,71.43,272298
2021-02-17T05:00:00Z,70.25,72.845,70.18,72.68,330113
2021-02-16T05:00:00Z,75.17,75.17,70.21,70.51,610322
2021-02-12T05:00:00Z,73.57,74.55,73.57,74.25,242324
2021-02-11T05:00:00Z,74.015,74.02,72.92,73.625,120718
2021-02-10T05:00:00Z,73.885,74.14,72.82,73.84,153863
2021-02-09T05:00:00Z,73.16,74.14,72.86,73.495,246353
2021-02-08T05:00:00Z,72.42,72.95,72.18,72.95,166807
2021-02-05T05:00:00Z,73.33,73.34,71.96,72.19,224987
2021-02-04T05:00:00Z,73.31,74.025,72.85,73.09,193027
2021-02-03T05:00:00Z,71.59,73.65,71.34,73.23,219153
2021-02-02T05:00:00Z,71.68,72.61,71.23,71.79,194689
2021-02-01T05:00:00Z,72,72.37,71.34,71.43,208093
2021-01-29T05:00:00Z,72.5,73.3,71.06,71.58,208116
2021-01-28T05:00:00Z,72.405,73.78,72.29,72.65,196315
2021-01-27T05:00:00Z,73.51,74.18,72.21,72.36,191922
2021-01-26T05:00:00Z,73.38,74.37,73.29,74.25,138436
2021-01-25T05:00:00Z,73.465,73.48,72.19,73.23,141512
2021-01-22T05:00:00Z,73.765,74.29,73.03,74.205,94910
2021-01-21T05:00:00Z,74.7,74.79,73.55,74.1,230275
2021-01-20T05:00:00Z,75.4,75.45,74.61,75.29,184694
2021-01-19T05:00:00Z,76.935,77,75.31,75.41,135694
2021-01-15T05:00:00Z,75,76.44,74.86,76.23,420387
2021-01-14T05:00:00Z,74.98,75.65,74.35,75.07,135737
2021-01-13T05:00:00Z,75.9,76.1,74.54,74.96,149638
2021-01-12T05:00:00Z,76.05,77.23,75.58,76.31,214504
2021-01-11T05:00:00Z,74.64,76.47,74.58,76.1,273195
2021-01-08T05:00:00Z,74.98,76.31,74.425,74.84,378472
2021-01-07T05:00:00Z,73.04,74.42,72.32,74.02,362457
2021-01-06T05:00:00Z,70,73.015,70,72.58,267315
2021-01-05T05:00:00Z,70.24,71.005,69.39,70.54,190250
2021-01-04T05:00:00Z,68.69,70.28,68.15,69.93,356388
2020-12-31T05:00:00Z,67.65,68.41,67.09,68.35,238463
2020-12-30T05:00:00Z,68.07,68.07,67.435,67.71,118639
2020-12-29T05:00:00Z,68.41,69.3,67.725,67.94,168236
2020-12-28T05:00:00Z,68.26,68.96,67.77,68.07,132899
2020-12-24T05:00:00Z,68.06,68.06,67.49,68.01,112315
2020-12-23T05:00:00Z,67.54,68.47,67.51,68.06,142597
2020-12-22T05:00:00Z,68.31,68.525,67.07,67.22,117450
2020-12-21T05:00:00Z,68.7,68.83,67.97,68.69,133575
2020-12-18T05:00:00Z,69.7,69.78,68.825,69.55,305483
2020-12-17T05:00:00Z,69.57,69.88,68.7,69.63,211253
2020-12-16T05:00:00Z,69.15,69.61,68.38,69.32,146626
2020-12-15T05:00:00Z,70.09,70.165,68.81,69.92,290884
2020-12-14T05:00:00Z,72.19,72.24,69.685,69.765,163567
2020-12-11T05:00:00Z,72.09,72.09,70.69,71.57,145339
2020-12-10T05:00:00Z,73.04,73.13,72.105,72.21,139589
2020-12-09T05:00:00Z,74.36,74.36,72.86,73.59,218124
2020-12-08T05:00:00Z,72.72,73.94,72.72,73.85,266487
2020-12-07T05:00:00Z,74.09,74.09,72.44,73.595,178140
2020-12-04T05:00:00Z,72.74,74.48,72.61,74.44,443910
2020-12-03T05:00:00Z,69.71,72.63,69.41,72.535,484289
2020-12-02T05:00:00Z,67.53,70.28,67.45,69.63,292679
2020-12-01T05:00:00Z,68.4,69.33,67.365,67.5,316019
2020-11-30T05:00:00Z,67.81,68.04,67.21,67.86,193358
2020-11-27T05:00:00Z,67.65,68.12,67.48,67.865,73966
2020-11-25T05:00:00Z,68.33,68.33,67.09,67.66,287949
2020-11-24T05:00:00Z,67.25,68.82,66.76,68.43,328248
2020-11-23T05:00:00Z,66.91,67.47,66.41,66.83,236136
2020-11-20T05:00:00Z,65.91,66.86,65.82,66.4,381051
2020-11-19T05:00:00Z,66.04,66.33,65.19,66.07,443945
2020-11-18T05:00:00Z,67.55,68.27,66.31,66.37,628539
2020-11-17T05:00:00Z,68.245,68.685,66.65,67.14,1514384
2020-11-16T05:00:00Z,73.45,74.04,72.5,73.51,665045
2020-11-13T05:00:00Z,69.725,71.17,69.08,71.035,300651
2020-11-12T05:00:00Z,69.08,69.9,68.5,69.385,270911
2020-11-11T05:00:00Z,70.13,71.005,69.475,69.48,433578
2020-11-10T05:00:00Z,68.39,70.65,68.03,70.19,961060
2020-11-09T05:00:00Z,69.28,69.58,65.82,67.53,628335
2020-11-06T05:00:00Z,63.135,67.33,63.05,64.89,2060861
2020-11-05T05:00:00Z,61.335,62.6,61.03,61.445,405279
2020-11-04T05:00:00Z,61.32,61.93,60.23,60.35,507098
2020-11-03T05:00:00Z,58.455,60.08,58.455,59.49,343038
2020-11-02T05:00:00Z,56.9,58.225,56.2,58.065,445763
2020-10-30T04:00:00Z,55.935,56.29,55.405,56.08,372508
2020-10-29T04:00:00Z,56.38,56.66,55.39,55.96,454930
2020-10-28T04:00:00Z,57.41,57.75,56.45,56.585,345124
2020-10-27T04:00:00Z,59.18,59.21,58.12,58.12,229956
2020-10-26T04:00:00Z,59.845,59.93,58.68,59.56,293558
2020-10-23T04:00:00Z,59.73,60.59,59.73,60.22,284572
2020-10-22T04:00:00Z,59.15,59.525,58.625,59.44,194768
2020-10-21T04:00:00Z,58.73,59.615,58.62,59.245,270256
2020-10-20T04:00:00Z,59.155,59.86,58.52,59.43,303882
2020-10-19T04:00:00Z,60.065,60.43,58.71,58.78,357973
2020-10-16T04:00:00Z,59.31,59.86,58.92,59.59,416257
2020-10-15T04:00:00Z,58.08,59.33,57.95,59.32,382413
2020-10-14T04:00:00Z,58.88,59.34,58.445,58.52,340603
2020-10-13T04:00:00Z,59.41,59.93,58.96,59.145,325249
2020-10-12T04:00:00Z,59.48,60.21,59.29,59.72,219196
2020-10-09T04:00:00Z,60.75,60.77,59.215,59.4,226149
2020-10-08T04:00:00Z,59.59,60.48,59.38,60.48,171298
2020-10-07T04:00:00Z,58.65,59.97,58.62,59.46,228030
2020-10-06T04:00:00Z,59.08,59.515,58.18,58.25,163059
2020-10-05T04:00:00Z,58.28,58.965,58.2,58.95,267790
2020-10-02T04:00:00Z,57.145,58.67,56.96,57.84,263759
2020-10-01T04:00:00Z,58.41,58.43,57.37,57.835,271234
2020-09-30T04:00:00Z,57.65,59.08,57.65,58.46,137144
2020-09-29T04:00:00Z,57.92,57.92,57.08,57.555,97138
2020-09-28T04:00:00Z,57.74,58.545,57.74,57.86,65496
2020-09-25T04:00:00Z,56.315,57.42,56.155,57.34,101215
2020-09-24T04:00:00Z,57.25,57.5,56.365,56.655,226228
2020-09-23T04:00:00Z,58.205,58.34,57.37,57.385,82025
2020-09-22T04:00:00Z,58.745,59.15,58.09,58.12,212663
2020-09-21T04:00:00Z,58.945,58.945,57.96,58.895,165429
2020-09-18T04:00:00Z,58.515,59.765,57.895,59.575,138153
2020-09-17T04:00:00Z,57.09,58.645,56.85,58.415,149947
2020-09-16T04:00:00Z,57.11,57.84,56.105,57.385,316280
2020-09-15T04:00:00Z,58.03,58.54,56.99,57.005,393864
2020-09-14T04:00:00Z,57.62,58.205,57.62,58.005,245870
2020-09-11T04:00:00Z,57.97,57.97,57.085,57.43,523939
2020-09-10T04:00:00Z,59.43,59.605,57.975,58.005,674367
2020-09-09T04:00:00Z,59.72,60.13,59.225,59.545,147399
2020-09-08T04:00:00Z,60.47,60.69,59.3,59.505,131456
2020-09-04T04:00:00Z,60.52,60.765,59.305,60.245,132945
2020-09-03T04:00:00Z,61.68,61.955,60.04,60.505,75865
2020-09-02T04:00:00Z,60.24,61.24,60.22,60.975,267711
2020-09-01T04:00:00Z,61.96,61.96,59.985,60.275,223627
2020-08-31T04:00:00Z,62.645,63.045,62.17,62.18,152775
2020-08-28T04:00:00Z,63.05,63.62,62.855,63.225,85807
2020-08-27T04:00:00Z,62.61,63.595,62.32,63.425,128225
2020-08-26T04:00:00Z,63.065,63.065,61.965,62.685,137506
2020-08-25T04:00:00Z,64.09,64.09,63.195,63.465,79593
2020-08-24T04:00:00Z,63.97,63.97,63.43,63.855,139036
2020-08-21T04:00:00Z,63.61,64.115,63.465,63.92,65676
2020-08-20T04:00:00Z,64.86,64.88,63.665,63.775,179903
2020-08-19T04:00:00Z,65.39,65.685,65,65.27,186017
2020-08-18T04:00:00Z,64.98,65.53,64.96,65.185,79936
2020-08-17T04:00:00Z,65.73,65.73,64.9,64.9,60769
2020-08-14T04:00:00Z,64.19,65.675,64.16,65.635,153574
2020-08-13T04:00:00Z,64.59,64.935,64.07,64.7,76735
2020-08-12T04:00:00Z,65.86,65.95,64.63,65.01,118741
2020-08-11T04:00:00Z,66.415,67.12,65.08,65.27,159888
2020-08-10T04:00:00Z,64.9,65.94,64.885,65.75,160726
2020-08-07T04:00:00Z,63.86,64.94,63.7,64.93,94668
2020-08-06T04:00:00Z,64.56,65.35,63.935,64.1,184872
2020-08-05T04:00:00Z,65.575,65.575,63.915,64.465,290583
2020-08-04T04:00:00Z,63.785,65.405,63.785,65.015,422076
2020-08-03T04:00:00Z,63.19,64.16,63.135,63.88,158471
2020-07-31T04:00:00Z,63.8,63.8,62.295,62.91,138050
2020-07-30T04:00:00Z,63.585,64.135,63.28,64.025,205124
2020-07-29T04:00:00Z,63.385,64.555,63.115,64.23,169714
2020-07-28T04:00:00Z,62.405,63.495,62.405,63.265,97988
2020-07-27T04:00:00Z,62.93,63.03,62.205,62.59,140094
