2024-06-14T04:00:00Z,49.5,49.59,47.42,48.72,302154
2024-06-13T04:00:00Z,50.405,50.405,49.405,50.18,86640
2024-06-12T04:00:00Z,50.03,51.165,49.875,50.6,203406
2024-06-11T04:00:00Z,50,50,49.055,49.31,115659
2024-06-10T04:00:00Z,50.225,50.815,50.085,50.52,93056
2024-06-07T04:00:00Z,50.135,50.68,50.02,50.44,108226
2024-06-06T04:00:00Z,51.28,51.635,50.315,50.435,102347
2024-06-05T04:00:00Z,50.12,51.69,49.82,50.83,267542
2024-06-04T04:00:00Z,50.62,51.36,49.315,49.865,128449
2024-06-03T04:00:00Z,51.385,51.575,50.58,50.655,47303
2024-05-31T04:00:00Z,50.36,51.07,50.235,51.05,137740
2024-05-30T04:00:00Z,50.02,50.14,49.44,50.12,83071
2024-05-29T04:00:00Z,48.84,50,48.31,49.92,244404
2024-05-28T04:00:00Z,51.665,51.71,50.205,50.285,89271
2024-05-24T04:00:00Z,51.575,51.875,51.13,51.855,85859
2024-05-23T04:00:00Z,51.67,51.67,50.54,51.21,174016
2024-05-22T04:00:00Z,52.175,52.39,51.14,51.575,86521
2024-05-21T04:00:00Z,52.7,52.7,52.05,52.235,80219
2024-05-20T04:00:00Z,52.67,53.23,52.575,53.02,91585
2024-05-17T04:00:00Z,52.55,53.2,52.475,52.73,78982
2024-05-16T04:00:00Z,53.37,53.48,52.475,52.5,59642
2024-05-15T04:00:00Z,53.285,53.52,53.015,53.275,85430
2024-05-14T04:00:00Z,53.435,53.435,52.995,53.065,68951
2024-05-13T04:00:00Z,53.1,53.85,52.98,52.99,132835
2024-05-10T04:00:00Z,53.11,53.11,52.165,52.58,84325
2024-05-09T04:00:00Z,52.14,52.895,52.03,52.75,59504
2024-05-08T04:00:00Z,52.11,52.745,52.02,52.27,62707
2024-05-07T04:00:00Z,52.07,52.51,52.04,52.2,135933
2024-05-06T04:00:00Z,52.1,52.995,51.72,52.93,153150
2024-05-03T04:00:00Z,51.37,51.65,50.85,51.61,146170
2024-05-02T04:00:00Z,50.63,51.18,50.265,51.03,177646
2024-05-01T04:00:00Z,49.995,50.49,49.285,50,287412
2024-04-30T04:00:00Z,49.965,50.73,49.805,50.07,197339
2024-04-29T04:00:00Z,49.9,50.72,49.81,50.455,300624
2024-04-26T04:00:00Z,49.74,50.22,49.185,49.96,126220
2024-04-25T04:00:00Z,47.41,49.925,46.95,49.895,204586
2024-04-24T04:00:00Z,49.18,49.185,47.755,47.94,169027
2024-04-23T04:00:00Z,48.33,49.61,48.33,49.23,164084
2024-04-22T04:00:00Z,48.1,49.175,47.9,49.04,187836
2024-04-19T04:00:00Z,47.79,48.725,47.505,47.56,238895
2024-04-18T04:00:00Z,48.3,49.2,47.815,47.85,336678
2024-04-17T04:00:00Z,47.84,48.17,47.155,47.88,333959
2024-04-16T04:00:00Z,46.69,46.77,45.68,46.55,232429
2024-04-15T04:00:00Z,47.485,47.77,46.3,46.65,204169
2024-04-12T04:00:00Z,46.65,46.945,46.1,46.88,283440
2024-04-11T04:00:00Z,46.74,47.87,46.625,47.63,186786
2024-04-10T04:00:00Z,47.91,49.23,45.725,46.25,500639
2024-04-09T04:00:00Z,47.2,47.46,46.435,47.315,287705
2024-04-08T04:00:00Z,46.43,47.36,46.33,47.04,171762
2024-04-05T04:00:00Z,45.875,46.46,45.45,46.05,171494
2024-04-04T04:00:00Z,47.31,48.03,45.675,45.89,253250
2024-04-03T04:00:00Z,46.805,47.465,46.51,46.58,330125
2024-04-02T04:00:00Z,47.26,47.375,46.405,46.91,167055
2024-04-01T04:00:00Z,48.39,49.155,48.21,48.22,249828
2024-03-28T04:00:00Z,47.43,48.05,47.34,47.875,250463
2024-03-27T04:00:00Z,46.18,47.495,46.18,47.3,180374
2024-03-26T04:00:00Z,45.56,46.115,45.48,45.95,122017
2024-03-25T04:00:00Z,45.41,45.49,44.6,45.45,170700
2024-03-22T04:00:00Z,46.06,46.08,45.59,45.59,148210
2024-03-21T04:00:00Z,45.52,46.04,45.215,45.98,222126
2024-03-20T04:00:00Z,43.92,45.44,43.645,45.4,175801
2024-03-19T04:00:00Z,43.45,43.765,43.22,43.75,133466
2024-03-18T04:00:00Z,43.19,43.64,42.63,43.45,151713
2024-03-15T04:00:00Z,43.32,43.41,42.965,43.105,177610
2024-03-14T04:00:00Z,43.79,43.9,42.78,43.06,186657
2024-03-13T04:00:00Z,42.71,44.465,42.71,43.91,266544
2024-03-12T04:00:00Z,42.18,42.76,41.615,42.75,396541
2024-03-11T04:00:00Z,42.12,42.7,41.95,42.69,174599
2024-03-08T05:00:00Z,42.87,43.26,42.095,42.25,264528
2024-03-07T05:00:00Z,42.33,43.235,42.265,42.76,362207
2024-03-06T05:00:00Z,41.94,42.26,41.77,42.01,152893
2024-03-05T05:00:00Z,41.355,41.86,41.335,41.8,285612
2024-03-04T05:00:00Z,41.9,42.43,41.22,41.575,240054
2024-03-01T05:00:00Z,42.22,42.28,41.56,42.165,120206
2024-02-29T05:00:00Z,42.16,42.68,41.995,42.22,138108
2024-02-28T05:00:00Z,41.67,42.11,41.67,42.005,135587
2024-02-27T05:00:00Z,42.13,42.245,41.77,41.995,114426
2024-02-26T05:00:00Z,41.8,42.18,41.665,41.8,260686
2024-02-23T05:00:00Z,41.88,42.01,41.44,41.71,223730
2024-02-22T05:00:00Z,40.96,42.38,40.96,42.12,287806
2024-02-21T05:00:00Z,40.495,40.975,40.125,40.77,134462
2024-02-20T05:00:00Z,39.95,40.845,39.86,40.61,222286
2024-02-16T05:00:00Z,40.49,40.56,39.985,40.1,155664
2024-02-15T05:00:00Z,41.045,41.4,40.81,41.01,159899
2024-02-14T05:00:00Z,40.375,41.125,39.975,40.84,208720
2024-02-13T05:00:00Z,39.815,40.08,39.375,40.01,153848
2024-02-12T05:00:00Z,40.34,40.935,40.3,40.565,158004
2024-02-09T05:00:00Z,40.42,40.865,39.965,40.51,194082
2024-02-08T05:00:00Z,40.17,40.485,39.555,40.36,133656
2024-02-07T05:00:00Z,40.26,40.39,39.8,40.22,155848
2024-02-06T05:00:00Z,39.24,40.275,39.04,40.18,180034
2024-02-05T05:00:00Z,39.41,39.525,38.965,39.24,159142
2024-02-02T05:00:00Z,39.5,40.115,39.17,39.975,162949
2024-02-01T05:00:00Z,39.405,39.8,38.61,39.76,260915
2024-01-31T05:00:00Z,39.28,39.75,38.9,39.13,274954
2024-01-30T05:00:00Z,39.56,40.01,39.47,39.53,135917
2024-01-29T05:00:00Z,39.66,40.17,39.35,40.08,186016
2024-01-26T05:00:00Z,40.21,40.56,39.595,39.625,341894
2024-01-25T05:00:00Z,39.02,40.3,39.02,40.205,463162
2024-01-24T05:00:00Z,38.35,38.695,38.035,38.175,249022
2024-01-23T05:00:00Z,38.18,38.95,37.675,38.015,364000
2024-01-22T05:00:00Z,37.64,38.165,36.985,36.985,400666
2024-01-19T05:00:00Z,38.19,38.19,36.705,37.25,500090
2024-01-18T05:00:00Z,37.31,38.28,37.155,38.08,372204
2024-01-17T05:00:00Z,37.28,37.97,36.995,37.14,213566
2024-01-16T05:00:00Z,37.98,38.19,36.36,37.48,519214
2024-01-12T05:00:00Z,40.16,40.75,38.385,38.48,1146456
2024-01-11T05:00:00Z,41.92,42.365,41.51,42.28,312929
2024-01-10T05:00:00Z,42.24,42.52,41.985,42.09,490369
2024-01-09T05:00:00Z,41.35,42.38,41.35,42.32,302163
2024-01-08T05:00:00Z,41.31,42.095,41.145,41.63,258741
2024-01-05T05:00:00Z,39.125,40.74,39.055,40.53,199137
2024-01-04T05:00:00Z,38.725,39.67,38.67,39.2,179730
2024-01-03T05:00:00Z,39.76,39.775,38.675,38.72,263581
2024-01-02T05:00:00Z,39.92,40.93,39.575,40.45,145992
2023-12-29T05:00:00Z,40.515,40.655,39.98,40.265,179864
2023-12-28T05:00:00Z,40.47,40.71,40.45,40.65,89826
2023-12-27T05:00:00Z,40.74,40.775,40.4,40.6,73445
2023-12-26T05:00:00Z,40.98,41.105,40.75,40.77,116922
2023-12-22T05:00:00Z,41.04,41.26,40.895,41.13,118280
2023-12-21T05:00:00Z,40.94,41.59,40.775,41.11,174318
2023-12-20T05:00:00Z,40.76,41.42,40.3,40.34,186385
2023-12-19T05:00:00Z,41.455,41.695,41.06,41.15,207562
2023-12-18T05:00:00Z,42,42.05,41.105,41.18,160987
2023-12-15T05:00:00Z,42.47,42.58,41.99,42.34,308920
2023-12-14T05:00:00Z,41.55,42.68,41.55,42.46,295251
2023-12-13T05:00:00Z,40.86,41.355,40.13,41.2,277160
2023-12-12T05:00:00Z,40.64,41.455,40.625,41.245,228809
2023-12-11T05:00:00Z,40.445,40.615,40.115,40.5,111966
2023-12-08T05:00:00Z,39.99,40.725,39.88,40.35,171720
2023-12-07T05:00:00Z,39.46,40.51,39.46,40.35,355486
2023-12-06T05:00:00Z,38.2,39.505,38.2,38.94,295696
2023-12-05T05:00:00Z,37.87,37.92,37.42,37.61,310354
2023-12-04T05:00:00Z,38.06,38.66,37.73,38.13,206256
2023-12-01T05:00:00Z,36.99,38.12,36.99,38.05,288300
2023-11-30T05:00:00Z,36.7,37.21,36.205,36.93,200984
2023-11-29T05:00:00Z,36.43,36.915,36.365,36.66,451926
2023-11-28T05:00:00Z,35.865,36.12,35.465,36.03,311659
2023-11-27T05:00:00Z,35.86,36,35.69,35.84,109860
2023-11-24T05:00:00Z,36.16,36.32,35.95,36.11,113989
2023-11-22T05:00:00Z,36.715,37.035,35.795,35.94,203000
2023-11-21T05:00:00Z,36.28,36.28,35.7,35.875,129382
2023-11-20T05:00:00Z,35.89,36.585,35.74,36.49,200464
2023-11-17T05:00:00Z,35.79,36.08,35.55,36.06,175185
2023-11-16T05:00:00Z,35.76,36.19,35.29,35.51,290350
2023-11-15T05:00:00Z,35.54,36.455,35.54,35.77,193770
2023-11-14T05:00:00Z,35.19,35.495,34.87,35.24,302640
2023-11-13T05:00:00Z,33.75,34.38,33.705,34.175,212255
2023-11-10T05:00:00Z,33.65,34.125,33.45,34.06,223539
2023-11-09T05:00:00Z,34.53,34.615,33.33,33.49,274235
2023-11-08T05:00:00Z,33.79,34.68,33.77,34.18,331020
2023-11-07T05:00:00Z,33.15,33.515,32.61,33.44,356792
2023-11-06T05:00:00Z,33.63,33.72,32.465,32.91,173893
2023-11-03T04:00:00Z,32.59,33.525,32.58,33.37,247113
2023-11-02T04:00:00Z,31.87,32.07,31.59,32.02,403977
2023-11-01T04:00:00Z,31.415,31.59,30.84,31.11,219025
2023-10-31T04:00:00Z,30.99,31.31,30.78,31.27,125142
2023-10-30T04:00:00Z,30.96,31.385,30.88,31.22,281076
2023-10-27T04:00:00Z,31.79,31.79,30.6,30.65,220344
2023-10-26T04:00:00Z,31.5,31.98,31.18,31.59,239688
2023-10-25T04:00:00Z,31.91,31.91,31.33,31.41,411600
2023-10-24T04:00:00Z,32.11,32.425,31.89,32,262266
2023-10-23T04:00:00Z,32.1,32.58,31.81,32.045,221012
2023-10-20T04:00:00Z,32.61,32.68,32.195,32.21,359191
2023-10-19T04:00:00Z,33.12,33.61,32.67,32.71,353920
2023-10-18T04:00:00Z,34.05,34.05,33.03,33.14,228609
2023-10-17T04:00:00Z,34.29,35.175,34.28,34.67,207753
2023-10-16T04:00:00Z,34.11,34.745,33.935,34.41,250486
2023-10-13T04:00:00Z,34.835,35.38,33.95,34.12,337209
2023-10-12T04:00:00Z,36.84,36.84,34.93,35.15,474376
2023-10-11T04:00:00Z,35.9,36.6,35.35,35.995,342095
2023-10-10T04:00:00Z,35.875,36.67,35.71,35.83,251270
2023-10-09T04:00:00Z,35.77,35.77,34.7,35.27,367138
2023-10-06T04:00:00Z,36.34,37.305,36.265,37.01,257647
2023-10-05T04:00:00Z,36.45,36.65,36.015,36.43,266208
2023-10-04T04:00:00Z,35.535,36.25,35.37,36.06,233367
2023-10-03T04:00:00Z,36.11,36.265,35.13,35.24,181548
2023-10-02T04:00:00Z,36.86,37.155,36.3,36.44,133396
2023-09-29T04:00:00Z,37.215,37.48,36.75,37.02,102300
2023-09-28T04:00:00Z,36.61,37.455,36.41,36.96,227604
2023-09-27T04:00:00Z,36.77,37.13,36.53,36.64,269464
2023-09-26T04:00:00Z,37.24,37.695,36.72,36.8,180429
2023-09-25T04:00:00Z,37.58,37.68,37.12,37.55,128506
2023-09-22T04:00:00Z,38.3,38.345,37.525,37.69,246571
2023-09-21T04:00:00Z,38.59,38.9,38.215,38.3,146226
2023-09-20T04:00:00Z,39.76,39.865,38.77,38.89,163570
2023-09-19T04:00:00Z,38.785,39.51,38.655,39.45,189594
2023-09-18T04:00:00Z,39.43,39.62,38.73,38.89,149464
2023-09-15T04:00:00Z,39.15,40.09,39.115,39.91,216028
2023-09-14T04:00:00Z,40.16,40.17,38.935,39.35,747564
2023-09-13T04:00:00Z,39.53,40.09,39.285,39.54,357179
2023-09-12T04:00:00Z,40.85,41.245,40.615,40.69,220843
2023-09-11T04:00:00Z,40.99,41.165,40.745,40.85,144487
2023-09-08T04:00:00Z,40.965,41.485,40.755,40.81,149670
2023-09-07T04:00:00Z,41.46,41.65,40.98,41.14,190810
2023-09-06T04:00:00Z,41.63,42.71,41.625,41.72,290754
2023-09-05T04:00:00Z,42.455,42.455,41.31,41.755,230208
2023-09-01T04:00:00Z,43.03,43.18,42.38,42.85,119964
2023-08-31T04:00:00Z,43.46,43.46,42.44,42.87,109710
2023-08-30T04:00:00Z,43.72,43.85,43.23,43.235,98330
2023-08-29T04:00:00Z,42.35,44.055,42.35,43.77,279705
2023-08-28T04:00:00Z,41.865,42.44,41.815,42.4,72417
2023-08-25T04:00:00Z,42.06,42.15,41.14,41.705,75779
2023-08-24T04:00:00Z,42.01,42.435,41.71,41.89,114688
2023-08-23T04:00:00Z,41.535,42.395,41.265,42.21,254981
2023-08-22T04:00:00Z,42.13,42.13,41.235,41.62,88314
2023-08-21T04:00:00Z,41.7,41.855,41.24,41.75,69997
2023-08-18T04:00:00Z,41.305,41.625,41.125,41.51,131339
2023-08-17T04:00:00Z,42.7,42.7,41.73,41.77,125084
2023-08-16T04:00:00Z,43.13,43.745,42.565,42.68,164661
2023-08-15T04:00:00Z,43.955,44.02,42.965,43,134162
2023-08-14T04:00:00Z,43.87,44.315,43.705,44.24,82469
2023-08-11T04:00:00Z,44.62,44.67,44.115,44.17,85568
2023-08-10T04:00:00Z,45.53,45.68,44.5,44.875,143591
2023-08-09T04:00:00Z,45.8,46.07,44.76,45.02,107000
2023-08-08T04:00:00Z,44.64,45.93,44.64,45.79,155739
2023-08-07T04:00:00Z,44.76,45.42,44.51,45.25,163018
2023-08-04T04:00:00Z,44.64,44.81,44.22,44.61,158347
2023-08-03T04:00:00Z,44.33,44.59,44.03,44.23,110838
2023-08-02T04:00:00Z,44.75,45.08,44.64,44.8,228219
2023-08-01T04:00:00Z,45.685,45.73,44.28,45.41,235723
2023-07-31T04:00:00Z,45.82,46.32,45.72,46.27,125636
2023-07-28T04:00:00Z,46.08,46.125,45.495,45.715,285340
2023-07-27T04:00:00Z,45.95,46.155,45.405,45.755,158953
2023-07-26T04:00:00Z,46.53,46.75,45.98,46.43,135070
2023-07-25T04:00:00Z,46.58,46.765,45.485,46.46,247976
2023-07-24T04:00:00Z,48.07,48.105,47.335,47.49,231885
2023-07-21T04:00:00Z,48.95,49.06,48.3,48.57,171240
2023-07-20T04:00:00Z,48.14,48.79,47.71,48.71,239896
2023-07-19T04:00:00Z,48.075,48.62,47.94,48.54,189011
2023-07-18T04:00:00Z,46.79,48.375,46.79,48.37,248609
2023-07-17T04:00:00Z,46.48,47.19,46.32,46.8,166565
2023-07-14T04:00:00Z,47.76,47.8,45.945,46.5,381581
2023-07-13T04:00:00Z,49.665,49.78,47.23,47.72,609623
2023-07-12T04:00:00Z,48.68,49.02,47.935,48.01,341970
2023-07-11T04:00:00Z,48.595,48.78,48.02,48.66,205372
2023-07-10T04:00:00Z,47.805,48.59,47.68,48.47,199961
2023-07-07T04:00:00Z,47.42,48.38,47.145,47.9,279031
2023-07-06T04:00:00Z,47.94,48.41,47.24,47.325,363803
2023-07-05T04:00:00Z,47.67,48.795,47.67,48.51,220763
2023-07-03T04:00:00Z,47.455,48.16,47.455,47.93,116170
2023-06-30T04:00:00Z,46.72,47.73,46.51,47.565,183633
2023-06-29T04:00:00Z,46.765,47.38,46.22,46.3,288162
2023-06-28T04:00:00Z,46.35,46.885,46.09,46.72,356462
2023-06-27T04:00:00Z,43.68,46.265,43.485,46.1,512649
2023-06-26T04:00:00Z,42.8,43.56,42.66,43.145,336473
2023-06-23T04:00:00Z,42.13,42.93,42.13,42.86,245114
2023-06-22T04:00:00Z,42.595,43.09,42.485,42.96,146164
2023-06-21T04:00:00Z,42.47,43.035,42.355,42.76,199656
2023-06-20T04:00:00Z,42.34,42.63,42.15,42.51,204603
2023-06-16T04:00:00Z,42.81,43.155,42.57,42.8,211833
2023-06-15T04:00:00Z,41.72,43.01,41.67,42.885,532566
2023-06-14T04:00:00Z,41.64,42.23,41.49,42.2,207010
2023-06-13T04:00:00Z,40.39,41.64,40.21,41.565,556413
2023-06-12T04:00:00Z,39.67,40.215,39.64,40.19,237541
2023-06-09T04:00:00Z,39.1,39.895,39.095,39.28,538561
2023-06-08T04:00:00Z,38.27,39.195,38.25,39.125,444451
2023-06-07T04:00:00Z,37.84,38.25,37.605,38.24,242562
2023-06-06T04:00:00Z,36.665,37.665,36.63,37.63,95822
2023-06-05T04:00:00Z,37.08,37.215,36.555,37.105,314791
2023-06-02T04:00:00Z,36.9,37.64,36.645,37,172003
2023-06-01T04:00:00Z,36.425,36.795,36.005,36.37,140781
2023-05-31T04:00:00Z,36.8,36.84,35.895,36.35,164820
2023-05-30T04:00:00Z,36.36,36.9,36.12,36.29,138208
2023-05-26T04:00:00Z,35.78,36.24,35.71,35.89,131027
2023-05-25T04:00:00Z,35.13,35.82,35.06,35.76,165882
2023-05-24T04:00:00Z,35.53,35.53,34.515,34.94,260409
2023-05-23T04:00:00Z,35.64,36.635,35.485,35.915,279111
2023-05-22T04:00:00Z,36.01,36.325,35.215,35.45,451526
2023-05-19T04:00:00Z,35.89,35.98,35.02,35.605,180816
2023-05-18T04:00:00Z,35.85,36.12,35.56,35.89,221257
2023-05-17T04:00:00Z,34.3,36.175,34.3,35.925,476217
2023-05-16T04:00:00Z,33.68,34.235,33.375,33.83,375009
2023-05-15T04:00:00Z,33.21,33.73,33.11,33.73,222291
2023-05-12T04:00:00Z,33.43,33.535,32.85,33.23,220139
2023-05-11T04:00:00Z,33.49,33.63,33.015,33.255,147210
2023-05-10T04:00:00Z,34.63,34.68,33.12,33.79,398631
2023-05-09T04:00:00Z,33.92,34.405,33.705,34.205,118259
2023-05-08T04:00:00Z,34.07,34.42,33.74,34.235,196823
2023-05-05T04:00:00Z,33.46,34.185,33.35,33.93,179327
2023-05-04T04:00:00Z,33.925,33.965,32.69,33.03,564489
2023-05-03T04:00:00Z,34.52,34.8,34.055,34.13,286162
2023-05-02T04:00:00Z,34.48,34.655,33.9,34.53,372779
2023-05-01T04:00:00Z,34.46,35.16,34.21,34.72,279121
2023-04-28T04:00:00Z,33.45,34.385,33.235,34.3,288912
2023-04-27T04:00:00Z,33.07,33.435,32.735,33.335,473241
2023-04-26T04:00:00Z,33.145,33.44,32.695,32.74,305142
2023-04-25T04:00:00Z,33.935,33.98,33.095,33.1,198352
2023-04-24T04:00:00Z,34.35,34.45,33.48,34.12,188820
2023-04-21T04:00:00Z,34.66,34.69,33.875,34.33,174904
2023-04-20T04:00:00Z,35.58,35.64,34.595,34.63,231568
2023-04-19T04:00:00Z,35.215,36.185,35.135,35.93,264041
2023-04-18T04:00:00Z,34.9,35.46,34.555,35.35,336704
2023-04-17T04:00:00Z,33.74,34.605,33.68,34.59,323914
2023-04-14T04:00:00Z,33.62,34,33.025,33.765,436595
2023-04-13T04:00:00Z,34.02,34.06,32.445,33.39,778939
2023-04-12T04:00:00Z,34.25,34.46,33.15,33.8,571082
2023-04-11T04:00:00Z,33.995,34.775,33.945,34.595,202612
2023-04-10T04:00:00Z,33.73,34.115,33.62,33.98,290483
2023-04-06T04:00:00Z,33.55,33.81,33.23,33.69,169743
2023-04-05T04:00:00Z,33.43,33.6,32.865,33.45,240654
2023-04-04T04:00:00Z,34.57,34.69,33.5,33.92,276503
2023-04-03T04:00:00Z,34.53,34.845,34.17,34.39,375346
2023-03-31T04:00:00Z,34.51,34.94,34.49,34.93,336666
2023-03-30T04:00:00Z,33.77,34.285,33.77,34.105,512770
2023-03-29T04:00:00Z,32.89,33.41,32.52,33.33,258256
2023-03-28T04:00:00Z,32,32.535,32,32.47,100935
2023-03-27T04:00:00Z,32.25,32.27,31.745,32.13,88585
2023-03-24T04:00:00Z,31.68,31.79,31.05,31.58,358264
2023-03-23T04:00:00Z,33.07,33.33,31.81,32.13,209821
2023-03-22T04:00:00Z,33.89,33.99,32.73,32.76,250088
2023-03-21T04:00:00Z,33.82,34.135,33.68,33.89,280003
2023-03-20T04:00:00Z,33.1,33.51,32.925,33.15,241945
2023-03-17T04:00:00Z,33.24,33.33,32.51,32.96,217681
2023-03-16T04:00:00Z,33.025,33.885,32.635,33.7,600057
2023-03-15T04:00:00Z,34.31,34.34,32.59,33.235,382020
2023-03-14T04:00:00Z,36.27,36.455,35.11,35.475,425387
2023-03-13T04:00:00Z,36.29,36.555,35.405,35.68,428390
2023-03-10T05:00:00Z,38.57,38.635,36.6,37.245,422250
2023-03-09T05:00:00Z,39.67,40.265,38.33,38.49,223108
2023-03-08T05:00:00Z,39.19,39.735,39.19,39.73,191183
2023-03-07T05:00:00Z,38.895,39.755,38.82,39.075,224196
2023-03-06T05:00:00Z,39.15,39.21,38.365,38.46,125495
2023-03-03T05:00:00Z,38.93,39.24,38.59,38.84,139926
2023-03-02T05:00:00Z,38.26,38.545,37.855,38.41,187214
2023-03-01T05:00:00Z,38.4,38.67,38.03,38.5,157100
2023-02-28T05:00:00Z,37.705,38.725,37.705,38.33,196698
2023-02-27T05:00:00Z,37.79,38.2,37.585,37.865,161881
2023-02-24T05:00:00Z,36.84,37.39,36.67,37.36,104874
2023-02-23T05:00:00Z,37.565,38.125,37.16,37.52,222003
2023-02-22T05:00:00Z,36.98,37.445,36.845,37.02,126480
2023-02-21T05:00:00Z,37.88,38.08,36.825,37.09,169177
2023-02-17T05:00:00Z,38.28,38.425,37.69,38.36,150450
2023-02-16T05:00:00Z,38.7,38.785,38.235,38.29,254730
2023-02-15T05:00:00Z,38.695,39.245,38.68,39.01,92786
2023-02-14T05:00:00Z,38.56,39.245,38.26,39.11,182004
2023-02-13T05:00:00Z,38.085,38.725,37.985,38.61,298697
2023-02-10T05:00:00Z,38.51,38.51,37.84,38.165,209033
2023-02-09T05:00:00Z,39.74,39.965,38.885,39.01,271656
2023-02-08T05:00:00Z,39.94,40.305,39.17,39.45,229987
2023-02-07T05:00:00Z,39.485,39.765,38.68,39.59,236453
2023-02-06T05:00:00Z,39.26,39.835,39.08,39.66,173126
2023-02-03T05:00:00Z,39.37,40,39.33,39.57,231637
2023-02-02T05:00:00Z,40.08,40.33,39.515,39.9,256254
2023-02-01T05:00:00Z,38.78,40.07,38.605,39.9,353452
2023-01-31T05:00:00Z,38.81,39.1,38.365,39.1,130661
2023-01-30T05:00:00Z,38.37,39.37,38.37,38.4,222151
2023-01-27T05:00:00Z,39,39.215,38.7,38.72,286376
2023-01-26T05:00:00Z,39.425,39.49,38.63,39.21,259087
2023-01-25T05:00:00Z,38.645,39.495,38.64,39.39,280963
2023-01-24T05:00:00Z,38.74,39.46,38.61,38.805,198831
2023-01-23T05:00:00Z,39.24,39.26,38.735,39.08,290320
2023-01-20T05:00:00Z,38.56,39.195,38.365,39.025,428599
2023-01-19T05:00:00Z,37.83,38.435,37.03,38.35,690584
2023-01-18T05:00:00Z,39.075,39.315,38.32,38.37,699259
2023-01-17T05:00:00Z,38.25,38.335,37.555,38.24,493135
2023-01-13T05:00:00Z,36.61,38.27,36.55,38.225,847921
2023-01-12T05:00:00Z,38.83,39.61,38.34,39.605,500238
2023-01-11T05:00:00Z,37.84,38.7,37.84,38.18,567225
2023-01-10T05:00:00Z,36.71,38.165,36.71,38.1,427657
2023-01-09T05:00:00Z,36.46,37.425,36.4,36.78,362248
2023-01-06T05:00:00Z,35.33,36.065,35.12,36.02,502426
2023-01-05T05:00:00Z,34.6,35.565,34.52,35.23,463036
2023-01-04T05:00:00Z,33.15,34.46,33.05,34.38,355474
2023-01-03T05:00:00Z,33.36,33.53,32.335,32.62,243443
2022-12-30T05:00:00Z,32.425,33.035,32.38,32.845,262310
2022-12-29T05:00:00Z,31.97,32.755,31.89,32.72,213585
2022-12-28T05:00:00Z,32.88,33,31.925,31.995,329889
2022-12-27T05:00:00Z,32.85,33.33,32.63,32.91,169770
2022-12-23T05:00:00Z,32.81,33.17,32.41,33.16,350484
2022-12-22T05:00:00Z,33.34,33.51,32.31,32.92,136655
2022-12-21T05:00:00Z,33.2,33.985,33.2,33.67,384141
2022-12-20T05:00:00Z,32.86,33.275,32.76,32.9,243202
2022-12-19T05:00:00Z,33.27,33.67,32.845,32.91,178088
2022-12-16T05:00:00Z,33.15,33.735,32.63,33.12,219836
2022-12-15T05:00:00Z,33.65,34.035,32.83,33.25,352856
2022-12-14T05:00:00Z,34.62,34.77,33.75,34.31,589003
2022-12-13T05:00:00Z,35.58,35.6,32.83,33.39,396035
2022-12-12T05:00:00Z,33.68,34.79,33.63,34.77,155494
2022-12-09T05:00:00Z,33.17,33.815,33.17,33.78,158674
2022-12-08T05:00:00Z,34.565,34.735,33.3,33.53,236230
2022-12-07T05:00:00Z,35.56,35.56,34.3,34.32,278212
2022-12-06T05:00:00Z,35.985,36.215,35.225,35.93,285523
2022-12-05T05:00:00Z,35.72,36.865,35.695,35.78,477462
2022-12-02T05:00:00Z,35.01,35.72,34.89,35.7,218120
2022-12-01T05:00:00Z,35.42,35.73,35.12,35.39,122459
2022-11-30T05:00:00Z,34.5,35.38,34.205,35.37,248515
2022-11-29T05:00:00Z,34.07,34.72,33.89,34.6,229824
2022-11-28T05:00:00Z,34.71,34.9,33.87,33.87,200211
2022-11-25T05:00:00Z,34.44,35.385,34.39,35.095,143134
2022-11-23T05:00:00Z,34.38,34.845,34.24,34.5,96279
2022-11-22T05:00:00Z,34.39,34.5,33.75,34.23,113042
2022-11-21T05:00:00Z,34.34,34.68,34.06,34.25,155219
2022-11-18T05:00:00Z,34.96,35.33,34.18,34.47,154678
2022-11-17T05:00:00Z,33.475,34.11,33.3,34.08,146383
2022-11-16T05:00:00Z,34.25,34.63,33.895,34.12,238306
2022-11-15T05:00:00Z,35.32,35.575,34.46,34.9,240027
2022-11-14T05:00:00Z,34.76,35.465,34.655,34.67,289425
2022-11-11T05:00:00Z,35.79,36,35.31,35.44,232974
2022-11-10T05:00:00Z,34.56,35.83,34.345,35.495,387467
2022-11-09T05:00:00Z,33.17,34.015,33.15,33.46,263279
2022-11-08T05:00:00Z,33.45,33.895,33.1,33.59,347561
2022-11-07T05:00:00Z,33.405,33.59,32.57,33.37,158274
2022-11-04T04:00:00Z,32.7,33.2,32.16,32.79,221405
2022-11-03T04:00:00Z,31.49,32.38,31,31.95,308809
2022-11-02T04:00:00Z,33.02,33.36,32.03,32.05,379356
2022-11-01T04:00:00Z,34.33,34.35,33.535,33.63,268512
2022-10-31T04:00:00Z,34.79,34.91,33.9,33.92,386974
2022-10-28T04:00:00Z,34.04,34.73,33.71,34.68,140807
2022-10-27T04:00:00Z,34.4,35.05,34.05,34.105,178293
2022-10-26T04:00:00Z,33.84,34.595,33.74,33.905,197040
2022-10-25T04:00:00Z,33.08,33.985,32.93,33.91,223174
2022-10-24T04:00:00Z,32.67,33.415,32.67,33.27,353571
2022-10-21T04:00:00Z,32.01,32.81,31.79,32.59,238374
2022-10-20T04:00:00Z,32.42,33.095,32.115,32.15,393016
2022-10-19T04:00:00Z,32.6,32.89,32.095,32.55,366718
2022-10-18T04:00:00Z,31.96,32.19,31.35,32.18,371035
2022-10-17T04:00:00Z,31.94,32.05,30.72,31.13,450770
2022-10-14T04:00:00Z,31.61,31.92,30.88,31.115,668163
2022-10-13T04:00:00Z,29.22,31.02,28.53,30.38,779135
2022-10-12T04:00:00Z,28.535,29.435,28.22,29.21,312100
2022-10-11T04:00:00Z,30.625,30.74,28.38,28.84,529156
2022-10-10T04:00:00Z,29.56,29.575,28.98,29.41,273567
2022-10-07T04:00:00Z,30.185,30.185,29.065,29.39,326041
2022-10-06T04:00:00Z,30.38,30.91,30.15,30.615,433045
2022-10-05T04:00:00Z,29.98,30.745,29.83,30.505,182270
2022-10-04T04:00:00Z,29.32,30.815,29.295,30.74,394584
2022-10-03T04:00:00Z,28.045,28.5,27.225,28.26,259337
2022-09-30T04:00:00Z,28.145,28.57,27.885,28.07,317125
2022-09-29T04:00:00Z,28.89,28.91,28.085,28.45,288504
2022-09-28T04:00:00Z,28.435,29.635,28.27,29.48,219670
2022-09-27T04:00:00Z,28.57,28.9,27.8,28.52,258903
2022-09-26T04:00:00Z,28.85,29.12,28.015,28.03,229368
2022-09-23T04:00:00Z,29.41,29.57,28.48,29.05,313334
2022-09-22T04:00:00Z,31.165,31.165,29.74,29.955,367349
2022-09-21T04:00:00Z,32.36,32.46,31.085,31.175,391704
2022-09-20T04:00:00Z,32.83,33.255,32.265,32.76,199315
2022-09-19T04:00:00Z,31.95,33.105,31.9,32.93,341352
2022-09-16T04:00:00Z,32.62,32.805,31.795,32.11,341471
2022-09-15T04:00:00Z,32.47,33.735,32.47,33.28,502757
2022-09-14T04:00:00Z,31.62,32.685,30.835,32.66,269205
2022-09-13T04:00:00Z,32,32.34,31.59,31.735,240406
2022-09-12T04:00:00Z,32.99,33.41,32.73,33.15,184955
2022-09-09T04:00:00Z,32.5,32.745,32.26,32.66,249891
2022-09-08T04:00:00Z,31.72,32.48,31.56,32.11,251179
2022-09-07T04:00:00Z,31.28,32.335,31.28,32.24,239027
2022-09-06T04:00:00Z,31.29,31.63,30.68,31.19,265891
2022-09-02T04:00:00Z,31.5,31.825,30.7,30.95,283217
2022-09-01T04:00:00Z,30.64,31.14,29.94,31.135,262140
2022-08-31T04:00:00Z,32.01,32.02,31.06,31.06,271866
2022-08-30T04:00:00Z,32.31,32.415,31.465,31.72,179642
2022-08-29T04:00:00Z,32.18,32.33,31.86,32.035,265376
2022-08-26T04:00:00Z,33.985,34.21,32.655,32.675,184460
2022-08-25T04:00:00Z,33.63,34.155,33.535,34.01,124719
2022-08-24T04:00:00Z,32.89,33.405,32.68,33.33,126807
2022-08-23T04:00:00Z,32.39,33.015,32.39,32.865,283595
2022-08-22T04:00:00Z,32.46,32.46,31.86,32.39,323616
2022-08-19T04:00:00Z,33.91,34,33.075,33.24,246026
2022-08-18T04:00:00Z,34.445,34.6,34.08,34.51,109175
2022-08-17T04:00:00Z,34.77,34.915,34.06,34.54,169402
2022-08-16T04:00:00Z,35.04,35.79,34.705,35.34,255249
2022-08-15T04:00:00Z,34.5,35.455,34.5,35,401404
2022-08-12T04:00:00Z,34.34,34.6,34.085,34.495,132932
2022-08-11T04:00:00Z,34.54,34.77,33.85,33.97,149416
2022-08-10T04:00:00Z,34.27,34.51,33.89,33.92,206514
2022-08-09T04:00:00Z,33.445,33.55,32.73,33.195,136528
2022-08-08T04:00:00Z,33.41,34.105,33.335,33.75,225790
2022-08-05T04:00:00Z,32.91,33.4,32.78,32.93,113579
2022-08-04T04:00:00Z,33.27,33.57,32.93,33.34,138181
2022-08-03T04:00:00Z,32.18,33.31,32.14,33.24,298467
2022-08-02T04:00:00Z,31.63,32.425,31.3,31.84,395060
2022-08-01T04:00:00Z,31.72,32.3,31.25,32.23,295110
2022-07-29T04:00:00Z,31.545,32.03,31.515,31.8,375985
2022-07-28T04:00:00Z,31.3,31.715,30.59,31.7,295404
2022-07-27T04:00:00Z,31.33,31.645,30.74,31.49,313776
2022-07-26T04:00:00Z,30.88,31.2,30.58,30.64,204970
2022-07-25T04:00:00Z,31.3,31.51,30.725,31.4,445394
2022-07-22T04:00:00Z,32.27,32.46,31.295,31.35,485073
2022-07-21T04:00:00Z,31.85,32.14,31.295,31.97,517005
2022-07-20T04:00:00Z,32.6,33.075,32.15,32.85,330776
2022-07-19T04:00:00Z,31.88,32.72,31.88,32.59,357610
2022-07-18T04:00:00Z,31.23,31.98,31.065,31.13,488631
2022-07-15T04:00:00Z,30.21,30.41,29.57,30.09,327730
2022-07-14T04:00:00Z,29.315,30.39,29.11,29.77,464595
2022-07-13T04:00:00Z,28.96,29.745,28.35,29.71,1251399
2022-07-12T04:00:00Z,29.4,31.54,29.4,31.12,812514
2022-07-11T04:00:00Z,29.58,29.97,29.175,29.29,430999
2022-07-08T04:00:00Z,29.94,30.42,29.49,29.73,262046
2022-07-07T04:00:00Z,29.89,30.19,29.44,29.9,247350
2022-07-06T04:00:00Z,29.61,30.18,29.175,29.51,386821
2022-07-05T04:00:00Z,28.55,29.83,28.175,29.81,383365
2022-07-01T04:00:00Z,29.22,29.73,28.67,29.54,400142
2022-06-30T04:00:00Z,28.87,29.19,28.1,28.99,450833
2022-06-29T04:00:00Z,29.97,29.97,29.21,29.63,429886
2022-06-28T04:00:00Z,31.02,32.235,30.29,30.33,451081
2022-06-27T04:00:00Z,31.38,31.38,30.34,30.45,487208
2022-06-24T04:00:00Z,29.54,31.285,29.53,31.195,471317
2022-06-23T04:00:00Z,29.91,30.08,28.8,29.56,422430
2022-06-22T04:00:00Z,29.845,30.47,29.62,30,833564
2022-06-21T04:00:00Z,30.95,30.96,29.8,30.065,309679
2022-06-17T04:00:00Z,29.76,30.48,28.78,30.25,871116
2022-06-16T04:00:00Z,30.63,30.88,29.21,29.6,754731
2022-06-15T04:00:00Z,32.02,32.74,31.35,31.96,669326
2022-06-14T04:00:00Z,32.66,32.73,30.86,31.38,550877
2022-06-13T04:00:00Z,33.98,34.06,32.015,32.22,548418
2022-06-10T04:00:00Z,36.13,37.1,35.05,35.105,501472
2022-06-09T04:00:00Z,38.05,38.2,36.71,36.73,397878
2022-06-08T04:00:00Z,38.88,39.51,38.18,38.22,231132
2022-06-07T04:00:00Z,38.41,39.78,38.32,39.74,233754
2022-06-06T04:00:00Z,38.96,39.285,38.325,38.99,194344
2022-06-03T04:00:00Z,39.04,39.4,38.055,38.54,406691
2022-06-02T04:00:00Z,39.38,40.29,39.255,39.99,355184
2022-06-01T04:00:00Z,42.15,42.29,39.235,39.53,422148
2022-05-31T04:00:00Z,40.74,42.44,40.62,41.695,377166
2022-05-27T04:00:00Z,41.08,42.23,41.08,42.23,293369
2022-05-26T04:00:00Z,39.27,41.235,39.12,40.83,660190
2022-05-25T04:00:00Z,37.08,38.69,37.04,38.6,322407
2022-05-24T04:00:00Z,38.8,38.89,36.79,37.25,295055
2022-05-23T04:00:00Z,39.345,39.985,38.72,39.52,203412
2022-05-20T04:00:00Z,39.89,40.04,37.65,38.64,280297
2022-05-19T04:00:00Z,38.73,39.9,38.66,39.23,361172
2022-05-18T04:00:00Z,40.15,40.82,39.01,39.29,382474
2022-05-17T04:00:00Z,39.77,40.775,39.21,40.725,483004
2022-05-16T04:00:00Z,38.26,38.99,38.11,38.21,355678
2022-05-13T04:00:00Z,37.5,38.45,37.5,38.32,327603
2022-05-12T04:00:00Z,37.29,37.745,35.7,36.71,651316
2022-05-11T04:00:00Z,38.82,39.895,37.72,37.88,376508
2022-05-10T04:00:00Z,38.88,39.33,37.87,38.675,401252
2022-05-09T04:00:00Z,40.28,40.45,38.03,38.24,354252
2022-05-06T04:00:00Z,41.86,41.92,40.415,41.01,404231
2022-05-05T04:00:00Z,43.12,43.68,41.795,42.17,368336
2022-05-04T04:00:00Z,42.8,43.95,42.36,43.86,341459
2022-05-03T04:00:00Z,42.96,43.68,42.22,43.35,209177
2022-05-02T04:00:00Z,42.85,43.39,41.58,42.68,448446
2022-04-29T04:00:00Z,44.05,44.75,42.83,43.03,331012
2022-04-28T04:00:00Z,43.89,44.4,42.9,44.35,457554
2022-04-27T04:00:00Z,42.13,43.43,41.77,43.11,309932
2022-04-26T04:00:00Z,42.88,43.025,41.55,41.89,329363
2022-04-25T04:00:00Z,43.31,43.54,42.23,43.28,441708
2022-04-22T04:00:00Z,45.02,45.315,43.565,43.69,362353
2022-04-21T04:00:00Z,44.79,46.24,44.55,44.73,1075334
2022-04-20T04:00:00Z,43.26,44.23,43.215,43.54,540366
2022-04-19T04:00:00Z,42.815,43.76,42.755,43.05,345542
2022-04-18T04:00:00Z,42.08,43.06,41.88,42.15,610229
2022-04-14T04:00:00Z,41.98,42.855,41.74,42.36,826216
2022-04-13T04:00:00Z,40.21,41.1,39.85,41.03,881271
2022-04-12T04:00:00Z,38.33,38.93,37.88,38.62,439764
2022-04-11T04:00:00Z,36.61,38.545,36.61,38.235,402311
2022-04-08T04:00:00Z,36.94,37.33,36.52,36.77,272086
2022-04-07T04:00:00Z,37.32,37.48,36.19,37.14,259836
2022-04-06T04:00:00Z,37.96,38.05,36.72,37.58,445656
2022-04-05T04:00:00Z,39.49,39.87,38.585,39.04,342690
2022-04-04T04:00:00Z,39.22,39.615,38.73,39.4,244601
2022-04-01T04:00:00Z,39.71,39.865,39.03,39.31,192002
2022-03-31T04:00:00Z,39.405,40.085,39.3,39.575,233807
2022-03-30T04:00:00Z,39.02,39.52,38.91,39.32,149304
2022-03-29T04:00:00Z,39.66,40.26,39.155,39.5,394509
2022-03-28T04:00:00Z,38.5,38.56,37.44,38.34,191814
2022-03-25T04:00:00Z,37.29,38.24,37.24,37.9,244575
2022-03-24T04:00:00Z,36.37,37.26,35.995,37.26,224348
2022-03-23T04:00:00Z,36.665,36.79,36.07,36.22,212028
2022-03-22T04:00:00Z,36.4,37.235,36.36,36.98,324163
2022-03-21T04:00:00Z,37.17,37.23,35.885,36.07,451103
2022-03-18T04:00:00Z,36.66,37.92,36.41,37.67,316036
2022-03-17T04:00:00Z,35.5,37.15,35.37,37.15,340903
2022-03-16T04:00:00Z,35.5,36.945,35.5,36.93,708052
2022-03-15T04:00:00Z,34.63,35.47,33.995,34.86,567520
2022-03-14T04:00:00Z,32.03,33.18,31.675,32.06,327365
2022-03-11T05:00:00Z,33.29,33.32,32.02,32.07,369959
2022-03-10T05:00:00Z,32.12,33.4,31.56,32.56,300745
2022-03-09T05:00:00Z,32.95,33.77,32.57,32.76,665351
2022-03-07T05:00:00Z,34.02,34.17,29.99,30.1,788324
2022-03-04T05:00:00Z,35.53,35.85,34.175,34.49,589921
2022-03-03T05:00:00Z,38.47,38.73,36.39,36.55,389113
2022-03-02T05:00:00Z,38.48,38.77,37.85,38.01,419590
2022-03-01T05:00:00Z,39.415,39.54,37.38,37.63,557359
2022-02-28T05:00:00Z,40.34,40.345,39.03,39.905,614470
2022-02-25T05:00:00Z,41.055,41.965,40.66,41.54,386346
2022-02-24T05:00:00Z,37.52,40.485,37.47,40.32,472175
2022-02-23T05:00:00Z,42.29,42.335,40.11,40.2,271309
2022-02-22T05:00:00Z,41.78,42.835,41.44,41.895,379942
2022-02-18T05:00:00Z,43.21,43.65,42.7,42.83,273365
2022-02-17T05:00:00Z,43.73,44.1,42.95,43.31,230455
2022-02-16T05:00:00Z,44.12,45.14,44,44.41,229397
2022-02-15T05:00:00Z,43.46,44.73,43.355,44.5,324267
2022-02-14T05:00:00Z,42.5,43.24,41.73,41.995,200344
2022-02-11T05:00:00Z,43.86,44.795,41.93,42.33,372994
2022-02-10T05:00:00Z,43.48,44.72,43.36,43.9,242921
2022-02-09T05:00:00Z,42.93,44.5,42.87,43.89,399531
2022-02-08T05:00:00Z,41.37,42.715,41.05,42.61,443223
2022-02-07T05:00:00Z,40.43,41.29,40.43,40.95,217890
2022-02-04T05:00:00Z,39.595,40.085,39.11,39.85,293875
2022-02-03T05:00:00Z,40.04,40.595,39.695,39.725,242295
2022-02-02T05:00:00Z,40.15,40.955,39.75,40.5,167853
2022-02-01T05:00:00Z,39.78,40.57,39.57,40.48,164123
2022-01-31T05:00:00Z,37.86,39.72,37.73,39.69,180257
2022-01-28T05:00:00Z,38.145,38.385,36.79,38.27,227185
2022-01-27T05:00:00Z,39.21,40.025,38.045,38.34,286098
2022-01-26T05:00:00Z,39.42,39.94,38.34,38.75,207631
2022-01-25T05:00:00Z,37.58,38.86,37.305,38.73,276937
2022-01-24T05:00:00Z,36.9,37.53,36.33,37.12,96525
2022-01-21T05:00:00Z,38.8,38.8,37.36,37.85,326592
2022-01-20T05:00:00Z,39.05,40.16,38.78,38.84,256145
2022-01-19T05:00:00Z,39.46,39.79,38.735,38.815,320122
2022-01-18T05:00:00Z,39.87,40.39,39.45,39.54,226830
2022-01-14T05:00:00Z,40.75,40.83,39.56,40.3,297322
2022-01-13T05:00:00Z,41.08,42.53,40.46,41.46,531328
2022-01-12T05:00:00Z,41.265,41.565,40.56,40.57,246414
2022-01-11T05:00:00Z,40.6,41.5,40.49,41.23,178157
2022-01-10T05:00:00Z,41.69,41.74,40.2,40.64,252065
2022-01-07T05:00:00Z,40.64,41.95,40.49,41.49,260105
2022-01-06T05:00:00Z,40.72,41.03,39.81,40.11,211381
2022-01-05T05:00:00Z,40.95,41.27,40.17,40.28,206192
2022-01-04T05:00:00Z,41.03,41.24,40.33,40.59,206301
2022-01-03T05:00:00Z,39.79,41.02,39.75,40.28,217670
2021-12-31T05:00:00Z,38.98,39.42,38.925,39.11,167486
2021-12-30T05:00:00Z,39.05,39.725,39.02,39.055,123255
2021-12-29T05:00:00Z,39.325,39.46,39,39.17,145556
2021-12-28T05:00:00Z,38.69,39.83,38.56,39.65,134602
2021-12-27T05:00:00Z,38.35,39.18,37.89,39.01,187182
2021-12-23T05:00:00Z,39.72,39.89,38.995,39.3,126640
2021-12-22T05:00:00Z,38.52,39.465,38.18,39.13,649341
2021-12-21T05:00:00Z,36.81,38.82,36.78,38.52,751381
2021-12-20T05:00:00Z,35.59,37.25,35.4,36.365,326511
2021-12-17T05:00:00Z,35.92,37.235,35.6,36.54,744608
2021-12-16T05:00:00Z,37.51,37.67,35.66,35.8,338440
2021-12-15T05:00:00Z,36.62,36.795,35.55,36.605,243656
2021-12-14T05:00:00Z,36.58,37.52,36.42,36.54,264757
2021-12-13T05:00:00Z,37.36,37.59,36.43,36.87,207804
2021-12-10T05:00:00Z,38.18,38.45,37.6,38.175,272305
2021-12-09T05:00:00Z,38.22,38.805,38,38.49,264092
2021-12-08T05:00:00Z,38.45,39.88,38.08,38.88,364917
2021-12-07T05:00:00Z,38.62,39.12,37.79,38.04,250618
2021-12-06T05:00:00Z,37.34,39.315,37.03,38.15,464212
2021-12-03T05:00:00Z,36.19,37.66,35.37,35.98,368229
2021-12-02T05:00:00Z,34.29,36.67,33.78,36.66,511831
2021-12-01T05:00:00Z,36.95,37.31,33.4,33.54,520536
2021-11-30T05:00:00Z,35.67,36.29,35.235,36.195,292628
2021-11-29T05:00:00Z,37.04,37.31,35.975,36.23,451853
2021-11-26T05:00:00Z,36.8,36.92,34.6,36.395,586351
2021-11-24T05:00:00Z,39.16,40.06,38.935,39.69,174986
2021-11-23T05:00:00Z,40.23,40.53,39.25,39.53,281692
2021-11-22T05:00:00Z,39.88,40.19,39.22,39.76,214964
2021-11-19T05:00:00Z,39.76,39.905,38.905,39.67,330973
2021-11-18T05:00:00Z,40.725,40.73,39.46,40.115,199406
2021-11-17T05:00:00Z,40.98,41.22,40.31,40.72,151564
2021-11-16T05:00:00Z,42.09,42.09,40.905,41.04,240264
2021-11-15T05:00:00Z,42.61,42.94,42.16,42.39,168009
2021-11-12T05:00:00Z,43.42,43.42,41.885,42.205,177877
2021-11-11T05:00:00Z,43.78,44.205,43.45,43.45,146061
2021-11-10T05:00:00Z,43.82,44.45,43.55,43.71,160873
2021-11-09T05:00:00Z,44.47,44.545,43.74,44.525,176484
2021-11-08T05:00:00Z,44.91,45.51,44.52,44.65,219404
2021-11-05T04:00:00Z,43.595,44.39,43.295,44.28,459401
2021-11-04T04:00:00Z,41.365,41.48,40.6,41,193981
2021-11-03T04:00:00Z,40.28,41.345,40.085,41.24,146857
2021-11-02T04:00:00Z,40.25,40.49,39.84,40.38,140695
2021-11-01T04:00:00Z,39.205,40.435,38.91,40.43,271761
2021-10-29T04:00:00Z,39.05,39.45,38.81,39.125,115557
2021-10-28T04:00:00Z,39.17,39.37,38.845,39.155,133607
2021-10-27T04:00:00Z,39.89,39.93,39.02,39.06,114686
2021-10-26T04:00:00Z,39.91,40.285,39.47,39.69,94642
2021-10-22T04:00:00Z,40.1,40.385,39.65,39.75,189088
2021-10-21T04:00:00Z,40.43,40.69,40.02,40.39,150511
2021-10-20T04:00:00Z,40.25,41.065,39.935,40.3,238476
2021-10-19T04:00:00Z,41.02,41.02,40.34,40.44,289256
2021-10-18T04:00:00Z,40.67,41.405,40.53,41.01,182206
2021-10-15T04:00:00Z,41.9,42.245,40.955,40.99,231153
2021-10-14T04:00:00Z,41.27,41.47,40.885,41.2,310407
2021-10-13T04:00:00Z,42.715,42.715,40.89,41.04,695846
2021-10-12T04:00:00Z,42.98,43.8,42.88,43.505,289787
2021-10-11T04:00:00Z,42.99,43.925,42.74,43.2,176395
2021-10-08T04:00:00Z,43.73,43.78,43.105,43.385,126401
2021-10-07T04:00:00Z,44.57,44.57,43.525,43.69,157854
2021-10-06T04:00:00Z,43.7,44.13,43.23,44.025,239485
2021-10-05T04:00:00Z,45,45.56,44.465,44.74,176957
2021-10-04T04:00:00Z,45.81,45.985,44.835,44.96,349857
2021-10-01T04:00:00Z,43.95,45.645,43.91,45.39,374495
2021-09-30T04:00:00Z,42.93,43.04,42.385,42.62,195645
2021-09-29T04:00:00Z,43.73,43.98,42.79,43.375,202118
2021-09-28T04:00:00Z,43.715,44.2,43.33,43.46,177619
2021-09-27T04:00:00Z,43.9,45.06,43.775,43.775,377737
2021-09-24T04:00:00Z,42.75,43.74,42.69,43.53,243387
2021-09-23T04:00:00Z,41.91,42.76,41.75,42.58,306650
2021-09-22T04:00:00Z,40.72,41.94,40.72,41.59,322353
2021-09-21T04:00:00Z,41.05,41.72,40.15,40.36,227262
2021-09-20T04:00:00Z,40.55,40.83,39.43,40.82,263361
2021-09-17T04:00:00Z,40.58,40.985,39.79,40.1,162420
2021-09-16T04:00:00Z,39.85,40.675,39.71,40.23,141907
2021-09-15T04:00:00Z,39.2,39.69,38.835,39.65,163319
2021-09-14T04:00:00Z,39.84,40.18,39.225,39.45,141527
2021-09-13T04:00:00Z,39.77,40.18,38.805,40.175,315039
2021-09-10T04:00:00Z,40.95,41.105,39.355,39.36,348192
2021-09-09T04:00:00Z,39.62,41.765,39.46,41.075,255633
2021-09-08T04:00:00Z,40.4,40.92,39.6,39.65,135432
2021-09-07T04:00:00Z,40.065,40.52,39.845,40.345,126899
2021-09-03T04:00:00Z,40.77,41.155,40.15,40.255,124653
2021-09-02T04:00:00Z,40.45,41.045,39.865,40.81,260301
2021-09-01T04:00:00Z,40.58,40.58,39.885,40.415,134786
2021-08-31T04:00:00Z,39.685,40.585,39.685,40.43,178495
2021-08-30T04:00:00Z,41.57,41.57,39.88,39.9,240110
2021-08-27T04:00:00Z,40.915,41.75,40.825,41.54,149118
2021-08-26T04:00:00Z,41.04,41.45,40.285,40.785,163879
2021-08-25T04:00:00Z,40.69,41.43,40.23,41.325,208948
2021-08-24T04:00:00Z,39.86,40.86,39.86,40.52,227857
2021-08-23T04:00:00Z,38.805,39.315,38.65,39.22,245116
2021-08-20T04:00:00Z,37.955,38.245,37.77,38.115,147394
2021-08-19T04:00:00Z,38.43,38.46,37.32,37.94,265074
2021-08-18T04:00:00Z,38.7,39.465,38.4,38.66,228348
2021-08-17T04:00:00Z,39.22,39.45,38.28,38.785,160364
2021-08-16T04:00:00Z,39.42,40.015,38.885,39.93,202776
2021-08-13T04:00:00Z,40.33,40.545,39.79,39.91,140125
2021-08-12T04:00:00Z,41.06,41.06,40.045,40.515,212647
2021-08-11T04:00:00Z,39.99,41.3,39.685,41.3,213249
2021-08-10T04:00:00Z,39.26,41.025,39.21,40.46,261733
2021-08-09T04:00:00Z,39.82,39.82,38.77,39.295,190655
2021-08-06T04:00:00Z,40.59,40.67,39.5,40.31,213382
2021-08-05T04:00:00Z,38.58,40.14,38.52,39.99,297649
2021-08-04T04:00:00Z,39.18,39.44,37.91,38.36,449599
2021-08-03T04:00:00Z,39.51,39.835,38.545,39.75,286838
2021-08-02T04:00:00Z,40.02,40.965,39.4,39.43,175640
2021-07-30T04:00:00Z,40.625,41.06,39.76,39.905,263970
2021-07-29T04:00:00Z,41.5,41.54,40.98,41.23,182971
2021-07-28T04:00:00Z,41.42,41.645,40.65,41.315,142627
2021-07-27T04:00:00Z,41.15,41.45,40.52,40.96,186480
2021-07-26T04:00:00Z,40.32,41.69,40.32,41.66,175722
2021-07-23T04:00:00Z,41.33,41.615,40.33,40.41,248434
2021-07-22T04:00:00Z,41.34,41.545,40.46,41.06,205012
2021-07-21T04:00:00Z,41.12,42.17,41.08,41.6,455958
2021-07-20T04:00:00Z,38.67,40.81,38.43,40.67,363125
2021-07-19T04:00:00Z,38.27,39,37.57,38.53,620925
2021-07-16T04:00:00Z,41.84,42.035,39.86,40.06,237894
2021-07-15T04:00:00Z,41.04,42.25,40.69,41.335,380984
2021-07-14T04:00:00Z,41.67,42.12,40.14,40.7,682356
2021-07-13T04:00:00Z,42.36,42.5,41.185,41.34,317928
2021-07-12T04:00:00Z,42.43,43.38,42.06,42.87,235251
2021-07-09T04:00:00Z,42.63,43.15,42.34,42.93,144680
2021-07-08T04:00:00Z,41.72,42.77,41.14,42.045,151413
2021-07-07T04:00:00Z,42.96,43.455,41.945,42.51,164226
2021-07-06T04:00:00Z,44.265,44.515,43.005,43.24,130561
2021-07-02T04:00:00Z,44.21,44.29,43.74,44.16,102692
2021-07-01T04:00:00Z,43.63,44.405,43.58,44.22,239358
2021-06-30T04:00:00Z,42.83,43.56,42.815,43.26,202061
2021-06-29T04:00:00Z,43,43.475,42.815,42.88,214259
2021-06-28T04:00:00Z,43.99,44.04,42.58,43.12,577495
2021-06-25T04:00:00Z,44.86,44.97,44.27,44.425,207224
2021-06-24T04:00:00Z,45.57,45.62,44.615,44.91,185152
2021-06-23T04:00:00Z,45.36,45.59,45.015,45.27,183147
2021-06-22T04:00:00Z,45.7,45.7,44.88,45.37,224850
2021-06-21T04:00:00Z,45.12,45.77,44.85,45.76,186284
2021-06-18T04:00:00Z,44.38,45.37,43.96,44.985,274654
2021-06-17T04:00:00Z,45.67,46.045,44.25,44.56,272711
2021-06-16T04:00:00Z,45.59,45.965,45.14,45.52,185642
2021-06-15T04:00:00Z,45.82,46.21,45.32,45.52,188442
2021-06-14T04:00:00Z,46.34,46.79,45.72,45.9,142192
2021-06-11T04:00:00Z,46.18,46.63,46.12,46.48,136309
2021-06-10T04:00:00Z,47.225,47.43,46.015,46.285,190379
2021-06-09T04:00:00Z,47.35,47.39,46.485,46.53,119623
2021-06-08T04:00:00Z,47.15,47.38,46.41,47.04,208476
2021-06-07T04:00:00Z,46.02,46.36,45.89,46.08,194864
2021-06-04T04:00:00Z,46.61,46.715,45.7,45.985,151389
2021-06-03T04:00:00Z,47.36,47.38,46.075,46.12,208725
2021-06-02T04:00:00Z,47.99,48.25,47.42,47.75,151824
2021-06-01T04:00:00Z,48.13,48.52,47.44,47.7,216942
2021-05-28T04:00:00Z,48.04,48.04,47.25,47.68,148727
2021-05-27T04:00:00Z,48.05,48.18,47.26,48.09,217264
2021-05-26T04:00:00Z,47.14,47.56,46.85,47.5,205434
2021-05-25T04:00:00Z,47.35,48.14,46.51,46.68,249585
2021-05-24T04:00:00Z,45.435,46.28,45.045,46.19,172933
2021-05-21T04:00:00Z,45.7,45.985,45.12,45.21,233347
2021-05-20T04:00:00Z,46.2,46.26,44.915,45.41,368261
2021-05-19T04:00:00Z,46,46.29,45.135,46.15,204008
2021-05-18T04:00:00Z,46.93,47.79,46.42,46.73,173677
2021-05-17T04:00:00Z,45.99,46.82,45.32,46.75,202763
2021-05-14T04:00:00Z,44.88,46.43,44.84,46.32,251361
2021-05-13T04:00:00Z,43.42,44.29,42.96,44.01,258984
2021-05-12T04:00:00Z,44.11,44.74,42.935,43.03,427072
2021-05-11T04:00:00Z,44.26,45.02,43.63,44.52,402711
2021-05-10T04:00:00Z,46.31,46.755,45.42,45.45,247096
2021-05-07T04:00:00Z,44.87,46.345,44.77,46.13,199002
2021-05-06T04:00:00Z,45.18,45.49,44.16,44.93,191725
2021-05-05T04:00:00Z,44.665,45.795,44.59,45.17,220855
2021-05-04T04:00:00Z,46.25,46.39,44.09,44.66,570260
2021-05-03T04:00:00Z,47.14,47.21,46.1,46.56,142140
2021-04-30T04:00:00Z,46,47.07,46,46.92,263183
2021-04-29T04:00:00Z,46.81,47,46.08,46.39,176011
2021-04-28T04:00:00Z,46.31,46.75,46.1,46.42,173018
2021-04-27T04:00:00Z,46.64,46.725,46.11,46.34,172975
2021-04-26T04:00:00Z,46.5,47.08,46.125,46.58,211388
2021-04-23T04:00:00Z,44.85,45.935,44.47,45.8,188309
2021-04-22T04:00:00Z,46.12,46.3,44.64,44.66,271112
2021-04-21T04:00:00Z,44.05,45.73,43.36,45.71,293733
2021-04-20T04:00:00Z,45.48,45.5,43.76,44.445,469476
2021-04-16T04:00:00Z,47.08,47.4,46.345,46.63,201698
2021-04-15T04:00:00Z,48.9,49.04,46.16,46.86,549832
2021-04-14T04:00:00Z,49.08,49.47,47.92,48.14,211774
2021-04-13T04:00:00Z,47.44,48.495,46.58,48.295,245735
2021-04-12T04:00:00Z,49.06,49.1,48.175,48.83,210571
2021-04-09T04:00:00Z,49.775,49.775,48.835,49.26,230249
2021-04-08T04:00:00Z,49.69,50.2,49.14,49.825,502566
2021-04-07T04:00:00Z,51.76,51.76,50.035,50.19,400866
2021-04-06T04:00:00Z,50.72,51.8,50.56,51.65,664273
2021-04-05T04:00:00Z,49.57,50.96,49.48,50.26,365002
2021-04-01T04:00:00Z,48.51,49.185,48.29,48.83,214325
2021-03-31T04:00:00Z,48.86,49.01,48.12,48.31,184979
2021-03-30T04:00:00Z,47.7,49.035,47.68,48.85,197303
2021-03-29T04:00:00Z,47.55,48.03,46.72,47.31,194855
2021-03-26T04:00:00Z,47.56,47.935,46.575,47.64,238007
2021-03-25T04:00:00Z,44.72,47.19,44.55,47.01,262613
2021-03-24T04:00:00Z,46.54,47.39,45.595,45.6,401448
2021-03-23T04:00:00Z,46.99,47.83,45.455,45.64,335152
2021-03-22T04:00:00Z,48.5,48.59,47.75,47.97,241073
2021-03-19T04:00:00Z,48.99,49.205,47.88,48.99,280683
2021-03-18T04:00:00Z,49.96,50.97,48.93,49.18,409692
2021-03-17T04:00:00Z,49.15,50.615,49.11,50.415,279971
2021-03-16T04:00:00Z,51.01,51.01,49.04,49.385,425916
2021-03-15T04:00:00Z,50.9,52.27,50.75,50.995,456471
2021-03-12T05:00:00Z,48.38,49.86,48.09,49.84,311925
2021-03-11T05:00:00Z,48.2,48.955,47.59,48.315,336587
2021-03-10T05:00:00Z,47.62,48.48,47.16,47.81,264849
2021-03-09T05:00:00Z,47.96,48.08,46.365,47.67,307987
2021-03-08T05:00:00Z,46.95,48.22,46.75,47.86,362585
2021-03-05T05:00:00Z,46.86,47,43.01,46.26,405981
2021-03-04T05:00:00Z,48.32,48.36,45.325,46.955,421804
2021-03-03T05:00:00Z,48.62,49.085,48.165,48.35,351940
2021-03-02T05:00:00Z,48.09,48.655,47.425,48.21,194193
2021-03-01T05:00:00Z,49.45,49.935,48.06,48.07,281192
2021-02-26T05:00:00Z,47.71,49.14,47.45,47.94,334028
2021-02-25T05:00:00Z,49.93,49.99,47.24,48.255,398945
2021-02-24T05:00:00Z,48.76,50.2,48.76,49.59,380237
2021-02-23T05:00:00Z,48.13,48.875,45.74,48.33,506041
2021-02-22T05:00:00Z,46.87,48.93,46.51,47.72,585589
2021-02-19T05:00:00Z,44.62,46.21,44.575,45.67,518229
2021-02-18T05:00:00Z,43.95,44.535,43.385,44.335,253282
2021-02-17T05:00:00Z,44.325,44.485,43.55,44.39,328486
2021-02-16T05:00:00Z,43.92,44.805,43.8,44.675,335217
2021-02-12T05:00:00Z,42.44,43.93,42.42,43.275,339549
2021-02-11T05:00:00Z,42.7,43.13,42,42.72,231784
2021-02-10T05:00:00Z,42.84,43.22,42.175,42.9,268363
2021-02-09T05:00:00Z,42.94,42.94,41.81,42.505,256076
2021-02-08T05:00:00Z,41.53,43.44,41.38,43.23,444086
2021-02-05T05:00:00Z,41.33,41.39,40.76,41.145,239344
2021-02-04T05:00:00Z,39.95,41.065,39.95,40.94,287508
2021-02-03T05:00:00Z,38.82,39.9,38.71,39.79,249205
2021-02-02T05:00:00Z,38.56,38.875,38,38.8,306677
2021-02-01T05:00:00Z,38.325,38.4,37.43,37.835,194026
2021-01-29T05:00:00Z,39.29,39.81,37.74,37.95,389734
2021-01-28T05:00:00Z,39.55,40.37,39,40.09,420873
2021-01-27T05:00:00Z,38.58,39.21,38.18,38.53,611611
2021-01-26T05:00:00Z,39.23,39.63,38.99,39.34,274670
2021-01-25T05:00:00Z,39.55,39.73,38.42,38.895,308917
2021-01-22T05:00:00Z,40.06,40.25,39.815,39.985,177296
2021-01-21T05:00:00Z,41.3,41.42,40.18,40.685,281945
2021-01-20T05:00:00Z,40.67,41.765,40.54,41.625,209881
2021-01-19T05:00:00Z,40.325,40.645,39.81,40.305,323117
2021-01-15T05:00:00Z,41.61,41.61,39.96,39.96,379025
2021-01-14T05:00:00Z,41.21,42.64,41.16,41.47,490970
2021-01-13T05:00:00Z,39.99,40.735,39.635,40.485,213340
2021-01-12T05:00:00Z,39.64,40.4,39.185,40.32,151805
2021-01-11T05:00:00Z,39.08,39.96,38.94,39.41,212261
2021-01-08T05:00:00Z,40.43,40.68,39.78,40.035,184266
2021-01-07T05:00:00Z,40.5,40.945,40.225,40.29,170556
2021-01-06T05:00:00Z,39.65,40.9,39.56,40.36,300019
2021-01-05T05:00:00Z,38.485,40.075,38.47,39.555,315453
2021-01-04T05:00:00Z,40.2,40.3,38.335,38.7,378423
2020-12-31T05:00:00Z,40.29,40.735,39.775,40.215,167725
2020-12-30T05:00:00Z,40.045,40.905,39.95,40.555,159403
2020-12-29T05:00:00Z,40.735,40.77,39.905,40.015,195782
2020-12-28T05:00:00Z,40.14,40.775,40.05,40.13,192311
2020-12-24T05:00:00Z,40.42,40.42,39.62,39.72,95152
2020-12-23T05:00:00Z,39.295,40.46,39.19,40.26,227098
2020-12-22T05:00:00Z,40.47,40.47,38.875,38.915,218292
2020-12-21T05:00:00Z,39.66,40.345,39.17,40.13,376322
2020-12-18T05:00:00Z,40.775,41.015,40.29,40.68,187842
2020-12-17T05:00:00Z,41.3,41.38,40.62,41.09,165002
2020-12-16T05:00:00Z,41.77,41.795,40.675,41.07,711686
2020-12-15T05:00:00Z,41.18,41.925,40.16,41.86,313402
2020-12-14T05:00:00Z,42.25,42.365,40.695,40.695,290643
2020-12-11T05:00:00Z,42.03,42.4,41.145,41.705,200216
2020-12-10T05:00:00Z,41.19,42.74,41.11,42.64,170569
2020-12-09T05:00:00Z,43.05,43.47,41.36,42.1,266274
2020-12-08T05:00:00Z,41.87,42.85,41.78,42.42,193980
2020-12-07T05:00:00Z,42.4,42.82,41.75,42.355,184984
2020-12-04T05:00:00Z,43.21,43.49,42.08,42.355,263602
2020-12-03T05:00:00Z,41.72,43.75,41.58,42.96,375962
2020-12-02T05:00:00Z,39.81,41.26,39.06,41.085,261637
2020-12-01T05:00:00Z,40.775,41.045,39.93,39.96,251968
2020-11-30T05:00:00Z,40.51,41.04,39.35,40.225,348860
2020-11-27T05:00:00Z,41.79,42.18,40.775,41.045,183115
2020-11-25T05:00:00Z,40.79,41.475,40.05,41.325,260555
2020-11-24T05:00:00Z,40.01,41.28,39.42,41.27,456804
2020-11-23T05:00:00Z,37.8,38.835,37.44,38.825,367458
2020-11-20T05:00:00Z,37.99,38.07,36.98,37.14,268353
2020-11-19T05:00:00Z,37.56,38.12,37.495,37.93,317723
2020-11-18T05:00:00Z,38.1,39.3,37.93,37.94,515498
2020-11-17T05:00:00Z,37.32,38.05,36.675,37.62,359483
2020-11-16T05:00:00Z,38.43,38.65,37.24,37.995,531394
2020-11-13T05:00:00Z,34.93,36.675,34.86,36.49,498404
2020-11-12T05:00:00Z,34.06,35.54,34.025,34.335,767281
2020-11-11T05:00:00Z,36.65,36.77,34.75,35.01,453608
2020-11-10T05:00:00Z,36.1,37.14,35.69,37.05,573178
2020-11-09T05:00:00Z,37.4,38.67,34.68,36.725,1273287
2020-11-06T05:00:00Z,31.665,31.84,31.05,31.435,288449
2020-11-05T05:00:00Z,30.84,32.255,30.8,31.96,281268
2020-11-04T05:00:00Z,30.91,31.3,30.13,30.435,444698
2020-11-03T05:00:00Z,30.905,31.36,30.65,30.94,351656
2020-11-02T05:00:00Z,30.58,30.62,29.67,30.21,292511
2020-10-30T04:00:00Z,30.5,30.99,29.99,30.64,373203
2020-10-29T04:00:00Z,29.43,30.905,29.37,30.785,636419
2020-10-28T04:00:00Z,29.72,30.15,28.75,29.61,898832
2020-10-27T04:00:00Z,31.74,32.06,30.705,30.71,289999
2020-10-26T04:00:00Z,33.49,33.49,31.53,31.93,416250
2020-10-23T04:00:00Z,33.61,34.03,32.905,34.01,330480
2020-10-22T04:00:00Z,31.79,33.8,31.79,33.73,562747
2020-10-21T04:00:00Z,31.885,31.93,31.37,31.51,401647
2020-10-20T04:00:00Z,31.95,32.395,31.6,31.99,361737
2020-10-19T04:00:00Z,31.73,32.26,31.315,31.51,364104
2020-10-16T04:00:00Z,31.41,31.75,31.25,31.48,385958
2020-10-15T04:00:00Z,31.34,31.45,30.71,31.335,413662
2020-10-14T04:00:00Z,31.77,32.32,31.655,31.77,591566
2020-10-13T04:00:00Z,32.03,32.39,31.485,31.79,914088
2020-10-12T04:00:00Z,32.68,32.79,32.32,32.615,289500
2020-10-09T04:00:00Z,32.75,33.265,32.295,32.835,517207
2020-10-08T04:00:00Z,32.65,33,31.925,32.675,522368
2020-10-07T04:00:00Z,32.21,32.34,31.645,32.16,236300
2020-10-06T04:00:00Z,32.61,32.69,30.94,31.06,481870
2020-10-05T04:00:00Z,32.34,32.42,31.54,32.015,270554
2020-10-02T04:00:00Z,29.75,32.29,29.67,31.745,593159
2020-10-01T04:00:00Z,30.895,31.325,30.58,31.09,349368
2020-09-30T04:00:00Z,30.995,31.835,30.495,30.615,178893
2020-09-29T04:00:00Z,31.05,31.075,30.3,30.62,197782
2020-09-28T04:00:00Z,30.65,31.955,30.16,31.295,284579
2020-09-25T04:00:00Z,28.93,29.765,28.845,29.765,312116
2020-09-24T04:00:00Z,28.94,29.505,27.98,29.035,204187
2020-09-23T04:00:00Z,30.46,31.03,29.5,29.565,151828
2020-09-22T04:00:00Z,29.775,30.53,29.725,30.185,209690
2020-09-21T04:00:00Z,30.86,31.11,29.42,29.82,346014
2020-09-18T04:00:00Z,33.23,34.015,32.575,32.845,239988
2020-09-17T04:00:00Z,34.015,35.04,33.655,33.95,262409
2020-09-16T04:00:00Z,33.69,34.985,33.19,34.58,280387
2020-09-15T04:00:00Z,33.12,34.47,33.12,33.51,406858
2020-09-14T04:00:00Z,32.25,32.89,32.04,32.87,129427
2020-09-11T04:00:00Z,31.81,32.11,31.35,31.705,184240
2020-09-10T04:00:00Z,32.28,32.675,31.675,31.845,128753
2020-09-09T04:00:00Z,32.1,32.385,31.325,31.735,298461
2020-09-08T04:00:00Z,31.52,33.09,31.435,32.605,233573
2020-09-04T04:00:00Z,31.77,32.365,30.63,31.765,207614
2020-09-03T04:00:00Z,31.64,32.515,30.49,31.285,491213
2020-09-02T04:00:00Z,30.42,31.29,30.185,31.15,246060
2020-09-01T04:00:00Z,29.87,31.605,29.82,30.745,197293
2020-08-31T04:00:00Z,31.83,32.005,30.825,30.895,175531
2020-08-28T04:00:00Z,31.13,31.985,30.73,31.985,209253
2020-08-27T04:00:00Z,30.685,32.2,30.625,30.815,259390
2020-08-26T04:00:00Z,29.985,30.215,29.64,29.9,200771
2020-08-25T04:00:00Z,29.95,30.275,29.33,30.135,325470
2020-08-24T04:00:00Z,27.615,29.8,27.55,29.795,262622
2020-08-21T04:00:00Z,27.54,27.86,27.185,27.27,75538
2020-08-20T04:00:00Z,27.395,27.765,27.02,27.625,109012
2020-08-19T04:00:00Z,27.77,29.1,27.555,27.665,149962
2020-08-18T04:00:00Z,27.96,28.27,27.4,27.625,163688
2020-08-17T04:00:00Z,28.9,28.97,27.77,28,126151
2020-08-14T04:00:00Z,28.345,29.18,28.24,28.955,139315
2020-08-13T04:00:00Z,28.56,29.57,28.5,28.7,165611
2020-08-12T04:00:00Z,30.005,30.28,28.37,29.085,151803
2020-08-11T04:00:00Z,30.8,30.8,29.455,29.615,308235
2020-08-10T04:00:00Z,27.5,29.405,27.375,29.34,320427
2020-08-07T04:00:00Z,26.69,27.185,26.49,27.175,205965
2020-08-06T04:00:00Z,26.785,27.265,26.135,27.075,360319
2020-08-05T04:00:00Z,26.09,27.02,25.755,26.515,275339
2020-08-04T04:00:00Z,25.43,26.185,25.33,25.675,181394
2020-08-03T04:00:00Z,24.82,25.475,24.41,25.215,166474
2020-07-31T04:00:00Z,24.74,24.99,24.44,24.965,250399
2020-07-30T04:00:00Z,25.17,25.375,24.82,24.925,217171
2020-07-29T04:00:00Z,26.01,26.15,25.405,25.695,129671
2020-07-28T04:00:00Z,25.36,26.285,25.355,25.945,223657
2020-07-27T04:00:00Z,25.92,26.155,25.38,25.5,215485
