2024-06-14T04:00:00Z,133.68,135.52,131.44,134.955,401775
2024-06-13T04:00:00Z,132.2,136.15,131.99,135,265338
2024-06-12T04:00:00Z,132.11,132.92,130.18,131.78,252666
2024-06-11T04:00:00Z,131.59,134.82,130.2,131.59,183518
2024-06-10T04:00:00Z,129.135,135.46,128.495,132.455,329982
2024-06-07T04:00:00Z,131.5,134,127.66,129.74,341344
2024-06-06T04:00:00Z,136.29,136.56,132.185,134.005,292600
2024-06-05T04:00:00Z,135.25,139.32,132.98,137.735,344833
2024-06-04T04:00:00Z,132.425,138.93,132.2,135.82,377996
2024-06-03T04:00:00Z,140.47,140.47,128.615,132.16,638228
2024-05-31T04:00:00Z,144.16,144.16,131.105,139.92,975298
2024-05-30T04:00:00Z,178.475,178.7,165.15,170.01,631447
2024-05-29T04:00:00Z,165.855,179.685,164.39,179.29,452136
2024-05-28T04:00:00Z,168.3,169.595,161.47,166.15,230614
2024-05-24T04:00:00Z,155.94,166.685,154.735,160.27,251714
2024-05-23T04:00:00Z,159.295,162.65,150.265,153.635,306759
2024-05-22T04:00:00Z,147.875,148.95,145.935,147.73,69294
2024-05-21T04:00:00Z,145,149.82,144.27,147.21,130709
2024-05-20T04:00:00Z,151,154.28,145.105,145.285,229738
2024-05-17T04:00:00Z,148.58,150.235,145.94,149.485,116083
2024-05-16T04:00:00Z,148.525,148.525,143.54,146.26,192912
2024-05-15T04:00:00Z,139.955,150.25,138.86,149.11,341004
2024-05-14T04:00:00Z,129.59,134.67,128.79,134.16,114921
2024-05-13T04:00:00Z,133.555,134.8,130.795,131.02,96100
2024-05-10T04:00:00Z,134.25,134.555,131.43,132.75,141856
2024-05-09T04:00:00Z,131.73,132.33,129.43,132.29,68377
2024-05-08T04:00:00Z,127.34,131.88,126.445,131.71,146947
2024-05-07T04:00:00Z,128.05,129.55,126.32,127.54,93370
2024-05-06T04:00:00Z,125.08,129.375,124.42,129.37,193393
2024-05-03T04:00:00Z,125.535,127.58,124.77,125.07,127784
2024-05-02T04:00:00Z,121.54,123.865,118.52,123.44,140172
2024-05-01T04:00:00Z,123.38,124.01,117.48,118.71,221684
2024-04-30T04:00:00Z,126.85,126.875,124.08,124.59,96469
2024-04-29T04:00:00Z,125.76,127.71,123.31,127.71,104532
2024-04-26T04:00:00Z,125.79,126.54,123.075,125.11,145655
2024-04-25T04:00:00Z,118.335,125.23,117,124.88,232629
2024-04-24T04:00:00Z,125.345,125.46,119.425,120.19,159823
2024-04-23T04:00:00Z,116.375,120.995,115.83,120.635,162827
2024-04-22T04:00:00Z,115.26,118.25,114.34,115.53,166166
2024-04-19T04:00:00Z,116.21,119.18,114.31,114.9,406488
2024-04-18T04:00:00Z,119.51,119.51,115.65,118.4,127261
2024-04-17T04:00:00Z,122.825,123.58,118.34,119.59,132138
2024-04-16T04:00:00Z,116.66,121.68,115.865,121.165,257811
2024-04-15T04:00:00Z,119.53,122.42,117.28,117.76,205033
2024-04-12T04:00:00Z,121.69,122.35,117.63,117.75,200489
2024-04-11T04:00:00Z,123.57,125.75,123.17,124.06,110020
2024-04-10T04:00:00Z,121.54,126.055,121.54,123.32,152384
2024-04-09T04:00:00Z,126.43,126.7,120.5,123.67,294398
2024-04-08T04:00:00Z,133.04,133.38,125.655,127.15,247527
2024-04-05T04:00:00Z,128.28,132.87,123.76,132.72,277305
2024-04-04T04:00:00Z,130.12,136.125,126.685,127.255,442173
2024-04-03T04:00:00Z,118.43,129.76,118.43,128.65,647082
2024-04-02T04:00:00Z,117.38,118.78,115.36,118.39,175004
2024-04-01T04:00:00Z,114.59,119.62,114.59,119.6,331443
2024-03-28T04:00:00Z,112.45,114.45,112,114.15,98093
2024-03-27T04:00:00Z,113.74,114.98,111,111.62,98445
2024-03-26T04:00:00Z,113.72,116.84,113.72,114.65,366048
2024-03-25T04:00:00Z,110.97,114.81,110.4,112.99,173047
2024-03-22T04:00:00Z,112.345,113.7,112.05,112.24,148042
2024-03-21T04:00:00Z,113,115.725,112.36,114.065,626152
2024-03-20T04:00:00Z,108,111.32,106.4,111.08,321611
2024-03-19T04:00:00Z,106.98,108.825,105.14,107.54,280528
2024-03-18T04:00:00Z,107.31,107.31,104.67,106.69,202400
2024-03-15T04:00:00Z,107.97,108.95,105.8,107,398157
2024-03-14T04:00:00Z,110.7,111.37,105.1,106.465,301968
2024-03-13T04:00:00Z,113.43,114.28,109.395,110.025,216143
2024-03-12T04:00:00Z,117.03,118.28,113.4,113.55,185667
2024-03-11T04:00:00Z,115.315,116.71,113.83,115.85,229293
2024-03-08T05:00:00Z,120.33,120.36,114.945,116.15,326269
2024-03-07T05:00:00Z,120,122.015,119.615,120.465,249797
2024-03-06T05:00:00Z,119.68,120.48,116.97,118.5,545341
2024-03-05T05:00:00Z,120.655,121.43,113.93,117.47,414824
2024-03-04T05:00:00Z,123.89,129.015,120.88,121.795,532933
2024-03-01T05:00:00Z,124.51,130.9,116.46,124.59,808326
2024-02-29T05:00:00Z,91.44,94.77,91.44,94.72,205026
2024-02-28T05:00:00Z,91.885,94.36,91.36,93.34,152461
2024-02-27T05:00:00Z,92.86,93.39,90.73,91.54,114971
2024-02-26T05:00:00Z,92.5,94.98,91.88,92.76,162413
2024-02-23T05:00:00Z,89.17,92.64,88.025,90.43,209481
2024-02-22T05:00:00Z,85.88,89.05,85.44,87.77,172453
2024-02-21T05:00:00Z,81.23,81.76,80.49,81.4,78680
2024-02-20T05:00:00Z,83.94,83.94,81.26,82.53,102520
2024-02-16T05:00:00Z,83.04,85.09,82.81,84.24,210820
2024-02-15T05:00:00Z,85.715,85.81,82.45,82.71,133924
2024-02-14T05:00:00Z,85.08,86.18,85.08,86.08,50771
2024-02-13T05:00:00Z,84.68,84.98,83.47,84.015,103094
2024-02-12T05:00:00Z,86.235,86.845,85.9,86.6,73151
2024-02-09T05:00:00Z,85.245,86.64,85.125,86.2,84610
2024-02-08T05:00:00Z,83.87,85.095,83.87,84.8,88651
2024-02-07T05:00:00Z,83.56,83.83,82.81,83.71,142764
2024-02-06T05:00:00Z,85.57,85.78,82.17,82.665,183657
2024-02-05T05:00:00Z,86.63,86.74,84.775,85.69,66882
2024-02-02T05:00:00Z,85.68,86.89,85.22,86.33,86561
2024-02-01T05:00:00Z,83.555,85.95,83.085,85.79,112102
2024-01-31T05:00:00Z,83.13,83.55,81.87,82.89,193676
2024-01-30T05:00:00Z,85.03,86.44,84.34,84.82,73410
2024-01-29T05:00:00Z,84.36,84.66,83.345,83.37,85223
2024-01-26T05:00:00Z,82.49,84.375,82.41,84.16,93148
2024-01-25T05:00:00Z,84.26,85.02,83.01,83.01,61228
2024-01-24T05:00:00Z,83.46,84.9,83.07,83.71,89835
2024-01-23T05:00:00Z,81.17,82.45,80.63,82.44,58693
2024-01-22T05:00:00Z,83.7,83.7,81.01,81.13,198954
2024-01-19T05:00:00Z,79.18,84.705,79.18,83.25,338005
2024-01-18T05:00:00Z,78.62,78.91,77.71,78.41,159873
2024-01-17T05:00:00Z,78.53,78.765,76.95,77.65,148072
2024-01-16T05:00:00Z,79.145,79.55,78.515,79.47,141363
2024-01-12T05:00:00Z,79.915,80.24,79.19,79.32,206833
2024-01-11T05:00:00Z,78.96,79.79,77.6,79.75,124146
2024-01-10T05:00:00Z,77.8,78.71,77.8,78.24,96393
2024-01-09T05:00:00Z,79.1,79.425,77.06,77.06,193379
2024-01-08T05:00:00Z,77.98,79.66,77.57,79.36,377235
2024-01-05T05:00:00Z,75.525,76.435,75.525,75.845,92710
2024-01-04T05:00:00Z,76.57,77.13,75.845,75.96,102936
2024-01-03T05:00:00Z,74.655,76.81,74.655,76.59,94621
2024-01-02T05:00:00Z,75.96,75.975,74.34,74.8,92127
2023-12-29T05:00:00Z,76.76,76.9,76.21,76.56,48048
2023-12-28T05:00:00Z,77,77.04,76.655,76.675,41472
2023-12-27T05:00:00Z,77.22,77.43,76.94,77.26,96500
2023-12-26T05:00:00Z,75.935,77.29,75.935,76.96,60062
2023-12-22T05:00:00Z,75.45,76.15,75.08,75.71,119417
2023-12-21T05:00:00Z,73.475,75.39,73.475,75.32,275665
2023-12-20T05:00:00Z,73.565,74.26,72.31,72.45,235768
2023-12-19T05:00:00Z,73.905,73.99,72.87,73.53,85233
2023-12-18T05:00:00Z,71.77,73.68,71.045,73.375,138153
2023-12-15T05:00:00Z,72.07,72.96,71.4,71.6,195494
2023-12-14T05:00:00Z,70.98,72.455,70.98,72.43,270538
2023-12-13T05:00:00Z,70.03,70.46,69.29,69.87,198935
2023-12-12T05:00:00Z,69.07,70.31,68.975,70.01,146520
2023-12-11T05:00:00Z,68.67,69.735,68.57,69.255,148848
2023-12-08T05:00:00Z,68.565,69.27,68.555,68.71,137946
2023-12-07T05:00:00Z,67.79,68.81,67.63,68.58,213825
2023-12-06T05:00:00Z,69.61,69.8,67.51,67.64,190971
2023-12-05T05:00:00Z,69.15,70.31,69.11,69.29,243563
2023-12-04T05:00:00Z,70.805,71.055,68.68,69.3,307926
2023-12-01T05:00:00Z,71.78,73.045,68.66,71.91,506332
2023-11-30T05:00:00Z,75.09,75.97,74.69,75.92,364997
2023-11-29T05:00:00Z,74.65,76.065,74.43,75.06,160318
2023-11-28T05:00:00Z,74.12,74.88,73.88,74.03,94560
2023-11-27T05:00:00Z,73.925,75.13,73.37,74.49,137782
2023-11-24T05:00:00Z,74.94,74.94,74.18,74.44,64596
2023-11-22T05:00:00Z,74.25,75.36,74.035,74.68,135657
2023-11-21T05:00:00Z,73.7,74.035,73.08,73.62,82701
2023-11-20T05:00:00Z,73.78,73.94,73.12,73.37,99223
2023-11-17T05:00:00Z,72.755,73.99,72.755,73.62,81648
2023-11-16T05:00:00Z,72.7,73.07,71.82,72.55,144217
2023-11-15T05:00:00Z,73.04,74.12,72.61,72.915,146522
2023-11-14T05:00:00Z,74.18,74.275,73.35,73.915,134044
2023-11-13T05:00:00Z,72.75,74.035,72.45,73.775,104667
2023-11-10T05:00:00Z,72.73,73.78,72.45,73.485,110552
2023-11-09T05:00:00Z,72.77,73.27,71.69,72.24,81468
2023-11-08T05:00:00Z,71.69,72.49,71.1,72.49,81964
2023-11-07T05:00:00Z,71.88,72.295,71.17,71.545,140549
2023-11-06T05:00:00Z,70.345,72.295,69.855,71.955,177746
2023-11-03T04:00:00Z,69.35,70.04,69.35,69.5,164456
2023-11-02T04:00:00Z,69.35,69.88,68.31,68.68,151589
2023-11-01T04:00:00Z,67.295,68.725,66.79,68.63,126160
2023-10-31T04:00:00Z,66.01,66.96,65.88,66.925,89553
2023-10-30T04:00:00Z,65.92,66.75,65.92,66.41,104186
2023-10-27T04:00:00Z,65.28,66.14,65.23,65.965,197081
2023-10-26T04:00:00Z,66.405,66.53,63.94,64.49,198531
2023-10-25T04:00:00Z,67.01,67.54,66.12,66.34,155523
2023-10-24T04:00:00Z,66.55,67.145,66.04,66.95,159041
2023-10-23T04:00:00Z,65.575,66.25,64.92,65.53,128715
2023-10-20T04:00:00Z,66.995,67.21,65.35,65.91,215420
2023-10-19T04:00:00Z,67.27,68.67,66.79,67.015,168633
2023-10-18T04:00:00Z,67.285,68.3,66.89,66.91,108352
2023-10-17T04:00:00Z,67.22,68.58,66.77,67.915,143791
2023-10-16T04:00:00Z,67.78,68.565,67.31,67.75,173877
2023-10-13T04:00:00Z,69.665,70.6,67.755,67.965,141592
2023-10-12T04:00:00Z,70.095,70.72,68.68,69.04,196809
2023-10-11T04:00:00Z,68.205,70.35,68.205,70.335,141768
2023-10-10T04:00:00Z,67.42,68.54,67.42,67.93,298876
2023-10-09T04:00:00Z,66.11,67.455,66.01,67.22,314935
2023-10-06T04:00:00Z,66.725,67.05,65.89,66.385,403442
2023-10-05T04:00:00Z,66.37,66.95,64.38,66.21,280188
2023-10-04T04:00:00Z,67.4,67.86,66.63,67.185,346941
2023-10-03T04:00:00Z,68.75,68.845,66.83,67.21,130365
2023-10-02T04:00:00Z,68.815,69.305,67.38,67.71,117374
2023-09-29T04:00:00Z,69.045,69.59,68.56,68.92,175579
2023-09-28T04:00:00Z,68.23,69.27,68.14,68.47,217470
2023-09-27T04:00:00Z,69.66,69.925,67.24,67.95,181917
2023-09-26T04:00:00Z,69.89,69.99,68.94,68.94,103493
2023-09-25T04:00:00Z,70.19,70.98,69.43,70.01,102078
2023-09-22T04:00:00Z,68.68,70.55,68.675,70.08,160547
2023-09-21T04:00:00Z,68.04,69.18,68.04,68.43,89852
2023-09-20T04:00:00Z,69.825,70.42,68.875,68.94,123538
2023-09-19T04:00:00Z,69.71,70.38,69.28,69.85,110506
2023-09-18T04:00:00Z,68.77,69.42,68.43,69.15,78979
2023-09-15T04:00:00Z,70.585,71.025,68.67,69.3,86412
2023-09-14T04:00:00Z,70.45,71.14,70.225,71.14,100900
2023-09-13T04:00:00Z,70.96,71.14,69.79,70.45,57987
2023-09-12T04:00:00Z,71.55,72.27,70.605,70.7,200079
2023-09-11T04:00:00Z,71.13,72.79,70.68,72.165,152929
2023-09-08T04:00:00Z,69.37,70.84,69.095,70.49,134121
2023-09-07T04:00:00Z,69.9,70.58,68.67,68.98,162852
2023-09-06T04:00:00Z,68,70.47,67.89,70.455,251238
2023-09-05T04:00:00Z,67.865,69.82,67.62,68.1,203209
2023-09-01T04:00:00Z,63.96,70.235,63.91,68.16,906289
2023-08-31T04:00:00Z,56.015,56.76,55.61,56.26,153704
2023-08-30T04:00:00Z,54.48,55.94,53.64,55.68,191019
2023-08-29T04:00:00Z,57.155,57.155,56.33,56.49,146424
2023-08-28T04:00:00Z,56.375,57.475,56.12,57.18,60833
2023-08-25T04:00:00Z,56.55,56.875,55.66,56.21,45435
2023-08-24T04:00:00Z,57.57,57.63,56.26,56.73,212268
2023-08-23T04:00:00Z,56.18,56.895,55.77,56.83,62976
2023-08-22T04:00:00Z,56.54,56.54,55.55,55.8,84905
2023-08-21T04:00:00Z,55.125,56.43,55.125,56.055,226415
2023-08-18T04:00:00Z,54.975,55.31,54.8,54.9,72749
2023-08-17T04:00:00Z,55.34,55.81,54.64,54.835,130222
2023-08-16T04:00:00Z,55.74,56.28,55.165,55.22,52525
2023-08-15T04:00:00Z,56.335,56.69,55.7,55.72,98311
2023-08-14T04:00:00Z,56.6,56.9,56.3,56.755,63309
2023-08-11T04:00:00Z,55.95,57.58,55.895,56.83,148765
2023-08-10T04:00:00Z,57.05,57.38,55.42,55.97,81118
2023-08-09T04:00:00Z,57.455,57.85,56.57,56.57,72384
2023-08-08T04:00:00Z,55.12,58.66,55.12,57.58,259251
2023-08-07T04:00:00Z,53.92,54.64,53.7,54.55,50154
2023-08-04T04:00:00Z,53.735,54.56,53.07,53.235,117163
2023-08-03T04:00:00Z,52.39,53.95,52.13,53.49,69813
2023-08-02T04:00:00Z,53.1,53.25,52.465,52.96,98873
2023-08-01T04:00:00Z,52.925,53.66,52.91,53.405,64588
2023-07-31T04:00:00Z,52.61,53.145,52.59,52.915,54598
2023-07-28T04:00:00Z,54.24,54.395,52.53,52.62,119363
2023-07-27T04:00:00Z,54.53,54.77,53.595,53.72,81689
2023-07-26T04:00:00Z,54.315,54.53,53.79,53.925,90177
2023-07-25T04:00:00Z,54.06,54.65,54.06,54.38,76304
2023-07-24T04:00:00Z,53.84,54.22,53.585,53.74,163125
2023-07-21T04:00:00Z,53.645,54.235,53.45,53.56,118754
2023-07-20T04:00:00Z,54.05,54.18,53.255,53.6,153207
2023-07-19T04:00:00Z,54.065,54.49,54.01,54.3,81490
2023-07-18T04:00:00Z,54.87,55.03,53.16,53.88,167776
2023-07-17T04:00:00Z,55.62,55.63,54.705,54.74,108393
2023-07-14T04:00:00Z,55.65,56.075,54.875,55.465,151790
2023-07-13T04:00:00Z,54.52,55.65,54.26,55.635,170021
2023-07-12T04:00:00Z,55.51,55.69,54.16,54.17,217474
2023-07-11T04:00:00Z,55.01,55.85,54.89,55.73,277936
2023-07-10T04:00:00Z,53.29,54.855,53.29,54.85,95610
2023-07-07T04:00:00Z,54.02,54.52,53.485,53.535,298368
2023-07-06T04:00:00Z,53.57,54.31,53.365,53.805,123855
2023-07-05T04:00:00Z,54.21,54.665,53.885,54.21,91276
2023-07-03T04:00:00Z,54.14,54.77,53.76,54.66,56350
2023-06-30T04:00:00Z,53.96,54.57,53.78,54.14,137673
2023-06-29T04:00:00Z,52.08,53.105,51.8,53.105,117679
2023-06-28T04:00:00Z,51.195,51.9,51.06,51.76,118555
2023-06-27T04:00:00Z,51.34,51.54,50.855,51.38,153908
2023-06-26T04:00:00Z,50.98,51.49,50.735,51.33,125827
2023-06-23T04:00:00Z,50.595,51.63,50.56,50.875,334839
2023-06-22T04:00:00Z,49.82,51.44,49.82,51.225,217790
2023-06-21T04:00:00Z,49.835,50.57,49.405,50.06,160928
2023-06-20T04:00:00Z,49.49,49.53,48.75,49.345,155387
2023-06-16T04:00:00Z,50.09,50.26,49.6,49.67,109894
2023-06-15T04:00:00Z,49.31,50.42,49.23,50.195,103778
2023-06-14T04:00:00Z,48.79,49.675,48.79,49.41,98910
2023-06-13T04:00:00Z,48.35,48.81,48.3,48.805,106516
2023-06-12T04:00:00Z,47.75,48.115,47.62,48.09,137285
2023-06-09T04:00:00Z,48.185,48.62,47.605,47.61,70886
2023-06-08T04:00:00Z,48.01,48.045,47.23,47.9,222847
2023-06-07T04:00:00Z,46.785,47.77,46.77,47.67,182074
2023-06-06T04:00:00Z,45.26,47.045,45.19,46.795,293531
2023-06-05T04:00:00Z,47.43,47.43,45.31,45.48,440428
2023-06-02T04:00:00Z,45.66,47.825,45.56,47.265,353097
2023-06-01T04:00:00Z,44.94,47.19,44.71,45.48,549332
2023-05-31T04:00:00Z,45.75,46.15,44.5,44.81,330232
2023-05-30T04:00:00Z,48.7,49.09,47.175,47.315,266232
2023-05-26T04:00:00Z,48.205,48.545,47.54,48.505,133645
2023-05-25T04:00:00Z,46.67,48.315,46.59,48.08,138671
2023-05-24T04:00:00Z,45.95,46.02,45.265,45.905,131197
2023-05-23T04:00:00Z,47.18,47.48,46.355,46.355,122490
2023-05-22T04:00:00Z,46.75,47.93,46.43,47.535,125971
2023-05-19T04:00:00Z,47.66,48.18,47.39,47.745,201545
2023-05-18T04:00:00Z,45.71,47.305,45.71,47.135,177187
2023-05-17T04:00:00Z,45.83,46.155,45.27,45.835,118545
2023-05-16T04:00:00Z,44.79,46.12,44.79,45.375,147076
2023-05-15T04:00:00Z,44.84,44.99,44.495,44.95,117529
2023-05-12T04:00:00Z,44.68,44.785,44.205,44.77,87809
2023-05-11T04:00:00Z,45.71,45.71,44.485,44.705,104615
2023-05-10T04:00:00Z,46.435,46.51,45.455,45.815,112510
2023-05-09T04:00:00Z,45.52,46.19,45.325,45.99,102293
2023-05-08T04:00:00Z,45.52,46.185,45.23,46.015,182063
2023-05-05T04:00:00Z,44.83,45.78,44.625,45.375,135370
2023-05-04T04:00:00Z,45.1,45.1,44.085,44.175,114718
2023-05-03T04:00:00Z,45.21,45.72,44.8,45.155,197471
2023-05-02T04:00:00Z,44.77,45.63,43.915,44.77,340429
2023-05-01T04:00:00Z,43.55,44.1,43.39,43.81,138313
2023-04-28T04:00:00Z,43.005,43.63,42.82,43.47,121217
2023-04-27T04:00:00Z,41.825,42.805,41.8,42.805,90957
2023-04-26T04:00:00Z,41.75,42.175,41.465,41.665,92580
2023-04-25T04:00:00Z,42.52,42.62,41.715,41.715,66434
2023-04-24T04:00:00Z,42.84,42.84,42.37,42.67,110527
2023-04-21T04:00:00Z,42.765,43.135,42.525,43.11,131500
2023-04-20T04:00:00Z,43.14,43.57,42.755,42.915,141861
2023-04-19T04:00:00Z,44.4,45.31,43.825,43.825,271744
2023-04-18T04:00:00Z,44.24,45.63,44.24,45.5,315256
2023-04-17T04:00:00Z,42.89,43.99,42.86,43.915,195313
2023-04-14T04:00:00Z,42.79,43.68,42.695,43.275,210964
2023-04-13T04:00:00Z,41.96,42.765,41.77,42.65,121346
2023-04-12T04:00:00Z,41.855,41.99,41.15,41.875,207014
2023-04-11T04:00:00Z,41.54,41.935,41.505,41.595,44259
2023-04-10T04:00:00Z,40.22,41.425,40.22,41.425,100900
2023-04-06T04:00:00Z,40.47,40.77,40.24,40.245,64322
2023-04-05T04:00:00Z,40.67,41.125,40.355,40.835,111826
2023-04-04T04:00:00Z,41.26,41.28,40.505,40.865,119550
2023-04-03T04:00:00Z,40.38,41.15,40.38,40.96,120630
2023-03-31T04:00:00Z,40.03,40.39,39.94,40.22,104983
2023-03-30T04:00:00Z,39.49,39.91,39.49,39.865,234738
2023-03-29T04:00:00Z,38.93,39.19,38.655,39.12,150884
2023-03-28T04:00:00Z,37.88,38.315,37.575,38.315,131324
2023-03-27T04:00:00Z,37.7,38.155,37.655,37.965,132304
2023-03-24T04:00:00Z,37.615,37.64,36.81,37.355,179870
2023-03-23T04:00:00Z,38.36,38.59,37.39,37.82,102522
2023-03-22T04:00:00Z,39.19,39.465,38.08,38.08,110157
2023-03-21T04:00:00Z,39.21,39.35,38.76,39.155,129929
2023-03-20T04:00:00Z,37.5,38.83,37.5,38.535,336017
2023-03-17T04:00:00Z,37.88,38.17,36.875,37.23,331238
2023-03-16T04:00:00Z,36.505,38.09,36.505,38.08,299494
2023-03-15T04:00:00Z,36.9,38.12,36.9,37.51,235913
2023-03-14T04:00:00Z,37.24,38.29,37.17,37.535,303472
2023-03-13T04:00:00Z,36.19,36.81,35.96,36.58,270003
2023-03-10T05:00:00Z,37.71,37.71,36.3,36.72,162563
2023-03-09T05:00:00Z,38.74,38.9,37.73,37.815,112852
2023-03-08T05:00:00Z,38.22,38.79,38.04,38.77,121947
2023-03-07T05:00:00Z,39.08,39.52,37.99,37.99,123029
2023-03-06T05:00:00Z,40.13,40.26,39.095,39.095,247988
2023-03-03T05:00:00Z,39.08,40.95,38.855,39.79,412488
2023-03-02T05:00:00Z,39.97,40.23,38.9,40.175,469231
2023-03-01T05:00:00Z,40.88,40.92,40,40.41,306885
2023-02-28T05:00:00Z,40.87,41.67,40.51,40.66,204673
2023-02-27T05:00:00Z,42.11,42.15,40.875,41,193700
2023-02-24T05:00:00Z,41.3,41.79,41.11,41.615,136304
2023-02-23T05:00:00Z,42.16,42.37,41.46,42.04,74621
2023-02-22T05:00:00Z,41.93,42.19,41.61,41.82,83848
2023-02-21T05:00:00Z,41.97,42.415,41.695,41.905,130575
2023-02-17T05:00:00Z,42.56,42.945,42.33,42.49,168437
2023-02-16T05:00:00Z,42.375,43.71,42.375,42.72,162259
2023-02-15T05:00:00Z,42.48,43.045,42.48,42.795,99627
2023-02-14T05:00:00Z,43.21,43.785,42.945,43.03,164655
2023-02-13T05:00:00Z,42.76,43.815,42.76,43.41,213974
2023-02-10T05:00:00Z,41.905,43.24,41.905,42.73,198140
2023-02-09T05:00:00Z,42.76,42.97,41.935,42.04,116988
2023-02-08T05:00:00Z,41.695,42.235,41.63,41.83,131597
2023-02-07T05:00:00Z,40.87,42.16,40.8,41.97,114919
2023-02-06T05:00:00Z,41.8,41.8,40.355,40.965,151190
2023-02-03T05:00:00Z,41.95,42.775,41.77,42.235,83040
2023-02-02T05:00:00Z,41.525,43.065,41.485,42.445,107916
2023-02-01T05:00:00Z,40.42,41.435,40.38,41.25,174402
2023-01-31T05:00:00Z,39.67,40.615,39.54,40.6,120102
2023-01-30T05:00:00Z,40.02,40.4,39.895,40.01,80141
2023-01-27T05:00:00Z,40.65,41.135,40.3,40.3,85008
2023-01-26T05:00:00Z,40.95,41.03,40.24,40.99,49111
2023-01-25T05:00:00Z,39.97,40.77,39.78,40.51,107838
2023-01-24T05:00:00Z,40.12,41.065,40.12,40.605,70042
2023-01-23T05:00:00Z,40.66,41.615,40.64,41.025,162504
2023-01-20T05:00:00Z,39.78,40.285,39.485,40.255,128656
2023-01-19T05:00:00Z,39.495,39.835,39.04,39.455,93000
2023-01-18T05:00:00Z,40.305,40.49,39.695,40.025,148522
2023-01-17T05:00:00Z,40.01,40.11,39.45,40.03,101307
2023-01-13T05:00:00Z,39.38,40.21,39.04,40.21,112595
2023-01-12T05:00:00Z,40.69,40.69,39.795,39.925,158632
2023-01-11T05:00:00Z,42.09,42.09,39.7,40.82,228267
2023-01-10T05:00:00Z,42.09,42.62,41.84,42.48,107829
2023-01-09T05:00:00Z,42.79,43.07,42.195,42.3,114437
2023-01-06T05:00:00Z,41.2,42.585,40.86,42.415,201489
2023-01-05T05:00:00Z,40.5,41.085,40.32,40.865,155024
2023-01-04T05:00:00Z,41.39,41.6,40.58,40.935,150726
2023-01-03T05:00:00Z,40.67,40.96,40.04,40.885,102738
2022-12-30T05:00:00Z,39.67,40.2,39.42,40.2,40832
2022-12-29T05:00:00Z,39.09,39.915,39.09,39.815,57581
2022-12-28T05:00:00Z,39.36,39.47,38.615,38.77,69456
2022-12-27T05:00:00Z,39.3,39.55,38.93,39.41,46757
2022-12-23T05:00:00Z,39.2,39.21,38.65,39.11,68541
2022-12-22T05:00:00Z,38.36,39.145,38.02,39.145,89037
2022-12-21T05:00:00Z,39.28,39.545,39.03,39.13,96406
2022-12-20T05:00:00Z,38.915,39.12,38.68,38.94,65772
2022-12-19T05:00:00Z,39.28,39.38,38.665,39.03,66854
2022-12-16T05:00:00Z,38.95,39.435,38.73,39.26,132429
2022-12-15T05:00:00Z,40.835,40.9,39.29,39.41,155498
2022-12-14T05:00:00Z,42.655,42.895,41.51,41.72,118011
2022-12-13T05:00:00Z,44.25,44.345,42.6,42.865,123232
2022-12-12T05:00:00Z,41.54,42.87,41.44,42.87,87387
2022-12-09T05:00:00Z,42.005,42.49,41.805,41.82,47101
2022-12-08T05:00:00Z,42.16,42.45,41.73,42.25,115374
2022-12-07T05:00:00Z,41.86,42.24,41.5,41.925,74701
2022-12-06T05:00:00Z,43.08,43.115,42.1,42.5,104625
2022-12-05T05:00:00Z,43.94,44.07,42.965,43.095,87721
2022-12-02T05:00:00Z,44.48,44.695,43.98,44.53,111198
2022-12-01T05:00:00Z,44.905,45.355,44.4,44.9,94430
2022-11-30T05:00:00Z,43.22,44.795,42.755,44.78,197620
2022-11-29T05:00:00Z,43.6,43.92,43.405,43.54,111014
2022-11-28T05:00:00Z,44.11,44.28,43.57,43.61,102843
2022-11-25T05:00:00Z,44.48,45.02,44.465,44.66,46169
2022-11-23T05:00:00Z,43.78,45.32,43.7,44.6,197062
2022-11-22T05:00:00Z,41.86,43.94,40.53,43.86,526399
2022-11-21T05:00:00Z,41.57,41.69,39.91,41.11,229563
2022-11-18T05:00:00Z,41.915,42.13,41.39,42.03,110247
2022-11-17T05:00:00Z,40.64,41.91,40.54,41.77,68324
2022-11-16T05:00:00Z,41.62,41.71,41.045,41.175,145442
2022-11-15T05:00:00Z,43.035,43.22,42.22,42.36,117701
2022-11-14T05:00:00Z,42.02,42.91,41.775,42.235,106423
2022-11-11T05:00:00Z,41.81,43.07,41.62,42.68,103629
2022-11-10T05:00:00Z,41.02,41.73,40.51,41.725,142138
2022-11-09T05:00:00Z,39.59,40.22,39.23,39.35,51749
2022-11-08T05:00:00Z,40.36,41.045,40.065,40.42,110465
2022-11-07T05:00:00Z,39.165,39.985,38.98,39.87,101087
2022-11-04T04:00:00Z,38.61,39.3,38.15,38.965,82351
2022-11-03T04:00:00Z,37.12,37.775,37.065,37.35,74840
2022-11-02T04:00:00Z,38.9,39.25,37.67,37.7,85249
2022-11-01T04:00:00Z,38.81,39.25,38.07,39.155,97815
2022-10-31T04:00:00Z,38.715,38.885,38.345,38.41,78133
2022-10-28T04:00:00Z,38.12,39.375,38.12,39.16,125650
2022-10-27T04:00:00Z,38.2,38.36,37.54,37.77,91915
2022-10-26T04:00:00Z,37.41,38.2,37.28,37.825,91358
2022-10-25T04:00:00Z,37.135,37.955,37.09,37.75,106656
2022-10-24T04:00:00Z,36.84,37.48,36.72,37.275,89557
2022-10-21T04:00:00Z,35.3,36.97,35.3,36.855,111694
2022-10-20T04:00:00Z,34.875,35.69,34.7,34.845,48695
2022-10-19T04:00:00Z,34.57,34.985,34.175,34.495,65831
2022-10-18T04:00:00Z,34.855,35.17,34.055,34.545,90266
2022-10-17T04:00:00Z,34.83,35.16,34.095,34.48,112108
2022-10-14T04:00:00Z,35.145,35.145,34.02,34.255,53234
2022-10-13T04:00:00Z,33.05,35.25,32.93,34.98,100308
2022-10-12T04:00:00Z,33.89,34.1,33.61,33.78,132940
2022-10-11T04:00:00Z,34.4,34.73,33.735,33.86,135446
2022-10-10T04:00:00Z,34.87,34.89,33.7,34.485,154208
2022-10-07T04:00:00Z,36.07,36.37,34.545,34.6,381474
2022-10-06T04:00:00Z,38.05,38.24,37.38,37.48,71564
2022-10-05T04:00:00Z,36.9,38.12,36.85,37.805,134066
2022-10-04T04:00:00Z,36.71,37.485,36.56,37.455,147262
2022-10-03T04:00:00Z,34.525,36.135,34.265,35.88,141495
2022-09-30T04:00:00Z,34.66,34.945,34.1,34.145,70331
2022-09-29T04:00:00Z,34.62,34.62,33.815,34.205,119324
2022-09-28T04:00:00Z,34.59,35.395,34.59,35.3,92048
2022-09-27T04:00:00Z,35.23,35.63,34.555,34.73,113186
2022-09-26T04:00:00Z,35.2,35.64,34.65,34.705,99754
2022-09-23T04:00:00Z,35.73,36.12,34.8,35.52,98192
2022-09-22T04:00:00Z,36.61,36.855,36.205,36.27,121276
2022-09-21T04:00:00Z,37.5,37.78,36.765,36.77,194188
2022-09-20T04:00:00Z,37.38,37.38,36.74,36.94,78669
2022-09-19T04:00:00Z,37.78,37.97,37.23,37.795,98440
2022-09-16T04:00:00Z,37.31,38.11,36.94,37.965,110099
2022-09-15T04:00:00Z,37.89,38.025,37.3,37.64,121608
2022-09-14T04:00:00Z,38.485,38.64,37.815,38.155,115455
2022-09-13T04:00:00Z,39.28,39.465,38.15,38.27,166607
2022-09-12T04:00:00Z,40.135,40.73,40.08,40.3,100433
2022-09-09T04:00:00Z,39.1,39.935,38.99,39.8,138009
2022-09-08T04:00:00Z,37.7,38.51,37.45,38.5,118744
2022-09-07T04:00:00Z,37.2,38.145,36.78,37.965,104342
2022-09-06T04:00:00Z,37.6,37.68,36.81,37.31,161976
2022-09-02T04:00:00Z,38.41,38.45,37.48,37.8,97100
2022-09-01T04:00:00Z,37.9,38.02,37.1,37.665,159866
2022-08-31T04:00:00Z,39.07,39.62,38.18,38.29,262417
2022-08-30T04:00:00Z,40.89,41.28,39.69,39.7,171392
2022-08-29T04:00:00Z,40.875,42.37,40.525,40.585,644426
2022-08-26T04:00:00Z,45.73,45.73,41.19,41.425,621782
2022-08-25T04:00:00Z,47.32,47.99,47.31,47.98,144935
2022-08-24T04:00:00Z,46.72,47.22,46.19,46.62,92817
2022-08-23T04:00:00Z,46.7,47.79,46.7,46.94,134364
2022-08-22T04:00:00Z,46.95,47.195,46.55,46.835,91770
2022-08-19T04:00:00Z,48.12,48.27,47.345,47.66,69706
2022-08-18T04:00:00Z,48.155,49.035,47.87,48.915,70668
2022-08-17T04:00:00Z,48.2,48.235,47.18,47.84,74815
2022-08-16T04:00:00Z,48.365,49.23,48.22,48.58,93399
2022-08-15T04:00:00Z,48.17,48.67,48.05,48.29,69754
2022-08-12T04:00:00Z,47.74,48.26,47.73,48.22,75737
2022-08-11T04:00:00Z,47.69,48.485,47.325,47.595,89458
2022-08-10T04:00:00Z,46.13,47.235,46.03,47.235,86100
2022-08-09T04:00:00Z,45.33,45.37,44.585,45.09,100193
2022-08-08T04:00:00Z,45.63,46.42,45.23,45.44,88407
2022-08-05T04:00:00Z,43.89,45.435,43.85,45.43,124973
2022-08-04T04:00:00Z,44.32,44.39,43.56,44.22,116657
2022-08-03T04:00:00Z,44.15,44.855,43.44,44.45,85884
2022-08-02T04:00:00Z,44.91,45.03,44.135,44.26,77413
2022-08-01T04:00:00Z,44.79,45.725,44.655,45.42,63772
2022-07-29T04:00:00Z,44.47,45.075,44.04,45.06,69872
2022-07-28T04:00:00Z,44.31,44.865,43.9,44.49,76154
2022-07-27T04:00:00Z,43.57,44.475,43.425,44.285,92354
2022-07-26T04:00:00Z,44.04,44.13,43.29,43.44,101057
2022-07-25T04:00:00Z,43.565,44.26,43.235,43.83,80155
2022-07-22T04:00:00Z,44.325,44.51,43.195,43.34,134458
2022-07-21T04:00:00Z,44.27,44.735,43.77,44.65,70232
2022-07-20T04:00:00Z,44.17,44.67,43.48,44.175,142730
2022-07-19T04:00:00Z,43.01,44.095,43.01,44.045,56302
2022-07-18T04:00:00Z,43.96,44.075,42.805,42.915,69324
2022-07-15T04:00:00Z,43.055,43.46,42.68,43.45,66191
2022-07-14T04:00:00Z,42.57,42.8,41.37,42.715,90246
2022-07-13T04:00:00Z,42.555,43.57,42.46,43.14,110018
2022-07-12T04:00:00Z,42.37,43.7,42.37,43.04,103905
2022-07-11T04:00:00Z,42.8,43,42.395,42.48,60792
2022-07-08T04:00:00Z,42.53,43.19,42.29,42.9,111222
2022-07-07T04:00:00Z,42.97,43.43,42.84,42.91,111723
2022-07-06T04:00:00Z,42.85,43.09,41.55,42.22,111428
2022-07-05T04:00:00Z,41.77,43.185,41.57,43.14,135278
2022-07-01T04:00:00Z,45.93,45.93,42.43,42.76,395914
2022-06-30T04:00:00Z,46.74,47.26,45.92,46.13,245294
2022-06-29T04:00:00Z,48.615,48.67,47.25,47.4,222939
2022-06-28T04:00:00Z,50.435,50.61,48.9,48.94,204590
2022-06-27T04:00:00Z,50.31,50.47,49.91,50.23,192094
2022-06-24T04:00:00Z,49.415,50.68,49.415,50.295,183018
2022-06-23T04:00:00Z,48.78,49.56,48.36,49.05,183501
2022-06-22T04:00:00Z,49.08,49.75,48.45,48.68,151103
2022-06-21T04:00:00Z,48.86,49.445,48.6,49.28,175249
2022-06-17T04:00:00Z,46.775,47.85,46.36,47.58,158259
2022-06-16T04:00:00Z,46.77,47.02,45.41,45.9,186291
2022-06-15T04:00:00Z,47.725,48.555,47.17,47.9,133213
2022-06-14T04:00:00Z,47.715,47.85,47.015,47.35,106040
2022-06-13T04:00:00Z,47.82,48.305,47.1,47.255,121997
2022-06-10T04:00:00Z,49.6,50.235,49.04,49.18,140995
2022-06-09T04:00:00Z,50.38,51.4,50.01,50.365,163943
2022-06-08T04:00:00Z,50.895,51.29,50.34,50.34,80857
2022-06-07T04:00:00Z,49.625,51.26,49.38,51.2,102434
2022-06-06T04:00:00Z,51.1,51.23,49.95,50.07,114666
2022-06-03T04:00:00Z,50.985,51.73,50.78,51,120094
2022-06-02T04:00:00Z,50.03,51.33,49.975,51.27,195598
2022-06-01T04:00:00Z,50.29,51.52,49.915,50.66,250936
2022-05-31T04:00:00Z,49.395,50.46,48.42,49.95,443478
2022-05-27T04:00:00Z,50.47,52.565,48.5,49.56,692664
2022-05-26T04:00:00Z,42.32,44.31,42.01,43.945,273044
2022-05-25T04:00:00Z,40.93,43.65,40.91,43.29,288934
2022-05-24T04:00:00Z,40.89,41.41,39.9,40.86,295582
2022-05-23T04:00:00Z,40.87,41.515,40.59,41.235,304342
2022-05-20T04:00:00Z,41.39,41.39,38.33,40.05,290305
2022-05-19T04:00:00Z,42.53,42.53,40.9,41.06,227615
2022-05-18T04:00:00Z,45.98,45.98,43.24,43.31,148087
2022-05-17T04:00:00Z,45.95,46.71,45.75,46.65,185279
2022-05-16T04:00:00Z,44.91,45.34,44.465,45.045,117551
2022-05-13T04:00:00Z,44.3,45.59,44.22,45.07,188133
2022-05-12T04:00:00Z,44.2,44.89,43.17,43.78,292105
2022-05-11T04:00:00Z,45.37,46.21,44.34,44.4,144178
2022-05-10T04:00:00Z,45.83,46.23,44.74,45.48,132960
2022-05-09T04:00:00Z,44.99,45.8,44.89,45.2,124114
2022-05-06T04:00:00Z,46.5,46.6,45.39,45.59,378713
2022-05-05T04:00:00Z,48.82,48.82,46.91,47.23,185621
2022-05-04T04:00:00Z,48.19,49.02,47.28,48.825,278473
2022-05-03T04:00:00Z,47.74,48.255,47.24,47.85,163115
2022-05-02T04:00:00Z,46.91,47.54,46.4,47.5,164980
2022-04-29T04:00:00Z,48.09,49.2,46.945,47.015,170849
2022-04-28T04:00:00Z,47.35,48.415,46.86,48.12,117996
2022-04-27T04:00:00Z,46.45,47.3,45.76,46.55,200266
2022-04-26T04:00:00Z,46.975,47.65,46.48,46.48,98523
2022-04-25T04:00:00Z,46.475,47.27,45.98,47.26,121530
2022-04-22T04:00:00Z,47.765,47.825,46.84,46.86,78333
2022-04-21T04:00:00Z,49.12,49.48,47.915,48.21,167883
2022-04-20T04:00:00Z,48.86,49.55,48.855,49.01,93356
2022-04-19T04:00:00Z,47.07,48.15,47.07,47.99,134503
2022-04-18T04:00:00Z,46.69,47.81,46.65,47.43,171589
2022-04-14T04:00:00Z,47.24,47.68,46.91,46.92,178583
2022-04-13T04:00:00Z,47.055,47.7,46.92,47.31,135902
2022-04-12T04:00:00Z,47.24,47.74,47.055,47.08,218776
2022-04-11T04:00:00Z,46.88,48,46.84,46.965,137265
2022-04-08T04:00:00Z,47.69,48.1,47.13,47.37,222118
2022-04-07T04:00:00Z,47.7,48.7,46.935,47.7,865102
2022-04-06T04:00:00Z,48.235,48.4,46.76,47.07,286096
2022-04-05T04:00:00Z,49.2,49.59,48.66,48.66,120616
2022-04-04T04:00:00Z,48.87,49.81,48.775,49.39,189073
2022-04-01T04:00:00Z,48.93,48.99,47.67,48.8,347991
2022-03-31T04:00:00Z,51.45,51.65,50.18,50.18,310257
2022-03-30T04:00:00Z,54.965,55.22,54.18,54.31,101893
2022-03-29T04:00:00Z,54.79,55.29,54.34,55.04,151562
2022-03-28T04:00:00Z,54.32,54.56,53.77,54.34,168709
2022-03-25T04:00:00Z,53.42,54.87,53.405,54.78,174264
2022-03-24T04:00:00Z,52.635,53.84,52.55,53.5,134648
2022-03-23T04:00:00Z,52.65,53.34,52.54,52.56,252673
2022-03-22T04:00:00Z,52.57,53.28,52.31,53,135627
2022-03-21T04:00:00Z,51.705,52.97,51.695,52.34,256155
2022-03-18T04:00:00Z,50.34,51.88,50.05,51.84,220055
2022-03-17T04:00:00Z,51.46,51.46,49.53,50.53,305870
2022-03-16T04:00:00Z,51.56,52.43,50.62,51.96,267924
2022-03-15T04:00:00Z,50.98,52.18,50.56,52.08,123955
2022-03-14T04:00:00Z,52.24,52.56,50.4,50.7,155006
2022-03-11T05:00:00Z,52.3,52.72,51.565,52,158100
2022-03-10T05:00:00Z,51.56,52.13,51.035,51.97,148163
2022-03-09T05:00:00Z,51.64,52.54,51.555,51.99,187927
2022-03-07T05:00:00Z,51.72,51.72,49,49.33,249606
2022-03-04T05:00:00Z,52.115,52.47,51.4,51.99,124107
2022-03-03T05:00:00Z,53.6,53.91,52.49,52.59,221597
2022-03-02T05:00:00Z,50.295,53.775,50.27,53.6,324380
2022-03-01T05:00:00Z,50.33,50.53,49.63,49.885,304147
2022-02-28T05:00:00Z,50.79,52.01,50.315,50.95,322385
2022-02-25T05:00:00Z,50.91,53.05,49.185,51.46,676126
2022-02-24T05:00:00Z,55.1,55.95,54.37,55.91,471518
2022-02-23T05:00:00Z,57.98,58.36,56.56,56.75,172360
2022-02-22T05:00:00Z,58.53,58.99,56.91,57.14,122442
2022-02-18T05:00:00Z,59.32,59.91,58.81,58.89,132253
2022-02-17T05:00:00Z,60.105,60.35,59.25,59.25,76008
2022-02-16T05:00:00Z,59.49,60.53,59.43,60.31,130309
2022-02-15T05:00:00Z,58.91,60.415,58.86,59.78,159179
2022-02-14T05:00:00Z,59.46,59.55,58.23,58.59,74514
2022-02-11T05:00:00Z,60.66,61.3,59.36,59.495,104089
2022-02-10T05:00:00Z,60.37,61.52,60.34,60.695,138955
2022-02-09T05:00:00Z,60.32,61,60.155,60.78,91092
2022-02-08T05:00:00Z,59.23,60.03,58.8,59.97,90631
2022-02-07T05:00:00Z,59.17,59.61,58.84,58.94,84365
2022-02-04T05:00:00Z,59.08,59.31,58.285,58.75,79844
2022-02-03T05:00:00Z,59.205,60.07,58.91,59.18,86976
2022-02-02T05:00:00Z,58.96,59.71,58.8,59.47,128385
2022-02-01T05:00:00Z,57.04,58.61,56.89,58.58,93656
2022-01-31T05:00:00Z,56.115,56.81,55.95,56.81,126712
2022-01-28T05:00:00Z,55.41,56.37,54.82,56.24,136104
2022-01-27T05:00:00Z,56.44,57.6,55.055,55.43,205307
2022-01-26T05:00:00Z,56.37,56.73,54.97,55.38,124574
2022-01-25T05:00:00Z,54.85,56.02,53.605,55.43,148804
2022-01-24T05:00:00Z,54.7,54.7,53.74,54.65,46076
2022-01-21T05:00:00Z,57.155,57.19,55.27,55.6,213307
2022-01-20T05:00:00Z,58.23,59.045,57.36,57.4,106811
2022-01-19T05:00:00Z,59.63,60.42,57.93,57.93,174133
2022-01-18T05:00:00Z,60.34,60.81,59.425,59.465,151003
2022-01-14T05:00:00Z,59.97,60.76,59.69,60.545,204418
2022-01-13T05:00:00Z,60.53,60.67,59.89,60.17,421628
2022-01-12T05:00:00Z,60.25,60.51,59.14,59.95,105255
2022-01-11T05:00:00Z,59.94,60.66,59.775,60.245,304026
2022-01-10T05:00:00Z,59.17,60.005,58.63,59.875,362032
2022-01-07T05:00:00Z,58.12,58.41,57.32,58.015,116631
2022-01-06T05:00:00Z,58.1,58.67,57.64,58.09,235380
2022-01-05T05:00:00Z,58.4,59.48,57.88,58.04,212896
2022-01-04T05:00:00Z,57.33,59,57.33,58.5,202636
2022-01-03T05:00:00Z,56.4,57.08,56.28,56.97,102433
2021-12-31T05:00:00Z,56.45,56.63,56.17,56.17,50082
2021-12-30T05:00:00Z,57.08,57.08,56.47,56.5,64487
2021-12-29T05:00:00Z,57.38,57.76,56.995,57.07,70064
2021-12-28T05:00:00Z,56.77,57.34,56.77,56.95,103584
2021-12-27T05:00:00Z,56.17,56.77,56.15,56.595,94643
2021-12-23T05:00:00Z,55.665,56.245,55.43,55.88,118150
2021-12-22T05:00:00Z,55.46,55.69,54.85,55.38,165196
2021-12-21T05:00:00Z,54.6,55.475,54.01,55.475,115198
2021-12-20T05:00:00Z,54.07,54.14,53.1,53.6,207791
2021-12-17T05:00:00Z,54.84,55.015,54.06,54.62,221542
2021-12-16T05:00:00Z,56.31,56.33,54.955,55,147602
2021-12-15T05:00:00Z,54.685,56.05,54.465,56.04,122184
2021-12-14T05:00:00Z,54.69,55.145,54.275,54.62,269489
2021-12-13T05:00:00Z,57.36,57.375,55.665,55.7,152891
2021-12-10T05:00:00Z,57.95,58.015,57.15,57.6,113570
2021-12-09T05:00:00Z,58.25,58.545,57.6,57.65,260513
2021-12-08T05:00:00Z,58.92,59,57.92,58.42,122137
2021-12-07T05:00:00Z,59.19,59.45,58.24,58.91,135336
2021-12-06T05:00:00Z,58.9,59.28,58.17,58.8,168781
2021-12-03T05:00:00Z,57.55,58.63,57.45,58.47,391042
2021-12-02T05:00:00Z,55.62,57.255,55.58,57.13,225096
2021-12-01T05:00:00Z,56.93,57.21,55.575,55.69,208874
2021-11-30T05:00:00Z,57.475,57.7,55.73,56.45,306444
2021-11-29T05:00:00Z,56.86,57.87,56.48,57.6,186050
2021-11-26T05:00:00Z,56.08,57.73,56,56.18,167450
2021-11-24T05:00:00Z,55,57.99,54.97,57.27,592499
2021-11-23T05:00:00Z,54.88,55.11,54.23,54.73,324317
2021-11-22T05:00:00Z,55.44,55.67,54.33,55.15,260239
2021-11-19T05:00:00Z,55.8,55.99,54.965,55.17,236585
2021-11-18T05:00:00Z,56.01,56.65,55.555,55.99,230347
2021-11-17T05:00:00Z,56.96,57.2,55.965,55.99,265583
2021-11-16T05:00:00Z,56.7,57.08,56.52,56.81,203571
2021-11-15T05:00:00Z,56.45,57.54,56.28,56.69,251208
2021-11-12T05:00:00Z,56.3,56.55,55.88,56.04,116236
2021-11-11T05:00:00Z,56.81,56.99,55.98,56.19,130765
2021-11-10T05:00:00Z,56.14,57.17,56.05,56.615,228148
2021-11-09T05:00:00Z,55.59,56.28,55.03,56.08,155738
2021-11-08T05:00:00Z,56.37,56.72,55.275,55.55,133875
2021-11-05T04:00:00Z,54.735,56.425,54.6,56.36,271835
2021-11-04T04:00:00Z,55.43,55.43,53.78,54.57,281591
2021-11-03T04:00:00Z,55.04,55.295,54.28,55.21,277838
2021-11-02T04:00:00Z,56.65,57.3,53.03,54.61,630600
2021-11-01T04:00:00Z,109.8,111.56,109.74,111.51,145561
2021-10-29T04:00:00Z,109.405,111.795,109.24,109.99,201587
2021-10-28T04:00:00Z,109.86,110.4,108.8,110.1,140778
2021-10-27T04:00:00Z,110.04,110.04,107.94,108.43,94374
2021-10-26T04:00:00Z,112.72,112.78,110.14,110.23,124530
2021-10-22T04:00:00Z,112.9,114.76,112.895,114.58,128957
2021-10-21T04:00:00Z,111.385,113.49,111.17,112.99,212122
2021-10-20T04:00:00Z,111.31,111.95,110.74,111.65,249435
2021-10-19T04:00:00Z,109.31,110.9,108.94,110.88,261550
2021-10-18T04:00:00Z,108.64,109.69,108.3,108.68,105166
2021-10-15T04:00:00Z,106.65,107.965,106.3,107.68,65436
2021-10-14T04:00:00Z,104.45,106.43,104.19,106.02,73639
2021-10-13T04:00:00Z,103.87,104.57,103.02,103.69,80977
2021-10-12T04:00:00Z,105.26,105.26,103.39,103.71,73397
2021-10-11T04:00:00Z,105.22,106.245,104.74,105.2,74861
2021-10-08T04:00:00Z,107.525,107.66,104.39,105.09,125719
2021-10-07T04:00:00Z,106.1,107.46,105.65,106.98,92772
2021-10-06T04:00:00Z,104.33,105.66,103.95,105.47,71985
2021-10-05T04:00:00Z,105.51,106.45,104.74,105.99,78191
2021-10-04T04:00:00Z,106.22,106.52,104.43,105.23,94407
2021-10-01T04:00:00Z,104.53,106.16,104.13,105.77,87614
2021-09-30T04:00:00Z,105.765,105.82,102.79,104.03,105205
2021-09-29T04:00:00Z,105.7,106.18,103.94,105.37,109639
2021-09-28T04:00:00Z,104.405,105.645,104.285,105.32,113518
2021-09-27T04:00:00Z,103.5,105.08,103.5,104.865,97129
2021-09-24T04:00:00Z,102.93,104.09,102.93,103.88,137393
2021-09-23T04:00:00Z,100.3,105.22,99.07,102.71,279498
2021-09-22T04:00:00Z,99.86,99.86,98,99.27,128666
2021-09-21T04:00:00Z,101.73,102.135,98.89,99.26,133171
2021-09-20T04:00:00Z,98.8,101.99,98.8,100.92,232877
2021-09-17T04:00:00Z,101.03,102.09,98.59,100.54,161664
2021-09-16T04:00:00Z,100.335,101.58,99.99,101.38,162377
2021-09-15T04:00:00Z,97.74,100.72,97.3,100.44,138385
2021-09-14T04:00:00Z,98.66,98.75,97.19,97.45,111737
2021-09-13T04:00:00Z,98,99.38,97.59,98.9,329251
2021-09-10T04:00:00Z,96.98,97.12,95.04,95.22,142204
2021-09-09T04:00:00Z,94.86,96.76,94.63,96.37,104136
2021-09-08T04:00:00Z,96.045,96.2,94.19,94.87,88417
2021-09-07T04:00:00Z,96.6,97.03,95.87,96.005,40016
2021-09-03T04:00:00Z,97.22,97.94,96.93,97.09,56759
2021-09-02T04:00:00Z,97.36,97.75,96.54,97.06,47246
2021-09-01T04:00:00Z,97.63,97.95,96.72,96.8,67988
2021-08-31T04:00:00Z,98.22,98.42,97.31,97.4,53861
2021-08-30T04:00:00Z,97.71,99.055,96.48,98.165,114708
2021-08-27T04:00:00Z,98.9,101.35,95.05,96.96,370324
2021-08-26T04:00:00Z,102.6,102.655,101.14,101.61,109946
2021-08-25T04:00:00Z,100.57,102.43,100.19,102.07,83382
2021-08-24T04:00:00Z,100.71,101.25,99.94,100.72,47225
2021-08-23T04:00:00Z,99.02,100.44,98.48,100.105,78419
2021-08-20T04:00:00Z,97.41,98.905,97.06,98.52,74428
2021-08-19T04:00:00Z,96.61,96.905,95.8,96.21,45995
2021-08-18T04:00:00Z,97.37,97.98,97.04,97.055,30674
2021-08-17T04:00:00Z,98.68,99.25,97.22,97.83,45154
2021-08-16T04:00:00Z,99.15,99.855,98.55,99.63,44925
2021-08-13T04:00:00Z,100.73,100.73,99.7,100.01,44090
2021-08-12T04:00:00Z,100.2,100.76,99.64,100.57,63401
2021-08-11T04:00:00Z,98.56,100.45,98.56,100.36,51364
2021-08-10T04:00:00Z,98.925,99.165,98.17,98.515,52831
2021-08-09T04:00:00Z,98.03,98.76,97.69,98.5,30537
2021-08-06T04:00:00Z,98.34,98.8,98.21,98.525,22919
2021-08-05T04:00:00Z,97.93,98.56,97.6,98.33,39330
2021-08-04T04:00:00Z,97.87,97.9,97.18,97.34,19297
2021-08-03T04:00:00Z,96.75,98.81,96.12,98.425,80724
2021-08-02T04:00:00Z,96.745,97.13,96,96.31,40616
2021-07-30T04:00:00Z,96.295,97.215,96.06,96.6,28756
2021-07-29T04:00:00Z,96.13,96.91,95.58,96.8,58672
2021-07-28T04:00:00Z,96.25,96.6,95.85,95.905,28000
2021-07-27T04:00:00Z,95.8,96.38,94.98,96.09,74675
2021-07-26T04:00:00Z,96.67,97.04,96.28,96.46,63226
2021-07-23T04:00:00Z,96.075,96.69,95.66,96.58,51837
2021-07-22T04:00:00Z,96.54,96.54,95.24,96.01,107426
2021-07-21T04:00:00Z,95.92,96.695,95.295,96.2,91946
2021-07-20T04:00:00Z,93.37,95.87,93.37,95.34,96664
2021-07-19T04:00:00Z,90.61,93.22,90.61,92.77,92332
2021-07-16T04:00:00Z,94.02,94.17,92.26,92.26,79578
2021-07-15T04:00:00Z,92.88,93.65,92.33,93.6,96369
2021-07-14T04:00:00Z,94.67,95.805,93.14,93.41,146273
2021-07-13T04:00:00Z,96.46,96.78,93.745,93.75,200846
2021-07-12T04:00:00Z,99.92,99.92,97.12,97.17,140785
2021-07-09T04:00:00Z,99.45,100.86,99.28,100.25,103045
2021-07-08T04:00:00Z,98.02,99.68,97.72,99,89060
2021-07-07T04:00:00Z,98.6,100.07,98.35,99.485,67698
2021-07-06T04:00:00Z,99.47,100.14,98.13,98.4,68511
2021-07-02T04:00:00Z,99.13,99.695,98.075,99.36,67491
2021-07-01T04:00:00Z,99.16,99.38,98,98.69,79527
2021-06-30T04:00:00Z,101.06,101.65,99.63,99.66,150167
2021-06-29T04:00:00Z,99.72,102.29,99.37,102.29,170793
2021-06-28T04:00:00Z,99.35,100.2,99.34,99.75,162748
2021-06-25T04:00:00Z,99.51,99.775,99.27,99.5,163465
2021-06-24T04:00:00Z,99.62,100,98.62,99.07,90996
2021-06-23T04:00:00Z,99.55,99.8,99.02,99.2,36394
2021-06-22T04:00:00Z,99.5,99.98,99.1,99.8,44141
2021-06-21T04:00:00Z,99.27,100.125,99.1,100,86705
2021-06-18T04:00:00Z,98.4,98.825,97.36,98.55,100497
2021-06-17T04:00:00Z,102.32,102.47,99.49,99.64,125361
2021-06-16T04:00:00Z,102.63,103.41,102,102.68,66990
2021-06-15T04:00:00Z,102.98,103.29,102.39,102.87,54596
2021-06-14T04:00:00Z,104.155,104.155,102.245,102.68,55505
2021-06-11T04:00:00Z,103.67,104.07,101.9,103.96,77020
2021-06-10T04:00:00Z,103.88,104.59,103.49,103.805,88710
2021-06-09T04:00:00Z,104.215,104.215,103.29,104,39092
2021-06-08T04:00:00Z,102.95,104.17,102.95,103.93,54057
2021-06-07T04:00:00Z,104.2,104.35,102.45,102.79,34234
2021-06-04T04:00:00Z,101.86,103.55,101.86,103.53,84231
2021-06-03T04:00:00Z,100.41,101.94,99.44,101.65,85002
2021-06-02T04:00:00Z,102.66,103.3,100.98,100.98,78525
2021-06-01T04:00:00Z,99.6,102.91,99.535,102.87,157448
2021-05-28T04:00:00Z,99.34,99.72,95.34,98.63,160006
2021-05-27T04:00:00Z,100.25,100.42,99.005,99.7,76739
2021-05-26T04:00:00Z,99.72,100.43,99.38,99.64,66206
2021-05-25T04:00:00Z,100.54,100.885,99.45,99.5,62706
2021-05-24T04:00:00Z,99.24,100.645,99.21,100.14,60901
2021-05-21T04:00:00Z,99.64,99.64,98.32,98.47,43540
2021-05-20T04:00:00Z,97.34,99.09,97.1,98.59,67578
2021-05-19T04:00:00Z,96.24,97.54,95.43,96.77,83828
2021-05-18T04:00:00Z,98.54,98.845,97.86,98.11,41524
2021-05-17T04:00:00Z,98.16,98.82,97.72,98.35,43150
2021-05-14T04:00:00Z,97.46,98.51,97.36,98.44,44973
2021-05-13T04:00:00Z,94.805,96.94,94.68,96.39,96463
2021-05-12T04:00:00Z,96.99,97.39,93.98,94.1,82463
2021-05-11T04:00:00Z,96.61,98.01,95.98,97.76,104648
2021-05-10T04:00:00Z,101.01,101.21,99.625,99.66,51214
2021-05-07T04:00:00Z,100.18,101.7,99.8,101,105603
2021-05-06T04:00:00Z,98.51,99.825,97.81,99.74,66903
2021-05-05T04:00:00Z,97.27,98.69,96.57,98.315,84072
2021-05-04T04:00:00Z,96.555,97.07,95.93,96.46,108788
2021-05-03T04:00:00Z,99.05,99.38,97.665,97.78,98527
2021-04-30T04:00:00Z,99.61,99.61,98.18,98.36,71760
2021-04-29T04:00:00Z,100.295,100.63,99.48,99.975,70128
2021-04-28T04:00:00Z,100.905,100.905,99.4,99.41,41634
2021-04-27T04:00:00Z,100.59,101.26,100.27,100.6,57644
2021-04-26T04:00:00Z,101.55,101.73,100.18,100.37,51499
2021-04-23T04:00:00Z,101.01,101.76,100.55,101.415,74653
2021-04-22T04:00:00Z,101.25,101.98,100.17,100.54,59127
2021-04-21T04:00:00Z,101.44,102.26,101.07,101.41,90123
2021-04-20T04:00:00Z,103.415,103.47,101.2,101.43,154541
2021-04-16T04:00:00Z,99.55,102.11,99.3,101.42,255601
2021-04-15T04:00:00Z,98.02,101.17,95.4,98.84,631284
2021-04-14T04:00:00Z,92.61,93.465,92.55,92.7,51140
2021-04-13T04:00:00Z,93.56,93.56,92.46,92.53,39693
2021-04-12T04:00:00Z,92.95,94.01,92.56,93.49,82458
2021-04-09T04:00:00Z,92.27,94,92.27,93.87,84647
2021-04-08T04:00:00Z,92.3,92.875,90.62,92.65,89084
2021-04-07T04:00:00Z,89.65,92.39,89.64,91.37,124808
2021-04-06T04:00:00Z,89.265,89.94,89.12,89.47,99021
2021-04-05T04:00:00Z,89.29,89.82,88.98,89.425,110553
2021-04-01T04:00:00Z,88.43,89.33,88.12,89.125,60785
2021-03-31T04:00:00Z,88.75,88.98,88.05,88.18,83711
2021-03-30T04:00:00Z,88.03,89.015,87.65,88.62,84046
2021-03-29T04:00:00Z,88.48,89.62,87.8,88.17,133850
2021-03-26T04:00:00Z,86.82,89,86.82,88.98,130943
2021-03-25T04:00:00Z,84.9,86.9,84.9,86.04,82555
2021-03-24T04:00:00Z,86.27,87.37,85.89,86.36,212651
2021-03-23T04:00:00Z,87.02,87.945,84.85,85.78,168161
2021-03-22T04:00:00Z,87.26,88.27,86.94,87.31,151899
2021-03-19T04:00:00Z,87.72,88.75,87.575,87.82,183172
2021-03-18T04:00:00Z,89.89,90.15,88.05,88.05,112648
2021-03-17T04:00:00Z,88.41,91.5,88.24,91.225,147551
2021-03-16T04:00:00Z,89.47,89.735,88.3,89.125,141905
2021-03-15T04:00:00Z,88.85,89.24,88.26,89.215,75360
2021-03-12T05:00:00Z,88.25,88.82,87.815,88.775,73535
2021-03-11T05:00:00Z,88.28,89.44,88.035,88.54,167526
2021-03-10T05:00:00Z,87.05,88.06,86.83,87.65,115875
2021-03-09T05:00:00Z,86.185,87.84,86.01,86.53,128828
2021-03-08T05:00:00Z,85.7,86.64,84.96,85.1,143213
2021-03-05T05:00:00Z,84.07,85.68,83.44,85.54,244713
2021-03-04T05:00:00Z,83.52,84.36,81.48,82.9,181800
2021-03-03T05:00:00Z,82.86,84.17,82.56,83.61,216515
2021-03-02T05:00:00Z,82.96,83.57,82.15,82.73,83917
2021-03-01T05:00:00Z,81.37,83.42,81.36,83.08,87358
2021-02-26T05:00:00Z,80.99,83.09,80.05,81.02,161020
2021-02-25T05:00:00Z,81.245,81.52,79.01,79.77,195366
2021-02-24T05:00:00Z,80.66,81.905,80.485,81.68,99844
2021-02-23T05:00:00Z,79.91,80.875,77.11,80.54,106999
2021-02-22T05:00:00Z,80.54,81.93,79.61,80.73,81352
2021-02-19T05:00:00Z,80.37,81.295,80.05,80.77,58556
2021-02-18T05:00:00Z,78.88,80.44,78.21,79.68,108183
2021-02-17T05:00:00Z,79.2,79.97,78.605,79.26,69424
2021-02-16T05:00:00Z,80.69,80.69,78.48,79.58,104836
2021-02-12T05:00:00Z,79.5,80.06,78.9,80.06,193645
2021-02-11T05:00:00Z,79.63,80.07,77.91,79.34,74868
2021-02-10T05:00:00Z,79.9,79.99,78.48,79.53,45204
2021-02-09T05:00:00Z,79.25,79.905,78.85,79.64,96450
2021-02-08T05:00:00Z,79.915,80.71,79.5,79.88,128556
2021-02-05T05:00:00Z,79.46,80.07,79.255,79.59,50551
2021-02-04T05:00:00Z,78.135,79.28,78.11,79.28,38631
2021-02-03T05:00:00Z,77.16,78.3,77.09,77.755,56084
2021-02-02T05:00:00Z,77.34,77.62,76.57,77.15,213344
2021-02-01T05:00:00Z,73.62,74.7,72.82,73.99,56147
2021-01-29T05:00:00Z,73.38,74.58,72.41,72.88,83285
2021-01-28T05:00:00Z,74.035,75.17,72.97,73.92,142621
2021-01-27T05:00:00Z,74.78,75.72,73.24,73.84,155989
2021-01-26T05:00:00Z,75.925,76.485,75,76.03,55469
2021-01-25T05:00:00Z,76.32,76.32,73.6,75.67,60662
2021-01-22T05:00:00Z,75.68,76.17,75.05,75.99,50815
2021-01-21T05:00:00Z,77.495,77.62,76.01,76.92,108703
2021-01-20T05:00:00Z,75.38,77.17,74.995,77.08,97155
2021-01-19T05:00:00Z,74.69,75.01,74.315,74.85,87480
2021-01-15T05:00:00Z,73.06,74.875,72.9,74.31,92864
2021-01-14T05:00:00Z,71.38,73.83,71.38,73.26,209993
2021-01-13T05:00:00Z,74.745,74.92,70.2,71.22,500644
2021-01-12T05:00:00Z,75.93,76.75,75.675,76.75,97781
2021-01-11T05:00:00Z,76.34,76.82,75.66,75.66,104021
2021-01-08T05:00:00Z,76.61,77.36,75.82,77.24,159598
2021-01-07T05:00:00Z,74.73,76.34,74.73,76.34,116061
2021-01-06T05:00:00Z,73.4,75.2,72.905,74.095,152179
2021-01-05T05:00:00Z,71.6,73.95,71.53,73.44,103589
2021-01-04T05:00:00Z,73.81,73.81,71.72,72.46,142415
2020-12-31T05:00:00Z,72.79,73.36,72.06,73.3,84346
2020-12-30T05:00:00Z,71.68,73.04,71.675,72.5,350719
2020-12-29T05:00:00Z,73.025,73.66,71.36,71.6,221735
2020-12-28T05:00:00Z,73.5,73.5,72.435,72.88,125776
2020-12-24T05:00:00Z,73.84,73.85,72.755,73,58711
2020-12-23T05:00:00Z,73,73.83,72.39,73.42,78818
2020-12-22T05:00:00Z,73.665,73.77,72.56,72.63,64405
2020-12-21T05:00:00Z,72.12,73.34,71.07,73.02,73730
2020-12-18T05:00:00Z,74.96,75.36,72.42,72.93,219365
2020-12-17T05:00:00Z,74.17,74.82,74.17,74.7,95766
2020-12-16T05:00:00Z,73.99,74.285,73.68,73.89,68870
2020-12-15T05:00:00Z,73.29,73.87,72.38,73.76,59832
2020-12-14T05:00:00Z,72.19,72.95,71.93,72.48,102026
2020-12-11T05:00:00Z,71.82,72.465,71.165,71.58,81450
2020-12-10T05:00:00Z,70.84,72.23,70.5,72.2,160149
2020-12-09T05:00:00Z,72.3,72.875,71.02,71.44,96357
2020-12-08T05:00:00Z,70.2,71.88,70.2,71.86,77944
2020-12-07T05:00:00Z,72.215,72.29,69.99,70.31,103563
2020-12-04T05:00:00Z,71.45,72.265,70.685,72.175,113602
2020-12-03T05:00:00Z,70.915,71.48,70.43,70.96,90662
2020-12-02T05:00:00Z,70.54,71.04,69.67,70.49,69631
2020-12-01T05:00:00Z,69.84,70.71,69.1,70.5,90483
2020-11-30T05:00:00Z,70.16,70.27,68.12,68.98,99631
2020-11-27T05:00:00Z,69.25,70.2,69.175,69.76,64797
2020-11-25T05:00:00Z,69.72,69.925,67.395,69.36,293561
2020-11-24T05:00:00Z,69.77,70.48,69.45,70.33,114234
2020-11-23T05:00:00Z,68.625,69.77,68.625,69.38,67120
2020-11-20T05:00:00Z,68.71,69.01,68.375,68.445,71789
2020-11-19T05:00:00Z,67.485,68.69,66.76,68.52,68644
2020-11-18T05:00:00Z,68.145,68.77,67.515,67.6,101812
2020-11-17T05:00:00Z,67.065,68.18,66.56,67.87,65284
2020-11-16T05:00:00Z,66.39,67.51,65.63,67.31,84078
2020-11-13T05:00:00Z,65,66.17,64.98,66.07,71417
2020-11-12T05:00:00Z,64.605,65.42,63.98,64.45,98250
2020-11-11T05:00:00Z,65.025,65.24,64.09,64.88,98869
2020-11-10T05:00:00Z,64.46,65.17,63.35,64.58,216564
2020-11-09T05:00:00Z,65.98,66.04,64.2,64.24,104299
2020-11-06T05:00:00Z,64.525,64.85,63.445,64.595,49814
2020-11-05T05:00:00Z,63.03,64.57,63.03,64.56,121186
2020-11-04T05:00:00Z,62.62,63.04,61.34,62.155,101381
2020-11-03T05:00:00Z,61.14,62.81,61.14,61.79,91661
2020-11-02T05:00:00Z,61.13,61.435,60.07,60.26,89125
2020-10-30T04:00:00Z,60.39,60.78,58.88,60.33,95825
2020-10-29T04:00:00Z,60.755,60.95,59.83,60.52,137949
2020-10-28T04:00:00Z,62,62.2,60.7,60.72,96273
2020-10-27T04:00:00Z,64.77,64.77,63.51,63.58,50455
2020-10-26T04:00:00Z,67.1,67.35,63.96,64.78,123776
2020-10-23T04:00:00Z,68.76,68.855,67.84,68.11,99267
2020-10-22T04:00:00Z,70.135,70.135,67.86,68.76,62552
2020-10-21T04:00:00Z,69.6,70.525,69.44,69.89,110908
2020-10-20T04:00:00Z,70.1,70.38,69.38,69.42,48602
2020-10-19T04:00:00Z,70.48,70.885,69.26,69.42,31154
2020-10-16T04:00:00Z,70.735,71.21,70.145,70.15,49008
2020-10-15T04:00:00Z,69.51,70.4,68.87,70.02,90727
2020-10-14T04:00:00Z,70.87,71.45,70.29,70.6,62076
2020-10-13T04:00:00Z,69.9,71.04,69.61,70.51,76021
2020-10-12T04:00:00Z,68.79,69.48,68.56,69.24,46341
2020-10-09T04:00:00Z,68.99,69.335,68.39,68.42,65896
2020-10-08T04:00:00Z,67.5,69.22,67.44,68.66,145572
2020-10-07T04:00:00Z,68.22,68.22,67.07,67.4,141798
2020-10-06T04:00:00Z,68.14,68.88,67.25,67.545,107016
2020-10-05T04:00:00Z,67.57,68.31,67.33,68.185,131889
2020-10-02T04:00:00Z,65.76,67.6,65.76,67.125,53709
2020-10-01T04:00:00Z,68.265,68.45,67.15,67.5,69946
2020-09-30T04:00:00Z,68.32,68.81,67.235,67.635,53709
2020-09-29T04:00:00Z,67.435,68.49,66.99,68.395,57619
2020-09-28T04:00:00Z,66.675,67.625,66.525,67.305,56308
2020-09-25T04:00:00Z,65.205,65.85,64.68,65.675,57920
2020-09-24T04:00:00Z,64.79,65.965,64.41,65.38,40832
2020-09-23T04:00:00Z,67.16,67.16,65.355,65.6,125245
2020-09-22T04:00:00Z,66.08,66.335,65.01,66.31,88287
2020-09-21T04:00:00Z,64.5,65.52,63.87,65.52,31949
2020-09-18T04:00:00Z,66.795,67.1,65.815,66.39,107524
2020-09-17T04:00:00Z,66.165,67.5,65.58,66.59,54001
2020-09-16T04:00:00Z,67.65,68.53,67.34,67.34,46852
2020-09-15T04:00:00Z,67.68,68.115,66.74,67.18,40366
2020-09-14T04:00:00Z,66.96,67.78,66.51,66.85,94155
2020-09-11T04:00:00Z,66,66.71,65.51,66.415,51402
2020-09-10T04:00:00Z,67,67.3,65.065,65.495,71710
2020-09-09T04:00:00Z,65.47,67.365,64.86,66.855,87933
2020-09-08T04:00:00Z,62.99,65.54,62.79,64.15,77933
2020-09-04T04:00:00Z,65.33,66,63.285,64.64,57053
2020-09-03T04:00:00Z,67.01,67.62,64.5,65.51,85520
2020-09-02T04:00:00Z,66.81,68.605,66.55,68.45,69636
2020-09-01T04:00:00Z,66.155,66.84,65.85,66.36,124110
2020-08-31T04:00:00Z,65.565,67.37,65.565,66.08,104523
2020-08-28T04:00:00Z,65.73,67.55,65,66.22,172247
2020-08-27T04:00:00Z,62.78,62.94,61.48,62.65,116636
2020-08-26T04:00:00Z,61.74,62.26,60.86,62.06,51910
2020-08-25T04:00:00Z,61.7,61.87,60.47,60.64,40639
2020-08-24T04:00:00Z,61.985,61.995,61.27,61.5,30163
2020-08-21T04:00:00Z,59.36,60.67,59.36,60.51,41408
2020-08-20T04:00:00Z,59.65,59.9,59.315,59.67,40147
2020-08-19T04:00:00Z,60.255,60.5,59.825,59.92,43827
2020-08-18T04:00:00Z,59.97,60.3,59.745,60.015,29615
2020-08-17T04:00:00Z,60.11,60.52,59.655,59.74,17964
2020-08-14T04:00:00Z,59.62,60.325,59.62,59.835,45553
2020-08-13T04:00:00Z,61.445,61.445,59.525,59.61,67242
2020-08-12T04:00:00Z,62.14,62.14,61.315,61.86,27061
2020-08-11T04:00:00Z,62.3,63.075,61.395,61.57,112291
2020-08-10T04:00:00Z,61.28,62.035,61.155,61.84,70502
2020-08-07T04:00:00Z,60.64,60.9,60.075,60.81,42113
2020-08-06T04:00:00Z,60.19,61.215,60.04,60.99,30949
2020-08-05T04:00:00Z,60.65,61.1,60.37,60.635,29905
2020-08-04T04:00:00Z,60.35,60.475,59.815,60.31,43922
2020-08-03T04:00:00Z,59.57,60.825,59.425,60.49,50706
2020-07-31T04:00:00Z,59.81,59.84,58.56,59.84,33575
2020-07-30T04:00:00Z,59.045,59.3,58.13,59.14,46747
2020-07-29T04:00:00Z,59.55,60.145,59.22,59.7,66631
2020-07-28T04:00:00Z,60.795,60.875,59.24,59.38,63312
2020-07-27T04:00:00Z,60.845,61.33,60.49,60.97,42025
