2024-06-14T04:00:00Z,45.54,45.715,45.03,45.545,153422
2024-06-13T04:00:00Z,46.54,46.665,45.685,45.74,148715
2024-06-12T04:00:00Z,47.76,47.76,46.58,46.855,110647
2024-06-11T04:00:00Z,46.575,47.315,46.495,47.285,86042
2024-06-10T04:00:00Z,46.85,47.435,46.555,47.13,107649
2024-06-07T04:00:00Z,46.41,47.165,46.285,46.78,133677
2024-06-06T04:00:00Z,46.33,46.86,46.33,46.735,70934
2024-06-05T04:00:00Z,46.695,46.86,46.39,46.61,95891
2024-06-04T04:00:00Z,46.5,46.705,45.935,46.67,254867
2024-06-03T04:00:00Z,48.64,48.77,47.105,47.225,64521
2024-05-31T04:00:00Z,47.695,49.065,47.66,49.04,136304
2024-05-30T04:00:00Z,47.37,47.675,47.24,47.61,137579
2024-05-29T04:00:00Z,48.71,48.71,46.555,47.18,277430
2024-05-28T04:00:00Z,48.485,48.97,48.37,48.91,155277
2024-05-24T04:00:00Z,48.565,48.64,48.02,48.135,93060
2024-05-23T04:00:00Z,49.08,49.295,48.14,48.235,92616
2024-05-22T04:00:00Z,49.19,49.195,48.45,48.8,156432
2024-05-21T04:00:00Z,49.94,50.23,49.67,49.775,55963
2024-05-20T04:00:00Z,49.755,50.06,49.73,50.005,129334
2024-05-17T04:00:00Z,49.43,49.755,49.095,49.615,102955
2024-05-16T04:00:00Z,49.95,49.95,49.23,49.23,158282
2024-05-15T04:00:00Z,49.68,49.8,48.72,49.73,135177
2024-05-14T04:00:00Z,50.01,50.095,49.54,49.86,82584
2024-05-13T04:00:00Z,50.255,50.29,49.63,49.9,199091
2024-05-10T04:00:00Z,51.12,51.18,50.02,50.11,143507
2024-05-09T04:00:00Z,50.82,51.2,50.595,50.86,103834
2024-05-08T04:00:00Z,50.53,51.055,50.36,50.57,99345
2024-05-07T04:00:00Z,50.97,51.18,50.83,51,122518
2024-05-06T04:00:00Z,50.93,51.46,50.67,50.83,176910
2024-05-03T04:00:00Z,51.065,51.29,50.165,50.545,187445
2024-05-02T04:00:00Z,51.215,52.245,50.05,50.36,312181
2024-05-01T04:00:00Z,50.88,51.13,49.81,50.43,157853
2024-04-30T04:00:00Z,52.75,52.75,51.145,51.17,190360
2024-04-29T04:00:00Z,52.52,53.19,52.52,53.08,78072
2024-04-26T04:00:00Z,52.47,52.86,52.11,52.71,105859
2024-04-25T04:00:00Z,51.85,52.645,51.445,52.6,124091
2024-04-24T04:00:00Z,52.21,52.3,51.765,52.1,140633
2024-04-23T04:00:00Z,51.87,52.7,51.72,52.58,78821
2024-04-22T04:00:00Z,51.5,52.545,51.16,52.14,186122
2024-04-19T04:00:00Z,51.44,52.415,51.44,51.84,124055
2024-04-18T04:00:00Z,52.11,52.14,51.25,51.46,109899
2024-04-17T04:00:00Z,51.88,52.64,51.46,51.67,157644
2024-04-16T04:00:00Z,52.36,52.645,51.55,52.18,186930
2024-04-15T04:00:00Z,53.85,54.03,52.5,52.69,240873
2024-04-12T04:00:00Z,54.45,55.06,53.265,53.42,317778
2024-04-11T04:00:00Z,54.45,54.72,53.29,53.91,142320
2024-04-10T04:00:00Z,53.93,54.545,53.55,54.5,170141
2024-04-09T04:00:00Z,53.74,54.205,53.28,54.17,272536
2024-04-08T04:00:00Z,53.53,53.8,52.98,53.44,194708
2024-04-05T04:00:00Z,52.69,53.575,52.35,53.32,165990
2024-04-04T04:00:00Z,53.015,53.115,52.31,52.52,193060
2024-04-03T04:00:00Z,51.89,52.825,51.865,52.75,246339
2024-04-02T04:00:00Z,51.31,51.635,51.03,51.63,172422
2024-04-01T04:00:00Z,50.89,51.19,50.375,50.94,193905
2024-03-28T04:00:00Z,49.96,50.285,49.73,50.16,240701
2024-03-27T04:00:00Z,48.52,49.47,48.52,49.47,180669
2024-03-26T04:00:00Z,49.2,49.32,48.77,48.79,151966
2024-03-25T04:00:00Z,48.67,49.24,48.67,49.04,111822
2024-03-22T04:00:00Z,48.61,48.825,48.3,48.36,166372
2024-03-21T04:00:00Z,48.49,48.635,48.22,48.515,120712
2024-03-20T04:00:00Z,48.15,48.825,48,48.61,127385
2024-03-19T04:00:00Z,47.62,48.53,47.62,48.44,299571
2024-03-18T04:00:00Z,47.84,47.995,47.26,47.47,145264
2024-03-15T04:00:00Z,47.79,48.29,47.545,47.62,138514
2024-03-14T04:00:00Z,47.35,47.87,47.26,47.87,385014
2024-03-13T04:00:00Z,47.11,47.795,47.09,47.4,149889
2024-03-12T04:00:00Z,46.73,46.99,46.54,46.585,256307
2024-03-11T04:00:00Z,46.11,46.745,45.735,46.705,271998
2024-03-08T05:00:00Z,45.88,46.365,45.81,46.16,125227
2024-03-07T05:00:00Z,45.43,46.265,45.43,45.91,187518
2024-03-06T05:00:00Z,45.455,45.585,44.9,45.445,223865
2024-03-05T05:00:00Z,44.545,45.405,44.345,45.075,202282
2024-03-04T05:00:00Z,44.53,44.715,44.245,44.37,147527
2024-03-01T05:00:00Z,44.415,44.79,44.085,44.39,259600
2024-02-29T05:00:00Z,44.31,44.415,43.855,44.04,175813
2024-02-28T05:00:00Z,44.12,44.89,43.75,44.04,281009
2024-02-27T05:00:00Z,44.12,44.615,44,44.34,198401
2024-02-26T05:00:00Z,43.57,44.35,43.51,43.82,188639
2024-02-23T05:00:00Z,43.415,44.11,43.15,43.89,134140
2024-02-22T05:00:00Z,43.58,44.25,43.375,43.96,281848
2024-02-21T05:00:00Z,43.88,44.63,43.67,44.11,175091
2024-02-20T05:00:00Z,43.435,43.825,43.15,43.42,157193
2024-02-16T05:00:00Z,43.26,43.73,42.99,43.46,135051
2024-02-15T05:00:00Z,41.91,43.305,41.88,43.195,169336
2024-02-14T05:00:00Z,42.12,42.49,41.675,41.84,127249
2024-02-13T05:00:00Z,42.05,42.24,41.415,41.9,107238
2024-02-12T05:00:00Z,41.775,42.59,41.775,42.23,233924
2024-02-09T05:00:00Z,42.46,42.57,41.365,41.575,144069
2024-02-08T05:00:00Z,41.38,42.475,41.315,42.44,349084
2024-02-07T05:00:00Z,41.24,41.465,40.7,41.3,154021
2024-02-06T05:00:00Z,40.86,41.46,40.86,41.07,96326
2024-02-05T05:00:00Z,40.93,41.125,40.485,40.7,229798
2024-02-02T05:00:00Z,41.66,41.805,41.21,41.305,133329
2024-02-01T05:00:00Z,42.315,42.605,41.485,41.795,140365
2024-01-31T05:00:00Z,42.98,42.99,42.015,42.02,119056
2024-01-30T05:00:00Z,42.44,43.355,42.44,43.32,133239
2024-01-29T05:00:00Z,42.52,42.81,42.04,42.775,115892
2024-01-26T05:00:00Z,42.49,42.75,42.12,42.61,126750
2024-01-25T05:00:00Z,41.785,42.495,41.48,42.49,148321
2024-01-24T05:00:00Z,41.645,41.87,41.275,41.63,175284
2024-01-23T05:00:00Z,41.27,41.805,41.075,41.29,104755
2024-01-22T05:00:00Z,40.8,41.61,40.58,41.18,152275
2024-01-19T05:00:00Z,40.925,41.02,40.625,40.97,142167
2024-01-18T05:00:00Z,41.005,41.18,40.515,41.085,213416
2024-01-17T05:00:00Z,41.21,41.485,40.835,41.075,420451
2024-01-16T05:00:00Z,42.5,42.655,41.53,41.685,561678
2024-01-12T05:00:00Z,44.465,44.53,42.685,42.77,458043
2024-01-11T05:00:00Z,44.05,44.235,43.43,43.58,303156
2024-01-10T05:00:00Z,44.72,44.8,43.86,43.94,311496
2024-01-09T05:00:00Z,45.545,45.545,44.575,44.765,260680
2024-01-08T05:00:00Z,45.14,45.52,44.365,45.52,126785
2024-01-05T05:00:00Z,45.98,46.08,45.53,45.945,141973
2024-01-04T05:00:00Z,46.96,47.35,45.56,45.61,121219
2024-01-03T05:00:00Z,45.79,46.815,45.53,46.81,156567
2024-01-02T05:00:00Z,45.675,46.49,45.55,45.845,183141
2023-12-29T05:00:00Z,45.86,45.97,45.045,45.31,233907
2023-12-28T05:00:00Z,46.1,46.34,45.775,45.775,194605
2023-12-27T05:00:00Z,46.36,46.75,46.245,46.415,191700
2023-12-26T05:00:00Z,46.2,46.915,46.2,46.7,131322
2023-12-22T05:00:00Z,46.165,46.445,45.73,45.81,172285
2023-12-21T05:00:00Z,45.44,45.86,45.165,45.84,161118
2023-12-20T05:00:00Z,45.835,46.23,45.175,45.25,207404
2023-12-19T05:00:00Z,45.4,45.725,45.025,45.68,169953
2023-12-18T05:00:00Z,45.55,46.145,45.21,45.255,286175
2023-12-15T05:00:00Z,44.47,44.9,44.185,44.82,311646
2023-12-14T05:00:00Z,44.26,45.49,44.19,44.965,362133
2023-12-13T05:00:00Z,43.41,44.24,42.96,44.225,234108
2023-12-12T05:00:00Z,43.735,43.78,43.045,43.37,323544
2023-12-11T05:00:00Z,44.215,44.595,44.075,44.41,161964
2023-12-08T05:00:00Z,43.775,44.205,43.695,44.08,118377
2023-12-07T05:00:00Z,43.64,43.78,43.14,43.47,341918
2023-12-06T05:00:00Z,43.45,44.15,43.07,43.24,231197
2023-12-05T05:00:00Z,44.655,44.85,43.72,43.81,209197
2023-12-04T05:00:00Z,44.58,45.295,44.48,44.68,155761
2023-12-01T05:00:00Z,44.905,45.84,44.66,45.16,125810
2023-11-30T05:00:00Z,45.52,45.97,44.54,44.96,283904
2023-11-29T05:00:00Z,45.05,45.21,44.655,44.89,166649
2023-11-28T05:00:00Z,45.115,45.395,44.72,44.82,116702
2023-11-27T05:00:00Z,44.975,45.005,44.36,44.93,150204
2023-11-24T05:00:00Z,45.07,45.595,44.9,45.34,156394
2023-11-22T05:00:00Z,44.05,45.21,43.715,45.16,157715
2023-11-21T05:00:00Z,45.33,45.55,44.975,45.255,98547
2023-11-20T05:00:00Z,45.79,46.165,45.615,45.65,109996
2023-11-17T05:00:00Z,44.81,45.735,44.45,45.37,234312
2023-11-16T05:00:00Z,44.71,44.82,43.46,44.29,331402
2023-11-15T05:00:00Z,45.7,46.395,45.46,45.53,140343
2023-11-14T05:00:00Z,45.5,46.19,45.5,45.76,203367
2023-11-13T05:00:00Z,45.8,46,45.355,45.41,431053
2023-11-10T05:00:00Z,44.77,45.95,44.7,45.63,345511
2023-11-09T05:00:00Z,44.6,45.1,44.12,44.16,515833
2023-11-08T05:00:00Z,44.74,45.08,43.76,44.18,371466
2023-11-07T05:00:00Z,45.86,45.94,45.025,45.29,307428
2023-11-06T05:00:00Z,47.73,47.73,46.335,46.72,221325
2023-11-03T04:00:00Z,47.41,47.92,47.22,47.345,159078
2023-11-02T04:00:00Z,46.36,47.31,45.86,47.3,245555
2023-11-01T04:00:00Z,46.71,46.93,46.13,46.2,136598
2023-10-31T04:00:00Z,45.98,46.6,45.66,46.56,177720
2023-10-30T04:00:00Z,46.71,47.14,45.675,46.18,120901
2023-10-27T04:00:00Z,47.185,47.24,46.05,46.805,173983
2023-10-26T04:00:00Z,47.25,47.565,46.7,47.15,150619
2023-10-25T04:00:00Z,47.44,47.905,46.97,47.85,260277
2023-10-24T04:00:00Z,47.885,48.02,47.26,47.505,140190
2023-10-23T04:00:00Z,47.71,47.985,47,47.73,322292
2023-10-20T04:00:00Z,49.14,49.3,48.09,48.32,256046
2023-10-19T04:00:00Z,49.17,49.815,48.43,49.26,550059
2023-10-18T04:00:00Z,50.23,50.8,49.88,50.07,235131
2023-10-17T04:00:00Z,49.17,49.935,49.115,49.935,235780
2023-10-16T04:00:00Z,48.71,49.52,48.34,49.38,350018
2023-10-13T04:00:00Z,47.63,48.6,47.46,48.395,386517
2023-10-12T04:00:00Z,47.3,47.3,46.27,46.69,216583
2023-10-11T04:00:00Z,45.85,46.8,45.635,46.73,251752
2023-10-10T04:00:00Z,46.11,46.405,45.77,46.09,196364
2023-10-09T04:00:00Z,45.15,46.39,44.89,46.1,268745
2023-10-06T04:00:00Z,43.05,44.215,42.6,43.72,265576
2023-10-05T04:00:00Z,42.92,43.41,42.73,42.845,285598
2023-10-04T04:00:00Z,44.96,45.03,42.82,43.35,655954
2023-10-03T04:00:00Z,45.55,45.79,45.095,45.76,314659
2023-10-02T04:00:00Z,47.68,47.68,45.355,45.64,356038
2023-09-29T04:00:00Z,48.99,48.99,47.605,47.69,565114
2023-09-28T04:00:00Z,48.72,49.105,48.33,48.81,188922
2023-09-27T04:00:00Z,47.76,49.195,47.655,48.84,354174
2023-09-26T04:00:00Z,46.825,47.53,46.805,46.945,307178
2023-09-25T04:00:00Z,46.63,47.625,46.57,47.51,222489
2023-09-22T04:00:00Z,46.855,47,46.255,46.575,249457
2023-09-21T04:00:00Z,47.75,47.93,46.12,46.405,546365
2023-09-20T04:00:00Z,48.625,49.02,47.86,47.89,333292
2023-09-19T04:00:00Z,50.095,50.21,48.88,48.98,532439
2023-09-18T04:00:00Z,50.13,50.17,49.09,49.5,234457
2023-09-15T04:00:00Z,50.38,50.46,49.47,49.68,322224
2023-09-14T04:00:00Z,50.92,51.315,50.275,50.935,276178
2023-09-13T04:00:00Z,51.49,51.6,50.37,50.65,183266
2023-09-12T04:00:00Z,51.38,52.005,51.2,51.38,201291
2023-09-11T04:00:00Z,53.095,53.1,50.37,50.78,257887
2023-09-08T04:00:00Z,52.805,53.315,52.58,52.675,119076
2023-09-07T04:00:00Z,53.365,53.755,52.375,52.48,113713
2023-09-06T04:00:00Z,53.38,54.14,53.16,53.495,123094
2023-09-05T04:00:00Z,53.21,54.435,53.21,53.5,316902
2023-09-01T04:00:00Z,51.87,53.335,51.83,52.93,167291
2023-08-31T04:00:00Z,50.91,51.29,50.53,51.06,87615
2023-08-30T04:00:00Z,50.95,51.135,50.61,50.66,121899
2023-08-29T04:00:00Z,50.605,50.99,50.19,50.72,102675
2023-08-28T04:00:00Z,50.755,51.54,50.4,50.56,78702
2023-08-25T04:00:00Z,49.38,50.82,49.16,50.44,226649
2023-08-24T04:00:00Z,49.21,49.405,48.74,48.86,94537
2023-08-23T04:00:00Z,49.08,49.385,48.495,49.36,225140
2023-08-22T04:00:00Z,50.27,50.55,49.72,49.725,108107
2023-08-21T04:00:00Z,50.43,50.88,49.62,50.18,205598
2023-08-18T04:00:00Z,48.495,50.015,48.495,49.99,163422
2023-08-17T04:00:00Z,49.25,49.82,48.95,49.06,109024
2023-08-16T04:00:00Z,49.25,49.45,48.5,48.54,224785
2023-08-15T04:00:00Z,49.83,49.83,48.955,49.19,208027
2023-08-14T04:00:00Z,50.28,50.3,49.61,50.3,179372
2023-08-11T04:00:00Z,50.5,51.16,50.215,50.4,544158
2023-08-10T04:00:00Z,51.28,51.73,50.25,50.76,206678
2023-08-09T04:00:00Z,51.29,51.98,50.84,51.155,186383
2023-08-08T04:00:00Z,49.725,50.785,48.895,50.77,244663
2023-08-07T04:00:00Z,50.985,51.315,50.51,50.82,154178
2023-08-04T04:00:00Z,51.31,51.96,50.7,50.78,207499
2023-08-03T04:00:00Z,50,51.715,49.9,50.83,250285
2023-08-02T04:00:00Z,51.9,51.9,49.405,49.75,584664
2023-08-01T04:00:00Z,53.61,53.92,53.075,53.68,195046
2023-07-31T04:00:00Z,53.43,54.21,53.43,54,242841
2023-07-28T04:00:00Z,52.51,53.02,52.13,53,133841
2023-07-27T04:00:00Z,53.6,53.62,52.03,52.215,207022
2023-07-26T04:00:00Z,52.75,53.47,52.75,53.155,185148
2023-07-25T04:00:00Z,52.98,53.795,52.86,53.4,176513
2023-07-24T04:00:00Z,52.54,53.575,52.38,53.1,290659
2023-07-21T04:00:00Z,51.635,52.465,51.315,52.25,366291
2023-07-20T04:00:00Z,51.18,51.77,50.905,51.415,237892
2023-07-19T04:00:00Z,50.48,51.115,50.385,50.63,255279
2023-07-18T04:00:00Z,48.97,50.93,48.93,50.51,154352
2023-07-17T04:00:00Z,48.675,49.085,48.36,48.895,103850
2023-07-14T04:00:00Z,50.57,50.57,48.735,48.88,259613
2023-07-13T04:00:00Z,51.2,51.785,50.6,51.1,260537
2023-07-12T04:00:00Z,51.23,51.57,50.825,51.11,180065
2023-07-11T04:00:00Z,49.69,50.78,49.53,50.54,300910
2023-07-10T04:00:00Z,48.785,49.41,48.4,49.185,130009
2023-07-07T04:00:00Z,47.26,49.365,47.26,48.83,229946
2023-07-06T04:00:00Z,48.095,48.41,46.72,47.56,497742
2023-07-05T04:00:00Z,49.18,49.21,48.255,48.5,120760
2023-07-03T04:00:00Z,48.34,49.09,48.31,48.795,99739
2023-06-30T04:00:00Z,49.06,49.06,48.325,48.34,469014
2023-06-29T04:00:00Z,47.915,48.425,47.75,48.41,405536
2023-06-28T04:00:00Z,47.41,47.895,46.9,47.675,158389
2023-06-27T04:00:00Z,47.64,47.96,47.31,47.32,237346
2023-06-26T04:00:00Z,47.27,48.18,47.245,47.725,223083
2023-06-23T04:00:00Z,47.06,47.37,46.895,47.11,188193
2023-06-22T04:00:00Z,48.1,48.155,47.5,47.69,145038
2023-06-21T04:00:00Z,48.17,49.325,48.155,48.93,130070
2023-06-20T04:00:00Z,49.22,49.41,47.41,48.3,239175
2023-06-16T04:00:00Z,49.96,50.22,49.6,49.84,237889
2023-06-15T04:00:00Z,49.1,50.245,49.1,49.57,177640
2023-06-14T04:00:00Z,50.13,50.65,48.625,48.95,182769
2023-06-13T04:00:00Z,50.74,51.405,50.37,50.39,274836
2023-06-12T04:00:00Z,49.01,50.02,48.91,49.41,258902
2023-06-09T04:00:00Z,49.95,50.475,49.64,49.88,112672
2023-06-08T04:00:00Z,50.29,50.4,48.97,50.02,130025
2023-06-07T04:00:00Z,49.24,50.49,49.24,50.035,98770
2023-06-06T04:00:00Z,47.465,49.03,47.45,48.945,89242
2023-06-05T04:00:00Z,49.55,49.65,48.235,48.385,221996
2023-06-02T04:00:00Z,47.98,49,47.51,48.525,178715
2023-06-01T04:00:00Z,46.23,47.715,46.01,46.77,172491
2023-05-31T04:00:00Z,46.32,46.75,45.895,46.09,139930
2023-05-30T04:00:00Z,47.36,47.63,46.32,46.97,345994
2023-05-26T04:00:00Z,48.4,48.43,47.59,48.06,92078
2023-05-25T04:00:00Z,48.65,48.89,47.675,47.88,263331
2023-05-24T04:00:00Z,49.39,50.035,48.69,49.66,124201
2023-05-23T04:00:00Z,49.675,50.115,49.09,49.12,150680
2023-05-22T04:00:00Z,49.205,49.965,48.97,49.29,81050
2023-05-19T04:00:00Z,48.93,49.575,48.855,49.2,180561
2023-05-18T04:00:00Z,47.28,48.37,47.11,48.285,140400
2023-05-17T04:00:00Z,46.74,48.275,46.47,47.705,307164
2023-05-16T04:00:00Z,47.36,47.59,46.07,46.115,285212
2023-05-15T04:00:00Z,47.835,48.16,47.49,47.7,146273
2023-05-12T04:00:00Z,47.67,47.77,46.845,47.51,114084
2023-05-11T04:00:00Z,47.45,47.8,46.895,47.26,202003
2023-05-10T04:00:00Z,49.19,49.19,47.23,48.105,422774
2023-05-09T04:00:00Z,50.2,51.24,48.8,49.17,478688
2023-05-08T04:00:00Z,51.74,52,50.96,51.01,261645
2023-05-05T04:00:00Z,49.97,50.855,49.77,50.33,177777
2023-05-04T04:00:00Z,49.12,49.68,48.07,48.23,127162
2023-05-03T04:00:00Z,49.52,50.12,48.88,49.015,232623
2023-05-02T04:00:00Z,52.1,52.28,49.96,50.715,190879
2023-05-01T04:00:00Z,52.675,53.72,52.59,53.245,89257
2023-04-28T04:00:00Z,51.96,54.02,51.96,53.42,147058
2023-04-27T04:00:00Z,52.415,52.67,51.415,52.26,108454
2023-04-26T04:00:00Z,52.72,53.28,51.555,52.21,130952
2023-04-25T04:00:00Z,53.6,53.76,52.66,53.19,142234
2023-04-24T04:00:00Z,53.52,54.83,53.52,54.46,100810
2023-04-21T04:00:00Z,54.13,54.13,53.25,53.63,124318
2023-04-20T04:00:00Z,53.76,54.14,53.48,54.045,165218
2023-04-19T04:00:00Z,54.22,54.95,53.99,54.85,114324
2023-04-18T04:00:00Z,54.91,55.455,54.49,55.24,191659
2023-04-17T04:00:00Z,55.73,56.18,55.12,55.31,81788
2023-04-14T04:00:00Z,55.26,56.055,55.12,55.71,109357
2023-04-13T04:00:00Z,54.45,55.49,54.39,55.23,222341
2023-04-12T04:00:00Z,54.53,55.235,54.28,54.51,197862
2023-04-11T04:00:00Z,53.86,54.77,53.5,54.32,136586
2023-04-10T04:00:00Z,53.28,54.5,53.22,53.385,133076
2023-04-06T04:00:00Z,53.31,53.53,52.72,52.92,113599
2023-04-05T04:00:00Z,52.8,53.58,52.145,53.54,215333
2023-04-04T04:00:00Z,53.39,53.4,51.535,52.74,203711
2023-04-03T04:00:00Z,53.41,54.64,52.945,53.3,667526
2023-03-31T04:00:00Z,50.28,50.84,50.13,50.6,157095
2023-03-30T04:00:00Z,50.62,50.635,49.645,49.85,115233
2023-03-29T04:00:00Z,49.45,49.91,49.25,49.78,216321
2023-03-28T04:00:00Z,47.84,49.195,47.725,48.57,136752
2023-03-27T04:00:00Z,47.19,48.4,46.665,48.09,173022
2023-03-24T04:00:00Z,45.51,46.965,45.47,46.57,271279
2023-03-23T04:00:00Z,48.14,48.56,46.24,46.7,251094
2023-03-22T04:00:00Z,49.225,49.53,47.685,47.75,216196
2023-03-21T04:00:00Z,48.15,49.505,47.905,49.04,401737
2023-03-20T04:00:00Z,46.14,47.3,46.02,46.99,249627
2023-03-17T04:00:00Z,46.21,46.45,45.05,46.11,343508
2023-03-16T04:00:00Z,44.41,46.335,44.055,46.27,273242
2023-03-15T04:00:00Z,47.03,47.03,44.38,45.14,618086
2023-03-14T04:00:00Z,48.975,50.83,48.335,49.25,316505
2023-03-13T04:00:00Z,50.02,50.98,49.04,49.98,531654
2023-03-10T05:00:00Z,52.89,53.655,51.35,51.75,495963
2023-03-09T05:00:00Z,54.92,55.35,52.86,52.99,244647
2023-03-08T05:00:00Z,54.68,55.565,54.01,54.5,277440
2023-03-07T05:00:00Z,56.235,56.28,54.775,55.03,386735
2023-03-06T05:00:00Z,56.13,56.77,55.87,56.5,193292
2023-03-03T05:00:00Z,54.8,57.12,54.8,56.7,260829
2023-03-02T05:00:00Z,54.23,55.995,54.23,55.7,190323
2023-03-01T05:00:00Z,53.79,55.025,53.6,54.76,250210
2023-02-28T05:00:00Z,55.1,55.1,53.885,53.89,132608
2023-02-27T05:00:00Z,55.17,55.19,54.29,54.53,162951
2023-02-24T05:00:00Z,54.285,55.18,53.92,54.99,231851
2023-02-23T05:00:00Z,54.66,55.26,53.81,55.005,293594
2023-02-22T05:00:00Z,53.62,54.27,52.565,53.585,209652
2023-02-21T05:00:00Z,53.61,54.085,53.22,53.73,242906
2023-02-17T05:00:00Z,54.69,54.74,52.46,53.305,750035
2023-02-16T05:00:00Z,57,57.41,55.68,55.71,447984
2023-02-15T05:00:00Z,58.85,59.15,55.41,57.23,2196889
2023-02-14T05:00:00Z,62.61,64.36,62.58,63.95,222574
2023-02-13T05:00:00Z,62.98,64.1,62.42,63.57,281329
2023-02-10T05:00:00Z,61.34,63.685,61.24,63.54,188723
2023-02-09T05:00:00Z,61.38,61.465,60.165,60.31,114005
2023-02-08T05:00:00Z,62.34,62.79,60.905,61.34,501021
2023-02-07T05:00:00Z,60.82,62.325,59.87,62.21,213152
2023-02-06T05:00:00Z,60.675,61.24,59.31,60.14,165909
2023-02-03T05:00:00Z,61.07,62.53,60.77,60.83,136750
2023-02-02T05:00:00Z,61.88,61.88,60.135,60.965,274561
2023-02-01T05:00:00Z,62.56,62.745,60.75,61.9,292569
2023-01-31T05:00:00Z,62.39,63.665,61.98,63.22,124768
2023-01-30T05:00:00Z,64.54,64.685,62.29,62.36,213846
2023-01-27T05:00:00Z,65.86,66.93,65.25,65.25,103226
2023-01-26T05:00:00Z,65.05,65.725,63.735,65.725,149423
2023-01-25T05:00:00Z,63.52,64.18,62.41,64.18,120447
2023-01-24T05:00:00Z,65.91,66,63.815,63.97,133316
2023-01-23T05:00:00Z,65.32,66.26,65.045,65.76,144326
2023-01-20T05:00:00Z,64.42,64.935,63.55,64.75,184177
2023-01-19T05:00:00Z,62.17,64.19,62.06,64.09,190597
2023-01-18T05:00:00Z,64.19,65.395,62.595,62.64,169672
2023-01-17T05:00:00Z,63.92,64.37,63.19,63.49,343686
2023-01-13T05:00:00Z,64.11,64.11,62.965,63.59,113553
2023-01-12T05:00:00Z,63.52,64.775,63.28,64.05,183128
2023-01-11T05:00:00Z,63.89,64.025,62.31,62.84,184643
2023-01-10T05:00:00Z,62.67,63.155,61.49,63.14,150217
2023-01-09T05:00:00Z,62.84,63.47,61.975,62.21,153851
2023-01-06T05:00:00Z,61.32,62.24,60.82,61.24,187493
2023-01-05T05:00:00Z,58.91,60.485,58.7,60.18,218518
2023-01-04T05:00:00Z,56.86,59.25,56.51,58.89,227620
2023-01-03T05:00:00Z,60.74,61.18,57.25,58.1,197552
2022-12-30T05:00:00Z,60.775,61.555,60.69,61.5,108520
2022-12-29T05:00:00Z,60.19,61.515,60.19,61.025,152393
2022-12-28T05:00:00Z,62.85,62.85,60.65,60.9,180338
2022-12-27T05:00:00Z,63.21,63.6,62.65,63.24,107376
2022-12-23T05:00:00Z,60.95,62.52,60.46,62.52,140009
2022-12-22T05:00:00Z,61.71,61.71,58.62,60.11,134719
2022-12-21T05:00:00Z,60.86,61.885,60.24,61.75,116145
2022-12-20T05:00:00Z,58.85,59.865,58.625,59.37,184515
2022-12-19T05:00:00Z,60.53,60.9,58.72,59.27,133300
2022-12-16T05:00:00Z,60.01,60.72,59.085,60.06,180410
2022-12-15T05:00:00Z,61.3,61.75,60.31,61.59,191354
2022-12-14T05:00:00Z,62.89,63.04,60.86,61.91,231040
2022-12-13T05:00:00Z,62.76,63.03,61.01,62,263872
2022-12-12T05:00:00Z,59.98,61.485,59.63,61.075,190363
2022-12-09T05:00:00Z,62.055,62.32,59.55,59.64,330501
2022-12-08T05:00:00Z,66.33,66.34,63.05,63.52,273785
2022-12-07T05:00:00Z,64.635,65.435,63.42,64.25,314338
2022-12-06T05:00:00Z,66.07,67.23,63.66,64.12,182365
2022-12-05T05:00:00Z,69.9,70.34,65.87,66.55,243154
2022-12-02T05:00:00Z,68.17,69.45,68.17,68.455,272323
2022-12-01T05:00:00Z,69.47,70.1,68.18,68.29,191475
2022-11-30T05:00:00Z,68.665,68.785,66.93,68.51,223540
2022-11-29T05:00:00Z,67.89,68.07,66.53,67.5,219314
2022-11-28T05:00:00Z,66.16,67.84,65.19,66.52,181479
2022-11-25T05:00:00Z,68.33,69.07,68.03,68.29,88573
2022-11-23T05:00:00Z,67.5,68.32,66.73,67.85,629482
2022-11-22T05:00:00Z,68.3,70.37,67.7,68.57,372369
2022-11-21T05:00:00Z,67.62,68.05,65.02,67.2,924259
2022-11-18T05:00:00Z,68.915,69.83,67.65,69.63,316276
2022-11-17T05:00:00Z,70.09,71.01,68.61,71.01,233442
2022-11-16T05:00:00Z,72.38,72.83,70.95,71.34,227003
2022-11-15T05:00:00Z,72.09,73.95,71.44,73.64,250748
2022-11-14T05:00:00Z,71.48,72.93,71.17,71.48,270478
2022-11-11T05:00:00Z,70.49,72.96,70.33,71.77,354933
2022-11-10T05:00:00Z,68.64,69.72,66.9,68.96,262167
2022-11-09T05:00:00Z,70.46,70.47,66.72,66.72,408946
2022-11-08T05:00:00Z,72.01,72.49,70.4,72.01,311379
2022-11-07T05:00:00Z,71.64,72.82,70.51,72.06,273841
2022-11-04T04:00:00Z,72.91,74.195,70.19,71.52,508968
2022-11-03T04:00:00Z,67.49,71.26,66.61,70.72,960562
2022-11-02T04:00:00Z,74.875,75.04,66.605,67.43,1613820
2022-11-01T04:00:00Z,78.57,78.62,76.86,77.26,341574
2022-10-31T04:00:00Z,75.285,78.25,74.785,77.38,282757
2022-10-28T04:00:00Z,77.54,78.005,73.91,76,237451
2022-10-27T04:00:00Z,78.43,78.79,76.34,76.575,193503
2022-10-26T04:00:00Z,75.99,78.06,75.99,76.93,208804
2022-10-25T04:00:00Z,74.83,75.75,73.99,75.54,126702
2022-10-24T04:00:00Z,74.52,75.85,74,75.24,202005
2022-10-21T04:00:00Z,72.51,74.375,72.02,74.33,224954
2022-10-20T04:00:00Z,72.9,73.33,71.24,71.7,158358
2022-10-19T04:00:00Z,70.26,72.4,69.725,71.97,242570
2022-10-18T04:00:00Z,70.705,71.175,68.43,69.82,202631
2022-10-17T04:00:00Z,69.7,70.25,68.63,69.795,188783
2022-10-14T04:00:00Z,71,72.66,67.97,68.05,320545
2022-10-13T04:00:00Z,68.12,73.02,68.05,72.26,287102
2022-10-12T04:00:00Z,67.81,70.11,67.19,69.4,180183
2022-10-11T04:00:00Z,68.6,70.53,67.895,68.52,390319
2022-10-10T04:00:00Z,71.72,73.41,69.94,70.37,129571
2022-10-07T04:00:00Z,72.48,73.75,71.225,72.1,247840
2022-10-06T04:00:00Z,70.22,72.56,70.19,72.24,220473
2022-10-05T04:00:00Z,68.945,71.49,67.92,70.885,375213
2022-10-04T04:00:00Z,67.24,69.09,66.65,69.07,411059
2022-10-03T04:00:00Z,63.3,65.88,62.99,65.35,310902
2022-09-30T04:00:00Z,60.47,61.645,59.42,60.25,190970
2022-09-29T04:00:00Z,59.25,61.43,58.28,60.96,346155
2022-09-28T04:00:00Z,56.78,60.17,56.38,60.03,382964
2022-09-27T04:00:00Z,56.41,57.225,55.36,56.17,270463
2022-09-26T04:00:00Z,57.37,58.11,55.165,55.2,362223
2022-09-23T04:00:00Z,60,60.065,56.805,57.7,433231
2022-09-22T04:00:00Z,66.09,66.09,63.055,63.055,197325
2022-09-21T04:00:00Z,66.88,66.88,64.46,64.48,200815
2022-09-20T04:00:00Z,65.45,65.57,63.87,65.14,196985
2022-09-19T04:00:00Z,64.25,66.71,64.22,65.9,321174
2022-09-16T04:00:00Z,68.61,68.81,65.42,66.825,611449
2022-09-15T04:00:00Z,70.045,70.9,69.28,69.48,325654
2022-09-14T04:00:00Z,70.51,73.265,70.42,72.175,331200
2022-09-13T04:00:00Z,70.22,71.415,68.58,69.075,319212
2022-09-12T04:00:00Z,69.61,71.56,69.335,71.2,311837
2022-09-09T04:00:00Z,68.85,68.93,67.55,68.52,162039
2022-09-08T04:00:00Z,68.98,69.62,68,68.91,365694
2022-09-07T04:00:00Z,67.35,69.11,66.22,68.37,290211
2022-09-06T04:00:00Z,71.11,71.27,68.99,69.54,277299
2022-09-02T04:00:00Z,70.61,71.19,69.285,70.34,310752
2022-09-01T04:00:00Z,68.52,68.89,66.55,68.18,440394
2022-08-31T04:00:00Z,68.97,72.43,68.56,70.615,349521
2022-08-30T04:00:00Z,72.52,72.52,70.26,71.07,250650
2022-08-29T04:00:00Z,72.255,75.23,72.07,74.14,314263
2022-08-26T04:00:00Z,73.92,74.84,72.61,72.78,262628
2022-08-25T04:00:00Z,73.63,73.84,72.36,73.81,313343
2022-08-24T04:00:00Z,71.48,72.75,71,72.46,304558
2022-08-23T04:00:00Z,70,72.41,69.92,70.89,326214
2022-08-22T04:00:00Z,67.28,68.64,65.54,68.465,252455
2022-08-19T04:00:00Z,67.72,69.86,67.36,68.485,311756
2022-08-18T04:00:00Z,65.29,67.98,65.29,67.94,212830
2022-08-17T04:00:00Z,63.58,65.19,63.165,64.14,193541
2022-08-16T04:00:00Z,64.58,65.46,62.52,63.55,200362
2022-08-15T04:00:00Z,62.85,64.37,61.44,63.57,231915
2022-08-12T04:00:00Z,64.125,65.71,63.705,65.55,175120
2022-08-11T04:00:00Z,61.93,64.85,61.85,64.47,365040
2022-08-10T04:00:00Z,59.455,60.51,57.975,60.01,258335
2022-08-09T04:00:00Z,59.11,60.52,58.46,59.02,308660
2022-08-08T04:00:00Z,56.5,57.875,56.24,57.505,249329
2022-08-05T04:00:00Z,53.39,57.08,53.2,56.615,211807
2022-08-04T04:00:00Z,56.46,56.55,54.39,54.53,356137
2022-08-03T04:00:00Z,60.7,60.83,56.66,56.7,420601
2022-08-02T04:00:00Z,61.605,62.19,58.96,60.6,498675
2022-08-01T04:00:00Z,61.73,62.78,60.17,61.57,547275
2022-07-29T04:00:00Z,61.64,63.13,61.09,62.85,331095
2022-07-28T04:00:00Z,60.39,61.09,59.05,60.38,193749
2022-07-27T04:00:00Z,57.59,59.95,57.03,59.52,294653
2022-07-26T04:00:00Z,59.1,59.15,55.77,56.75,203463
2022-07-25T04:00:00Z,56.16,58.05,55.35,57.96,197992
2022-07-22T04:00:00Z,56.47,57.19,54.92,55.2,116738
2022-07-21T04:00:00Z,55.69,56.26,54.22,56.2,170407
2022-07-20T04:00:00Z,56.32,57.92,55.625,57.76,194892
2022-07-19T04:00:00Z,54.32,57.4,54.14,57.19,234282
2022-07-18T04:00:00Z,54.295,55.69,53.9,54.62,382890
2022-07-15T04:00:00Z,52.73,52.91,51.41,52.68,179329
2022-07-14T04:00:00Z,50.44,51.48,49.57,51.44,418348
2022-07-13T04:00:00Z,51.29,54.065,51.29,52.61,506740
2022-07-12T04:00:00Z,51.12,52.49,50.69,51.98,249122
2022-07-11T04:00:00Z,54,54.94,52.27,53.33,206011
2022-07-08T04:00:00Z,54.52,54.95,52.835,54.48,459682
2022-07-07T04:00:00Z,52.95,54.25,52.42,53.65,333971
2022-07-06T04:00:00Z,51.14,52.64,48.905,51.01,418062
2022-07-05T04:00:00Z,53.56,53.66,50.52,51.89,364057
2022-07-01T04:00:00Z,55.45,55.87,53.36,55.12,326670
2022-06-30T04:00:00Z,54.58,56.72,54.05,55.17,425194
2022-06-29T04:00:00Z,60.62,60.94,55.62,55.82,507915
2022-06-28T04:00:00Z,59.23,60.49,58.08,59.47,676289
2022-06-27T04:00:00Z,54.79,58.43,54.68,57.79,547403
2022-06-24T04:00:00Z,55.82,56.51,53.49,53.79,952076
2022-06-23T04:00:00Z,58.26,58.31,53.48,54.765,866553
2022-06-22T04:00:00Z,56.29,58.52,55.77,57.52,501974
2022-06-21T04:00:00Z,59.64,61.16,59.15,60.485,433213
2022-06-17T04:00:00Z,62.55,62.935,56.555,57.885,862107
2022-06-16T04:00:00Z,66.18,66.89,62.64,63.25,575490
2022-06-15T04:00:00Z,70.685,71.18,67.545,68.45,379756
2022-06-14T04:00:00Z,71.455,72.415,69.18,70.61,497253
2022-06-13T04:00:00Z,70.38,71.46,67.23,69.23,507720
2022-06-10T04:00:00Z,75.8,76.18,72.49,74.04,495859
2022-06-09T04:00:00Z,78,79.39,77.29,77.83,413823
2022-06-08T04:00:00Z,78.56,78.64,77.125,77.94,179797
2022-06-07T04:00:00Z,76.735,78.2,76.27,78.04,308923
2022-06-06T04:00:00Z,77.98,78.11,76.08,77.07,227195
2022-06-03T04:00:00Z,76.37,77.32,76.145,77.01,265507
2022-06-02T04:00:00Z,75.4,77.18,74.94,76.29,182276
2022-06-01T04:00:00Z,76.55,77.57,75.06,76.47,328299
2022-05-31T04:00:00Z,78.72,79.17,74.495,74.93,324665
2022-05-27T04:00:00Z,73.415,75.83,73.34,75.77,298724
2022-05-26T04:00:00Z,72.51,75.43,72.38,73.84,336564
2022-05-25T04:00:00Z,70.215,72.18,70.15,71.95,275503
2022-05-24T04:00:00Z,70.49,71.28,69.065,70.335,302202
2022-05-23T04:00:00Z,70.705,71.53,69.87,71.07,262026
2022-05-20T04:00:00Z,70.69,72.22,68.145,69.74,275304
2022-05-19T04:00:00Z,67.78,71.36,67.78,69.52,335329
2022-05-18T04:00:00Z,73,73.13,68.8,69.89,361547
2022-05-17T04:00:00Z,72.4,72.77,71.59,72.6,264691
2022-05-16T04:00:00Z,69.13,71.58,69,71.02,355235
2022-05-13T04:00:00Z,66.15,69.27,66.15,68.72,248997
2022-05-12T04:00:00Z,64.18,65.39,62.53,64.67,331523
2022-05-11T04:00:00Z,65.24,68.25,64.42,64.69,473549
2022-05-10T04:00:00Z,63.58,65.57,61.54,63.76,401430
2022-05-09T04:00:00Z,67.46,67.54,61.905,62.05,507033
2022-05-06T04:00:00Z,68.56,69.74,66.05,69.69,417099
2022-05-05T04:00:00Z,68.685,68.86,65.14,67.21,499772
2022-05-04T04:00:00Z,65.5,67.895,63.98,67.75,599889
2022-05-03T04:00:00Z,60.92,64.38,59.43,64.32,921395
2022-05-02T04:00:00Z,57.45,58.63,56.47,58.515,403715
2022-04-29T04:00:00Z,60.11,60.76,57.85,58.16,241048
2022-04-28T04:00:00Z,58.4,60.52,56.5,59.885,252702
2022-04-27T04:00:00Z,56.96,58.86,55.68,58.07,261511
2022-04-26T04:00:00Z,56.91,58.49,56.19,56.38,250308
2022-04-25T04:00:00Z,56,56.44,53.13,56.19,539455
2022-04-22T04:00:00Z,60.97,61.61,57.7,58.08,303866
2022-04-21T04:00:00Z,65,65.37,60.885,61.15,354220
2022-04-20T04:00:00Z,63.76,64.98,63.57,64.61,323346
2022-04-19T04:00:00Z,63.24,64.36,62.64,63,264300
2022-04-18T04:00:00Z,63.42,64.17,62.7,63.54,224346
2022-04-14T04:00:00Z,63.31,64.02,62.53,62.54,253456
2022-04-13T04:00:00Z,63.66,64.2,62.32,63.73,471768
2022-04-12T04:00:00Z,61.51,63.37,61.51,62.24,283334
2022-04-11T04:00:00Z,61.4,61.4,59.93,60.03,388274
2022-04-08T04:00:00Z,60.52,62.54,60.24,62.42,429165
2022-04-07T04:00:00Z,59.24,60.405,58.3,60.23,263039
2022-04-06T04:00:00Z,59.215,59.56,57.41,58.35,351340
2022-04-05T04:00:00Z,61.25,61.525,58.13,58.5,332401
2022-04-04T04:00:00Z,61.33,62.08,59.74,60.86,266025
2022-04-01T04:00:00Z,59.44,60.805,59.42,60.34,208445
2022-03-31T04:00:00Z,60.18,61.5,59.12,59.12,298027
2022-03-30T04:00:00Z,61.32,61.69,60.16,60.57,226474
2022-03-29T04:00:00Z,58.5,60.555,57.67,60.52,357867
2022-03-28T04:00:00Z,60.8,61.01,59.41,60.45,304600
2022-03-25T04:00:00Z,61.02,62.865,60.94,62.51,375121
2022-03-24T04:00:00Z,61.41,61.92,60.8,61.56,184712
2022-03-23T04:00:00Z,62.49,63.24,60.98,61.66,416053
2022-03-22T04:00:00Z,61.06,61.71,59.725,60.6,471775
2022-03-21T04:00:00Z,59.98,62.205,59.52,61.43,601736
2022-03-18T04:00:00Z,57.53,58.615,57.44,58.275,437962
2022-03-17T04:00:00Z,54.23,57.88,53.95,57.52,437734
2022-03-16T04:00:00Z,53.04,54.45,51.57,52.44,485582
2022-03-15T04:00:00Z,50.605,53.86,50.21,53.01,624241
2022-03-14T04:00:00Z,56.505,56.61,52.13,52.675,933023
2022-03-11T05:00:00Z,58.38,59.75,58.3,58.64,302143
2022-03-10T05:00:00Z,59.8,60.85,58.71,60.57,591046
2022-03-09T05:00:00Z,57.36,59.61,56.01,58.94,399634
2022-03-07T05:00:00Z,60.51,62.79,58.3,59.89,694872
2022-03-04T05:00:00Z,59.035,59.92,56.81,59.56,382714
2022-03-03T05:00:00Z,57.96,59.3,57.13,58.84,372466
2022-03-02T05:00:00Z,60.15,60.15,58.16,58.645,398545
2022-03-01T05:00:00Z,60.06,60.725,57.73,59.25,619297
2022-02-28T05:00:00Z,55.25,59.655,54.92,59.54,1498336
2022-02-25T05:00:00Z,53.3,55.205,52.9,55.19,240066
2022-02-24T05:00:00Z,53.815,54.04,51.215,52.76,687345
2022-02-23T05:00:00Z,53.21,54.73,52.91,53.57,281166
2022-02-22T05:00:00Z,57.81,57.81,51.26,52.66,606924
2022-02-18T05:00:00Z,54.21,55.155,53.735,54.81,290741
2022-02-17T05:00:00Z,54.3,56.37,54.08,55.23,419177
2022-02-16T05:00:00Z,52.14,55.67,52.14,53.86,867678
2022-02-15T05:00:00Z,50.78,51.78,50.09,51.435,311616
2022-02-14T05:00:00Z,53.86,53.86,51.555,52.26,216948
2022-02-11T05:00:00Z,52.78,54.145,52.18,54.12,526157
2022-02-10T05:00:00Z,51.83,53.92,51.83,52.22,189304
2022-02-09T05:00:00Z,51.31,52.84,51.3,52.12,174595
2022-02-08T05:00:00Z,52.215,52.54,50.605,51.2,239935
2022-02-07T05:00:00Z,52.76,53.8,51.48,52.58,270418
2022-02-04T05:00:00Z,53.87,55.41,52.7,52.87,436301
2022-02-03T05:00:00Z,52.92,53.47,51.58,52.99,215402
2022-02-02T05:00:00Z,52.14,53.43,51.46,53.23,241091
2022-02-01T05:00:00Z,50.23,53.23,49.65,52.57,238959
2022-01-31T05:00:00Z,51.5,51.51,49.7,50.58,298845
2022-01-28T05:00:00Z,52.36,52.73,50.33,51.56,289581
2022-01-27T05:00:00Z,53.17,54.235,50.62,51.73,329944
2022-01-26T05:00:00Z,52.03,53.22,50.86,51.815,312073
2022-01-25T05:00:00Z,48.02,51.83,46.98,51.26,414098
2022-01-24T05:00:00Z,44.315,45.33,42.89,44.95,130858
2022-01-21T05:00:00Z,47.15,47.26,45.045,46.11,489668
2022-01-20T05:00:00Z,48.25,50.94,47.71,48.63,359188
2022-01-19T05:00:00Z,50.92,50.975,48.92,48.95,306656
2022-01-18T05:00:00Z,51.15,51.985,49.21,50.37,370786
2022-01-14T05:00:00Z,49.98,51.435,49.745,50.4,523266
2022-01-13T05:00:00Z,49.83,50.825,49.29,49.67,312902
2022-01-12T05:00:00Z,50.57,51.075,49.57,49.89,383704
2022-01-11T05:00:00Z,49.31,50.1,47.87,49.8,530435
2022-01-10T05:00:00Z,48.59,48.71,46.79,48.53,226929
2022-01-07T05:00:00Z,48.48,49.745,47.835,48.89,442687
2022-01-06T05:00:00Z,48.28,48.98,47.02,48.38,531166
2022-01-05T05:00:00Z,48.22,48.675,46.53,46.6,338581
2022-01-04T05:00:00Z,46.23,47.965,46.125,47.65,423116
2022-01-03T05:00:00Z,44.175,45.76,44.04,45.57,222851
2021-12-31T05:00:00Z,43.63,44.3,43.355,44.065,95094
2021-12-30T05:00:00Z,44.54,44.75,43.61,43.68,85248
2021-12-29T05:00:00Z,44.31,45.07,44.01,44.19,164226
2021-12-28T05:00:00Z,44.95,45.33,44.095,44.48,154481
2021-12-27T05:00:00Z,41.9,44.75,41.37,44.6,252980
2021-12-23T05:00:00Z,42.39,42.75,41.985,42.05,123644
2021-12-22T05:00:00Z,41.39,42.885,40.705,42.295,341961
2021-12-21T05:00:00Z,38.97,41.555,38.95,41.355,476392
2021-12-20T05:00:00Z,36.45,38.375,35.57,38.27,540649
2021-12-17T05:00:00Z,39.77,40.05,38.315,39.215,236455
2021-12-16T05:00:00Z,40.38,41.54,40.1,40.35,165451
2021-12-15T05:00:00Z,40.26,40.295,38.185,39.96,487610
2021-12-14T05:00:00Z,40.4,41.06,39.92,40.32,194234
2021-12-13T05:00:00Z,42.6,42.93,40.99,41,226154
2021-12-10T05:00:00Z,42.975,43.52,41.56,43.43,211260
2021-12-09T05:00:00Z,43.47,43.51,42.065,42.32,419065
2021-12-08T05:00:00Z,45.4,45.47,44.525,44.91,191263
2021-12-07T05:00:00Z,43.23,45.385,43.21,45.11,353261
2021-12-06T05:00:00Z,42.5,43.175,41.39,42.37,224725
2021-12-03T05:00:00Z,42.72,43.2,40.975,41.77,294502
2021-12-02T05:00:00Z,40.33,41.82,39.11,41.57,470257
2021-12-01T05:00:00Z,43.805,43.805,40.75,40.84,290227
2021-11-30T05:00:00Z,42.765,43.86,41.52,42.05,396605
2021-11-29T05:00:00Z,44.46,45,43.155,43.925,296173
2021-11-26T05:00:00Z,42,42.855,39.92,42.775,394796
2021-11-24T05:00:00Z,43.2,45.53,43.185,45.09,220043
2021-11-23T05:00:00Z,42.225,43.65,42.225,43.445,254389
2021-11-22T05:00:00Z,40.66,42.045,40.64,41.18,232750
2021-11-19T05:00:00Z,41.74,42.15,40.415,40.59,282978
2021-11-18T05:00:00Z,42.435,43.92,41.89,43.33,153037
2021-11-17T05:00:00Z,42.95,43.99,42.06,42.29,141804
2021-11-16T05:00:00Z,43.22,43.86,42.78,43.42,125887
2021-11-15T05:00:00Z,42.56,43.75,41.685,43.17,341062
2021-11-12T05:00:00Z,42.32,42.86,42.045,42.595,323620
2021-11-11T05:00:00Z,42.68,43.31,42.63,42.73,152003
2021-11-10T05:00:00Z,43.39,43.85,41.605,42.34,245043
2021-11-09T05:00:00Z,44.11,44.37,42.625,44.01,177497
2021-11-08T05:00:00Z,44.2,44.77,43.86,44.09,135897
2021-11-05T04:00:00Z,43.05,43.67,42.38,43.57,233891
2021-11-04T04:00:00Z,42.92,43.745,41.88,42.37,545421
2021-11-03T04:00:00Z,42.5,44.03,41.51,41.97,602945
2021-11-02T04:00:00Z,41.89,42.53,41.73,41.94,338924
2021-11-01T04:00:00Z,41.07,42.28,40.88,41.985,329100
2021-10-29T04:00:00Z,40.21,40.37,39.38,40.07,168378
2021-10-28T04:00:00Z,39.53,40.525,39.52,40.51,218096
2021-10-27T04:00:00Z,40.69,41.055,39.42,39.635,281500
2021-10-26T04:00:00Z,40.91,41.74,40.77,41.5,109324
2021-10-22T04:00:00Z,39.95,40.455,39.365,40.43,326483
2021-10-21T04:00:00Z,40.535,40.75,39.155,39.71,300478
2021-10-20T04:00:00Z,39.92,41.015,39.555,40.91,430435
2021-10-19T04:00:00Z,40.775,41.795,40.11,40.3,808697
2021-10-18T04:00:00Z,40.77,41.97,39.905,40.525,385070
2021-10-15T04:00:00Z,40.26,40.97,40.035,40.11,181043
2021-10-14T04:00:00Z,39.79,39.88,39.05,39.77,241031
2021-10-13T04:00:00Z,38.48,39.36,38.06,38.99,181072
2021-10-12T04:00:00Z,39.42,40.225,38.765,39.24,339299
2021-10-11T04:00:00Z,40.68,40.86,39.25,39.45,422687
2021-10-08T04:00:00Z,39.06,39.96,38.82,39.87,528868
2021-10-07T04:00:00Z,38.85,38.95,37.515,38.41,638222
2021-10-06T04:00:00Z,39.02,39.76,38.05,38.68,729574
2021-10-05T04:00:00Z,39.32,40.235,38.83,40.07,472443
2021-10-04T04:00:00Z,37.5,39.39,37.44,38.745,647638
2021-10-01T04:00:00Z,35.97,37.15,35.86,36.8,320965
2021-09-30T04:00:00Z,35.465,35.91,34.94,35.49,392161
2021-09-29T04:00:00Z,34.92,36.03,34.6,35.75,271896
2021-09-28T04:00:00Z,35.64,35.96,34.89,35.14,392688
2021-09-27T04:00:00Z,34.25,35.085,33.94,35.005,488737
2021-09-24T04:00:00Z,32.47,33.34,32.28,33.08,443744
2021-09-23T04:00:00Z,30.5,32.915,30.5,32.795,463708
2021-09-22T04:00:00Z,29.3,30.84,29.23,30.43,367973
2021-09-21T04:00:00Z,28.9,28.9,27.82,28.5,423560
2021-09-20T04:00:00Z,28.43,28.82,27.41,28.175,339644
2021-09-17T04:00:00Z,30.24,30.69,29.72,29.78,317011
2021-09-16T04:00:00Z,30.18,30.57,29.72,30.3,247332
2021-09-15T04:00:00Z,28.96,30.425,28.9,30.34,444180
2021-09-14T04:00:00Z,29.19,29.22,27.88,28.28,219947
2021-09-13T04:00:00Z,28.87,29.45,28.59,28.92,257650
2021-09-10T04:00:00Z,28.73,29.015,28.025,28.07,141728
2021-09-09T04:00:00Z,28.01,29.06,27.77,28.435,248299
2021-09-08T04:00:00Z,29.3,29.6,28.03,28.235,227973
2021-09-07T04:00:00Z,28.88,29.3,28.74,29.06,117588
2021-09-03T04:00:00Z,29.28,29.79,29.02,29.19,222298
2021-09-02T04:00:00Z,28.625,29.97,28.625,29.32,274164
2021-09-01T04:00:00Z,29.3,29.57,27.67,28.24,443397
2021-08-31T04:00:00Z,29.69,30.295,29.42,29.54,217287
2021-08-30T04:00:00Z,30.42,30.53,29.585,29.82,165111
2021-08-27T04:00:00Z,29.8,30.39,29.6,30.36,397919
2021-08-26T04:00:00Z,28.85,29.56,28.69,29.085,255123
2021-08-25T04:00:00Z,28.62,29.5,28.21,29.23,247239
2021-08-24T04:00:00Z,27.75,28.61,27.58,28.525,221184
2021-08-23T04:00:00Z,26.93,27.37,26.64,27.26,323627
2021-08-20T04:00:00Z,24.97,25.755,24.815,25.685,285357
2021-08-19T04:00:00Z,25.45,25.82,24.46,25.345,405160
2021-08-18T04:00:00Z,26.93,27.41,26.1,26.14,221099
2021-08-17T04:00:00Z,26.87,27.56,26.72,26.91,263948
2021-08-16T04:00:00Z,27.52,27.52,26.87,27.18,194235
2021-08-13T04:00:00Z,28.41,28.7,27.95,28,134309
2021-08-12T04:00:00Z,27.95,28.53,27.66,28.475,221478
2021-08-11T04:00:00Z,27.35,28.09,27.095,28,155869
2021-08-10T04:00:00Z,26.9,27.72,26.83,27.64,296088
2021-08-09T04:00:00Z,26.25,26.78,25.97,26.63,239996
2021-08-06T04:00:00Z,27.08,27.46,26.7,27.02,280085
2021-08-05T04:00:00Z,25.79,27.04,25.74,26.62,431769
2021-08-04T04:00:00Z,25.62,26,24.83,25.285,360347
2021-08-03T04:00:00Z,25.25,26.255,24.87,26.225,291480
2021-08-02T04:00:00Z,25.82,26.76,25.285,25.495,277513
2021-07-30T04:00:00Z,26.46,26.465,25.55,25.84,328126
2021-07-29T04:00:00Z,27,27.015,26.42,26.635,354492
2021-07-28T04:00:00Z,26.26,26.78,25.81,26.45,166700
2021-07-27T04:00:00Z,26.26,26.51,25.725,25.96,286805
2021-07-26T04:00:00Z,25.76,26.76,25.76,26.64,222899
2021-07-23T04:00:00Z,26.06,26.06,25.185,25.62,247037
2021-07-22T04:00:00Z,26.3,26.54,25.89,25.98,235883
2021-07-21T04:00:00Z,25.935,26.7,25.74,26.335,241666
2021-07-20T04:00:00Z,24.93,25.82,24.56,25.33,402990
2021-07-19T04:00:00Z,24.48,25.13,24.055,24.92,609626
2021-07-16T04:00:00Z,27.075,27.075,25.63,25.77,316717
2021-07-15T04:00:00Z,26.95,27.585,26.525,26.64,355216
2021-07-14T04:00:00Z,29.1,29.705,26.975,27.36,485619
2021-07-13T04:00:00Z,28.52,29.175,28.35,28.97,250689
2021-07-12T04:00:00Z,28.09,28.895,27.89,28.685,247376
2021-07-09T04:00:00Z,28.115,28.74,27.64,28.655,268837
2021-07-08T04:00:00Z,26.75,28.17,26.57,27.76,340413
2021-07-07T04:00:00Z,28.2,28.6,27.025,27.525,301437
2021-07-06T04:00:00Z,29.23,29.23,27.67,27.825,475690
2021-07-02T04:00:00Z,29.74,29.91,29.19,29.215,206611
2021-07-01T04:00:00Z,30.31,30.53,29.43,29.94,253031
2021-06-30T04:00:00Z,28.45,29.27,28.4,29.19,262798
2021-06-29T04:00:00Z,28.66,28.875,27.87,28.02,241606
2021-06-28T04:00:00Z,29.68,29.68,28.09,28.42,321764
2021-06-25T04:00:00Z,29.84,29.94,29.31,29.785,210580
2021-06-24T04:00:00Z,29.18,29.755,28.65,29.74,284729
2021-06-23T04:00:00Z,28.845,29.91,28.845,29.12,322351
2021-06-22T04:00:00Z,28.35,28.695,27.865,28.56,193933
2021-06-21T04:00:00Z,27.215,28.62,27.215,28.6,299841
2021-06-18T04:00:00Z,26.865,27.43,26.68,26.755,394001
2021-06-17T04:00:00Z,28.95,29.29,27.17,27.58,476013
2021-06-16T04:00:00Z,29.23,29.55,28.54,29.06,327429
2021-06-15T04:00:00Z,29.04,29.725,29.04,29.595,181574
2021-06-14T04:00:00Z,29.62,29.94,28.765,28.98,215989
2021-06-11T04:00:00Z,29.27,29.55,29.12,29.29,228775
2021-06-10T04:00:00Z,30.54,30.62,29.05,29.39,346656
2021-06-09T04:00:00Z,30.92,31.11,29.79,29.92,328363
2021-06-08T04:00:00Z,30.66,31.11,30.125,30.845,294348
2021-06-07T04:00:00Z,31.61,31.975,30.66,30.91,320023
2021-06-04T04:00:00Z,31.5,31.805,30.7,31.67,211333
2021-06-03T04:00:00Z,30.43,31.3,30.26,31.17,231131
2021-06-02T04:00:00Z,30.325,31.38,29.755,30.815,484883
2021-06-01T04:00:00Z,28.75,30.34,28.645,30.21,1172628
2021-05-28T04:00:00Z,26.86,26.865,26.28,26.57,112386
2021-05-27T04:00:00Z,26.62,26.91,26.25,26.64,231052
2021-05-26T04:00:00Z,25.87,26.48,25.64,26.41,334409
2021-05-25T04:00:00Z,25.89,26.375,25.71,25.8,338113
2021-05-24T04:00:00Z,25.79,26.07,25.29,25.965,271857
2021-05-21T04:00:00Z,25.55,25.99,25.33,25.335,220899
2021-05-20T04:00:00Z,25.17,25.38,24.575,25.255,195018
2021-05-19T04:00:00Z,25.235,25.59,24.58,25.265,357067
2021-05-18T04:00:00Z,27.32,27.435,26.21,26.235,416278
2021-05-17T04:00:00Z,26.16,27.35,26.07,27.19,392196
2021-05-14T04:00:00Z,25.29,26.38,25.29,26.38,433829
2021-05-13T04:00:00Z,25.07,25.675,24.275,24.74,351830
2021-05-12T04:00:00Z,25.85,27.015,25.29,25.57,462102
2021-05-11T04:00:00Z,25.16,25.89,24.72,25.74,297484
2021-05-10T04:00:00Z,26.58,27.315,25.99,25.99,335747
2021-05-07T04:00:00Z,24.9,26.57,24.72,26.245,325362
2021-05-06T04:00:00Z,25.1,25.3,24.44,25.275,313184
2021-05-05T04:00:00Z,24.07,25.635,23.685,25.225,699701
2021-05-04T04:00:00Z,23.8,24.06,23.035,23.455,379252
2021-05-03T04:00:00Z,23.68,23.8,23.19,23.61,199927
2021-04-30T04:00:00Z,23.48,24.19,23.34,23.385,307265
2021-04-29T04:00:00Z,24.4,24.825,23.7,24.075,295142
2021-04-28T04:00:00Z,22.57,24.195,22.56,24.04,551711
2021-04-27T04:00:00Z,21.91,22.28,21.6,22.14,218586
2021-04-26T04:00:00Z,21.39,22.035,21.31,21.88,229558
2021-04-23T04:00:00Z,21.15,21.555,20.9,21.44,143140
2021-04-22T04:00:00Z,21.21,21.32,20.8,20.995,165581
2021-04-21T04:00:00Z,20.235,21.375,20.235,21.175,183088
2021-04-20T04:00:00Z,21.86,21.86,20.44,20.97,479971
2021-04-16T04:00:00Z,22.47,22.53,21.69,21.885,232419
2021-04-15T04:00:00Z,22.56,22.56,22.03,22.375,206124
2021-04-14T04:00:00Z,21.98,23.145,21.93,22.5,344064
2021-04-13T04:00:00Z,21.85,21.97,21.48,21.69,166698
2021-04-12T04:00:00Z,22.29,22.59,21.77,21.885,230202
2021-04-09T04:00:00Z,22.3,22.62,21.9,22.03,163666
2021-04-08T04:00:00Z,22.28,22.385,21.78,22.34,298598
2021-04-07T04:00:00Z,22.795,22.94,22.415,22.51,293318
2021-04-06T04:00:00Z,22.8,23.52,22.57,22.78,450328
2021-04-05T04:00:00Z,23.36,23.36,22.37,22.46,281985
2021-04-01T04:00:00Z,22.21,23.55,22.11,23.505,485636
2021-03-31T04:00:00Z,21.92,22.025,21.46,21.865,271717
2021-03-30T04:00:00Z,21.53,22.105,21.185,22.005,242497
2021-03-29T04:00:00Z,22.53,22.825,21.55,21.85,280316
2021-03-26T04:00:00Z,23.05,23.17,22.115,22.765,446391
2021-03-25T04:00:00Z,21.64,22.44,21.2,22.355,237437
2021-03-24T04:00:00Z,22.39,23.115,22.315,22.33,342752
2021-03-23T04:00:00Z,21.61,22.435,21.46,21.745,398485
2021-03-22T04:00:00Z,22.6,22.6,22.105,22.325,316745
2021-03-19T04:00:00Z,22.38,22.965,22.14,22.71,539731
2021-03-18T04:00:00Z,23.51,23.66,21.985,22.37,484745
2021-03-17T04:00:00Z,23.39,23.9,23.005,23.69,457586
2021-03-16T04:00:00Z,23.99,24.24,23.37,23.505,254362
2021-03-15T04:00:00Z,24.26,24.76,23.7,24.61,354188
2021-03-12T05:00:00Z,24.535,24.735,24.085,24.245,381344
2021-03-11T05:00:00Z,24.26,24.93,24.11,24.64,490914
2021-03-10T05:00:00Z,23.85,24.16,23.24,23.87,632705
2021-03-09T05:00:00Z,24.6,24.85,23.71,23.82,462357
2021-03-08T05:00:00Z,25.82,25.935,24.21,24.56,789713
2021-03-05T05:00:00Z,24.55,26.125,24.055,25.615,503233
2021-03-04T05:00:00Z,22.94,24.13,22.425,23.62,607125
2021-03-03T05:00:00Z,22.83,23.495,22.67,22.71,488328
2021-03-02T05:00:00Z,22.36,23.17,22.34,22.475,346367
2021-03-01T05:00:00Z,22.05,22.61,21.9,22.39,365688
2021-02-26T05:00:00Z,21.06,21.77,20.37,21.53,528050
2021-02-25T05:00:00Z,22.38,22.64,21.23,21.355,774216
2021-02-24T05:00:00Z,21.66,22.45,21.32,22.285,653406
2021-02-23T05:00:00Z,21.39,21.745,19.61,21.585,588401
2021-02-22T05:00:00Z,21.05,22.49,20.88,21.24,749377
2021-02-19T05:00:00Z,20.65,20.905,20.39,20.84,459696
2021-02-18T05:00:00Z,21.49,21.65,20.5,20.535,367157
2021-02-17T05:00:00Z,20.62,21.96,20.43,21.74,666639
2021-02-16T05:00:00Z,20.63,21.105,20.38,20.89,413881
2021-02-12T05:00:00Z,19.105,20,18.97,20,399414
2021-02-11T05:00:00Z,19.52,19.52,18.695,19.295,254813
2021-02-10T05:00:00Z,18.96,19.84,18.86,19.745,393137
2021-02-09T05:00:00Z,18.93,19.135,18.44,18.875,233528
2021-02-08T05:00:00Z,18.19,18.9,18.05,18.76,297245
2021-02-05T05:00:00Z,18.53,18.8,17.875,17.875,206709
2021-02-04T05:00:00Z,18.34,18.35,17.67,18.15,219333
2021-02-03T05:00:00Z,17.17,18.245,17.17,18.21,306414
2021-02-02T05:00:00Z,17.31,17.49,16.875,16.965,243374
2021-02-01T05:00:00Z,16.8,16.97,16.18,16.76,468139
2021-01-29T05:00:00Z,17,17.605,16.315,16.45,299427
2021-01-28T05:00:00Z,17.32,17.55,16.735,17.19,391195
2021-01-27T05:00:00Z,16.425,17.57,16.115,17.21,472438
2021-01-26T05:00:00Z,17.64,17.9,16.83,16.83,351606
2021-01-25T05:00:00Z,17.58,17.63,16.695,17.36,441038
2021-01-22T05:00:00Z,17.76,18.075,17.305,17.815,837970
2021-01-21T05:00:00Z,19.87,19.97,17.49,18.385,708409
2021-01-20T05:00:00Z,20.16,20.3,19.51,19.965,256267
2021-01-19T05:00:00Z,20,20.13,19.53,20.005,261231
2021-01-15T05:00:00Z,19.87,19.935,19,19.595,189199
2021-01-14T05:00:00Z,19.29,20.76,19.265,20.27,509119
2021-01-13T05:00:00Z,19.71,19.71,19.01,19.15,209267
2021-01-12T05:00:00Z,18.7,19.875,18.395,19.715,535388
2021-01-11T05:00:00Z,17.51,18.385,17.345,18.33,563932
2021-01-08T05:00:00Z,18.82,18.82,17.92,18.115,318159
2021-01-07T05:00:00Z,18.2,19.265,18.2,18.585,375769
2021-01-06T05:00:00Z,17.67,18.645,17.52,18.33,1332497
2021-01-05T05:00:00Z,16.375,17.94,16.36,17.365,480466
2021-01-04T05:00:00Z,16.05,16.425,15.715,16.145,218224
2020-12-31T05:00:00Z,15.945,16.21,15.655,15.8,288843
2020-12-30T05:00:00Z,15.295,16.225,15.26,16.145,162745
2020-12-29T05:00:00Z,15.44,15.54,15.11,15.3,123043
2020-12-28T05:00:00Z,15.47,15.64,15.255,15.355,122710
2020-12-24T05:00:00Z,15.67,15.69,15.135,15.32,45665
2020-12-23T05:00:00Z,15.165,15.925,15.09,15.675,139236
2020-12-22T05:00:00Z,15.3,15.335,14.815,14.84,140808
2020-12-21T05:00:00Z,14.61,15.485,14.39,15.3,363367
2020-12-18T05:00:00Z,15.98,16.24,15.435,15.64,275478
2020-12-17T05:00:00Z,16.1,16.28,15.72,16.1,336145
2020-12-16T05:00:00Z,15.9,16.08,15.47,15.92,318719
2020-12-15T05:00:00Z,15.59,15.825,15.23,15.78,166976
2020-12-14T05:00:00Z,16.54,16.59,15.375,15.385,191771
2020-12-11T05:00:00Z,16.47,16.49,15.94,16.16,214742
2020-12-10T05:00:00Z,15.53,16.7,15.5,16.57,206101
2020-12-09T05:00:00Z,16.2,16.35,15.35,15.715,307873
2020-12-08T05:00:00Z,15.71,16.49,15.665,15.97,221954
2020-12-07T05:00:00Z,16.39,16.5,15.915,15.94,228774
2020-12-04T05:00:00Z,15.69,16.74,15.67,16.735,270549
2020-12-03T05:00:00Z,14.9,15.635,14.59,15.335,214615
2020-12-02T05:00:00Z,13.84,15.275,13.8,14.805,297265
2020-12-01T05:00:00Z,14.41,14.59,13.91,13.99,119438
2020-11-30T05:00:00Z,14.48,14.615,13.965,14.005,286931
2020-11-27T05:00:00Z,14.98,15.23,14.675,14.78,113267
2020-11-25T05:00:00Z,15.09,15.32,14.86,15.12,264413
2020-11-24T05:00:00Z,15.035,15.435,14.8,15.31,378089
2020-11-23T05:00:00Z,13.47,14.525,13.47,14.475,346541
2020-11-20T05:00:00Z,13.44,13.56,13.035,13.16,283974
2020-11-19T05:00:00Z,12.76,13.58,12.68,13.57,392300
2020-11-18T05:00:00Z,13.24,13.635,12.76,12.765,355873
2020-11-17T05:00:00Z,12.37,13.105,12.275,13.095,352430
2020-11-16T05:00:00Z,12.53,12.58,12.22,12.54,192774
2020-11-13T05:00:00Z,11.29,11.83,11.29,11.78,156979
2020-11-12T05:00:00Z,11.365,11.815,11.06,11.215,192522
2020-11-11T05:00:00Z,11.95,11.95,11.575,11.655,375480
2020-11-10T05:00:00Z,11.49,11.775,11.22,11.775,361955
2020-11-09T05:00:00Z,10.83,11.875,10.83,11.335,598116
2020-11-06T05:00:00Z,9.95,10.27,9.735,9.765,602893
2020-11-05T05:00:00Z,9.75,10.34,9.67,10.05,332972
2020-11-04T05:00:00Z,9.685,10.02,9.3,9.805,608772
2020-11-03T05:00:00Z,9.68,9.9,9.44,9.64,246158
2020-11-02T05:00:00Z,9.08,9.57,8.675,9.43,269221
2020-10-30T04:00:00Z,8.41,8.93,8.36,8.925,620165
2020-10-29T04:00:00Z,7.885,8.455,7.73,8.445,373459
2020-10-28T04:00:00Z,8.39,8.41,8.015,8.095,381187
2020-10-27T04:00:00Z,8.76,8.82,8.605,8.685,255714
2020-10-26T04:00:00Z,9.12,9.135,8.675,8.795,268049
2020-10-23T04:00:00Z,9.41,9.54,9.225,9.355,182442
2020-10-22T04:00:00Z,8.715,9.38,8.67,9.335,270588
2020-10-21T04:00:00Z,8.9,9,8.63,8.63,318504
2020-10-20T04:00:00Z,8.92,9.115,8.735,8.975,149779
2020-10-19T04:00:00Z,9.04,9.085,8.78,8.85,291831
2020-10-16T04:00:00Z,9.31,9.31,8.94,8.985,211770
2020-10-15T04:00:00Z,9.16,9.435,8.945,9.435,339390
2020-10-14T04:00:00Z,9.58,9.85,9.305,9.315,360928
2020-10-13T04:00:00Z,9.83,9.97,9.495,9.515,166637
2020-10-12T04:00:00Z,10.01,10.01,9.76,9.85,212380
2020-10-09T04:00:00Z,10.43,10.44,10.01,10.07,374455
2020-10-08T04:00:00Z,9.95,10.325,9.85,10.325,183667
2020-10-07T04:00:00Z,9.83,9.93,9.59,9.88,360985
2020-10-06T04:00:00Z,10.45,10.58,9.69,9.73,358420
2020-10-05T04:00:00Z,9.83,10.15,9.625,10.135,223144
2020-10-02T04:00:00Z,8.7,9.84,8.68,9.6,287199
2020-10-01T04:00:00Z,9.35,9.54,9.025,9.115,305100
2020-09-30T04:00:00Z,9.61,9.75,9.405,9.455,343647
2020-09-29T04:00:00Z,9.76,9.76,8.98,9.56,765394
2020-09-28T04:00:00Z,9.48,10.015,8.985,9.795,862816
2020-09-25T04:00:00Z,8.755,8.965,8.685,8.815,773409
2020-09-24T04:00:00Z,8.585,9.12,8.44,8.965,161112
2020-09-23T04:00:00Z,9.245,9.335,8.685,8.685,349741
2020-09-22T04:00:00Z,9.3,9.475,9.11,9.195,129514
2020-09-21T04:00:00Z,9.44,9.46,9.13,9.275,134217
2020-09-18T04:00:00Z,9.92,10.05,9.68,9.785,71890
2020-09-17T04:00:00Z,9.47,9.945,9.47,9.945,106565
2020-09-16T04:00:00Z,9.29,9.915,9.25,9.745,118294
2020-09-15T04:00:00Z,9.15,9.39,9.135,9.24,414726
2020-09-14T04:00:00Z,9.015,9.22,8.905,9.12,200857
2020-09-11T04:00:00Z,8.75,9.005,8.665,8.98,94771
2020-09-10T04:00:00Z,9.545,9.55,8.86,8.865,256686
2020-09-09T04:00:00Z,9.69,9.705,9.385,9.58,316387
2020-09-08T04:00:00Z,10.23,10.24,9.5,9.625,313463
2020-09-04T04:00:00Z,10.6,10.77,10.365,10.545,140251
2020-09-03T04:00:00Z,10.54,10.755,10.395,10.495,343143
2020-09-02T04:00:00Z,10.89,10.935,10.59,10.665,385683
2020-09-01T04:00:00Z,10.725,11.07,10.645,10.93,203257
2020-08-31T04:00:00Z,11.02,11.02,10.77,10.87,146050
2020-08-28T04:00:00Z,10.84,11.225,10.825,11.095,117217
2020-08-27T04:00:00Z,10.795,10.845,10.525,10.765,142916
2020-08-26T04:00:00Z,11.02,11.085,10.68,10.715,101847
2020-08-25T04:00:00Z,10.88,11.065,10.715,10.975,203023
2020-08-24T04:00:00Z,10.57,10.915,10.485,10.775,161813
2020-08-21T04:00:00Z,10.65,10.705,10.385,10.445,83792
2020-08-20T04:00:00Z,10.82,11.01,10.68,10.685,62508
2020-08-19T04:00:00Z,11.325,11.375,11.065,11.09,115401
2020-08-18T04:00:00Z,11.575,11.7,11.29,11.335,164918
2020-08-17T04:00:00Z,12.04,12.04,11.555,11.74,118206
2020-08-14T04:00:00Z,11.65,12.115,11.64,12.095,80040
2020-08-13T04:00:00Z,12.14,12.345,11.835,11.835,110870
2020-08-12T04:00:00Z,12.65,12.735,12.315,12.5,150383
2020-08-11T04:00:00Z,13.07,13.245,12.32,12.355,211175
2020-08-10T04:00:00Z,12.185,12.695,12.13,12.635,134561
2020-08-07T04:00:00Z,11.52,12.165,11.465,12.1,285013
2020-08-06T04:00:00Z,11.965,12.045,11.645,11.785,192912
2020-08-05T04:00:00Z,11.84,12.135,11.57,12.035,713388
2020-08-04T04:00:00Z,10.59,11.315,10.57,11.095,365866
2020-08-03T04:00:00Z,10.45,10.755,10.285,10.61,168077
2020-07-31T04:00:00Z,10.16,10.515,10.135,10.495,171746
2020-07-30T04:00:00Z,10.49,10.57,10.16,10.355,113162
2020-07-29T04:00:00Z,10.4,10.84,10.305,10.84,179802
2020-07-28T04:00:00Z,10.405,10.655,10.315,10.325,168602
2020-07-27T04:00:00Z,10.65,10.655,10.265,10.43,228297
