2024-06-14T04:00:00Z,77.66,77.905,77.385,77.88,540902
2024-06-13T04:00:00Z,79.17,79.18,78.375,78.695,557206
2024-06-12T04:00:00Z,80.17,80.38,79.705,79.82,571030
2024-06-11T04:00:00Z,78.81,79.06,78.485,78.895,468463
2024-06-10T04:00:00Z,80.685,81.285,80.61,81.225,190358
2024-06-07T04:00:00Z,81.355,81.67,81.19,81.275,461887
2024-06-06T04:00:00Z,81.93,82.155,81.865,82.155,306460
2024-06-05T04:00:00Z,81.72,81.9,81.3,81.9,286660
2024-06-04T04:00:00Z,81.245,81.435,80.98,81.325,378137
2024-06-03T04:00:00Z,81.44,81.6,81.11,81.41,480145
2024-05-31T04:00:00Z,80.96,81.22,80.58,81.19,451279
2024-05-30T04:00:00Z,80.25,80.6,80.215,80.405,234400
2024-05-29T04:00:00Z,79.97,80.115,79.715,79.74,455635
2024-05-28T04:00:00Z,81.34,81.37,80.785,81.04,214298
2024-05-24T04:00:00Z,80.815,81.15,80.765,81.05,255711
2024-05-23T04:00:00Z,81.49,81.505,80.24,80.405,266263
2024-05-22T04:00:00Z,80.98,81.1,80.58,80.82,313694
2024-05-21T04:00:00Z,81.385,81.625,81.385,81.575,117312
2024-05-20T04:00:00Z,81.72,81.905,81.67,81.71,116677
2024-05-17T04:00:00Z,81.37,81.68,81.27,81.64,311665
2024-05-16T04:00:00Z,81.65,81.7,81.33,81.35,409313
2024-05-15T04:00:00Z,81.34,81.8,81.16,81.79,342022
2024-05-14T04:00:00Z,80.665,80.945,80.58,80.93,343387
2024-05-13T04:00:00Z,80.415,80.535,80.24,80.35,139709
2024-05-10T04:00:00Z,80.45,80.515,80.24,80.34,289472
2024-05-09T04:00:00Z,79.575,80.2,79.575,80.195,396869
2024-05-08T04:00:00Z,79.315,79.6,79.3,79.6,216568
2024-05-07T04:00:00Z,79.685,79.845,79.545,79.695,255163
2024-05-06T04:00:00Z,79.325,79.5,79.245,79.495,268871
2024-05-03T04:00:00Z,79.02,79.18,78.45,78.93,454020
2024-05-02T04:00:00Z,77.945,78.275,77.5,78.17,384566
2024-05-01T04:00:00Z,77.255,78,76.905,77.075,487489
2024-04-30T04:00:00Z,77.96,78.19,77.215,77.215,547012
2024-04-29T04:00:00Z,78.175,78.4,78.045,78.29,239662
2024-04-26T04:00:00Z,77.66,78.055,77.66,77.94,293492
2024-04-25T04:00:00Z,76.61,77.44,76.465,77.35,307850
2024-04-24T04:00:00Z,77.88,77.925,77.39,77.685,182098
2024-04-23T04:00:00Z,77.275,77.95,77.22,77.845,589050
2024-04-22T04:00:00Z,76.58,77.255,76.485,77.02,464756
2024-04-19T04:00:00Z,76.165,76.4,75.895,76.12,428447
2024-04-18T04:00:00Z,76.26,76.6,75.99,76.095,398594
2024-04-17T04:00:00Z,76.695,76.695,75.96,76.3,342725
2024-04-16T04:00:00Z,76.36,76.61,76.03,76.275,428107
2024-04-15T04:00:00Z,78.13,78.23,76.895,77.02,546068
2024-04-12T04:00:00Z,77.855,78.06,77.155,77.23,376496
2024-04-11T04:00:00Z,78.565,78.605,77.67,78.52,215966
2024-04-10T04:00:00Z,78.18,78.63,78.01,78.28,474913
2024-04-09T04:00:00Z,79.72,79.785,79.045,79.365,314186
2024-04-08T04:00:00Z,79.45,79.52,79.24,79.355,347200
2024-04-05T04:00:00Z,78.615,79.125,78.475,78.99,566093
2024-04-04T04:00:00Z,79.93,79.94,78.645,78.725,478032
2024-04-03T04:00:00Z,78.81,79.51,78.81,79.395,327002
2024-04-02T04:00:00Z,78.87,78.96,78.71,78.93,234233
2024-04-01T04:00:00Z,79.735,79.85,79.34,79.515,260436
2024-03-28T04:00:00Z,79.77,79.965,79.765,79.835,414594
2024-03-27T04:00:00Z,79.74,80.055,79.66,80.05,290780
2024-03-26T04:00:00Z,79.83,79.86,79.56,79.565,251071
2024-03-25T04:00:00Z,79.41,79.75,79.405,79.49,331299
2024-03-22T04:00:00Z,79.76,79.83,79.565,79.645,244785
2024-03-21T04:00:00Z,79.9,80.02,79.79,79.79,220636
2024-03-20T04:00:00Z,78.93,79.885,78.895,79.84,459201
2024-03-19T04:00:00Z,78.82,79.2,78.71,79,326627
2024-03-18T04:00:00Z,79.08,79.11,78.81,78.89,230513
2024-03-15T04:00:00Z,79.04,79.07,78.63,78.91,396227
2024-03-14T04:00:00Z,79.42,79.45,78.585,78.9,725701
2024-03-13T04:00:00Z,79.34,79.61,79.32,79.42,797905
2024-03-12T04:00:00Z,78.89,79.44,78.62,79.44,438926
2024-03-11T04:00:00Z,78.72,78.82,78.42,78.82,378631
2024-03-08T05:00:00Z,79.79,79.85,79.14,79.26,424793
2024-03-07T05:00:00Z,79.185,79.61,79.105,79.53,539753
2024-03-06T05:00:00Z,78.5,78.8,78.365,78.57,589334
2024-03-05T05:00:00Z,77.845,78.105,77.445,77.64,347171
2024-03-04T05:00:00Z,77.75,77.96,77.675,77.82,373161
2024-03-01T05:00:00Z,77.55,78.025,77.26,78,481825
2024-02-29T05:00:00Z,77.44,77.54,76.88,77.23,410126
2024-02-28T05:00:00Z,76.97,77.14,76.92,77.03,366722
2024-02-27T05:00:00Z,77.34,77.55,77.31,77.48,274568
2024-02-26T05:00:00Z,77.45,77.46,77.155,77.32,309984
2024-02-23T05:00:00Z,77.39,77.505,77.28,77.395,357641
2024-02-22T05:00:00Z,77.04,77.315,76.945,77.3,529376
2024-02-21T05:00:00Z,76.24,76.465,76.095,76.45,388671
2024-02-20T05:00:00Z,76.575,76.625,76.18,76.38,368399
2024-02-16T05:00:00Z,75.97,76.38,75.81,76.06,365490
2024-02-15T05:00:00Z,75.48,75.965,75.48,75.965,417246
2024-02-14T05:00:00Z,74.77,75.115,74.71,75.115,392593
2024-02-13T05:00:00Z,74.62,74.71,74.02,74.29,351622
2024-02-12T05:00:00Z,75.245,75.645,75.245,75.45,123305
2024-02-09T05:00:00Z,75.065,75.34,74.895,75.32,287230
2024-02-08T05:00:00Z,75.065,75.09,74.82,75.04,370086
2024-02-07T05:00:00Z,75.17,75.28,75.005,75.15,267153
2024-02-06T05:00:00Z,74.73,75.225,74.695,75.22,281085
2024-02-05T05:00:00Z,74.7,74.915,74.36,74.74,408296
2024-02-02T05:00:00Z,75.13,75.2,74.82,75.15,342506
2024-02-01T05:00:00Z,75.19,75.77,75.06,75.77,492107
2024-01-31T05:00:00Z,75.73,75.965,74.9,75.035,488760
2024-01-30T05:00:00Z,75.41,75.48,75.12,75.405,228251
2024-01-29T05:00:00Z,75.01,75.565,74.925,75.475,269522
2024-01-26T05:00:00Z,75.11,75.23,75,75.065,350512
2024-01-25T05:00:00Z,74.68,74.73,74.35,74.73,360000
2024-01-24T05:00:00Z,74.93,74.98,74.5,74.52,575609
2024-01-23T05:00:00Z,73.79,73.99,73.645,73.965,323063
2024-01-22T05:00:00Z,74.11,74.37,74.04,74.18,542461
2024-01-19T05:00:00Z,73.56,73.935,73.315,73.91,338382
2024-01-18T05:00:00Z,73.41,73.78,73.27,73.78,531946
2024-01-17T05:00:00Z,72.82,73.14,72.61,73.11,557245
2024-01-16T05:00:00Z,74.16,74.25,73.66,73.84,737334
2024-01-12T05:00:00Z,75.27,75.49,74.935,75.08,442538
2024-01-11T05:00:00Z,74.97,75.045,74.115,74.79,413842
2024-01-10T05:00:00Z,74.6,74.88,74.535,74.77,333931
2024-01-09T05:00:00Z,74.31,74.46,74.185,74.31,348223
2024-01-08T05:00:00Z,74.31,74.98,74.28,74.94,396174
2024-01-05T05:00:00Z,74.03,74.82,73.96,74.18,604608
2024-01-04T05:00:00Z,74.01,74.49,73.995,74.125,285075
2024-01-03T05:00:00Z,73.78,74.16,73.58,73.93,832122
2024-01-02T05:00:00Z,74.6,74.865,74.405,74.505,447623
2023-12-29T05:00:00Z,75.39,75.58,75.15,75.34,322599
2023-12-28T05:00:00Z,75.45,75.655,75.255,75.28,223040
2023-12-27T05:00:00Z,75.12,75.525,75.12,75.47,285027
2023-12-26T05:00:00Z,74.85,75.18,74.81,75.09,266279
2023-12-22T05:00:00Z,74.855,74.96,74.54,74.74,250275
2023-12-21T05:00:00Z,74.27,74.66,74.11,74.66,320742
2023-12-20T05:00:00Z,74.235,74.415,73.425,73.44,533033
2023-12-19T05:00:00Z,74.945,75.195,74.935,75.16,367021
2023-12-18T05:00:00Z,74.65,74.71,74.31,74.5,439717
2023-12-15T05:00:00Z,74.7,74.85,74.3,74.35,665070
2023-12-14T05:00:00Z,74.91,75.33,74.74,75.06,648487
2023-12-13T05:00:00Z,73.45,74.575,73.165,74.535,471442
2023-12-12T05:00:00Z,73.185,73.44,72.985,73.44,309161
2023-12-11T05:00:00Z,73.06,73.36,73.025,73.32,263945
2023-12-08T05:00:00Z,72.74,73.245,72.73,73.145,367024
2023-12-07T05:00:00Z,72.7,73.11,72.46,72.93,374892
2023-12-06T05:00:00Z,73.07,73.22,72.55,72.575,521264
2023-12-05T05:00:00Z,72.38,72.73,72.245,72.35,331564
2023-12-04T05:00:00Z,72.46,72.76,72.34,72.62,478214
2023-12-01T05:00:00Z,72.365,73.23,72.36,73.16,435935
2023-11-30T05:00:00Z,72.47,72.61,72.17,72.41,377400
2023-11-29T05:00:00Z,72.54,72.755,72.295,72.495,242008
2023-11-28T05:00:00Z,72.07,72.53,72.05,72.33,239381
2023-11-27T05:00:00Z,72.35,72.39,72.17,72.33,285012
2023-11-24T05:00:00Z,72.23,72.58,72.23,72.57,246739
2023-11-22T05:00:00Z,71.99,72.03,71.65,72.005,208674
2023-11-21T05:00:00Z,72.08,72.145,71.76,71.85,254243
2023-11-20T05:00:00Z,71.76,72.19,71.74,72.11,273077
2023-11-17T05:00:00Z,71.58,71.86,71.42,71.86,436583
2023-11-16T05:00:00Z,70.82,71.11,70.66,70.87,322366
2023-11-15T05:00:00Z,71.09,71.28,70.9,70.95,332033
2023-11-14T05:00:00Z,70.46,71.135,70.455,71.06,788367
2023-11-13T05:00:00Z,68.91,69.37,68.73,69.3,292381
2023-11-10T05:00:00Z,68.76,69.145,68.26,69.14,331520
2023-11-09T05:00:00Z,69.41,69.58,68.76,68.8,329600
2023-11-08T05:00:00Z,68.84,69.09,68.6,68.805,259236
2023-11-07T05:00:00Z,68.78,68.99,68.64,68.88,347600
2023-11-06T05:00:00Z,69.565,69.615,69.18,69.32,412018
2023-11-03T04:00:00Z,69.54,69.94,69.42,69.66,487544
2023-11-02T04:00:00Z,68.68,68.93,68.49,68.93,608769
2023-11-01T04:00:00Z,67.09,67.57,66.91,67.56,610458
2023-10-31T04:00:00Z,66.775,66.96,66.54,66.91,435537
2023-10-30T04:00:00Z,66.56,66.71,66.265,66.68,680125
2023-10-27T04:00:00Z,66.5,66.53,65.68,65.84,565271
2023-10-26T04:00:00Z,66.385,66.455,65.845,66.04,562235
2023-10-25T04:00:00Z,66.81,67.07,66.445,66.53,399195
2023-10-24T04:00:00Z,66.75,67.06,66.66,67.01,432672
2023-10-23T04:00:00Z,66.31,67.03,66.075,66.61,316860
2023-10-20T04:00:00Z,66.9,67.07,66.545,66.56,933811
2023-10-19T04:00:00Z,67.535,67.88,67.06,67.2,528690
2023-10-18T04:00:00Z,68.35,68.4,67.7,67.765,506374
2023-10-17T04:00:00Z,68.36,69.28,68.36,68.97,234185
2023-10-16T04:00:00Z,68.54,68.995,68.49,68.93,620630
2023-10-13T04:00:00Z,68.87,68.99,68.27,68.42,420371
2023-10-12T04:00:00Z,69.72,69.75,68.84,69.08,391288
2023-10-11T04:00:00Z,69.78,69.85,69.28,69.66,552964
2023-10-10T04:00:00Z,69.15,69.625,69.11,69.36,523852
2023-10-09T04:00:00Z,67.9,68.475,67.82,68.39,266054
2023-10-06T04:00:00Z,67.66,68.68,67.24,68.54,591051
2023-10-05T04:00:00Z,67.57,67.87,67.345,67.77,453331
2023-10-04T04:00:00Z,67.22,67.245,66.64,67.17,362725
2023-10-03T04:00:00Z,67.3,67.48,66.845,67.06,618580
2023-10-02T04:00:00Z,68.48,68.525,67.685,67.88,756056
2023-09-29T04:00:00Z,69.76,69.76,68.75,68.9,392743
2023-09-28T04:00:00Z,68.67,69.32,68.54,69.13,535511
2023-09-27T04:00:00Z,68.95,68.95,68.09,68.55,505301
2023-09-26T04:00:00Z,69.06,69.22,68.64,68.69,307878
2023-09-25T04:00:00Z,69.3,69.62,69.16,69.56,406100
2023-09-22T04:00:00Z,70.215,70.455,69.86,69.91,315482
2023-09-21T04:00:00Z,70.36,70.48,69.84,69.84,344043
2023-09-20T04:00:00Z,71.515,71.87,70.98,71.01,305866
2023-09-19T04:00:00Z,71.3,71.37,71.01,71.19,300303
2023-09-18T04:00:00Z,71.07,71.2,70.84,71.13,278578
2023-09-15T04:00:00Z,71.73,71.925,71.35,71.39,385202
2023-09-14T04:00:00Z,71.19,71.6,71.135,71.54,338454
2023-09-13T04:00:00Z,70.69,70.865,70.47,70.615,243195
2023-09-12T04:00:00Z,70.75,71.08,70.725,70.84,259766
2023-09-11T04:00:00Z,71.02,71.175,70.81,71.13,415058
2023-09-08T04:00:00Z,70.41,70.61,70.31,70.38,280247
2023-09-07T04:00:00Z,70.49,70.625,70.28,70.505,333335
2023-09-06T04:00:00Z,70.84,71,70.47,70.715,349987
2023-09-05T04:00:00Z,71.3,71.305,70.87,70.88,226597
2023-09-01T04:00:00Z,72.15,72.17,71.31,71.52,475094
2023-08-31T04:00:00Z,71.85,71.9,71.315,71.5,373849
2023-08-30T04:00:00Z,71.92,72.13,71.71,71.83,357144
2023-08-29T04:00:00Z,70.84,71.895,70.765,71.865,337611
2023-08-28T04:00:00Z,70.735,71.015,70.71,70.97,380008
2023-08-25T04:00:00Z,70.2,70.42,69.6,70.22,247183
2023-08-24T04:00:00Z,70.38,70.585,69.74,69.76,284779
2023-08-23T04:00:00Z,70.285,70.81,70.26,70.73,241858
2023-08-22T04:00:00Z,70.435,70.45,69.915,69.96,184713
2023-08-21T04:00:00Z,70.02,70.165,69.715,70.08,267660
2023-08-18T04:00:00Z,69.325,69.95,69.31,69.825,616572
2023-08-17T04:00:00Z,70.56,70.605,69.75,69.845,421673
2023-08-16T04:00:00Z,70.74,70.965,70.33,70.34,197544
2023-08-15T04:00:00Z,71.37,71.4,70.795,70.93,259121
2023-08-14T04:00:00Z,71.42,71.88,71.22,71.82,238004
2023-08-11T04:00:00Z,72.11,72.36,71.97,72.12,313959
2023-08-10T04:00:00Z,73.1,73.5,72.55,72.62,443758
2023-08-09T04:00:00Z,72.44,72.59,72.215,72.33,298085
2023-08-08T04:00:00Z,71.96,72.38,71.8,72.34,307027
2023-08-07T04:00:00Z,72.62,72.79,72.31,72.77,166901
2023-08-04T04:00:00Z,72.34,72.905,72.105,72.175,225379
2023-08-03T04:00:00Z,71.59,72.145,71.525,71.95,302002
2023-08-02T04:00:00Z,72.62,72.72,72.09,72.175,475751
2023-08-01T04:00:00Z,73.72,73.925,73.38,73.53,440114
2023-07-31T04:00:00Z,74.51,74.7,74.37,74.41,300337
2023-07-28T04:00:00Z,74.435,74.72,74.31,74.47,636052
2023-07-27T04:00:00Z,74.665,74.665,73.86,73.925,548124
2023-07-26T04:00:00Z,73.52,74.31,73.51,74.09,403860
2023-07-25T04:00:00Z,73.68,74.06,73.665,73.89,268008
2023-07-24T04:00:00Z,73.665,73.935,73.635,73.78,208044
2023-07-21T04:00:00Z,74,74.06,73.785,73.99,297167
2023-07-20T04:00:00Z,74.07,74.215,73.73,73.83,347624
2023-07-19T04:00:00Z,74.3,74.43,74.03,74.215,243835
2023-07-18T04:00:00Z,73.9,74.325,73.85,74.26,257425
2023-07-17T04:00:00Z,73.53,73.855,73.42,73.78,275513
2023-07-14T04:00:00Z,74.235,74.285,73.84,73.88,190559
2023-07-13T04:00:00Z,74.05,74.38,74.05,74.28,312526
2023-07-12T04:00:00Z,72.71,73.18,72.57,73.1,497210
2023-07-11T04:00:00Z,71.42,71.755,71.23,71.755,212851
2023-07-10T04:00:00Z,70.77,71.12,70.755,71.105,194337
2023-07-07T04:00:00Z,70.46,71.2,70.41,70.9,415198
2023-07-06T04:00:00Z,70.54,70.54,69.945,70.36,452570
2023-07-05T04:00:00Z,71.9,71.92,71.55,71.64,348493
2023-07-03T04:00:00Z,72.46,72.55,72.32,72.44,154254
2023-06-30T04:00:00Z,72.28,72.55,72.215,72.44,375166
2023-06-29T04:00:00Z,71.39,71.62,71.36,71.615,127021
2023-06-28T04:00:00Z,71.63,71.84,71.53,71.725,205010
2023-06-27T04:00:00Z,71.24,71.72,71.095,71.69,200343
2023-06-26T04:00:00Z,71.03,71.18,70.965,71.05,288945
2023-06-23T04:00:00Z,70.84,71.135,70.82,70.98,346491
2023-06-22T04:00:00Z,72.01,72.2,71.95,72.1,277041
2023-06-21T04:00:00Z,72.3,72.77,72.19,72.54,237143
2023-06-20T04:00:00Z,72.6,72.72,72.28,72.44,338831
2023-06-16T04:00:00Z,73.905,73.905,73.365,73.41,431833
2023-06-15T04:00:00Z,72.77,73.585,72.725,73.545,338336
2023-06-14T04:00:00Z,73,73.16,72.395,72.785,583966
2023-06-13T04:00:00Z,72.48,72.68,72.39,72.52,340031
2023-06-12T04:00:00Z,71.78,71.86,71.605,71.855,403984
2023-06-09T04:00:00Z,71.57,71.67,71.41,71.525,181919
2023-06-08T04:00:00Z,71.23,71.65,71.13,71.615,286151
2023-06-07T04:00:00Z,71.24,71.495,70.835,70.85,705929
2023-06-06T04:00:00Z,72.4,72.86,72.35,72.845,429540
2023-06-05T04:00:00Z,72.54,72.605,72.185,72.23,699309
2023-06-02T04:00:00Z,72.65,72.75,72.475,72.65,569278
2023-06-01T04:00:00Z,71.05,71.78,71.01,71.705,627454
2023-05-31T04:00:00Z,70.69,70.775,70.13,70.63,691125
2023-05-30T04:00:00Z,71.92,71.92,71.22,71.42,301136
2023-05-26T04:00:00Z,71.755,72.19,71.735,72.14,213252
2023-05-25T04:00:00Z,71.465,71.565,71.15,71.455,441160
2023-05-24T04:00:00Z,71.86,71.87,71.5,71.58,532225
2023-05-23T04:00:00Z,73.05,73.14,72.57,72.615,364719
2023-05-22T04:00:00Z,73.6,73.81,73.575,73.68,392680
2023-05-19T04:00:00Z,73.53,73.83,73.48,73.64,410619
2023-05-18T04:00:00Z,73.15,73.26,72.84,73.24,290253
2023-05-17T04:00:00Z,73.12,73.38,72.82,73.34,493936
2023-05-16T04:00:00Z,73.325,73.43,72.97,73,300085
2023-05-15T04:00:00Z,73.36,73.695,73.29,73.69,277137
2023-05-12T04:00:00Z,73.36,73.41,72.88,73.15,461529
2023-05-11T04:00:00Z,73.01,73.27,72.73,73.265,290580
2023-05-10T04:00:00Z,73.65,73.655,73,73.44,471783
2023-05-09T04:00:00Z,73.29,73.695,73.26,73.61,482517
2023-05-08T04:00:00Z,74.04,74.04,73.79,73.9,186182
2023-05-05T04:00:00Z,73.16,73.985,73.125,73.88,302173
2023-05-04T04:00:00Z,72.75,73.06,72.58,72.82,333887
2023-05-03T04:00:00Z,73.05,73.55,72.95,72.95,351760
2023-05-02T04:00:00Z,72.83,72.835,72.34,72.78,397359
2023-05-01T04:00:00Z,73.72,73.88,73.495,73.54,471211
2023-04-28T04:00:00Z,73.065,73.62,73.02,73.62,385453
2023-04-27T04:00:00Z,73.12,73.66,72.97,73.63,273846
2023-04-26T04:00:00Z,73.24,73.24,72.65,72.74,599397
2023-04-25T04:00:00Z,73.47,73.51,72.79,72.79,352724
2023-04-24T04:00:00Z,73.64,73.84,73.61,73.82,425339
2023-04-21T04:00:00Z,73.36,73.67,73.04,73.64,447348
2023-04-20T04:00:00Z,73.155,73.43,73.075,73.28,426394
2023-04-19T04:00:00Z,73.12,73.335,73.11,73.25,299136
2023-04-18T04:00:00Z,73.47,73.525,73.29,73.51,492536
2023-04-17T04:00:00Z,73.06,73.12,72.745,73.1,318062
2023-04-14T04:00:00Z,73.48,73.655,72.95,73.24,340632
2023-04-13T04:00:00Z,73.19,73.57,73.12,73.53,433630
2023-04-12T04:00:00Z,72.77,72.94,72.38,72.58,434815
2023-04-11T04:00:00Z,72.04,72.25,71.995,72.135,316535
2023-04-10T04:00:00Z,71.48,71.89,71.375,71.88,230971
2023-04-06T04:00:00Z,71.61,72.12,71.52,71.915,332523
2023-04-05T04:00:00Z,71.71,71.91,71.385,71.62,439558
2023-04-04T04:00:00Z,72.09,72.315,71.885,72.08,511896
2023-04-03T04:00:00Z,71.685,72.105,71.6,72.09,699405
2023-03-31T04:00:00Z,71.365,71.66,71.36,71.49,858039
2023-03-30T04:00:00Z,71.15,71.255,70.985,71.17,716931
2023-03-29T04:00:00Z,70.17,70.395,70.05,70.33,684252
2023-03-28T04:00:00Z,69.43,69.64,69.34,69.51,484167
2023-03-27T04:00:00Z,69.27,69.52,69.09,69.46,886853
2023-03-24T04:00:00Z,68.52,68.855,68.14,68.82,824149
2023-03-23T04:00:00Z,69.63,70.03,68.725,69.04,585686
2023-03-22T04:00:00Z,69.35,70.21,68.99,69.02,291881
2023-03-21T04:00:00Z,69.23,69.33,68.865,69.26,766763
2023-03-20T04:00:00Z,67.92,68.45,67.81,68.24,561180
2023-03-17T04:00:00Z,67.37,67.52,66.93,67.19,592189
2023-03-16T04:00:00Z,66.63,67.98,66.565,67.97,650159
2023-03-15T04:00:00Z,66.52,67.04,66.09,66.96,984744
2023-03-14T04:00:00Z,68.87,69.1,68.58,69.08,501829
2023-03-13T04:00:00Z,67.94,68.74,67.815,68.16,858124
2023-03-10T05:00:00Z,69.42,69.56,68.59,68.64,854952
2023-03-09T05:00:00Z,70.04,70.255,69.28,69.36,711045
2023-03-08T05:00:00Z,69.735,70.1,69.57,69.89,413424
2023-03-07T05:00:00Z,70.6,70.64,69.44,69.54,632591
2023-03-06T05:00:00Z,70.665,70.99,70.63,70.725,413956
2023-03-03T05:00:00Z,70.21,70.91,70.06,70.88,571791
2023-03-02T05:00:00Z,69.235,69.92,69.205,69.845,431567
2023-03-01T05:00:00Z,69.875,70.03,69.455,69.71,389642
2023-02-28T05:00:00Z,69.66,69.81,69.325,69.36,656773
2023-02-27T05:00:00Z,69.83,70.04,69.645,69.875,1032041
2023-02-24T05:00:00Z,69.03,69.25,68.76,69.025,687095
2023-02-23T05:00:00Z,70.15,70.27,69.59,70.2,772041
2023-02-22T05:00:00Z,70.13,70.23,69.705,69.84,470733
2023-02-21T05:00:00Z,70.54,70.75,70.19,70.23,438482
2023-02-17T05:00:00Z,70.5,71.09,70.39,71.01,382446
2023-02-16T05:00:00Z,70.58,71.26,70.49,70.835,526365
2023-02-15T05:00:00Z,70.64,71.185,70.585,71.175,372194
2023-02-14T05:00:00Z,71.05,71.83,70.875,71.49,494302
2023-02-13T05:00:00Z,70.77,71.37,70.725,71.36,367145
2023-02-10T05:00:00Z,70.73,70.75,70.355,70.67,302841
2023-02-09T05:00:00Z,71.87,71.92,70.865,71,324895
2023-02-08T05:00:00Z,71.18,71.26,70.73,70.86,498171
2023-02-07T05:00:00Z,70.36,71.37,70.225,71.3,368507
2023-02-06T05:00:00Z,70.73,70.855,70.325,70.7,398178
2023-02-03T05:00:00Z,71.41,71.995,71.27,71.42,506389
2023-02-02T05:00:00Z,72.38,72.42,71.65,72.1,409182
2023-02-01T05:00:00Z,71.48,72.44,70.955,72.18,587180
2023-01-31T05:00:00Z,70.96,71.585,70.8,71.56,1124135
2023-01-30T05:00:00Z,71.34,71.64,71.14,71.14,483963
2023-01-27T05:00:00Z,71.295,71.75,71.22,71.59,565845
2023-01-26T05:00:00Z,71.745,71.815,71.17,71.75,350456
2023-01-25T05:00:00Z,70.955,71.73,70.94,71.7,350576
2023-01-24T05:00:00Z,70.91,71.35,70.7,71.22,314618
2023-01-23T05:00:00Z,70.7,71.31,70.68,71.285,715743
2023-01-20T05:00:00Z,70.35,71.02,70.175,71.02,485719
2023-01-19T05:00:00Z,70.26,70.53,70.015,70.39,651000
2023-01-18T05:00:00Z,71.55,71.675,70.5,70.5,1049843
2023-01-17T05:00:00Z,70.78,71.025,70.56,70.735,661248
2023-01-13T05:00:00Z,69.81,70.545,69.81,70.52,508613
2023-01-12T05:00:00Z,69.73,70.27,69.035,70.15,566593
2023-01-11T05:00:00Z,68.94,69.15,68.74,69.14,616994
2023-01-10T05:00:00Z,68.36,68.63,68.18,68.61,441422
2023-01-09T05:00:00Z,68.635,69.055,68.38,68.42,540539
2023-01-06T05:00:00Z,66.77,68.17,66.45,68.13,544121
2023-01-05T05:00:00Z,66.48,66.685,66.3,66.435,440338
2023-01-04T05:00:00Z,67.19,67.305,66.73,67.1,547868
2023-01-03T05:00:00Z,66.45,66.83,65.93,66.215,701987
2022-12-30T05:00:00Z,65.9,66.16,65.58,65.63,548691
2022-12-29T05:00:00Z,66.03,66.495,66.005,66.3,326643
2022-12-28T05:00:00Z,66.14,66.295,65.3,65.3,223965
2022-12-27T05:00:00Z,65.98,66.22,65.825,65.98,250613
2022-12-23T05:00:00Z,65.56,65.96,65.41,65.9,197511
2022-12-22T05:00:00Z,65.96,65.96,65.11,65.66,464558
2022-12-21T05:00:00Z,65.935,66.385,65.86,66.18,320063
2022-12-20T05:00:00Z,65.42,65.845,65.345,65.53,421753
2022-12-19T05:00:00Z,65.615,65.69,65.095,65.265,612090
2022-12-16T05:00:00Z,65.45,65.73,65.165,65.41,324383
2022-12-15T05:00:00Z,66.91,66.99,65.78,66,552879
2022-12-14T05:00:00Z,67.88,68.335,67.32,67.73,540495
2022-12-13T05:00:00Z,68.625,68.77,67.54,67.775,746482
2022-12-12T05:00:00Z,66.88,67.095,66.69,67.09,409361
2022-12-09T05:00:00Z,67.035,67.41,66.875,66.92,590907
2022-12-08T05:00:00Z,66.51,66.92,66.325,66.855,466076
2022-12-07T05:00:00Z,66.56,66.805,66.28,66.515,553510
2022-12-06T05:00:00Z,66.97,67.105,66.255,66.53,529821
2022-12-05T05:00:00Z,67.52,67.635,66.645,66.83,611966
2022-12-02T05:00:00Z,67.155,67.91,67.15,67.73,438162
2022-12-01T05:00:00Z,67.87,68.035,67.42,67.77,614530
2022-11-30T05:00:00Z,66.47,67.345,65.85,67.13,1567928
2022-11-29T05:00:00Z,65.93,66.32,65.795,65.94,490919
2022-11-28T05:00:00Z,66.29,66.555,65.715,65.77,811650
2022-11-25T05:00:00Z,66.45,66.75,66.36,66.62,460194
2022-11-23T05:00:00Z,65.71,66.37,65.71,66.29,397976
2022-11-22T05:00:00Z,65.085,65.58,64.965,65.58,367637
2022-11-21T05:00:00Z,64.6,64.76,64.375,64.66,744735
2022-11-18T05:00:00Z,65.33,65.33,64.94,65.13,534087
2022-11-17T05:00:00Z,64.23,65.055,64.21,65,503148
2022-11-16T05:00:00Z,65.3,65.4,64.87,65.065,625867
2022-11-15T05:00:00Z,65.83,65.92,64.61,65.18,940566
2022-11-14T05:00:00Z,64.93,65.34,64.775,64.78,652867
2022-11-11T05:00:00Z,64.76,65.55,64.57,65.46,635689
2022-11-10T05:00:00Z,63.23,64.175,62.97,64.17,962336
2022-11-09T05:00:00Z,61.2,61.63,60.77,60.77,567197
2022-11-08T05:00:00Z,61.35,61.995,61.22,61.65,722485
2022-11-07T05:00:00Z,61,61.205,60.71,60.94,721599
2022-11-04T04:00:00Z,60.18,60.82,59.815,60.745,968245
2022-11-03T04:00:00Z,58.11,58.67,58.085,58.43,787197
2022-11-02T04:00:00Z,59.84,60.645,58.92,58.92,654988
2022-11-01T04:00:00Z,60.5,60.52,59.52,59.775,1406046
2022-10-31T04:00:00Z,59.19,59.43,59.13,59.3,900143
2022-10-28T04:00:00Z,59.18,59.86,59.1,59.86,611520
2022-10-27T04:00:00Z,59.66,60.08,59.25,59.28,591703
2022-10-26T04:00:00Z,59.27,60.24,59.26,59.81,898715
2022-10-25T04:00:00Z,58.43,59.33,58.415,59.26,736843
2022-10-24T04:00:00Z,57.81,58.245,57.5,57.98,813320
2022-10-21T04:00:00Z,56.41,58.01,56.3,58,1089038
2022-10-20T04:00:00Z,57.14,57.8,56.835,56.97,965873
2022-10-19T04:00:00Z,57.25,57.475,56.72,57.095,944248
2022-10-18T04:00:00Z,58.25,58.295,57.39,57.8,592743
2022-10-17T04:00:00Z,57.23,57.65,57.23,57.39,1204734
2022-10-14T04:00:00Z,57.21,57.37,55.955,56.01,718345
2022-10-13T04:00:00Z,54.75,57.12,54.62,56.85,1206803
2022-10-12T04:00:00Z,55.73,56.02,55.58,55.72,790888
2022-10-11T04:00:00Z,56.145,56.78,55.725,55.87,885141
2022-10-10T04:00:00Z,56.82,56.835,56.19,56.525,587389
2022-10-07T04:00:00Z,57.48,57.54,56.65,56.85,950037
2022-10-06T04:00:00Z,58.1,58.375,57.69,57.76,988380
2022-10-05T04:00:00Z,58.43,59.095,58.11,58.79,1135866
2022-10-04T04:00:00Z,58.67,59.5,58.62,59.44,1031697
2022-10-03T04:00:00Z,56.59,57.35,56.37,57.11,1322583
2022-09-30T04:00:00Z,56.09,56.695,55.89,56,1128637
2022-09-29T04:00:00Z,56.005,56.245,55.46,56.225,1094158
2022-09-28T04:00:00Z,55.53,57.025,55.36,56.9,1129598
2022-09-27T04:00:00Z,56.18,56.46,55.23,55.57,1315929
2022-09-26T04:00:00Z,56.18,56.67,55.625,55.905,1160911
2022-09-23T04:00:00Z,57.3,57.33,56.325,56.75,1222543
2022-09-22T04:00:00Z,59.05,59.11,58.355,58.64,699573
2022-09-21T04:00:00Z,59.52,60.02,58.81,58.81,606050
2022-09-20T04:00:00Z,59.775,59.9,59.235,59.57,759115
2022-09-19T04:00:00Z,59.73,60.645,59.72,60.59,645191
2022-09-16T04:00:00Z,60.25,60.61,60.06,60.425,935695
2022-09-15T04:00:00Z,60.88,61.38,60.675,60.795,573279
2022-09-14T04:00:00Z,61.265,61.57,60.955,61.31,696401
2022-09-13T04:00:00Z,62.11,62.47,61.07,61.1,756413
2022-09-12T04:00:00Z,63.23,63.575,63.15,63.305,889569
2022-09-09T04:00:00Z,62.08,62.49,62.03,62.455,892008
2022-09-08T04:00:00Z,60.11,60.97,60.08,60.915,701975
2022-09-07T04:00:00Z,59.85,60.85,59.84,60.85,574393
2022-09-06T04:00:00Z,60.77,60.89,60.13,60.33,670964
2022-09-02T04:00:00Z,61.29,61.83,60.285,60.49,820999
2022-09-01T04:00:00Z,60.79,60.92,60.23,60.905,971726
2022-08-31T04:00:00Z,62.105,62.345,61.685,61.695,1147601
2022-08-30T04:00:00Z,62.97,63.05,62.005,62.13,598423
2022-08-29T04:00:00Z,62.42,62.815,62.37,62.56,664095
2022-08-26T04:00:00Z,64.42,64.48,62.67,62.705,487233
2022-08-25T04:00:00Z,63.88,64.415,63.73,64.415,407221
2022-08-24T04:00:00Z,63.34,63.91,63.34,63.68,344851
2022-08-23T04:00:00Z,63.42,64.09,63.36,63.61,494957
2022-08-22T04:00:00Z,63.985,64.01,63.44,63.57,637266
2022-08-19T04:00:00Z,64.96,65.035,64.55,64.71,519992
2022-08-18T04:00:00Z,65.74,65.76,65.38,65.58,435432
2022-08-17T04:00:00Z,65.69,66.16,65.47,65.81,392841
2022-08-16T04:00:00Z,65.96,66.45,65.95,66.345,419976
2022-08-15T04:00:00Z,66.18,66.405,66.07,66.35,687982
2022-08-12T04:00:00Z,66.29,66.76,66.155,66.76,575058
2022-08-11T04:00:00Z,66.55,66.74,66.15,66.26,436939
2022-08-10T04:00:00Z,66.11,66.475,65.955,66.275,498318
2022-08-09T04:00:00Z,65.13,65.205,64.71,64.81,426000
2022-08-08T04:00:00Z,65.53,65.75,65.06,65.145,602832
2022-08-05T04:00:00Z,64.65,65.115,64.575,65.005,470526
2022-08-04T04:00:00Z,65.27,65.585,65.18,65.475,386887
2022-08-03T04:00:00Z,65.03,65.255,64.66,65.13,613653
2022-08-02T04:00:00Z,65.28,65.45,64.75,64.75,763943
2022-08-01T04:00:00Z,65.71,66.07,65.485,65.8,591851
2022-07-29T04:00:00Z,64.97,65.745,64.8,65.74,1166357
2022-07-28T04:00:00Z,64.38,64.93,64.02,64.84,958301
2022-07-27T04:00:00Z,63.645,64.555,63.46,64.47,826686
2022-07-26T04:00:00Z,63.4,63.47,63.01,63.01,469731
2022-07-25T04:00:00Z,63.895,63.97,63.575,63.89,549173
2022-07-22T04:00:00Z,63.845,64.165,63.16,63.38,729784
2022-07-21T04:00:00Z,62.77,63.625,62.69,63.58,847673
2022-07-20T04:00:00Z,63.13,63.32,62.59,62.89,668585
2022-07-19T04:00:00Z,62.81,63.345,62.77,63.32,981412
2022-07-18T04:00:00Z,62.27,62.42,61.555,61.655,852471
2022-07-15T04:00:00Z,60.905,61.42,60.62,61.42,1022711
2022-07-14T04:00:00Z,59.99,60.49,59.55,60.43,783654
2022-07-13T04:00:00Z,60.62,61.54,60.515,61.305,568159
2022-07-12T04:00:00Z,61.27,61.825,61.195,61.35,577003
2022-07-11T04:00:00Z,61.59,61.73,61.295,61.34,743323
2022-07-08T04:00:00Z,62.16,62.55,61.89,62.345,509445
2022-07-07T04:00:00Z,61.875,62.28,61.875,62.27,762866
2022-07-06T04:00:00Z,61.23,61.49,60.88,61.355,687914
2022-07-05T04:00:00Z,60.65,61.315,60.42,61.315,958834
2022-07-01T04:00:00Z,61.735,62.65,61.5,62.65,741712
2022-06-30T04:00:00Z,61.72,62.59,61.47,62.51,960690
2022-06-29T04:00:00Z,63.11,63.28,62.79,62.83,823480
2022-06-28T04:00:00Z,64.02,64.21,63.05,63.07,748165
2022-06-27T04:00:00Z,63.66,63.93,63.43,63.51,1069630
2022-06-24T04:00:00Z,62.81,63.79,62.74,63.775,1147387
2022-06-23T04:00:00Z,61.835,62,61.28,61.93,799935
2022-06-22T04:00:00Z,61.7,62.55,61.64,61.995,1015944
2022-06-21T04:00:00Z,62.585,62.755,62.38,62.41,895716
2022-06-17T04:00:00Z,61.69,62,61.13,61.47,1318349
2022-06-16T04:00:00Z,61.62,62.17,61.35,61.76,1213370
2022-06-15T04:00:00Z,62.64,63.465,61.89,63.15,1290835
2022-06-14T04:00:00Z,62.535,62.71,61.435,61.98,1641824
2022-06-13T04:00:00Z,63.03,63.35,62.445,62.58,1524047
2022-06-10T04:00:00Z,65.07,65.13,64.49,64.68,1078523
2022-06-09T04:00:00Z,67.34,67.505,66.26,66.26,884710
2022-06-08T04:00:00Z,69.42,69.71,69.14,69.21,604673
2022-06-07T04:00:00Z,69.3,70.215,69.3,70.155,577481
2022-06-06T04:00:00Z,70.49,70.61,69.835,69.98,675842
2022-06-03T04:00:00Z,69.81,69.98,69.515,69.68,1084298
2022-06-02T04:00:00Z,69.82,70.72,69.6,70.72,1007402
2022-06-01T04:00:00Z,70.39,70.445,69.06,69.27,1038925
2022-05-31T04:00:00Z,70.18,70.475,69.84,70,1284110
2022-05-27T04:00:00Z,70.05,70.45,70.02,70.44,490925
2022-05-26T04:00:00Z,68.94,69.76,68.94,69.6,847766
2022-05-25T04:00:00Z,68.34,69.14,68.34,68.83,1046711
2022-05-24T04:00:00Z,68.69,69.03,68.35,68.8,1086029
2022-05-23T04:00:00Z,68.49,69.07,68.38,68.92,1105393
2022-05-20T04:00:00Z,68.04,68.14,66.91,67.8,1263269
2022-05-19T04:00:00Z,66.58,67.69,66.58,67.34,1378484
2022-05-18T04:00:00Z,67.72,67.805,66.57,66.66,1307608
2022-05-17T04:00:00Z,68.16,68.35,67.78,68.3,1312602
2022-05-16T04:00:00Z,66.7,67.345,66.47,67.07,1105983
2022-05-13T04:00:00Z,66.17,67.01,66.14,66.98,1082838
2022-05-12T04:00:00Z,64.94,65.8,64.635,65.2,1214933
2022-05-11T04:00:00Z,65.935,66.76,65.26,65.32,1371735
2022-05-10T04:00:00Z,66.395,66.44,65.24,65.75,2296173
2022-05-09T04:00:00Z,66.06,66.15,65.11,65.23,1428177
2022-05-06T04:00:00Z,67.45,67.68,66.87,67.27,1134309
2022-05-05T04:00:00Z,69.195,69.2,67.43,67.95,1196189
2022-05-04T04:00:00Z,68.99,70.305,68.23,70.22,1316389
2022-05-03T04:00:00Z,68.89,69.22,68.7,69,979729
2022-05-02T04:00:00Z,68.44,68.74,67.66,68.41,1498480
2022-04-29T04:00:00Z,69.68,70.115,68.57,68.61,1248885
2022-04-28T04:00:00Z,68.925,69.605,68.3,69.54,807838
2022-04-27T04:00:00Z,68.42,68.94,68.07,68.49,1491297
2022-04-26T04:00:00Z,69.57,69.57,68.13,68.16,954322
2022-04-25T04:00:00Z,69.72,70.18,69.165,70.12,1157291
2022-04-22T04:00:00Z,71.51,71.52,70.405,70.46,882482
2022-04-21T04:00:00Z,73.1,73.225,71.51,71.64,957284
2022-04-20T04:00:00Z,72.49,72.65,72.205,72.44,621020
2022-04-19T04:00:00Z,71.2,72,71.2,72,491430
2022-04-18T04:00:00Z,71.75,72.125,71.49,71.61,585952
2022-04-14T04:00:00Z,72.48,72.62,71.995,72.05,553369
2022-04-13T04:00:00Z,71.6,72.385,71.6,72.36,671439
2022-04-12T04:00:00Z,72.21,72.405,71.41,71.57,804021
2022-04-11T04:00:00Z,72.6,72.74,72.075,72.15,637080
2022-04-08T04:00:00Z,72.615,73.18,72.5,72.9,598506
2022-04-07T04:00:00Z,72.77,73.095,72.265,72.88,834715
2022-04-06T04:00:00Z,72.66,73.08,72.305,72.67,689406
2022-04-05T04:00:00Z,74.13,74.38,73.41,73.59,1023582
2022-04-04T04:00:00Z,74.13,74.62,74.07,74.57,539599
2022-04-01T04:00:00Z,74.075,74.31,73.74,74.31,652343
2022-03-31T04:00:00Z,74.305,74.58,73.53,73.62,752047
2022-03-30T04:00:00Z,74.895,75.135,74.56,74.87,996668
2022-03-29T04:00:00Z,75.185,75.37,74.5,75.145,654690
2022-03-28T04:00:00Z,73.28,73.57,72.965,73.52,661227
2022-03-25T04:00:00Z,73.63,73.855,73.25,73.73,601536
2022-03-24T04:00:00Z,73.3,73.72,73.17,73.71,724667
2022-03-23T04:00:00Z,73.22,73.505,73.03,73.04,740268
2022-03-22T04:00:00Z,73.77,74.125,73.72,74.005,744859
2022-03-21T04:00:00Z,73.58,73.72,72.935,73.285,992054
2022-03-18T04:00:00Z,72.44,73.825,72.32,73.76,952446
2022-03-17T04:00:00Z,72.15,73.195,72.085,73.06,1216944
2022-03-16T04:00:00Z,71.42,72.49,70.78,72.49,1210640
2022-03-15T04:00:00Z,69.65,70.095,69.31,70.03,1241703
2022-03-14T04:00:00Z,69.72,70.17,69.15,69.27,1557680
2022-03-11T05:00:00Z,69.97,70.05,68.55,68.59,1550036
2022-03-10T05:00:00Z,69.32,69.86,69,69.36,1732996
2022-03-09T05:00:00Z,69.49,70.7,69.15,70.38,2416628
2022-03-08T05:00:00Z,67.49,68.74,66.57,67.46,2062261
2022-03-07T05:00:00Z,68.565,68.665,66.54,66.85,2546741
2022-03-04T05:00:00Z,69.21,69.275,68.445,69.095,1226782
2022-03-03T05:00:00Z,72.22,72.27,70.88,71.08,1391765
2022-03-02T05:00:00Z,72.11,72.725,71.87,72.56,1162038
2022-03-01T05:00:00Z,72.9,73.1,71.23,71.59,1112708
2022-02-28T05:00:00Z,73.255,74.16,72.895,73.22,1294281
2022-02-25T05:00:00Z,73.48,74.67,73.41,74.67,1794707
2022-02-24T05:00:00Z,71.07,72.86,70.98,72.79,1987634
2022-02-23T05:00:00Z,75.16,75.17,73.67,73.8,1184055
2022-02-22T05:00:00Z,74.62,75.05,73.95,74.41,1128867
2022-02-18T05:00:00Z,75.68,75.85,75.09,75.34,1022628
2022-02-17T05:00:00Z,76.28,76.33,75.61,75.64,743166
2022-02-16T05:00:00Z,76.295,77,76.235,76.86,824927
2022-02-15T05:00:00Z,76.09,76.61,76,76.57,810976
2022-02-14T05:00:00Z,75.38,75.44,74.68,75.21,994272
2022-02-11T05:00:00Z,76.8,77.1,75.465,75.67,1211262
2022-02-10T05:00:00Z,76.73,77.9,76.69,76.85,695995
2022-02-09T05:00:00Z,77.64,77.85,77.54,77.85,727753
2022-02-08T05:00:00Z,76.19,76.685,76,76.6,538194
2022-02-07T05:00:00Z,76.16,76.59,76.06,76.2,551360
2022-02-04T05:00:00Z,75.76,76.415,75.52,76.09,757628
2022-02-03T05:00:00Z,76.375,76.64,75.88,75.92,1286207
2022-02-02T05:00:00Z,77.155,77.19,76.74,77.13,1450919
2022-02-01T05:00:00Z,76.27,76.54,75.76,76.54,1483532
2022-01-31T05:00:00Z,74.72,75.85,74.7,75.835,1396745
2022-01-28T05:00:00Z,73.94,74.73,73.535,74.73,1234913
2022-01-27T05:00:00Z,75,75.31,74.19,74.48,851142
2022-01-26T05:00:00Z,76.03,76.06,74.46,74.84,966105
2022-01-25T05:00:00Z,74.69,75.62,74.135,75.09,776656
2022-01-24T05:00:00Z,74.905,75.61,73.55,75.605,1900517
2022-01-21T05:00:00Z,77.12,77.235,76.33,76.33,1363765
2022-01-20T05:00:00Z,78.05,78.44,77.29,77.38,864605
2022-01-19T05:00:00Z,78.23,78.37,77.71,77.79,797404
2022-01-18T05:00:00Z,78.105,78.25,77.66,77.84,833670
2022-01-14T05:00:00Z,78.76,79.14,78.505,78.975,762002
2022-01-13T05:00:00Z,79.905,79.93,78.99,79.07,696200
2022-01-12T05:00:00Z,79.37,79.72,79.32,79.65,769833
2022-01-11T05:00:00Z,78.04,78.92,77.88,78.9,628797
2022-01-10T05:00:00Z,77.89,78.09,77.37,78.06,1005335
2022-01-07T05:00:00Z,78.5,78.885,78.21,78.78,820278
2022-01-06T05:00:00Z,78.68,78.92,78.33,78.55,725962
2022-01-05T05:00:00Z,79.95,80.03,78.97,78.97,598179
2022-01-04T05:00:00Z,79.68,79.87,79.43,79.6,711220
2022-01-03T05:00:00Z,79.13,79.205,78.78,79.205,816851
2021-12-31T05:00:00Z,78.805,79.07,78.635,78.74,732622
2021-12-30T05:00:00Z,79.03,79.12,78.695,78.72,679025
2021-12-29T05:00:00Z,79.05,79.22,78.935,79.13,288514
2021-12-28T05:00:00Z,79.2,79.385,79.115,79.16,667521
2021-12-27T05:00:00Z,78.56,79.1,78.55,79.1,452856
2021-12-23T05:00:00Z,78.15,78.68,78.14,78.515,788275
2021-12-22T05:00:00Z,77.21,78.1,77.2,78.07,630819
2021-12-21T05:00:00Z,76.84,77.37,76.79,77.37,611184
2021-12-20T05:00:00Z,76.19,76.53,75.995,76.485,661093
2021-12-17T05:00:00Z,77.05,77.24,76.605,76.62,863033
2021-12-16T05:00:00Z,78.025,78.05,77.44,77.665,866804
2021-12-15T05:00:00Z,76.785,77.6,76.47,77.6,1210388
2021-12-14T05:00:00Z,76.68,76.955,76.245,76.58,774775
2021-12-13T05:00:00Z,77.38,77.48,76.905,76.98,559682
2021-12-10T05:00:00Z,79.05,79.14,78.775,79.06,572354
2021-12-09T05:00:00Z,79.04,79.13,78.85,78.9,701000
2021-12-08T05:00:00Z,79.48,79.67,79.32,79.565,574501
2021-12-07T05:00:00Z,78.79,79.415,78.78,79.415,664398
2021-12-06T05:00:00Z,77.55,77.915,77.29,77.79,709192
2021-12-03T05:00:00Z,77.62,77.62,76.58,77.09,614670
2021-12-02T05:00:00Z,76.84,77.59,76.83,77.4,1101299
2021-12-01T05:00:00Z,77.89,78.25,76.39,76.39,981948
2021-11-30T05:00:00Z,77.35,77.58,76.175,76.925,1149281
2021-11-29T05:00:00Z,77.75,77.805,77.21,77.54,575272
2021-11-26T05:00:00Z,77.7,77.805,76.87,77.15,771051
2021-11-24T05:00:00Z,78.665,79.27,78.65,79.26,526448
2021-11-23T05:00:00Z,79.71,79.97,79.37,79.795,553984
2021-11-22T05:00:00Z,80.23,80.46,79.85,79.87,449941
2021-11-19T05:00:00Z,80.605,80.67,80.3,80.37,511720
2021-11-18T05:00:00Z,80.94,81.065,80.65,81.05,513917
2021-11-17T05:00:00Z,80.89,81.01,80.8,80.94,329203
2021-11-16T05:00:00Z,81.22,81.285,81.03,81.07,315387
2021-11-15T05:00:00Z,81.58,81.59,81.18,81.24,313026
2021-11-12T05:00:00Z,81.23,81.435,81.11,81.39,367304
2021-11-11T05:00:00Z,81.08,81.145,80.915,80.945,248951
2021-11-10T05:00:00Z,81.31,81.435,80.555,80.64,501728
2021-11-09T05:00:00Z,81.87,81.92,81.41,81.635,438626
2021-11-08T05:00:00Z,81.86,82,81.735,81.825,349429
2021-11-05T04:00:00Z,81.69,81.82,81.49,81.82,510211
2021-11-04T04:00:00Z,81.53,81.66,81.35,81.65,383316
2021-11-03T04:00:00Z,81.09,81.785,80.965,81.75,435544
2021-11-02T04:00:00Z,81.03,81.21,80.985,81.1,266139
2021-11-01T04:00:00Z,80.94,81.295,80.795,81.275,508953
2021-10-29T04:00:00Z,80.28,80.55,80.2,80.49,541875
2021-10-28T04:00:00Z,80.56,81.015,80.56,80.95,504493
2021-10-27T04:00:00Z,80.51,80.62,80.165,80.175,381056
2021-10-26T04:00:00Z,80.805,80.825,80.405,80.525,415810
2021-10-25T04:00:00Z,80.275,80.475,80.095,80.34,388155
2021-10-22T04:00:00Z,80.465,80.66,80.19,80.5,428182
2021-10-21T04:00:00Z,79.91,80.14,79.845,80.015,529022
2021-10-20T04:00:00Z,80.16,80.49,80.12,80.4,311279
2021-10-19T04:00:00Z,79.96,80.225,79.915,80.11,410444
2021-10-18T04:00:00Z,79.375,79.675,79.25,79.63,383292
2021-10-15T04:00:00Z,79.77,79.985,79.69,79.975,443880
2021-10-14T04:00:00Z,79.3,79.39,79.125,79.34,589685
2021-10-13T04:00:00Z,78.2,78.635,78.065,78.55,316681
2021-10-12T04:00:00Z,77.87,78.03,77.645,77.76,288136
2021-10-11T04:00:00Z,78.16,78.405,77.72,77.72,456698
2021-10-08T04:00:00Z,78.2,78.21,77.845,77.97,423963
2021-10-07T04:00:00Z,77.805,78.305,77.805,77.99,331608
2021-10-06T04:00:00Z,76.66,77.43,76.44,77.41,517941
2021-10-05T04:00:00Z,77.55,78.19,77.48,77.93,493969
2021-10-04T04:00:00Z,77.93,78.025,77.11,77.42,437485
2021-10-01T04:00:00Z,78.095,78.36,77.53,78.22,575177
2021-09-30T04:00:00Z,78.38,78.51,77.85,78.01,544747
2021-09-29T04:00:00Z,78.71,78.72,78.255,78.33,556071
2021-09-28T04:00:00Z,79.04,79.075,78.25,78.49,565744
2021-09-27T04:00:00Z,80.1,80.325,79.975,80.24,262892
2021-09-24T04:00:00Z,80.2,80.49,80.185,80.275,514254
2021-09-23T04:00:00Z,80.8,81.21,80.79,81.055,533808
2021-09-22T04:00:00Z,80.165,80.785,80.13,80.21,419771
2021-09-21T04:00:00Z,80.065,80.185,79.68,79.81,428629
2021-09-20T04:00:00Z,78.74,79.17,78.335,79.01,638295
2021-09-17T04:00:00Z,81.04,81.21,80.24,80.485,667745
2021-09-16T04:00:00Z,81.35,81.585,81.14,81.58,334650
2021-09-15T04:00:00Z,81.4,81.7,81.22,81.7,532594
2021-09-14T04:00:00Z,82.03,82.035,81.385,81.445,223693
2021-09-13T04:00:00Z,81.93,81.93,81.53,81.8,316928
2021-09-10T04:00:00Z,81.93,81.965,81.14,81.16,701325
2021-09-09T04:00:00Z,81.46,81.75,81.275,81.355,296866
2021-09-08T04:00:00Z,81.78,81.92,81.35,81.49,423790
2021-09-07T04:00:00Z,82.2,82.28,82.09,82.11,302814
2021-09-03T04:00:00Z,81.895,82.175,81.715,82.075,265200
2021-09-02T04:00:00Z,81.71,81.875,81.615,81.71,202525
2021-09-01T04:00:00Z,81.23,81.59,81.22,81.355,566747
2021-08-31T04:00:00Z,80.79,80.82,80.5,80.61,473561
2021-08-30T04:00:00Z,80.69,80.795,80.565,80.695,108107
2021-08-27T04:00:00Z,79.995,80.76,79.97,80.725,293026
2021-08-26T04:00:00Z,80.11,80.23,79.865,79.96,190792
2021-08-25T04:00:00Z,80.185,80.465,80.165,80.385,267773
2021-08-24T04:00:00Z,80.17,80.48,80.09,80.37,279927
2021-08-23T04:00:00Z,79.915,80.27,79.86,80.18,368145
2021-08-20T04:00:00Z,78.91,79.47,78.84,79.45,208903
2021-08-19T04:00:00Z,78.875,79.345,78.855,79.14,598911
2021-08-18T04:00:00Z,80.215,80.51,79.92,79.93,222931
2021-08-17T04:00:00Z,80.225,80.415,79.89,80.245,440275
2021-08-16T04:00:00Z,80.795,80.995,80.545,80.99,377757
2021-08-13T04:00:00Z,81.19,81.44,81.13,81.44,311836
2021-08-12T04:00:00Z,80.84,80.96,80.68,80.915,223724
2021-08-11T04:00:00Z,80.93,81.04,80.76,80.985,325722
2021-08-10T04:00:00Z,80.23,80.44,80.23,80.44,203847
2021-08-09T04:00:00Z,80.255,80.375,80.18,80.255,84703
2021-08-06T04:00:00Z,80.44,80.51,80.185,80.31,189938
2021-08-05T04:00:00Z,80.585,80.7,80.53,80.62,237882
2021-08-04T04:00:00Z,80.495,80.615,80.2,80.235,253877
2021-08-03T04:00:00Z,80.25,80.48,79.92,80.48,275390
2021-08-02T04:00:00Z,80.16,80.27,79.745,79.88,278437
2021-07-30T04:00:00Z,79.6,79.825,79.37,79.5,382393
2021-07-29T04:00:00Z,80.02,80.115,79.89,79.9,413678
2021-07-28T04:00:00Z,79.03,79.48,78.935,79.38,297003
2021-07-27T04:00:00Z,78.95,79.06,78.655,79.02,370662
2021-07-26T04:00:00Z,79.065,79.355,79.065,79.355,322626
2021-07-23T04:00:00Z,79.16,79.355,79.035,79.245,345241
2021-07-22T04:00:00Z,78.92,78.96,78.485,78.685,279041
2021-07-21T04:00:00Z,78,78.685,78,78.645,433241
2021-07-20T04:00:00Z,76.76,77.605,76.63,77.48,500921
2021-07-19T04:00:00Z,77.06,77.215,76.5,76.9,875812
2021-07-16T04:00:00Z,78.85,78.895,78.185,78.32,624737
2021-07-15T04:00:00Z,78.88,79.08,78.62,78.885,434592
2021-07-14T04:00:00Z,79.82,79.83,79.58,79.675,218540
2021-07-13T04:00:00Z,79.65,79.77,79.365,79.485,346936
2021-07-12T04:00:00Z,79.6,79.935,79.51,79.9,249400
2021-07-09T04:00:00Z,79.05,79.605,78.98,79.57,825673
2021-07-08T04:00:00Z,78,78.37,77.76,78.205,343363
2021-07-07T04:00:00Z,79.15,79.345,78.83,79.27,465504
2021-07-06T04:00:00Z,79.37,79.38,78.555,78.81,347194
2021-07-02T04:00:00Z,79.08,79.345,78.89,79.34,262667
2021-07-01T04:00:00Z,78.9,79.12,78.71,79.07,413670
2021-06-30T04:00:00Z,78.745,79.05,78.555,78.885,643966
2021-06-29T04:00:00Z,79.635,79.67,79.395,79.49,200204
2021-06-28T04:00:00Z,79.72,79.75,79.365,79.47,532400
2021-06-25T04:00:00Z,80,80.045,79.835,80.01,188246
2021-06-24T04:00:00Z,79.66,79.84,79.6,79.825,400671
2021-06-23T04:00:00Z,79.47,79.53,78.935,79.06,358125
2021-06-22T04:00:00Z,79.225,79.745,79.155,79.56,242011
2021-06-21T04:00:00Z,78.88,79.59,78.77,79.555,360616
2021-06-18T04:00:00Z,78.72,78.905,78.44,78.52,770626
2021-06-17T04:00:00Z,80.24,80.385,79.81,80.175,506076
2021-06-16T04:00:00Z,81.28,81.395,80.48,80.71,313052
2021-06-15T04:00:00Z,81.21,81.265,81.095,81.26,274193
2021-06-14T04:00:00Z,80.92,81.13,80.885,81.13,232005
2021-06-11T04:00:00Z,80.91,81.04,80.705,80.99,245771
2021-06-10T04:00:00Z,80.7,80.92,80.59,80.8,367794
2021-06-09T04:00:00Z,81.9,81.925,81.615,81.68,370098
2021-06-08T04:00:00Z,82.06,82.1,81.79,81.92,330503
2021-06-07T04:00:00Z,81.88,81.985,81.765,81.96,454800
2021-06-04T04:00:00Z,81.525,81.73,81.41,81.71,317022
2021-06-03T04:00:00Z,80.965,81.08,80.75,80.98,350974
2021-06-02T04:00:00Z,81.23,81.5,81.165,81.395,206075
2021-06-01T04:00:00Z,81.47,81.47,81.03,81.12,414738
2021-05-28T04:00:00Z,80.825,81.14,80.8,80.8,412670
2021-05-27T04:00:00Z,80.64,80.78,80.41,80.625,383730
2021-05-26T04:00:00Z,80.44,80.62,80.37,80.48,314957
2021-05-25T04:00:00Z,80.775,80.84,80.415,80.56,244931
2021-05-24T04:00:00Z,80.22,80.615,80.195,80.51,232391
2021-05-21T04:00:00Z,80.17,80.205,79.76,80.07,684732
2021-05-20T04:00:00Z,79.44,80.035,79.39,79.925,371973
2021-05-19T04:00:00Z,78.59,79.185,78.22,78.88,616958
2021-05-18T04:00:00Z,80.03,80.06,79.6,79.62,442139
2021-05-17T04:00:00Z,79.1,79.42,79.045,79.41,373910
2021-05-14T04:00:00Z,78.99,79.64,78.965,79.595,390063
2021-05-13T04:00:00Z,77.67,78.415,77.67,78.255,659020
2021-05-12T04:00:00Z,78.38,78.73,77.515,77.685,761418
2021-05-11T04:00:00Z,78.52,79.1,78.42,78.965,830740
2021-05-10T04:00:00Z,80.67,80.67,79.93,79.98,407929
2021-05-07T04:00:00Z,79.61,80.445,79.59,80.42,464043
2021-05-06T04:00:00Z,78.93,79.525,78.71,79.515,382822
2021-05-05T04:00:00Z,78.66,79.025,78.5,78.89,365496
2021-05-04T04:00:00Z,78.15,78.3,77.415,77.8,655398
2021-05-03T04:00:00Z,78.745,79.05,78.58,78.99,412305
2021-04-30T04:00:00Z,78.62,78.745,77.84,78.095,515108
2021-04-29T04:00:00Z,79.365,79.375,78.62,79.11,403687
2021-04-28T04:00:00Z,78.825,79.25,78.78,79.07,260528
2021-04-27T04:00:00Z,78.765,78.93,78.65,78.89,193744
2021-04-26T04:00:00Z,79.09,79.225,79.015,79.15,349298
2021-04-23T04:00:00Z,78.56,79.22,78.535,79.085,296052
2021-04-22T04:00:00Z,78.675,78.77,78.14,78.29,307668
2021-04-21T04:00:00Z,77.6,78.555,77.6,78.555,335622
2021-04-20T04:00:00Z,78.25,78.315,77.56,77.74,759611
2021-04-19T04:00:00Z,79.41,79.41,78.94,79.15,423326
2021-04-16T04:00:00Z,79.02,79.31,78.9,79.29,343228
2021-04-15T04:00:00Z,78.55,78.735,78.485,78.73,445556
2021-04-14T04:00:00Z,78.11,78.35,78.01,78.065,281417
2021-04-13T04:00:00Z,77.68,78.03,77.63,78.02,289234
2021-04-12T04:00:00Z,77.67,77.725,77.45,77.575,286437
2021-04-09T04:00:00Z,77.695,78.03,77.69,78.025,366454
2021-04-08T04:00:00Z,77.67,77.865,77.52,77.77,375101
2021-04-07T04:00:00Z,77.19,77.41,77.12,77.315,212426
2021-04-06T04:00:00Z,77.055,77.26,76.97,77.17,436641
2021-04-05T04:00:00Z,77.495,78.05,77.38,78,608257
2021-04-01T04:00:00Z,76.265,76.93,76.225,76.835,627284
2021-03-31T04:00:00Z,75.88,76.225,75.83,75.84,722661
2021-03-30T04:00:00Z,75.93,76.265,75.81,76.2,293470
2021-03-29T04:00:00Z,76.13,76.43,75.925,76.29,353318
2021-03-26T04:00:00Z,75.905,76.62,75.905,76.605,997146
2021-03-25T04:00:00Z,75.02,75.66,74.85,75.62,475884
2021-03-24T04:00:00Z,75.23,75.585,75.06,75.06,433676
2021-03-23T04:00:00Z,75.945,76.08,75.35,75.465,428222
2021-03-22T04:00:00Z,76.31,76.685,76.245,76.5,456697
2021-03-19T04:00:00Z,76.21,76.51,75.775,76.425,854927
2021-03-18T04:00:00Z,76.56,77.05,76.21,76.22,428160
2021-03-17T04:00:00Z,76.21,76.995,76.135,76.91,371398
2021-03-16T04:00:00Z,76.52,76.58,76.345,76.46,416133
2021-03-15T04:00:00Z,76.2,76.355,75.73,76.345,387402
2021-03-12T05:00:00Z,75.68,76.305,75.665,76.295,437089
2021-03-11T05:00:00Z,75.91,76.21,75.755,76.1,456024
2021-03-10T05:00:00Z,75.7,75.785,75.335,75.705,373841
2021-03-09T05:00:00Z,75.18,75.51,75.075,75.36,525088
2021-03-08T05:00:00Z,74.32,74.89,74.16,74.36,352723
2021-03-05T05:00:00Z,74.6,74.745,73.58,74.67,544309
2021-03-04T05:00:00Z,74.91,75.215,73.745,74.13,595795
2021-03-03T05:00:00Z,75.11,75.41,74.755,74.835,507330
2021-03-02T05:00:00Z,75.35,75.57,75.115,75.35,420524
2021-03-01T05:00:00Z,74.91,75.46,74.88,75.435,441509
2021-02-26T05:00:00Z,74.85,74.85,73.99,74.01,805832
2021-02-25T05:00:00Z,76.515,76.67,74.95,75.07,967047
2021-02-24T05:00:00Z,75.66,76.445,75.47,76.36,480676
2021-02-23T05:00:00Z,75.94,76.35,75.305,76.14,466320
2021-02-22T05:00:00Z,76.05,76.52,75.97,76.055,414214
2021-02-19T05:00:00Z,76.31,76.585,76.15,76.27,281945
2021-02-18T05:00:00Z,75.875,76.075,75.49,76.015,448620
2021-02-17T05:00:00Z,76.3,76.525,76.02,76.43,475851
2021-02-16T05:00:00Z,77.01,77.165,76.775,76.88,690659
2021-02-12T05:00:00Z,75.695,76.345,75.675,76.325,401945
2021-02-11T05:00:00Z,75.825,75.9,75.5,75.88,277592
2021-02-10T05:00:00Z,75.87,75.92,75.125,75.325,434561
2021-02-09T05:00:00Z,75.33,75.69,75.26,75.605,376584
2021-02-08T05:00:00Z,75.32,75.42,75.04,75.225,458677
2021-02-05T05:00:00Z,74.605,74.745,74.32,74.685,183737
2021-02-04T05:00:00Z,73.88,74.24,73.82,74.24,263321
2021-02-03T05:00:00Z,74,74.21,73.82,74.165,287357
2021-02-02T05:00:00Z,73.65,74.05,73.505,74,354368
2021-02-01T05:00:00Z,73.285,73.325,72.94,73.25,515017
2021-01-29T05:00:00Z,73.04,73.235,72.025,72.36,827658
2021-01-28T05:00:00Z,73.65,74.325,73.61,73.945,305723
2021-01-27T05:00:00Z,73.81,74.205,73.195,73.445,564091
2021-01-26T05:00:00Z,75.17,75.265,74.91,75.165,221107
2021-01-25T05:00:00Z,74.6,75.06,74.17,75.045,328602
2021-01-22T05:00:00Z,74.88,75.27,74.84,75.16,338402
2021-01-21T05:00:00Z,75.5,75.565,75.055,75.49,468457
2021-01-20T05:00:00Z,75.05,75.46,74.925,75.435,311018
2021-01-19T05:00:00Z,74.99,75.02,74.635,74.945,462690
2021-01-15T05:00:00Z,74.61,74.75,73.975,74.41,521958
2021-01-14T05:00:00Z,75.22,75.74,75.22,75.565,487159
2021-01-13T05:00:00Z,74.95,75.145,74.825,75.005,236851
2021-01-12T05:00:00Z,74.685,75.125,74.49,75.115,576247
2021-01-11T05:00:00Z,74.35,74.96,74.33,74.72,374843
2021-01-08T05:00:00Z,75.59,75.73,74.98,75.73,467253
2021-01-07T05:00:00Z,74.865,75.13,74.785,75.055,263564
2021-01-06T05:00:00Z,74.29,75.31,74.22,74.98,761552
2021-01-05T05:00:00Z,73.57,74.27,73.525,74.13,751701
2021-01-04T05:00:00Z,74.38,74.39,73.08,73.4,419921
2020-12-31T05:00:00Z,73.385,73.385,72.79,72.96,1102711
2020-12-30T05:00:00Z,73.78,74,73.48,73.515,430679
2020-12-29T05:00:00Z,73.785,73.85,73.325,73.405,485230
2020-12-28T05:00:00Z,73.11,73.145,72.85,72.965,315329
2020-12-24T05:00:00Z,72.32,72.425,72.195,72.375,245663
2020-12-23T05:00:00Z,72.18,72.435,72.115,72.33,335163
2020-12-22T05:00:00Z,71.59,71.65,71.345,71.565,512480
2020-12-21T05:00:00Z,70.92,71.89,70.68,71.755,645433
2020-12-18T05:00:00Z,73.02,73.02,72.56,72.73,667931
2020-12-17T05:00:00Z,73.18,73.27,72.98,73.065,543191
2020-12-16T05:00:00Z,72.37,72.61,72.155,72.525,285802
2020-12-15T05:00:00Z,71.83,72.31,71.705,72.305,432226
2020-12-14T05:00:00Z,71.96,72.065,71.485,71.54,681326
2020-12-11T05:00:00Z,71.94,72.185,71.75,72.155,356548
2020-12-10T05:00:00Z,71.93,72.555,71.915,72.405,377703
2020-12-09T05:00:00Z,72.63,72.64,71.85,72.31,312035
2020-12-08T05:00:00Z,71.785,72.235,71.785,72.205,191584
2020-12-07T05:00:00Z,72.04,72.215,71.785,71.94,329222
2020-12-04T05:00:00Z,72.35,72.545,72.315,72.53,259913
2020-12-03T05:00:00Z,72.065,72.265,71.81,71.95,271781
2020-12-02T05:00:00Z,71.45,71.875,71.4,71.805,339832
2020-12-01T05:00:00Z,71.335,71.845,71.3,71.785,568387
2020-11-30T05:00:00Z,71.44,71.53,70.115,70.13,918724
2020-11-27T05:00:00Z,71.41,71.765,71.38,71.73,199972
2020-11-25T05:00:00Z,70.91,71.385,70.765,71.23,322206
2020-11-24T05:00:00Z,70.9,71.37,70.835,71.335,318019
2020-11-23T05:00:00Z,70.6,70.665,70.02,70.275,323758
2020-11-20T05:00:00Z,70.135,70.44,70.055,70.34,271909
2020-11-19T05:00:00Z,69.645,70.19,69.525,70.175,420321
2020-11-18T05:00:00Z,70.14,70.345,69.675,69.675,258328
2020-11-17T05:00:00Z,69.83,70.21,69.67,70.04,343098
2020-11-16T05:00:00Z,70.075,70.14,69.715,70.1,435333
2020-11-13T05:00:00Z,68.735,69.405,68.73,69.365,570182
2020-11-12T05:00:00Z,68.73,68.965,68.17,68.31,317948
2020-11-11T05:00:00Z,69.235,69.375,69.05,69.35,280332
2020-11-10T05:00:00Z,68.72,69.115,68.56,68.75,663080
2020-11-09T05:00:00Z,69.37,69.37,68.125,68.135,751717
2020-11-06T05:00:00Z,66.315,66.48,66.095,66.22,401927
2020-11-05T05:00:00Z,65.98,66.18,65.69,66.08,752856
2020-11-04T05:00:00Z,64.13,65.045,63.845,64.51,652734
2020-11-03T05:00:00Z,63.415,64.04,63.335,63.84,418110
2020-11-02T05:00:00Z,62.08,62.23,61.77,62.21,555670
2020-10-30T04:00:00Z,61.42,61.505,60.97,61.42,1019480
2020-10-29T04:00:00Z,61.455,61.9,61.145,61.715,493145
2020-10-28T04:00:00Z,61.9,62.04,61.38,61.43,763203
2020-10-27T04:00:00Z,63.67,63.725,63.22,63.3,326338
2020-10-26T04:00:00Z,64.22,64.22,63.425,63.78,357540
2020-10-23T04:00:00Z,64.95,64.98,64.59,64.975,367085
2020-10-22T04:00:00Z,64.43,64.665,64.12,64.535,297389
2020-10-21T04:00:00Z,64.74,65.025,64.495,64.495,276064
2020-10-20T04:00:00Z,64.95,65.175,64.805,64.83,507820
2020-10-19T04:00:00Z,65.105,65.165,64.425,64.485,290012
2020-10-16T04:00:00Z,64.68,65.005,64.6,64.755,400984
2020-10-15T04:00:00Z,63.95,64.5,63.925,64.435,566937
2020-10-14T04:00:00Z,65.53,65.625,65.155,65.19,224643
2020-10-13T04:00:00Z,65.51,65.51,65.21,65.335,273060
2020-10-12T04:00:00Z,65.8,66.11,65.765,66.05,189634
2020-10-09T04:00:00Z,65.52,65.715,65.43,65.68,576081
2020-10-08T04:00:00Z,65.01,65.19,64.955,65.185,370123
2020-10-07T04:00:00Z,64.63,64.8,64.5,64.745,359818
2020-10-06T04:00:00Z,64.905,64.95,64.05,64.185,329288
2020-10-05T04:00:00Z,64.41,64.87,64.4,64.865,412199
2020-10-02T04:00:00Z,63.22,64.025,63.22,63.905,537988
2020-10-01T04:00:00Z,63.99,64.045,63.65,64.015,404827
2020-09-30T04:00:00Z,63.725,64.125,63.43,63.635,827811
2020-09-29T04:00:00Z,64.03,64.225,63.72,63.975,317525
2020-09-28T04:00:00Z,63.89,64.045,63.775,64.045,430453
2020-09-25T04:00:00Z,62.315,63.095,62.155,63.075,402567
2020-09-24T04:00:00Z,62.76,63.255,62.465,62.87,410781
2020-09-23T04:00:00Z,63.83,63.875,62.87,62.93,398413
2020-09-22T04:00:00Z,63.49,63.515,62.89,63.485,422919
2020-09-21T04:00:00Z,63.5,63.54,62.8,63.485,1160602
2020-09-18T04:00:00Z,65.44,65.48,64.925,65.145,441642
2020-09-17T04:00:00Z,65.13,65.67,65.13,65.66,318058
2020-09-16T04:00:00Z,65.77,66.015,65.47,65.56,401656
2020-09-15T04:00:00Z,65.79,65.83,65.43,65.57,315152
2020-09-14T04:00:00Z,65.35,65.445,65.11,65.165,321033
2020-09-11T04:00:00Z,64.93,65.1,64.545,64.825,532637
2020-09-10T04:00:00Z,65.255,65.36,64.17,64.195,463247
2020-09-09T04:00:00Z,64.74,65.155,64.63,64.925,608080
2020-09-08T04:00:00Z,63.62,64.265,63.495,63.7,456101
2020-09-04T04:00:00Z,64.63,64.825,63.365,64.53,426630
2020-09-03T04:00:00Z,65.71,65.745,64.2,64.435,839404
2020-09-02T04:00:00Z,65.5,65.965,65.295,65.94,563134
2020-09-01T04:00:00Z,65.03,65.175,64.765,65.065,1033710
2020-08-31T04:00:00Z,65.31,65.515,64.975,64.99,426468
2020-08-28T04:00:00Z,65.38,65.505,65.08,65.49,223279
2020-08-27T04:00:00Z,65.74,65.76,64.785,65.02,372828
2020-08-26T04:00:00Z,65.34,65.745,65.27,65.685,527307
2020-08-25T04:00:00Z,65.61,65.64,64.965,65.315,554970
2020-08-24T04:00:00Z,65.395,65.395,65.005,65.265,328255
2020-08-21T04:00:00Z,64.01,64.43,63.98,64.425,483568
2020-08-20T04:00:00Z,64.35,64.855,64.305,64.75,863991
2020-08-19T04:00:00Z,65.54,65.615,64.935,64.985,389279
2020-08-18T04:00:00Z,65.54,65.615,65.08,65.265,504044
2020-08-17T04:00:00Z,65.11,65.315,65.11,65.275,281064
2020-08-14T04:00:00Z,64.71,64.935,64.625,64.815,357811
2020-08-13T04:00:00Z,65.43,65.575,65.015,65.195,675591
2020-08-12T04:00:00Z,65.35,65.76,65.265,65.52,1214550
2020-08-11T04:00:00Z,64.94,64.965,64.04,64.085,660573
2020-08-10T04:00:00Z,63.72,63.85,63.5,63.845,206936
2020-08-07T04:00:00Z,63.28,63.63,63.22,63.615,469589
2020-08-06T04:00:00Z,63.575,63.985,63.405,63.905,439337
2020-08-05T04:00:00Z,64.055,64.255,63.735,63.825,523115
2020-08-04T04:00:00Z,63,63.61,62.975,63.61,332915
2020-08-03T04:00:00Z,62.65,63.265,62.56,63.26,422435
2020-07-31T04:00:00Z,63.01,63.01,61.665,62.05,1211627
2020-07-30T04:00:00Z,62.82,63.5,62.335,63.425,846419
2020-07-29T04:00:00Z,63.93,64.45,63.845,64.345,275854
2020-07-28T04:00:00Z,63.77,64.035,63.65,63.69,269813
2020-07-27T04:00:00Z,63.86,64.195,63.82,64.085,665980
