2024-06-14T04:00:00Z,129.39,130.89,124.31,124.58,100016
2024-06-13T04:00:00Z,133.98,134.69,128.77,129.79,97420
2024-06-12T04:00:00Z,139.7,141.01,133.17,134.57,131186
2024-06-11T04:00:00Z,130,132.8,126.37,132.41,61189
2024-06-10T04:00:00Z,123.29,131.17,122.32,130.7,91954
2024-06-07T04:00:00Z,128.845,130.29,122.475,122.71,105226
2024-06-06T04:00:00Z,130.6,132.43,130.13,132.32,43380
2024-06-05T04:00:00Z,131.17,134.86,129.34,133.19,59177
2024-06-04T04:00:00Z,127.29,132.13,126,129.72,82790
2024-06-03T04:00:00Z,130.36,131.59,127.045,127.565,65761
2024-05-31T04:00:00Z,131.825,133.83,125.35,127.98,91900
2024-05-30T04:00:00Z,127.765,133.2,127.765,130.725,109149
2024-05-29T04:00:00Z,125.29,128.75,124.96,125.7,191214
2024-05-28T04:00:00Z,128.92,131.08,127.3,129.42,141227
2024-05-24T04:00:00Z,118.245,127.475,118.245,125.14,167511
2024-05-23T04:00:00Z,121.59,121.84,116.17,117.415,176675
2024-05-22T04:00:00Z,112.05,124.69,111.74,121.215,271302
2024-05-21T04:00:00Z,112.19,113.17,110.975,111.5,134147
2024-05-20T04:00:00Z,114.08,114.08,110.78,113.36,88872
2024-05-17T04:00:00Z,116.59,117.99,113.755,114.36,68354
2024-05-16T04:00:00Z,117.46,117.92,114.155,116.885,69465
2024-05-15T04:00:00Z,120.565,121.28,114.08,115.47,108898
2024-05-14T04:00:00Z,114.855,121.115,113.165,117.1,152836
2024-05-13T04:00:00Z,109.365,113.415,109.05,110.86,52222
2024-05-10T04:00:00Z,113.065,113.37,107.53,108.31,79226
2024-05-09T04:00:00Z,110.58,111.94,108.55,111.095,84173
2024-05-08T04:00:00Z,111.82,115.275,111.82,112.23,70489
2024-05-07T04:00:00Z,115.245,118.565,113.55,114.99,81858
2024-05-06T04:00:00Z,114.09,117.41,114.09,115.08,110295
2024-05-03T04:00:00Z,111.65,117.15,110.8,114.26,301406
2024-05-02T04:00:00Z,107.68,107.68,102.39,106.11,154669
2024-05-01T04:00:00Z,109.42,110.84,105.11,105.15,248288
2024-04-30T04:00:00Z,111.67,111.89,108.71,108.75,92628
2024-04-29T04:00:00Z,112.61,115.4,111.28,113.86,99132
2024-04-26T04:00:00Z,110.6,115.345,109.55,111.89,189825
2024-04-25T04:00:00Z,104.66,108.49,98.54,107.86,313079
2024-04-24T04:00:00Z,111.07,117.93,105.97,107.11,406276
2024-04-23T04:00:00Z,109.825,116.03,109.72,113.46,182438
2024-04-22T04:00:00Z,107.115,110.795,105.72,110.5,145332
2024-04-19T04:00:00Z,108.47,109.58,106.04,106.55,131770
2024-04-18T04:00:00Z,111.145,113.11,106.88,109.17,129270
2024-04-17T04:00:00Z,110.38,114.19,108.7,112.075,156769
2024-04-16T04:00:00Z,110.35,112.2,108.81,110.45,88278
2024-04-15T04:00:00Z,116.05,117.26,111.82,112.46,106068
2024-04-12T04:00:00Z,121.67,123.35,116.385,117.05,85102
2024-04-11T04:00:00Z,120.965,124.43,117.8,121.69,115975
2024-04-10T04:00:00Z,115.935,120,113.06,119.53,193269
2024-04-09T04:00:00Z,116.35,122.02,115.83,121.96,103209
2024-04-08T04:00:00Z,112.6,116.44,112.6,115.28,99691
2024-04-05T04:00:00Z,113.605,117.53,112.275,112.275,219570
2024-04-04T04:00:00Z,121.315,127.43,120,120.77,228614
2024-04-03T04:00:00Z,111.8,118.66,111.22,118.62,127358
2024-04-02T04:00:00Z,115.2,115.71,112.49,113.53,151855
2024-04-01T04:00:00Z,121.19,122.92,117.64,118.22,55751
2024-03-28T04:00:00Z,120.33,124.38,119.51,120.98,79266
2024-03-27T04:00:00Z,111.32,120.06,111.22,119.83,180698
2024-03-26T04:00:00Z,112.745,112.745,109.265,109.35,90372
2024-03-25T04:00:00Z,114.195,116.31,110.97,111.19,81784
2024-03-22T04:00:00Z,114.95,115.15,112.44,114.69,52794
2024-03-21T04:00:00Z,114.51,118.53,114.14,115.39,83459
2024-03-20T04:00:00Z,108.94,115.31,108.45,113.66,110644
2024-03-19T04:00:00Z,109.35,110.78,108.41,109.12,87131
2024-03-18T04:00:00Z,107.9,112.845,106.54,111.19,94511
2024-03-15T04:00:00Z,108.2,110.68,106.55,107.76,148194
2024-03-14T04:00:00Z,117.45,117.45,109.32,110.35,224342
2024-03-13T04:00:00Z,118.76,121.17,116.41,118.16,125352
2024-03-12T04:00:00Z,127.5,127.63,119.07,121,118461
2024-03-11T04:00:00Z,131.99,133.41,128.21,128.75,97164
2024-03-08T05:00:00Z,132.515,135.27,129.45,130.35,107015
2024-03-07T05:00:00Z,126.47,131.2,126.29,129.7,111974
2024-03-06T05:00:00Z,127.32,129.63,121.28,125.41,87903
2024-03-05T05:00:00Z,121.75,126.35,120.42,125.15,113837
2024-03-04T05:00:00Z,130.245,130.84,123.075,123.96,84746
2024-03-01T05:00:00Z,126.53,130.83,123.54,129.655,98825
2024-02-29T05:00:00Z,123.365,129.66,123.12,126.99,146322
2024-02-28T05:00:00Z,120.96,121.975,118.145,119.17,133271
2024-02-27T05:00:00Z,121.71,122.4,119.05,121.13,88487
2024-02-26T05:00:00Z,118.65,122.39,117.9,119.83,100432
2024-02-23T05:00:00Z,123.55,124.08,117.79,118.23,138239
2024-02-22T05:00:00Z,127.6,127.6,122.78,123.42,137455
2024-02-21T05:00:00Z,121.645,126.565,121.435,126.19,156632
2024-02-20T05:00:00Z,129.22,131.44,125.77,127.58,178942
2024-02-16T05:00:00Z,133.89,137.485,131.81,131.86,137331
2024-02-15T05:00:00Z,135.61,138.09,133.66,136.44,199437
2024-02-14T05:00:00Z,127.18,131.77,124.485,131.67,120761
2024-02-13T05:00:00Z,119.64,125.215,119.64,123.59,150585
2024-02-12T05:00:00Z,123.34,132.66,123.33,128.88,218743
2024-02-09T05:00:00Z,117.695,124.52,117.46,122.45,146657
2024-02-08T05:00:00Z,117.68,120.79,114.4,117.01,207756
2024-02-07T05:00:00Z,120.25,124.05,114.79,117.51,488430
2024-02-06T05:00:00Z,97.04,101.065,95.87,100.52,258513
2024-02-05T05:00:00Z,98.83,98.83,93.52,97.81,203998
2024-02-02T05:00:00Z,102.65,102.65,98.935,101.75,140592
2024-02-01T05:00:00Z,106.56,109.825,102.8,105.43,194371
2024-01-31T05:00:00Z,105.25,111.9,104.08,104.1,212056
2024-01-30T05:00:00Z,107.08,110.95,106.27,106.36,104788
2024-01-29T05:00:00Z,105.09,109.415,103.47,109.18,91764
2024-01-26T05:00:00Z,107.72,109.36,104.99,105.33,73354
2024-01-25T05:00:00Z,109.52,109.99,103.78,106.84,141575
2024-01-24T05:00:00Z,113.7,114.43,108.05,108.08,123679
2024-01-23T05:00:00Z,113.315,114.79,108.69,111.33,167984
2024-01-22T05:00:00Z,106.76,114.9,105.85,107.15,197381
2024-01-19T05:00:00Z,106.135,106.47,101.58,103.56,184822
2024-01-18T05:00:00Z,105.61,107.385,103.78,106.705,136221
2024-01-17T05:00:00Z,104.38,107.095,104.125,105.52,127367
2024-01-16T05:00:00Z,108.775,109.86,107.33,108.73,187904
2024-01-12T05:00:00Z,115.525,117.14,109.765,110.16,129492
2024-01-11T05:00:00Z,115.77,115.925,110.83,114.25,131474
2024-01-10T05:00:00Z,116.92,117.61,114.1,117.52,130386
2024-01-09T05:00:00Z,113.73,118.03,113.16,117.09,65475
2024-01-08T05:00:00Z,118.195,118.195,115.545,116,103314
2024-01-05T05:00:00Z,114.95,119.87,114.81,115.38,150206
2024-01-04T05:00:00Z,120.24,121.36,117.6,118.06,125098
2024-01-03T05:00:00Z,126.9,126.9,119.63,122.62,180468
2024-01-02T05:00:00Z,130.375,135.56,128.84,131.165,76704
2023-12-29T05:00:00Z,133.9,135.81,131.94,132.17,82683
2023-12-28T05:00:00Z,134.995,136.99,133.77,134.82,61025
2023-12-27T05:00:00Z,137.76,138.28,135.1,135.675,98126
2023-12-26T05:00:00Z,134.26,139.45,134.215,137.35,91192
2023-12-22T05:00:00Z,135.61,136.825,132.09,134.02,144805
2023-12-21T05:00:00Z,131.18,134.47,129.41,133.89,118459
2023-12-20T05:00:00Z,134.23,135.965,127.9,127.98,254645
2023-12-19T05:00:00Z,127,136.18,126.175,135.34,361438
2023-12-18T05:00:00Z,121.21,125.74,120.88,124.01,150531
2023-12-15T05:00:00Z,125.735,126.13,120.83,123.975,194384
2023-12-14T05:00:00Z,114.245,123.73,114.1,120.25,567617
2023-12-13T05:00:00Z,95.39,108.025,95.39,107.74,265057
2023-12-12T05:00:00Z,102.48,102.48,96.825,99.79,187848
2023-12-11T05:00:00Z,100.61,105.09,100.51,103.53,111631
2023-12-08T05:00:00Z,107.33,108.245,101.825,102.985,137819
2023-12-07T05:00:00Z,107.1,108.58,106.37,107.14,80741
2023-12-06T05:00:00Z,110.77,110.81,106.52,106.75,140938
2023-12-05T05:00:00Z,107.98,111.74,107.02,109.99,102522
2023-12-04T05:00:00Z,107.8,110.25,107.09,108.87,105562
2023-12-01T05:00:00Z,100.13,106.73,99.065,106.515,105479
2023-11-30T05:00:00Z,101.435,101.875,98.73,101.02,108081
2023-11-29T05:00:00Z,101.945,103.07,99.65,100.99,95656
2023-11-28T05:00:00Z,96.79,100.93,95.84,99.1,179904
2023-11-27T05:00:00Z,98.95,99.78,96.82,97.78,107922
2023-11-24T05:00:00Z,99.71,100.81,97.65,100.2,66207
2023-11-22T05:00:00Z,99.875,101.815,98.84,100.21,172941
2023-11-21T05:00:00Z,97.96,98.8,96.71,98.32,150123
2023-11-20T05:00:00Z,93.44,98.76,91.74,98.51,177440
2023-11-17T05:00:00Z,91.18,92.84,88.7,92.84,79731
2023-11-16T05:00:00Z,92.29,93.925,88.84,90.67,101682
2023-11-15T05:00:00Z,92.69,98.39,92.09,92.83,295134
2023-11-14T05:00:00Z,83.31,91.66,83.31,91.41,430145
2023-11-13T05:00:00Z,77.32,79.11,76.09,78.49,75326
2023-11-10T05:00:00Z,74.055,78.02,73.6,77.965,101612
2023-11-09T05:00:00Z,77.615,78.77,75.37,75.6,128365
2023-11-08T05:00:00Z,78.725,79.18,76.9,76.935,113738
2023-11-07T05:00:00Z,77.36,79.28,76.74,78.89,86234
2023-11-06T05:00:00Z,82.03,82.15,76.37,78.19,85856
2023-11-03T04:00:00Z,81.6,83.53,79.03,80.82,243809
2023-11-02T04:00:00Z,76.91,82.42,76.32,78.9,306620
2023-11-01T04:00:00Z,79.225,79.53,74.73,76.74,323035
2023-10-31T04:00:00Z,78.98,80.75,78.27,79.54,226544
2023-10-30T04:00:00Z,82.17,84.49,76.07,78.63,482794
2023-10-27T04:00:00Z,82.1,84.76,79.55,82.15,699921
2023-10-26T04:00:00Z,94.47,99.31,93.21,96.035,257281
2023-10-25T04:00:00Z,93.44,95.3,90.64,94.34,192799
2023-10-24T04:00:00Z,97.25,97.3,94.36,94.84,186126
2023-10-23T04:00:00Z,97.2,99.99,95.62,96.28,206712
2023-10-20T04:00:00Z,99.265,103.92,97.305,98.885,433940
2023-10-19T04:00:00Z,121.01,122.59,115.58,115.87,215841
2023-10-18T04:00:00Z,127.845,127.845,122.99,123.82,117133
2023-10-17T04:00:00Z,124.685,132.095,124.685,129.19,182284
2023-10-16T04:00:00Z,121.36,128.16,121.36,126.95,88901
2023-10-13T04:00:00Z,123.76,125.78,121.96,123.79,143184
2023-10-12T04:00:00Z,127.04,127.33,122.92,124.58,99346
2023-10-11T04:00:00Z,127.66,131.83,126.22,128.61,102548
2023-10-10T04:00:00Z,119.78,127.8,119.48,125.77,201228
2023-10-09T04:00:00Z,117.97,120.1,116.315,119.75,85943
2023-10-06T04:00:00Z,113.24,119.56,112.53,119.15,114830
2023-10-05T04:00:00Z,116.85,117.57,112.49,116.02,203848
2023-10-04T04:00:00Z,115.04,120.01,113.07,117.26,159991
2023-10-03T04:00:00Z,114.69,116.09,111.52,114.16,130720
2023-10-02T04:00:00Z,119.3,120.63,116.28,116.84,82803
2023-09-29T04:00:00Z,122.055,124.43,119.16,120.15,103147
2023-09-28T04:00:00Z,120.67,121.65,116.405,119.96,126501
2023-09-27T04:00:00Z,120.12,122.54,118.38,120.15,127798
2023-09-26T04:00:00Z,120.08,120.19,117.65,119.15,76492
2023-09-25T04:00:00Z,119.175,123.49,118.84,121.11,83189
2023-09-22T04:00:00Z,126.27,126.27,119.42,119.97,102944
2023-09-21T04:00:00Z,124.215,125.84,122.35,124.83,123798
2023-09-20T04:00:00Z,122.28,127.445,121.38,123.88,202970
2023-09-19T04:00:00Z,119.69,124.11,119.69,122.07,140163
2023-09-18T04:00:00Z,119.04,119.04,116.9,117.17,80610
2023-09-15T04:00:00Z,121.685,122.71,119.47,120.3,86867
2023-09-14T04:00:00Z,121.24,123.355,119.9,122.3,106299
2023-09-13T04:00:00Z,122.52,122.94,118.59,119.6,76925
2023-09-12T04:00:00Z,120.625,124.345,119.67,123.4,158328
2023-09-11T04:00:00Z,122.43,124.12,120.36,122.18,89634
2023-09-08T04:00:00Z,121.645,122.14,119.58,120.2,88254
2023-09-07T04:00:00Z,120.915,122.32,118.14,122.29,95545
2023-09-06T04:00:00Z,127.305,127.685,122.1,123.02,155471
2023-09-05T04:00:00Z,127.49,130.45,127.49,127.78,49635
2023-09-01T04:00:00Z,129.08,131.775,128.045,128.64,96314
2023-08-31T04:00:00Z,129.24,129.33,126.04,126.545,71456
2023-08-30T04:00:00Z,129.845,129.845,127.08,128.1,44426
2023-08-29T04:00:00Z,125.455,129.63,124.85,129.07,141142
2023-08-28T04:00:00Z,125.31,126.37,123.93,125.35,53603
2023-08-25T04:00:00Z,122.125,125.03,121.19,124.03,85341
2023-08-24T04:00:00Z,131.09,131.09,121.83,122.31,141261
2023-08-23T04:00:00Z,128.77,131.35,127.23,130.37,100714
2023-08-22T04:00:00Z,130.86,130.99,127.44,128.31,80358
2023-08-21T04:00:00Z,130.19,132.09,129.32,130.1,56440
2023-08-18T04:00:00Z,129.285,131.83,128.91,130.3,61745
2023-08-17T04:00:00Z,132.01,133.09,130.755,131.39,60154
2023-08-16T04:00:00Z,132.33,136.91,132.23,132.86,68082
2023-08-15T04:00:00Z,137.965,137.965,134.46,134.54,63502
2023-08-14T04:00:00Z,133.66,138.6,131.79,138.58,82626
2023-08-11T04:00:00Z,134.27,135.89,133.425,135.14,51586
2023-08-10T04:00:00Z,139.08,141.125,135.72,136.47,92887
2023-08-09T04:00:00Z,136.78,139.46,134.8,138.47,95275
2023-08-08T04:00:00Z,134.97,135.94,133.22,135.805,97325
2023-08-07T04:00:00Z,139.165,139.305,132.69,135.43,171484
2023-08-04T04:00:00Z,142.27,144.35,139.01,139.94,66967
2023-08-03T04:00:00Z,140.21,144.01,139.31,140.32,114698
2023-08-02T04:00:00Z,145.11,145.47,139.93,140.69,268322
2023-08-01T04:00:00Z,150.35,153.52,150,150.32,88830
2023-07-31T04:00:00Z,154.175,156.56,150.435,151.685,204550
2023-07-28T04:00:00Z,149.38,154.85,145.71,154.33,439331
2023-07-27T04:00:00Z,175.05,175.05,166.33,167.1,229646
2023-07-26T04:00:00Z,169.74,175.94,168.41,173.34,252490
2023-07-25T04:00:00Z,178.5,182.24,178.03,179.49,130482
2023-07-24T04:00:00Z,178.56,179.87,175.25,177.775,113216
2023-07-21T04:00:00Z,178.18,179.4,175.09,177.43,101031
2023-07-20T04:00:00Z,178.12,179.88,175.74,175.95,161486
2023-07-19T04:00:00Z,185.5,189.265,184.62,185.52,84517
2023-07-18T04:00:00Z,190.485,192.02,183.105,184.015,141716
2023-07-17T04:00:00Z,177.94,191.18,175.63,189.66,134556
2023-07-14T04:00:00Z,183.14,183.57,177.1,177.93,137924
2023-07-13T04:00:00Z,185.75,186.2,181.09,182.81,97177
2023-07-12T04:00:00Z,178,183.8,177.91,182.77,187378
2023-07-11T04:00:00Z,175.61,176.94,172.885,173.78,85749
2023-07-10T04:00:00Z,166.91,176.14,163.61,175.51,161802
2023-07-07T04:00:00Z,163.23,169.32,162.8,166.22,98163
2023-07-06T04:00:00Z,163,164.19,160.14,161.4,141952
2023-07-05T04:00:00Z,169.43,169.89,164.16,165.31,90626
2023-07-03T04:00:00Z,169.89,173.65,168.24,169.47,78697
2023-06-30T04:00:00Z,162.495,168.72,160,167.52,169031
2023-06-29T04:00:00Z,162.2,164.94,157.52,158.66,148242
2023-06-28T04:00:00Z,159.84,164.54,158.82,161.29,146464
2023-06-27T04:00:00Z,160.275,161.21,157.21,161.03,141631
2023-06-26T04:00:00Z,159.01,162.46,158.59,159.19,115029
2023-06-23T04:00:00Z,159.63,162.11,156.215,158.66,121120
2023-06-22T04:00:00Z,163.995,165.13,156.22,162.47,233362
2023-06-21T04:00:00Z,171.405,174,167.35,167.98,124804
2023-06-20T04:00:00Z,181.8,181.8,168.395,171.99,214313
2023-06-16T04:00:00Z,181.88,184.9,176.72,181.76,99423
2023-06-15T04:00:00Z,177.045,182.05,175.6,180.44,117523
2023-06-14T04:00:00Z,179.965,180.92,174.71,179.065,142114
2023-06-13T04:00:00Z,179.915,184.06,175.86,179.69,149262
2023-06-12T04:00:00Z,172.83,177.09,170.05,176.9,174574
2023-06-09T04:00:00Z,182.48,182.57,174.52,174.57,106650
2023-06-08T04:00:00Z,181.99,183.89,179.53,181.34,63134
2023-06-07T04:00:00Z,183.83,186.67,181.67,182.09,102683
2023-06-06T04:00:00Z,180.655,185.6,179.86,182.66,66921
2023-06-05T04:00:00Z,183.57,186.57,180.44,182.69,122057
2023-06-02T04:00:00Z,187.775,187.775,179.76,181.85,127838
2023-06-01T04:00:00Z,174.385,184.035,172.62,181.43,133855
2023-05-31T04:00:00Z,173.42,176.1,169.37,173.91,120089
2023-05-30T04:00:00Z,167.82,175.7,167.43,174.17,157049
2023-05-26T04:00:00Z,165.6,166.85,162.09,165.2,126198
2023-05-25T04:00:00Z,165.36,165.36,161.63,164.62,125245
2023-05-24T04:00:00Z,160.39,164.32,158.99,164.05,107573
2023-05-23T04:00:00Z,162.5,165.85,161.61,162.79,113370
2023-05-22T04:00:00Z,162.815,166.91,162.655,164.66,119116
2023-05-19T04:00:00Z,165.02,166.61,161.53,162.32,157143
2023-05-18T04:00:00Z,163.27,164.47,159.825,163.69,107294
2023-05-17T04:00:00Z,161.38,165.56,159.14,163.72,141471
2023-05-16T04:00:00Z,167.49,168.49,160.84,160.93,179993
2023-05-15T04:00:00Z,167.75,172.04,165.68,168.54,112043
2023-05-12T04:00:00Z,164.08,172.59,163.99,167.57,294702
2023-05-11T04:00:00Z,159.82,162.6,159.1,160.9,86699
2023-05-10T04:00:00Z,158.44,162.02,157.59,161.44,154650
2023-05-09T04:00:00Z,161.19,161.585,156.545,157.82,146319
2023-05-08T04:00:00Z,160.81,164.3,158.475,163.27,87659
2023-05-05T04:00:00Z,158.1,160.66,154.92,159.59,146232
2023-05-04T04:00:00Z,159.27,159.8,154.64,155.48,169244
2023-05-03T04:00:00Z,153.405,158.57,152.66,155.43,202625
2023-05-02T04:00:00Z,158.365,158.365,152.19,152.89,284790
2023-05-01T04:00:00Z,163.845,166.37,159.88,160.6,139005
2023-04-28T04:00:00Z,162.89,164.27,156.53,164.17,266036
2023-04-27T04:00:00Z,166.89,168.97,162.4,164.1,377843
2023-04-26T04:00:00Z,177.65,183.25,160.75,163.75,806418
2023-04-25T04:00:00Z,222.41,228.21,220.28,220.62,141040
2023-04-24T04:00:00Z,223.12,225.215,214.74,224.66,111322
2023-04-21T04:00:00Z,223.77,226.72,220.45,223.63,84414
2023-04-20T04:00:00Z,220.425,226.24,219.38,224.74,97681
2023-04-19T04:00:00Z,225.25,227.99,222.34,224.35,109999
2023-04-18T04:00:00Z,225.21,231.26,222.6,227.895,144040
2023-04-17T04:00:00Z,215.46,229.21,215.16,225.01,180552
2023-04-14T04:00:00Z,210.235,214.625,204.62,208.92,100035
2023-04-13T04:00:00Z,199.42,211.53,198.52,209.75,132265
2023-04-12T04:00:00Z,199.805,201.02,195.82,196.01,94704
2023-04-11T04:00:00Z,195,198.97,193.55,196.82,48108
2023-04-10T04:00:00Z,188.51,195.83,188.51,195.82,79016
2023-04-06T04:00:00Z,191,191.9,187.22,191.03,124728
2023-04-05T04:00:00Z,199.44,201.595,187.78,193.67,156739
2023-04-04T04:00:00Z,201.46,203.12,198.785,202.5,81672
2023-04-03T04:00:00Z,213.91,215.74,201.67,202.67,129068
2023-03-31T04:00:00Z,207.35,212.07,207.35,210.3,91848
2023-03-30T04:00:00Z,209.435,214.09,203.83,205.12,90506
2023-03-29T04:00:00Z,195.585,205.675,191.71,204.03,101770
2023-03-28T04:00:00Z,196.09,196.09,190.63,193.52,67910
2023-03-27T04:00:00Z,199.13,199.77,191.69,195.77,117412
2023-03-24T04:00:00Z,202.7,203.31,192.56,196.1,170565
2023-03-23T04:00:00Z,206.52,214.67,202.1,204.63,160217
2023-03-22T04:00:00Z,210.255,211.16,202.09,202.09,135660
2023-03-21T04:00:00Z,197.535,209.32,195.71,207.65,180586
2023-03-20T04:00:00Z,187.955,196.64,185.5,192.5,146559
2023-03-17T04:00:00Z,199.255,199.52,181.67,183.53,303438
2023-03-16T04:00:00Z,204.92,204.92,198.4,201.04,144886
2023-03-15T04:00:00Z,208.64,211.87,198.81,205.78,183571
2023-03-14T04:00:00Z,217.485,221.31,209.31,213.15,137339
2023-03-13T04:00:00Z,207.85,215.44,203.89,211.53,132640
2023-03-10T05:00:00Z,217.17,221.25,207.66,210.26,168465
2023-03-09T05:00:00Z,218.79,224.28,214.9,215.875,105140
2023-03-08T05:00:00Z,223.005,223.09,213.75,218.33,124901
2023-03-07T05:00:00Z,224.96,227.55,219.54,224.26,95286
2023-03-06T05:00:00Z,218.33,230.39,218.01,225.32,140622
2023-03-03T05:00:00Z,213.055,218.9,210.87,217.2,110198
2023-03-02T05:00:00Z,209.7,212.15,207.54,211.5,75543
2023-03-01T05:00:00Z,211.79,216.2,210.39,212.99,101013
2023-02-28T05:00:00Z,210.2,213.43,208.27,210.485,86810
2023-02-27T05:00:00Z,205,213.095,203.77,210.73,162878
2023-02-24T05:00:00Z,199.46,202.87,196.36,198.96,121915
2023-02-23T05:00:00Z,206.83,208.2,198.35,204.78,145831
2023-02-22T05:00:00Z,202.48,204.66,198.59,203.3,128604
2023-02-21T05:00:00Z,203.96,206.82,201.22,201.6,198295
2023-02-17T05:00:00Z,203.23,206.36,202.12,205,266740
2023-02-16T05:00:00Z,212.56,217.04,202.7,202.79,139910
2023-02-15T05:00:00Z,209.72,218.59,207.46,217.92,162401
2023-02-14T05:00:00Z,206.555,211.21,199.03,208.33,214473
2023-02-13T05:00:00Z,213.105,216.96,209.36,212.55,94259
2023-02-10T05:00:00Z,208.57,220.19,207.01,212.09,169519
2023-02-09T05:00:00Z,221.87,222.07,202.88,209.57,312607
2023-02-08T05:00:00Z,246.61,246.61,214.83,218.83,533365
2023-02-07T05:00:00Z,226,230.08,219.62,228.46,198634
2023-02-06T05:00:00Z,224.5,231.52,220.61,222.97,109974
2023-02-03T05:00:00Z,219.99,227.71,219.99,222.91,158028
2023-02-02T05:00:00Z,232.96,235.57,222.43,227.72,161729
2023-02-01T05:00:00Z,223.71,229.575,217,227.03,157116
2023-01-31T05:00:00Z,212.17,221.57,212.17,221.395,202044
2023-01-30T05:00:00Z,208.57,217.89,206.68,212.21,169507
2023-01-27T05:00:00Z,206.105,213.39,205.62,210.04,157465
2023-01-26T05:00:00Z,214.105,214.3,203.77,208.03,195194
2023-01-25T05:00:00Z,207.15,211.68,201.94,210.42,308705
2023-01-24T05:00:00Z,222.34,223.83,215.29,219.62,258386
2023-01-23T05:00:00Z,223.14,233.885,218.03,228.43,122561
2023-01-20T05:00:00Z,225.67,227.53,219.84,222.58,257495
2023-01-19T05:00:00Z,246.51,249.17,222.91,222.92,303316
2023-01-18T05:00:00Z,255.805,259.68,245.47,250.31,116253
2023-01-17T05:00:00Z,249.94,260.97,245.33,251.05,190357
2023-01-13T05:00:00Z,238.415,251.61,238.415,245.71,156873
2023-01-12T05:00:00Z,241.52,242.97,230.61,241.8,191868
2023-01-11T05:00:00Z,230.48,241.97,229.79,238.74,244506
2023-01-10T05:00:00Z,228.69,233.22,224.7,229.82,174049
2023-01-09T05:00:00Z,236.96,242.95,227.19,227.91,274015
2023-01-06T05:00:00Z,239.95,241.45,230.31,233.69,240784
2023-01-05T05:00:00Z,248.55,251.75,239.57,240.2,213049
2023-01-04T05:00:00Z,253.32,256.21,247.18,251.63,161149
2023-01-03T05:00:00Z,268.935,271.71,250.6,253.36,172974
2022-12-30T05:00:00Z,261.07,265.56,258.885,265,98335
2022-12-29T05:00:00Z,273.21,273.245,264.25,265.53,165028
2022-12-28T05:00:00Z,271.72,272.49,262.79,267.38,139976
2022-12-27T05:00:00Z,291.345,291.72,273.85,274.47,108930
2022-12-23T05:00:00Z,302.93,302.93,288.54,293.72,78944
2022-12-22T05:00:00Z,315.41,315.41,292.16,298.98,92538
2022-12-21T05:00:00Z,300.9,317.65,290.22,317.18,140955
2022-12-20T05:00:00Z,301.3,310.07,294.14,301.91,83663
2022-12-19T05:00:00Z,308.05,312.605,301.58,305.18,115858
2022-12-16T05:00:00Z,309.21,312.43,299.13,303.35,138711
2022-12-15T05:00:00Z,327.25,333.94,312.25,314.1,146262
2022-12-14T05:00:00Z,328.28,338.09,325.28,333.17,101185
2022-12-13T05:00:00Z,331.81,332.795,320.92,326.01,122905
2022-12-12T05:00:00Z,315.475,323.23,312.71,320.81,135236
2022-12-09T05:00:00Z,314.8,326.44,313.14,319.69,107574
2022-12-08T05:00:00Z,321.66,324.675,315.22,319.86,95747
2022-12-07T05:00:00Z,308.33,317.34,300.43,317,149889
2022-12-06T05:00:00Z,332.89,333.915,304.7,309.87,234551
2022-12-05T05:00:00Z,334.54,339.76,326.41,335.93,167743
2022-12-02T05:00:00Z,310.61,337.92,310.205,335.89,186313
2022-12-01T05:00:00Z,319.24,321.43,312.83,313.73,110649
2022-11-30T05:00:00Z,307.61,320.56,305.465,320.56,203845
2022-11-29T05:00:00Z,312.715,315.74,303.07,303.39,125658
2022-11-28T05:00:00Z,318.48,323.77,310,312.22,98539
2022-11-25T05:00:00Z,313.62,323.22,311.04,319.05,56606
2022-11-23T05:00:00Z,319.02,323.91,314.88,315.85,102000
2022-11-22T05:00:00Z,308.06,321.05,303.23,320.48,126612
2022-11-21T05:00:00Z,307.81,310.5,297.16,308.1,164182
2022-11-18T05:00:00Z,315.64,322.37,308.02,311.98,252077
2022-11-17T05:00:00Z,296.765,314.41,294.02,313.03,172775
2022-11-16T05:00:00Z,298.73,312.75,297.65,305.32,141418
2022-11-15T05:00:00Z,310.81,313.24,300.18,300.83,134941
2022-11-14T05:00:00Z,298.39,306.17,285.2,297.97,172433
2022-11-11T05:00:00Z,308.045,319.36,291.31,291.94,189969
2022-11-10T05:00:00Z,296.4,312.29,288.44,309.22,207640
2022-11-09T05:00:00Z,281.48,295.46,280.38,284.74,128832
2022-11-08T05:00:00Z,275.93,282.65,272.13,280.19,115767
2022-11-07T05:00:00Z,282.4,283.19,263.15,268.82,165110
2022-11-04T04:00:00Z,303.99,304.43,271.88,282.65,215900
2022-11-03T04:00:00Z,287.03,302.025,286.75,296.24,106378
2022-11-02T04:00:00Z,299.11,306.23,289.31,289.42,172871
2022-11-01T04:00:00Z,315.99,315.99,299.195,299.58,175685
2022-10-31T04:00:00Z,301.02,308.1,297,306.98,121679
2022-10-28T04:00:00Z,308.01,309.09,296.73,305.25,230075
2022-10-27T04:00:00Z,294.55,312.63,293.13,305.93,282970
2022-10-26T04:00:00Z,290.985,303.94,279.57,291.82,450267
2022-10-25T04:00:00Z,256.88,268.7,256.88,265.62,249573
2022-10-24T04:00:00Z,253.37,253.91,243.28,253.37,179707
2022-10-21T04:00:00Z,241.955,253.85,238.54,252.04,230586
2022-10-20T04:00:00Z,238.73,247.24,234,244.18,176343
2022-10-19T04:00:00Z,246,246.89,239.205,243.25,136090
2022-10-18T04:00:00Z,253.11,253.545,245.575,251.56,149138
2022-10-17T04:00:00Z,245.93,250.18,238.95,242.3,137867
2022-10-14T04:00:00Z,249.555,253.99,237.42,237.83,110161
2022-10-13T04:00:00Z,237.11,250.65,234.78,248.7,147531
2022-10-12T04:00:00Z,257.295,259.17,246.97,248.13,176599
2022-10-11T04:00:00Z,253.95,259.33,248.05,255.8,147797
2022-10-10T04:00:00Z,252.85,259.85,246.8,258.15,172841
2022-10-07T04:00:00Z,254.1,263.61,252.27,255.01,203374
2022-10-06T04:00:00Z,262.615,269.14,254.75,257.49,164424
2022-10-05T04:00:00Z,284.74,285.13,248.13,261.4,516679
2022-10-04T04:00:00Z,296.13,297.64,286.42,288.27,169192
2022-10-03T04:00:00Z,280.43,289.34,279.14,286.62,134485
2022-09-30T04:00:00Z,276.16,286.52,274,277.47,162806
2022-09-29T04:00:00Z,287.955,290.52,273.76,277.83,93748
2022-09-28T04:00:00Z,281.4,294.385,279.25,292.3,134476
2022-09-27T04:00:00Z,285.39,294.605,283.1,284.73,192542
2022-09-26T04:00:00Z,278.1,288.63,274,274.8,106280
2022-09-23T04:00:00Z,279.24,281.09,270.94,279.58,157562
2022-09-22T04:00:00Z,301.05,306,281.01,283.48,226608
2022-09-21T04:00:00Z,306.81,318.3,298.74,304.48,161794
2022-09-20T04:00:00Z,314.8,316.685,304.5,304.5,91041
2022-09-19T04:00:00Z,312.575,317.82,309.88,316.26,131718
2022-09-16T04:00:00Z,306.93,318.28,301.89,318.27,141819
2022-09-15T04:00:00Z,316.61,322.65,308,312.22,253817
2022-09-14T04:00:00Z,306.195,320.94,299.03,320.72,179165
2022-09-13T04:00:00Z,296.01,310.95,293.07,305.43,143529
2022-09-12T04:00:00Z,304.115,309.62,297.8,308.93,144861
2022-09-09T04:00:00Z,312.095,313.6,294.46,305.73,245955
2022-09-08T04:00:00Z,315.33,324.71,311.31,317.46,250528
2022-09-07T04:00:00Z,292.68,318.18,292.4,316.35,244098
2022-09-06T04:00:00Z,281.99,297.71,279.22,292.58,133033
2022-09-02T04:00:00Z,281.515,287.66,275.03,278.98,91609
2022-09-01T04:00:00Z,280.25,285.07,272.16,281.87,131265
2022-08-31T04:00:00Z,290.25,293.765,281.25,286.44,76500
2022-08-30T04:00:00Z,288.98,296.73,276.82,285.93,134551
2022-08-29T04:00:00Z,284.73,295.42,283.14,284.77,103036
2022-08-26T04:00:00Z,301.43,305.48,288.17,288.62,126941
2022-08-25T04:00:00Z,298.01,299.92,289.755,299.92,76759
2022-08-24T04:00:00Z,284.18,297.32,284.18,293.1,119482
2022-08-23T04:00:00Z,283.45,286.855,278.68,285.21,79849
2022-08-22T04:00:00Z,273.36,285.09,272.95,280.44,114735
2022-08-19T04:00:00Z,286.5,288.6,280.83,283.745,134189
2022-08-18T04:00:00Z,296.96,304.09,293.74,294.1,69753
2022-08-17T04:00:00Z,288.68,296.64,284.73,292.91,95492
2022-08-16T04:00:00Z,298.88,298.88,289.77,292.85,157237
2022-08-15T04:00:00Z,296.26,306.27,293.55,301.06,103185
2022-08-12T04:00:00Z,295.35,300.19,291.41,299.22,102944
2022-08-11T04:00:00Z,305.38,305.38,291.66,293.12,162626
2022-08-10T04:00:00Z,298.77,304.19,287.63,303.17,140843
2022-08-09T04:00:00Z,282.9,295.48,280.64,290.82,159504
2022-08-08T04:00:00Z,305.27,308.8,283.61,287.71,166239
2022-08-05T04:00:00Z,296.51,305.86,289.1,301.02,171744
2022-08-04T04:00:00Z,289.16,298.1,285.14,295.79,146465
2022-08-03T04:00:00Z,289.31,292.42,275.46,290.2,328039
2022-08-02T04:00:00Z,277,298.93,274.7,292.3,232264
2022-08-01T04:00:00Z,281.53,290.21,277.5,280.72,183941
2022-07-29T04:00:00Z,269.71,287.31,269.71,284.25,222654
2022-07-28T04:00:00Z,271.54,284.75,263.75,274.1,356282
2022-07-27T04:00:00Z,235.99,257.4,229.29,254.735,614658
2022-07-26T04:00:00Z,216.5,219.66,213.45,216.05,163268
2022-07-25T04:00:00Z,212.78,219.37,208.5,218.51,201135
2022-07-22T04:00:00Z,221.6,224.87,211.11,211.63,145994
2022-07-21T04:00:00Z,218.35,219.8,212.41,219.79,86407
2022-07-20T04:00:00Z,212.8,221.35,212.1,218.87,178358
2022-07-19T04:00:00Z,210.02,213.58,203.64,213.34,128395
2022-07-18T04:00:00Z,199.84,213.37,199.84,206.45,156801
2022-07-15T04:00:00Z,190.205,195.11,175,194.96,224279
2022-07-14T04:00:00Z,191.22,197.35,185.35,196.95,70367
2022-07-13T04:00:00Z,183.95,197.5,182.45,192.68,110962
2022-07-12T04:00:00Z,208.09,208.09,187.97,189.51,201456
2022-07-11T04:00:00Z,211.81,214.48,203.64,206.04,102428
2022-07-08T04:00:00Z,202.35,219.055,201.05,216.45,196200
2022-07-07T04:00:00Z,199.54,212.7,199.54,206.81,225172
2022-07-06T04:00:00Z,193.84,199.23,190.25,194.88,67096
2022-07-05T04:00:00Z,188.07,193.6,179.59,192.49,123595
2022-07-01T04:00:00Z,193.85,200.83,191.26,195.74,103468
2022-06-30T04:00:00Z,185.66,198.42,183.5,195.32,195864
2022-06-29T04:00:00Z,185.83,186.54,178.78,184.74,183001
2022-06-28T04:00:00Z,205.02,206.61,189.44,190.7,137242
2022-06-27T04:00:00Z,201.37,209.9,200.105,206.28,150314
2022-06-24T04:00:00Z,203.4,204.23,190.57,198.48,150332
2022-06-23T04:00:00Z,196.62,201.77,190.49,200.67,148931
2022-06-22T04:00:00Z,186.78,197.94,185.8,193.45,142014
2022-06-21T04:00:00Z,188.08,198.53,188.08,193.33,154296
2022-06-17T04:00:00Z,171.7,187.64,169.24,184.72,210313
2022-06-16T04:00:00Z,180.1,183.62,167.385,169.6,138621
2022-06-15T04:00:00Z,179.04,190.99,175.59,188.38,114989
2022-06-14T04:00:00Z,179.815,182.04,174.87,179.445,163484
2022-06-13T04:00:00Z,182.05,186.82,173.78,178.235,205084
2022-06-10T04:00:00Z,196.585,203.06,191.67,196.46,95611
2022-06-09T04:00:00Z,203.69,209.5,200.43,200.69,82051
2022-06-08T04:00:00Z,208.99,216.34,202.82,204.79,95661
2022-06-07T04:00:00Z,202.95,210.13,202.61,209.54,69507
2022-06-06T04:00:00Z,211.25,215.135,204.5,206.94,172248
2022-06-03T04:00:00Z,192.14,203.4,191.02,196.36,89476
2022-06-02T04:00:00Z,185.28,200.5,182.54,198.94,99317
2022-06-01T04:00:00Z,188.935,190.95,180.375,182.42,74940
2022-05-31T04:00:00Z,190,192.29,183.63,186.07,71377
2022-05-27T04:00:00Z,180.3,190.05,180.3,188.9,106065
2022-05-26T04:00:00Z,167.27,180.89,166.23,178.84,94045
2022-05-25T04:00:00Z,164.58,170.925,161.86,169.13,56479
2022-05-24T04:00:00Z,164.92,168.385,159.605,162.46,112855
2022-05-23T04:00:00Z,167.5,170.14,162.08,169.67,58424
2022-05-20T04:00:00Z,169.67,171.515,160.77,168.33,137396
2022-05-19T04:00:00Z,156.95,173.89,156.95,165.53,191118
2022-05-18T04:00:00Z,154.54,166.02,154.45,156.225,170660
2022-05-17T04:00:00Z,159.24,161.14,151.24,158.25,103828
2022-05-16T04:00:00Z,154.29,159.605,150.48,150.89,96005
2022-05-13T04:00:00Z,146.62,159.31,146.39,157.83,154824
2022-05-12T04:00:00Z,133.29,147.39,129.19,140.98,261332
2022-05-11T04:00:00Z,149.75,151.24,136.54,137.64,146167
2022-05-10T04:00:00Z,157.92,161,144.59,151.6,94892
2022-05-09T04:00:00Z,160.4,163.27,146.72,150.615,107385
2022-05-06T04:00:00Z,177.935,177.935,164.92,165.85,142667
2022-05-05T04:00:00Z,188.85,190.75,178.09,181.16,116627
2022-05-04T04:00:00Z,175.425,192.82,174.28,191.92,197905
2022-05-03T04:00:00Z,167.605,176.9,167,174.46,130561
2022-05-02T04:00:00Z,159.725,168.74,158.74,168.31,160800
2022-04-29T04:00:00Z,163.22,170.66,160.13,161.475,130494
2022-04-28T04:00:00Z,169.65,170.96,156.54,164.41,186526
2022-04-27T04:00:00Z,169.73,178.15,161.9,165.91,396225
2022-04-26T04:00:00Z,156.06,158.49,151.585,153.8,176876
2022-04-25T04:00:00Z,149.785,158.19,147.025,157.81,181643
2022-04-22T04:00:00Z,157.57,160.835,150.7,153.65,196629
2022-04-21T04:00:00Z,179.98,181.45,154.41,156.61,222705
2022-04-20T04:00:00Z,197.435,197.47,176.8,178.58,186312
2022-04-19T04:00:00Z,188.12,195.76,185.9,195.67,78058
2022-04-18T04:00:00Z,189.82,192.65,187.3,190.2,73539
2022-04-14T04:00:00Z,191.32,196.98,190.04,190.475,87078
2022-04-13T04:00:00Z,187.37,193.56,184.64,193.2,75641
2022-04-12T04:00:00Z,192.5,194.445,185.655,185.94,95339
2022-04-11T04:00:00Z,190.03,193.9,185.26,187.91,218035
2022-04-08T04:00:00Z,204.89,205.39,194.88,195,107580
2022-04-07T04:00:00Z,203.85,215.14,201.38,206.86,114947
2022-04-06T04:00:00Z,207.4,207.4,197.18,203.91,176018
2022-04-05T04:00:00Z,217.025,220.835,209.66,211.07,142198
2022-04-04T04:00:00Z,207.475,217.09,207.11,216.41,152557
2022-04-01T04:00:00Z,201.59,208.53,201.59,205.8,96694
2022-03-31T04:00:00Z,198.69,205.78,195.67,201.83,95149
2022-03-30T04:00:00Z,201.54,202.99,195.63,196.65,101829
2022-03-29T04:00:00Z,197.04,202.49,189.2,202.37,105530
2022-03-28T04:00:00Z,191.58,200.805,189.745,195.52,110999
2022-03-25T04:00:00Z,196.895,198.34,187.35,194.1,102438
2022-03-24T04:00:00Z,192.65,197.84,189.37,197.84,92613
2022-03-23T04:00:00Z,184.76,197.87,184.75,190.18,77643
2022-03-22T04:00:00Z,185.3,195.73,185.3,189.22,105309
2022-03-21T04:00:00Z,184.3,187.615,179.6,185.47,79624
2022-03-18T04:00:00Z,179.75,185.3,178.74,184.25,123352
2022-03-17T04:00:00Z,175.17,183.33,172.79,180.7,159867
2022-03-16T04:00:00Z,166.23,177.81,164.79,177.34,156076
2022-03-15T04:00:00Z,156.9,164.83,151.35,164.68,180934
2022-03-14T04:00:00Z,169.25,171.88,155.29,157.63,197116
2022-03-11T05:00:00Z,179.345,186.32,170.93,171.08,147214
2022-03-10T05:00:00Z,178.935,179.81,169.3,178.7,183823
2022-03-09T05:00:00Z,174.285,181.265,167.64,179.86,261717
2022-03-08T05:00:00Z,159,182.59,159,175.99,322549
2022-03-07T05:00:00Z,162.1,167.8,158.89,158.89,170468
2022-03-04T05:00:00Z,159.63,163.64,153.12,158.06,172053
2022-03-03T05:00:00Z,165.65,165.65,157.56,158.94,144647
2022-03-02T05:00:00Z,169.875,169.875,159.67,163.92,220829
2022-03-01T05:00:00Z,167.21,172.8,163.53,170.51,245985
2022-02-28T05:00:00Z,158,167.88,157.59,166.66,270952
2022-02-25T05:00:00Z,147.35,154.425,146.04,153.82,235715
2022-02-24T05:00:00Z,119,147.8,118.57,147.49,451189
2022-02-23T05:00:00Z,134.92,135.23,126.15,126.6,139254
2022-02-22T05:00:00Z,137.47,139.85,131.43,132.97,161346
2022-02-18T05:00:00Z,148.57,148.57,139.275,140.38,210373
2022-02-17T05:00:00Z,150.89,154.74,147.89,148.29,126728
2022-02-16T05:00:00Z,149.975,154.63,147.13,153.97,134619
2022-02-15T05:00:00Z,148.45,154.825,148.26,154.3,182022
2022-02-14T05:00:00Z,146.115,149.73,142.52,143.85,150475
2022-02-11T05:00:00Z,154.555,156.63,143.84,145.735,167492
2022-02-10T05:00:00Z,156.43,166.58,153.37,154.63,242922
2022-02-09T05:00:00Z,178.62,183.15,154.73,161.81,915144
2022-02-08T05:00:00Z,139.27,145.62,137.31,144.76,227346
2022-02-07T05:00:00Z,140.45,146.625,139.55,140.79,292003
2022-02-04T05:00:00Z,134.69,143.355,131.68,141.18,219717
2022-02-03T05:00:00Z,133.89,138.64,130.07,132.93,283757
2022-02-02T05:00:00Z,143.3,144.145,138.83,139.48,160488
2022-02-01T05:00:00Z,141.19,143.2,136.74,142.72,133424
2022-01-31T05:00:00Z,125.81,140.75,125.81,140.5,299828
2022-01-28T05:00:00Z,121.185,124.28,114.03,123.81,199361
2022-01-27T05:00:00Z,125.18,125.18,119.69,119.87,250808
2022-01-26T05:00:00Z,127.105,130.55,119.94,121.58,208525
2022-01-25T05:00:00Z,122.7,127.35,120.57,122.5,213988
2022-01-24T05:00:00Z,119.7,128.29,113.7,128.1,347952
2022-01-21T05:00:00Z,132.415,133.47,124.56,126.06,237961
2022-01-20T05:00:00Z,138.235,142.94,134.31,134.74,165377
2022-01-19T05:00:00Z,138.165,139.93,133.67,134.51,161381
2022-01-18T05:00:00Z,139.06,142.1,135.73,135.9,187558
2022-01-14T05:00:00Z,143.37,146.83,138.89,142.87,94902
2022-01-13T05:00:00Z,156.85,156.85,143.225,143.47,126165
2022-01-12T05:00:00Z,150.93,154.1,147.62,149.165,159666
2022-01-11T05:00:00Z,146.125,151.2,145.34,148.44,192470
2022-01-10T05:00:00Z,140.28,147.36,137.72,147.22,329523
2022-01-07T05:00:00Z,152.11,154.59,144.28,145.14,195620
2022-01-06T05:00:00Z,155.42,155.82,145.875,151.47,178197
2022-01-05T05:00:00Z,174.21,174.21,156.82,157.12,243254
2022-01-04T05:00:00Z,187.705,187.705,171.4,178.35,104345
2022-01-03T05:00:00Z,187.56,187.56,180.77,184.46,88477
2021-12-31T05:00:00Z,186.27,188.37,182.88,183.05,44863
2021-12-30T05:00:00Z,184.33,189.52,183.485,186.23,47265
2021-12-29T05:00:00Z,186.595,187.635,181.26,185.33,54764
2021-12-28T05:00:00Z,190.445,190.49,184.88,186.69,48509
2021-12-27T05:00:00Z,190.065,190.25,185.33,188.64,43555
2021-12-23T05:00:00Z,190.395,190.395,186.83,188.24,46069
2021-12-22T05:00:00Z,187.205,191.14,185.74,189.265,61939
2021-12-21T05:00:00Z,181.825,189.43,180.235,189.13,114084
2021-12-20T05:00:00Z,179.91,185.1,175.11,178.73,175978
2021-12-17T05:00:00Z,185.88,192.16,178.835,188.88,204843
2021-12-16T05:00:00Z,210,210.51,190.09,190.66,212970
2021-12-15T05:00:00Z,201.97,204.86,192.84,203.94,158388
2021-12-14T05:00:00Z,204.02,204.02,194.15,202.35,291629
2021-12-13T05:00:00Z,215.485,220.18,208.68,213.73,144885
2021-12-10T05:00:00Z,220.915,222.66,214.72,214.84,86064
2021-12-09T05:00:00Z,227.31,228.74,216.06,216.11,65003
2021-12-08T05:00:00Z,224.93,227.01,220.3,225.83,115548
2021-12-07T05:00:00Z,223.75,229.63,220.51,222.58,162522
2021-12-06T05:00:00Z,215.53,217.15,207.6,212.88,209460
2021-12-03T05:00:00Z,240.94,241.25,215.82,217.07,256624
2021-12-02T05:00:00Z,235.1,244.625,230.3,235.15,96292
2021-12-01T05:00:00Z,253,254.84,235.02,236.92,143939
2021-11-30T05:00:00Z,257.02,259.22,243.89,250.78,181753
2021-11-29T05:00:00Z,253.43,257.15,250.43,257.06,76743
2021-11-26T05:00:00Z,250.905,257.83,243.95,248.13,45117
2021-11-24T05:00:00Z,251.07,255.77,243.54,254.92,67166
2021-11-23T05:00:00Z,257.2,264.86,245.84,250.5,149592
2021-11-22T05:00:00Z,270.75,282.01,260.9,261.21,150978
2021-11-19T05:00:00Z,255.35,271.67,255.09,267.82,102014
2021-11-18T05:00:00Z,256,259.325,249.72,254.61,65690
2021-11-17T05:00:00Z,253.28,260.54,250.68,254.78,68617
2021-11-16T05:00:00Z,245.505,253.59,239.59,251.81,147328
2021-11-15T05:00:00Z,253.44,253.61,241.65,244.51,44291
2021-11-12T05:00:00Z,250.81,254.47,248.29,251.62,59776
2021-11-11T05:00:00Z,235.47,251.98,235.47,250.5,128163
2021-11-10T05:00:00Z,229.29,237.43,227.89,231.64,66683
2021-11-09T05:00:00Z,243.01,243.645,233.72,239.37,56549
2021-11-08T05:00:00Z,241.59,246.47,239.03,241.62,51091
2021-11-05T04:00:00Z,243,244.58,234.56,237.95,76212
2021-11-04T04:00:00Z,234.5,243,232.8,242.56,102375
2021-11-03T04:00:00Z,234.615,238.75,231.25,236.67,124543
2021-11-02T04:00:00Z,235.92,238.81,228.77,237.61,183880
2021-11-01T04:00:00Z,233.52,239.8,232.54,239.46,119855
2021-10-29T04:00:00Z,225.5,236.85,225.5,231.61,169427
2021-10-28T04:00:00Z,216.15,227.48,210.97,224.48,214666
2021-10-27T04:00:00Z,205.67,225.23,204.98,216.22,624429
2021-10-26T04:00:00Z,181.63,183.38,170.69,173.42,129830
2021-10-25T04:00:00Z,178.6,180.8,177.12,179.5,90262
2021-10-22T04:00:00Z,180.8,180.8,174.48,176.64,85106
2021-10-21T04:00:00Z,179.05,184.76,178.12,179.75,74841
2021-10-20T04:00:00Z,186.655,186.655,177.47,180.13,100261
2021-10-19T04:00:00Z,181.345,190.87,180.1,187.1,112170
2021-10-18T04:00:00Z,171.89,181.07,171.89,179.95,129648
2021-10-15T04:00:00Z,174.34,175.92,171.375,172.95,61414
2021-10-14T04:00:00Z,176.115,176.36,171.18,173.69,55727
2021-10-13T04:00:00Z,171.91,175.67,169.88,173.17,137989
2021-10-12T04:00:00Z,163.73,171.81,163.73,169.85,91201
2021-10-11T04:00:00Z,155.075,165.385,155.075,161.19,86129
2021-10-08T04:00:00Z,157.14,159.15,153.68,154.44,36876
2021-10-07T04:00:00Z,156.17,162.72,156.14,157.24,81542
2021-10-06T04:00:00Z,143.61,155.74,143.61,153.55,90086
2021-10-05T04:00:00Z,145.43,149.59,145.345,147.36,59888
2021-10-04T04:00:00Z,153.26,153.26,144.47,144.99,78288
2021-10-01T04:00:00Z,151.95,155.885,150.72,155.36,108764
2021-09-30T04:00:00Z,149.72,151.68,148.11,149.98,87685
2021-09-29T04:00:00Z,152.485,152.955,146.755,148.26,91756
2021-09-28T04:00:00Z,151.86,152.62,149.61,150.79,84805
2021-09-27T04:00:00Z,152.32,156.83,148.75,154.99,89104
2021-09-24T04:00:00Z,156.96,157.115,152.11,153.65,41310
2021-09-23T04:00:00Z,159.59,160.03,157.03,158.39,48818
2021-09-22T04:00:00Z,153.09,158.9,152.23,158.22,67028
2021-09-21T04:00:00Z,154.9,155.54,150.49,154.415,43734
2021-09-20T04:00:00Z,155.73,156.65,149.45,152.45,74069
2021-09-17T04:00:00Z,155.65,161.52,153.99,161.12,90385
2021-09-16T04:00:00Z,153.82,157.06,152.32,156.69,72163
2021-09-15T04:00:00Z,156.94,156.96,152.11,155.52,106294
2021-09-14T04:00:00Z,159.685,162.36,157.33,157.91,73923
2021-09-13T04:00:00Z,159.2,160.865,154.26,160.01,77329
2021-09-10T04:00:00Z,163,164.78,157.855,158.12,114180
2021-09-09T04:00:00Z,163.36,164.33,160.48,161.35,115478
2021-09-08T04:00:00Z,170.79,174.64,163.16,163.4,156112
2021-09-07T04:00:00Z,171.5,172.3,167.11,168.775,90467
2021-09-03T04:00:00Z,176.205,177.69,172.83,173.86,52080
2021-09-02T04:00:00Z,178.04,180.13,175.53,176.85,39560
2021-09-01T04:00:00Z,176.57,181.59,176.36,176.4,48665
2021-08-31T04:00:00Z,177.65,177.87,170.01,173.69,73594
2021-08-30T04:00:00Z,177.45,178.93,174.76,177.71,47141
2021-08-27T04:00:00Z,173.04,177.48,172.02,174.92,60305
2021-08-26T04:00:00Z,174.61,177.505,172.14,172.39,71307
2021-08-25T04:00:00Z,173.57,174.62,170.65,173.18,21813
2021-08-24T04:00:00Z,173.02,176.38,171.87,173.04,50881
2021-08-23T04:00:00Z,168.4,172.82,166.82,172.28,87320
2021-08-20T04:00:00Z,162.66,167.91,162.66,165.98,65386
2021-08-19T04:00:00Z,161.42,166.45,160.45,162.86,57607
2021-08-18T04:00:00Z,163.5,166.455,162.36,162.36,49783
2021-08-17T04:00:00Z,164.46,166.85,159.88,163.59,143180
2021-08-16T04:00:00Z,173.07,173.91,166.75,167.55,84743
2021-08-13T04:00:00Z,180.39,180.39,174.61,175.1,68695
2021-08-12T04:00:00Z,181.39,182.06,178.41,181.26,60316
2021-08-11T04:00:00Z,184.845,186.145,177.255,182.31,64775
2021-08-10T04:00:00Z,187.985,188.88,183.685,184.11,58547
2021-08-09T04:00:00Z,180.53,186.47,179.32,185.54,62551
2021-08-06T04:00:00Z,183.16,184.31,177.685,179.75,80076
2021-08-05T04:00:00Z,192.49,192.49,183.11,183.28,88119
2021-08-04T04:00:00Z,193.55,196.1,191.55,193.93,116678
2021-08-03T04:00:00Z,188.8,201.04,187.1,192.55,156533
2021-08-02T04:00:00Z,190.1,190.65,182.79,183.27,84065
2021-07-30T04:00:00Z,178.06,189.87,177.7,189.65,84478
2021-07-29T04:00:00Z,183.975,188.24,179.73,182.05,68167
2021-07-28T04:00:00Z,170.45,182.88,163.66,181.61,202711
2021-07-27T04:00:00Z,175.41,176.76,166.14,172.09,171321
2021-07-26T04:00:00Z,177.44,180.45,174.53,176.54,61931
2021-07-23T04:00:00Z,178.04,178.53,174.23,178.19,74036
2021-07-22T04:00:00Z,179.92,181.615,176.94,179.01,53214
2021-07-21T04:00:00Z,174.02,180.86,172.7,179.8,99949
2021-07-20T04:00:00Z,165.045,173.39,164.22,172.055,93690
2021-07-19T04:00:00Z,155.87,165.73,155.87,165.23,121185
2021-07-16T04:00:00Z,166.955,167.65,163.03,163.47,61832
2021-07-15T04:00:00Z,171.06,174.035,162.86,165.37,179337
2021-07-14T04:00:00Z,185.19,185.72,170.62,170.66,108323
2021-07-13T04:00:00Z,185.58,188.89,182.73,184.01,55831
2021-07-12T04:00:00Z,183.71,187.62,180.92,185.72,66574
2021-07-09T04:00:00Z,180.545,184.005,177.92,183.8,64390
2021-07-08T04:00:00Z,171.72,181.66,170.3,179.66,131446
2021-07-07T04:00:00Z,191.65,195.8,181.565,181.79,145921
2021-07-06T04:00:00Z,186.16,189.17,183.59,188.93,141298
2021-07-02T04:00:00Z,185.28,190.84,184.92,186.33,70946
2021-07-01T04:00:00Z,182.04,183.41,177.42,183.21,79891
2021-06-30T04:00:00Z,184.46,186.19,181.81,183.79,114398
2021-06-29T04:00:00Z,188.32,192.67,184.53,185.66,127208
2021-06-28T04:00:00Z,179.825,188.98,179.825,188.27,125925
2021-06-25T04:00:00Z,174.72,181.13,173.415,175.28,131077
2021-06-24T04:00:00Z,171.88,172.45,166,170.89,131889
2021-06-23T04:00:00Z,168.09,171.6,167.34,170.18,119152
2021-06-22T04:00:00Z,162.39,169.76,162.39,167.23,107922
2021-06-21T04:00:00Z,163.59,165.845,157.59,163.17,133799
2021-06-18T04:00:00Z,160.005,168.15,160.005,165.81,236613
2021-06-17T04:00:00Z,150.8,164.13,150.55,162.08,238110
2021-06-16T04:00:00Z,144.78,153.98,144.74,152,188407
2021-06-15T04:00:00Z,147.51,147.65,143.46,144.95,108469
2021-06-14T04:00:00Z,148.2,151.25,146.64,147.65,116372
2021-06-11T04:00:00Z,143.25,147.4,140.845,147.22,135614
2021-06-10T04:00:00Z,137.54,144.43,136.6,143.55,159985
2021-06-09T04:00:00Z,140.71,141.045,136.83,136.99,68430
2021-06-08T04:00:00Z,138.53,141.4,135.18,139.31,104252
2021-06-07T04:00:00Z,133.66,137.83,130.72,137.51,90214
2021-06-04T04:00:00Z,135.99,138.52,133.57,134.66,96786
2021-06-03T04:00:00Z,136.62,138.24,132.55,134.1,125169
2021-06-02T04:00:00Z,138.815,143.58,137.24,139.18,113954
2021-06-01T04:00:00Z,144.66,146.1,137.32,139.26,122526
2021-05-28T04:00:00Z,143.2,146.73,142.31,143.08,114643
2021-05-27T04:00:00Z,143.5,145.45,141.78,142.39,123050
2021-05-26T04:00:00Z,139.72,144.31,139.5,142.98,208396
2021-05-25T04:00:00Z,142.41,143.11,136.18,138.53,183544
2021-05-24T04:00:00Z,143.7,144.84,138.94,140.81,124195
2021-05-21T04:00:00Z,143.21,144.96,139.83,142.15,171880
2021-05-20T04:00:00Z,132.24,142.6,132,141.79,331390
2021-05-19T04:00:00Z,119.54,130.72,119.24,130.625,264129
2021-05-18T04:00:00Z,119.32,126.15,117.57,122.555,191865
2021-05-17T04:00:00Z,118.615,119.58,114.24,118.58,133840
2021-05-14T04:00:00Z,116.93,120.04,114.63,119.77,100700
2021-05-13T04:00:00Z,119.26,121.16,112.47,114.5,250985
2021-05-12T04:00:00Z,117,120.57,116,117.1,156665
2021-05-11T04:00:00Z,109.7,122.67,109.43,121.45,222951
2021-05-10T04:00:00Z,121.39,121.39,117.24,118.18,167938
2021-05-07T04:00:00Z,124.155,127.59,121.645,123.07,172191
2021-05-06T04:00:00Z,123.47,125.81,117.8,121.91,198640
2021-05-05T04:00:00Z,130.69,130.69,125.26,126.95,154295
2021-05-04T04:00:00Z,133.66,134.81,124.2,127.82,336875
2021-05-03T04:00:00Z,139.8,140.35,134.79,136.35,192533
2021-04-30T04:00:00Z,140.65,144.05,139.145,139.17,158581
2021-04-29T04:00:00Z,148.74,149.41,140.22,143.31,218518
2021-04-28T04:00:00Z,150.63,152.8,144.6,146.87,494639
2021-04-27T04:00:00Z,174.055,175.33,169.52,171.14,108906
2021-04-26T04:00:00Z,167.515,174.05,164.9,172.67,118433
2021-04-23T04:00:00Z,163.02,168.25,162.08,167.11,103029
2021-04-22T04:00:00Z,160.68,167.2,159.08,160.88,196455
2021-04-21T04:00:00Z,142.54,155.33,142.54,155.085,129598
2021-04-20T04:00:00Z,141.84,147.62,140.92,147.02,134429
2021-04-19T04:00:00Z,147.64,153.52,139.35,141.09,133532
2021-04-16T04:00:00Z,145.095,151.05,145.095,150.09,109623
2021-04-15T04:00:00Z,155.11,155.11,142.56,145.87,151730
2021-04-14T04:00:00Z,152.56,156.85,150.99,151.81,86964
2021-04-13T04:00:00Z,151.16,153.35,147.66,153.11,49966
2021-04-12T04:00:00Z,151.29,152.21,146.32,151.93,84425
2021-04-09T04:00:00Z,150.35,152.465,147.42,151.33,127356
2021-04-08T04:00:00Z,151.96,156.05,151.39,152.96,130487
2021-04-07T04:00:00Z,155.04,157.45,149.23,149.75,117940
2021-04-06T04:00:00Z,151.99,161.15,151.27,157.96,153552
2021-04-05T04:00:00Z,165.05,165.05,148.89,149.37,178496
2021-04-01T04:00:00Z,168.465,172.39,162.41,162.65,167128
2021-03-31T04:00:00Z,156.04,164.65,154.68,162.29,189759
2021-03-30T04:00:00Z,139.505,150.74,138.17,150.53,165091
2021-03-29T04:00:00Z,148.96,151.92,139.81,142.14,150892
2021-03-26T04:00:00Z,148.3,152.91,144.68,152.17,110466
2021-03-25T04:00:00Z,140.485,148.63,137,148.315,199789
2021-03-24T04:00:00Z,157.5,157.96,148.03,148.03,99922
2021-03-23T04:00:00Z,159.53,164.94,154.74,155.83,144591
2021-03-22T04:00:00Z,157.8,163.7,155.705,161.28,124808
2021-03-19T04:00:00Z,151.76,156.6,147.73,155.16,205781
2021-03-18T04:00:00Z,157.55,159.01,147.94,148.46,152824
2021-03-17T04:00:00Z,157.96,167.79,153.31,163.66,179922
2021-03-16T04:00:00Z,172.84,175.76,164.29,166.48,131089
2021-03-15T04:00:00Z,165.49,175.12,164.4,174.25,173630
2021-03-12T05:00:00Z,156.51,166.17,154.25,164.84,117390
2021-03-11T05:00:00Z,158.55,166.31,155.97,165.45,223181
2021-03-10T05:00:00Z,157.61,162.46,150.22,152.65,334625
2021-03-09T05:00:00Z,141.2,150.74,140.11,148.65,341646
2021-03-08T05:00:00Z,144.01,147.415,131.495,132.34,245084
2021-03-05T05:00:00Z,153.97,154.05,129.04,143.77,353177
2021-03-04T05:00:00Z,157.75,163,143.18,149.91,288165
2021-03-03T05:00:00Z,171.12,173.79,161.12,161.12,201524
2021-03-02T05:00:00Z,183.45,184.48,171.18,171.65,124698
2021-03-01T05:00:00Z,180.1,186.72,177.35,186.35,109429
2021-02-26T05:00:00Z,168.85,177.35,163.51,176.47,136229
2021-02-25T05:00:00Z,179.9,180.87,166.23,167.52,198786
2021-02-24T05:00:00Z,171.12,183.11,163.175,180.77,145358
2021-02-23T05:00:00Z,157.65,171.18,148.46,171.12,228952
2021-02-22T05:00:00Z,182.225,182.94,166.2,167.93,234583
2021-02-19T05:00:00Z,185.89,194.82,184.21,189.61,94334
2021-02-18T05:00:00Z,182.43,183.96,175.6,181.01,151738
2021-02-17T05:00:00Z,189.99,191.37,181.62,189.24,183843
2021-02-16T05:00:00Z,208.205,208.275,192.88,193.43,124550
2021-02-12T05:00:00Z,197.17,208.94,194.04,206.4,101761
2021-02-11T05:00:00Z,206.21,209.36,197.32,198.7,183429
2021-02-10T05:00:00Z,214.8,229,200.86,201.78,324560
2021-02-09T05:00:00Z,197.87,201.96,195.91,199.97,87234
2021-02-08T05:00:00Z,194.23,203.38,193.71,197.76,84676
2021-02-05T05:00:00Z,195.91,195.92,190.62,193.4,106485
2021-02-04T05:00:00Z,196.64,197.185,191.76,195.56,78933
2021-02-03T05:00:00Z,195.13,197.84,190.13,196.27,115263
2021-02-02T05:00:00Z,189.99,194.31,187,192.67,109389
2021-02-01T05:00:00Z,185.46,187.85,177.62,186.7,138128
2021-01-29T05:00:00Z,194.195,194.195,177.85,182.27,125690
2021-01-28T05:00:00Z,182.85,195.64,177.72,193.75,122357
2021-01-27T05:00:00Z,180.06,190.81,175.72,178.79,155018
2021-01-26T05:00:00Z,206.43,209.38,185.25,187.3,192765
2021-01-25T05:00:00Z,215.555,221.16,200.36,202.76,139919
2021-01-22T05:00:00Z,208.34,213.48,204.77,212.31,113473
2021-01-21T05:00:00Z,202.34,214.5,196.855,212.18,110459
2021-01-20T05:00:00Z,203.2,206.46,196.69,199.37,102768
2021-01-19T05:00:00Z,197.44,203.32,194.57,201.25,175108
2021-01-15T05:00:00Z,206.845,208.03,189.8,190.51,255576
2021-01-14T05:00:00Z,207.76,216,206.9,208.75,127203
2021-01-13T05:00:00Z,206.48,208.16,199.89,203.625,119280
2021-01-12T05:00:00Z,205.51,207.87,197.3,206.53,100971
2021-01-11T05:00:00Z,200.395,208.2,196.51,201.45,114212
2021-01-08T05:00:00Z,217.685,219.495,200.06,207.34,178843
2021-01-07T05:00:00Z,209.8,222.32,209.525,213.82,254536
2021-01-06T05:00:00Z,198.155,209.89,196.11,202.86,393296
2021-01-05T05:00:00Z,175.71,186.63,174.045,181.46,188379
2021-01-04T05:00:00Z,178.61,179,167.22,172.32,151503
2020-12-31T05:00:00Z,177.03,183.94,173,175.585,197088
2020-12-30T05:00:00Z,172.03,177.24,172.03,172.97,89930
2020-12-29T05:00:00Z,175.87,175.98,164.86,170.2,134196
2020-12-28T05:00:00Z,188.115,188.915,174.03,175.555,83781
2020-12-24T05:00:00Z,180.3,183.77,177.98,181.38,30048
2020-12-23T05:00:00Z,181.99,183.63,174.75,180.52,125927
2020-12-22T05:00:00Z,173.65,186.14,173.4,177.22,136155
2020-12-21T05:00:00Z,163.08,172.09,161.73,170.67,135614
2020-12-18T05:00:00Z,164.57,169.54,163.23,164.66,97565
2020-12-17T05:00:00Z,165.65,168.03,159.26,163.46,84334
2020-12-16T05:00:00Z,159.42,163.42,152.625,163.42,105753
2020-12-15T05:00:00Z,148.6,161.54,148.295,160.68,141703
2020-12-14T05:00:00Z,143,147.4,138.52,145.13,90391
2020-12-11T05:00:00Z,134.33,144.6,134.32,139.9,100192
2020-12-10T05:00:00Z,126.14,132.09,126.14,131.21,41225
2020-12-09T05:00:00Z,136.16,136.56,125.92,127.09,94657
2020-12-08T05:00:00Z,130.72,135.12,129.82,134.74,83036
2020-12-07T05:00:00Z,130.72,133.1,127.22,129.36,57641
2020-12-04T05:00:00Z,129.76,135.99,129.46,130.22,93577
2020-12-03T05:00:00Z,129.52,133.54,126.33,127.55,72050
2020-12-02T05:00:00Z,126.99,130.1,121.85,127.88,148570
2020-12-01T05:00:00Z,138.04,138.04,127.3,128.75,137944
2020-11-30T05:00:00Z,141.95,144.725,133.11,136.45,170099
2020-11-27T05:00:00Z,142.365,148.93,138.03,140.56,119978
2020-11-25T05:00:00Z,137.48,141.355,135.24,139.07,94280
2020-11-24T05:00:00Z,135.5,138.56,131.33,136.02,131432
2020-11-23T05:00:00Z,132.695,134.77,130.76,134.54,90144
2020-11-20T05:00:00Z,131.25,133.61,129.52,129.56,87161
2020-11-19T05:00:00Z,126.46,130.85,125.9,129.08,76531
2020-11-18T05:00:00Z,126.37,127.4,122.53,124.91,51553
2020-11-17T05:00:00Z,119.95,126.525,118.65,125.125,51866
2020-11-16T05:00:00Z,118.11,123.49,116.39,120.13,126235
2020-11-13T05:00:00Z,119.51,120.31,115.11,116.74,108050
2020-11-12T05:00:00Z,120.79,122.025,115.83,117.16,108684
2020-11-11T05:00:00Z,115.19,121.4,115.19,120.42,143974
2020-11-10T05:00:00Z,117.565,117.565,108.05,109.47,179097
2020-11-09T05:00:00Z,129.31,129.31,116.82,116.82,139659
2020-11-06T05:00:00Z,123.19,125.385,119.2,122.475,117508
2020-11-05T05:00:00Z,111.05,123.135,111.05,120.26,142343
2020-11-04T05:00:00Z,99.69,106.34,93.53,106.27,247373
2020-11-03T05:00:00Z,100.84,107.34,100.84,104.79,216698
2020-11-02T05:00:00Z,99.745,106.04,99.495,103.85,154737
2020-10-30T04:00:00Z,102.12,102.12,93.54,98,138932
2020-10-29T04:00:00Z,103.29,105.39,101.13,102.49,96175
2020-10-28T04:00:00Z,97.26,105.835,96.88,102.89,293853
2020-10-27T04:00:00Z,103.8,104.43,97.31,98.59,171837
2020-10-26T04:00:00Z,99.12,104.01,97.5,103.685,180457
2020-10-23T04:00:00Z,105.8,108.99,100.9,103.27,169374
2020-10-22T04:00:00Z,102.47,104.02,92.17,103.435,443927
2020-10-21T04:00:00Z,117.04,118.42,100.83,101.515,361488
2020-10-20T04:00:00Z,115.645,118,112.46,116.195,191396
2020-10-19T04:00:00Z,111.605,118,110.9,114.62,234831
2020-10-16T04:00:00Z,112.74,113.78,108.77,110.86,132497
2020-10-15T04:00:00Z,107.43,111.5,105.33,110.69,145631
2020-10-14T04:00:00Z,108.425,111.005,107.09,109.03,289144
2020-10-13T04:00:00Z,102.79,107.33,102.75,106.65,328074
2020-10-12T04:00:00Z,110.4,110.4,101.56,104.31,284031
2020-10-09T04:00:00Z,107.105,111.24,105.51,109.13,190115
2020-10-08T04:00:00Z,109.54,109.7,102.725,105.53,650563
2020-10-07T04:00:00Z,101.205,108.71,100.54,107.885,338970
2020-10-06T04:00:00Z,98.85,100.26,95.14,98.69,155112
2020-10-05T04:00:00Z,93,98.41,92.98,98.045,238817
2020-10-02T04:00:00Z,85.785,92.48,85.25,90.45,220439
2020-10-01T04:00:00Z,85.43,89.46,84.41,89.46,212182
2020-09-30T04:00:00Z,81.28,84.64,81.28,82.6,75678
2020-09-29T04:00:00Z,78.26,83.37,78.26,80.82,112339
2020-09-28T04:00:00Z,74.93,79.71,74.75,78.06,103508
2020-09-25T04:00:00Z,69.88,73.835,69.775,73.57,114537
2020-09-24T04:00:00Z,69.43,70.89,67.605,69.43,67715
2020-09-23T04:00:00Z,72.1,74.745,69.45,70.225,153549
2020-09-22T04:00:00Z,70.95,72.315,67.565,72.195,164998
2020-09-21T04:00:00Z,65.52,70.78,65.52,70.7,58836
2020-09-18T04:00:00Z,67.935,69.65,65.49,68.245,61658
2020-09-17T04:00:00Z,69.735,70.05,65.95,66.805,94879
2020-09-16T04:00:00Z,73.04,76.37,72.72,72.805,140176
2020-09-15T04:00:00Z,71.19,72.96,70.5,72.08,101191
2020-09-14T04:00:00Z,67.085,69.76,66.7,69.58,111334
2020-09-11T04:00:00Z,67.685,67.93,64.43,65.11,52495
2020-09-10T04:00:00Z,68.12,70.07,66.08,66.125,78068
2020-09-09T04:00:00Z,67.09,69.24,65.15,67.72,77985
2020-09-08T04:00:00Z,61.53,67.24,60.31,65.01,108817
2020-09-04T04:00:00Z,67.33,68.62,58.77,66.195,198470
2020-09-03T04:00:00Z,75.27,75.32,65.19,67.795,145545
2020-09-02T04:00:00Z,80.215,80.215,75.11,77.03,92738
2020-09-01T04:00:00Z,77.82,79.45,77.32,78.66,78792
2020-08-31T04:00:00Z,76.67,79.46,76.01,77.3,37193
2020-08-28T04:00:00Z,74.49,78.375,73.595,76.085,62902
2020-08-27T04:00:00Z,75.18,75.53,72.12,73.48,56019
2020-08-26T04:00:00Z,76.72,78.45,74.63,75.2,21550
2020-08-25T04:00:00Z,73.57,76.565,72.57,75.94,22936
2020-08-24T04:00:00Z,73.9,75.48,72.52,73.36,16547
2020-08-21T04:00:00Z,73.505,74.57,72.81,73.16,29527
2020-08-20T04:00:00Z,74.245,74.64,72.275,73.04,73778
2020-08-19T04:00:00Z,75.265,77.145,75.265,75.5,22523
2020-08-18T04:00:00Z,75.33,77.275,72.86,75.09,38677
2020-08-17T04:00:00Z,74.435,76.315,73.78,75.015,47253
2020-08-14T04:00:00Z,75.355,76.59,72.87,73.14,63263
2020-08-13T04:00:00Z,70.55,76.43,70.51,74.865,51867
2020-08-12T04:00:00Z,68.1,71.69,67.59,71.18,54354
2020-08-11T04:00:00Z,71.495,71.8,67.13,67.37,72148
2020-08-10T04:00:00Z,72.6,74.16,70.38,71.78,29621
2020-08-07T04:00:00Z,72.08,75.69,71.33,72.88,59863
2020-08-06T04:00:00Z,74.825,76.725,71.15,71.35,101810
2020-08-05T04:00:00Z,68.42,75.88,67.76,74.97,351095
2020-08-04T04:00:00Z,64.75,70.06,64.475,69.01,264821
2020-08-03T04:00:00Z,60.85,61.925,59.17,61.205,119536
2020-07-31T04:00:00Z,60.11,60.37,58.82,60.37,50999
2020-07-30T04:00:00Z,58.715,59.215,57.65,59.145,34024
2020-07-29T04:00:00Z,58.075,60.3,57.94,59.115,68792
2020-07-28T04:00:00Z,61.81,61.81,57.1,57.25,58989
2020-07-27T04:00:00Z,60.92,62.87,60.44,62.145,52129
