2024-06-14T04:00:00Z,174.52,176.995,174.35,176.82,137571
2024-06-13T04:00:00Z,176.015,176.69,174.915,175.11,271594
2024-06-12T04:00:00Z,178.16,180.36,176.13,177.87,442167
2024-06-11T04:00:00Z,176.03,176.81,173.79,176.72,261764
2024-06-10T04:00:00Z,174.99,177.01,172.79,175.09,353062
2024-06-07T04:00:00Z,176.935,177.81,174.3,174.4,318036
2024-06-06T04:00:00Z,175.97,177.135,175.825,176.79,302893
2024-06-05T04:00:00Z,175.23,176.64,174.02,175.27,268333
2024-06-04T04:00:00Z,173.3,173.835,171.89,173.715,212962
2024-06-03T04:00:00Z,172.57,174.5,171.19,173.2,206433
2024-05-31T04:00:00Z,171.755,172.98,169.455,172.5,441821
2024-05-30T04:00:00Z,175.065,175.065,171.82,172.12,363452
2024-05-29T04:00:00Z,175.24,176.835,174.74,175.95,580717
2024-05-28T04:00:00Z,174.54,177.245,174.45,176.4,542997
2024-05-24T04:00:00Z,175.115,175.755,173.69,174.97,230768
2024-05-23T04:00:00Z,177.11,178.2,172.99,173.57,346353
2024-05-22T04:00:00Z,176.735,177.12,175.22,176.345,320553
2024-05-21T04:00:00Z,176.875,178.14,175.82,177.86,304110
2024-05-20T04:00:00Z,176.225,178.76,176.16,176.94,387019
2024-05-17T04:00:00Z,173.99,176.26,173.72,176.11,386814
2024-05-16T04:00:00Z,173.38,175.11,172.715,174.11,427285
2024-05-15T04:00:00Z,170.84,172.61,170.525,172.54,344444
2024-05-14T04:00:00Z,169.85,171.19,168.81,170.25,495077
2024-05-13T04:00:00Z,164.25,169.27,164.13,169.27,566094
2024-05-10T04:00:00Z,167.995,169.83,166.19,168.61,715648
2024-05-09T04:00:00Z,169.59,170.66,168.19,169.98,432404
2024-05-08T04:00:00Z,168.88,170.15,168.78,169.38,415894
2024-05-07T04:00:00Z,168.445,171.74,168.445,171.2,459691
2024-05-06T04:00:00Z,167.43,168.14,166.035,168.1,608259
2024-05-03T04:00:00Z,167.635,167.89,163.05,167.25,907795
2024-05-02T04:00:00Z,164.78,166.72,163.9,166.66,717033
2024-05-01T04:00:00Z,164.355,167.06,163.16,163.78,891184
2024-04-30T04:00:00Z,165.85,168.08,162.605,162.74,369643
2024-04-29T04:00:00Z,169.01,169.54,165.23,166.13,832001
2024-04-26T04:00:00Z,174.32,174.67,169.73,171.96,1439300
2024-04-25T04:00:00Z,151.255,156.43,150.94,156.075,1017137
2024-04-24T04:00:00Z,157.46,159.54,157.22,159.205,351974
2024-04-23T04:00:00Z,157.03,158.86,156.47,158.2,361583
2024-04-22T04:00:00Z,154.25,157.64,154.07,156.3,392338
2024-04-19T04:00:00Z,156.12,156.31,152.3,154.08,966975
2024-04-18T04:00:00Z,155.31,156.91,154.63,155.97,422352
2024-04-17T04:00:00Z,155.63,157.06,154.62,155.45,596204
2024-04-16T04:00:00Z,154.03,155.62,153.46,154.4,445389
2024-04-15T04:00:00Z,158.78,159.22,154.59,154.83,691977
2024-04-12T04:00:00Z,157.98,160.2,157.14,157.77,471975
2024-04-11T04:00:00Z,156.72,159.59,156.5,159.37,613423
2024-04-10T04:00:00Z,156.35,156.52,154.71,156.09,596623
2024-04-09T04:00:00Z,156.06,158.51,155.2,156.61,578956
2024-04-08T04:00:00Z,152.855,155.25,152.65,154.87,408172
2024-04-05T04:00:00Z,149.86,153.405,149.685,152.45,568832
2024-04-04T04:00:00Z,153.75,154.76,150.47,150.51,893881
2024-04-03T04:00:00Z,153.49,155.08,152.745,154.92,493772
2024-04-02T04:00:00Z,153.62,154.68,152.15,154.64,626113
2024-04-01T04:00:00Z,150.63,155.67,150.63,155.42,613241
2024-03-28T04:00:00Z,150.9,151.41,150.26,150.83,375805
2024-03-27T04:00:00Z,151.18,151.56,148.92,150.9,443430
2024-03-26T04:00:00Z,150.19,152.255,150.03,150.77,624460
2024-03-25T04:00:00Z,149.95,150.37,147.82,150.07,562525
2024-03-22T04:00:00Z,149.195,151.57,149.01,150.79,578047
2024-03-21T04:00:00Z,149.55,150.275,146.93,147.62,586973
2024-03-20T04:00:00Z,148.14,148.85,146.75,148.76,381354
2024-03-19T04:00:00Z,148.22,148.72,146.095,147.03,492640
2024-03-18T04:00:00Z,148.79,152.12,147.18,147.66,1843690
2024-03-15T04:00:00Z,142.29,143.17,140.035,141.26,650645
2024-03-14T04:00:00Z,141.27,143.58,140.46,143.18,956457
2024-03-13T04:00:00Z,138.99,141.07,138.99,139.83,443714
2024-03-12T04:00:00Z,137.17,139.375,137.17,138.47,578455
2024-03-11T04:00:00Z,136.19,139.095,136.19,137.71,809365
2024-03-08T05:00:00Z,134.12,138.07,134.01,135.47,927332
2024-03-07T05:00:00Z,132.835,134.935,131.625,134.35,841470
2024-03-06T05:00:00Z,133.19,133.56,130.855,131.39,878598
2024-03-05T05:00:00Z,131.88,133.205,130.665,132.69,892483
2024-03-04T05:00:00Z,135.49,135.61,131.915,133.3,1152698
2024-03-01T05:00:00Z,138.445,138.83,136.925,137.1,821047
2024-02-29T05:00:00Z,137.42,138.855,136.405,138.3,783243
2024-02-28T05:00:00Z,137.81,138.01,135.41,136.35,706901
2024-02-27T05:00:00Z,138.03,139.245,137.09,138.89,814143
2024-02-26T05:00:00Z,142,142.335,137.39,137.53,1136479
2024-02-23T05:00:00Z,143.645,144.665,143.445,143.94,382390
2024-02-22T05:00:00Z,144.96,145,142.8,144.02,538093
2024-02-21T05:00:00Z,141.37,142.68,140.7,142.54,386976
2024-02-20T05:00:00Z,139.63,142.075,139.55,141.15,485786
2024-02-16T05:00:00Z,142.945,143.18,140.165,140.51,577941
2024-02-15T05:00:00Z,143.22,143.49,140.46,142.78,1057568
2024-02-14T05:00:00Z,146.04,146.51,144.11,145.86,409689
2024-02-13T05:00:00Z,144.92,146.65,143.7,145.15,677503
2024-02-12T05:00:00Z,148.49,149.3,147.4,147.59,320119
2024-02-09T05:00:00Z,146.405,149.41,146.21,148.98,590032
2024-02-08T05:00:00Z,145.815,146.32,145.105,145.975,994936
2024-02-07T05:00:00Z,144.77,145.605,143.935,145.53,415352
2024-02-06T05:00:00Z,144.64,145.315,143.205,144.12,775117
2024-02-05T05:00:00Z,142.85,145.45,142.85,143.59,773806
2024-02-02T05:00:00Z,139.495,142.51,136.57,142.37,1810855
2024-02-01T05:00:00Z,142.15,143.05,140.795,141.14,842020
2024-01-31T05:00:00Z,143.63,143.89,139.875,140.01,2467111
2024-01-30T05:00:00Z,152.79,153.62,151.19,151.345,711741
2024-01-29T05:00:00Z,152.15,153.77,151.495,153.57,691856
2024-01-26T05:00:00Z,151.04,152.525,151.04,152.19,470118
2024-01-25T05:00:00Z,149.99,153.05,149.57,151.92,819063
2024-01-24T05:00:00Z,148.67,149.84,148.105,148.7,1518066
2024-01-23T05:00:00Z,145.87,147.17,145.535,147.05,547618
2024-01-22T05:00:00Z,147.345,148.36,145.85,146.03,884951
2024-01-19T05:00:00Z,144.73,146.4,144.41,146.35,713195
2024-01-18T05:00:00Z,142.07,144.19,141.99,143.39,607402
2024-01-17T05:00:00Z,141.57,141.79,138.91,141.53,585411
2024-01-16T05:00:00Z,142.165,144.33,141.47,142.44,391601
2024-01-12T05:00:00Z,142.84,143.185,141.9,142.58,319568
2024-01-11T05:00:00Z,143.55,145.17,140.64,142.03,492032
2024-01-10T05:00:00Z,140.96,143,140.96,142.23,465514
2024-01-09T05:00:00Z,138.41,141.47,138.18,140.93,650379
2024-01-08T05:00:00Z,136.46,139,136.33,138.79,365758
2024-01-05T05:00:00Z,136.78,137.14,135.16,135.68,430086
2024-01-04T05:00:00Z,138.24,139.13,136.365,136.45,480327
2024-01-03T05:00:00Z,137.44,139.62,137.24,138.95,481356
2024-01-02T05:00:00Z,138.65,139.44,136.53,138.21,487627
2023-12-29T05:00:00Z,139.92,140.285,138.79,139.71,302170
2023-12-28T05:00:00Z,140.77,141.09,139.76,140.27,364589
2023-12-27T05:00:00Z,141.57,142.05,139.9,140.4,320291
2023-12-26T05:00:00Z,141.59,142.66,141.22,141.56,290241
2023-12-22T05:00:00Z,140.9,141.98,140.73,141.54,637922
2023-12-21T05:00:00Z,139.535,140.685,139.19,140.4,621645
2023-12-20T05:00:00Z,138.98,141.66,138.07,138.37,1351507
2023-12-19T05:00:00Z,136.735,137.47,136.12,136.64,464635
2023-12-18T05:00:00Z,132.62,137.14,132.61,135.81,750748
2023-12-15T05:00:00Z,131.81,133.485,131.33,132.45,625116
2023-12-14T05:00:00Z,133.39,133.7,129.685,131.96,886679
2023-12-13T05:00:00Z,133.26,133.5,131.66,132.58,830119
2023-12-12T05:00:00Z,131.83,133,131.29,132.51,559705
2023-12-11T05:00:00Z,132.32,133.33,131.415,133.26,817004
2023-12-08T05:00:00Z,134.22,136.36,134.1,134.99,645841
2023-12-07T05:00:00Z,135.085,138.56,134.73,136.94,1556661
2023-12-06T05:00:00Z,131.54,131.82,129.89,130.03,545732
2023-12-05T05:00:00Z,129,132.12,128.265,131.03,803312
2023-12-04T05:00:00Z,129.91,130.01,127.95,129.25,1420810
2023-12-01T05:00:00Z,131.92,132.08,130.68,131.82,1322852
2023-11-30T05:00:00Z,135.165,135.53,131.285,132.43,1212862
2023-11-29T05:00:00Z,137.66,138.255,134.85,135,636296
2023-11-28T05:00:00Z,136.13,137.24,135.485,137.14,404055
2023-11-27T05:00:00Z,136.06,138.42,136.015,136.44,350731
2023-11-24T05:00:00Z,138.105,138.105,136.015,136.67,368709
2023-11-22T05:00:00Z,137.675,139.41,137.48,138.48,562896
2023-11-21T05:00:00Z,136.41,137.14,135.97,137,357528
2023-11-20T05:00:00Z,133.77,136.66,133.77,136.25,600313
2023-11-17T05:00:00Z,135.87,136.05,133.67,135.29,1130078
2023-11-16T05:00:00Z,135.32,137.21,134.32,136.93,896300
2023-11-15T05:00:00Z,134.87,135.02,133.615,134.67,585785
2023-11-14T05:00:00Z,134.2,135.7,133.345,133.63,720547
2023-11-13T05:00:00Z,131.9,132.58,131.25,132.09,483103
2023-11-10T05:00:00Z,130.18,132.795,129.42,132.63,601137
2023-11-09T05:00:00Z,132.11,132.535,130.08,130.24,523234
2023-11-08T05:00:00Z,131.06,132.195,130.82,131.81,775764
2023-11-07T05:00:00Z,130.64,131.91,129.93,131.04,625252
2023-11-06T05:00:00Z,129.085,130.34,128.68,130.3,365945
2023-11-03T04:00:00Z,128.03,129.515,127.88,129.08,727398
2023-11-02T04:00:00Z,128.57,128.94,126.99,127.5,669004
2023-11-01T04:00:00Z,123.97,126.485,123.725,126.46,702982
2023-10-31T04:00:00Z,125.025,125.29,122.725,124.03,569319
2023-10-30T04:00:00Z,123.295,125.38,122.78,124.47,676287
2023-10-27T04:00:00Z,122.965,123.31,120.215,122.17,1306825
2023-10-26T04:00:00Z,122.97,124.3,121.28,122.26,1920849
2023-10-25T04:00:00Z,128.11,128.17,125.08,125.63,2892625
2023-10-24T04:00:00Z,137.86,139.315,137.45,138.9,1049089
2023-10-23T04:00:00Z,135.02,137.63,133.95,136.54,533604
2023-10-20T04:00:00Z,137.2,137.84,135.09,135.6,490902
2023-10-19T04:00:00Z,138.52,139.66,137.385,137.74,691389
2023-10-18T04:00:00Z,139.53,140.72,137.39,137.96,491902
2023-10-17T04:00:00Z,138.63,139.9,137.195,139.71,485186
2023-10-16T04:00:00Z,138.365,139.6,138.03,139.115,422782
2023-10-13T04:00:00Z,139.43,140,136.63,137.36,493265
2023-10-12T04:00:00Z,141.09,141.2,138.265,138.99,576267
2023-10-11T04:00:00Z,138.81,141.105,138.81,140.56,606162
2023-10-10T04:00:00Z,138.5,139.72,137.36,138.05,639129
2023-10-09T04:00:00Z,136.85,138.9,135.615,138.46,405644
2023-10-06T04:00:00Z,134.12,138.145,134.12,137.61,594824
2023-10-05T04:00:00Z,135.3,135.475,133.46,135.09,349973
2023-10-04T04:00:00Z,132.89,135.56,132.59,135.19,545186
2023-10-03T04:00:00Z,134.065,134.24,131.86,132.43,510838
2023-10-02T04:00:00Z,131.22,134.41,131.22,134.18,491337
2023-09-29T04:00:00Z,133.15,134.01,130.37,130.9,623868
2023-09-28T04:00:00Z,129.945,133.29,129.88,132.3,547408
2023-09-27T04:00:00Z,128.7,130.89,128.67,130.6,460209
2023-09-26T04:00:00Z,129.94,130.175,127.225,128.6,658991
2023-09-25T04:00:00Z,129.85,131.16,128.99,131.15,585879
2023-09-22T04:00:00Z,130.92,132.025,129.65,130.19,481239
2023-09-21T04:00:00Z,131.35,132.205,130.13,130.445,732698
2023-09-20T04:00:00Z,137.98,137.98,133.63,133.75,852496
2023-09-19T04:00:00Z,137.45,138.37,136.635,138.06,450705
2023-09-18T04:00:00Z,136.96,139.155,136.83,138.19,445897
2023-09-15T04:00:00Z,138.06,138.485,136.49,137.41,437355
2023-09-14T04:00:00Z,137.72,138.685,136.245,138.07,399746
2023-09-13T04:00:00Z,134.96,136.89,134.185,136.75,512474
2023-09-12T04:00:00Z,136.28,136.85,135.19,135.36,380602
2023-09-11T04:00:00Z,136.68,137.46,135.82,136.95,487780
2023-09-08T04:00:00Z,134.94,136.66,134.88,136.41,429007
2023-09-07T04:00:00Z,133.61,135.565,132.98,135.27,333845
2023-09-06T04:00:00Z,136.16,136.49,133.69,134.48,402048
2023-09-05T04:00:00Z,135.44,136.42,134.59,135.75,616288
2023-09-01T04:00:00Z,137.405,137.405,134.88,135.67,553897
2023-08-31T04:00:00Z,136.12,137.25,135.79,136.2,657391
2023-08-30T04:00:00Z,134.76,136.25,134.095,135.9,574245
2023-08-29T04:00:00Z,132.26,136.545,132.26,134.52,935802
2023-08-28T04:00:00Z,131.41,132.54,130.15,131.035,416915
2023-08-25T04:00:00Z,129.565,130.72,127.25,129.86,433445
2023-08-24T04:00:00Z,133.855,134.18,129.61,129.71,367451
2023-08-23T04:00:00Z,130.29,133.4,129.99,132.39,550683
2023-08-22T04:00:00Z,128.61,130.265,128.34,129.08,472756
2023-08-21T04:00:00Z,127.33,128.72,126.59,128.33,279028
2023-08-18T04:00:00Z,128.45,129.25,126.395,127.45,493988
2023-08-17T04:00:00Z,129.955,131.99,129.3,129.88,541679
2023-08-16T04:00:00Z,128.81,130.25,127.885,128.73,480090
2023-08-15T04:00:00Z,131.12,131.4,129.32,129.81,278293
2023-08-14T04:00:00Z,129.4,131.37,129.02,131.36,310804
2023-08-11T04:00:00Z,128.49,129.905,128.215,129.61,275998
2023-08-10T04:00:00Z,131.49,132.04,129.45,129.74,281390
2023-08-09T04:00:00Z,131.89,131.985,129.015,129.68,513050
2023-08-08T04:00:00Z,130.55,131.51,129.575,131.42,404946
2023-08-07T04:00:00Z,129.23,131.605,129.05,131.53,557252
2023-08-04T04:00:00Z,129.36,131.465,127.915,128.11,342358
2023-08-03T04:00:00Z,127.975,129.37,127.43,128.41,179836
2023-08-02T04:00:00Z,129.375,130.09,127.56,128.42,346473
2023-08-01T04:00:00Z,130.75,132.615,130.72,131.56,963802
2023-07-31T04:00:00Z,132.69,133.49,131.8,132.79,1038648
2023-07-28T04:00:00Z,130.62,133.735,130.6,132.56,623095
2023-07-27T04:00:00Z,131.51,133.225,128.83,129.48,1000302
2023-07-26T04:00:00Z,130.08,130.96,128.325,129.34,1328619
2023-07-25T04:00:00Z,121.345,123.12,121.03,122.21,932032
2023-07-24T04:00:00Z,121.69,122.98,121.03,121.58,643563
2023-07-21T04:00:00Z,120.47,120.97,118.74,120,784742
2023-07-20T04:00:00Z,121.45,124.075,118.23,119.21,660964
2023-07-19T04:00:00Z,124.45,125.17,121.83,122.03,652209
2023-07-18T04:00:00Z,124.62,124.65,122.975,123.76,517330
2023-07-17T04:00:00Z,126.12,127.09,124.205,124.63,401361
2023-07-14T04:00:00Z,125,126.775,124.61,125.48,962641
2023-07-13T04:00:00Z,121.01,124.825,120.46,124.545,1312256
2023-07-12T04:00:00Z,118.93,120.325,118.46,118.94,589563
2023-07-11T04:00:00Z,116.31,117.71,115.47,117.13,472412
2023-07-10T04:00:00Z,118.12,118.27,116.135,116.46,815029
2023-07-07T04:00:00Z,120.085,121.04,119.4,119.51,381974
2023-07-06T04:00:00Z,119.66,120.27,118.4,120.13,417220
2023-07-05T04:00:00Z,119.38,122.6,119.38,121.77,634267
2023-07-03T04:00:00Z,119.34,120.15,118.86,119.87,236667
2023-06-30T04:00:00Z,120.325,121.07,119.69,119.73,662958
2023-06-29T04:00:00Z,119.22,120.05,118.36,119.08,512636
2023-06-28T04:00:00Z,117.08,120.345,116.88,120.18,461896
2023-06-27T04:00:00Z,116.87,119.06,116.14,118.3,894373
2023-06-26T04:00:00Z,120.79,121.99,118.265,118.36,729235
2023-06-23T04:00:00Z,121.34,122.77,121.075,122.37,365534
2023-06-22T04:00:00Z,119.92,123.235,118.84,123.17,619330
2023-06-21T04:00:00Z,122.35,122.62,120.105,120.56,547014
2023-06-20T04:00:00Z,122.96,124.53,122.185,123.12,378445
2023-06-16T04:00:00Z,125.76,125.83,123.3,123.58,438486
2023-06-15T04:00:00Z,123.19,125.45,122.43,125.13,559762
2023-06-14T04:00:00Z,123.15,124.03,121.45,123.69,336744
2023-06-13T04:00:00Z,124.995,125.145,123.19,123.84,396094
2023-06-12T04:00:00Z,122.78,124.02,121.68,123.66,596421
2023-06-09T04:00:00Z,122.19,123.75,121.93,122.27,403454
2023-06-08T04:00:00Z,122.11,123.185,121.56,122.15,608269
2023-06-07T04:00:00Z,127.09,129.025,122.13,122.58,940450
2023-06-06T04:00:00Z,125.99,128.285,125.36,127.3,575058
2023-06-05T04:00:00Z,123.85,127.41,123.85,126.01,542741
2023-06-02T04:00:00Z,124.025,126.145,123.79,124.64,587609
2023-06-01T04:00:00Z,122.96,124.36,122.64,123.72,687835
2023-05-31T04:00:00Z,122.77,124.04,122.525,122.94,413555
2023-05-30T04:00:00Z,125.64,125.64,122.01,123.7,841651
2023-05-26T04:00:00Z,123.095,125.25,122.51,124.6,657646
2023-05-25T04:00:00Z,124.51,125.31,121.99,123.47,1347419
2023-05-24T04:00:00Z,121.095,121.875,119.88,120.89,792693
2023-05-23T04:00:00Z,124.17,124.62,122.22,122.61,596191
2023-05-22T04:00:00Z,122.94,126.385,122.94,125.06,599176
2023-05-19T04:00:00Z,123.51,125.95,122.155,122.78,783502
2023-05-18T04:00:00Z,121.035,123.29,120.84,122.85,558158
2023-05-17T04:00:00Z,119.68,121.67,118.895,120.84,631154
2023-05-16T04:00:00Z,116.575,120.74,116.535,119.51,995603
2023-05-15T04:00:00Z,116.3,118.46,116.3,116.55,702914
2023-05-12T04:00:00Z,116.71,117.745,116.11,117.55,840291
2023-05-11T04:00:00Z,115.375,117.9,114.43,116.56,1819149
2023-05-10T04:00:00Z,108.04,112.94,107.93,111.77,1194701
2023-05-09T04:00:00Z,108.415,110.15,107.19,107.35,803053
2023-05-08T04:00:00Z,105.2,107.945,105.19,107.74,495284
2023-05-05T04:00:00Z,104.765,105.88,104.13,105.58,489453
2023-05-04T04:00:00Z,105.53,105.56,103.97,104.69,560502
2023-05-03T04:00:00Z,105.54,107.48,105.01,105.41,483405
2023-05-02T04:00:00Z,107.13,107.19,103.735,105.35,680813
2023-05-01T04:00:00Z,106.845,107.98,106.83,107.14,537363
2023-04-28T04:00:00Z,106.92,107.33,105.095,107.33,854045
2023-04-27T04:00:00Z,104.54,108.36,103.55,107.6,1066776
2023-04-26T04:00:00Z,104.92,106.34,102.68,103.64,1412545
2023-04-25T04:00:00Z,105.81,106.685,103.85,103.91,831790
2023-04-24T04:00:00Z,105.45,106.625,104.75,105.99,493377
2023-04-21T04:00:00Z,105.45,105.99,104.78,105.44,539713
2023-04-20T04:00:00Z,103.9,106.245,103.9,105.29,643785
2023-04-19T04:00:00Z,103.56,104.98,103.09,104.2,385522
2023-04-18T04:00:00Z,106.49,106.52,104.08,104.49,563810
2023-04-17T04:00:00Z,104.58,106.145,104.58,105.965,696796
2023-04-14T04:00:00Z,106.9,108.94,106.88,108.89,1002555
2023-04-13T04:00:00Z,105.945,107.485,105.94,107.41,620812
2023-04-12T04:00:00Z,106.58,106.75,104.35,104.66,554642
2023-04-11T04:00:00Z,106.41,106.7,104.7,105.37,589749
2023-04-10T04:00:00Z,106.97,107.58,105.12,106.47,554819
2023-04-06T04:00:00Z,105.27,109.14,104.34,108.39,1067053
2023-04-05T04:00:00Z,105.75,106.09,103.68,104.495,716712
2023-04-04T04:00:00Z,104.33,105.55,104.08,104.76,593818
2023-04-03T04:00:00Z,102.37,104.53,102.125,104.39,630845
2023-03-31T04:00:00Z,101.27,103.88,101.05,103.73,678037
2023-03-30T04:00:00Z,100.94,101.15,99.78,100.87,992594
2023-03-29T04:00:00Z,102.43,102.43,100.665,101.37,746835
2023-03-28T04:00:00Z,102.31,102.39,99.745,101,887991
2023-03-27T04:00:00Z,104.62,104.76,101.965,102.5,840379
2023-03-24T04:00:00Z,105.02,105.49,103.85,105.49,1213732
2023-03-23T04:00:00Z,105.15,106.3,104.46,105.48,1303117
2023-03-22T04:00:00Z,104.22,106.55,103.345,103.37,1259836
2023-03-21T04:00:00Z,101.31,105.075,101.23,104.89,1219429
2023-03-20T04:00:00Z,100.13,101.75,99.895,101.28,822515
2023-03-17T04:00:00Z,100.22,102.83,100.135,101.61,1113079
2023-03-16T04:00:00Z,96.28,101.17,95.52,100.33,1641453
2023-03-15T04:00:00Z,93.16,96.92,92.655,96.2,1214126
2023-03-14T04:00:00Z,92.58,94.36,92.445,93.96,778212
2023-03-13T04:00:00Z,90.09,92.55,89.44,91.11,816973
2023-03-10T05:00:00Z,92.195,92.76,90.405,90.62,701117
2023-03-09T05:00:00Z,94.04,95.52,91.915,92.32,608940
2023-03-08T05:00:00Z,94.12,95.955,94.02,94.29,1143303
2023-03-07T05:00:00Z,95.02,95.645,93.54,93.9,813833
2023-03-06T05:00:00Z,94.015,95.955,94.01,95.14,1164523
2023-03-03T05:00:00Z,92.52,93.72,92.495,93.63,774446
2023-03-02T05:00:00Z,89.695,92.265,89.59,92.04,1808785
2023-03-01T05:00:00Z,90,91.02,89.71,90.4,507897
2023-02-28T05:00:00Z,89.33,91.225,89.32,90.07,524759
2023-02-27T05:00:00Z,89.9,90.145,89.355,89.88,529117
2023-02-24T05:00:00Z,89.42,89.86,88.575,89.16,722955
2023-02-23T05:00:00Z,91.9,91.9,89.765,90.88,853239
2023-02-22T05:00:00Z,91.72,92.11,90.62,91.65,503096
2023-02-21T05:00:00Z,93,93.07,91.73,91.82,606256
2023-02-17T05:00:00Z,94.83,95.535,93.21,94.33,959231
2023-02-16T05:00:00Z,95.44,97.675,94.77,95.55,1313393
2023-02-15T05:00:00Z,94.42,97.105,94.19,96.95,1391997
2023-02-14T05:00:00Z,94.44,94.845,92.275,94.68,1707504
2023-02-13T05:00:00Z,94.74,95.18,93.845,94.61,1468212
2023-02-10T05:00:00Z,95.39,96.73,94.26,94.56,1408329
2023-02-09T05:00:00Z,100,100.01,93.63,95.01,3853980
2023-02-08T05:00:00Z,102.075,103.14,98.06,99.39,2668719
2023-02-07T05:00:00Z,103.315,108.17,103.12,107.64,1810002
2023-02-06T05:00:00Z,102.43,104.35,101.9,102.96,857229
2023-02-03T05:00:00Z,102.92,107.8,102.61,104.75,2612864
2023-02-02T05:00:00Z,105.785,107.81,105.635,107.73,2493232
2023-02-01T05:00:00Z,98.76,101.19,97.66,100.44,703561
2023-01-31T05:00:00Z,97.03,98.88,96.87,98.87,483243
2023-01-30T05:00:00Z,97.48,98.23,96.395,96.94,448380
2023-01-27T05:00:00Z,97.335,100.32,97.335,99.38,835900
2023-01-26T05:00:00Z,96.6,97.56,95.4,97.51,949837
2023-01-25T05:00:00Z,95.35,96.15,93.79,95.21,1371143
2023-01-24T05:00:00Z,98.135,99.56,97.22,97.67,808971
2023-01-23T05:00:00Z,97.925,100.035,97.52,99.77,1190747
2023-01-20T05:00:00Z,95.11,98.285,95.09,98,1525349
2023-01-19T05:00:00Z,90.74,93.6,90.73,93.09,965762
2023-01-18T05:00:00Z,92.14,92.77,90.645,91.11,661845
2023-01-17T05:00:00Z,92.04,92.23,90.06,91.31,719054
2023-01-13T05:00:00Z,90.76,92.17,90.13,92.1,470339
2023-01-12T05:00:00Z,91.59,91.84,89.76,91.1,778376
2023-01-11T05:00:00Z,89.18,91.59,89.02,91.48,637180
2023-01-10T05:00:00Z,85.88,88.63,85.88,88.43,721069
2023-01-09T05:00:00Z,88.42,90.05,87.865,88.04,861818
2023-01-06T05:00:00Z,86.865,87.685,84.87,87.33,1067766
2023-01-05T05:00:00Z,87.35,87.56,85.915,86.18,635049
2023-01-04T05:00:00Z,90.42,90.6,87.285,88.05,789873
2023-01-03T05:00:00Z,89.57,91.03,88.53,89.13,574697
2022-12-30T05:00:00Z,86.9,88.295,86.575,88.22,495616
2022-12-29T05:00:00Z,86.66,88.84,86.66,88.4,564444
2022-12-28T05:00:00Z,87.02,88.03,85.945,86.02,439245
2022-12-27T05:00:00Z,88.8,88.8,87.025,87.41,319293
2022-12-23T05:00:00Z,87.1,89.53,87.07,89.24,476528
2022-12-22T05:00:00Z,88.18,88.46,86.33,87.77,491477
2022-12-21T05:00:00Z,89.08,90.205,88.335,89.59,431816
2022-12-20T05:00:00Z,88.25,89.16,87.46,89.04,517358
2022-12-19T05:00:00Z,90.36,90.54,88.22,88.44,793871
2022-12-16T05:00:00Z,90.74,91.32,89.53,90.26,988510
2022-12-15T05:00:00Z,93.115,93.57,90.01,90.85,884391
2022-12-14T05:00:00Z,95.23,96.87,93.6,95.04,763911
2022-12-13T05:00:00Z,97.84,99.52,95.03,95.66,1169075
2022-12-12T05:00:00Z,92.74,93.56,91.62,93.32,1076053
2022-12-09T05:00:00Z,93.7,94.18,92.75,92.79,1092840
2022-12-08T05:00:00Z,95.38,95.575,93.45,93.725,1207364
2022-12-07T05:00:00Z,96.44,96.88,94.72,94.94,829429
2022-12-06T05:00:00Z,99.11,99.77,96.425,96.97,660780
2022-12-05T05:00:00Z,99.435,101.37,99.01,99.47,608848
2022-12-02T05:00:00Z,99.01,100.77,98.92,100.44,550528
2022-12-01T05:00:00Z,101.11,102.23,100.26,101,684825
2022-11-30T05:00:00Z,94.88,101.04,94.445,101.01,958421
2022-11-29T05:00:00Z,95.74,96.11,94.13,95.19,478490
2022-11-28T05:00:00Z,97.06,97.54,95.615,96.09,573145
2022-11-25T05:00:00Z,98.025,98.62,97.41,97.49,286033
2022-11-23T05:00:00Z,97.13,98.75,97.13,98.5,533162
2022-11-22T05:00:00Z,95.915,97.2,94.06,97.05,665329
2022-11-21T05:00:00Z,97.28,98.395,95.355,95.61,929600
2022-11-18T05:00:00Z,98.78,98.9,96.38,97.47,742590
2022-11-17T05:00:00Z,96.98,99.265,96.81,98.42,671080
2022-11-16T05:00:00Z,97.97,99.625,97.67,98.88,1047599
2022-11-15T05:00:00Z,98.33,100.13,96.74,98.49,1422987
2022-11-14T05:00:00Z,95.1,96.79,94.52,95.7,750583
2022-11-11T05:00:00Z,94.64,96.93,93.93,96.42,1118562
2022-11-10T05:00:00Z,92.34,94.38,91.61,93.9,1784749
2022-11-09T05:00:00Z,88.4,89.41,87.31,87.33,769418
2022-11-08T05:00:00Z,88.9,90.32,87.61,88.9,972855
2022-11-07T05:00:00Z,87.36,88.895,86.85,88.51,1049658
2022-11-04T04:00:00Z,85.47,86.64,83.72,86.63,1738992
2022-11-03T04:00:00Z,86.31,86.505,83.4,83.4,2721505
2022-11-02T04:00:00Z,90.94,91.14,86.88,86.93,2426924
2022-11-01T04:00:00Z,95.66,96.02,90.38,90.48,2678294
2022-10-31T04:00:00Z,95.4,96.01,93.99,94.5,779862
2022-10-28T04:00:00Z,92.26,96.545,92.15,96.27,1446692
2022-10-27T04:00:00Z,94.49,95.4,91.8,92.25,2273562
2022-10-26T04:00:00Z,96.51,98.31,94.7,94.93,2953389
2022-10-25T04:00:00Z,102.94,104.82,102.74,104.515,1187959
2022-10-24T04:00:00Z,101.7,102.745,99.98,102.55,1018391
2022-10-21T04:00:00Z,97.87,101.27,97.73,101.11,1274644
2022-10-20T04:00:00Z,100.01,102.32,99.4,99.96,786684
2022-10-19T04:00:00Z,99.95,100.995,98.925,99.705,958577
2022-10-18T04:00:00Z,103.18,103.45,100.04,100.81,839479
2022-10-17T04:00:00Z,98.955,100.91,98.9,100.03,889371
2022-10-14T04:00:00Z,100,100.68,96.375,96.56,1003373
2022-10-13T04:00:00Z,94.91,99.76,94.39,99.1,1284817
2022-10-12T04:00:00Z,97.29,98.74,96.74,97.51,811904
2022-10-11T04:00:00Z,97.4,99.245,96.34,97.17,793088
2022-10-10T04:00:00Z,99.04,99.08,97.02,97.82,473539
2022-10-07T04:00:00Z,99.86,100.53,98.315,98.73,589578
2022-10-06T04:00:00Z,100.64,102.92,100.64,101.44,719719
2022-10-05T04:00:00Z,99.9,101.91,98.82,101.445,657484
2022-10-04T04:00:00Z,100.46,101.83,100.46,101.65,803198
2022-10-03T04:00:00Z,96.71,99.26,96.57,98.625,788247
2022-09-30T04:00:00Z,97.04,98.89,95.58,95.68,1138785
2022-09-29T04:00:00Z,98.58,98.58,95.96,97.44,976167
2022-09-28T04:00:00Z,97.61,100.685,97.12,100.04,1131263
2022-09-27T04:00:00Z,99.43,99.98,96.89,97.5,901525
2022-09-26T04:00:00Z,98.12,99.88,97.805,98.25,940278
2022-09-23T04:00:00Z,99.59,99.6,97.48,98.76,990726
2022-09-22T04:00:00Z,98.82,101.23,98.8,100.11,1033068
2022-09-21T04:00:00Z,101.6,102.82,99.28,99.28,1039225
2022-09-20T04:00:00Z,102.12,102.35,100.52,101.18,750871
2022-09-19T04:00:00Z,101.74,103.33,101.58,103.09,655210
2022-09-16T04:00:00Z,102.06,103.13,100.94,102.82,1106383
2022-09-15T04:00:00Z,104.03,105.26,102.36,102.91,1215303
2022-09-14T04:00:00Z,104.6,105.26,103.67,105.02,796214
2022-09-13T04:00:00Z,107.68,108.25,104.11,104.32,982728
2022-09-12T04:00:00Z,110.98,111.61,109.96,110.86,887315
2022-09-09T04:00:00Z,109.12,110.99,109.1,110.65,962915
2022-09-08T04:00:00Z,108.05,109.59,107.17,108.36,1030674
2022-09-07T04:00:00Z,107.12,109.98,106.94,109.45,828025
2022-09-06T04:00:00Z,107.31,108.03,105.81,106.83,763781
2022-09-02T04:00:00Z,110.6,110.73,107.26,107.85,569242
2022-09-01T04:00:00Z,108.32,110.39,107.37,109.77,794211
2022-08-31T04:00:00Z,110.74,110.84,108.2,108.2,639576
2022-08-30T04:00:00Z,110.14,110.44,107.81,108.95,748151
2022-08-29T04:00:00Z,109.85,110.92,108.815,109.36,829228
2022-08-26T04:00:00Z,114.65,115.1,110.25,110.34,1105185
2022-08-25T04:00:00Z,114.24,116.72,114.11,116.65,480332
2022-08-24T04:00:00Z,113.52,114.77,112.94,113.71,568038
2022-08-23T04:00:00Z,113.46,115,113.46,113.87,552933
2022-08-22T04:00:00Z,115.01,115.57,113.87,114.31,673130
2022-08-19T04:00:00Z,119.02,119.125,116.79,117.23,748463
2022-08-18T04:00:00Z,119.44,120.81,118.75,120.15,848247
2022-08-17T04:00:00Z,120.13,121.29,119.39,119.58,711187
2022-08-16T04:00:00Z,121.545,122.43,120.65,121.71,617369
2022-08-15T04:00:00Z,121.15,122.28,120.615,122.11,721257
2022-08-12T04:00:00Z,120.23,121.65,119.54,121.64,604848
2022-08-11T04:00:00Z,121.42,121.48,118.56,118.85,757938
2022-08-10T04:00:00Z,118.82,120.91,118.46,119.62,810961
2022-08-09T04:00:00Z,117.05,117.31,115.72,116.62,669348
2022-08-08T04:00:00Z,118.46,120.13,116.92,117.3,577372
2022-08-05T04:00:00Z,116.18,118.09,116.01,117.45,464101
2022-08-04T04:00:00Z,117.67,118.78,116.9,118.24,550470
2022-08-03T04:00:00Z,115.75,118.61,115.51,118.03,591423
2022-08-02T04:00:00Z,113.82,116.34,113.78,115.15,556064
2022-08-01T04:00:00Z,115.265,116.7,114.39,114.79,620145
2022-07-29T04:00:00Z,113.19,116.705,113.13,116.34,1211476
2022-07-28T04:00:00Z,112.29,114.34,111.545,114.325,1119827
2022-07-27T04:00:00Z,109.44,113.88,108.03,113.07,2024859
2022-07-26T04:00:00Z,106.46,107.19,104.07,104.97,1166971
2022-07-25T04:00:00Z,108.33,109.87,106.32,107.55,1595665
2022-07-22T04:00:00Z,110.95,112.28,106.5,107.905,1972227
2022-07-21T04:00:00Z,114.35,114.55,111.13,114.34,1107032
2022-07-20T04:00:00Z,113.27,115.38,112.52,113.88,1296003
2022-07-19T04:00:00Z,110.87,113.99,109.67,113.83,1047138
2022-07-18T04:00:00Z,112.68,113.675,108.4,109.05,1386688
2022-07-15T04:00:00Z,2242.14,2257.66,2219.88,2235.49,100988
2022-07-14T04:00:00Z,2208.52,2220.93,2167.61,2208.38,100949
2022-07-13T04:00:00Z,2233.54,2281.69,2224.12,2229.43,94740
2022-07-12T04:00:00Z,2327.76,2338.29,2274.05,2282.13,75016
2022-07-11T04:00:00Z,2356.96,2356.975,2308.09,2312.5,56791
2022-07-08T04:00:00Z,2343.08,2392.51,2343.08,2387.79,59796
2022-07-07T04:00:00Z,2308.17,2383.26,2296.67,2375.69,95542
2022-07-06T04:00:00Z,2268.65,2311.515,2231.39,2291.67,87642
2022-07-05T04:00:00Z,2143.62,2266.72,2116.8,2266.72,119406
2022-07-01T04:00:00Z,2160.37,2183.14,2136.3,2173.61,89134
2022-06-30T04:00:00Z,2204,2217.67,2135.465,2180.88,120557
2022-06-29T04:00:00Z,2234.4,2262.735,2218.28,2233.25,77611
2022-06-28T04:00:00Z,2315.855,2343.11,2237.32,2240.96,96384
2022-06-27T04:00:00Z,2367.425,2371.28,2304.42,2317.38,95767
2022-06-24T04:00:00Z,2265.285,2359.87,2265.285,2359.87,90230
2022-06-23T04:00:00Z,2240.93,2254.85,2212.91,2245.765,82920
2022-06-22T04:00:00Z,2212.74,2264.2,2210.27,2228.46,72015
2022-06-21T04:00:00Z,2174.775,2248.915,2173.85,2229,111840
2022-06-17T04:00:00Z,2124.115,2172.88,2102,2141.45,100487
2022-06-16T04:00:00Z,2145.79,2172.3,2104.9,2121.38,97403
2022-06-15T04:00:00Z,2167.435,2227,2155.56,2196.56,81161
2022-06-14T04:00:00Z,2130.71,2154.79,2116.38,2134.26,101520
2022-06-13T04:00:00Z,2136.375,2173.435,2123.1,2127.78,141758
2022-06-10T04:00:00Z,2264.18,2264.18,2207.98,2224.03,88535
2022-06-09T04:00:00Z,2326.745,2362.83,2296.05,2296.13,74364
2022-06-08T04:00:00Z,2334.21,2370.6,2333.74,2342,59717
2022-06-07T04:00:00Z,2306.06,2350.78,2304.26,2342.52,64717
2022-06-06T04:00:00Z,2334.09,2383.93,2325.225,2335.19,76321
2022-06-03T04:00:00Z,2313.87,2320.57,2271.4,2290.82,66340
2022-06-02T04:00:00Z,2282.005,2356.13,2258.93,2351.15,150413
2022-06-01T04:00:00Z,2295.8,2340.78,2266.445,2277.17,82946
2022-05-31T04:00:00Z,2254.2,2311.96,2242.99,2274.85,154134
2022-05-27T04:00:00Z,2186.17,2246.12,2184.89,2245.29,106047
2022-05-26T04:00:00Z,2115.67,2170.14,2106.545,2155.28,127104
2022-05-25T04:00:00Z,2099.06,2128.97,2079.19,2116.98,132101
2022-05-24T04:00:00Z,2118.06,2129.165,2038.28,2119.705,284895
2022-05-23T04:00:00Z,2192.12,2239.83,2174.82,2229.23,125771
2022-05-20T04:00:00Z,2234.45,2241.355,2117.15,2179.48,131949
2022-05-19T04:00:00Z,2232.2,2260.005,2201.6,2206.26,111441
2022-05-18T04:00:00Z,2302.12,2305.55,2233.25,2239.12,117671
2022-05-17T04:00:00Z,2335.605,2335.605,2298.94,2330,74356
2022-05-16T04:00:00Z,2302.65,2322.73,2278.165,2289.46,78199
2022-05-13T04:00:00Z,2281.78,2355.71,2276.04,2321.05,95785
2022-05-12T04:00:00Z,2225.855,2285.9,2197.6,2256.87,166769
2022-05-11T04:00:00Z,2270.9,2321.76,2268.17,2271.3,126947
2022-05-10T04:00:00Z,2306.965,2324.98,2260.11,2288.505,124916
2022-05-09T04:00:00Z,2264.32,2301.01,2240.06,2251.6,135053
2022-05-06T04:00:00Z,2310.35,2350.44,2282.68,2312.56,122375
2022-05-05T04:00:00Z,2402.765,2417.81,2301.32,2337.8,162294
2022-05-04T04:00:00Z,2343.22,2455.75,2302.42,2446.07,194509
2022-05-03T04:00:00Z,2331.52,2368,2322.06,2346.35,83180
2022-05-02T04:00:00Z,2273.4,2334.78,2253.39,2332.85,101667
2022-04-29T04:00:00Z,2334.69,2356.545,2277.71,2283.21,103046
2022-04-28T04:00:00Z,2329.645,2389.28,2283.72,2365.935,134281
2022-04-27T04:00:00Z,2285.935,2342.78,2257.12,2288.29,309984
2022-04-26T04:00:00Z,2443.28,2443.28,2371.055,2375.49,188325
2022-04-25T04:00:00Z,2378.53,2464.67,2371.4,2461.33,124913
2022-04-22T04:00:00Z,2498.95,2504.21,2378.6,2392.4,125608
2022-04-21T04:00:00Z,2584.54,2599.4,2492.74,2496.82,64847
2022-04-20T04:00:00Z,2617,2627.44,2550.825,2560.17,95405
2022-04-19T04:00:00Z,2551.12,2604.845,2541,2600.1,57952
2022-04-18T04:00:00Z,2542.22,2559.92,2525.88,2553.42,31525
2022-04-14T04:00:00Z,2592.34,2592.34,2532.425,2534.78,61899
2022-04-13T04:00:00Z,2561.77,2606.225,2557.2,2596.72,54482
2022-04-12T04:00:00Z,2604.035,2619.8,2537.985,2553.46,61829
2022-04-11T04:00:00Z,2636.67,2639.84,2573.49,2578.02,130776
2022-04-08T04:00:00Z,2710.76,2711.81,2659.735,2665.76,53670
2022-04-07T04:00:00Z,2724.4,2739.65,2685.15,2718.02,51073
2022-04-06T04:00:00Z,2772.15,2772.15,2710.8,2730.115,64266
2022-04-05T04:00:00Z,2851.45,2854.34,2809.155,2813.49,35313
2022-04-04T04:00:00Z,2826.4,2874.22,2826.4,2858.79,50602
2022-04-01T04:00:00Z,2789.83,2807.58,2767.59,2802.54,54182
2022-03-31T04:00:00Z,2839.58,2842.005,2781.02,2781.02,62392
2022-03-30T04:00:00Z,2849.55,2853.33,2833.1,2839.32,41181
2022-03-29T04:00:00Z,2854.22,2874.91,2841.6,2848.93,70364
2022-03-28T04:00:00Z,2817.115,2840,2798.59,2828.92,104662
2022-03-25T04:00:00Z,2837.87,2837.88,2795.18,2834.99,74791
2022-03-24T04:00:00Z,2784.18,2831.54,2761.18,2831.54,76749
2022-03-23T04:00:00Z,2773.01,2791.73,2759.3,2766.14,85550
2022-03-22T04:00:00Z,2724,2820.37,2724,2798.11,116799
2022-03-21T04:00:00Z,2724.8,2740.58,2685.75,2722.01,81173
2022-03-18T04:00:00Z,2661.59,2724.36,2647.53,2721.51,118992
2022-03-17T04:00:00Z,2660.54,2681.37,2643.7,2674.24,165689
2022-03-16T04:00:00Z,2614.66,2666.64,2576.265,2666.64,116239
2022-03-15T04:00:00Z,2540.95,2595.32,2514.48,2585.46,99842
2022-03-14T04:00:00Z,2602.39,2603.39,2505.75,2518.6,258387
2022-03-11T05:00:00Z,2671.54,2675.68,2593.17,2593.44,152468
2022-03-10T05:00:00Z,2631.6,2663.31,2620.19,2646.88,96883
2022-03-09T05:00:00Z,2623.64,2674.35,2600.75,2668.68,141276
2022-03-08T05:00:00Z,2524.5,2624.02,2516.24,2540.62,145044
2022-03-07T05:00:00Z,2630.79,2630.79,2526.26,2526.87,160541
2022-03-04T05:00:00Z,2658.42,2675.79,2607.69,2639.71,110576
2022-03-03T05:00:00Z,2717.05,2727.63,2661.39,2678.58,83477
2022-03-02T05:00:00Z,2692.93,2704.68,2662.7,2692.31,85759
2022-03-01T05:00:00Z,2695.52,2721.29,2664.8,2685.39,100036
2022-02-28T05:00:00Z,2660.095,2713.61,2654.01,2699.59,106003
2022-02-25T05:00:00Z,2671.275,2704.93,2637.6,2689.46,121551
2022-02-24T05:00:00Z,2499.065,2659.63,2499.065,2655.53,173692
2022-02-23T05:00:00Z,2636.78,2640.51,2551.56,2553.27,121775
2022-02-22T05:00:00Z,2598.05,2643.605,2566.16,2596.54,156032
2022-02-18T05:00:00Z,2669.1,2678.95,2604.23,2608.92,157179
2022-02-17T05:00:00Z,2726.82,2741.36,2649.83,2650.35,138608
2022-02-16T05:00:00Z,2734.59,2761.06,2698.475,2756.12,73883
2022-02-15T05:00:00Z,2753.4,2758.04,2717.59,2729.13,70903
2022-02-14T05:00:00Z,2667.175,2725.55,2667.175,2712.73,118871
2022-02-11T05:00:00Z,2773.33,2782.07,2668.98,2686.01,112462
2022-02-10T05:00:00Z,2793.585,2828.5,2759.805,2773.54,131222
2022-02-09T05:00:00Z,2820.8,2847.98,2805.33,2831.18,120965
2022-02-08T05:00:00Z,2776.65,2799.17,2741.36,2786.13,173164
2022-02-07T05:00:00Z,2883.17,2883.17,2779.22,2781.84,128144
2022-02-04T05:00:00Z,2870.95,2896.21,2813.8,2867.905,131245
2022-02-03T05:00:00Z,2913.035,2992.35,2853.66,2862.19,210611
2022-02-02T05:00:00Z,3027.5,3027.5,2910.86,2958.22,284066
2022-02-01T05:00:00Z,2753.08,2755.855,2688.035,2749.945,148989
2022-01-31T05:00:00Z,2683.735,2709.06,2646.33,2706.98,114047
2022-01-28T05:00:00Z,2600,2665.39,2569.7,2665.38,115968
2022-01-27T05:00:00Z,2631.17,2653.045,2579,2580.1,117377
2022-01-26T05:00:00Z,2622.38,2659.51,2550.3,2590.18,151949
2022-01-25T05:00:00Z,2574.8,2587.16,2533.76,2542.89,156476
2022-01-24T05:00:00Z,2517.62,2623.695,2491,2618.285,256808
2022-01-21T05:00:00Z,2651.87,2696.645,2602.42,2606.065,183533
2022-01-20T05:00:00Z,2723.8,2751.62,2660.01,2663.59,103239
2022-01-19T05:00:00Z,2732.555,2757.41,2700.74,2704.06,62465
2022-01-18T05:00:00Z,2728.59,2742.4,2709.115,2719.88,123635
2022-01-14T05:00:00Z,2741.93,2814.73,2741.93,2787.33,85141
2022-01-13T05:00:00Z,2841.27,2853.65,2769.4,2771.09,107110
2022-01-12T05:00:00Z,2820.4,2848.925,2814.38,2826.3,57744
2022-01-11T05:00:00Z,2761.59,2803.2,2734.38,2796.02,81908
2022-01-10T05:00:00Z,2703.67,2775.23,2663.985,2774.16,144915
2022-01-07T05:00:00Z,2764.45,2768.91,2718.84,2740.5,79871
2022-01-06T05:00:00Z,2739.54,2797.84,2731.805,2755.63,99786
2022-01-05T05:00:00Z,2885.74,2887.64,2754.03,2755,131294
2022-01-04T05:00:00Z,2907.92,2929.17,2874.325,2888.17,57019
2022-01-03T05:00:00Z,2903.67,2916.18,2874.255,2898.17,67332
2021-12-31T05:00:00Z,2920.77,2927.78,2897.57,2898.64,33785
2021-12-30T05:00:00Z,2933.72,2946,2920.37,2925.18,22799
2021-12-29T05:00:00Z,2932.43,2948.34,2914.2,2933.58,42579
2021-12-28T05:00:00Z,2958.08,2958.485,2921.74,2932.59,41143
2021-12-27T05:00:00Z,2945.98,2964.59,2945.98,2957.455,28437
2021-12-23T05:00:00Z,2929.41,2962.94,2929.41,2937.385,55944
2021-12-22T05:00:00Z,2862.63,2929.5,2862.63,2929,52198
2021-12-21T05:00:00Z,2845.64,2876.28,2813.29,2869.34,66526
2021-12-20T05:00:00Z,2797.01,2834.97,2789.63,2832.36,52633
2021-12-17T05:00:00Z,2844.48,2876.21,2826.1,2833.52,79986
2021-12-16T05:00:00Z,2940.1,2950.46,2875.11,2891.13,89993
2021-12-15T05:00:00Z,2868.44,2933.5,2837.86,2929,79484
2021-12-14T05:00:00Z,2874.58,2887.41,2825.95,2879.28,77878
2021-12-13T05:00:00Z,2945.2,2952.79,2915.61,2915.61,46751
2021-12-10T05:00:00Z,2970,2978.655,2937.32,2960.08,50586
2021-12-09T05:00:00Z,2952.79,2980.12,2943.74,2953,45079
2021-12-08T05:00:00Z,2952.28,2965.555,2931.385,2965.41,42126
2021-12-07T05:00:00Z,2911.51,2950.2,2905.96,2945.75,72584
2021-12-06T05:00:00Z,2864.615,2876.96,2806.52,2863.58,71065
2021-12-03T05:00:00Z,2875,2887.225,2807.63,2846.46,106016
2021-12-02T05:00:00Z,2822.12,2874.6,2808.96,2855.94,108683
2021-12-01T05:00:00Z,2882.665,2918.185,2818.95,2818.95,99849
2021-11-30T05:00:00Z,2897.835,2918.52,2834,2838.41,119643
2021-11-29T05:00:00Z,2883.54,2925.09,2883.54,2910.71,77355
2021-11-26T05:00:00Z,2880.3,2890.16,2839.13,2848.39,58011
2021-11-24T05:00:00Z,2904.71,2923.63,2887.92,2922.59,42737
2021-11-23T05:00:00Z,2923.975,2932.715,2883.21,2917.41,80586
2021-11-22T05:00:00Z,2987.2,2990.87,2923.58,2927.15,65798
2021-11-19T05:00:00Z,3002.215,3016,2978.12,2978.12,67641
2021-11-18T05:00:00Z,2964.83,3010,2957.69,2998.29,62513
2021-11-17T05:00:00Z,2964.65,2969.625,2947.33,2963.04,51330
2021-11-16T05:00:00Z,2957.485,2973.28,2950.93,2958.46,34982
2021-11-15T05:00:00Z,2979.25,2990.02,2952.15,2969.49,41836
2021-11-12T05:00:00Z,2932.5,2976.43,2912.07,2976.32,39774
2021-11-11T05:00:00Z,2929.2,2950.335,2913.44,2915.35,29665
2021-11-10T05:00:00Z,2958.43,2961.05,2892.38,2921.04,70059
2021-11-09T05:00:00Z,2990.11,2992.67,2945.1,2979.1,49286
2021-11-08T05:00:00Z,2994.19,3010.78,2970.39,2980.76,33905
2021-11-05T04:00:00Z,2983.23,3005.79,2963.94,2976.8,76400
2021-11-04T04:00:00Z,2943.49,2994.3,2930.32,2966.02,57648
2021-11-03T04:00:00Z,2918.53,2933.08,2893.66,2933.08,52667
2021-11-02T04:00:00Z,2890.285,2931.75,2887.01,2910.52,80440
2021-11-01T04:00:00Z,2959.21,2960.01,2867.14,2869.22,128233
2021-10-29T04:00:00Z,2906.56,2962.37,2893.68,2959.84,76138
2021-10-28T04:00:00Z,2942.26,2942.26,2895.06,2915.76,64480
2021-10-27T04:00:00Z,2793.91,2971.58,2793.735,2925.1,186959
2021-10-26T04:00:00Z,2788.78,2799.28,2766.825,2786.27,132353
2021-10-25T04:00:00Z,2752.8,2757.65,2708.48,2747.45,136558
2021-10-22T04:00:00Z,2787.385,2810,2724.02,2752.21,124899
2021-10-21T04:00:00Z,2835.425,2840.65,2814.55,2839.02,53711
2021-10-20T04:00:00Z,2865.18,2866.68,2827.53,2834.23,65572
2021-10-19T04:00:00Z,2867.19,2870.86,2853.85,2864.79,44376
2021-10-18T04:00:00Z,2823.34,2855.1,2823.34,2855.1,39776
2021-10-15T04:00:00Z,2830.72,2830.72,2815.82,2828.53,60515
2021-10-14T04:00:00Z,2791.59,2826.32,2778.96,2823.33,63560
2021-10-13T04:00:00Z,2748.99,2757.05,2732,2753.46,44131
2021-10-12T04:00:00Z,2786.47,2786.47,2716.73,2728.51,90388
2021-10-11T04:00:00Z,2787.975,2813.01,2778.33,2778.37,54834
2021-10-08T04:00:00Z,2798.27,2805.1,2786.2,2797.2,49269
2021-10-07T04:00:00Z,2780.53,2800.84,2774.74,2786.23,54272
2021-10-06T04:00:00Z,2695.85,2754.77,2695.2,2752.72,68088
2021-10-05T04:00:00Z,2692.22,2743.38,2685.82,2718.87,68054
2021-10-04T04:00:00Z,2711.53,2713.9,2626.24,2675.315,111563
2021-10-01T04:00:00Z,2683.735,2737.91,2683.4,2727.56,63015
2021-09-30T04:00:00Z,2685.99,2710.76,2671.77,2672.44,136784
2021-09-29T04:00:00Z,2737.8,2739.7,2677.73,2685.51,96754
2021-09-28T04:00:00Z,2773.01,2780.75,2707.755,2717.15,102070
2021-09-27T04:00:00Z,2825.87,2835.62,2801.6,2821.825,58628
2021-09-24T04:00:00Z,2810.65,2845.63,2806.48,2845.63,42027
2021-09-23T04:00:00Z,2819.75,2833.35,2812.18,2824.31,64317
2021-09-22T04:00:00Z,2786,2817.74,2772.8,2804.71,81176
2021-09-21T04:00:00Z,2797.94,2799.45,2766.66,2779.22,118648
2021-09-20T04:00:00Z,2755.01,2779.44,2729.61,2775.33,112034
2021-09-17T04:00:00Z,2862.54,2866.91,2809.395,2816.05,118332
2021-09-16T04:00:00Z,2876.82,2883.65,2848.4,2871.56,63487
2021-09-15T04:00:00Z,2856.525,2889,2829.44,2889,62030
2021-09-14T04:00:00Z,2859.905,2867.26,2835.67,2850.15,68414
2021-09-13T04:00:00Z,2837.78,2857.815,2825.93,2847.41,57146
2021-09-10T04:00:00Z,2889.39,2892,2815.8,2818.43,114775
2021-09-09T04:00:00Z,2877.51,2885.265,2865.19,2870.86,39949
2021-09-08T04:00:00Z,2882.38,2886.27,2860.36,2873.77,45486
2021-09-07T04:00:00Z,2879.83,2891.21,2873.06,2885.37,65087
2021-09-03T04:00:00Z,2862.54,2882.09,2849.85,2875.05,56275
2021-09-02T04:00:00Z,2904.31,2909.64,2864.65,2865.11,109416
2021-09-01T04:00:00Z,2902.6,2925.075,2898.01,2902.81,49939
2021-08-31T04:00:00Z,2900.36,2903.07,2887.41,2895.52,42090
2021-08-30T04:00:00Z,2885.85,2918.295,2883.4,2892.55,73611
2021-08-27T04:00:00Z,2831.18,2889.65,2831.18,2880.26,84717
2021-08-26T04:00:00Z,2837.56,2847.9,2828.96,2828.96,41512
2021-08-25T04:00:00Z,2829.63,2842.865,2827.83,2842.23,45303
2021-08-24T04:00:00Z,2810.805,2840.63,2809.015,2825.67,66179
2021-08-23T04:00:00Z,2759.12,2816.81,2753.34,2800.6,71473
2021-08-20T04:00:00Z,2716.18,2750.84,2715.87,2749.6,65916
2021-08-19T04:00:00Z,2696.24,2725.86,2689.93,2714.93,41390
2021-08-18T04:00:00Z,2730.09,2740.78,2707.405,2708.595,37290
2021-08-17T04:00:00Z,2748.52,2763.545,2722.32,2732.26,49700
2021-08-16T04:00:00Z,2748.6,2766.67,2705.975,2766.67,60840
2021-08-13T04:00:00Z,2744.31,2756.9,2741.2,2755.25,41917
2021-08-12T04:00:00Z,2722.06,2745.42,2709.015,2744.02,46715
2021-08-11T04:00:00Z,2750,2752.86,2725.48,2725.48,40692
2021-08-10T04:00:00Z,2743.24,2754.57,2728.82,2736.03,44362
2021-08-09T04:00:00Z,2712.66,2743.34,2707.575,2738.965,47285
2021-08-06T04:00:00Z,2720,2728.47,2706.6,2714.52,45169
2021-08-05T04:00:00Z,2708.395,2726.89,2698.62,2725.72,45387
2021-08-04T04:00:00Z,2707.32,2712.585,2691.39,2702.29,45800
2021-08-03T04:00:00Z,2696.4,2714.18,2669.43,2713.53,56026
2021-08-02T04:00:00Z,2704.98,2704.99,2681.87,2699.6,46036
2021-07-30T04:00:00Z,2689.44,2705.31,2687.105,2694.54,55946
2021-07-29T04:00:00Z,2723.8,2732.51,2711.19,2715.89,85226
2021-07-28T04:00:00Z,2726.12,2765.18,2707.59,2724.97,229617
2021-07-27T04:00:00Z,2686.06,2686.555,2603.16,2638.43,131426
2021-07-26T04:00:00Z,2660.88,2684.44,2647.25,2683.57,65835
2021-07-23T04:00:00Z,2609.78,2666.76,2598.91,2659.37,60756
2021-07-22T04:00:00Z,2556.07,2568.6,2553.02,2567.59,28490
2021-07-21T04:00:00Z,2521.01,2551.565,2520.65,2550.58,37324
2021-07-20T04:00:00Z,2507.17,2540.22,2488.04,2525.42,51811
2021-07-19T04:00:00Z,2519.19,2520.81,2471.25,2490.63,64868
2021-07-16T04:00:00Z,2548.88,2554.995,2523.11,2541.57,57450
2021-07-15T04:00:00Z,2571.67,2573.75,2531.91,2539.335,56840
2021-07-14T04:00:00Z,2560.96,2585.35,2559.2,2564.27,56454
2021-07-13T04:00:00Z,2539.55,2560.78,2534.23,2544.85,50904
2021-07-12T04:00:00Z,2521.3,2541.27,2512.7,2537.99,34455
2021-07-09T04:00:00Z,2501.93,2514.69,2493.12,2509.74,30353
2021-07-08T04:00:00Z,2490.62,2511.635,2485.43,2501.19,60434
2021-07-07T04:00:00Z,2541.38,2545.2,2525.61,2529.78,48070
2021-07-06T04:00:00Z,2513.21,2528.45,2495.99,2522.46,58197
2021-07-02T04:00:00Z,2462.86,2506.58,2462.86,2505.37,51429
2021-07-01T04:00:00Z,2436.05,2451.4,2430.86,2449,46436
2021-06-30T04:00:00Z,2443.96,2443.96,2427.11,2441.7,68436
2021-06-29T04:00:00Z,2457.54,2458.43,2435.32,2446.28,42689
2021-06-28T04:00:00Z,2452.99,2455.205,2428.695,2451.95,87179
2021-06-25T04:00:00Z,2445.1,2452.66,2431.62,2449.1,64552
2021-06-24T04:00:00Z,2454.64,2460.005,2446.43,2450.08,84589
2021-06-23T04:00:00Z,2443.6,2461.85,2437.09,2442.31,59628
2021-06-22T04:00:00Z,2434.13,2447.65,2422.5,2445.74,71942
2021-06-21T04:00:00Z,2408.82,2439.935,2401.295,2436.11,42942
2021-06-18T04:00:00Z,2430.16,2430.16,2400.79,2400.79,60643
2021-06-17T04:00:00Z,2412.66,2450.3,2412.66,2434.69,63234
2021-06-16T04:00:00Z,2434.91,2437.72,2390.55,2413.28,63710
2021-06-15T04:00:00Z,2448.91,2454.3,2422.85,2428.27,38898
2021-06-14T04:00:00Z,2431.34,2448.4,2420,2448.23,40276
2021-06-11T04:00:00Z,2438.02,2438.02,2419.65,2430.05,44134
2021-06-10T04:00:00Z,2408.45,2435.945,2406.09,2435.945,92339
2021-06-09T04:00:00Z,2410.8,2412.435,2397.8,2408.86,53998
2021-06-08T04:00:00Z,2415.11,2418.83,2394.97,2397.48,76769
2021-06-07T04:00:00Z,2387.7,2403.57,2381.21,2403.085,61329
2021-06-04T04:00:00Z,2368.66,2398.32,2368.66,2392.6,60284
2021-06-03T04:00:00Z,2348.15,2357.015,2330.02,2348.31,63756
2021-06-02T04:00:00Z,2386.65,2393.03,2352.9,2370.99,50034
2021-06-01T04:00:00Z,2374.2,2384.47,2355.95,2381,50302
2021-05-28T04:00:00Z,2370.97,2374.92,2353.07,2358.2,43147
2021-05-27T04:00:00Z,2385.56,2387.47,2362.91,2362.91,57767
2021-05-26T04:00:00Z,2366.86,2387.83,2366.86,2381.515,56760
2021-05-25T04:00:00Z,2372.15,2383.15,2355.43,2363.66,58470
2021-05-24T04:00:00Z,2315.7,2364.78,2312.02,2360.33,84041
2021-05-21T04:00:00Z,2318.21,2318.685,2289.99,2293.98,92812
2021-05-20T04:00:00Z,2288.05,2311.15,2285.87,2306.6,50010
2021-05-19T04:00:00Z,2229.33,2274.13,2226.235,2271.105,82331
2021-05-18T04:00:00Z,2301.96,2306.28,2262.32,2262.54,46516
2021-05-17T04:00:00Z,2270.25,2289.525,2258.63,2288.13,68239
2021-05-14T04:00:00Z,2250.7,2284.55,2250.7,2278.43,80084
2021-05-13T04:00:00Z,2225.8,2239.15,2207.35,2228.71,98989
2021-05-12T04:00:00Z,2228.37,2247.125,2193.68,2200.35,157719
2021-05-11T04:00:00Z,2243.03,2279.48,2235.83,2269.945,98692
2021-05-10T04:00:00Z,2328.48,2328.48,2285.735,2291.67,88085
2021-05-07T04:00:00Z,2364.37,2370.58,2347.09,2351.37,76962
2021-05-06T04:00:00Z,2304.75,2336.5,2295.23,2336.5,75193
2021-05-05T04:00:00Z,2326.81,2334.13,2309.98,2316.25,77740
2021-05-04T04:00:00Z,2315.31,2322.5,2257.54,2306.21,147634
2021-05-03T04:00:00Z,2364.125,2381.42,2336.25,2343.52,79010
2021-04-30T04:00:00Z,2368.72,2380.83,2347.98,2354.1,107428
2021-04-29T04:00:00Z,2389.35,2403.26,2375.05,2391.57,92627
2021-04-28T04:00:00Z,2394.81,2430.01,2353.84,2358.87,224631
2021-04-27T04:00:00Z,2317.4,2317.6,2286.65,2290.89,109691
2021-04-26T04:00:00Z,2304.51,2324.23,2297.315,2309.2,109348
2021-04-23T04:00:00Z,2266.99,2304.99,2262.665,2300.03,72655
2021-04-22T04:00:00Z,2276.91,2288.175,2243.33,2253.44,81399
2021-04-21T04:00:00Z,2275.205,2279.61,2244.9,2277.18,65639
2021-04-20T04:00:00Z,2292.36,2297.19,2258.93,2279.82,71755
2021-04-19T04:00:00Z,2275.99,2303.745,2275.17,2288.69,55852
2021-04-16T04:00:00Z,2288.73,2291.52,2272.29,2283.61,56067
2021-04-15T04:00:00Z,2263.05,2294.32,2252.6,2285.68,87466
2021-04-14T04:00:00Z,2260.96,2265.1,2236.13,2240.67,58624
2021-04-13T04:00:00Z,2250.62,2262.93,2243.55,2254.45,37947
2021-04-12T04:00:00Z,2256.885,2256.885,2227.82,2244.83,84242
2021-04-09T04:00:00Z,2247.12,2273.54,2237.86,2270.72,70426
2021-04-08T04:00:00Z,2262.99,2267.99,2243.27,2248.77,87503
2021-04-07T04:00:00Z,2213.45,2244.23,2213.45,2237.24,65019
2021-04-06T04:00:00Z,2211.35,2227.55,2202.3,2210.02,91809
2021-04-05T04:00:00Z,2145.6,2228.12,2145.6,2218.84,94129
2021-04-01T04:00:00Z,2094.82,2135.75,2091.905,2130.645,108585
2021-03-31T04:00:00Z,2052.525,2085.98,2047.59,2062.36,101645
2021-03-30T04:00:00Z,2053.6,2061.78,2037.04,2045.82,74352
2021-03-29T04:00:00Z,2022.16,2048.49,2005.865,2045.62,66478
2021-03-26T04:00:00Z,2029.855,2039.2,2005.61,2027.955,72616
2021-03-25T04:00:00Z,2026.075,2045.64,1996.71,2033.65,107153
2021-03-24T04:00:00Z,2053.76,2067.38,2030.39,2033.36,75386
2021-03-23T04:00:00Z,2040.4,2063.19,2031.2,2041.47,94801
2021-03-22T04:00:00Z,2028.03,2047.87,2015.14,2030,81833
2021-03-19T04:00:00Z,2031.185,2036.08,2003.86,2026.825,106107
2021-03-18T04:00:00Z,2058.42,2065.4,2019.75,2021.92,97776
2021-03-17T04:00:00Z,2068.47,2098.62,2046.61,2082.39,80547
2021-03-16T04:00:00Z,2061.98,2111.97,2061.57,2082.65,82125
2021-03-15T04:00:00Z,2044.975,2054.76,2028.3,2053.89,73834
2021-03-12T05:00:00Z,2076.99,2077.01,2033.09,2052.45,109904
2021-03-11T05:00:00Z,2063.075,2111.26,2059.32,2100.79,64954
2021-03-10T05:00:00Z,2054.92,2057.925,2020.47,2035.88,94379
2021-03-09T05:00:00Z,2053.74,2062.125,2035.6,2038.02,114332
2021-03-08T05:00:00Z,2084.365,2110.955,2005.25,2005.25,103966
2021-03-05T05:00:00Z,2060.56,2105.76,2030.35,2096.66,111907
2021-03-04T05:00:00Z,2013.59,2073.6,2007.54,2032.36,189389
2021-03-03T05:00:00Z,2051.95,2075.05,1996.67,2011.72,78275
2021-03-02T05:00:00Z,2062.03,2093.79,2060.31,2063.38,66529
2021-03-01T05:00:00Z,2049.05,2075.5,2035.88,2072.43,83420
2021-02-26T05:00:00Z,2033.2,2055.4,2002.15,2022.75,101252
2021-02-25T05:00:00Z,2055.92,2080.15,2007.21,2019.7,142065
2021-02-24T05:00:00Z,2030.205,2087.98,2027.53,2084.49,79392
2021-02-23T05:00:00Z,2014.27,2072.5,1990.78,2059.28,118721
2021-02-22T05:00:00Z,2051.79,2075.59,2049.18,2055,74495
2021-02-19T05:00:00Z,2109.18,2117.92,2084.1,2088.23,109870
2021-02-18T05:00:00Z,2102.495,2121.62,2093.33,2104.975,64513
2021-02-17T05:00:00Z,2090.68,2122.21,2090.68,2118.67,58934
2021-02-16T05:00:00Z,2097.145,2143.76,2097.145,2114.07,68262
2021-02-12T05:00:00Z,2080.98,2099.31,2074.39,2097.16,57035
2021-02-11T05:00:00Z,2091,2091,2070.1,2088.46,60944
2021-02-10T05:00:00Z,2090.89,2097.36,2052.71,2085.85,74625
2021-02-09T05:00:00Z,2072.355,2097.34,2070.55,2073.45,64626
2021-02-08T05:00:00Z,2097.75,2114.48,2064.95,2083.65,87265
2021-02-05T05:00:00Z,2058.28,2095.38,2051.35,2088.94,65986
2021-02-04T05:00:00Z,2062.34,2066.66,2035.58,2052.07,155260
2021-02-03T05:00:00Z,2064.23,2106.16,2017.72,2060,291929
2021-02-02T05:00:00Z,1913.13,1947.5,1907.11,1919.38,168936
2021-02-01T05:00:00Z,1844.585,1912.81,1844.585,1893.33,104639
2021-01-29T05:00:00Z,1834.995,1845.74,1801.91,1825.94,116335
2021-01-28T05:00:00Z,1833.415,1886.7,1831,1850.48,157900
2021-01-27T05:00:00Z,1877.23,1880.47,1797.28,1821.16,215335
2021-01-26T05:00:00Z,1885.5,1915.48,1878.09,1908.42,118907
2021-01-25T05:00:00Z,1913.04,1920.45,1861.035,1896.12,172944
2021-01-22T05:00:00Z,1887,1904.195,1877.43,1893.22,113753
2021-01-21T05:00:00Z,1893.65,1931.47,1880.09,1882.79,189975
2021-01-20T05:00:00Z,1825.8,1898.745,1820.54,1880.92,188012
2021-01-19T05:00:00Z,1742.51,1802.355,1732.91,1783.53,95462
2021-01-15T05:00:00Z,1732.925,1745.51,1711.76,1727.86,99442
2021-01-14T05:00:00Z,1745.535,1766.67,1726.425,1732.76,119696
2021-01-13T05:00:00Z,1729.44,1755.775,1728.89,1749.08,77889
2021-01-12T05:00:00Z,1749.05,1767.9,1716.41,1738.29,98847
2021-01-11T05:00:00Z,1776.01,1783.51,1752.145,1759.58,95460
2021-01-08T05:00:00Z,1777.16,1799.01,1763.01,1797.99,106096
2021-01-07T05:00:00Z,1730.2,1777.78,1728.69,1775.7,118597
2021-01-06T05:00:00Z,1700.255,1742.56,1697.24,1725.58,169751
2021-01-05T05:00:00Z,1724.92,1744.33,1718.175,1739.55,70304
2021-01-04T05:00:00Z,1760.21,1761.26,1708.46,1728.01,160853
2020-12-31T05:00:00Z,1738.64,1757.34,1738.64,1752.52,56517
2020-12-30T05:00:00Z,1764.47,1764.76,1728.505,1738.28,53609
2020-12-29T05:00:00Z,1787.2,1787.2,1755.11,1755.99,60533
2020-12-28T05:00:00Z,1743.5,1786.69,1743.5,1775.59,60913
2020-12-24T05:00:00Z,1730.5,1741.535,1724.73,1734.98,28536
2020-12-23T05:00:00Z,1723.93,1742.41,1722.06,1727.25,58876
2020-12-22T05:00:00Z,1726.5,1732.15,1707.36,1720.18,77145
2020-12-21T05:00:00Z,1709.13,1736.375,1695.14,1735.39,103210
2020-12-18T05:00:00Z,1747.1,1747.65,1715.51,1728.05,124670
2020-12-17T05:00:00Z,1763.84,1766.14,1731.22,1740.14,98700
2020-12-16T05:00:00Z,1766.65,1766.65,1750.18,1757.12,59765
2020-12-15T05:00:00Z,1762.78,1763.24,1742.23,1761.11,72504
2020-12-14T05:00:00Z,1772.655,1789.27,1749.845,1752.25,93990
2020-12-11T05:00:00Z,1756.48,1777.12,1754.92,1774.3,64962
2020-12-10T05:00:00Z,1762.4,1774.645,1734.06,1768.23,111296
2020-12-09T05:00:00Z,1809.55,1827.37,1762.4,1778.97,94434
2020-12-08T05:00:00Z,1806.13,1815.63,1791.965,1811.95,57965
2020-12-07T05:00:00Z,1816.48,1829.21,1803.365,1816.12,57800
2020-12-04T05:00:00Z,1819.79,1829.38,1815.21,1822.71,75417
2020-12-03T05:00:00Z,1821.16,1841.97,1818.86,1820.53,33281
2020-12-02T05:00:00Z,1795.39,1832.01,1786.44,1825.03,57848
2020-12-01T05:00:00Z,1766.655,1820,1763.68,1794.68,97528
2020-11-30T05:00:00Z,1778.83,1780.32,1748.09,1756.5,116340
2020-11-27T05:00:00Z,1765.825,1796.975,1765.39,1784.73,27877
2020-11-25T05:00:00Z,1768.34,1769.68,1748.57,1764.98,42817
2020-11-24T05:00:00Z,1726.965,1765.6,1721.495,1764.02,41347
2020-11-23T05:00:00Z,1741.355,1741.635,1710.85,1729.04,38687
2020-11-20T05:00:00Z,1759.525,1768.175,1735.63,1736.79,69712
2020-11-19T05:00:00Z,1731.58,1762.7,1731.58,1758.32,51986
2020-11-18T05:00:00Z,1760.32,1764.07,1740,1740,36966
2020-11-17T05:00:00Z,1766.945,1775.85,1760.52,1761.66,40269
2020-11-16T05:00:00Z,1767.71,1793.3,1761.55,1774.11,53345
2020-11-13T05:00:00Z,1751.465,1775.29,1736.97,1772.81,61509
2020-11-12T05:00:00Z,1747.21,1761.12,1737.97,1743.43,66440
2020-11-11T05:00:00Z,1748.795,1761.85,1743.31,1746.91,101331
2020-11-10T05:00:00Z,1729.92,1757.94,1716.93,1738.02,81700
2020-11-09T05:00:00Z,1794.85,1815.09,1757.79,1758.86,108554
2020-11-06T05:00:00Z,1749.63,1767.71,1738.085,1759.12,52487
2020-11-05T05:00:00Z,1773.87,1791.28,1741.32,1760.76,88846
2020-11-04T05:00:00Z,1704.765,1769.945,1704.27,1745.56,191912
2020-11-03T05:00:00Z,1631.01,1657.77,1615.09,1644.61,89531
2020-11-02T05:00:00Z,1626.67,1658.04,1614.79,1622.37,104631
2020-10-30T04:00:00Z,1667.44,1680.53,1601.57,1616.26,428772
2020-10-29T04:00:00Z,1517.02,1588.65,1517.02,1560.52,193805
2020-10-28T04:00:00Z,1550,1552.965,1509.21,1510.06,205840
2020-10-27T04:00:00Z,1589.55,1601.32,1576.99,1599.51,113534
2020-10-26T04:00:00Z,1613.78,1628.84,1568.55,1583.9,150168
2020-10-23T04:00:00Z,1615.97,1633.97,1613.39,1633.32,144898
2020-10-22T04:00:00Z,1583.3,1613.36,1579.38,1605.86,131863
2020-10-21T04:00:00Z,1568.32,1614.99,1567.71,1585.16,300726
2020-10-20T04:00:00Z,1521.29,1573.84,1520.5,1551.37,244646
2020-10-19T04:00:00Z,1576.68,1583.925,1524.42,1529.7,151735
2020-10-16T04:00:00Z,1562.04,1577.49,1558.2,1566.62,118957
2020-10-15T04:00:00Z,1541.385,1571.395,1541.26,1555.92,129187
2020-10-14T04:00:00Z,1573.06,1583.85,1545.895,1563.72,124330
2020-10-13T04:00:00Z,1577.72,1584.87,1560.55,1566.955,187743
2020-10-12T04:00:00Z,1539.89,1588.42,1529.785,1562.87,286546
2020-10-09T04:00:00Z,1491.3,1511.17,1487.03,1510.84,117752
2020-10-08T04:00:00Z,1466.2,1488,1465.75,1484.18,124365
2020-10-07T04:00:00Z,1463.78,1466.91,1433.89,1458.88,153385
2020-10-06T04:00:00Z,1476.785,1482.62,1447.01,1453.79,52022
2020-10-05T04:00:00Z,1463.74,1484.63,1460.42,1483.05,107717
2020-10-02T04:00:00Z,1459.63,1478.35,1448.41,1455.36,103920
2020-10-01T04:00:00Z,1483.27,1494.77,1477.17,1488.16,112318
2020-09-30T04:00:00Z,1460.935,1485.16,1456,1466.02,60913
2020-09-29T04:00:00Z,1463.295,1471.76,1454.16,1466.81,61482
2020-09-28T04:00:00Z,1471.77,1471.77,1447.32,1458.11,46800
2020-09-25T04:00:00Z,1425.51,1445.57,1409.29,1439.03,35162
2020-09-24T04:00:00Z,1404.055,1435.97,1403.455,1421.84,45828
2020-09-23T04:00:00Z,1452.96,1452.96,1403.48,1410.18,58442
2020-09-22T04:00:00Z,1449.915,1463.85,1429.93,1458.51,61831
2020-09-21T04:00:00Z,1439.02,1439.02,1403.83,1427.96,88564
2020-09-18T04:00:00Z,1489.475,1494.78,1433.06,1451.15,116401
2020-09-17T04:00:00Z,1484.62,1497.705,1463.02,1488.78,58142
2020-09-16T04:00:00Z,1543.02,1552.51,1511.85,1511.85,41257
2020-09-15T04:00:00Z,1524.09,1550.33,1523,1533.755,48755
2020-09-14T04:00:00Z,1532.35,1556.555,1506.1,1508.78,62231
2020-09-11T04:00:00Z,1528.995,1538.695,1499.53,1517.34,48817
2020-09-10T04:00:00Z,1551.745,1573.32,1520.205,1527.84,42975
2020-09-09T04:00:00Z,1551.04,1558.72,1528.045,1544.68,60531
2020-09-08T04:00:00Z,1523.15,1554.84,1518.33,1520.64,104876
2020-09-04T04:00:00Z,1610.085,1633.65,1539.06,1581.87,92902
2020-09-03T04:00:00Z,1698.94,1698.94,1608.06,1632.02,138027
2020-09-02T04:00:00Z,1665.12,1724.68,1660.645,1718.525,141819
2020-09-01T04:00:00Z,1634.97,1658.9,1630.75,1655.39,45843
2020-08-31T04:00:00Z,1636.39,1643.45,1626.89,1632.005,37103
2020-08-28T04:00:00Z,1631.26,1641,1625.605,1638.67,41662
2020-08-27T04:00:00Z,1642.86,1646.91,1620.55,1629.94,47304
2020-08-26T04:00:00Z,1608.19,1651.43,1601.49,1646.52,90615
2020-08-25T04:00:00Z,1579.2,1608.75,1579.2,1605.85,55728
2020-08-24T04:00:00Z,1592.47,1607.645,1576.285,1583.9,55211
2020-08-21T04:00:00Z,1576.37,1591.61,1565.24,1575.245,53163
2020-08-20T04:00:00Z,1538.59,1579.95,1534.48,1575.09,48478
2020-08-19T04:00:00Z,1552.33,1568.05,1541.21,1544.77,44682
2020-08-18T04:00:00Z,1524.37,1557.11,1521.665,1557.03,52946
2020-08-17T04:00:00Z,1508.625,1523.07,1508.625,1516.365,33023
2020-08-14T04:00:00Z,1513.445,1517.06,1500.545,1502.52,41279
2020-08-13T04:00:00Z,1510.575,1536.51,1510.575,1515.19,35007
2020-08-12T04:00:00Z,1487.18,1510.685,1487.13,1506.9,30554
2020-08-11T04:00:00Z,1494.31,1509.67,1478.47,1480.13,84025
2020-08-10T04:00:00Z,1492.89,1506.38,1479.39,1496.9,22823
2020-08-07T04:00:00Z,1506.42,1519.465,1487.01,1497.455,68170
2020-08-06T04:00:00Z,1477.655,1505.965,1473,1504.07,77033
2020-08-05T04:00:00Z,1476.005,1489.42,1472.875,1480,61838
2020-08-04T04:00:00Z,1486.665,1491.63,1464.535,1472.14,65393
2020-08-03T04:00:00Z,1492.74,1496.44,1472.07,1482.66,68030
2020-07-31T04:00:00Z,1498.57,1503.36,1454,1488.07,207306
2020-07-30T04:00:00Z,1498.76,1540.805,1495.645,1536.64,64542
2020-07-29T04:00:00Z,1506.66,1533.03,1503.76,1523.51,42518
2020-07-28T04:00:00Z,1523.105,1526.01,1501.325,1504.43,48068
2020-07-27T04:00:00Z,1515.15,1536.71,1512.755,1528.99,52412
