2024-06-14T04:00:00Z,176.01,178.655,175.99,178.36,88098
2024-06-13T04:00:00Z,177.61,178.48,176.7,176.7,93238
2024-06-12T04:00:00Z,179.775,182.055,177.78,179.54,164809
2024-06-11T04:00:00Z,177.69,178.32,175.49,178.22,118194
2024-06-10T04:00:00Z,176.705,178.305,174.39,176.71,201258
2024-06-07T04:00:00Z,178.36,179.29,175.86,175.88,290884
2024-06-06T04:00:00Z,177.925,178.66,177.29,178.34,128382
2024-06-05T04:00:00Z,176.315,177.77,175.36,177.02,188777
2024-06-04T04:00:00Z,174.475,175.14,173.34,175.05,94741
2024-06-03T04:00:00Z,173.93,175.65,172.5,174.42,136627
2024-05-31T04:00:00Z,173.18,174.375,171,173.99,318397
2024-05-30T04:00:00Z,176.61,176.62,173.255,173.55,174278
2024-05-29T04:00:00Z,176.92,178.23,176.36,177.4,159686
2024-05-28T04:00:00Z,176.47,178.49,176.31,178.06,375314
2024-05-24T04:00:00Z,176.64,177.295,175.32,176.355,408436
2024-05-23T04:00:00Z,178.925,179.88,174.67,175.105,216423
2024-05-22T04:00:00Z,178.41,178.755,176.79,178.03,178484
2024-05-21T04:00:00Z,178.36,179.82,177.485,179.57,216880
2024-05-20T04:00:00Z,177.335,179.87,177.335,178.52,221943
2024-05-17T04:00:00Z,175.31,177.48,175.04,177.34,165622
2024-05-16T04:00:00Z,174.595,176.32,174.06,175.46,206998
2024-05-15T04:00:00Z,172.24,174.04,172.135,173.92,198734
2024-05-14T04:00:00Z,171.62,172.71,170.47,171.88,278523
2024-05-13T04:00:00Z,165.8,170.9,165.8,170.9,282570
2024-05-10T04:00:00Z,170.03,171.13,167.915,170.29,250870
2024-05-09T04:00:00Z,171.3,172.21,169.965,171.54,152797
2024-05-08T04:00:00Z,170.73,171.88,170.535,171.13,147646
2024-05-07T04:00:00Z,170.35,173.44,170.075,172.92,320244
2024-05-06T04:00:00Z,169.105,169.89,167.92,169.83,183707
2024-05-03T04:00:00Z,169.555,169.675,165.01,169,454957
2024-05-02T04:00:00Z,166.675,168.52,165.88,168.52,321746
2024-05-01T04:00:00Z,165.865,168.77,164.95,165.57,248582
2024-04-30T04:00:00Z,167.55,169.74,164.56,164.625,232385
2024-04-29T04:00:00Z,170.62,171.34,167.065,167.86,529062
2024-04-26T04:00:00Z,175.99,176.385,171.49,173.61,798480
2024-04-25T04:00:00Z,153.48,158.23,152.95,157.96,546141
2024-04-24T04:00:00Z,159.19,161.38,158.92,161.1,214971
2024-04-23T04:00:00Z,158.59,160.39,158.025,159.82,183202
2024-04-22T04:00:00Z,156.25,159.17,155.675,157.96,213440
2024-04-19T04:00:00Z,157.53,157.97,153.925,155.7,318447
2024-04-18T04:00:00Z,156.91,158.485,156.21,157.49,238365
2024-04-17T04:00:00Z,157.19,158.65,156.185,156.87,206070
2024-04-16T04:00:00Z,155.675,157.2,155.145,155.98,221029
2024-04-15T04:00:00Z,160.37,160.75,156.19,156.33,332577
2024-04-12T04:00:00Z,159.51,161.69,158.6,159.25,287247
2024-04-11T04:00:00Z,158.49,161.11,157.97,160.78,206505
2024-04-10T04:00:00Z,158,158.16,156.2,157.585,301780
2024-04-09T04:00:00Z,157.41,159.87,156.66,158.11,208097
2024-04-08T04:00:00Z,154.31,156.63,154.04,156.18,223943
2024-04-05T04:00:00Z,151.35,154.84,151.17,153.89,272695
2024-04-04T04:00:00Z,155.05,156.15,151.91,151.99,387798
2024-04-03T04:00:00Z,154.96,156.55,154.295,156.49,216760
2024-04-02T04:00:00Z,154.76,155.99,153.53,155.96,214176
2024-04-01T04:00:00Z,151.935,156.985,151.93,156.47,383560
2024-03-28T04:00:00Z,151.88,152.66,151.39,152.26,184116
2024-03-27T04:00:00Z,152.08,152.665,150.17,151.95,207972
2024-03-26T04:00:00Z,151.145,153.19,151.03,151.84,275547
2024-03-25T04:00:00Z,150.915,151.45,148.83,151.17,284993
2024-03-22T04:00:00Z,150.17,152.55,150.17,151.78,263734
2024-03-21T04:00:00Z,150.505,151.205,148.04,148.75,289509
2024-03-20T04:00:00Z,149.25,149.76,147.72,149.67,265827
2024-03-19T04:00:00Z,149.1,149.61,147.05,147.91,193009
2024-03-18T04:00:00Z,149.485,152.9,148.16,148.49,630774
2024-03-15T04:00:00Z,143.59,144.27,141.145,142.21,547826
2024-03-14T04:00:00Z,142.35,144.69,141.54,144.37,560148
2024-03-13T04:00:00Z,140.19,142.14,140.07,140.78,300361
2024-03-12T04:00:00Z,138.365,140.275,138.35,139.58,363211
2024-03-11T04:00:00Z,137.37,139.975,137.37,138.95,523654
2024-03-08T05:00:00Z,134.86,138.97,134.86,136.32,481400
2024-03-07T05:00:00Z,133.91,135.82,132.68,135.22,314689
2024-03-06T05:00:00Z,134.55,134.61,131.955,132.56,522550
2024-03-05T05:00:00Z,132.73,134.01,131.57,133.77,602804
2024-03-04T05:00:00Z,136.555,136.605,132.89,134.15,744825
2024-03-01T05:00:00Z,139.61,140,137.98,138.07,733846
2024-02-29T05:00:00Z,138.36,139.94,137.57,139.68,448731
2024-02-28T05:00:00Z,139.095,139.23,136.66,137.45,398918
2024-02-27T05:00:00Z,139.37,140.48,138.52,140.1,387195
2024-02-26T05:00:00Z,143.33,143.65,138.74,138.77,637429
2024-02-23T05:00:00Z,145.13,145.93,144.81,145.29,209493
2024-02-22T05:00:00Z,146.15,146.15,144.07,145.25,281889
2024-02-21T05:00:00Z,142.45,143.97,141.91,143.85,238747
2024-02-20T05:00:00Z,140.8,143.285,140.8,142.26,225551
2024-02-16T05:00:00Z,144.21,144.43,141.53,141.76,264803
2024-02-15T05:00:00Z,144.5,144.74,141.88,143.98,430470
2024-02-14T05:00:00Z,147.405,147.79,145.59,147.11,155912
2024-02-13T05:00:00Z,145.89,148.02,145.12,146.43,213478
2024-02-12T05:00:00Z,149.68,150.58,148.63,148.785,191737
2024-02-09T05:00:00Z,147.95,150.645,147.53,150.195,267015
2024-02-08T05:00:00Z,147.07,147.575,146.43,147.27,415003
2024-02-07T05:00:00Z,146.05,146.99,145.245,146.78,275495
2024-02-06T05:00:00Z,145.96,146.73,144.54,145.46,272358
2024-02-05T05:00:00Z,143.99,146.6,143.99,144.91,455504
2024-02-02T05:00:00Z,141.055,143.88,138.19,143.53,804525
2024-02-01T05:00:00Z,143.67,144.52,142.29,142.74,477215
2024-01-31T05:00:00Z,145.12,145.555,141.57,141.73,895195
2024-01-30T05:00:00Z,154.06,155.04,152.78,152.98,504290
2024-01-29T05:00:00Z,153.675,155.2,152.92,154.87,335348
2024-01-26T05:00:00Z,152.86,154.08,152.82,153.84,317882
2024-01-25T05:00:00Z,151.54,154.76,151.38,153.67,306277
2024-01-24T05:00:00Z,150.37,151.55,149.91,150.34,262739
2024-01-23T05:00:00Z,147.49,148.855,147.37,148.74,152377
2024-01-22T05:00:00Z,148.99,150,147.58,147.73,241422
2024-01-19T05:00:00Z,146.18,148,145.8,147.94,353853
2024-01-18T05:00:00Z,143.61,145.585,143.42,144.96,293326
2024-01-17T05:00:00Z,143.16,143.3,140.51,142.86,377644
2024-01-16T05:00:00Z,143.655,145.79,143.09,144.07,294301
2024-01-12T05:00:00Z,144.43,144.73,143.53,144.21,154176
2024-01-11T05:00:00Z,144.895,146.62,142.27,143.7,234230
2024-01-10T05:00:00Z,142.62,144.515,142.58,143.73,289803
2024-01-09T05:00:00Z,140.23,142.79,139.82,142.54,276644
2024-01-08T05:00:00Z,138.08,140.62,137.89,140.47,201427
2024-01-05T05:00:00Z,138.44,138.8,136.87,137.36,236575
2024-01-04T05:00:00Z,139.76,140.635,138.02,138.09,221206
2024-01-03T05:00:00Z,138.71,141.075,138.51,140.36,263627
2024-01-02T05:00:00Z,139.82,140.61,137.835,139.59,258633
2023-12-29T05:00:00Z,140.665,141.37,139.91,140.95,180997
2023-12-28T05:00:00Z,141.84,142.19,140.89,141.34,234594
2023-12-27T05:00:00Z,142.825,143.28,141.065,141.5,254857
2023-12-26T05:00:00Z,143.07,143.94,142.535,142.85,163551
2023-12-22T05:00:00Z,142.285,143.23,142.07,142.8,416180
2023-12-21T05:00:00Z,140.89,142.02,140.5,141.79,336442
2023-12-20T05:00:00Z,140.31,143.06,139.44,139.68,584145
2023-12-19T05:00:00Z,137.97,138.695,137.45,138.11,260444
2023-12-18T05:00:00Z,133.96,138.35,133.91,137.14,416610
2023-12-15T05:00:00Z,133.29,134.81,132.72,133.72,446761
2023-12-14T05:00:00Z,134.735,135.025,131.08,133.2,568717
2023-12-13T05:00:00Z,134.685,134.745,132.97,133.93,419806
2023-12-12T05:00:00Z,133.46,134.515,132.95,133.63,651981
2023-12-11T05:00:00Z,133.99,134.78,132.89,134.7,387835
2023-12-08T05:00:00Z,135.79,137.98,135.66,136.6,472802
2023-12-07T05:00:00Z,136.69,139.99,136.28,138.415,497172
2023-12-06T05:00:00Z,132.94,133.31,131.32,131.49,392305
2023-12-05T05:00:00Z,130.37,133.51,129.745,132.45,341491
2023-12-04T05:00:00Z,131.24,131.375,129.41,130.66,546036
2023-12-01T05:00:00Z,133.325,133.48,132.165,133.29,623261
2023-11-30T05:00:00Z,136.51,136.94,132.825,133.86,512079
2023-11-29T05:00:00Z,139.05,139.61,136.295,136.44,641858
2023-11-28T05:00:00Z,137.66,138.66,137.04,138.61,194611
2023-11-27T05:00:00Z,137.55,139.63,137.55,138.06,306823
2023-11-24T05:00:00Z,139.61,139.665,137.5,138.28,174507
2023-11-22T05:00:00Z,139.28,141.07,139.28,140.02,282581
2023-11-21T05:00:00Z,138.13,138.95,137.705,138.64,280617
2023-11-20T05:00:00Z,135.705,138.41,135.705,137.96,388866
2023-11-17T05:00:00Z,137.545,137.755,135.48,136.97,587371
2023-11-16T05:00:00Z,137.06,138.85,136.11,138.7,461335
2023-11-15T05:00:00Z,136.7,136.81,135.33,136.43,224382
2023-11-14T05:00:00Z,135.66,137.23,135.125,135.41,327782
2023-11-13T05:00:00Z,133.35,134.09,132.78,133.65,467811
2023-11-10T05:00:00Z,131.69,134.265,130.89,134.11,359251
2023-11-09T05:00:00Z,133.47,133.96,131.535,131.74,220381
2023-11-08T05:00:00Z,132.47,133.525,132.225,133.26,191030
2023-11-07T05:00:00Z,131.98,133.25,131.205,132.44,262417
2023-11-06T05:00:00Z,130.3,131.56,129.98,131.49,165191
2023-11-03T04:00:00Z,129.33,130.71,129.03,130.34,247926
2023-11-02T04:00:00Z,129.65,130.06,128.13,128.6,374371
2023-11-01T04:00:00Z,125.22,127.72,124.97,127.59,400984
2023-10-31T04:00:00Z,126.36,126.51,123.95,125.27,327040
2023-10-30T04:00:00Z,124.37,126.54,123.88,125.74,280781
2023-10-27T04:00:00Z,124.11,124.37,121.5,123.36,525074
2023-10-26T04:00:00Z,124.47,125.44,122.35,123.44,476334
2023-10-25T04:00:00Z,129.76,129.76,126.095,126.66,1303350
2023-10-24T04:00:00Z,139.16,140.67,138.77,140.14,368966
2023-10-23T04:00:00Z,136.41,139,135.21,137.86,290310
2023-10-20T04:00:00Z,138.235,139,136.25,136.71,298543
2023-10-19T04:00:00Z,139.8,140.995,138.63,138.95,341335
2023-10-18T04:00:00Z,140.72,141.98,138.71,139.3,232872
2023-10-17T04:00:00Z,140,141.23,138.57,141,349106
2023-10-16T04:00:00Z,139.77,140.89,139.375,140.49,260501
2023-10-13T04:00:00Z,140.72,141.24,137.985,138.6,257988
2023-10-12T04:00:00Z,142.28,142.33,139.465,140.27,239102
2023-10-11T04:00:00Z,139.86,142.21,139.86,141.7,250129
2023-10-10T04:00:00Z,139.43,140.7,138.45,139.19,300401
2023-10-09T04:00:00Z,137.89,139.97,136.72,139.52,301371
2023-10-06T04:00:00Z,135.3,139.17,135.29,138.73,304076
2023-10-05T04:00:00Z,136.17,136.45,134.49,136,198821
2023-10-04T04:00:00Z,133.74,136.56,133.46,136.18,340237
2023-10-03T04:00:00Z,134.94,135.23,132.815,133.35,606493
2023-10-02T04:00:00Z,132.16,135.35,132.08,135.18,216883
2023-09-29T04:00:00Z,133.91,134.82,131.39,131.87,222224
2023-09-28T04:00:00Z,130.88,134.12,130.8,133.15,186252
2023-09-27T04:00:00Z,129.47,131.69,129.47,131.465,257711
2023-09-26T04:00:00Z,131.09,131.405,128.23,129.49,321413
2023-09-25T04:00:00Z,130.8,132.21,130.06,132.19,169332
2023-09-22T04:00:00Z,131.87,132.995,130.55,131.21,158963
2023-09-21T04:00:00Z,132.37,133.14,131.17,131.35,275968
2023-09-20T04:00:00Z,138.53,138.75,134.53,134.63,266627
2023-09-19T04:00:00Z,138.31,139.14,137.525,138.83,172039
2023-09-18T04:00:00Z,137.63,139.92,137.63,138.99,181793
2023-09-15T04:00:00Z,138.86,139.35,137.23,138.31,406288
2023-09-14T04:00:00Z,138.47,139.55,137.06,138.97,230063
2023-09-13T04:00:00Z,135.92,137.7,134.95,137.52,214455
2023-09-12T04:00:00Z,137.16,137.62,135.94,136.1,189118
2023-09-11T04:00:00Z,137.41,138.2,136.59,137.79,180126
2023-09-08T04:00:00Z,135.95,137.48,135.95,137.2,177138
2023-09-07T04:00:00Z,134.63,136.57,133.99,136.22,180307
2023-09-06T04:00:00Z,137.11,137.48,134.72,135.4,246193
2023-09-05T04:00:00Z,136.48,137.365,135.57,136.68,440998
2023-09-01T04:00:00Z,138.33,138.33,135.98,136.8,278413
2023-08-31T04:00:00Z,137.16,138.39,136.84,137.37,559600
2023-08-30T04:00:00Z,135.65,137.245,135.155,136.94,524632
2023-08-29T04:00:00Z,133.03,137.245,133.03,135.51,334553
2023-08-28T04:00:00Z,132.04,133.22,130.87,131.76,252507
2023-08-25T04:00:00Z,130.2,131.29,128.11,130.66,267682
2023-08-24T04:00:00Z,134.59,134.9,130.33,130.42,181898
2023-08-23T04:00:00Z,130.92,134.06,130.855,133.19,350645
2023-08-22T04:00:00Z,129.405,130.93,129,129.67,161634
2023-08-21T04:00:00Z,127.93,129.23,127.18,128.89,117025
2023-08-18T04:00:00Z,129.04,129.78,127.02,128.1,392288
2023-08-17T04:00:00Z,130.46,132.49,129.865,130.41,293550
2023-08-16T04:00:00Z,129.26,130.88,128.5,129.1,214852
2023-08-15T04:00:00Z,131.68,131.98,129.86,130.31,152652
2023-08-14T04:00:00Z,129.84,131.9,129.67,131.85,302775
2023-08-11T04:00:00Z,129.06,130.425,128.76,130.2,157003
2023-08-10T04:00:00Z,132.07,132.62,130.09,130.22,198361
2023-08-09T04:00:00Z,132.31,132.47,129.505,130.12,197540
2023-08-08T04:00:00Z,131.145,131.93,130.14,131.84,183016
2023-08-07T04:00:00Z,129.72,132.06,129.52,131.96,204548
2023-08-04T04:00:00Z,129.705,131.86,128.32,128.53,215246
2023-08-03T04:00:00Z,128.43,129.735,127.78,128.765,140716
2023-08-02T04:00:00Z,129.8,130.385,127.87,128.68,456120
2023-08-01T04:00:00Z,130.87,132.89,130.82,131.92,210726
2023-07-31T04:00:00Z,133.01,133.77,132.14,133.11,221349
2023-07-28T04:00:00Z,130.975,134.03,130.94,132.95,425613
2023-07-27T04:00:00Z,131.88,133.59,129.22,129.92,623109
2023-07-26T04:00:00Z,130.33,131.37,128.73,129.71,718281
2023-07-25T04:00:00Z,121.84,123.665,121.57,122.78,434070
2023-07-24T04:00:00Z,121.96,123.3,121.39,121.9,345412
2023-07-21T04:00:00Z,120.82,121.24,119.11,120.3,458683
2023-07-20T04:00:00Z,122.29,124.695,118.7,119.55,518899
2023-07-19T04:00:00Z,124.49,125.375,122.47,122.765,261801
2023-07-18T04:00:00Z,124.925,124.97,123.32,124.09,267351
2023-07-17T04:00:00Z,126.19,127.265,124.5,125.04,425654
2023-07-14T04:00:00Z,125.16,127.07,124.96,125.72,274822
2023-07-13T04:00:00Z,121.74,125.325,121.15,124.865,583044
2023-07-12T04:00:00Z,119.45,120.95,119.02,119.61,262320
2023-07-11T04:00:00Z,116.43,118.22,115.89,117.69,191441
2023-07-10T04:00:00Z,119.03,119.03,116.65,116.83,683698
2023-07-07T04:00:00Z,120.93,121.74,120.095,120.17,354156
2023-07-06T04:00:00Z,120.64,121.125,119.26,120.95,174329
2023-07-05T04:00:00Z,120.4,123.33,120.37,122.65,278529
2023-07-03T04:00:00Z,120.39,121.01,119.715,120.59,168862
2023-06-30T04:00:00Z,121.17,122.025,120.89,120.94,201155
2023-06-29T04:00:00Z,120.16,120.905,119.21,120,318503
2023-06-28T04:00:00Z,117.91,121.27,117.64,121.12,309651
2023-06-27T04:00:00Z,117.83,119.89,116.93,119.03,726467
2023-06-26T04:00:00Z,121.61,122.59,119.01,119.11,258376
2023-06-23T04:00:00Z,122.22,123.4,121.93,123.01,330978
2023-06-22T04:00:00Z,120.56,123.93,119.63,123.89,356432
2023-06-21T04:00:00Z,123.11,123.38,120.9,121.25,253863
2023-06-20T04:00:00Z,123.59,125.175,122.86,123.85,280813
2023-06-16T04:00:00Z,126.41,126.565,123.8,124.12,374137
2023-06-15T04:00:00Z,123.98,126.16,123.17,125.815,306178
2023-06-14T04:00:00Z,123.895,124.76,122.26,124.38,312484
2023-06-13T04:00:00Z,125.68,125.835,123.845,124.45,622997
2023-06-12T04:00:00Z,123.35,124.75,122.35,124.4,362227
2023-06-09T04:00:00Z,122.63,124.28,122.43,122.9,457577
2023-06-08T04:00:00Z,122.45,123.72,122.05,122.65,350899
2023-06-07T04:00:00Z,127.65,129.52,122.65,123,466569
2023-06-06T04:00:00Z,126.46,128.87,125.99,127.87,298364
2023-06-05T04:00:00Z,124.45,127.99,124.43,126.64,375056
2023-06-02T04:00:00Z,124.58,126.74,124.38,125.13,271986
2023-06-01T04:00:00Z,123.51,125.03,123.34,124.37,327883
2023-05-31T04:00:00Z,123.75,124.885,123.22,123.565,319292
2023-05-30T04:00:00Z,126.2,126.2,122.91,124.63,380204
2023-05-26T04:00:00Z,123.925,125.99,123.35,125.42,399353
2023-05-25T04:00:00Z,125.25,125.96,122.925,124.34,685227
2023-05-24T04:00:00Z,121.86,122.7,120.755,121.66,339760
2023-05-23T04:00:00Z,124.93,125.37,123.05,123.32,364136
2023-05-22T04:00:00Z,123.68,127,123.68,125.86,454855
2023-05-19T04:00:00Z,124.19,126.46,122.73,123.28,285722
2023-05-18T04:00:00Z,121.61,123.9,121.56,123.54,346719
2023-05-17T04:00:00Z,120.19,122.28,119.47,121.4,317333
2023-05-16T04:00:00Z,116.965,121.2,116.965,120.08,451159
2023-05-15T04:00:00Z,116.57,118.74,116.555,116.98,278688
2023-05-12T04:00:00Z,116.99,118.125,116.56,117.94,392026
2023-05-11T04:00:00Z,115.88,118.435,114.98,116.92,747346
2023-05-10T04:00:00Z,108.52,113.48,108.52,112.28,523122
2023-05-09T04:00:00Z,108.79,110.535,107.725,107.95,258025
2023-05-08T04:00:00Z,105.82,108.415,105.795,108.21,169953
2023-05-05T04:00:00Z,105.32,106.425,104.77,106.22,195411
2023-05-04T04:00:00Z,106.29,106.29,104.735,105.2,373150
2023-05-03T04:00:00Z,106.18,108.09,105.65,106.12,303076
2023-05-02T04:00:00Z,107.65,107.71,104.51,105.99,221476
2023-05-01T04:00:00Z,107.62,108.66,107.595,107.7,275325
2023-04-28T04:00:00Z,107.69,108.24,106.06,108.22,472899
2023-04-27T04:00:00Z,105.345,109.15,104.43,108.36,469254
2023-04-26T04:00:00Z,105.54,107,103.27,104.4,846519
2023-04-25T04:00:00Z,106.63,107.35,104.56,104.67,333206
2023-04-24T04:00:00Z,106.09,107.295,105.425,106.8,338351
2023-04-21T04:00:00Z,106.05,106.63,105.5,105.92,288094
2023-04-20T04:00:00Z,104.65,106.885,104.65,105.92,315007
2023-04-19T04:00:00Z,104.21,105.71,103.815,105,198837
2023-04-18T04:00:00Z,107.015,107.04,104.79,105.14,441940
2023-04-17T04:00:00Z,105.35,106.705,105.35,106.45,679561
2023-04-14T04:00:00Z,107.63,109.555,107.63,109.49,483495
2023-04-13T04:00:00Z,106.47,108.265,106.47,108.2,357567
2023-04-12T04:00:00Z,107.41,107.56,104.98,105.26,357109
2023-04-11T04:00:00Z,106.78,107.19,105.31,106.13,328706
2023-04-10T04:00:00Z,107.42,107.945,105.61,106.96,394858
2023-04-06T04:00:00Z,105.79,109.61,104.86,108.88,492241
2023-04-05T04:00:00Z,106.13,106.525,104.155,104.96,383688
2023-04-04T04:00:00Z,104.86,106.07,104.63,105.14,352372
2023-04-03T04:00:00Z,102.535,104.95,102.38,104.93,232377
2023-03-31T04:00:00Z,101.6,104.17,101.45,103.985,377461
2023-03-30T04:00:00Z,101.41,101.59,100.34,101.35,425107
2023-03-29T04:00:00Z,102.79,102.79,101.055,101.9,472142
2023-03-28T04:00:00Z,102.83,102.895,100.28,101.41,970681
2023-03-27T04:00:00Z,105.28,105.35,102.67,103.11,327259
2023-03-24T04:00:00Z,105.775,106.15,104.755,106.09,602740
2023-03-23T04:00:00Z,105.93,107.095,105.42,106.23,693480
2023-03-22T04:00:00Z,105.11,107.49,104.22,104.27,912528
2023-03-21T04:00:00Z,101.98,105.96,101.935,105.86,785119
2023-03-20T04:00:00Z,101.05,102.56,100.81,101.98,500143
2023-03-17T04:00:00Z,100.87,103.47,100.78,102.5,741802
2023-03-16T04:00:00Z,96.64,101.945,95.885,101.06,955092
2023-03-15T04:00:00Z,93.465,97.24,93.04,96.61,536232
2023-03-14T04:00:00Z,93.05,94.81,92.83,94.24,457051
2023-03-13T04:00:00Z,90.54,93.05,89.97,91.65,619454
2023-03-10T05:00:00Z,92.52,93.18,90.8,91.02,623677
2023-03-09T05:00:00Z,94.56,95.895,92.38,92.68,590334
2023-03-08T05:00:00Z,94.6,96.235,94.48,94.69,476445
2023-03-07T05:00:00Z,95.48,96.05,93.85,94.18,511715
2023-03-06T05:00:00Z,94.38,96.295,94.36,95.61,924899
2023-03-03T05:00:00Z,92.74,94.11,92.74,94.025,1467069
2023-03-02T05:00:00Z,89.88,92.475,89.81,92.32,432451
2023-03-01T05:00:00Z,90.17,91.17,89.855,90.56,270450
2023-02-28T05:00:00Z,89.62,91.45,89.59,90.3,313696
2023-02-27T05:00:00Z,90.2,90.4,89.61,90.13,377496
2023-02-24T05:00:00Z,89.59,90.09,88.87,89.39,451876
2023-02-23T05:00:00Z,92.04,92.04,90.01,91.07,706464
2023-02-22T05:00:00Z,91.98,92.36,90.88,91.83,796243
2023-02-21T05:00:00Z,93.2,93.41,92,92.065,738262
2023-02-17T05:00:00Z,95.04,95.675,93.46,94.58,568367
2023-02-16T05:00:00Z,95.56,97.86,94.99,95.77,753428
2023-02-15T05:00:00Z,94.78,97.33,94.37,97.09,776562
2023-02-14T05:00:00Z,94.69,95.17,92.65,94.945,795295
2023-02-13T05:00:00Z,95.01,95.34,94.05,94.97,1444096
2023-02-10T05:00:00Z,95.765,97,94.54,94.82,1562598
2023-02-09T05:00:00Z,100.52,100.56,93.88,95.55,3763236
2023-02-08T05:00:00Z,102.64,103.56,98.48,100.015,2042085
2023-02-07T05:00:00Z,103.68,108.66,103.56,108.03,919152
2023-02-06T05:00:00Z,102.6,104.68,102.22,103.475,497891
2023-02-03T05:00:00Z,103.49,108,103.33,105.2,806623
2023-02-02T05:00:00Z,106.81,108.81,106.56,108.69,1385682
2023-02-01T05:00:00Z,99.89,102.17,98.43,101.41,570009
2023-01-31T05:00:00Z,97.86,99.89,97.82,99.89,342533
2023-01-30T05:00:00Z,98.74,99.34,97.595,97.96,457291
2023-01-27T05:00:00Z,99.01,101.56,99.01,100.69,1058113
2023-01-26T05:00:00Z,98.23,99.2,96.82,99.17,859266
2023-01-25T05:00:00Z,97.02,97.7,95.3,96.71,483583
2023-01-24T05:00:00Z,99.56,101.05,98.7,99.19,791159
2023-01-23T05:00:00Z,99.15,101.38,98.78,101.21,852180
2023-01-20T05:00:00Z,95.91,99.4,95.91,99.26,1218883
2023-01-19T05:00:00Z,91.58,94.395,91.51,93.91,713882
2023-01-18T05:00:00Z,92.955,93.575,91.405,91.8,343198
2023-01-17T05:00:00Z,92.87,92.93,90.86,92.16,502252
2023-01-13T05:00:00Z,91.61,92.96,90.93,92.79,499176
2023-01-12T05:00:00Z,92.42,92.61,90.58,91.88,447127
2023-01-11T05:00:00Z,90.1,92.32,89.82,92.25,445460
2023-01-10T05:00:00Z,86.82,89.465,86.75,89.25,499403
2023-01-09T05:00:00Z,89.15,90.79,88.59,88.78,629104
2023-01-06T05:00:00Z,87.46,88.46,85.58,88.14,347313
2023-01-05T05:00:00Z,87.97,88.2,86.56,86.79,768375
2023-01-04T05:00:00Z,91.02,91.24,87.85,88.69,728126
2023-01-03T05:00:00Z,89.89,91.55,89.05,89.69,356727
2022-12-30T05:00:00Z,87.22,88.82,87.05,88.73,334551
2022-12-29T05:00:00Z,87.02,89.35,87.02,88.93,330110
2022-12-28T05:00:00Z,87.505,88.52,86.385,86.45,439402
2022-12-27T05:00:00Z,89.26,89.48,87.55,87.96,265046
2022-12-23T05:00:00Z,87.68,90.08,87.68,89.81,255178
2022-12-22T05:00:00Z,88.93,89.12,86.975,88.29,735118
2022-12-21T05:00:00Z,89.68,90.9,88.97,90.25,320201
2022-12-20T05:00:00Z,88.77,89.76,88.06,89.66,452045
2022-12-19T05:00:00Z,90.91,91.045,88.94,89.14,482182
2022-12-16T05:00:00Z,91.05,91.72,90.03,90.86,613512
2022-12-15T05:00:00Z,93.54,94.02,90.43,91.26,654156
2022-12-14T05:00:00Z,95.56,97.22,94,95.33,558036
2022-12-13T05:00:00Z,98.28,99.78,95.4,95.91,889271
2022-12-12T05:00:00Z,92.96,93.85,91.925,93.485,590403
2022-12-09T05:00:00Z,94.02,94.48,93.02,93.06,591914
2022-12-08T05:00:00Z,95.7,95.85,93.805,93.98,1119423
2022-12-07T05:00:00Z,96.8,97.28,95.04,95.14,628797
2022-12-06T05:00:00Z,99.83,100.14,96.79,97.34,409221
2022-12-05T05:00:00Z,99.85,101.745,99.365,99.89,524913
2022-12-02T05:00:00Z,99.28,101.09,99.23,100.86,419069
2022-12-01T05:00:00Z,101.44,102.57,100.68,101.31,527488
2022-11-30T05:00:00Z,95.12,101.45,94.67,101.41,571726
2022-11-29T05:00:00Z,96.04,96.38,94.42,95.42,509789
2022-11-28T05:00:00Z,97.14,97.77,95.905,96.26,522845
2022-11-25T05:00:00Z,98.39,98.91,97.54,97.62,144021
2022-11-23T05:00:00Z,97.34,99.06,97.34,98.86,427573
2022-11-22T05:00:00Z,96.15,97.54,94.455,97.31,336375
2022-11-21T05:00:00Z,97.64,98.71,95.67,95.87,499809
2022-11-18T05:00:00Z,99.1,99.1,96.75,97.82,424542
2022-11-17T05:00:00Z,97.16,99.46,97.1,98.54,431691
2022-11-16T05:00:00Z,98.08,99.81,97.91,99.025,491493
2022-11-15T05:00:00Z,98.76,100.39,97.02,98.74,783344
2022-11-14T05:00:00Z,95.51,97.17,95.16,95.99,689703
2022-11-11T05:00:00Z,94.82,97.355,94.165,96.8,1555990
2022-11-10T05:00:00Z,92.355,94.545,91.65,94.1,1584643
2022-11-09T05:00:00Z,88.48,89.475,87.365,87.43,677682
2022-11-08T05:00:00Z,89.2,90.4,87.66,88.94,793712
2022-11-07T05:00:00Z,87.37,88.925,86.96,88.68,557845
2022-11-04T04:00:00Z,85.6,86.72,83.885,86.69,1253426
2022-11-03T04:00:00Z,86.34,86.55,83.46,83.5,2248897
2022-11-02T04:00:00Z,90.92,91.29,87.01,87.04,2384237
2022-11-01T04:00:00Z,95.78,96.165,90.43,90.52,3325535
2022-10-31T04:00:00Z,95.8,96.33,94.38,94.65,951561
2022-10-28T04:00:00Z,92.54,96.855,92.35,96.56,1278581
2022-10-27T04:00:00Z,94.29,95.08,91.91,92.49,1732194
2022-10-26T04:00:00Z,96.83,98.535,94.62,94.85,3057691
2022-10-25T04:00:00Z,103.295,105.09,103.04,104.84,692766
2022-10-24T04:00:00Z,102.14,103.09,100.31,102.975,898520
2022-10-21T04:00:00Z,98.33,101.62,98.29,101.5,1298592
2022-10-20T04:00:00Z,100.78,102.995,99.985,100.48,841782
2022-10-19T04:00:00Z,100.68,101.635,99.65,100.35,601216
2022-10-18T04:00:00Z,104,104.22,100.68,101.42,775327
2022-10-17T04:00:00Z,99.66,101.71,99.6,100.82,648658
2022-10-14T04:00:00Z,100.65,101.25,97.04,97.26,621908
2022-10-13T04:00:00Z,95.82,100.51,95.3,99.64,1241970
2022-10-12T04:00:00Z,98.22,99.63,97.74,98.32,413414
2022-10-11T04:00:00Z,98.3,100.115,97.26,98.08,573796
2022-10-10T04:00:00Z,99.86,99.98,97.875,98.72,347188
2022-10-07T04:00:00Z,100.62,101.38,99.22,99.63,599889
2022-10-06T04:00:00Z,101.535,103.72,101.52,102.27,413307
2022-10-05T04:00:00Z,100.75,102.74,99.77,102.25,615986
2022-10-04T04:00:00Z,101.09,102.71,101.09,102.47,579450
2022-10-03T04:00:00Z,97.2,99.96,97.04,99.32,547333
2022-09-30T04:00:00Z,97.65,99.48,96.05,96.17,592334
2022-09-29T04:00:00Z,99.17,99.17,96.52,98.11,578067
2022-09-28T04:00:00Z,98.17,101.4,97.84,100.73,907224
2022-09-27T04:00:00Z,99.94,100.45,97.35,98.09,558446
2022-09-26T04:00:00Z,98.62,100.4,98.4,98.79,568898
2022-09-23T04:00:00Z,100.02,100.04,98.02,99.19,657478
2022-09-22T04:00:00Z,99.46,101.64,99.42,100.55,576903
2022-09-21T04:00:00Z,102.27,103.445,100,100,612310
2022-09-20T04:00:00Z,102.81,103.17,101.135,101.86,773130
2022-09-19T04:00:00Z,102.51,104,102.37,103.86,497752
2022-09-16T04:00:00Z,102.85,104.02,101.92,103.55,1225998
2022-09-15T04:00:00Z,104.995,106.18,103.32,103.89,938462
2022-09-14T04:00:00Z,105.46,106.1,104.54,105.89,806556
2022-09-13T04:00:00Z,108.71,109.34,105,105.33,1118595
2022-09-12T04:00:00Z,111.995,112.64,110.93,111.91,493317
2022-09-09T04:00:00Z,110.11,112,110.11,111.78,703569
2022-09-08T04:00:00Z,109.09,110.565,108.09,109.39,621978
2022-09-07T04:00:00Z,107.74,110.97,107.67,110.46,780443
2022-09-06T04:00:00Z,108.14,108.88,106.56,107.51,431934
2022-09-02T04:00:00Z,111.31,111.66,108.14,108.71,501498
2022-09-01T04:00:00Z,109.16,111.15,108.2,110.665,525411
2022-08-31T04:00:00Z,111.61,111.77,109.05,109.09,415624
2022-08-30T04:00:00Z,110.975,111.32,108.8,109.94,481418
2022-08-29T04:00:00Z,110.74,111.95,109.83,110.31,665584
2022-08-26T04:00:00Z,115.88,116.25,111.25,111.33,734524
2022-08-25T04:00:00Z,115.17,117.77,115.13,117.72,408213
2022-08-24T04:00:00Z,114.45,115.71,113.79,114.73,449505
2022-08-23T04:00:00Z,114.35,115.89,114.35,114.77,407911
2022-08-22T04:00:00Z,115.9,116.47,114.675,115.09,443178
2022-08-19T04:00:00Z,119.85,119.92,117.705,118.11,460947
2022-08-18T04:00:00Z,120.22,121.67,119.61,120.85,346033
2022-08-17T04:00:00Z,120.91,122.075,120.2,120.35,440149
2022-08-16T04:00:00Z,122.36,123.185,121.545,122.5,455512
2022-08-15T04:00:00Z,122.12,123.25,121.58,122.89,484399
2022-08-12T04:00:00Z,121.11,122.65,120.5,122.62,499234
2022-08-11T04:00:00Z,122.24,122.34,119.56,119.85,475397
2022-08-10T04:00:00Z,119.85,121.77,119.46,120.65,690147
2022-08-09T04:00:00Z,118.01,118.19,116.59,117.51,338492
2022-08-08T04:00:00Z,119.17,120.86,117.845,118.16,369384
2022-08-05T04:00:00Z,116.81,118.83,116.71,118.21,366202
2022-08-04T04:00:00Z,118.26,119.43,117.72,118.86,219062
2022-08-03T04:00:00Z,116.43,119.4,116.31,118.77,655904
2022-08-02T04:00:00Z,114.48,117.05,114.3,115.9,280417
2022-08-01T04:00:00Z,115.5,117.1,114.71,115.5,335046
2022-07-29T04:00:00Z,113.4,116.885,113.4,116.62,487745
2022-07-28T04:00:00Z,112.78,114.61,111.97,114.61,336271
2022-07-27T04:00:00Z,109.57,114.4,108.435,113.57,1009230
2022-07-26T04:00:00Z,107.42,107.72,104.77,105.5,1171876
2022-07-25T04:00:00Z,108.91,110.55,107.04,108.22,1017789
2022-07-22T04:00:00Z,111.74,113.16,107.6,108.38,1755705
2022-07-21T04:00:00Z,115.06,115.21,111.92,115.04,598596
2022-07-20T04:00:00Z,114.02,116.28,113.32,114.67,779267
2022-07-19T04:00:00Z,111.745,114.8,110.7,114.55,778732
2022-07-18T04:00:00Z,113.65,114.76,109.3,109.92,717561
2022-07-15T04:00:00Z,2261.27,2276.01,2237.05,2253.47,53725
2022-07-14T04:00:00Z,2205.38,2239.095,2187.7,2228.62,68561
2022-07-13T04:00:00Z,2252.3,2302.255,2238.13,2243.02,91427
2022-07-12T04:00:00Z,2345.43,2350.325,2293.02,2297.18,32406
2022-07-11T04:00:00Z,2370.25,2370.25,2326.22,2330.76,50217
2022-07-08T04:00:00Z,2352.93,2406.4,2352.93,2403.47,49772
2022-07-07T04:00:00Z,2319.875,2395.345,2313.7,2386.22,60909
2022-07-06T04:00:00Z,2282.69,2326.5,2250.1,2302.75,64627
2022-07-05T04:00:00Z,2150.31,2279.07,2129.1,2279.07,74715
2022-07-01T04:00:00Z,2168.14,2189.24,2143.38,2179.9,89261
2022-06-30T04:00:00Z,2210.24,2223.69,2148.23,2187.59,78010
2022-06-29T04:00:00Z,2245.99,2265.4,2235.57,2245.13,34484
2022-06-28T04:00:00Z,2329.19,2357,2249.23,2252.55,52904
2022-06-27T04:00:00Z,2378.7,2383.125,2321.675,2331.43,65131
2022-06-24T04:00:00Z,2272.81,2372.32,2272.81,2370.76,117275
2022-06-23T04:00:00Z,2256.06,2260.85,2221.29,2254.36,52081
2022-06-22T04:00:00Z,2216.6,2273.42,2216.6,2239.8,37169
2022-06-21T04:00:00Z,2187.75,2252.965,2186.36,2239.8,76661
2022-06-17T04:00:00Z,2131.74,2183.95,2118.115,2155.12,65066
2022-06-16T04:00:00Z,2160.45,2184.68,2117.21,2133.51,74673
2022-06-15T04:00:00Z,2177.68,2237.77,2165.23,2207.52,69029
2022-06-14T04:00:00Z,2139.955,2168.93,2129.4,2143.58,53757
2022-06-13T04:00:00Z,2155.75,2182.44,2132.76,2137.7,70640
2022-06-10T04:00:00Z,2255.625,2269.75,2218.24,2228,62730
2022-06-09T04:00:00Z,2333.3,2365.69,2297.6,2297.6,44118
2022-06-08T04:00:00Z,2333.935,2369.1,2333.935,2345.15,43545
2022-06-07T04:00:00Z,2311,2352.7,2303.05,2343.65,83965
2022-06-06T04:00:00Z,2332.47,2386.63,2332.47,2338.64,50248
2022-06-03T04:00:00Z,2313.8,2322.525,2275.62,2289.82,66425
2022-06-02T04:00:00Z,2270,2357.44,2267.215,2355.35,62177
2022-06-01T04:00:00Z,2304.36,2343,2273.325,2281.12,62519
2022-05-31T04:00:00Z,2263.42,2326.735,2253.4,2279.07,87622
2022-05-27T04:00:00Z,2191.43,2255.18,2191.43,2254.95,60617
2022-05-26T04:00:00Z,2120.75,2176.505,2112.115,2164.45,74284
2022-05-25T04:00:00Z,2101.57,2130.24,2085.25,2117.38,141517
2022-05-24T04:00:00Z,2126.625,2126.73,2045.18,2119.82,217386
2022-05-23T04:00:00Z,2201.54,2237.87,2184.26,2232.33,80892
2022-05-20T04:00:00Z,2241.58,2249.75,2129.78,2186.35,100652
2022-05-19T04:00:00Z,2242.02,2268.55,2212.16,2214.11,91445
2022-05-18T04:00:00Z,2310.39,2312.04,2243.45,2250,75128
2022-05-17T04:00:00Z,2341.73,2341.73,2306.8,2333.71,50790
2022-05-16T04:00:00Z,2322.23,2329.6,2287.05,2298.69,75365
2022-05-13T04:00:00Z,2286.4,2361.08,2283.365,2329.97,70233
2022-05-12T04:00:00Z,2238.59,2297.13,2203.65,2263.97,113911
2022-05-11T04:00:00Z,2276.045,2328.13,2274.65,2278.51,105940
2022-05-10T04:00:00Z,2319.12,2333.01,2274.71,2290.92,84952
2022-05-09T04:00:00Z,2264.75,2309.46,2251.03,2262.99,86998
2022-05-06T04:00:00Z,2311.5,2347.57,2286.34,2313.52,141625
2022-05-05T04:00:00Z,2409.1,2422.84,2304.21,2339.28,167088
2022-05-04T04:00:00Z,2358.52,2462.24,2315.48,2450.61,113973
2022-05-03T04:00:00Z,2337.88,2385.38,2334.275,2363.38,47200
2022-05-02T04:00:00Z,2285.595,2345.6,2268.62,2344.12,77315
2022-04-29T04:00:00Z,2353.395,2377.98,2294.68,2299.69,78045
2022-04-28T04:00:00Z,2343.085,2407.68,2307.12,2387.11,121873
2022-04-27T04:00:00Z,2284.81,2347.955,2268.01,2306.44,182508
2022-04-26T04:00:00Z,2449.1,2449.9,2383.55,2393.73,104731
2022-04-25T04:00:00Z,2378.855,2465.5,2378.855,2465.5,81970
2022-04-22T04:00:00Z,2500.15,2507.49,2385.135,2392.47,146363
2022-04-21T04:00:00Z,2587.4,2604.9,2495.08,2499.01,71674
2022-04-20T04:00:00Z,2626.73,2637.32,2561.68,2565.59,74586
2022-04-19T04:00:00Z,2560.04,2616.37,2549.03,2611.47,46210
2022-04-18T04:00:00Z,2547.1,2573.18,2532.95,2559.24,27536
2022-04-14T04:00:00Z,2605.17,2605.17,2542.87,2545.58,56254
2022-04-13T04:00:00Z,2574.95,2612.9,2570.02,2605.7,67890
2022-04-12T04:00:00Z,2643.8,2644.25,2552.115,2568.03,67957
2022-04-11T04:00:00Z,2655.37,2656.5,2592.98,2597.25,72472
2022-04-08T04:00:00Z,2713.65,2713.81,2676.13,2682.72,20536
2022-04-07T04:00:00Z,2736.77,2751.6,2697.94,2729.92,36685
2022-04-06T04:00:00Z,2783.395,2787,2741.145,2742,29417
2022-04-05T04:00:00Z,2871.26,2871.26,2818.94,2823.74,27988
2022-04-04T04:00:00Z,2821.83,2875,2821.77,2871.95,26333
2022-04-01T04:00:00Z,2799.41,2818.45,2777.51,2813.47,62086
2022-03-31T04:00:00Z,2848.5,2848.5,2792.93,2792.93,75797
2022-03-30T04:00:00Z,2860.12,2868.43,2845,2853.21,60456
2022-03-29T04:00:00Z,2863.21,2882.86,2854.1,2865.81,91164
2022-03-28T04:00:00Z,2815.01,2839.05,2797.58,2837.98,55637
2022-03-25T04:00:00Z,2826.95,2838,2793.99,2830.46,53739
2022-03-24T04:00:00Z,2787.18,2823,2761.315,2823,61343
2022-03-23T04:00:00Z,2787.52,2798.14,2765.57,2770.19,52127
2022-03-22T04:00:00Z,2730.54,2829.46,2730.54,2805.02,52437
2022-03-21T04:00:00Z,2736.95,2750.67,2692.31,2728.76,60041
2022-03-18T04:00:00Z,2673.715,2735.8,2660.41,2735.8,74826
2022-03-17T04:00:00Z,2668.84,2694,2655.18,2691,62510
2022-03-16T04:00:00Z,2626.475,2675.16,2587.95,2675.16,102391
2022-03-15T04:00:00Z,2559.69,2609.52,2532.26,2593.02,87730
2022-03-14T04:00:00Z,2616.94,2616.94,2528.29,2534.72,184917
2022-03-11T05:00:00Z,2682.57,2682.57,2608.91,2608.92,101078
2022-03-10T05:00:00Z,2631.73,2668.585,2629.82,2654.44,69893
2022-03-09T05:00:00Z,2625.58,2683.97,2601.8,2678.59,107283
2022-03-08T05:00:00Z,2528.79,2624.33,2520.45,2543.17,81470
2022-03-07T05:00:00Z,2634.32,2634.32,2528.62,2531.18,98492
2022-03-04T05:00:00Z,2680.16,2680.16,2610.055,2643.43,59850
2022-03-03T05:00:00Z,2717.88,2731.555,2669.78,2686.45,54480
2022-03-02T05:00:00Z,2692.89,2709.05,2668.65,2694.27,66082
2022-03-01T05:00:00Z,2689.6,2720.6,2668.52,2685.6,53802
2022-02-28T05:00:00Z,2666.82,2711.43,2659.39,2698.18,61058
2022-02-25T05:00:00Z,2670.87,2705.9,2637.68,2690.82,71572
2022-02-24T05:00:00Z,2498.84,2659.62,2498.84,2652.72,110463
2022-02-23T05:00:00Z,2624.64,2632.1,2551.01,2551.81,63631
2022-02-22T05:00:00Z,2596.52,2637.96,2555.28,2587.41,117536
2022-02-18T05:00:00Z,2659.89,2672.55,2606.43,2609.44,102239
2022-02-17T05:00:00Z,2731.82,2736.28,2644.75,2646.58,78822
2022-02-16T05:00:00Z,2732.69,2757.99,2701.23,2750.93,54209
2022-02-15T05:00:00Z,2749.89,2755.86,2713.15,2726.21,68881
2022-02-14T05:00:00Z,2671.415,2722.95,2671.415,2707.56,55704
2022-02-11T05:00:00Z,2775.84,2783.88,2666.12,2681.61,91534
2022-02-10T05:00:00Z,2790.97,2828.03,2761.31,2774.95,66911
2022-02-09T05:00:00Z,2816.995,2842.6,2808.9,2827.28,69583
2022-02-08T05:00:00Z,2779.825,2796.43,2740,2782.98,88741
2022-02-07T05:00:00Z,2871.26,2875,2774.37,2776.09,128822
2022-02-04T05:00:00Z,2861.39,2889.2,2797.55,2860.08,124913
2022-02-03T05:00:00Z,2904.745,2981.36,2844.38,2851.74,163995
2022-02-02T05:00:00Z,3042,3042,2916.61,2959.385,251165
2022-02-01T05:00:00Z,2759.48,2759.48,2693.06,2758.26,125416
2022-01-31T05:00:00Z,2687.12,2715.85,2647.68,2712.35,82030
2022-01-28T05:00:00Z,2598.7,2665.26,2574.47,2664.54,130894
2022-01-27T05:00:00Z,2636.76,2649.16,2580.71,2580.71,77030
2022-01-26T05:00:00Z,2615.1,2652.8,2543.29,2590.91,121404
2022-01-25T05:00:00Z,2571.425,2586.26,2530.06,2536.48,94236
2022-01-24T05:00:00Z,2511.84,2615.57,2494.2,2608.945,195507
2022-01-21T05:00:00Z,2676.14,2693.79,2600.735,2600.735,105979
2022-01-20T05:00:00Z,2729.01,2757.27,2662.89,2671.99,63441
2022-01-19T05:00:00Z,2738.6,2764.63,2710.79,2714.1,36559
2022-01-18T05:00:00Z,2734.3,2747.33,2712.94,2727.255,60851
2022-01-14T05:00:00Z,2758.45,2813.24,2758.45,2793.91,52019
2022-01-13T05:00:00Z,2839.09,2861.55,2778.28,2784.76,61254
2022-01-12T05:00:00Z,2830.62,2855.35,2822.58,2832.06,41462
2022-01-11T05:00:00Z,2761.52,2802.1,2739.04,2800.19,43497
2022-01-10T05:00:00Z,2700.39,2772.745,2664.32,2771.8,106429
2022-01-07T05:00:00Z,2760.06,2760.06,2715.78,2740.68,39260
2022-01-06T05:00:00Z,2743.45,2788.88,2743.45,2750.53,101393
2022-01-05T05:00:00Z,2885.46,2885.96,2750.47,2754.04,178525
2022-01-04T05:00:00Z,2911.82,2930.29,2876.93,2886.96,51671
2022-01-03T05:00:00Z,2896.045,2909.97,2870.17,2899.7,40342
2021-12-31T05:00:00Z,2912.11,2923.985,2894.21,2896.4,41618
2021-12-30T05:00:00Z,2927.5,2940.87,2915.49,2920.65,28677
2021-12-29T05:00:00Z,2928.01,2937.66,2913.405,2931.475,42731
2021-12-28T05:00:00Z,2964.505,2965,2923.13,2930.4,39575
2021-12-27T05:00:00Z,2948.1,2965.22,2948.1,2959.68,40242
2021-12-23T05:00:00Z,2944.41,2967.91,2944.28,2944.87,32019
2021-12-22T05:00:00Z,2883.57,2944.98,2882.36,2937.22,31154
2021-12-21T05:00:00Z,2864.47,2890.84,2835.19,2885.57,49790
2021-12-20T05:00:00Z,2817.77,2851.68,2808.66,2851.68,39966
2021-12-17T05:00:00Z,2853.53,2886.21,2836.695,2855.43,56754
2021-12-16T05:00:00Z,2960.92,2969.54,2884.1,2900.19,91623
2021-12-15T05:00:00Z,2887.9,2949.34,2854.11,2948.1,62741
2021-12-14T05:00:00Z,2896.86,2907.53,2848.01,2901.9,61385
2021-12-13T05:00:00Z,2971.25,2971.25,2927.78,2934.78,43710
2021-12-10T05:00:00Z,2977.65,2985.01,2947.15,2972.35,36347
2021-12-09T05:00:00Z,2962.17,2991.7,2955.03,2963.4,37405
2021-12-08T05:00:00Z,2967.66,2977.59,2946.82,2977.05,34604
2021-12-07T05:00:00Z,2922.04,2964.8,2917.38,2961.18,56366
2021-12-06T05:00:00Z,2873.94,2886.06,2821.8,2877.46,37488
2021-12-03T05:00:00Z,2892,2901.595,2824.19,2853.69,64128
2021-12-02T05:00:00Z,2836.37,2891.33,2820.1,2870.5,52198
2021-12-01T05:00:00Z,2889.995,2928.25,2831.085,2831.2,67034
2021-11-30T05:00:00Z,2910.03,2931.64,2843.67,2850.98,79638
2021-11-29T05:00:00Z,2888.5,2936.24,2888.5,2922.96,54822
2021-11-26T05:00:00Z,2897.27,2898.58,2849.84,2861.52,39590
2021-11-24T05:00:00Z,2926.1,2938.52,2904.91,2933.4,39935
2021-11-23T05:00:00Z,2940.32,2951.77,2898.4,2937.81,41503
2021-11-22T05:00:00Z,3004.47,3013.64,2940.29,2940.29,73670
2021-11-19T05:00:00Z,3020,3032.035,2998.31,2999.02,39598
2021-11-18T05:00:00Z,2983.79,3030.98,2983.79,3014.47,39132
2021-11-17T05:00:00Z,2985.72,2991.39,2973.25,2983.03,37200
2021-11-16T05:00:00Z,2981.4,2996.61,2972.63,2980.81,33522
2021-11-15T05:00:00Z,2996.02,3007.86,2974.02,2986.135,31203
2021-11-12T05:00:00Z,2951.93,2996.3,2931.5,2994.67,29410
2021-11-11T05:00:00Z,2943.05,2968.49,2935.055,2935.45,23239
2021-11-10T05:00:00Z,2960.195,2969.12,2907.91,2933.62,57412
2021-11-09T05:00:00Z,2990.1,2999.74,2952.14,2986.15,34780
2021-11-08T05:00:00Z,2997.01,3014.53,2983.01,2986.21,25570
2021-11-05T04:00:00Z,2987,3010.29,2978.45,2984.845,31558
2021-11-04T04:00:00Z,2944.56,2998.92,2933.8,2973.64,43450
2021-11-03T04:00:00Z,2926.66,2937.87,2901.07,2937.69,33241
2021-11-02T04:00:00Z,2895.115,2937.24,2894.58,2917.07,30425
2021-11-01T04:00:00Z,2964.1,2965.15,2871.79,2873.69,93712
2021-10-29T04:00:00Z,2911.595,2968.145,2905.13,2964.91,54348
2021-10-28T04:00:00Z,2942.79,2942.79,2897.01,2920.88,62108
2021-10-27T04:00:00Z,2814.22,2979.76,2807.96,2927.03,121646
2021-10-26T04:00:00Z,2810.02,2814.67,2783.72,2797.915,64690
2021-10-25T04:00:00Z,2776,2783.98,2734.97,2775.51,77573
2021-10-22T04:00:00Z,2807.93,2822.555,2743.41,2772.13,59705
2021-10-21T04:00:00Z,2841.34,2856.99,2832.98,2856.99,27714
2021-10-20T04:00:00Z,2879.58,2880.4,2838.865,2848.53,36175
2021-10-19T04:00:00Z,2867.64,2879.475,2865.47,2876.57,30346
2021-10-18T04:00:00Z,2830.05,2859.29,2830.05,2859.29,28686
2021-10-15T04:00:00Z,2842.255,2842.255,2821.695,2834.21,33519
2021-10-14T04:00:00Z,2794.06,2831.53,2793.985,2828.835,30102
2021-10-13T04:00:00Z,2756.51,2766.76,2740.505,2759.42,34393
2021-10-12T04:00:00Z,2780.255,2785.1,2727.16,2737.72,55473
2021-10-11T04:00:00Z,2793.72,2813.2,2776.86,2776.86,35552
2021-10-08T04:00:00Z,2798.14,2806.11,2790.4,2799.765,28148
2021-10-07T04:00:00Z,2775.94,2802.31,2775.94,2783.68,29134
2021-10-06T04:00:00Z,2696.28,2756.65,2696.28,2747.45,52604
2021-10-05T04:00:00Z,2680.125,2747.24,2680.125,2721.88,54238
2021-10-04T04:00:00Z,2713.99,2713.99,2623.97,2676.52,84174
2021-10-01T04:00:00Z,2675.9,2740.33,2668.94,2726.51,50478
2021-09-30T04:00:00Z,2688.44,2711.66,2662.03,2663.65,148219
2021-09-29T04:00:00Z,2740.715,2747.01,2685.02,2688.76,94535
2021-09-28T04:00:00Z,2783.77,2790.82,2715.81,2724.36,98364
2021-09-27T04:00:00Z,2837.81,2848.59,2810.04,2830.59,65579
2021-09-24T04:00:00Z,2817.01,2857.77,2817.01,2852.39,38032
2021-09-23T04:00:00Z,2828.86,2844.45,2824.42,2836.47,49490
2021-09-22T04:00:00Z,2800.495,2828.75,2791.15,2817.19,50828
2021-09-21T04:00:00Z,2802.02,2814,2778.11,2793.48,31215
2021-09-20T04:00:00Z,2771.38,2787.16,2742.67,2780.66,114630
2021-09-17T04:00:00Z,2884.99,2884.99,2825.06,2828.89,91420
2021-09-16T04:00:00Z,2896.23,2902.63,2871.18,2887.58,60776
2021-09-15T04:00:00Z,2878.45,2910.81,2846.46,2903.03,59512
2021-09-14T04:00:00Z,2885.22,2890.71,2860.1,2869.89,54859
2021-09-13T04:00:00Z,2863.19,2882.21,2847,2870.84,40010
2021-09-10T04:00:00Z,2908.9,2919.72,2835.155,2839.81,84695
2021-09-09T04:00:00Z,2899.82,2913.145,2891.325,2898.03,43298
2021-09-08T04:00:00Z,2907.89,2910.98,2884.3,2896.86,32270
2021-09-07T04:00:00Z,2893.42,2914.465,2892.65,2910.62,29682
2021-09-03T04:00:00Z,2885.04,2907.05,2870.7,2894.15,42188
2021-09-02T04:00:00Z,2913.2,2926.22,2882.95,2882.95,74610
2021-09-01T04:00:00Z,2912.67,2935.825,2912.67,2917.53,33257
2021-08-31T04:00:00Z,2913.6,2920.93,2904.14,2911.01,73890
2021-08-30T04:00:00Z,2894.97,2927.79,2894.78,2907.24,38985
2021-08-27T04:00:00Z,2845.05,2899.485,2841.49,2890.46,76645
2021-08-26T04:00:00Z,2854.72,2860.46,2843.55,2843.55,30122
2021-08-25T04:00:00Z,2854,2862.8,2848.8,2860.33,30863
2021-08-24T04:00:00Z,2829.9,2859.96,2827.9,2848.35,49317
2021-08-23T04:00:00Z,2779.99,2841.89,2776.04,2822.03,35581
2021-08-20T04:00:00Z,2731.04,2770.7,2731.04,2769.05,36190
2021-08-19T04:00:00Z,2713.5,2749.04,2709.14,2734.79,32864
2021-08-18T04:00:00Z,2740.32,2761.25,2729.24,2729.24,29803
2021-08-17T04:00:00Z,2761.64,2771.99,2735.75,2744.955,39048
2021-08-16T04:00:00Z,2762,2778.92,2725.6,2778.92,37319
2021-08-13T04:00:00Z,2763.435,2772.68,2761.565,2768.52,39132
2021-08-12T04:00:00Z,2751.67,2768.06,2738.02,2768.06,30548
2021-08-11T04:00:00Z,2770.51,2776.38,2747.48,2752.98,27640
2021-08-10T04:00:00Z,2764.06,2768.54,2745.42,2763.25,30380
2021-08-09T04:00:00Z,2739.91,2765.47,2729.24,2761.57,25256
2021-08-06T04:00:00Z,2730.43,2740.82,2721.53,2740.24,29220
2021-08-05T04:00:00Z,2720.26,2736.735,2712,2736.1,20814
2021-08-04T04:00:00Z,2714.75,2729.15,2709.145,2719.74,43228
2021-08-03T04:00:00Z,2721.19,2725.88,2683.67,2725.88,44942
2021-08-02T04:00:00Z,2711.69,2719.3,2693.53,2719.3,28564
2021-07-30T04:00:00Z,2712.53,2715.4,2697.7,2705.24,38732
2021-07-29T04:00:00Z,2723.745,2741.98,2723.465,2731.14,45540
2021-07-28T04:00:00Z,2773.64,2790.38,2727.78,2728.755,130535
2021-07-27T04:00:00Z,2799.76,2799.76,2703.84,2732,69249
2021-07-26T04:00:00Z,2758.29,2793.64,2753.42,2793.64,54544
2021-07-23T04:00:00Z,2705.54,2775.01,2694.8,2756.13,72363
2021-07-22T04:00:00Z,2650.18,2669.75,2650.18,2665.42,40618
2021-07-21T04:00:00Z,2617.53,2651.88,2614.415,2650.76,36178
2021-07-20T04:00:00Z,2597.5,2639.22,2584.55,2622.64,42402
2021-07-19T04:00:00Z,2617.86,2622.45,2574.54,2584.3,54868
2021-07-16T04:00:00Z,2632.6,2642.33,2619.26,2638.475,32607
2021-07-15T04:00:00Z,2643.85,2644.34,2614.51,2622.7,39709
2021-07-14T04:00:00Z,2643.74,2658.6,2637.99,2639.62,49678
2021-07-13T04:00:00Z,2616.93,2640.22,2614.4,2617.86,34100
2021-07-12T04:00:00Z,2597.5,2614.12,2593.09,2610.9,33776
2021-07-09T04:00:00Z,2581.98,2596.11,2580.25,2590.76,52354
2021-07-08T04:00:00Z,2563.29,2599.625,2561.08,2581.22,54542
2021-07-07T04:00:00Z,2605.125,2610.35,2595.74,2598.11,39233
2021-07-06T04:00:00Z,2588.01,2596.29,2569.5,2594.245,46504
2021-07-02T04:00:00Z,2536.18,2576.18,2536.18,2575.45,50621
2021-07-01T04:00:00Z,2500.7,2528.81,2500.7,2527.09,52703
2021-06-30T04:00:00Z,2513.2,2513.8,2496.16,2505.92,59662
2021-06-29T04:00:00Z,2539.72,2539.72,2508.74,2519.68,44596
2021-06-28T04:00:00Z,2541.37,2545.485,2520.8,2536.53,85014
2021-06-25T04:00:00Z,2543.38,2549.91,2532.26,2540.68,46652
2021-06-24T04:00:00Z,2542.705,2550.14,2539.2,2544.235,59835
2021-06-23T04:00:00Z,2538,2551.695,2526.615,2529.15,84737
2021-06-22T04:00:00Z,2527.17,2545.36,2523.07,2540.67,77532
2021-06-21T04:00:00Z,2514.56,2540.45,2503.06,2524.42,53532
2021-06-18T04:00:00Z,2517.6,2524.17,2492.3,2512.06,87042
2021-06-17T04:00:00Z,2511.9,2543.93,2511.9,2527.76,71060
2021-06-16T04:00:00Z,2526.5,2529.88,2484.25,2513.44,73965
2021-06-15T04:00:00Z,2528.85,2533.13,2513.21,2520.69,42607
2021-06-14T04:00:00Z,2509.755,2526.93,2501.02,2526.84,53479
2021-06-11T04:00:00Z,2521.61,2522.4,2498.73,2514.27,51661
2021-06-10T04:00:00Z,2495.85,2522.415,2494.39,2522.415,69854
2021-06-09T04:00:00Z,2494.53,2504.6,2487.83,2492.13,53671
2021-06-08T04:00:00Z,2478.035,2494.19,2468.485,2483.12,68742
2021-06-07T04:00:00Z,2446.91,2467.155,2441.41,2466.71,72094
2021-06-04T04:00:00Z,2423.48,2453.52,2418,2452.2,60373
2021-06-03T04:00:00Z,2393.42,2409.69,2385.53,2405.75,50228
2021-06-02T04:00:00Z,2434.12,2440.12,2405.25,2420.56,45929
2021-06-01T04:00:00Z,2424.76,2434.26,2405.01,2429.46,49127
2021-05-28T04:00:00Z,2420.07,2428.01,2409.06,2411.52,53036
2021-05-27T04:00:00Z,2435,2438.2,2409.44,2409.88,51129
2021-05-26T04:00:00Z,2412.835,2442.65,2412.835,2433.42,59895
2021-05-25T04:00:00Z,2420.01,2430.9,2404.29,2409.3,47310
2021-05-24T04:00:00Z,2364.5,2418.05,2364.5,2407.36,53533
2021-05-21T04:00:00Z,2367.065,2367.065,2343.01,2344.28,57517
2021-05-20T04:00:00Z,2328.265,2359.98,2326.17,2355.35,47351
2021-05-19T04:00:00Z,2272.42,2316.62,2267.75,2307.79,69946
2021-05-18T04:00:00Z,2333.25,2343.11,2304.7,2304.7,49641
2021-05-17T04:00:00Z,2301.36,2323.34,2295.93,2321.44,52585
2021-05-14T04:00:00Z,2287,2320.375,2284.48,2317.65,63924
2021-05-13T04:00:00Z,2264.21,2275.9,2243.17,2261.35,72741
2021-05-12T04:00:00Z,2269.99,2284.895,2231,2239.37,91726
2021-05-11T04:00:00Z,2289.56,2321.56,2284.71,2310.34,115265
2021-05-10T04:00:00Z,2377.47,2377.47,2336.02,2341.62,73169
2021-05-07T04:00:00Z,2405,2415.43,2390.77,2399,58690
2021-05-06T04:00:00Z,2354.02,2382.06,2343.28,2378.3,61918
2021-05-05T04:00:00Z,2369.38,2380.49,2353.44,2355.87,53535
2021-05-04T04:00:00Z,2368.62,2375.43,2312.665,2354.9,106386
2021-05-03T04:00:00Z,2402.21,2418.35,2384.885,2395.61,103907
2021-04-30T04:00:00Z,2404.49,2425.28,2403.15,2408.68,80304
2021-04-29T04:00:00Z,2406.14,2435.75,2406.01,2428.92,90252
2021-04-28T04:00:00Z,2407.145,2450.78,2378.49,2379.68,162764
2021-04-27T04:00:00Z,2335.51,2335.51,2305.05,2310.22,76707
2021-04-26T04:00:00Z,2317.11,2337.835,2314.14,2326.5,51979
2021-04-23T04:00:00Z,2282.99,2325.32,2280.42,2316.075,78616
2021-04-22T04:00:00Z,2289.69,2302.08,2258.38,2269.19,58726
2021-04-21T04:00:00Z,2288.38,2295.14,2258.95,2292.86,57814
2021-04-20T04:00:00Z,2305.99,2309.16,2271.71,2294.9,82292
2021-04-19T04:00:00Z,2290,2316.85,2288.74,2301.12,54101
2021-04-16T04:00:00Z,2304.6,2304.95,2286.64,2297.31,45896
2021-04-15T04:00:00Z,2269.46,2306.12,2268.18,2296.88,51537
2021-04-14T04:00:00Z,2273.41,2277.66,2251.36,2254.19,58371
2021-04-13T04:00:00Z,2259.185,2276.75,2256.33,2268.44,43129
2021-04-12T04:00:00Z,2269.94,2270.28,2240.05,2255.2,84515
2021-04-09T04:00:00Z,2256.21,2287.635,2254.91,2285.94,47674
2021-04-08T04:00:00Z,2276.895,2281.31,2259.23,2265.36,60229
2021-04-07T04:00:00Z,2230.34,2254.75,2226.455,2249.01,86603
2021-04-06T04:00:00Z,2220.005,2237.21,2214.92,2224.86,72237
2021-04-05T04:00:00Z,2155.08,2237.075,2152.5,2228.42,105683
2021-04-01T04:00:00Z,2100.845,2142.2,2097.69,2138.8,85990
2021-03-31T04:00:00Z,2059.3,2092.65,2057.06,2071.71,64171
2021-03-30T04:00:00Z,2056.83,2069.135,2044.79,2054.52,50697
2021-03-29T04:00:00Z,2028.59,2057.8,2016.8,2053.92,46764
2021-03-26T04:00:00Z,2044.01,2049.75,2015,2035.59,70222
2021-03-25T04:00:00Z,2039,2058.15,2015.685,2044.78,55596
2021-03-24T04:00:00Z,2064.7,2077.385,2042.46,2046.97,67471
2021-03-23T04:00:00Z,2045,2071.46,2040.32,2052.56,50962
2021-03-22T04:00:00Z,2043.95,2057.81,2026.605,2038.92,107050
2021-03-19T04:00:00Z,2042.8,2052.43,2019.44,2042.61,73285
2021-03-18T04:00:00Z,2061,2074.53,2034.12,2037.16,58855
2021-03-17T04:00:00Z,2076.27,2109.31,2056.61,2090.81,58197
2021-03-16T04:00:00Z,2077.25,2122.755,2072.06,2091.1,60392
2021-03-15T04:00:00Z,2055.52,2066.5,2044.225,2066.08,55762
2021-03-12T05:00:00Z,2087.5,2088.03,2047.55,2060.8,97524
2021-03-11T05:00:00Z,2077.41,2125.7,2077.065,2113.51,89637
2021-03-10T05:00:00Z,2071.76,2074.075,2033.615,2054.35,83442
2021-03-09T05:00:00Z,2069,2077.66,2048.15,2048.15,98452
2021-03-08T05:00:00Z,2103.17,2126.58,2022.69,2022.69,92613
2021-03-05T05:00:00Z,2071.25,2118.11,2049,2107.43,108698
2021-03-04T05:00:00Z,2025.83,2084.35,2022.9,2047.61,116755
2021-03-03T05:00:00Z,2066.42,2086.38,2011.12,2025.82,58857
2021-03-02T05:00:00Z,2075.22,2104.33,2072.75,2077.65,47453
2021-03-01T05:00:00Z,2056.32,2085.16,2047.32,2079.82,48795
2021-02-26T05:00:00Z,2049.02,2067.97,2016.06,2036.345,78806
2021-02-25T05:00:00Z,2079,2087.49,2022.02,2034.93,147016
2021-02-24T05:00:00Z,2041.7,2099.13,2040.68,2095.25,61886
2021-02-23T05:00:00Z,2026.95,2080.26,2006.08,2071.99,112587
2021-02-22T05:00:00Z,2065.635,2091.42,2062.775,2064.91,92873
2021-02-19T05:00:00Z,2119.5,2129.58,2098,2103.27,61472
2021-02-18T05:00:00Z,2111.365,2131.42,2105.14,2115.545,53256
2021-02-17T05:00:00Z,2099.62,2132.625,2099.62,2128.62,50780
2021-02-16T05:00:00Z,2111,2150.335,2109.55,2123.23,40044
2021-02-12T05:00:00Z,2088.82,2108.24,2083.71,2103.99,42577
2021-02-11T05:00:00Z,2099.59,2099.59,2078,2097.07,46103
2021-02-10T05:00:00Z,2096.34,2106.07,2063.88,2095.68,57309
2021-02-09T05:00:00Z,2083.25,2104.625,2079.69,2084.34,41889
2021-02-08T05:00:00Z,2105.95,2123.055,2073.34,2091.83,53564
2021-02-05T05:00:00Z,2066.89,2102.51,2059.34,2095.93,54021
2021-02-04T05:00:00Z,2068.89,2074.36,2043.135,2063,103034
2021-02-03T05:00:00Z,2073,2116.5,2019.53,2071.18,229470
2021-02-02T05:00:00Z,1922.6,1954.82,1915.505,1927.19,70539
2021-02-01T05:00:00Z,1853.48,1922.125,1853.13,1901.33,86172
2021-01-29T05:00:00Z,1847.58,1856.92,1810.84,1834.46,65820
2021-01-28T05:00:00Z,1845.9,1898.53,1845.11,1861.81,117486
2021-01-27T05:00:00Z,1884.74,1884.74,1812.92,1831.13,114942
2021-01-26T05:00:00Z,1894.74,1924.17,1886.535,1916.845,66444
2021-01-25T05:00:00Z,1922.37,1928.76,1869.91,1901.16,101025
2021-01-22T05:00:00Z,1893.29,1910.39,1881.76,1903.83,94935
2021-01-21T05:00:00Z,1900.42,1933.88,1887.66,1890.4,133364
2021-01-20T05:00:00Z,1832.29,1902.745,1827.96,1889.21,138548
2021-01-19T05:00:00Z,1751.875,1809.25,1741.46,1790.06,106449
2021-01-15T05:00:00Z,1736.5,1753.33,1722.65,1736.52,64537
2021-01-14T05:00:00Z,1754.4,1774,1733.61,1741.63,47869
2021-01-13T05:00:00Z,1738.58,1764.16,1738.58,1754.98,53741
2021-01-12T05:00:00Z,1755.48,1776.54,1725.61,1747.4,72327
2021-01-11T05:00:00Z,1786.49,1791.48,1760.81,1769.51,55021
2021-01-08T05:00:00Z,1789.23,1809.755,1776.2,1807.13,83406
2021-01-07T05:00:00Z,1740.55,1787.585,1740.04,1787.255,104303
2021-01-06T05:00:00Z,1700.01,1748,1700.01,1748,76320
2021-01-05T05:00:00Z,1724.95,1745.58,1718.54,1742.68,38687
2021-01-04T05:00:00Z,1757.1,1760,1708.53,1729.11,93377
2020-12-31T05:00:00Z,1737.045,1757.41,1737.045,1753.86,32821
2020-12-30T05:00:00Z,1762.66,1762.66,1725.97,1739.62,58927
2020-12-29T05:00:00Z,1789.23,1789.23,1756.785,1757.18,61543
2020-12-28T05:00:00Z,1751.63,1790.62,1746.715,1775.975,50491
2020-12-24T05:00:00Z,1735.38,1745.97,1729.6,1737.215,14202
2020-12-23T05:00:00Z,1728.39,1746.95,1726.07,1733.28,34933
2020-12-22T05:00:00Z,1732.93,1737.05,1713,1723.69,42269
2020-12-21T05:00:00Z,1711.76,1740.52,1700.26,1739.61,54766
2020-12-18T05:00:00Z,1752.99,1752.99,1720.88,1733.67,141086
2020-12-17T05:00:00Z,1769.67,1771.4,1738.66,1747.41,50417
2020-12-16T05:00:00Z,1768.19,1770.255,1756.32,1763.19,52414
2020-12-15T05:00:00Z,1766.53,1770.75,1750.24,1767.5,78620
2020-12-14T05:00:00Z,1778.24,1795.61,1757.96,1761,47209
2020-12-11T05:00:00Z,1763.015,1783.76,1760.8,1779.71,44963
2020-12-10T05:00:00Z,1769.86,1781.31,1740.95,1774.13,50593
2020-12-09T05:00:00Z,1814.585,1833.17,1767.97,1783.15,72632
2020-12-08T05:00:00Z,1810.1,1820.69,1796.68,1818.92,22162
2020-12-07T05:00:00Z,1816.91,1831.3,1806.38,1819.54,31759
2020-12-04T05:00:00Z,1824.34,1832.26,1818.685,1827.09,23008
2020-12-03T05:00:00Z,1825.28,1846.77,1823.7,1824.99,34794
2020-12-02T05:00:00Z,1798.64,1834.93,1792.865,1829.14,31688
2020-12-01T05:00:00Z,1774.305,1820.88,1771.01,1798.36,40910
2020-11-30T05:00:00Z,1785.635,1787.07,1755.5,1764.29,38355
2020-11-27T05:00:00Z,1773.75,1803.715,1773.56,1791.5,14655
2020-11-25T05:00:00Z,1775.75,1777.96,1757.07,1772.11,26770
2020-11-24T05:00:00Z,1733.825,1771.48,1727.87,1767.855,32186
2020-11-23T05:00:00Z,1749.01,1749.01,1718.6,1734.87,26523
2020-11-20T05:00:00Z,1764.21,1773.72,1742.99,1742.99,47863
2020-11-19T05:00:00Z,1745.16,1768.52,1739.95,1765.02,27117
2020-11-18T05:00:00Z,1770.52,1771.5,1746.19,1747.38,33231
2020-11-17T05:00:00Z,1775.07,1782.79,1768.86,1770.38,26480
2020-11-16T05:00:00Z,1772.705,1795.855,1768.54,1779.29,37502
2020-11-13T05:00:00Z,1759.51,1780.16,1744.72,1778.26,37251
2020-11-12T05:00:00Z,1750,1765.68,1746.03,1746.755,40594
2020-11-11T05:00:00Z,1750.59,1763.87,1747.735,1753.1,41418
2020-11-10T05:00:00Z,1731.73,1760.73,1718.4,1739.73,90617
2020-11-09T05:00:00Z,1795.4,1817.13,1761.09,1761.09,51959
2020-11-06T05:00:00Z,1754.17,1771.54,1741.21,1762.16,40989
2020-11-05T05:00:00Z,1777.8,1791.16,1752.12,1765.88,58977
2020-11-04T05:00:00Z,1710.32,1771.12,1707.58,1749.12,168142
2020-11-03T05:00:00Z,1625.62,1661.67,1617.76,1650.15,57710
2020-11-02T05:00:00Z,1629.94,1659.97,1617.14,1623.05,97264
2020-10-30T04:00:00Z,1675.03,1685.49,1604.69,1621.71,321694
2020-10-29T04:00:00Z,1522.36,1593.71,1522.36,1566.32,89826
2020-10-28T04:00:00Z,1557.51,1561.05,1515.3,1515.3,139161
2020-10-27T04:00:00Z,1596.83,1606.04,1582.78,1605.34,80708
2020-10-26T04:00:00Z,1622.06,1637.61,1576.87,1590.53,142919
2020-10-23T04:00:00Z,1625.75,1641.58,1620.97,1641.58,90034
2020-10-22T04:00:00Z,1592.71,1621.99,1585.52,1615.03,130756
2020-10-21T04:00:00Z,1575.42,1618.73,1571.66,1593.765,243827
2020-10-20T04:00:00Z,1526.54,1576.94,1525.67,1556.2,121714
2020-10-19T04:00:00Z,1579.65,1588.02,1528,1532.9,102576
2020-10-16T04:00:00Z,1566.09,1581,1563.725,1572.26,74372
2020-10-15T04:00:00Z,1546.27,1574.97,1545.725,1559.68,92645
2020-10-14T04:00:00Z,1577.73,1586.99,1551.575,1568.51,87083
2020-10-13T04:00:00Z,1582.12,1588.86,1564.2,1571.615,96986
2020-10-12T04:00:00Z,1543.05,1593.78,1534.1,1568.58,182944
2020-10-09T04:00:00Z,1494.51,1516.32,1489.58,1515.35,91092
2020-10-08T04:00:00Z,1466.99,1489.99,1466.99,1486.31,76323
2020-10-07T04:00:00Z,1464.29,1468.47,1436.14,1459.78,109457
2020-10-06T04:00:00Z,1477.24,1486.62,1449.11,1454.615,45729
2020-10-05T04:00:00Z,1465.75,1487.91,1465.02,1486.53,63596
2020-10-02T04:00:00Z,1460.23,1483.14,1453.57,1459.22,63040
2020-10-01T04:00:00Z,1484.69,1498.115,1479.95,1490.42,92517
2020-09-30T04:00:00Z,1468.23,1488.62,1460.815,1471.3,24048
2020-09-29T04:00:00Z,1476.33,1476.55,1460.21,1471.51,32798
2020-09-28T04:00:00Z,1474.34,1474.34,1455.82,1463.66,46196
2020-09-25T04:00:00Z,1428.67,1449.5,1415.14,1444.88,34672
2020-09-24T04:00:00Z,1414.925,1443.32,1410.86,1426.44,64113
2020-09-23T04:00:00Z,1458.9,1459.04,1408.33,1416.17,34855
2020-09-22T04:00:00Z,1448.865,1469.27,1435.705,1465.2,55504
2020-09-21T04:00:00Z,1440.78,1446.895,1407.84,1430.325,79075
2020-09-18T04:00:00Z,1498.28,1501.245,1438.34,1459.66,48424
2020-09-17T04:00:00Z,1495.105,1508.21,1472.38,1496.06,44100
2020-09-16T04:00:00Z,1551.42,1561.94,1520,1520.65,43675
2020-09-15T04:00:00Z,1532.01,1558.59,1532.01,1541.205,68357
2020-09-14T04:00:00Z,1537.64,1563.23,1517.21,1519.56,29862
2020-09-11T04:00:00Z,1535.09,1543.82,1498.92,1521.58,40527
2020-09-10T04:00:00Z,1560.475,1582.5,1527.66,1532.79,29498
2020-09-09T04:00:00Z,1560.57,1568,1537.46,1556.21,27361
2020-09-08T04:00:00Z,1532.84,1561.99,1528.53,1529.68,85182
2020-09-04T04:00:00Z,1623.1,1643.54,1552.38,1590.08,50016
2020-09-03T04:00:00Z,1707.54,1707.54,1615.52,1643.92,89251
2020-09-02T04:00:00Z,1671,1732.655,1667.32,1727.965,73574
2020-09-01T04:00:00Z,1636.63,1665.45,1634.12,1661.32,29113
2020-08-31T04:00:00Z,1640.8,1647.84,1631.89,1634.72,25467
2020-08-28T04:00:00Z,1634.23,1646.24,1631.08,1642.58,23259
2020-08-27T04:00:00Z,1651.4,1652,1626.8,1635.71,26285
2020-08-26T04:00:00Z,1610.385,1659.165,1604.61,1652.4,101450
2020-08-25T04:00:00Z,1583.01,1609.78,1583.01,1607.85,32159
2020-08-24T04:00:00Z,1594.02,1610.35,1580.59,1588.23,34966
2020-08-21T04:00:00Z,1580.17,1597.47,1573.13,1580.51,27034
2020-08-20T04:00:00Z,1539.51,1585.57,1539.51,1580.77,48222
2020-08-19T04:00:00Z,1554.285,1572.02,1545.33,1550.48,38595
2020-08-18T04:00:00Z,1526.645,1561.45,1525.51,1559.05,48422
2020-08-17T04:00:00Z,1521.56,1525.39,1515.22,1520.26,19212
2020-08-14T04:00:00Z,1517.97,1520.12,1502.88,1506.03,19922
2020-08-13T04:00:00Z,1510.95,1536.08,1509.01,1518.32,32625
2020-08-12T04:00:00Z,1487,1510.77,1486.05,1506.16,48597
2020-08-11T04:00:00Z,1491.16,1509.02,1479,1479.26,34551
2020-08-10T04:00:00Z,1488.12,1503.76,1475.97,1495.03,32917
2020-08-07T04:00:00Z,1498.15,1515.81,1483.91,1494.57,23301
2020-08-06T04:00:00Z,1472.41,1502.31,1466.18,1501.54,119489
2020-08-05T04:00:00Z,1468.21,1482.38,1463.57,1473.45,100449
2020-08-04T04:00:00Z,1475.51,1485.15,1459.27,1464.74,45849
2020-08-03T04:00:00Z,1485.84,1489.645,1466.25,1472.6,59658
2020-07-31T04:00:00Z,1500.66,1502.14,1454.77,1482.45,109188
2020-07-30T04:00:00Z,1497.25,1537.75,1493.06,1534.71,56568
2020-07-29T04:00:00Z,1504.1,1530.52,1502.02,1520.685,40275
2020-07-28T04:00:00Z,1523.77,1525.54,1498.29,1501.45,36018
2020-07-27T04:00:00Z,1517.695,1540.04,1515.95,1530.165,40830
