2024-06-14T04:00:00Z,9.62,9.83,9.385,9.765,34865
2024-06-13T04:00:00Z,10.17,10.18,9.745,9.75,74046
2024-06-12T04:00:00Z,10.52,10.52,10.035,10.145,52756
2024-06-11T04:00:00Z,10.185,10.42,10.18,10.285,22186
2024-06-10T04:00:00Z,10.18,10.375,10.12,10.295,18385
2024-06-07T04:00:00Z,10.135,10.345,10.135,10.285,22797
2024-06-06T04:00:00Z,10.525,10.62,10.245,10.28,37616
2024-06-05T04:00:00Z,10.31,10.675,10.31,10.565,40715
2024-06-04T04:00:00Z,10.51,10.61,10.36,10.36,23358
2024-06-03T04:00:00Z,10.97,11.03,10.68,10.705,15579
2024-05-31T04:00:00Z,10.83,11.05,10.71,10.98,33024
2024-05-30T04:00:00Z,10.35,10.7,10.35,10.655,33250
2024-05-29T04:00:00Z,10.14,10.27,10.12,10.24,28223
2024-05-28T04:00:00Z,10.64,10.785,10.315,10.41,35863
2024-05-24T04:00:00Z,10.675,10.745,10.585,10.63,24831
2024-05-23T04:00:00Z,10.81,10.875,10.63,10.68,23995
2024-05-22T04:00:00Z,11.05,11.305,11.05,11.13,26363
2024-05-21T04:00:00Z,11.255,11.255,10.935,11.135,33266
2024-05-20T04:00:00Z,11.57,11.62,11.135,11.21,23824
2024-05-17T04:00:00Z,11.72,11.855,11.47,11.495,81610
2024-05-16T04:00:00Z,11.34,11.8,11.26,11.8,70155
2024-05-15T04:00:00Z,11.27,11.44,11.205,11.32,54573
2024-05-14T04:00:00Z,11.22,11.595,11.045,11.1,94056
2024-05-13T04:00:00Z,10.04,11.435,9.99,10.99,129360
2024-05-10T04:00:00Z,10.275,10.275,9.965,9.99,63706
2024-05-09T04:00:00Z,10.16,10.335,10.07,10.23,35894
2024-05-08T04:00:00Z,9.75,10.165,9.75,10.12,45082
2024-05-07T04:00:00Z,10.13,10.18,9.86,9.87,45669
2024-05-06T04:00:00Z,10.425,10.5,10.095,10.1,32473
2024-05-03T04:00:00Z,10.28,10.485,10.23,10.44,120852
2024-05-02T04:00:00Z,10.36,10.36,10.07,10.13,50298
2024-05-01T04:00:00Z,9.85,10.355,9.85,10.225,55933
2024-04-30T04:00:00Z,9.82,10.07,9.78,9.84,43393
2024-04-29T04:00:00Z,10.04,10.145,9.945,10.015,71841
2024-04-26T04:00:00Z,10.15,10.15,9.455,9.88,83582
2024-04-25T04:00:00Z,10.89,11.05,10.335,10.49,83091
2024-04-24T04:00:00Z,10.845,10.965,10.74,10.875,49850
2024-04-23T04:00:00Z,10.96,11.075,10.79,10.95,19827
2024-04-22T04:00:00Z,10.78,10.985,10.705,10.83,46542
2024-04-19T04:00:00Z,10.35,10.97,10.35,10.895,42942
2024-04-18T04:00:00Z,10.07,10.235,9.81,10.22,102993
2024-04-17T04:00:00Z,9.55,9.92,9.265,9.775,71732
2024-04-16T04:00:00Z,10.57,10.57,8.76,9.525,211958
2024-04-15T04:00:00Z,10.79,10.79,10.59,10.67,34970
2024-04-12T04:00:00Z,10.89,10.965,10.64,10.695,50671
2024-04-11T04:00:00Z,10.845,10.85,10.55,10.8,57851
2024-04-10T04:00:00Z,10.91,10.965,10.775,10.78,73029
2024-04-09T04:00:00Z,11.135,11.395,11.135,11.18,26669
2024-04-08T04:00:00Z,11.07,11.12,10.86,11.07,19862
2024-04-05T04:00:00Z,10.93,10.93,10.78,10.91,78311
2024-04-04T04:00:00Z,11.04,11.12,10.98,11.04,21165
2024-04-03T04:00:00Z,11.03,11.06,10.875,11.05,29328
2024-04-02T04:00:00Z,11.02,11.165,10.91,11.01,58993
2024-04-01T04:00:00Z,11.225,11.225,10.895,11.1,34796
2024-03-28T04:00:00Z,10.97,11.315,10.905,11.275,32961
2024-03-27T04:00:00Z,11.075,11.085,10.93,10.98,31782
2024-03-26T04:00:00Z,10.965,11.01,10.83,10.85,32442
2024-03-25T04:00:00Z,11.1,11.145,10.95,10.995,34181
2024-03-22T04:00:00Z,11.62,11.695,10.96,11.04,36597
2024-03-21T04:00:00Z,11.36,11.695,11.31,11.48,58686
2024-03-20T04:00:00Z,10.895,11.465,10.895,11.39,19307
2024-03-19T04:00:00Z,10.91,11,10.74,10.99,30157
2024-03-18T04:00:00Z,11.06,11.09,10.83,10.905,32166
2024-03-15T04:00:00Z,11.195,11.345,11.1,11.17,48610
2024-03-14T04:00:00Z,11.04,11.105,10.785,11.035,38016
2024-03-13T04:00:00Z,11.26,11.4,11.135,11.14,39959
2024-03-12T04:00:00Z,11.56,11.56,11.2,11.27,93457
2024-03-11T04:00:00Z,11.82,11.93,11.655,11.73,38548
2024-03-08T05:00:00Z,11.79,11.895,11.665,11.81,28262
2024-03-07T05:00:00Z,11.59,11.745,11.555,11.745,35632
2024-03-06T05:00:00Z,11.725,11.725,11.385,11.46,24370
2024-03-05T05:00:00Z,11.57,11.945,11.57,11.63,58907
2024-03-04T05:00:00Z,11.995,11.995,11.43,11.43,72029
2024-03-01T05:00:00Z,12.18,12.18,11.835,11.95,47238
2024-02-29T05:00:00Z,12.515,12.565,12.165,12.17,32723
2024-02-28T05:00:00Z,12.46,12.515,12.305,12.32,26530
2024-02-27T05:00:00Z,12.49,12.57,12.32,12.565,33904
2024-02-26T05:00:00Z,12.55,12.555,12.23,12.245,29014
2024-02-23T05:00:00Z,12.645,12.8,12.61,12.665,18416
2024-02-22T05:00:00Z,12.92,12.92,12.64,12.76,44326
2024-02-21T05:00:00Z,13.26,13.285,13.11,13.11,43868
2024-02-20T05:00:00Z,13.01,13.29,13.01,13.285,34514
2024-02-16T05:00:00Z,13.05,13.245,12.97,13.12,33797
2024-02-15T05:00:00Z,12.81,13.26,12.81,13.215,98224
2024-02-14T05:00:00Z,13.055,13.06,12.155,12.485,126623
2024-02-13T05:00:00Z,13.48,13.49,12.915,13.095,46578
2024-02-12T05:00:00Z,13.215,13.895,13.215,13.655,40640
2024-02-09T05:00:00Z,13.025,13.12,12.925,13.09,31757
2024-02-08T05:00:00Z,13.02,13.14,12.9,13.06,26208
2024-02-07T05:00:00Z,13.265,13.265,13.065,13.105,36119
2024-02-06T05:00:00Z,12.9,13.29,12.9,13.245,22541
2024-02-05T05:00:00Z,13.2,13.225,12.975,12.98,33889
2024-02-02T05:00:00Z,13.08,13.58,12.935,13.385,34337
2024-02-01T05:00:00Z,13.065,13.345,12.895,13.33,33200
2024-01-31T05:00:00Z,13.145,13.285,12.965,12.975,67145
2024-01-30T05:00:00Z,13.33,13.41,13.05,13.27,62918
2024-01-29T05:00:00Z,13.55,13.605,13.415,13.5,32341
2024-01-26T05:00:00Z,13.89,14.025,13.8,13.855,19351
2024-01-25T05:00:00Z,13.44,13.785,13.33,13.75,42153
2024-01-24T05:00:00Z,13.53,14.03,13.165,13.185,92267
2024-01-23T05:00:00Z,13.05,13.49,13.02,13.35,36102
2024-01-22T05:00:00Z,12.64,12.875,12.64,12.79,17132
2024-01-19T05:00:00Z,12.84,12.84,12.61,12.715,29771
2024-01-18T05:00:00Z,13.16,13.175,12.76,12.955,65355
2024-01-17T05:00:00Z,13.13,13.42,13.045,13.235,23187
2024-01-16T05:00:00Z,13.3,13.585,13.285,13.31,43226
2024-01-12T05:00:00Z,14.075,14.075,13.215,13.47,68798
2024-01-11T05:00:00Z,14.295,14.295,13.77,13.81,31668
2024-01-10T05:00:00Z,14.885,14.885,14.41,14.445,37088
2024-01-09T05:00:00Z,14.97,15.28,14.835,14.98,23024
2024-01-08T05:00:00Z,14.775,15.275,14.705,15.21,28193
2024-01-05T05:00:00Z,14.295,15.12,14.22,14.87,65483
2024-01-04T05:00:00Z,14.93,14.93,14.32,14.355,34585
2024-01-03T05:00:00Z,15.23,15.23,14.715,14.795,36716
2024-01-02T05:00:00Z,14.18,15.97,14.18,15.4,133697
2023-12-29T05:00:00Z,14.26,14.27,14.01,14.2,36868
2023-12-28T05:00:00Z,13.99,14.375,13.96,14.365,40241
2023-12-27T05:00:00Z,13.97,14.535,13.96,14.06,68151
2023-12-26T05:00:00Z,13.94,14.12,13.94,14.04,22453
2023-12-22T05:00:00Z,14.09,14.155,13.865,13.945,21114
2023-12-21T05:00:00Z,13.93,14.055,13.85,13.96,19957
2023-12-20T05:00:00Z,14.3,14.3,13.82,13.83,38092
2023-12-19T05:00:00Z,13.795,14.33,13.795,14.33,46483
2023-12-18T05:00:00Z,14.265,14.265,13.655,13.69,55481
2023-12-15T05:00:00Z,14.235,14.315,13.865,14.215,86042
2023-12-14T05:00:00Z,14.24,14.54,14.05,14.065,47612
2023-12-13T05:00:00Z,13.26,13.94,13.13,13.9,38741
2023-12-12T05:00:00Z,13.155,13.355,13.115,13.32,35243
2023-12-11T05:00:00Z,13.24,13.37,13.105,13.29,20888
2023-12-08T05:00:00Z,13.31,13.37,13.05,13.22,60783
2023-12-07T05:00:00Z,13.245,13.43,13.245,13.3,32491
2023-12-06T05:00:00Z,13.33,13.52,13.175,13.265,27730
2023-12-05T05:00:00Z,13.39,13.43,12.98,13.215,42122
2023-12-04T05:00:00Z,12.96,13.53,12.96,13.43,39791
2023-12-01T05:00:00Z,12.14,12.93,12.14,12.905,44031
2023-11-30T05:00:00Z,12.27,12.525,12.08,12.18,61491
2023-11-29T05:00:00Z,12.45,12.64,12.385,12.435,24985
2023-11-28T05:00:00Z,12.335,12.555,12.285,12.425,38877
2023-11-27T05:00:00Z,12.54,12.555,12.37,12.49,33494
2023-11-24T05:00:00Z,12.78,12.78,12.59,12.62,24664
2023-11-22T05:00:00Z,12.995,12.995,12.56,12.695,66325
2023-11-21T05:00:00Z,13.51,13.51,12.755,12.815,41138
2023-11-20T05:00:00Z,13.6,13.785,13.37,13.49,62847
2023-11-17T05:00:00Z,13.415,14.015,13.415,13.91,121822
2023-11-16T05:00:00Z,12.82,13.325,12.73,13.26,101926
2023-11-15T05:00:00Z,12.08,12.97,12.08,12.735,77080
2023-11-14T05:00:00Z,11.78,12.615,11.74,12.02,246648
2023-11-13T05:00:00Z,11.845,11.845,11.405,11.445,122893
2023-11-10T05:00:00Z,12.68,13,11.34,11.615,349651
2023-11-09T05:00:00Z,13.91,14.645,13.85,13.99,98501
2023-11-08T05:00:00Z,14,14.025,13.685,13.89,83117
2023-11-07T05:00:00Z,13.74,14.235,13.72,13.95,49575
2023-11-06T05:00:00Z,13.955,13.97,13.66,13.805,66987
2023-11-03T04:00:00Z,13.8,14.1,13.8,13.85,81927
2023-11-02T04:00:00Z,13.24,13.555,13.055,13.475,50638
2023-11-01T04:00:00Z,12.845,13.37,12.83,13.105,61595
2023-10-31T04:00:00Z,12.765,13.615,12.58,12.975,132786
2023-10-30T04:00:00Z,12.99,13.135,12.77,12.785,55503
2023-10-27T04:00:00Z,13.265,13.395,12.85,12.855,35629
2023-10-26T04:00:00Z,12.73,13.46,12.71,13.375,84247
2023-10-25T04:00:00Z,12.26,12.655,12.18,12.64,22088
2023-10-24T04:00:00Z,12.415,12.445,12.13,12.3,54321
2023-10-23T04:00:00Z,12.18,12.41,11.97,12.16,72992
2023-10-20T04:00:00Z,12.43,12.655,12.34,12.345,149142
2023-10-19T04:00:00Z,12.595,12.75,12.46,12.495,39087
2023-10-18T04:00:00Z,12.81,12.985,12.55,12.68,25515
2023-10-17T04:00:00Z,12.61,13,12.61,12.85,28589
2023-10-16T04:00:00Z,12.495,12.64,12.4,12.64,19534
2023-10-13T04:00:00Z,12.25,12.39,12.205,12.3,33862
2023-10-12T04:00:00Z,12.265,12.265,11.81,12.075,61848
2023-10-11T04:00:00Z,12.59,12.66,12.22,12.23,50699
2023-10-10T04:00:00Z,12.285,12.54,12.19,12.54,33798
2023-10-09T04:00:00Z,11.88,12.25,11.86,12.095,28819
2023-10-06T04:00:00Z,11.53,11.92,11.38,11.865,37608
2023-10-05T04:00:00Z,11.69,11.84,11.585,11.72,66988
2023-10-04T04:00:00Z,11.865,11.87,11.44,11.695,67816
2023-10-03T04:00:00Z,11.83,11.895,11.655,11.89,48242
2023-10-02T04:00:00Z,12.16,12.18,11.855,11.95,48405
2023-09-29T04:00:00Z,12.445,12.62,12.075,12.315,39950
2023-09-28T04:00:00Z,12.37,12.635,12.31,12.46,34742
2023-09-27T04:00:00Z,12.49,12.805,12.33,12.34,56738
2023-09-26T04:00:00Z,12.42,12.785,12.42,12.53,55891
2023-09-25T04:00:00Z,12.36,12.51,12.06,12.46,47084
2023-09-22T04:00:00Z,12.9,12.9,12.56,12.585,125720
2023-09-21T04:00:00Z,13.18,13.3,12.795,12.795,103891
2023-09-20T04:00:00Z,13.25,13.34,13.19,13.31,79042
2023-09-19T04:00:00Z,13.035,13.83,13,13.2,114309
2023-09-18T04:00:00Z,13.13,13.13,12.67,13.06,68323
2023-09-15T04:00:00Z,13.11,13.6,13.095,13.205,142226
2023-09-14T04:00:00Z,13.43,13.73,13.11,13.22,209150
2023-09-13T04:00:00Z,13.14,13.44,12.91,13.32,101009
2023-09-12T04:00:00Z,13.01,13.13,12.64,13.05,214332
2023-09-11T04:00:00Z,12.39,13.26,12.39,13.03,118578
2023-09-08T04:00:00Z,12.535,12.88,12.22,12.57,117889
2023-09-07T04:00:00Z,12.12,12.515,11.93,12.405,171965
2023-09-06T04:00:00Z,12.58,12.73,11.92,12.26,109883
2023-09-05T04:00:00Z,14.41,14.425,12.365,12.42,404982
2023-09-01T04:00:00Z,13.97,15.39,13.78,15.03,284165
2023-08-31T04:00:00Z,14.23,14.62,13.73,14.01,158082
2023-08-30T04:00:00Z,13.495,14.38,13.435,13.635,227557
2023-08-29T04:00:00Z,13.65,13.91,12.96,13.31,322127
2023-08-28T04:00:00Z,13.45,14.725,12.87,13.97,730912
2023-08-25T04:00:00Z,9.11,10.305,9.08,9.67,335499
2023-08-24T04:00:00Z,12.04,12.49,11.36,11.87,194798
2023-08-23T04:00:00Z,13.31,13.37,12.095,12.115,154649
2023-08-22T04:00:00Z,12.705,13.395,12.24,13.39,225656
2023-08-21T04:00:00Z,13.51,13.51,12.355,13.03,133219
2023-08-18T04:00:00Z,13.23,14.18,12.43,13.77,338459
2023-08-17T04:00:00Z,10.59,12.42,10.06,12.025,567183
2023-08-16T04:00:00Z,15.21,17.22,13.28,14.58,522307
2023-08-15T04:00:00Z,20.41,21.05,14.495,14.81,1127748
2023-08-14T04:00:00Z,19.99,22.43,18.7,21.42,702827
2023-08-11T04:00:00Z,32.86,33.24,32.34,32.395,81188
2023-08-10T04:00:00Z,35.48,35.48,32.5,32.78,76399
2023-08-09T04:00:00Z,35.66,35.89,35.21,35.41,24543
2023-08-08T04:00:00Z,36.35,36.42,35.325,35.585,42907
2023-08-07T04:00:00Z,37.39,37.68,37.125,37.365,11478
2023-08-04T04:00:00Z,37.74,37.75,37,37.09,8700
2023-08-03T04:00:00Z,37.995,38.05,37.745,37.79,12868
2023-08-02T04:00:00Z,38.26,38.57,38.165,38.41,5641
2023-08-01T04:00:00Z,38.28,38.68,38.155,38.16,12361
2023-07-31T04:00:00Z,38.82,38.865,38.17,38.39,34209
2023-07-28T04:00:00Z,39.17,39.21,38.775,38.86,8844
2023-07-27T04:00:00Z,39.66,39.66,38.91,38.91,5691
2023-07-26T04:00:00Z,39.6,40.16,39.57,39.73,10365
2023-07-25T04:00:00Z,39.19,39.615,39.19,39.575,20025
2023-07-24T04:00:00Z,39.39,39.39,39.12,39.325,6870
2023-07-21T04:00:00Z,39.23,39.55,39.18,39.315,11349
2023-07-20T04:00:00Z,38.76,39.28,38.74,39.245,7884
2023-07-19T04:00:00Z,38.16,38.6,38.11,38.6,11490
2023-07-18T04:00:00Z,38.16,38.16,37.47,37.865,9574
2023-07-17T04:00:00Z,37.51,38.135,37.51,37.93,12085
2023-07-14T04:00:00Z,37.5,37.975,37.23,37.935,33896
2023-07-13T04:00:00Z,37.2,37.57,37.2,37.555,17924
2023-07-12T04:00:00Z,36.905,37.18,36.64,37.105,17632
2023-07-11T04:00:00Z,36.61,36.645,36.39,36.63,8482
2023-07-10T04:00:00Z,36.435,36.96,36.22,36.44,12790
2023-07-07T04:00:00Z,36.17,36.425,35.975,36.24,17063
2023-07-06T04:00:00Z,36.4,36.42,35.85,36.15,14832
2023-07-05T04:00:00Z,36.36,36.81,36.24,36.42,13686
2023-07-03T04:00:00Z,36.35,36.59,36.35,36.475,2755
2023-06-30T04:00:00Z,36.3,36.35,35.89,36.35,5753
2023-06-29T04:00:00Z,36.11,36.195,36.015,36.165,7085
2023-06-28T04:00:00Z,36.29,36.33,35.85,35.885,13955
2023-06-27T04:00:00Z,36.59,36.77,36.35,36.57,8575
2023-06-26T04:00:00Z,36.24,36.77,36.12,36.495,10100
2023-06-23T04:00:00Z,36.49,36.79,35.94,36.12,12234
2023-06-22T04:00:00Z,36.945,36.945,36.465,36.695,13227
2023-06-21T04:00:00Z,37.115,37.32,36.88,36.88,7793
2023-06-20T04:00:00Z,37.08,37.705,37.08,37.3,5632
2023-06-16T04:00:00Z,37.73,37.905,37.52,37.585,6568
2023-06-15T04:00:00Z,37.53,37.76,37.53,37.72,6282
2023-06-14T04:00:00Z,38.13,38.16,37.32,37.39,6939
2023-06-13T04:00:00Z,37.295,38.23,37.295,38.01,9549
2023-06-12T04:00:00Z,37.69,37.855,37.4,37.55,9508
2023-06-09T04:00:00Z,38,38.07,37.705,37.835,9653
2023-06-08T04:00:00Z,38.05,38.28,37.92,38.17,7717
2023-06-07T04:00:00Z,36.83,38.23,36.83,38.165,11870
2023-06-06T04:00:00Z,36.56,36.96,36.56,36.82,18552
2023-06-05T04:00:00Z,36.51,36.67,35.98,36.19,13182
2023-06-02T04:00:00Z,35.76,36.83,35.76,36.83,6970
2023-06-01T04:00:00Z,35.505,35.73,35.4,35.56,6832
2023-05-31T04:00:00Z,35.61,36.06,35.465,35.9,25160
2023-05-30T04:00:00Z,36.09,36.13,35.645,35.665,7941
2023-05-26T04:00:00Z,35.9,36.06,35.62,36,7781
2023-05-25T04:00:00Z,35.8,35.97,35.33,35.835,8626
2023-05-24T04:00:00Z,36.17,36.18,35.86,35.935,8709
2023-05-23T04:00:00Z,36.39,36.605,36.23,36.285,11022
2023-05-22T04:00:00Z,35.905,36.26,35.8,36.23,4515
2023-05-19T04:00:00Z,36.255,36.395,35.88,35.96,6376
2023-05-18T04:00:00Z,36.065,36.075,35.86,35.975,10885
2023-05-17T04:00:00Z,36.71,36.85,36.215,36.72,8117
2023-05-16T04:00:00Z,36.94,36.94,36.31,36.56,6660
2023-05-15T04:00:00Z,37.03,37.105,36.61,36.89,13141
2023-05-12T04:00:00Z,37.43,37.47,37.01,37.12,8882
2023-05-11T04:00:00Z,37.56,37.56,36.925,37.135,14594
2023-05-10T04:00:00Z,37.65,37.66,37.18,37.6,9997
2023-05-09T04:00:00Z,38.04,38.04,37.11,37.565,16197
2023-05-08T04:00:00Z,39.045,39.045,38.43,38.52,9332
2023-05-05T04:00:00Z,38.92,39,38.74,38.94,12891
2023-05-04T04:00:00Z,38.26,38.56,38.11,38.56,11954
2023-05-03T04:00:00Z,38.675,39.035,38.41,38.47,7823
2023-05-02T04:00:00Z,38.835,38.835,38.14,38.45,12061
2023-05-01T04:00:00Z,39.27,39.725,39.09,39.09,11911
2023-04-28T04:00:00Z,39.61,39.61,39.23,39.255,5376
2023-04-27T04:00:00Z,39.08,39.375,38.78,39.345,6100
2023-04-26T04:00:00Z,39.44,39.44,38.86,39.01,8155
2023-04-25T04:00:00Z,39.6,39.6,39.35,39.48,3781
2023-04-24T04:00:00Z,39.17,39.5,39.16,39.5,3471
2023-04-21T04:00:00Z,39.43,39.495,39.165,39.395,12594
2023-04-20T04:00:00Z,39.43,39.48,39.255,39.35,12775
2023-04-19T04:00:00Z,39.32,39.62,39.29,39.62,10200
2023-04-18T04:00:00Z,39.345,39.345,38.81,39.04,11783
2023-04-17T04:00:00Z,39,39.245,38.87,39.245,10192
2023-04-14T04:00:00Z,38.89,38.95,38.61,38.735,10083
2023-04-13T04:00:00Z,38.7,39.12,38.38,38.96,15000
2023-04-12T04:00:00Z,39.43,39.51,39.01,39.07,6876
2023-04-11T04:00:00Z,39.16,39.43,39.13,39.35,16801
2023-04-10T04:00:00Z,38.81,39.04,38.72,39,7727
2023-04-06T04:00:00Z,38.83,39.245,38.75,39.12,9705
2023-04-05T04:00:00Z,38.51,38.91,38.51,38.85,19559
2023-04-04T04:00:00Z,38,38.14,37.61,38.12,10042
2023-04-03T04:00:00Z,37.98,38.24,37.88,38.02,7816
2023-03-31T04:00:00Z,38.41,38.41,38.115,38.41,11027
2023-03-30T04:00:00Z,38.27,38.635,38.02,38.09,22121
2023-03-29T04:00:00Z,38.07,38.135,37.91,38.03,8309
2023-03-28T04:00:00Z,37.525,38.06,37.5,37.8,16933
2023-03-27T04:00:00Z,37.34,37.785,37.26,37.52,15149
2023-03-24T04:00:00Z,36.4,36.91,36.34,36.88,15746
2023-03-23T04:00:00Z,36.5,36.94,36.035,36.12,8908
2023-03-22T04:00:00Z,38.035,38.035,36.77,36.77,16720
2023-03-21T04:00:00Z,38.39,38.39,37.3,37.94,15831
2023-03-20T04:00:00Z,37.96,38.47,37.9,38.07,15403
2023-03-17T04:00:00Z,37.54,37.895,37.28,37.59,21990
2023-03-16T04:00:00Z,37.25,37.97,36.91,37.88,16399
2023-03-15T04:00:00Z,37.135,37.37,36.835,37.32,16475
2023-03-14T04:00:00Z,37.1,38.17,37.03,37.49,38094
2023-03-13T04:00:00Z,37.125,37.59,35.33,36.23,109753
2023-03-10T05:00:00Z,39.065,39.065,37.06,37.34,55288
2023-03-09T05:00:00Z,39.77,39.885,39.045,39.05,9336
2023-03-08T05:00:00Z,38.97,39.47,38.93,39.445,12533
2023-03-07T05:00:00Z,39.5,39.73,38.845,38.985,13868
2023-03-06T05:00:00Z,39.94,39.94,39.43,39.56,10349
2023-03-03T05:00:00Z,39.97,40.17,39.61,40.02,12915
2023-03-02T05:00:00Z,39.49,40.1,39.42,40.06,14454
2023-03-01T05:00:00Z,40.2,40.2,39.385,39.53,22677
2023-02-28T05:00:00Z,40.405,40.95,40.07,40.48,19063
2023-02-27T05:00:00Z,40.74,41.185,40.25,40.41,18541
2023-02-24T05:00:00Z,40.56,40.74,40.28,40.5,16436
2023-02-23T05:00:00Z,41.24,41.42,40.93,41.175,6856
2023-02-22T05:00:00Z,41.405,41.69,41.22,41.275,18718
2023-02-21T05:00:00Z,42.1,42.12,41.635,41.69,8250
2023-02-17T05:00:00Z,41.45,42.52,41.45,42.28,22591
2023-02-16T05:00:00Z,41.09,41.755,40.79,41.32,32252
2023-02-15T05:00:00Z,41.425,41.685,40.19,41.66,35898
2023-02-14T05:00:00Z,42.795,42.795,41.595,41.76,19550
2023-02-13T05:00:00Z,42.5,43.305,42.5,43.04,33522
2023-02-10T05:00:00Z,41.825,42.465,41.78,42.395,32098
2023-02-09T05:00:00Z,43.16,43.16,41.665,41.84,28005
2023-02-08T05:00:00Z,43.125,43.145,42.93,42.96,15431
2023-02-07T05:00:00Z,42.74,43.63,42.67,43.42,17748
2023-02-06T05:00:00Z,43.15,43.34,42.7,43.295,13742
2023-02-03T05:00:00Z,43.27,43.5,42.37,43.35,16109
2023-02-02T05:00:00Z,42.75,43.7,42.65,43.4,13162
2023-02-01T05:00:00Z,42.12,43.03,41.86,43.03,22485
2023-01-31T05:00:00Z,41.535,42.305,41.435,42.305,9311
2023-01-30T05:00:00Z,41.555,41.775,41.44,41.495,10648
2023-01-27T05:00:00Z,41.47,41.845,41.09,41.59,8326
2023-01-26T05:00:00Z,41.46,41.565,41.32,41.47,16230
2023-01-25T05:00:00Z,41.355,41.7,41.32,41.61,12975
2023-01-24T05:00:00Z,41.125,41.595,40.92,41.555,7702
2023-01-23T05:00:00Z,41.075,41.365,41.02,41.23,5413
2023-01-20T05:00:00Z,40.68,41.04,40.53,40.945,10517
2023-01-19T05:00:00Z,41.38,41.38,40.84,40.955,15557
2023-01-18T05:00:00Z,41.825,41.84,41.31,41.31,15437
2023-01-17T05:00:00Z,42.385,42.535,41.91,41.91,8719
2023-01-13T05:00:00Z,42.195,42.55,42.11,42.44,14830
2023-01-12T05:00:00Z,42.16,42.41,42.02,42.34,17989
2023-01-11T05:00:00Z,42.01,42.28,41.905,42.225,6238
2023-01-10T05:00:00Z,42.37,42.37,41.73,41.94,9352
2023-01-09T05:00:00Z,42.45,42.63,42.35,42.36,13765
2023-01-06T05:00:00Z,42.46,42.98,42.39,42.65,11931
2023-01-05T05:00:00Z,42.575,42.575,41.45,41.85,17135
2023-01-04T05:00:00Z,42.165,42.86,42.165,42.76,28029
2023-01-03T05:00:00Z,42.095,42.165,41.425,41.94,10386
2022-12-30T05:00:00Z,42.135,42.135,41.76,41.865,11651
2022-12-29T05:00:00Z,42.07,42.35,42.02,42.245,7247
2022-12-28T05:00:00Z,42.26,42.26,41.865,41.865,9106
2022-12-27T05:00:00Z,41.74,42.29,41.74,42.2,10608
2022-12-23T05:00:00Z,41.25,41.765,41.25,41.67,11657
2022-12-22T05:00:00Z,41.08,41.21,40.55,41.195,11598
2022-12-21T05:00:00Z,40.605,41.435,40.605,41.42,17456
2022-12-20T05:00:00Z,40.06,40.725,39.89,40.51,8294
2022-12-19T05:00:00Z,40.17,40.52,39.87,40.055,8278
2022-12-16T05:00:00Z,40.26,40.315,39.69,40.19,12352
2022-12-15T05:00:00Z,40.64,40.86,40.365,40.47,11998
2022-12-14T05:00:00Z,41.2,41.55,40.89,41.07,14816
2022-12-13T05:00:00Z,42.02,42.265,41.08,41.22,11949
2022-12-12T05:00:00Z,41.13,41.465,40.92,41.465,15918
2022-12-09T05:00:00Z,40.96,41.29,40.76,40.975,18716
2022-12-08T05:00:00Z,40.69,41.13,40.69,40.98,8049
2022-12-07T05:00:00Z,40.765,40.94,40.51,40.615,14443
2022-12-06T05:00:00Z,40.71,40.83,40.24,40.59,19606
2022-12-05T05:00:00Z,41.05,41.12,40.57,40.69,15720
2022-12-02T05:00:00Z,40.38,41.44,40.26,41.33,21387
2022-12-01T05:00:00Z,41.125,41.455,40.465,40.635,25149
2022-11-30T05:00:00Z,40.02,41.07,40.01,41.065,20492
2022-11-29T05:00:00Z,40.4,40.43,40.005,40.205,11254
2022-11-28T05:00:00Z,40.37,40.84,40.15,40.75,7619
2022-11-25T05:00:00Z,40.415,40.95,40.415,40.69,2863
2022-11-23T05:00:00Z,39.87,40.33,39.855,40.32,8993
2022-11-22T05:00:00Z,39.805,40.165,39.65,40.01,15799
2022-11-21T05:00:00Z,39.355,39.645,39.28,39.62,11796
2022-11-18T05:00:00Z,39.13,39.61,39.105,39.61,12702
2022-11-17T05:00:00Z,38.79,38.875,38.48,38.875,6971
2022-11-16T05:00:00Z,39.285,39.395,38.97,39.06,9926
2022-11-15T05:00:00Z,39.39,39.39,38.895,39.195,7530
2022-11-14T05:00:00Z,39.455,39.82,38.84,38.865,7243
2022-11-11T05:00:00Z,39.545,39.64,39.055,39.5,15003
2022-11-10T05:00:00Z,38.28,39.825,38.28,39.825,9449
2022-11-09T05:00:00Z,37.95,38.15,37.71,37.9,15061
2022-11-08T05:00:00Z,37.7,38.135,37.55,38.03,30711
2022-11-07T05:00:00Z,37.85,37.87,36.34,37.33,22395
2022-11-04T04:00:00Z,37.455,38.02,37.37,37.9,16800
2022-11-03T04:00:00Z,37.06,37.465,36.665,37.27,11262
2022-11-02T04:00:00Z,37.49,38.335,37.43,37.52,18728
2022-11-01T04:00:00Z,38.03,38.18,37.705,37.8,12050
2022-10-31T04:00:00Z,37.77,38.065,37.68,38.06,7460
2022-10-28T04:00:00Z,37.11,37.94,37.11,37.89,10130
2022-10-27T04:00:00Z,37.035,37.4,36.76,36.82,21796
2022-10-26T04:00:00Z,36.705,37.07,36.4,36.785,12704
2022-10-25T04:00:00Z,35.89,36.77,35.89,36.56,13976
2022-10-24T04:00:00Z,36.23,36.31,35.64,35.74,16746
2022-10-21T04:00:00Z,35.39,36.12,35.11,35.89,13605
2022-10-20T04:00:00Z,35.685,35.685,34.87,35.11,11815
2022-10-19T04:00:00Z,35.99,35.99,35.21,35.71,11119
2022-10-18T04:00:00Z,35.92,36.345,35.92,36.24,11910
2022-10-17T04:00:00Z,34.87,35.56,34.87,35.37,12457
2022-10-14T04:00:00Z,34.92,35.12,34.03,34.215,26231
2022-10-13T04:00:00Z,33.25,35.11,33.25,34.855,18385
2022-10-12T04:00:00Z,34.25,34.51,33.695,33.695,16228
2022-10-11T04:00:00Z,33.88,34.94,33.88,34.575,18527
2022-10-10T04:00:00Z,33.89,34.275,33.87,34.05,9935
2022-10-07T04:00:00Z,34.26,34.26,33.53,33.77,7167
2022-10-06T04:00:00Z,34.79,34.79,34.24,34.24,7153
2022-10-05T04:00:00Z,35.84,35.84,35.35,35.435,10553
2022-10-04T04:00:00Z,36.04,36.32,35.99,36.32,11318
2022-10-03T04:00:00Z,34.83,35.915,34.83,35.5,15076
2022-09-30T04:00:00Z,35.34,35.34,34.605,34.63,14692
2022-09-29T04:00:00Z,36.445,36.445,35.325,35.435,11481
2022-09-28T04:00:00Z,36.045,36.885,35.86,36.56,15961
2022-09-27T04:00:00Z,37.175,37.18,35.71,35.84,18183
2022-09-26T04:00:00Z,37.2,37.4,36.585,36.89,15407
2022-09-23T04:00:00Z,37.345,37.51,37.05,37.51,10876
2022-09-22T04:00:00Z,37.755,37.89,37.56,37.745,8361
2022-09-21T04:00:00Z,38.395,38.8,37.885,37.895,15397
2022-09-20T04:00:00Z,38.53,38.53,38.015,38.42,14204
2022-09-19T04:00:00Z,38.5,39.085,38.5,39.085,8529
2022-09-16T04:00:00Z,37.9,38.36,37.87,38.215,10317
2022-09-15T04:00:00Z,38.26,38.43,37.93,38.045,9650
2022-09-14T04:00:00Z,39.015,39.23,38.71,38.79,8797
2022-09-13T04:00:00Z,39.9,39.93,39.03,39.205,21006
2022-09-12T04:00:00Z,39.98,40.47,39.98,40.255,15175
2022-09-09T04:00:00Z,39.71,40.17,39.59,40,16735
2022-09-08T04:00:00Z,39.42,39.845,39.42,39.7,10749
2022-09-07T04:00:00Z,38.63,39.575,38.63,39.49,26196
2022-09-06T04:00:00Z,39.18,39.18,38.39,38.4,14378
2022-09-02T04:00:00Z,39.79,40.035,38.98,39.03,12133
2022-09-01T04:00:00Z,39.15,39.75,39.07,39.51,11611
2022-08-31T04:00:00Z,39.52,39.55,39.1,39.11,11122
2022-08-30T04:00:00Z,40.46,40.46,39.44,39.51,11160
2022-08-29T04:00:00Z,39.665,40.26,39.665,40.19,18964
2022-08-26T04:00:00Z,40.94,40.95,40.13,40.185,14548
2022-08-25T04:00:00Z,40.47,40.93,40.42,40.92,14794
2022-08-24T04:00:00Z,41.03,41.03,40.53,40.685,16451
2022-08-23T04:00:00Z,41.5,41.5,41.22,41.24,9333
2022-08-22T04:00:00Z,42.58,42.58,41.48,41.59,17410
2022-08-19T04:00:00Z,42.84,43.025,42.605,42.74,6153
2022-08-18T04:00:00Z,42.41,42.77,42.31,42.77,23195
2022-08-17T04:00:00Z,43.19,43.41,43.12,43.31,14389
2022-08-16T04:00:00Z,43.7,44,43.64,43.99,21285
2022-08-15T04:00:00Z,43.28,43.7,43.2,43.66,15203
2022-08-12T04:00:00Z,42.55,43.29,42.55,43.27,12856
2022-08-11T04:00:00Z,42.25,42.65,42.25,42.31,7428
2022-08-10T04:00:00Z,42.465,42.57,42.16,42.315,15598
2022-08-09T04:00:00Z,42.265,42.325,41.65,42.325,29851
2022-08-08T04:00:00Z,42.57,42.81,42.23,42.23,18047
2022-08-05T04:00:00Z,42.28,42.56,41.74,42.53,13483
2022-08-04T04:00:00Z,42.52,42.75,42.39,42.495,9775
2022-08-03T04:00:00Z,42.035,42.52,41.67,42.51,5436
2022-08-02T04:00:00Z,42.445,42.725,42.34,42.56,21833
2022-08-01T04:00:00Z,42.39,42.57,42.05,42.5,25557
2022-07-29T04:00:00Z,42.29,42.57,42.19,42.29,12166
2022-07-28T04:00:00Z,41.7,42.41,41.34,42.295,13071
2022-07-27T04:00:00Z,40.83,41.345,40.83,41.19,17589
2022-07-26T04:00:00Z,40.93,41.11,40.915,41.06,27544
2022-07-25T04:00:00Z,39.59,40.79,39.59,40.775,35463
2022-07-22T04:00:00Z,39.56,39.81,39.4,39.705,6934
2022-07-21T04:00:00Z,39.38,39.53,39.19,39.465,23584
2022-07-20T04:00:00Z,40.36,40.385,39.55,39.66,19122
2022-07-19T04:00:00Z,40.28,40.485,40.08,40.43,25306
2022-07-18T04:00:00Z,39.94,40.29,39.89,39.9,14231
2022-07-15T04:00:00Z,39.7,40.03,39.69,39.92,5988
2022-07-14T04:00:00Z,39.49,39.955,39.35,39.89,11505
2022-07-13T04:00:00Z,40.02,40.4,39.76,39.915,17917
2022-07-12T04:00:00Z,39.91,40.44,39.9,40.225,18336
2022-07-11T04:00:00Z,39.915,40.335,39.725,40.06,19853
2022-07-08T04:00:00Z,40.44,40.455,39.93,40.1,23306
2022-07-07T04:00:00Z,40.93,41.04,40.21,40.35,16973
2022-07-06T04:00:00Z,40.655,41.27,40.24,40.93,16879
2022-07-05T04:00:00Z,41.765,41.78,39.745,40.49,20871
2022-07-01T04:00:00Z,41.1,42.135,41.1,42.01,14946
2022-06-30T04:00:00Z,40.57,41.18,40.385,40.81,10029
2022-06-29T04:00:00Z,41.14,41.145,40.44,40.67,45281
2022-06-28T04:00:00Z,40.93,41.34,40.75,40.915,18293
2022-06-27T04:00:00Z,40.73,40.95,40.51,40.88,19864
2022-06-24T04:00:00Z,39.47,40.765,39.47,40.555,35662
2022-06-23T04:00:00Z,39.05,39.22,38.775,38.99,24504
2022-06-22T04:00:00Z,38.535,39.165,38.35,38.895,17377
2022-06-21T04:00:00Z,38.46,38.66,38.29,38.53,15254
2022-06-17T04:00:00Z,38.93,39.28,38.29,38.41,19895
2022-06-16T04:00:00Z,38.73,38.88,38.33,38.43,40811
2022-06-15T04:00:00Z,39.46,39.75,38.64,39.22,43672
2022-06-14T04:00:00Z,40.065,40.09,38.28,38.995,32015
2022-06-13T04:00:00Z,41.96,41.96,40.17,40.32,31099
2022-06-10T04:00:00Z,41.93,42.86,41.93,42.54,16473
2022-06-09T04:00:00Z,43.13,43.335,42.22,42.22,14445
2022-06-08T04:00:00Z,43.38,43.56,43.15,43.21,10527
2022-06-07T04:00:00Z,43.44,43.59,43.04,43.585,8155
2022-06-06T04:00:00Z,43.17,43.495,43.17,43.495,9084
2022-06-03T04:00:00Z,42.8,43.115,42.79,43.045,6411
2022-06-02T04:00:00Z,42.52,43.015,41.835,42.98,7826
2022-06-01T04:00:00Z,42.98,43.1,42.52,42.81,23609
2022-05-31T04:00:00Z,42.72,43.475,42.63,43.09,18413
2022-05-27T04:00:00Z,43.16,43.75,43.13,43.69,26841
2022-05-26T04:00:00Z,43.17,43.54,42.845,43.305,21217
2022-05-25T04:00:00Z,42.48,42.77,42.34,42.62,35609
2022-05-24T04:00:00Z,41.755,42.25,41.35,42.03,14471
2022-05-23T04:00:00Z,42.16,42.49,41.74,41.95,16171
2022-05-20T04:00:00Z,41.76,42.075,41.39,42.01,30694
2022-05-19T04:00:00Z,41.95,42.17,41.375,42.1,13508
2022-05-18T04:00:00Z,42.13,43.17,42.11,42.31,16838
2022-05-17T04:00:00Z,42.02,42.295,41.54,41.77,41538
2022-05-16T04:00:00Z,42.09,42.41,41.78,42.31,12906
2022-05-13T04:00:00Z,41.96,42.195,41.5,42.06,11496
2022-05-12T04:00:00Z,41.65,42.065,41.12,41.89,15512
2022-05-11T04:00:00Z,41.64,42.295,41.51,41.51,16043
2022-05-10T04:00:00Z,42.135,42.3,40.76,41.31,32302
2022-05-09T04:00:00Z,41.35,42.26,41.15,41.89,22120
2022-05-06T04:00:00Z,41.36,41.72,41.19,41.71,12475
2022-05-05T04:00:00Z,41.87,42.05,41.15,41.37,13225
2022-05-04T04:00:00Z,41.31,42.27,41.23,42.18,18458
2022-05-03T04:00:00Z,40.94,41.74,40.815,41.215,11440
2022-05-02T04:00:00Z,41.09,41.545,40.34,40.65,10535
2022-04-29T04:00:00Z,42.19,42.28,40.995,41.06,16561
2022-04-28T04:00:00Z,42.65,42.91,42.415,42.53,6712
2022-04-27T04:00:00Z,42.36,43.19,42.3,42.46,9903
2022-04-26T04:00:00Z,43.16,43.26,42.65,42.67,19673
2022-04-25T04:00:00Z,42.67,43.105,42.355,43.08,8924
2022-04-22T04:00:00Z,43.9,44.06,43.39,43.45,14265
2022-04-21T04:00:00Z,44.14,44.57,44.14,44.22,8485
2022-04-20T04:00:00Z,44.28,44.68,44.115,44.47,7899
2022-04-19T04:00:00Z,43.7,43.96,43.69,43.86,9137
2022-04-18T04:00:00Z,43.79,43.835,43.3,43.53,10885
2022-04-14T04:00:00Z,43.89,44.275,43.625,43.88,18621
2022-04-13T04:00:00Z,43.855,43.89,43.255,43.6,15580
2022-04-12T04:00:00Z,43.52,43.99,43.23,43.655,32332
2022-04-11T04:00:00Z,43.76,43.95,43.28,43.48,21102
2022-04-08T04:00:00Z,43.62,43.855,43.36,43.45,10953
2022-04-07T04:00:00Z,43.22,43.48,43.08,43.23,9304
2022-04-06T04:00:00Z,42.96,43.58,42.96,43.525,9011
2022-04-05T04:00:00Z,43.07,43.2,42.53,42.64,9868
2022-04-04T04:00:00Z,43.21,43.22,42.23,42.5,19346
2022-04-01T04:00:00Z,42.51,43.39,42.46,43.355,12201
2022-03-31T04:00:00Z,43.08,43.1,42.24,42.305,9851
2022-03-30T04:00:00Z,42.355,42.635,42.28,42.635,11475
2022-03-29T04:00:00Z,42.07,42.345,41.825,42.345,9045
2022-03-28T04:00:00Z,41.06,41.975,40.94,41.915,21179
2022-03-25T04:00:00Z,40.94,41.49,40.94,41.465,18804
2022-03-24T04:00:00Z,40.72,41.17,40.575,40.605,14131
2022-03-23T04:00:00Z,41.395,41.395,40.73,40.77,15822
2022-03-22T04:00:00Z,41.51,41.77,41.41,41.57,36182
2022-03-21T04:00:00Z,41.72,41.93,41.36,41.535,11184
2022-03-18T04:00:00Z,41.6,41.6,40.92,41.37,15482
2022-03-17T04:00:00Z,41.85,42.29,41.715,41.85,8310
2022-03-16T04:00:00Z,42.07,42.07,41.415,41.89,13194
2022-03-15T04:00:00Z,41.45,42.16,41.27,42.035,21717
2022-03-14T04:00:00Z,41.75,41.79,41.1,41.345,17554
2022-03-11T05:00:00Z,42.225,42.62,41.58,41.62,11948
2022-03-10T05:00:00Z,41.84,42.39,41.645,42.15,12256
2022-03-09T05:00:00Z,42.51,42.82,41.39,41.42,34637
2022-03-07T05:00:00Z,41.89,42.69,41.86,42.45,22182
2022-03-04T05:00:00Z,41.43,42.08,41.43,42.07,19452
2022-03-03T05:00:00Z,41.33,41.82,41.33,41.78,13798
2022-03-02T05:00:00Z,40.8,41.37,40.8,40.92,11891
2022-03-01T05:00:00Z,41.29,41.325,40.13,40.39,18441
2022-02-28T05:00:00Z,40.42,41.05,40.42,41.01,13116
2022-02-25T05:00:00Z,40.32,41.265,39.99,41.18,11335
2022-02-24T05:00:00Z,39.66,39.77,39.03,39.46,11489
2022-02-23T05:00:00Z,40.74,40.74,40.12,40.12,22747
2022-02-22T05:00:00Z,40.29,40.98,40.29,40.7,13381
2022-02-18T05:00:00Z,40.39,40.7,40.39,40.64,17916
2022-02-17T05:00:00Z,39.51,40.465,39.44,40.32,10092
2022-02-16T05:00:00Z,39.77,40.09,39.5,39.76,19429
2022-02-15T05:00:00Z,41.26,41.26,39.61,39.97,24133
2022-02-14T05:00:00Z,41.48,41.52,40.58,41.28,13680
2022-02-11T05:00:00Z,41.52,41.65,41.05,41.26,12581
2022-02-10T05:00:00Z,42.14,42.36,41.35,41.51,13794
2022-02-09T05:00:00Z,42.69,42.87,42.37,42.54,6881
2022-02-08T05:00:00Z,42.53,42.53,42.24,42.38,15820
2022-02-07T05:00:00Z,41.76,42.23,41.68,42.025,6040
2022-02-04T05:00:00Z,42.12,42.26,41.68,41.99,15567
2022-02-03T05:00:00Z,42.6,42.66,42.065,42.24,5696
2022-02-02T05:00:00Z,41.905,42.7,41.905,42.7,20080
2022-02-01T05:00:00Z,42.35,42.58,41.61,41.875,8642
2022-01-31T05:00:00Z,41.795,42.51,41.425,42.495,15912
2022-01-28T05:00:00Z,41.14,41.86,40.84,41.86,33962
2022-01-27T05:00:00Z,42.185,42.19,41.075,41.18,11643
2022-01-26T05:00:00Z,41.9,42.395,41.28,41.48,16052
2022-01-25T05:00:00Z,41.92,42.1,41.21,41.88,15295
2022-01-24T05:00:00Z,42.03,42.04,41.13,41.91,10481
2022-01-21T05:00:00Z,42.51,42.905,42.07,42.15,11718
2022-01-20T05:00:00Z,42.54,42.74,42.275,42.37,19847
2022-01-19T05:00:00Z,41.85,42.25,41.625,41.87,11522
2022-01-18T05:00:00Z,41.82,42.05,41.395,42.02,13367
2022-01-14T05:00:00Z,42.4,42.4,42.05,42.08,5046
2022-01-13T05:00:00Z,41.96,42.495,41.96,42.25,7576
2022-01-12T05:00:00Z,42.12,42.145,41.87,41.9,7372
2022-01-11T05:00:00Z,42.5,42.5,41.66,42.175,10570
2022-01-10T05:00:00Z,42.75,43.02,42.37,42.56,6459
2022-01-07T05:00:00Z,42.075,42.98,42.03,42.73,10714
2022-01-06T05:00:00Z,41.95,42.28,41.89,42.12,4860
2022-01-05T05:00:00Z,42.32,42.465,41.98,41.99,8871
2022-01-04T05:00:00Z,41.5,42.18,41.5,41.98,8291
2022-01-03T05:00:00Z,41.23,41.25,40.88,41.215,3735
2021-12-31T05:00:00Z,41.62,41.71,41.31,41.51,4551
2021-12-30T05:00:00Z,41.65,41.71,41.53,41.53,3126
2021-12-29T05:00:00Z,41.27,41.55,41.18,41.45,4208
2021-12-28T05:00:00Z,41.29,41.29,41.23,41.23,2206
2021-12-27T05:00:00Z,40.24,40.7,40.08,40.7,8564
2021-12-23T05:00:00Z,40.73,40.73,40.24,40.345,6023
2021-12-22T05:00:00Z,40.5,40.71,40.49,40.66,6792
2021-12-21T05:00:00Z,40.87,40.87,40.37,40.49,5469
2021-12-20T05:00:00Z,40.1,40.45,39.79,40.38,12277
2021-12-17T05:00:00Z,41.855,41.885,40.07,40.27,20536
2021-12-16T05:00:00Z,42.345,42.68,41.95,42.12,11744
2021-12-15T05:00:00Z,41.74,42.395,41.62,42.15,30393
2021-12-14T05:00:00Z,41.21,41.86,41.21,41.34,44479
2021-12-13T05:00:00Z,40.36,41.3,40.36,40.935,21784
2021-12-10T05:00:00Z,40.62,41,40.355,40.49,22579
2021-12-09T05:00:00Z,40.07,40.49,39.87,40.32,17231
2021-12-08T05:00:00Z,40.16,40.8,40.16,40.47,17671
2021-12-07T05:00:00Z,39.57,40.075,39.57,39.85,31897
2021-12-06T05:00:00Z,39.805,40.52,39.735,40.18,36962
2021-12-03T05:00:00Z,39.48,39.59,38.995,39.15,19969
2021-12-02T05:00:00Z,38.99,39.54,38.99,39.19,9793
2021-12-01T05:00:00Z,38.37,39.5,38.37,38.72,18961
2021-11-30T05:00:00Z,38.89,38.935,37.98,37.99,8470
2021-11-29T05:00:00Z,38.89,39.44,38.73,39.33,10466
2021-11-26T05:00:00Z,39.33,39.485,38.65,38.77,4701
2021-11-24T05:00:00Z,39.935,39.98,39.56,39.89,17429
2021-11-23T05:00:00Z,40.2,40.27,39.82,40.06,7463
2021-11-22T05:00:00Z,39.245,40.175,39.24,40,14773
2021-11-19T05:00:00Z,39.18,39.67,39.18,39.58,10226
2021-11-18T05:00:00Z,39.69,39.69,39.145,39.28,9888
2021-11-17T05:00:00Z,40,40,39.475,39.93,6970
2021-11-16T05:00:00Z,40.72,40.72,39.88,40.04,18603
2021-11-15T05:00:00Z,40.075,40.47,40.075,40.425,6889
2021-11-12T05:00:00Z,39.79,40.18,39.79,39.95,15411
2021-11-11T05:00:00Z,40.11,40.49,40.03,40.11,13466
2021-11-10T05:00:00Z,40.63,40.83,40.49,40.65,10426
2021-11-09T05:00:00Z,40.21,40.34,40.085,40.19,4614
2021-11-08T05:00:00Z,41.045,41.045,39.82,40.09,8451
2021-11-05T04:00:00Z,41.35,41.6,41.03,41.3,9255
2021-11-04T04:00:00Z,41.73,41.87,40.495,41.14,16851
2021-11-03T04:00:00Z,40.84,41.65,40.78,41.61,14632
2021-11-02T04:00:00Z,41.14,41.14,40.59,40.69,19217
2021-11-01T04:00:00Z,40.72,41.42,40.595,41.26,37159
2021-10-29T04:00:00Z,40.64,40.855,40.32,40.55,12316
2021-10-28T04:00:00Z,40.715,40.95,40.47,40.7,8370
2021-10-27T04:00:00Z,40.81,41.025,40.665,40.69,15649
2021-10-26T04:00:00Z,40.91,41.2,40.63,40.67,6466
2021-10-22T04:00:00Z,41.365,41.66,41.26,41.605,5875
2021-10-21T04:00:00Z,41.9,41.9,41.36,41.375,6146
2021-10-20T04:00:00Z,41.48,42.085,41.48,41.915,8046
2021-10-19T04:00:00Z,41.28,41.44,40.9,41.385,8313
2021-10-18T04:00:00Z,41.995,42.04,41.02,41.125,12091
2021-10-15T04:00:00Z,41.52,42.41,41.26,42.395,77948
2021-10-14T04:00:00Z,40.23,41.165,40.11,41.165,32258
2021-10-13T04:00:00Z,39.55,40.16,39.38,39.995,39680
2021-10-12T04:00:00Z,39.1,39.85,39.08,39.69,33963
2021-10-11T04:00:00Z,40.2,40.2,39.07,39.295,60081
2021-10-08T04:00:00Z,40.68,40.885,40.48,40.61,12659
2021-10-07T04:00:00Z,41.725,41.725,40.955,41.005,17409
2021-10-06T04:00:00Z,41.135,41.435,40.285,41.41,29077
2021-10-05T04:00:00Z,41.77,41.98,41.45,41.65,15145
2021-10-04T04:00:00Z,41.04,42.08,41.03,41.95,12381
2021-10-01T04:00:00Z,40.905,41.405,40.31,41.125,13242
2021-09-30T04:00:00Z,41.87,41.87,40.85,40.86,19634
2021-09-29T04:00:00Z,41.6,41.895,41.35,41.65,16036
2021-09-28T04:00:00Z,41.43,41.55,40.99,41.32,17142
2021-09-27T04:00:00Z,41.35,42.04,41.13,41.43,15807
2021-09-24T04:00:00Z,41.16,41.225,40.94,41.15,15131
2021-09-23T04:00:00Z,41.17,41.35,40.825,40.885,14585
2021-09-22T04:00:00Z,40.81,41.22,40.67,41.01,12126
2021-09-21T04:00:00Z,40.875,41.08,40.78,40.875,28617
2021-09-20T04:00:00Z,41.07,41.07,40.4,40.86,64758
2021-09-17T04:00:00Z,41.33,41.67,41.085,41.15,34067
2021-09-16T04:00:00Z,41.96,41.96,41.295,41.33,14125
2021-09-15T04:00:00Z,41.18,41.8,41.14,41.76,24580
2021-09-14T04:00:00Z,41.15,41.3,40.79,41.29,10158
2021-09-13T04:00:00Z,41.77,41.77,41.03,41.07,5272
2021-09-10T04:00:00Z,42.37,42.37,41.59,41.59,13246
2021-09-09T04:00:00Z,43.015,43.34,42.74,42.74,12917
2021-09-08T04:00:00Z,42.14,43.12,42.14,42.95,55145
2021-09-07T04:00:00Z,42.995,42.995,41.95,41.96,19449
2021-09-03T04:00:00Z,43.78,43.78,43.14,43.14,4065
2021-09-02T04:00:00Z,43.93,43.99,43.76,43.99,7261
2021-09-01T04:00:00Z,43.685,43.795,43.46,43.795,8091
2021-08-31T04:00:00Z,43.755,43.91,43.335,43.585,19783
2021-08-30T04:00:00Z,43.58,43.75,43.58,43.71,7373
2021-08-27T04:00:00Z,43.65,43.86,43.65,43.7,7512
2021-08-26T04:00:00Z,43.39,43.51,43.045,43.42,25670
2021-08-25T04:00:00Z,43.76,44.025,43.22,43.68,11426
2021-08-24T04:00:00Z,43.93,44.09,43.785,43.995,24023
2021-08-23T04:00:00Z,44.41,44.58,44.33,44.51,12177
2021-08-20T04:00:00Z,44.75,44.865,44.65,44.71,6852
2021-08-19T04:00:00Z,44.8,44.86,44.48,44.74,6210
2021-08-18T04:00:00Z,44.63,44.91,44.52,44.66,3265
2021-08-17T04:00:00Z,45.05,45.23,44.535,45.2,11078
2021-08-16T04:00:00Z,44.93,45.49,44.87,45.105,10673
2021-08-13T04:00:00Z,44.37,44.75,44.31,44.7,4900
2021-08-12T04:00:00Z,44.435,44.615,44.315,44.53,12039
2021-08-11T04:00:00Z,44.24,44.765,44.24,44.515,4923
2021-08-10T04:00:00Z,44.05,44.24,44.03,44.05,6028
2021-08-09T04:00:00Z,44,44.125,43.8,44.07,5705
2021-08-06T04:00:00Z,43.92,44.29,43.83,43.84,6720
2021-08-05T04:00:00Z,43.93,43.93,43.44,43.875,4318
2021-08-04T04:00:00Z,43.435,43.57,42.88,43.52,10193
2021-08-03T04:00:00Z,43.64,43.84,43.53,43.83,9024
2021-08-02T04:00:00Z,43.8,44.01,43.75,43.775,4154
2021-07-30T04:00:00Z,43.88,44.03,43.34,43.34,7067
2021-07-29T04:00:00Z,43.99,44.04,43.81,43.81,10823
2021-07-28T04:00:00Z,43.93,43.93,43.34,43.76,5129
2021-07-27T04:00:00Z,42.83,43.82,42.77,43.72,6300
2021-07-26T04:00:00Z,43.59,43.59,43.145,43.21,8908
2021-07-23T04:00:00Z,42.915,43.21,42.905,43.21,8969
2021-07-22T04:00:00Z,42.61,42.79,42.385,42.645,8517
2021-07-21T04:00:00Z,43.29,43.36,42.71,42.74,8957
2021-07-20T04:00:00Z,42.57,43.72,42.57,43.24,52787
2021-07-19T04:00:00Z,42.79,42.91,42.305,42.62,13989
2021-07-16T04:00:00Z,43.29,43.72,42.785,42.91,20257
2021-07-15T04:00:00Z,41.92,43.19,41.79,43.15,32382
2021-07-14T04:00:00Z,41.73,42.18,41.46,41.985,18791
2021-07-13T04:00:00Z,42.64,42.64,41.705,41.72,13854
2021-07-12T04:00:00Z,42.24,42.6,42.15,42.57,10055
2021-07-09T04:00:00Z,42.18,42.55,41.84,42.55,15037
2021-07-08T04:00:00Z,42.11,42.26,41.82,41.91,8414
2021-07-07T04:00:00Z,41.92,42.565,41.92,42.36,6793
2021-07-06T04:00:00Z,42.17,42.36,41.66,42.34,14757
2021-07-02T04:00:00Z,42.31,42.61,42.265,42.4,7744
2021-07-01T04:00:00Z,42.52,42.9,42.395,42.53,15905
2021-06-30T04:00:00Z,41.78,42.48,41.53,42.27,18517
2021-06-29T04:00:00Z,42.69,42.7,41.78,41.85,11630
2021-06-28T04:00:00Z,42.48,42.69,42.27,42.51,13439
2021-06-25T04:00:00Z,42.16,42.87,42.04,42.845,15785
2021-06-24T04:00:00Z,41.61,42.19,41.59,42.17,13434
2021-06-23T04:00:00Z,42.07,42.085,41.48,41.74,16803
2021-06-22T04:00:00Z,42.7,42.85,42.49,42.49,13547
2021-06-21T04:00:00Z,42.09,43.08,42.09,42.97,12704
2021-06-18T04:00:00Z,43.04,43.04,41.86,41.92,17980
2021-06-17T04:00:00Z,43.82,43.82,43.47,43.49,11459
2021-06-16T04:00:00Z,44.43,44.43,43.735,43.78,13690
2021-06-15T04:00:00Z,44.28,44.55,44.2,44.46,8473
2021-06-14T04:00:00Z,44.63,44.63,44.25,44.33,10549
2021-06-11T04:00:00Z,44.37,44.84,44.37,44.84,9598
2021-06-10T04:00:00Z,44.595,44.61,44.37,44.46,13273
2021-06-09T04:00:00Z,43.48,44.495,43.32,44.32,28737
2021-06-08T04:00:00Z,43.32,43.49,43.01,43.41,9840
2021-06-07T04:00:00Z,43.58,43.58,43.13,43.33,8706
2021-06-04T04:00:00Z,43.19,43.5,43.19,43.37,7388
2021-06-03T04:00:00Z,43.02,43.46,42.88,43.29,26351
2021-06-02T04:00:00Z,42.79,43.345,42.79,43.05,9628
2021-06-01T04:00:00Z,43.09,43.105,42.69,42.84,16998
2021-05-28T04:00:00Z,42.89,43.125,42.77,43.11,11765
2021-05-27T04:00:00Z,43.13,43.13,42.53,42.58,14284
2021-05-26T04:00:00Z,42.845,43.17,42.81,42.97,12670
2021-05-25T04:00:00Z,43.46,43.48,42.89,42.89,12218
2021-05-24T04:00:00Z,44.32,44.36,43.72,43.73,18382
2021-05-21T04:00:00Z,44.145,44.16,43.69,44.14,5946
2021-05-20T04:00:00Z,44.07,44.21,43.77,43.79,9607
2021-05-19T04:00:00Z,43.95,44.05,43.49,43.87,17458
2021-05-18T04:00:00Z,44.31,44.45,43.885,44.32,39176
2021-05-17T04:00:00Z,44.81,44.89,44.28,44.35,21984
2021-05-14T04:00:00Z,44.93,45.34,44.59,44.69,50564
2021-05-13T04:00:00Z,43.765,45.07,43.75,44.53,86088
2021-05-12T04:00:00Z,44.49,44.77,43.8,43.83,31089
2021-05-11T04:00:00Z,45.18,45.36,44.24,44.24,107180
2021-05-10T04:00:00Z,45.55,45.92,45.34,45.37,12716
2021-05-07T04:00:00Z,43.02,45.27,43.02,45.19,30604
2021-05-06T04:00:00Z,43.1,43.615,42.69,43.49,28424
2021-05-05T04:00:00Z,43.45,43.45,42.56,42.93,15746
2021-05-04T04:00:00Z,43.14,43.745,43.14,43.71,15366
2021-05-03T04:00:00Z,43.22,43.53,43.03,43.2,9465
2021-04-30T04:00:00Z,42.805,43.14,42.79,43.08,13440
2021-04-29T04:00:00Z,42.59,43.09,42.59,42.91,10434
2021-04-28T04:00:00Z,42.57,42.7,42.18,42.56,13627
2021-04-27T04:00:00Z,42.45,42.54,42.25,42.38,16650
2021-04-26T04:00:00Z,42.58,42.78,42.42,42.6,15998
2021-04-23T04:00:00Z,42.725,43.02,42.6,42.72,16558
2021-04-22T04:00:00Z,43.32,43.35,42.815,42.825,25837
2021-04-21T04:00:00Z,43.1,43.46,43.1,43.3,18316
2021-04-20T04:00:00Z,43.2,43.345,42.99,43.12,20741
2021-04-16T04:00:00Z,42.71,43.255,42.6,42.665,34312
2021-04-15T04:00:00Z,42.285,42.79,42.14,42.64,16370
2021-04-14T04:00:00Z,42.275,42.615,42.27,42.365,27286
2021-04-13T04:00:00Z,42.07,42.61,42.035,42.42,19403
2021-04-12T04:00:00Z,42.59,42.79,42.43,42.53,22900
2021-04-09T04:00:00Z,42.66,42.86,42.29,42.355,34444
2021-04-08T04:00:00Z,42.785,43.1,42.06,42.49,38291
2021-04-07T04:00:00Z,43.88,44.02,42.73,42.8,59626
2021-04-06T04:00:00Z,43.875,44.05,43.575,43.83,38271
2021-04-05T04:00:00Z,44.845,45.56,44.02,44.03,39694
2021-04-01T04:00:00Z,43.97,44.71,43.72,44.66,41013
2021-03-31T04:00:00Z,44.34,44.6,43.88,44.41,27168
2021-03-30T04:00:00Z,44.48,44.55,44.05,44.53,46116
2021-03-29T04:00:00Z,44.38,44.72,44.165,44.685,42179
2021-03-26T04:00:00Z,42.79,44.43,42.53,44.41,64439
2021-03-25T04:00:00Z,42.93,43.01,42.46,42.85,32179
2021-03-24T04:00:00Z,42.31,43.03,42.22,42.67,36389
2021-03-23T04:00:00Z,41.86,42.46,41.78,42.405,81769
2021-03-22T04:00:00Z,42.35,42.35,41.8,42.04,100392
2021-03-19T04:00:00Z,42.33,42.6,41.555,42.585,51739
2021-03-18T04:00:00Z,41,42.32,41,42.31,63438
2021-03-17T04:00:00Z,40.75,40.98,40.53,40.82,22949
2021-03-16T04:00:00Z,41.08,41.64,40.66,40.84,23217
2021-03-15T04:00:00Z,40.86,41.85,40.86,41.36,41758
2021-03-12T05:00:00Z,39,40.18,39,40.18,17521
2021-03-11T05:00:00Z,38.84,39.3,38.66,38.775,24400
2021-03-10T05:00:00Z,38.69,39.29,38.33,39.025,27705
2021-03-09T05:00:00Z,38.46,38.92,38.19,38.63,39963
2021-03-08T05:00:00Z,37.29,38.79,37.29,38.75,27215
2021-03-05T05:00:00Z,36.72,37.47,36.67,37.24,22194
2021-03-04T05:00:00Z,36.27,37.035,36.27,36.345,22699
2021-03-03T05:00:00Z,35.41,36.36,35.33,36.17,34114
2021-03-02T05:00:00Z,35.48,35.48,34.8,35.44,17064
2021-03-01T05:00:00Z,35.33,35.7,35.14,35.385,27296
2021-02-26T05:00:00Z,34.68,35.31,34.59,35,41553
2021-02-25T05:00:00Z,34.52,35.23,34.51,34.74,19776
2021-02-24T05:00:00Z,35.01,35.01,34.4,34.46,28406
2021-02-23T05:00:00Z,35.35,35.95,35.04,35.36,39536
2021-02-22T05:00:00Z,35.13,35.33,34.635,35.12,30898
2021-02-19T05:00:00Z,34.9,35.51,34.9,35.02,26215
2021-02-18T05:00:00Z,35.05,35.36,34.75,34.92,26547
2021-02-17T05:00:00Z,34.63,35.14,34.58,34.65,23359
2021-02-16T05:00:00Z,34.74,34.94,34.12,34.73,25834
2021-02-12T05:00:00Z,34.49,34.83,34.49,34.74,16905
2021-02-11T05:00:00Z,34.905,34.98,34.35,34.4,20442
2021-02-10T05:00:00Z,34.48,35.02,34.355,34.97,11025
2021-02-09T05:00:00Z,34,34.06,33.73,33.96,5273
2021-02-08T05:00:00Z,34.19,34.31,33.88,33.97,6406
2021-02-05T05:00:00Z,33.93,34.28,33.93,34.12,6818
2021-02-04T05:00:00Z,33.92,34.09,33.795,33.8,20012
2021-02-03T05:00:00Z,33.4,33.75,33.14,33.72,11559
2021-02-02T05:00:00Z,33.84,34.03,33.5,33.55,8834
2021-02-01T05:00:00Z,33.3,33.755,32.995,33.51,17577
2021-01-29T05:00:00Z,33.45,33.63,33.07,33.07,19626
2021-01-28T05:00:00Z,34.035,34.49,33.515,33.515,14354
2021-01-27T05:00:00Z,33.65,33.98,33.44,33.97,18083
2021-01-26T05:00:00Z,34.1,34.28,33.58,33.77,23522
2021-01-25T05:00:00Z,34.36,34.62,34.11,34.32,23480
2021-01-22T05:00:00Z,33.785,34.77,33.53,34.505,33387
2021-01-21T05:00:00Z,34.1,34.1,33.29,33.82,38522
2021-01-20T05:00:00Z,34.23,34.865,34.21,34.56,35702
2021-01-19T05:00:00Z,34.215,34.41,33.78,34.22,20040
2021-01-15T05:00:00Z,33.73,34.095,33.58,34.09,17713
2021-01-14T05:00:00Z,34.3,34.3,33.37,33.45,16822
2021-01-13T05:00:00Z,34.04,34.25,33.93,33.96,16244
2021-01-12T05:00:00Z,34.03,34.34,33.775,33.86,18144
2021-01-11T05:00:00Z,34.16,34.3,33.83,34.04,11773
2021-01-08T05:00:00Z,34.785,34.965,34.07,34.2,24916
2021-01-07T05:00:00Z,36.07,36.07,34.97,34.99,25783
2021-01-06T05:00:00Z,34.905,36.12,34.905,36.11,22822
2021-01-05T05:00:00Z,34.94,34.985,34.405,34.58,21417
2021-01-04T05:00:00Z,35.535,35.6,34.52,34.69,14952
2020-12-31T05:00:00Z,34.88,35.49,34.88,35.375,8888
2020-12-30T05:00:00Z,34.73,35.175,34.73,34.9,8333
2020-12-29T05:00:00Z,34.91,35.185,34.56,34.8,17901
2020-12-28T05:00:00Z,34.84,35.065,34.61,34.81,23149
2020-12-24T05:00:00Z,34.61,34.655,34.32,34.655,9122
2020-12-23T05:00:00Z,35,35.32,34.48,34.49,13123
2020-12-22T05:00:00Z,34.98,34.98,34.61,34.84,18187
2020-12-21T05:00:00Z,35.3,35.3,34.62,34.985,32139
2020-12-18T05:00:00Z,36.44,36.465,35.39,35.47,20488
2020-12-17T05:00:00Z,37.02,37.17,36.36,36.41,16839
2020-12-16T05:00:00Z,37.445,37.505,36.775,36.89,9094
2020-12-15T05:00:00Z,36.49,37.36,36.44,37.36,18967
2020-12-14T05:00:00Z,37.88,37.92,36.49,36.5,17464
2020-12-11T05:00:00Z,37.33,37.665,37.33,37.475,49951
2020-12-10T05:00:00Z,37.21,37.54,36.995,37.47,21272
2020-12-09T05:00:00Z,36.66,37.255,36.65,37.23,12669
2020-12-08T05:00:00Z,36.235,36.61,36.2,36.61,10432
2020-12-07T05:00:00Z,35.9,36.46,35.9,36.4,24041
2020-12-04T05:00:00Z,35.885,36.14,35.63,35.94,6193
2020-12-03T05:00:00Z,35.82,36.06,35.57,35.73,14633
2020-12-02T05:00:00Z,36.04,36.28,35.68,36.28,10031
2020-12-01T05:00:00Z,36.335,36.69,35.855,36.03,13723
2020-11-30T05:00:00Z,36.43,36.55,35.78,35.835,20944
2020-11-27T05:00:00Z,37.01,37.01,36.46,36.56,7269
2020-11-25T05:00:00Z,37.96,37.96,37.35,37.4,12537
2020-11-24T05:00:00Z,37.29,38.01,37.29,37.975,8671
2020-11-23T05:00:00Z,36.65,36.71,36.4,36.565,6535
2020-11-20T05:00:00Z,36.67,36.78,36.22,36.37,9470
2020-11-19T05:00:00Z,36.69,36.88,36.33,36.8,23732
2020-11-18T05:00:00Z,37.85,38,37.37,37.39,103562
2020-11-17T05:00:00Z,37.8,38.25,37.59,37.835,19923
2020-11-16T05:00:00Z,37.85,38.29,37.65,38.235,44251
2020-11-13T05:00:00Z,36.905,37.41,36.905,37.37,42393
2020-11-12T05:00:00Z,36.46,36.82,36.11,36.62,41885
2020-11-11T05:00:00Z,37.645,37.645,36.685,37.03,29013
2020-11-10T05:00:00Z,35.775,37.91,35.775,37.57,38760
2020-11-09T05:00:00Z,34.795,36.08,34.4,35.615,24371
2020-11-06T05:00:00Z,33.185,33.99,33,33.125,20131
2020-11-05T05:00:00Z,33.73,33.78,33.06,33.115,16470
2020-11-04T05:00:00Z,33.76,34.55,33.42,33.48,61109
2020-11-03T05:00:00Z,34.07,34.66,33.965,34.42,35030
2020-11-02T05:00:00Z,33.11,33.7,33.025,33.63,19632
2020-10-30T04:00:00Z,32.455,33.09,32.455,33,24014
2020-10-29T04:00:00Z,32.48,32.66,31.84,32.48,36803
2020-10-28T04:00:00Z,33.94,34.08,32.68,32.71,29709
2020-10-27T04:00:00Z,34.47,34.8,34.31,34.47,28682
2020-10-26T04:00:00Z,34.32,34.57,34.25,34.54,22529
2020-10-23T04:00:00Z,35.005,35.07,34.34,34.905,21769
2020-10-22T04:00:00Z,34.25,34.935,34.17,34.83,18150
2020-10-21T04:00:00Z,34.36,34.58,34.17,34.17,13119
2020-10-20T04:00:00Z,33.665,34.15,33.62,34.06,12040
2020-10-19T04:00:00Z,33.95,34.12,33.58,33.65,17091
2020-10-16T04:00:00Z,33.98,34.355,33.905,34.11,8736
2020-10-15T04:00:00Z,33.65,34.305,33.65,34.145,13036
2020-10-14T04:00:00Z,34.18,34.42,33.8,33.97,10590
2020-10-13T04:00:00Z,34.65,34.705,33.93,34.31,19774
2020-10-12T04:00:00Z,34.52,35.02,34.52,34.89,11773
2020-10-09T04:00:00Z,34.56,34.63,34.33,34.47,9587
2020-10-08T04:00:00Z,34.69,34.87,34.43,34.69,9576
2020-10-07T04:00:00Z,34.88,34.96,34.32,34.6,8987
2020-10-06T04:00:00Z,34.15,35.24,34.15,34.815,21891
2020-10-05T04:00:00Z,33.92,34.355,33.915,34.245,15228
2020-10-02T04:00:00Z,33,34.04,33,33.87,13978
2020-10-01T04:00:00Z,33.37,33.49,33.135,33.23,15055
2020-09-30T04:00:00Z,33.17,33.375,33.06,33.25,24346
2020-09-29T04:00:00Z,33.28,33.28,32.755,33.07,10545
2020-09-28T04:00:00Z,33.35,33.475,33.18,33.18,9656
2020-09-25T04:00:00Z,32.53,33.16,32.53,33.16,16381
2020-09-24T04:00:00Z,32.45,32.84,32.325,32.68,14053
2020-09-23T04:00:00Z,33.19,33.23,32.64,32.65,10396
2020-09-22T04:00:00Z,33.01,33.12,32.55,32.92,12334
2020-09-21T04:00:00Z,32.52,32.57,32.08,32.4,12620
2020-09-18T04:00:00Z,33.15,33.28,32.62,32.66,7328
2020-09-17T04:00:00Z,32.95,33.28,32.95,33.28,8617
2020-09-16T04:00:00Z,32.95,33.45,32.95,33.305,14281
2020-09-15T04:00:00Z,33.25,33.42,33.025,33.13,17871
2020-09-14T04:00:00Z,33.315,33.475,33.015,33.15,8297
2020-09-11T04:00:00Z,33.23,33.25,32.695,32.93,15722
2020-09-10T04:00:00Z,33.76,33.76,33.295,33.38,8549
2020-09-09T04:00:00Z,33.84,34.255,33.63,33.725,7830
2020-09-08T04:00:00Z,33.82,34.03,33.485,33.75,16296
2020-09-04T04:00:00Z,34.44,34.44,33.835,34.295,9143
2020-09-03T04:00:00Z,34.665,34.84,34.075,34.235,6195
2020-09-02T04:00:00Z,34.01,34.49,34.01,34.46,3137
2020-09-01T04:00:00Z,34.35,34.35,33.94,33.96,8355
2020-08-31T04:00:00Z,34.415,34.81,34.39,34.61,11639
2020-08-28T04:00:00Z,34.2,34.385,34.12,34.385,1274
2020-08-27T04:00:00Z,34.52,34.62,34.095,34.43,7836
2020-08-26T04:00:00Z,34.605,34.605,34.02,34.13,7159
2020-08-25T04:00:00Z,35.035,35.04,34.66,34.87,15502
2020-08-24T04:00:00Z,34.445,35.045,34.42,35.03,8706
2020-08-21T04:00:00Z,34.51,34.645,34.135,34.39,15269
2020-08-20T04:00:00Z,35.12,35.12,34.58,34.59,12874
2020-08-19T04:00:00Z,35.445,35.645,35.22,35.43,8674
2020-08-18T04:00:00Z,35.42,35.46,35.03,35.29,6480
2020-08-17T04:00:00Z,35.415,35.96,35.32,35.32,10139
2020-08-14T04:00:00Z,35.3,35.71,35.3,35.69,4921
2020-08-13T04:00:00Z,35.67,35.71,35.25,35.625,9618
2020-08-12T04:00:00Z,35.665,36.155,35.64,35.98,4405
2020-08-11T04:00:00Z,36.27,36.27,35.54,35.54,5915
2020-08-10T04:00:00Z,36.19,36.545,36.1,36.14,22803
2020-08-07T04:00:00Z,35.11,36.18,35.11,36.15,20623
2020-08-06T04:00:00Z,34.93,35.59,34.91,35.065,14621
2020-08-05T04:00:00Z,35.15,35.15,34.82,34.96,7446
2020-08-04T04:00:00Z,35.88,36.05,35.585,35.615,17869
2020-08-03T04:00:00Z,35.55,36.05,35.55,36.03,15570
2020-07-31T04:00:00Z,36.14,36.49,35.68,36.235,13623
2020-07-30T04:00:00Z,36.83,36.83,36.46,36.595,7909
2020-07-29T04:00:00Z,37.14,37.265,36.765,37.17,10002
2020-07-28T04:00:00Z,36.205,37.285,36.205,37.06,4987
2020-07-27T04:00:00Z,36.195,36.485,35.93,36.205,10825
