2024-06-14T04:00:00Z,77.12,77.175,76.95,77.04,1875685
2024-06-13T04:00:00Z,77.52,77.52,77.265,77.34,1135304
2024-06-12T04:00:00Z,77.62,77.62,77.355,77.36,1596415
2024-06-11T04:00:00Z,76.895,77.07,76.85,77.07,897461
2024-06-10T04:00:00Z,76.775,76.97,76.76,76.97,627438
2024-06-07T04:00:00Z,76.765,76.945,76.765,76.875,911047
2024-06-06T04:00:00Z,77.17,77.175,77.045,77.09,1105755
2024-06-05T04:00:00Z,77.115,77.225,76.97,77.2,1022689
2024-06-04T04:00:00Z,76.915,77.095,76.915,76.96,1132530
2024-06-03T04:00:00Z,76.875,77.005,76.84,77,949047
2024-05-31T04:00:00Z,76.925,77.15,76.92,77.13,1780137
2024-05-30T04:00:00Z,76.685,76.88,76.665,76.86,1172109
2024-05-29T04:00:00Z,76.52,76.65,76.52,76.565,1541587
2024-05-28T04:00:00Z,77.14,77.145,76.76,76.805,1176449
2024-05-24T04:00:00Z,76.89,77.1,76.84,77.095,674943
2024-05-23T04:00:00Z,77.12,77.12,76.795,76.83,1036348
2024-05-22T04:00:00Z,77.15,77.19,77.02,77.09,943788
2024-05-21T04:00:00Z,77.29,77.395,77.265,77.27,516245
2024-05-20T04:00:00Z,77.24,77.31,77.225,77.31,349225
2024-05-17T04:00:00Z,77.21,77.305,77.165,77.275,610621
2024-05-16T04:00:00Z,77.445,77.445,77.26,77.265,959920
2024-05-15T04:00:00Z,77.32,77.46,77.2,77.45,1237491
2024-05-14T04:00:00Z,76.93,77.025,76.905,77.015,736276
2024-05-13T04:00:00Z,77.035,77.05,76.855,76.89,638115
2024-05-10T04:00:00Z,77.005,77.03,76.81,76.9,459318
2024-05-09T04:00:00Z,76.985,77.05,76.87,77.03,449004
2024-05-08T04:00:00Z,77,77.055,76.96,77,436093
2024-05-07T04:00:00Z,77.24,77.28,77.03,77.17,1082667
2024-05-06T04:00:00Z,77.145,77.225,77.12,77.135,607648
2024-05-03T04:00:00Z,77.2,77.32,76.945,77.065,1216741
2024-05-02T04:00:00Z,76.5,76.775,76.34,76.745,1129385
2024-05-01T04:00:00Z,75.97,76.605,75.97,76.3,1703359
2024-04-30T04:00:00Z,76.61,76.73,76.36,76.36,1065098
2024-04-29T04:00:00Z,76.735,76.845,76.67,76.84,514834
2024-04-26T04:00:00Z,76.38,76.655,76.38,76.615,1063480
2024-04-25T04:00:00Z,76.05,76.395,75.915,76.38,1374980
2024-04-24T04:00:00Z,76.66,76.69,76.375,76.55,861694
2024-04-23T04:00:00Z,76.44,76.755,76.39,76.7,1166772
2024-04-22T04:00:00Z,76.14,76.43,76.115,76.385,1299607
2024-04-19T04:00:00Z,75.94,76.075,75.9,75.98,1401762
2024-04-18T04:00:00Z,75.83,75.89,75.645,75.855,1108036
2024-04-17T04:00:00Z,75.905,76.035,75.715,75.765,1473019
2024-04-16T04:00:00Z,75.86,75.87,75.595,75.69,1478612
2024-04-15T04:00:00Z,76.45,76.45,75.845,75.925,1297068
2024-04-12T04:00:00Z,76.385,76.42,76.255,76.395,1298681
2024-04-11T04:00:00Z,76.545,76.545,76.22,76.4,1889493
2024-04-10T04:00:00Z,76.665,76.755,76.305,76.465,2798911
2024-04-09T04:00:00Z,77.195,77.225,77.025,77.18,1061191
2024-04-08T04:00:00Z,76.84,77.035,76.785,77,680978
2024-04-05T04:00:00Z,76.82,76.925,76.79,76.82,868980
2024-04-04T04:00:00Z,77.12,77.215,76.78,76.89,852351
2024-04-03T04:00:00Z,76.78,76.985,76.71,76.95,838597
2024-04-02T04:00:00Z,76.735,76.905,76.735,76.9,1276833
2024-04-01T04:00:00Z,77.35,77.35,76.995,77.03,1422304
2024-03-28T04:00:00Z,77.81,77.915,77.72,77.76,787170
2024-03-27T04:00:00Z,77.655,77.885,77.605,77.885,900921
2024-03-26T04:00:00Z,77.655,77.655,77.47,77.49,493369
2024-03-25T04:00:00Z,77.565,77.665,77.54,77.6,787016
2024-03-22T04:00:00Z,77.83,77.88,77.665,77.7,699087
2024-03-21T04:00:00Z,77.945,77.95,77.68,77.785,1132993
2024-03-20T04:00:00Z,77.515,77.85,77.48,77.805,1011255
2024-03-19T04:00:00Z,77.255,77.58,77.225,77.555,1100877
2024-03-18T04:00:00Z,77.3,77.31,77.18,77.24,827111
2024-03-15T04:00:00Z,77.08,77.235,76.97,77.08,1487362
2024-03-14T04:00:00Z,77.495,77.495,77.03,77.11,2018882
2024-03-13T04:00:00Z,77.41,77.66,77.41,77.505,1101998
2024-03-12T04:00:00Z,77.465,77.5,77.265,77.435,1193616
2024-03-11T04:00:00Z,77.34,77.43,77.305,77.405,1056475
2024-03-08T05:00:00Z,77.545,77.73,77.39,77.41,1113394
2024-03-07T05:00:00Z,77.45,77.505,77.32,77.385,1153629
2024-03-06T05:00:00Z,77.285,77.405,77.19,77.29,1038058
2024-03-05T05:00:00Z,77.15,77.345,77.065,77.12,1111860
2024-03-04T05:00:00Z,77.145,77.225,77.025,77.16,578787
2024-03-01T05:00:00Z,76.915,77.21,76.785,77.17,1497708
2024-02-29T05:00:00Z,77.32,77.465,77.24,77.315,983657
2024-02-28T05:00:00Z,77.125,77.275,77.1,77.2,718440
2024-02-27T05:00:00Z,77.15,77.2,77.05,77.195,1008842
2024-02-26T05:00:00Z,77.34,77.35,77.075,77.1,973642
2024-02-23T05:00:00Z,77.33,77.455,77.295,77.35,908274
2024-02-22T05:00:00Z,77.19,77.31,77.105,77.3,1450245
2024-02-21T05:00:00Z,77.04,77.115,76.815,76.97,954298
2024-02-20T05:00:00Z,76.93,77.12,76.82,77.07,950557
2024-02-16T05:00:00Z,76.925,77.005,76.825,76.95,1727115
2024-02-15T05:00:00Z,77.015,77.225,76.945,77.17,1407580
2024-02-14T05:00:00Z,76.825,76.99,76.735,76.89,1078877
2024-02-13T05:00:00Z,76.625,76.79,76.445,76.635,2495943
2024-02-12T05:00:00Z,77.32,77.46,77.17,77.18,1056424
2024-02-09T05:00:00Z,77.26,77.41,77.14,77.37,1022566
2024-02-08T05:00:00Z,77.19,77.29,77.125,77.195,817524
2024-02-07T05:00:00Z,77.205,77.295,77.02,77.215,1151884
2024-02-06T05:00:00Z,76.9,77.225,76.9,77.12,896523
2024-02-05T05:00:00Z,76.975,77.005,76.665,76.81,1611209
2024-02-02T05:00:00Z,77.065,77.28,77.065,77.18,1334842
2024-02-01T05:00:00Z,77.335,77.605,77.15,77.525,1310712
2024-01-31T05:00:00Z,77.72,77.9,77.43,77.5,1363340
2024-01-30T05:00:00Z,77.82,77.82,77.525,77.69,1037769
2024-01-29T05:00:00Z,77.68,77.825,77.575,77.805,786363
2024-01-26T05:00:00Z,77.66,77.765,77.595,77.615,627185
2024-01-25T05:00:00Z,77.37,77.67,77.305,77.66,2064267
2024-01-24T05:00:00Z,77.39,77.42,77.035,77.12,854915
2024-01-23T05:00:00Z,77.235,77.25,77.025,77.15,858208
2024-01-22T05:00:00Z,77.24,77.425,77.185,77.22,1249355
2024-01-19T05:00:00Z,77.03,77.16,76.785,77.155,1587903
2024-01-18T05:00:00Z,77.015,77.045,76.855,77.025,1164658
2024-01-17T05:00:00Z,77.01,77.01,76.735,76.9,2194876
2024-01-16T05:00:00Z,77.47,77.54,77.135,77.22,1480774
2024-01-12T05:00:00Z,77.785,77.915,77.635,77.675,1695723
2024-01-11T05:00:00Z,77.38,77.625,77.18,77.595,1009904
2024-01-10T05:00:00Z,77.41,77.49,77.285,77.38,1306021
2024-01-09T05:00:00Z,77.015,77.315,76.96,77.24,792773
2024-01-08T05:00:00Z,76.715,77.17,76.71,77.09,1058593
2024-01-05T05:00:00Z,76.59,76.995,76.575,76.695,1145540
2024-01-04T05:00:00Z,76.735,76.895,76.6,76.635,1167576
2024-01-03T05:00:00Z,76.58,77.08,76.58,76.93,1517515
2024-01-02T05:00:00Z,77.125,77.24,77.045,77.15,1154159
2023-12-29T05:00:00Z,77.645,77.855,77.39,77.415,1076069
2023-12-28T05:00:00Z,77.875,77.875,77.545,77.69,552854
2023-12-27T05:00:00Z,77.64,78.075,77.615,77.92,579737
2023-12-26T05:00:00Z,77.51,77.63,77.485,77.59,303790
2023-12-22T05:00:00Z,77.69,77.745,77.43,77.475,683129
2023-12-21T05:00:00Z,77.53,77.625,77.325,77.55,705223
2023-12-20T05:00:00Z,77.27,77.535,77.17,77.22,941653
2023-12-19T05:00:00Z,77.045,77.285,77.045,77.2,833219
2023-12-18T05:00:00Z,77.04,77.065,76.735,76.96,862084
2023-12-15T05:00:00Z,76.995,77.095,76.76,76.95,1048280
2023-12-14T05:00:00Z,77.245,77.38,76.95,77.1,2517053
2023-12-13T05:00:00Z,76.11,77.15,76.075,77.145,1792207
2023-12-12T05:00:00Z,75.76,76.005,75.6,75.99,787960
2023-12-11T05:00:00Z,75.77,75.82,75.58,75.81,1018340
2023-12-08T05:00:00Z,75.8,75.905,75.675,75.85,929611
2023-12-07T05:00:00Z,75.97,76.135,75.92,75.99,749339
2023-12-06T05:00:00Z,75.985,76.025,75.83,75.88,578608
2023-12-05T05:00:00Z,75.735,75.96,75.705,75.905,856152
2023-12-04T05:00:00Z,75.59,75.845,75.59,75.815,969967
2023-12-01T05:00:00Z,75.27,76.01,75.21,75.99,1766431
2023-11-30T05:00:00Z,75.8,75.85,75.48,75.695,1436836
2023-11-29T05:00:00Z,75.71,76.025,75.71,75.85,1202472
2023-11-28T05:00:00Z,75.07,75.47,75.065,75.42,1113629
2023-11-27T05:00:00Z,75.03,75.195,74.935,75.135,816567
2023-11-24T05:00:00Z,75.01,75.025,74.955,74.99,208738
2023-11-22T05:00:00Z,75.035,75.16,74.885,75.085,888537
2023-11-21T05:00:00Z,74.82,74.965,74.815,74.94,907864
2023-11-20T05:00:00Z,74.765,74.945,74.69,74.83,863607
2023-11-17T05:00:00Z,74.59,74.77,74.48,74.765,1020915
2023-11-16T05:00:00Z,74.56,74.665,74.45,74.61,1241703
2023-11-15T05:00:00Z,74.68,74.7,74.435,74.495,1059017
2023-11-14T05:00:00Z,74.705,74.925,74.705,74.75,1915418
2023-11-13T05:00:00Z,73.885,74.05,73.8,73.985,1124621
2023-11-10T05:00:00Z,73.915,74.095,73.87,74.06,979018
2023-11-09T05:00:00Z,74.08,74.165,73.685,73.705,1583273
2023-11-08T05:00:00Z,74.1,74.225,74.08,74.15,974041
2023-11-07T05:00:00Z,74.065,74.21,73.9,74.105,1141441
2023-11-06T05:00:00Z,74.245,74.39,74.04,74.13,2895472
2023-11-03T04:00:00Z,74.21,74.46,74.005,74.42,2812760
2023-11-02T04:00:00Z,73.33,73.79,73.33,73.68,2372352
2023-11-01T04:00:00Z,72.33,72.87,72.32,72.865,1458417
2023-10-31T04:00:00Z,72.38,72.795,72.38,72.59,1298487
2023-10-30T04:00:00Z,72.38,72.495,72.27,72.365,942426
2023-10-27T04:00:00Z,72.54,72.605,72.23,72.365,1037593
2023-10-26T04:00:00Z,72.195,72.575,72.105,72.45,1286997
2023-10-25T04:00:00Z,72.44,72.46,72.125,72.215,1300835
2023-10-24T04:00:00Z,72.38,72.62,72.335,72.585,1420351
2023-10-23T04:00:00Z,71.82,72.41,71.685,72.23,1651348
2023-10-20T04:00:00Z,71.87,72.09,71.83,71.95,1558097
2023-10-19T04:00:00Z,72.1,72.385,71.78,71.8,2256888
2023-10-18T04:00:00Z,72.31,72.45,71.995,72.045,1821988
2023-10-17T04:00:00Z,72.405,72.605,72.295,72.4,1684163
2023-10-16T04:00:00Z,72.73,72.91,72.67,72.745,1248082
2023-10-13T04:00:00Z,73.13,73.23,72.68,72.755,1544839
2023-10-12T04:00:00Z,73.11,73.16,72.595,72.8,1601727
2023-10-11T04:00:00Z,73.41,73.435,72.885,73.21,1327758
2023-10-10T04:00:00Z,73.055,73.43,72.955,73.22,1519352
2023-10-09T04:00:00Z,72.78,73.235,72.74,73.205,830911
2023-10-06T04:00:00Z,72.225,72.815,72.105,72.675,1585697
2023-10-05T04:00:00Z,72.425,72.68,72.405,72.575,1753675
2023-10-04T04:00:00Z,72.365,72.625,72.12,72.525,4173289
2023-10-03T04:00:00Z,72.595,72.78,72.12,72.175,2071575
2023-10-02T04:00:00Z,73.205,73.215,72.805,72.91,2322073
2023-09-29T04:00:00Z,74.135,74.205,73.72,73.74,1454991
2023-09-28T04:00:00Z,73.38,73.855,73.31,73.84,1513067
2023-09-27T04:00:00Z,73.825,73.85,73.355,73.48,1424346
2023-09-26T04:00:00Z,73.85,73.885,73.535,73.58,1045600
2023-09-25T04:00:00Z,73.82,74.02,73.73,73.925,649321
2023-09-22T04:00:00Z,74.04,74.27,73.995,74.025,1207664
2023-09-21T04:00:00Z,74.07,74.16,73.89,73.89,1598659
2023-09-20T04:00:00Z,74.625,74.755,74.405,74.41,821401
2023-09-19T04:00:00Z,74.52,74.635,74.41,74.5,1105333
2023-09-18T04:00:00Z,74.61,74.765,74.605,74.68,540210
2023-09-15T04:00:00Z,74.775,74.845,74.655,74.66,745466
2023-09-14T04:00:00Z,74.935,74.995,74.83,74.9,818195
2023-09-13T04:00:00Z,74.63,74.9,74.63,74.83,584297
2023-09-12T04:00:00Z,74.575,74.755,74.565,74.64,373431
2023-09-11T04:00:00Z,74.725,74.75,74.575,74.74,778063
2023-09-08T04:00:00Z,74.71,74.88,74.565,74.615,816254
2023-09-07T04:00:00Z,74.325,74.69,74.315,74.65,797659
2023-09-06T04:00:00Z,74.465,74.545,74.255,74.42,1044192
2023-09-05T04:00:00Z,74.955,74.955,74.525,74.575,959462
2023-09-01T04:00:00Z,75.155,75.225,74.86,75.04,907990
2023-08-31T04:00:00Z,75.285,75.375,75.155,75.31,892299
2023-08-30T04:00:00Z,75.365,75.475,75.26,75.32,874686
2023-08-29T04:00:00Z,74.83,75.36,74.775,75.33,1298356
2023-08-28T04:00:00Z,74.85,74.93,74.7,74.87,535476
2023-08-25T04:00:00Z,74.38,74.7,74.265,74.6,1192765
2023-08-24T04:00:00Z,74.72,74.72,74.22,74.29,1278810
2023-08-23T04:00:00Z,74.42,74.815,74.42,74.72,1309768
2023-08-22T04:00:00Z,74.21,74.25,74.06,74.105,478240
2023-08-21T04:00:00Z,74.12,74.135,73.845,74.075,934145
2023-08-18T04:00:00Z,73.885,74.315,73.87,74.065,1347124
2023-08-17T04:00:00Z,74.395,74.41,73.865,74.025,1174554
2023-08-16T04:00:00Z,74.595,74.75,74.35,74.35,1216252
2023-08-15T04:00:00Z,74.66,74.78,74.55,74.555,881454
2023-08-14T04:00:00Z,74.71,74.93,74.565,74.83,732831
2023-08-11T04:00:00Z,74.645,74.85,74.595,74.79,519752
2023-08-10T04:00:00Z,75.19,75.35,74.74,74.93,1102949
2023-08-09T04:00:00Z,74.915,75.045,74.805,74.95,735091
2023-08-08T04:00:00Z,74.7,75,74.66,74.95,1163239
2023-08-07T04:00:00Z,74.79,74.83,74.605,74.79,521705
2023-08-04T04:00:00Z,74.62,74.94,74.57,74.64,974038
2023-08-03T04:00:00Z,74.195,74.35,74.09,74.22,781941
2023-08-02T04:00:00Z,74.455,74.515,74.26,74.46,1244884
2023-08-01T04:00:00Z,74.94,74.94,74.675,74.785,908122
2023-07-31T04:00:00Z,75.42,75.6,75.38,75.54,683647
2023-07-28T04:00:00Z,75.23,75.375,75.145,75.3,971999
2023-07-27T04:00:00Z,75.66,75.68,74.73,74.915,1269773
2023-07-26T04:00:00Z,75.145,75.55,75.135,75.485,472833
2023-07-25T04:00:00Z,75.17,75.265,75.065,75.17,688398
2023-07-24T04:00:00Z,75.43,75.53,75.22,75.23,358631
2023-07-21T04:00:00Z,75.285,75.49,75.205,75.36,825674
2023-07-20T04:00:00Z,75.24,75.285,74.985,75.18,906383
2023-07-19T04:00:00Z,75.57,75.65,75.47,75.5,732132
2023-07-18T04:00:00Z,75.28,75.55,75.28,75.44,714958
2023-07-17T04:00:00Z,75.03,75.355,75.01,75.245,625562
2023-07-14T04:00:00Z,75.59,75.62,75.055,75.13,906467
2023-07-13T04:00:00Z,75.525,75.725,75.41,75.61,1055950
2023-07-12T04:00:00Z,75.165,75.31,75.035,75.2,1803021
2023-07-11T04:00:00Z,74.385,74.595,74.295,74.58,780808
2023-07-10T04:00:00Z,73.91,74.3,73.91,74.215,1138700
2023-07-07T04:00:00Z,73.815,74.32,73.77,73.88,1041237
2023-07-06T04:00:00Z,73.77,73.855,73.585,73.785,1828734
2023-07-05T04:00:00Z,74.51,74.52,74.205,74.345,1246061
2023-07-03T04:00:00Z,74.66,74.66,74.525,74.59,269810
2023-06-30T04:00:00Z,74.92,75.24,74.895,75.09,898753
2023-06-29T04:00:00Z,74.61,74.72,74.445,74.71,911975
2023-06-28T04:00:00Z,74.49,74.91,74.42,74.91,867644
2023-06-27T04:00:00Z,74.38,74.55,74.29,74.47,730256
2023-06-26T04:00:00Z,74.195,74.33,74.09,74.23,801279
2023-06-23T04:00:00Z,74.21,74.255,74.015,74.12,849104
2023-06-22T04:00:00Z,74.34,74.475,74.305,74.335,598809
2023-06-21T04:00:00Z,74.57,74.685,74.395,74.54,603613
2023-06-20T04:00:00Z,74.795,74.915,74.73,74.74,841968
2023-06-16T04:00:00Z,75.095,75.095,74.9,74.93,918869
2023-06-15T04:00:00Z,74.9,75.14,74.82,75.115,859566
2023-06-14T04:00:00Z,74.75,74.99,74.415,74.775,847732
2023-06-13T04:00:00Z,74.85,74.94,74.625,74.74,979164
2023-06-12T04:00:00Z,74.79,74.795,74.48,74.68,485448
2023-06-09T04:00:00Z,74.765,74.86,74.69,74.71,653419
2023-06-08T04:00:00Z,74.26,74.74,74.26,74.7,672048
2023-06-07T04:00:00Z,74.69,74.79,74.14,74.25,784645
2023-06-06T04:00:00Z,74.44,74.655,74.325,74.63,500591
2023-06-05T04:00:00Z,74.515,74.535,74.35,74.535,547269
2023-06-02T04:00:00Z,74.37,74.765,74.31,74.56,1092330
2023-06-01T04:00:00Z,73.78,74.31,73.78,74.215,1015169
2023-05-31T04:00:00Z,74.145,74.23,73.955,74.135,1169181
2023-05-30T04:00:00Z,74.33,74.34,74.105,74.32,699075
2023-05-26T04:00:00Z,73.65,74.11,73.635,74,479880
2023-05-25T04:00:00Z,73.905,73.905,73.555,73.565,572610
2023-05-24T04:00:00Z,73.98,74.005,73.475,73.635,799868
2023-05-23T04:00:00Z,74.395,74.465,74.075,74.155,1457182
2023-05-22T04:00:00Z,74.265,74.665,74.26,74.52,916194
2023-05-19T04:00:00Z,74.25,74.36,74.075,74.2,679707
2023-05-18T04:00:00Z,73.88,74.18,73.825,74.13,521478
2023-05-17T04:00:00Z,74.01,74.335,73.94,74.08,860045
2023-05-16T04:00:00Z,74.135,74.24,73.81,73.9,1152578
2023-05-15T04:00:00Z,74.445,74.48,74.305,74.39,782239
2023-05-12T04:00:00Z,74.77,74.78,74.285,74.405,934871
2023-05-11T04:00:00Z,74.73,74.765,74.61,74.69,784635
2023-05-10T04:00:00Z,74.81,74.915,74.535,74.805,964087
2023-05-09T04:00:00Z,74.35,74.47,74.29,74.37,632926
2023-05-08T04:00:00Z,74.69,74.69,74.38,74.53,651675
2023-05-05T04:00:00Z,74.58,74.855,74.49,74.74,874557
2023-05-04T04:00:00Z,74.405,74.41,74.095,74.36,1155360
2023-05-03T04:00:00Z,74.725,75.02,74.56,74.585,649377
2023-05-02T04:00:00Z,74.645,74.735,74.37,74.64,1337870
2023-05-01T04:00:00Z,74.905,74.99,74.535,74.665,1172616
2023-04-28T04:00:00Z,75.12,75.475,75.12,75.38,580126
2023-04-27T04:00:00Z,74.99,75.24,74.8,75.025,719609
2023-04-26T04:00:00Z,75.04,75.115,74.685,74.79,610199
2023-04-25T04:00:00Z,75.14,75.295,75.01,75.06,710792
2023-04-24T04:00:00Z,75.08,75.255,74.965,75.22,499774
2023-04-21T04:00:00Z,74.975,75.025,74.7,74.99,528803
2023-04-20T04:00:00Z,74.565,74.875,74.565,74.78,651826
2023-04-19T04:00:00Z,74.85,74.98,74.785,74.845,477427
2023-04-18T04:00:00Z,75.27,75.35,74.985,75.115,526799
2023-04-17T04:00:00Z,75.125,75.15,74.815,75.08,562187
2023-04-14T04:00:00Z,75.37,75.545,75.085,75.27,709000
2023-04-13T04:00:00Z,75.06,75.615,75.06,75.44,1374257
2023-04-12T04:00:00Z,75.33,75.38,74.855,74.89,566467
2023-04-11T04:00:00Z,74.72,75.1,74.72,74.925,483181
2023-04-10T04:00:00Z,74.53,74.795,74.41,74.755,432570
2023-04-06T04:00:00Z,74.4,74.96,74.29,74.825,539532
2023-04-05T04:00:00Z,74.88,74.935,74.42,74.52,1087743
2023-04-04T04:00:00Z,75.085,75.255,74.855,74.915,1124928
2023-04-03T04:00:00Z,75.15,75.295,74.975,75.2,724047
2023-03-31T04:00:00Z,74.955,75.65,74.95,75.565,1048103
2023-03-30T04:00:00Z,74.43,74.75,74.275,74.725,843287
2023-03-29T04:00:00Z,73.715,74.31,73.715,74.28,711486
2023-03-28T04:00:00Z,73.23,73.475,73.145,73.385,1232337
2023-03-27T04:00:00Z,73.735,73.855,73.42,73.425,443644
2023-03-24T04:00:00Z,73.555,73.685,73.395,73.585,585627
2023-03-23T04:00:00Z,74.06,74.37,73.52,73.72,1019336
2023-03-22T04:00:00Z,73.9,74.78,73.715,74.015,806133
2023-03-21T04:00:00Z,73.72,74.075,73.495,73.97,1041380
2023-03-20T04:00:00Z,73.33,73.545,73.075,73.165,599732
2023-03-17T04:00:00Z,73.5,73.75,73.24,73.35,1276737
2023-03-16T04:00:00Z,73.05,73.945,73.025,73.88,1054931
2023-03-15T04:00:00Z,72.82,73.4,72.77,73.4,1401918
2023-03-14T04:00:00Z,73.65,73.905,73.275,73.595,1383470
2023-03-13T04:00:00Z,73.08,73.97,72.84,73.035,1404542
2023-03-10T05:00:00Z,73.5,73.95,73.175,73.435,1815588
2023-03-09T05:00:00Z,73.91,74.21,73.35,73.46,1295888
2023-03-08T05:00:00Z,74.23,74.35,73.69,73.855,1186040
2023-03-07T05:00:00Z,74.745,74.75,74.185,74.195,690445
2023-03-06T05:00:00Z,74.85,74.98,74.66,74.735,599939
2023-03-03T05:00:00Z,74.255,74.81,74.17,74.71,1458643
2023-03-02T05:00:00Z,73.51,74.045,73.51,73.95,1021657
2023-03-01T05:00:00Z,74.06,74.06,73.69,73.88,999449
2023-02-28T05:00:00Z,74.625,74.625,74.435,74.51,733573
2023-02-27T05:00:00Z,74.485,74.77,74.39,74.655,804799
2023-02-24T05:00:00Z,74.005,74.315,73.92,74.165,1018079
2023-02-23T05:00:00Z,74.23,74.73,74.13,74.62,919992
2023-02-22T05:00:00Z,73.625,74.18,73.625,73.905,1645942
2023-02-21T05:00:00Z,73.86,74.03,73.115,73.395,2109006
2023-02-17T05:00:00Z,74.095,74.68,73.89,74.54,1392532
2023-02-16T05:00:00Z,74.565,74.58,74.23,74.27,2227473
2023-02-15T05:00:00Z,74.645,74.88,74.58,74.87,1153333
2023-02-14T05:00:00Z,74.705,75.18,74.52,74.99,1057079
2023-02-13T05:00:00Z,74.85,75.21,74.75,74.98,1050140
2023-02-10T05:00:00Z,75.12,75.23,74.685,74.755,1876637
2023-02-09T05:00:00Z,76.065,76.09,75.295,75.36,918923
2023-02-08T05:00:00Z,76.03,76.155,75.69,75.86,884247
2023-02-07T05:00:00Z,75.805,76.345,75.795,76.17,1018738
2023-02-06T05:00:00Z,76.08,76.08,75.795,75.9,1064490
2023-02-03T05:00:00Z,76.62,76.855,76.33,76.38,1339497
2023-02-02T05:00:00Z,77.28,77.33,77.07,77.21,1104107
2023-02-01T05:00:00Z,75.98,76.975,75.875,76.76,1226693
2023-01-31T05:00:00Z,75.96,76.35,75.945,76.345,1176121
2023-01-30T05:00:00Z,75.9,76.025,75.72,75.74,771340
2023-01-27T05:00:00Z,76.245,76.36,76.05,76.14,797584
2023-01-26T05:00:00Z,76.38,76.46,76.09,76.415,844925
2023-01-25T05:00:00Z,75.905,76.28,75.885,76.205,636684
2023-01-24T05:00:00Z,75.935,76.245,75.885,76.205,548192
2023-01-23T05:00:00Z,76.01,76.365,75.99,76.13,565328
2023-01-20T05:00:00Z,75.995,76.17,75.75,76.165,623216
2023-01-19T05:00:00Z,76.2,76.3,75.95,76.025,800803
2023-01-18T05:00:00Z,76.855,77.07,76.455,76.475,1006582
2023-01-17T05:00:00Z,76.525,76.55,76.29,76.4,695677
2023-01-13T05:00:00Z,76.27,76.765,76.235,76.635,583454
2023-01-12T05:00:00Z,76.495,76.7,76.05,76.65,959339
2023-01-11T05:00:00Z,76,76.25,75.85,76.24,846981
2023-01-10T05:00:00Z,75.765,75.87,75.53,75.72,524529
2023-01-09T05:00:00Z,75.74,75.955,75.64,75.805,943135
2023-01-06T05:00:00Z,74.85,75.78,74.73,75.53,1171661
2023-01-05T05:00:00Z,74.345,74.535,74.18,74.5,843840
2023-01-04T05:00:00Z,74.265,74.655,73.99,74.605,933779
2023-01-03T05:00:00Z,74.115,74.18,73.685,73.775,769339
2022-12-30T05:00:00Z,73.35,73.67,73.285,73.63,485858
2022-12-29T05:00:00Z,72.91,73.615,72.755,73.6,1051415
2022-12-28T05:00:00Z,73.71,73.795,72.595,72.605,1382643
2022-12-27T05:00:00Z,74.27,74.27,73.58,73.62,832976
2022-12-23T05:00:00Z,74.07,74.45,73.95,74.39,249737
2022-12-22T05:00:00Z,74.355,74.47,73.925,74.195,1049456
2022-12-21T05:00:00Z,74.41,74.795,74.41,74.665,647100
2022-12-20T05:00:00Z,73.905,74.18,73.7,74.05,994254
2022-12-19T05:00:00Z,74.225,74.44,74.08,74.215,870400
2022-12-16T05:00:00Z,74.59,74.8,74.41,74.59,650979
2022-12-15T05:00:00Z,74.92,75.105,74.635,75.01,1152920
2022-12-14T05:00:00Z,76.05,76.205,75.22,75.695,1301095
2022-12-13T05:00:00Z,76.63,76.66,75.69,76.1,1227095
2022-12-12T05:00:00Z,75.23,75.4,75.095,75.33,822121
2022-12-09T05:00:00Z,74.84,75.32,74.84,75.05,707523
2022-12-08T05:00:00Z,75.03,75.14,74.805,75.025,763239
2022-12-07T05:00:00Z,74.575,75.07,74.57,74.965,470334
2022-12-06T05:00:00Z,74.875,74.99,74.44,74.56,855664
2022-12-05T05:00:00Z,75.27,75.28,74.695,74.85,765297
2022-12-02T05:00:00Z,75.005,75.585,74.985,75.53,630219
2022-12-01T05:00:00Z,75.59,75.66,75.18,75.585,948618
2022-11-30T05:00:00Z,74.53,75.69,74.395,75.66,971027
2022-11-29T05:00:00Z,74.185,74.6,74.085,74.525,581956
2022-11-28T05:00:00Z,74.775,74.925,74.2,74.23,909256
2022-11-25T05:00:00Z,75.17,75.17,74.895,75.02,218860
2022-11-23T05:00:00Z,74.7,75.295,74.68,75.16,1006525
2022-11-22T05:00:00Z,74.37,74.785,74.255,74.74,549105
2022-11-21T05:00:00Z,74.165,74.33,74.025,74.2,318668
2022-11-18T05:00:00Z,74.425,74.425,74.025,74.24,724060
2022-11-17T05:00:00Z,73.78,74.17,73.745,74.08,968590
2022-11-16T05:00:00Z,74.435,74.565,74.31,74.42,944381
2022-11-15T05:00:00Z,74.66,74.66,74.075,74.545,1536847
2022-11-14T05:00:00Z,74.28,74.28,73.87,73.88,947062
2022-11-11T05:00:00Z,74.2,74.685,73.985,74.44,624743
2022-11-10T05:00:00Z,73.97,74.265,73.5,74.165,1729862
2022-11-09T05:00:00Z,72.6,72.73,71.82,71.96,833520
2022-11-08T05:00:00Z,72.9,73.06,72.6,72.79,673160
2022-11-07T05:00:00Z,73.015,73.11,72.68,72.89,503104
2022-11-04T04:00:00Z,73.035,73.2,72.435,72.885,845052
2022-11-03T04:00:00Z,72.16,72.625,71.895,72.44,1010566
2022-11-02T04:00:00Z,73.55,74.245,72.885,72.905,1361436
2022-11-01T04:00:00Z,73.86,73.91,73.225,73.565,1058156
2022-10-31T04:00:00Z,74.08,74.105,73.43,73.43,1151415
2022-10-28T04:00:00Z,74.25,74.69,74.15,74.52,3014854
2022-10-27T04:00:00Z,73.66,74.135,73.37,73.98,939099
2022-10-26T04:00:00Z,73.01,73.705,72.96,73.44,726932
2022-10-25T04:00:00Z,72.83,73.245,72.83,73.23,735636
2022-10-24T04:00:00Z,72.52,72.725,72.17,72.57,631867
2022-10-21T04:00:00Z,71.64,72.565,71.56,72.46,1096630
2022-10-20T04:00:00Z,72.23,72.71,71.735,71.81,1075848
2022-10-19T04:00:00Z,72.43,72.63,72.005,72.22,730417
2022-10-18T04:00:00Z,73.12,73.27,72.585,72.9,828704
2022-10-17T04:00:00Z,72.16,72.59,72.145,72.37,820973
2022-10-14T04:00:00Z,72.16,72.355,71.33,71.5,936399
2022-10-13T04:00:00Z,70.46,71.91,70.425,71.71,1182703
2022-10-12T04:00:00Z,71.56,71.845,71.45,71.595,590943
2022-10-11T04:00:00Z,71.38,71.995,71.295,71.47,969318
2022-10-10T04:00:00Z,72.09,72.09,70.925,71.265,884151
2022-10-07T04:00:00Z,72.61,72.77,72.105,72.135,718504
2022-10-06T04:00:00Z,73.16,73.44,72.905,73.015,641233
2022-10-05T04:00:00Z,73.095,73.4,72.61,73.245,904516
2022-10-04T04:00:00Z,72.815,73.525,72.815,73.505,1112488
2022-10-03T04:00:00Z,71.63,72.125,71.47,71.95,1479962
2022-09-30T04:00:00Z,71.8,72.28,71.38,71.4,1600648
2022-09-29T04:00:00Z,71.915,71.95,71.335,71.73,1115681
2022-09-28T04:00:00Z,71.56,72.485,71.45,72.35,1463157
2022-09-27T04:00:00Z,71.88,71.915,71.02,71.14,881055
2022-09-26T04:00:00Z,71.88,72.18,71.265,71.29,1202593
2022-09-23T04:00:00Z,72.54,72.715,71.885,72.13,1339526
2022-09-22T04:00:00Z,73.275,73.37,72.8,73.05,1459059
2022-09-21T04:00:00Z,73.98,74.23,73.18,73.515,1415768
2022-09-20T04:00:00Z,73.96,74.055,73.67,73.725,988288
2022-09-19T04:00:00Z,73.87,74.485,73.85,74.48,974600
2022-09-16T04:00:00Z,73.45,74.195,73.38,74.19,1569112
2022-09-15T04:00:00Z,74.26,74.44,73.915,73.965,829431
2022-09-14T04:00:00Z,74.37,74.905,74.31,74.44,1126481
2022-09-13T04:00:00Z,74.98,75.165,74.28,74.325,1453665
2022-09-12T04:00:00Z,76.1,76.225,75.78,76.025,1041414
2022-09-09T04:00:00Z,76.005,76.16,75.635,75.79,793737
2022-09-08T04:00:00Z,74.83,75.545,74.78,75.485,730469
2022-09-07T04:00:00Z,74.19,75.19,74.19,75.185,864978
2022-09-06T04:00:00Z,74.315,74.345,73.87,74.145,990094
2022-09-02T04:00:00Z,74.93,75.065,74.23,74.345,751361
2022-09-01T04:00:00Z,73.96,74.41,73.61,74.36,1249491
2022-08-31T04:00:00Z,75.01,75.12,74.515,74.55,1158627
2022-08-30T04:00:00Z,75.64,75.66,74.71,74.99,2119666
2022-08-29T04:00:00Z,75.41,75.765,75.265,75.535,1169187
2022-08-26T04:00:00Z,77.015,77.02,75.74,75.82,1213645
2022-08-25T04:00:00Z,76.55,77.12,76.47,77.075,676470
2022-08-24T04:00:00Z,76.26,76.495,76.185,76.365,516477
2022-08-23T04:00:00Z,76.07,76.395,75.865,76.275,963125
2022-08-22T04:00:00Z,76.295,76.38,76.03,76.1,740735
2022-08-19T04:00:00Z,77.31,77.335,76.785,76.935,1240295
2022-08-18T04:00:00Z,77.8,77.87,77.685,77.735,543262
2022-08-17T04:00:00Z,77.88,78.03,77.595,77.61,999890
2022-08-16T04:00:00Z,78.635,78.635,78.255,78.475,703405
2022-08-15T04:00:00Z,78.8,79,78.655,78.78,466035
2022-08-12T04:00:00Z,78.475,78.97,78.31,78.92,560094
2022-08-11T04:00:00Z,79.13,79.31,78.14,78.24,1128597
2022-08-10T04:00:00Z,78.47,78.755,78.39,78.68,1306767
2022-08-09T04:00:00Z,77.95,77.95,77.495,77.555,1142845
2022-08-08T04:00:00Z,78.34,78.65,78.055,78.1,629052
2022-08-05T04:00:00Z,77.51,78.1,77.4,78.04,936001
2022-08-04T04:00:00Z,78.26,78.45,78.115,78.425,783982
2022-08-03T04:00:00Z,77.785,78.245,77.575,78.2,1326960
2022-08-02T04:00:00Z,77.78,77.85,77.505,77.54,788322
2022-08-01T04:00:00Z,77.545,78.065,77.535,77.905,818501
2022-07-29T04:00:00Z,77.895,78.345,77.795,78.175,855735
2022-07-28T04:00:00Z,77.59,78.02,77.235,77.97,1765711
2022-07-27T04:00:00Z,76.77,77.46,76.685,77.15,1101230
2022-07-26T04:00:00Z,76.705,76.71,76.285,76.34,961590
2022-07-25T04:00:00Z,76.95,77.08,76.655,76.865,840436
2022-07-22T04:00:00Z,77.24,77.5,76.655,76.86,1111541
2022-07-21T04:00:00Z,75.95,77.06,75.95,77,2152616
2022-07-20T04:00:00Z,76,76.62,75.89,76.095,2611050
2022-07-19T04:00:00Z,75.105,75.935,75.105,75.75,1032669
2022-07-18T04:00:00Z,75.68,75.71,74.69,74.755,996079
2022-07-15T04:00:00Z,74.84,75.495,74.775,75.455,1936921
2022-07-14T04:00:00Z,74.05,74.625,73.615,74.51,1975305
2022-07-13T04:00:00Z,73.99,74.905,73.92,74.705,1521666
2022-07-12T04:00:00Z,74.68,74.885,74.5,74.785,693782
2022-07-11T04:00:00Z,74.805,74.915,74.45,74.505,951635
2022-07-08T04:00:00Z,74.64,74.96,74.365,74.91,1155144
2022-07-07T04:00:00Z,74.11,74.88,74.06,74.845,1246478
2022-07-06T04:00:00Z,73.8,73.99,73.525,73.63,1296096
2022-07-05T04:00:00Z,73.51,73.975,73.04,73.93,2368679
2022-07-01T04:00:00Z,73.54,74.225,73.485,73.97,1408449
2022-06-30T04:00:00Z,73.32,73.82,73.06,73.62,2301139
2022-06-29T04:00:00Z,73.66,73.785,73.435,73.65,1113506
2022-06-28T04:00:00Z,74.73,74.75,73.75,73.78,1494904
2022-06-27T04:00:00Z,75.08,75.09,74.61,74.62,891482
2022-06-24T04:00:00Z,74.67,75.36,74.6,75.03,1288075
2022-06-23T04:00:00Z,74.16,74.57,74.075,74.545,1360485
2022-06-22T04:00:00Z,73.88,74.24,73.81,73.95,1152334
2022-06-21T04:00:00Z,74.5,74.66,73.935,74.065,1036600
2022-06-17T04:00:00Z,74.005,74.56,73.815,74.105,1457416
2022-06-16T04:00:00Z,73.85,74.14,73.225,73.78,1799084
2022-06-15T04:00:00Z,74.125,75.38,74.045,74.99,3194499
2022-06-14T04:00:00Z,73.51,74.225,73.05,73.57,2509852
2022-06-13T04:00:00Z,74.275,74.3,72.905,73.11,5062386
2022-06-10T04:00:00Z,76.165,76.165,75.28,75.6,2769363
2022-06-09T04:00:00Z,77.28,77.505,76.79,76.925,1808244
2022-06-08T04:00:00Z,77.995,78.035,77.49,77.555,958542
2022-06-07T04:00:00Z,77.75,78.315,77.74,78.235,1444152
2022-06-06T04:00:00Z,78.765,78.795,77.965,78.05,1274673
2022-06-03T04:00:00Z,78.785,78.83,78.52,78.6,1341853
2022-06-02T04:00:00Z,78.93,79.235,78.7,79.225,977290
2022-06-01T04:00:00Z,79.26,79.43,78.75,78.92,3034315
2022-05-31T04:00:00Z,79.72,79.86,79.32,79.505,3107152
2022-05-27T04:00:00Z,79.81,80.19,79.61,80.18,1733900
2022-05-26T04:00:00Z,78.68,79.515,78.55,79.46,2431476
2022-05-25T04:00:00Z,77.295,78.44,77.295,78.375,1461477
2022-05-24T04:00:00Z,76.59,77.26,76.59,77.195,1662676
2022-05-23T04:00:00Z,76.67,76.855,76.58,76.75,923804
2022-05-20T04:00:00Z,76.765,76.795,76.235,76.48,1544483
2022-05-19T04:00:00Z,75.95,76.66,75.9,76.545,1766942
2022-05-18T04:00:00Z,76.21,76.23,75.91,75.995,1422710
2022-05-17T04:00:00Z,76.825,76.825,76.44,76.63,1877400
2022-05-16T04:00:00Z,76.865,76.955,76.565,76.69,928964
2022-05-13T04:00:00Z,76.96,77.055,76.435,76.8,1565493
2022-05-12T04:00:00Z,76.65,76.97,76.395,76.715,1705860
2022-05-11T04:00:00Z,77.02,77.485,76.745,76.75,1164115
2022-05-10T04:00:00Z,77.37,77.485,76.855,77.215,1278347
2022-05-09T04:00:00Z,77.15,77.3,76.72,76.785,1643414
2022-05-06T04:00:00Z,77.62,77.995,77.415,77.605,1195086
2022-05-05T04:00:00Z,78.995,79.015,77.815,78.04,1490154
2022-05-04T04:00:00Z,78.59,79.65,78.09,79.385,1623876
2022-05-03T04:00:00Z,78.395,78.755,78.395,78.62,1275628
2022-05-02T04:00:00Z,78.215,78.295,77.835,78.21,935424
2022-04-29T04:00:00Z,79.125,79.25,78.49,78.51,1441976
2022-04-28T04:00:00Z,79.235,79.625,78.95,79.495,1215978
2022-04-27T04:00:00Z,79.53,79.665,78.995,79.065,1442632
2022-04-26T04:00:00Z,79.85,79.9,79.45,79.46,1034684
2022-04-25T04:00:00Z,79.28,79.995,79.27,79.94,1405221
2022-04-22T04:00:00Z,79.595,79.645,79.18,79.265,1066620
2022-04-21T04:00:00Z,80.505,80.525,79.67,79.74,1612071
2022-04-20T04:00:00Z,80.275,80.44,80.165,80.29,929704
2022-04-19T04:00:00Z,80.005,80.19,79.865,80.06,953373
2022-04-18T04:00:00Z,80.25,80.34,80.01,80.1,614047
2022-04-14T04:00:00Z,80.875,80.875,80.035,80.33,1888736
2022-04-13T04:00:00Z,80.405,80.88,80.395,80.79,1113913
2022-04-12T04:00:00Z,80.22,80.61,80.075,80.31,1586184
2022-04-11T04:00:00Z,80.015,80.065,79.585,79.725,1660656
2022-04-08T04:00:00Z,80.51,80.725,80.235,80.25,1611590
2022-04-07T04:00:00Z,80.9,81.025,80.725,80.74,1102821
2022-04-06T04:00:00Z,80.97,81.38,80.695,80.89,1924135
2022-04-05T04:00:00Z,82.415,82.465,81.475,81.49,2613799
2022-04-04T04:00:00Z,82.045,82.575,82.01,82.575,1220040
2022-04-01T04:00:00Z,81.84,82.025,81.66,81.96,1219156
2022-03-31T04:00:00Z,82.66,82.725,82.27,82.305,1041403
2022-03-30T04:00:00Z,82.66,82.7,82.39,82.6,1323338
2022-03-29T04:00:00Z,82.19,82.855,82.16,82.79,1899116
2022-03-28T04:00:00Z,81.3,81.845,81.285,81.845,1151723
2022-03-25T04:00:00Z,81.9,81.9,81.27,81.34,1467092
2022-03-24T04:00:00Z,81.72,81.93,81.525,81.905,765446
2022-03-23T04:00:00Z,81.88,82.005,81.595,81.74,1275484
2022-03-22T04:00:00Z,81.64,82.065,81.505,81.98,1492964
2022-03-21T04:00:00Z,82.375,82.42,81.42,81.6,2226816
2022-03-18T04:00:00Z,82.13,82.54,81.955,82.525,2119825
2022-03-17T04:00:00Z,81.81,82.265,81.8,82.26,2516954
2022-03-16T04:00:00Z,81,81.735,80.555,81.7,2363347
2022-03-15T04:00:00Z,80.11,80.755,80.11,80.56,1905809
2022-03-14T04:00:00Z,80.82,80.87,79.885,79.975,1942033
2022-03-11T05:00:00Z,81.61,81.645,80.865,80.93,1528439
2022-03-10T05:00:00Z,81.805,81.86,81.425,81.495,1841553
2022-03-09T05:00:00Z,82.01,82.32,81.85,82.2,1173966
2022-03-08T05:00:00Z,81.88,82.09,81.5,81.545,1937918
2022-03-07T05:00:00Z,82.395,82.405,81.755,81.805,1978589
2022-03-04T05:00:00Z,82.935,82.94,82.49,82.545,1330076
2022-03-03T05:00:00Z,83.46,83.495,83.08,83.08,940577
2022-03-02T05:00:00Z,83.06,83.36,82.94,83.33,2220250
2022-03-01T05:00:00Z,83.41,83.635,82.95,83.135,2407915
2022-02-28T05:00:00Z,83.25,83.87,83.25,83.685,2576458
2022-02-25T05:00:00Z,83.25,83.63,83.25,83.59,1782022
2022-02-24T05:00:00Z,81.9,83.18,81.86,83.14,2037058
2022-02-23T05:00:00Z,82.865,82.905,82.535,82.56,1282891
2022-02-22T05:00:00Z,82.82,83.05,82.6,82.715,976454
2022-02-18T05:00:00Z,82.73,82.99,82.625,82.87,1509986
2022-02-17T05:00:00Z,82.955,82.96,82.715,82.775,1387792
2022-02-16T05:00:00Z,82.62,83.175,82.55,83.135,1485690
2022-02-15T05:00:00Z,82.72,82.805,82.57,82.66,1300565
2022-02-14T05:00:00Z,82.655,82.825,82.225,82.51,1522565
2022-02-11T05:00:00Z,83.23,83.245,82.455,82.645,2582087
2022-02-10T05:00:00Z,83.52,83.825,82.94,82.99,2262567
2022-02-09T05:00:00Z,83.95,84.12,83.95,84.04,936191
2022-02-08T05:00:00Z,83.765,83.845,83.585,83.615,1732978
2022-02-07T05:00:00Z,83.545,83.86,83.445,83.7,1303867
2022-02-04T05:00:00Z,83.77,83.895,83.2,83.755,2506431
2022-02-03T05:00:00Z,84.54,84.54,84.095,84.1,1856170
2022-02-02T05:00:00Z,84.905,84.95,84.615,84.84,1103190
2022-02-01T05:00:00Z,84.665,84.775,84.37,84.74,1335271
2022-01-31T05:00:00Z,84.485,84.83,84.22,84.65,4009027
2022-01-28T05:00:00Z,84.275,84.685,83.96,84.67,2437119
2022-01-27T05:00:00Z,84.975,85.12,84.255,84.435,1658596
2022-01-26T05:00:00Z,85.465,85.66,84.705,84.82,2498495
2022-01-25T05:00:00Z,85.105,85.28,84.925,85.12,1875836
2022-01-24T05:00:00Z,85.11,85.405,84.78,85.36,3648115
2022-01-21T05:00:00Z,85.435,85.6,85.34,85.425,1870061
2022-01-20T05:00:00Z,85.74,85.965,85.415,85.45,1162359
2022-01-19T05:00:00Z,85.825,85.95,85.565,85.57,1296963
2022-01-18T05:00:00Z,85.825,85.83,85.61,85.685,1472637
2022-01-14T05:00:00Z,86.085,86.23,86.005,86.09,1139799
2022-01-13T05:00:00Z,86.455,86.495,86.145,86.195,1324483
2022-01-12T05:00:00Z,86.475,86.52,86.35,86.48,1039788
2022-01-11T05:00:00Z,85.975,86.33,85.745,86.33,1447211
2022-01-10T05:00:00Z,85.765,85.95,85.375,85.95,2267034
2022-01-07T05:00:00Z,86.065,86.065,85.86,85.87,1227544
2022-01-06T05:00:00Z,86.095,86.31,86.055,86.095,1384179
2022-01-05T05:00:00Z,86.775,86.775,86.085,86.095,1288426
2022-01-04T05:00:00Z,86.98,86.98,86.675,86.755,754734
2022-01-03T05:00:00Z,86.94,86.96,86.765,86.955,808426
2021-12-31T05:00:00Z,87.055,87.105,86.98,87,352516
2021-12-30T05:00:00Z,87.065,87.09,86.99,87.025,285327
2021-12-29T05:00:00Z,87.125,87.175,87.05,87.065,315349
2021-12-28T05:00:00Z,87.21,87.225,87.075,87.195,377316
2021-12-27T05:00:00Z,87.145,87.315,87.145,87.25,268786
2021-12-23T05:00:00Z,86.945,87.195,86.945,87.165,372074
2021-12-22T05:00:00Z,86.69,86.925,86.68,86.91,585549
2021-12-21T05:00:00Z,86.355,86.685,86.35,86.68,698032
2021-12-20T05:00:00Z,86.135,86.29,86.09,86.21,926085
2021-12-17T05:00:00Z,86.355,86.5,86.215,86.375,963001
2021-12-16T05:00:00Z,86.545,86.625,86.395,86.44,1469564
2021-12-15T05:00:00Z,86.49,86.835,86.345,86.815,856917
2021-12-14T05:00:00Z,86.505,86.58,86.335,86.495,935012
2021-12-13T05:00:00Z,86.635,86.71,86.555,86.61,632646
2021-12-10T05:00:00Z,86.59,86.66,86.53,86.65,660399
2021-12-09T05:00:00Z,86.765,86.78,86.44,86.45,734827
2021-12-08T05:00:00Z,86.755,86.86,86.675,86.84,769496
2021-12-07T05:00:00Z,86.705,87.07,86.64,86.86,1353570
2021-12-06T05:00:00Z,86.055,86.475,86.01,86.365,1383449
2021-12-03T05:00:00Z,86.035,86.1,85.83,86.005,1425762
2021-12-02T05:00:00Z,85.435,86.06,85.435,85.985,1686348
2021-12-01T05:00:00Z,85.755,85.935,85.325,85.365,1240339
2021-11-30T05:00:00Z,85.905,86.065,85.54,85.635,1103420
2021-11-29T05:00:00Z,85.78,86.125,85.77,86.005,903088
2021-11-26T05:00:00Z,85.6,85.62,85.35,85.47,1163201
2021-11-24T05:00:00Z,85.995,86.105,85.76,86.08,972155
2021-11-23T05:00:00Z,86.245,86.365,86.035,86.12,815848
2021-11-22T05:00:00Z,86.655,86.665,86.22,86.24,488912
2021-11-19T05:00:00Z,86.625,86.76,86.56,86.56,713332
2021-11-18T05:00:00Z,86.795,86.8,86.63,86.63,463146
2021-11-17T05:00:00Z,86.835,86.835,86.7,86.71,523868
2021-11-16T05:00:00Z,86.765,86.865,86.74,86.81,446308
2021-11-15T05:00:00Z,86.915,86.915,86.73,86.765,521504
2021-11-12T05:00:00Z,86.905,87.04,86.845,86.87,899439
2021-11-11T05:00:00Z,87.035,87.035,86.83,86.83,578910
2021-11-10T05:00:00Z,87.315,87.325,86.94,86.96,1244775
2021-11-09T05:00:00Z,87.385,87.45,87.28,87.45,558361
2021-11-08T05:00:00Z,87.585,87.6,87.34,87.37,356159
2021-11-05T04:00:00Z,87.295,87.52,87.25,87.51,903002
2021-11-04T04:00:00Z,87.01,87.17,87.005,87.16,804939
2021-11-03T04:00:00Z,86.735,86.955,86.695,86.925,734845
2021-11-02T04:00:00Z,86.575,86.835,86.575,86.755,689367
2021-11-01T04:00:00Z,86.735,86.775,86.55,86.58,715937
2021-10-29T04:00:00Z,87.015,87.045,86.935,86.94,817102
2021-10-28T04:00:00Z,87.025,87.15,87.025,87.14,305897
2021-10-27T04:00:00Z,87.11,87.12,86.935,86.935,415501
2021-10-26T04:00:00Z,87.095,87.2,87.025,87.025,554703
2021-10-25T04:00:00Z,86.95,87.06,86.77,87.005,712269
2021-10-22T04:00:00Z,87.02,87.055,86.805,86.845,615613
2021-10-21T04:00:00Z,87.275,87.29,86.995,87.04,462533
2021-10-20T04:00:00Z,87.225,87.285,87.19,87.265,384331
2021-10-19T04:00:00Z,87.19,87.25,87.13,87.23,687466
2021-10-18T04:00:00Z,87.03,87.18,86.995,87.18,328837
2021-10-15T04:00:00Z,87.385,87.385,87.17,87.22,960013
2021-10-14T04:00:00Z,87.055,87.38,87.035,87.365,829479
2021-10-13T04:00:00Z,86.71,86.88,86.565,86.875,566573
2021-10-12T04:00:00Z,86.615,86.765,86.58,86.655,757186
2021-10-11T04:00:00Z,86.755,86.805,86.49,86.515,365327
2021-10-08T04:00:00Z,87.01,87.035,86.77,86.77,824858
2021-10-07T04:00:00Z,87.135,87.295,86.96,87.035,760665
2021-10-06T04:00:00Z,86.845,87.04,86.77,87.01,930761
2021-10-05T04:00:00Z,87.13,87.215,87.03,87.055,401567
2021-10-04T04:00:00Z,87.335,87.375,87.085,87.11,731240
2021-10-01T04:00:00Z,87.365,87.48,87.15,87.39,835557
2021-09-30T04:00:00Z,87.635,87.67,87.385,87.505,1059555
2021-09-29T04:00:00Z,87.535,87.7,87.505,87.595,415874
2021-09-28T04:00:00Z,87.68,87.7,87.385,87.43,1199870
2021-09-27T04:00:00Z,87.745,87.89,87.73,87.86,348883
2021-09-24T04:00:00Z,87.955,88.015,87.865,87.91,480096
2021-09-23T04:00:00Z,88.045,88.16,87.97,88.04,658094
2021-09-22T04:00:00Z,87.955,88.075,87.86,88,656317
2021-09-21T04:00:00Z,87.82,87.88,87.68,87.85,511233
2021-09-20T04:00:00Z,87.55,87.81,87.55,87.7,1358858
2021-09-17T04:00:00Z,88.055,88.075,87.965,88.005,564948
2021-09-16T04:00:00Z,88.105,88.14,87.95,88.115,545599
2021-09-15T04:00:00Z,88.03,88.14,88.015,88.13,542725
2021-09-14T04:00:00Z,88.07,88.115,87.97,88.01,648502
2021-09-13T04:00:00Z,87.905,88.05,87.89,88.05,272199
2021-09-10T04:00:00Z,88.06,88.08,87.82,87.83,660567
2021-09-09T04:00:00Z,87.905,87.98,87.88,87.95,434108
2021-09-08T04:00:00Z,87.795,87.905,87.71,87.885,280609
2021-09-07T04:00:00Z,87.975,87.985,87.775,87.785,402486
2021-09-03T04:00:00Z,87.98,88.035,87.9,88.005,181695
2021-09-02T04:00:00Z,87.995,88.01,87.935,87.97,395990
2021-09-01T04:00:00Z,87.855,87.95,87.825,87.865,549547
2021-08-31T04:00:00Z,88.03,88.1,87.97,88.09,930293
2021-08-30T04:00:00Z,87.98,88.1,87.965,88.06,360939
2021-08-27T04:00:00Z,87.75,87.99,87.74,87.945,487029
2021-08-26T04:00:00Z,87.745,87.76,87.58,87.685,506979
2021-08-25T04:00:00Z,87.695,87.82,87.665,87.755,452093
2021-08-24T04:00:00Z,87.585,87.695,87.555,87.65,382042
2021-08-23T04:00:00Z,87.445,87.585,87.42,87.545,512918
2021-08-20T04:00:00Z,87.095,87.325,87.095,87.27,463883
2021-08-19T04:00:00Z,87.035,87.2,87.03,87.085,413252
2021-08-18T04:00:00Z,87.305,87.37,87.1,87.1,298960
2021-08-17T04:00:00Z,87.375,87.39,87.21,87.3,403375
2021-08-16T04:00:00Z,87.435,87.49,87.35,87.475,416621
2021-08-13T04:00:00Z,87.31,87.455,87.3,87.45,488721
2021-08-12T04:00:00Z,87.13,87.285,87.095,87.285,348849
2021-08-11T04:00:00Z,87.03,87.15,87.01,87.12,519378
2021-08-10T04:00:00Z,87.175,87.195,86.97,86.99,689628
2021-08-09T04:00:00Z,87.32,87.355,87.18,87.185,326448
2021-08-06T04:00:00Z,87.415,87.51,87.38,87.38,287009
2021-08-05T04:00:00Z,87.35,87.505,87.35,87.475,454868
2021-08-04T04:00:00Z,87.365,87.41,87.29,87.295,500535
2021-08-03T04:00:00Z,87.385,87.46,87.285,87.44,657217
2021-08-02T04:00:00Z,87.655,87.685,87.34,87.38,543907
2021-07-30T04:00:00Z,87.955,87.955,87.85,87.855,576855
2021-07-29T04:00:00Z,87.845,87.99,87.845,87.96,474188
2021-07-28T04:00:00Z,87.805,87.845,87.68,87.785,542263
2021-07-27T04:00:00Z,87.705,87.77,87.565,87.73,664683
2021-07-26T04:00:00Z,87.92,87.965,87.785,87.825,480728
2021-07-23T04:00:00Z,87.85,87.985,87.85,87.955,495533
2021-07-22T04:00:00Z,87.725,87.85,87.65,87.76,679746
2021-07-21T04:00:00Z,87.58,87.76,87.58,87.735,240575
2021-07-20T04:00:00Z,87.14,87.525,87.085,87.515,715247
2021-07-19T04:00:00Z,87.46,87.46,86.98,87.09,1843825
2021-07-16T04:00:00Z,87.815,87.815,87.64,87.665,418262
2021-07-15T04:00:00Z,87.79,87.82,87.715,87.8,538715
2021-07-14T04:00:00Z,87.805,87.875,87.74,87.845,291722
2021-07-13T04:00:00Z,87.905,87.955,87.71,87.715,564221
2021-07-12T04:00:00Z,87.99,88.015,87.89,87.955,366707
2021-07-09T04:00:00Z,87.875,88.02,87.875,88,362050
2021-07-08T04:00:00Z,87.865,87.925,87.79,87.845,494589
2021-07-07T04:00:00Z,88.075,88.1,87.935,88.01,400076
2021-07-06T04:00:00Z,88.05,88.08,87.945,88.035,410916
2021-07-02T04:00:00Z,87.945,88.065,87.93,88.05,474120
2021-07-01T04:00:00Z,87.815,87.915,87.81,87.91,617623
2021-06-30T04:00:00Z,87.985,88.06,87.96,88.02,367091
2021-06-29T04:00:00Z,87.94,88.015,87.93,87.995,240943
2021-06-28T04:00:00Z,87.955,87.965,87.865,87.91,435343
2021-06-25T04:00:00Z,87.88,87.95,87.835,87.935,497912
2021-06-24T04:00:00Z,87.74,87.84,87.705,87.835,336837
2021-06-23T04:00:00Z,87.63,87.75,87.625,87.625,559759
2021-06-22T04:00:00Z,87.555,87.66,87.525,87.65,263103
2021-06-21T04:00:00Z,87.495,87.6,87.455,87.585,494379
2021-06-18T04:00:00Z,87.315,87.445,87.295,87.405,550678
2021-06-17T04:00:00Z,87.455,87.495,87.385,87.465,563548
2021-06-16T04:00:00Z,87.515,87.565,87.265,87.42,583095
2021-06-15T04:00:00Z,87.445,87.565,87.445,87.53,418631
2021-06-14T04:00:00Z,87.56,87.575,87.49,87.55,474849
2021-06-11T04:00:00Z,87.625,87.69,87.55,87.635,393094
2021-06-10T04:00:00Z,87.505,87.655,87.46,87.595,465188
2021-06-09T04:00:00Z,87.465,87.49,87.4,87.44,400613
2021-06-08T04:00:00Z,87.395,87.405,87.31,87.355,415656
2021-06-07T04:00:00Z,87.315,87.345,87.265,87.305,338647
2021-06-04T04:00:00Z,87.24,87.305,87.175,87.265,723613
2021-06-03T04:00:00Z,87,87.225,86.995,87.095,469629
2021-06-02T04:00:00Z,87.15,87.27,87.125,87.245,496428
2021-06-01T04:00:00Z,87.045,87.16,87,87.14,498410
2021-05-28T04:00:00Z,87.335,87.345,87.185,87.185,539300
2021-05-27T04:00:00Z,87.36,87.375,87.2,87.21,457356
2021-05-26T04:00:00Z,87.215,87.265,87.165,87.255,234415
2021-05-25T04:00:00Z,87.26,87.28,87.135,87.205,431047
2021-05-24T04:00:00Z,87.16,87.305,87.11,87.21,557025
2021-05-21T04:00:00Z,87.08,87.125,86.93,87.08,544743
2021-05-20T04:00:00Z,86.715,87.315,86.68,86.955,1120468
2021-05-19T04:00:00Z,86.6,86.84,86.585,86.625,941183
2021-05-18T04:00:00Z,87.095,87.095,86.84,86.84,337697
2021-05-17T04:00:00Z,87.17,87.205,86.99,87.05,350742
2021-05-14T04:00:00Z,87.035,87.205,87.025,87.175,722926
2021-05-13T04:00:00Z,86.77,86.995,86.77,86.925,609689
2021-05-12T04:00:00Z,86.94,86.98,86.62,86.63,1182948
2021-05-11T04:00:00Z,86.895,87.085,86.815,87.05,906790
2021-05-10T04:00:00Z,87.35,87.365,87.135,87.14,501976
2021-05-07T04:00:00Z,87.34,87.405,87.245,87.32,481754
2021-05-06T04:00:00Z,87.32,87.33,87.155,87.245,462282
2021-05-05T04:00:00Z,87.2,87.315,87.09,87.3,362878
2021-05-04T04:00:00Z,87.125,87.14,86.97,87.135,486141
2021-05-03T04:00:00Z,87.235,87.31,87.185,87.19,305127
2021-04-30T04:00:00Z,87.395,87.49,87.345,87.455,599712
2021-04-29T04:00:00Z,87.525,87.535,87.355,87.455,419129
2021-04-28T04:00:00Z,87.235,87.45,87.17,87.39,497568
2021-04-27T04:00:00Z,87.375,87.375,87.22,87.22,513610
2021-04-26T04:00:00Z,87.39,87.475,87.29,87.315,399748
2021-04-23T04:00:00Z,87.23,87.44,87.215,87.365,390289
2021-04-22T04:00:00Z,87.29,87.325,87.14,87.145,839912
2021-04-21T04:00:00Z,86.995,87.275,86.99,87.275,550489
2021-04-20T04:00:00Z,87.045,87.13,86.96,87.025,622166
2021-04-19T04:00:00Z,87.215,87.29,87.12,87.17,566118
2021-04-16T04:00:00Z,87.525,87.525,87.3,87.3,1035047
2021-04-15T04:00:00Z,87.305,87.48,87.275,87.48,451638
2021-04-14T04:00:00Z,87.175,87.29,87.095,87.12,491250
2021-04-13T04:00:00Z,86.98,87.19,86.92,87.165,396222
2021-04-12T04:00:00Z,87.05,87.135,87.02,87.12,805063
2021-04-09T04:00:00Z,87.18,87.21,87.1,87.205,814998
2021-04-08T04:00:00Z,87.3,87.36,87.245,87.26,267617
2021-04-07T04:00:00Z,87.275,87.31,87.175,87.225,318545
2021-04-06T04:00:00Z,87.155,87.3,87.145,87.255,384160
2021-04-05T04:00:00Z,87.07,87.155,87.045,87.11,347079
2021-04-01T04:00:00Z,86.975,87.06,86.85,87.055,559127
2021-03-31T04:00:00Z,86.87,87.195,86.865,87.16,1094389
2021-03-30T04:00:00Z,86.835,86.875,86.74,86.765,590106
2021-03-29T04:00:00Z,86.82,87,86.7,86.965,797036
2021-03-26T04:00:00Z,86.775,86.925,86.575,86.915,693522
2021-03-25T04:00:00Z,86.485,86.645,86.36,86.645,931255
2021-03-24T04:00:00Z,86.52,86.79,86.51,86.54,952135
2021-03-23T04:00:00Z,86.38,86.49,86.25,86.48,765643
2021-03-22T04:00:00Z,86.205,86.515,86.155,86.39,1036357
2021-03-19T04:00:00Z,85.825,86.145,85.65,86.075,1014915
2021-03-18T04:00:00Z,86.055,86.165,85.715,85.755,1441317
2021-03-17T04:00:00Z,86.105,86.65,86.045,86.38,909454
2021-03-16T04:00:00Z,86.43,86.48,86.18,86.26,759888
2021-03-15T04:00:00Z,86.41,86.545,86.32,86.495,735948
2021-03-12T05:00:00Z,86.53,86.55,86.37,86.475,680326
2021-03-11T05:00:00Z,86.62,86.86,86.595,86.685,826680
2021-03-10T05:00:00Z,86.21,86.495,86.15,86.385,670724
2021-03-09T05:00:00Z,86.23,86.44,86.08,86.11,890855
2021-03-08T05:00:00Z,86.465,86.635,85.965,86,1092396
2021-03-05T05:00:00Z,86.5,86.72,86.105,86.605,1665214
2021-03-04T05:00:00Z,86.755,86.94,86.085,86.365,1466065
2021-03-03T05:00:00Z,86.855,86.9,86.66,86.7,960869
2021-03-02T05:00:00Z,87.135,87.155,86.935,86.95,567100
2021-03-01T05:00:00Z,86.66,87.16,86.565,87.1,1282933
2021-02-26T05:00:00Z,86.875,86.92,86.41,86.52,1228362
2021-02-25T05:00:00Z,87.325,87.42,86.625,86.73,1175870
2021-02-24T05:00:00Z,87.305,87.51,87.25,87.505,428304
2021-02-23T05:00:00Z,87.175,87.505,87.01,87.455,973134
2021-02-22T05:00:00Z,87.34,87.455,87.23,87.235,440081
2021-02-19T05:00:00Z,87.585,87.615,87.485,87.505,782633
2021-02-18T05:00:00Z,87.465,87.58,87.4,87.49,886661
2021-02-17T05:00:00Z,87.48,87.595,87.44,87.59,713536
2021-02-16T05:00:00Z,87.715,87.73,87.57,87.59,401877
2021-02-12T05:00:00Z,87.565,87.79,87.55,87.775,445781
2021-02-11T05:00:00Z,87.65,87.665,87.54,87.635,472603
2021-02-10T05:00:00Z,87.615,87.67,87.475,87.6,699935
2021-02-09T05:00:00Z,87.655,87.715,87.575,87.595,357004
2021-02-08T05:00:00Z,87.575,87.765,87.565,87.765,329893
2021-02-05T05:00:00Z,87.64,87.64,87.475,87.515,492801
2021-02-04T05:00:00Z,87.35,87.465,87.315,87.395,550606
2021-02-03T05:00:00Z,87.225,87.36,87.175,87.215,796767
2021-02-02T05:00:00Z,87.155,87.255,87.095,87.16,561377
2021-02-01T05:00:00Z,86.81,86.97,86.655,86.91,703610
2021-01-29T05:00:00Z,87.125,87.36,86.895,86.965,909454
2021-01-28T05:00:00Z,87.17,87.49,87.155,87.195,877271
2021-01-27T05:00:00Z,87.03,87.21,86.81,86.98,1115108
2021-01-26T05:00:00Z,87.275,87.33,87.185,87.195,523540
2021-01-25T05:00:00Z,87.31,87.335,87.045,87.305,631930
2021-01-22T05:00:00Z,87.265,87.37,87.185,87.305,492896
2021-01-21T05:00:00Z,87.47,87.57,87.38,87.46,504053
2021-01-20T05:00:00Z,87.58,87.595,87.37,87.515,699500
2021-01-19T05:00:00Z,87.33,87.365,87.145,87.335,751094
2021-01-15T05:00:00Z,87.16,87.265,87.05,87.08,748053
2021-01-14T05:00:00Z,87.3,87.375,87.22,87.245,459876
2021-01-13T05:00:00Z,86.99,87.31,86.99,87.26,732829
2021-01-12T05:00:00Z,86.865,87.06,86.795,87.03,627330
2021-01-11T05:00:00Z,87.045,87.17,86.895,86.915,1368338
2021-01-08T05:00:00Z,87.35,87.375,87.145,87.365,1815485
2021-01-07T05:00:00Z,87.155,87.365,87.135,87.255,1132211
2021-01-06T05:00:00Z,87.095,87.335,86.975,86.99,706696
2021-01-05T05:00:00Z,87.01,87.25,86.985,87.14,750190
2021-01-04T05:00:00Z,87.375,87.375,86.875,87.11,905640
2020-12-31T05:00:00Z,87.195,87.34,87.17,87.3,445773
2020-12-30T05:00:00Z,87.15,87.275,87.125,87.215,301196
2020-12-29T05:00:00Z,87.305,87.305,87.04,87.07,426218
2020-12-28T05:00:00Z,87.215,87.23,87.045,87.15,630931
2020-12-24T05:00:00Z,86.945,87.05,86.945,87.04,337222
2020-12-23T05:00:00Z,86.605,86.9,86.605,86.835,400781
2020-12-22T05:00:00Z,86.395,86.53,86.385,86.495,534590
2020-12-21T05:00:00Z,86.365,86.54,86.235,86.4,1010011
2020-12-18T05:00:00Z,86.66,86.715,86.55,86.67,702130
2020-12-17T05:00:00Z,86.59,86.675,86.525,86.605,554050
2020-12-16T05:00:00Z,86.93,86.96,86.6,86.84,845075
2020-12-15T05:00:00Z,86.8,86.99,86.69,86.975,357987
2020-12-14T05:00:00Z,86.82,86.87,86.6,86.685,389296
2020-12-11T05:00:00Z,86.75,86.85,86.54,86.685,356105
2020-12-10T05:00:00Z,86.5,86.875,86.46,86.76,450899
2020-12-09T05:00:00Z,86.84,86.84,86.495,86.61,618367
2020-12-08T05:00:00Z,86.785,86.85,86.705,86.75,326996
2020-12-07T05:00:00Z,86.79,86.8,86.68,86.795,526954
2020-12-04T05:00:00Z,86.68,86.895,86.655,86.865,373728
2020-12-03T05:00:00Z,86.535,86.7,86.48,86.49,675038
2020-12-02T05:00:00Z,86.23,86.55,86.15,86.45,613697
2020-12-01T05:00:00Z,86.26,86.39,86.18,86.19,641698
2020-11-30T05:00:00Z,86.41,86.41,86.155,86.335,781649
2020-11-27T05:00:00Z,86.435,86.5,86.385,86.415,176317
2020-11-25T05:00:00Z,86.29,86.42,86.195,86.275,499572
2020-11-24T05:00:00Z,86.39,86.52,86.215,86.305,641519
2020-11-23T05:00:00Z,86.14,86.195,85.965,86.06,784268
2020-11-20T05:00:00Z,85.99,86.015,85.855,85.92,834859
2020-11-19T05:00:00Z,85.7,86.13,85.655,86.075,482881
2020-11-18T05:00:00Z,86.06,86.135,85.77,85.78,380456
2020-11-17T05:00:00Z,85.79,86.105,85.715,85.95,665016
2020-11-16T05:00:00Z,85.895,85.955,85.7,85.91,711232
2020-11-13T05:00:00Z,85.285,85.52,85.265,85.47,656872
2020-11-12T05:00:00Z,85.64,85.64,85.16,85.17,789971
2020-11-11T05:00:00Z,85.87,85.87,85.635,85.73,382222
2020-11-10T05:00:00Z,85.81,86.055,84.745,85.775,967399
2020-11-09T05:00:00Z,86.83,86.87,85.845,85.85,1527050
2020-11-06T05:00:00Z,85.56,85.58,85.115,85.27,1827406
2020-11-05T05:00:00Z,85.67,85.865,85.415,85.53,1567190
2020-11-04T05:00:00Z,84.68,85.41,84.68,85.225,2025619
2020-11-03T05:00:00Z,83.91,84.42,83.905,84.395,834019
2020-11-02T05:00:00Z,83.705,83.845,83.5,83.71,812668
2020-10-30T04:00:00Z,83.69,83.915,83.435,83.885,890482
2020-10-29T04:00:00Z,83.38,83.73,83.275,83.7,1023631
2020-10-28T04:00:00Z,83.605,83.715,83.32,83.465,1390577
2020-10-27T04:00:00Z,84.155,84.33,84.125,84.165,475217
2020-10-26T04:00:00Z,84.6,84.615,84.09,84.15,949551
2020-10-23T04:00:00Z,84.895,84.92,84.665,84.855,297312
2020-10-22T04:00:00Z,84.66,84.83,84.455,84.735,319334
2020-10-21T04:00:00Z,84.63,84.795,84.535,84.6,404885
2020-10-20T04:00:00Z,84.56,84.76,84.49,84.615,528248
2020-10-19T04:00:00Z,84.76,84.855,84.305,84.335,400786
2020-10-16T04:00:00Z,84.83,84.935,84.52,84.625,669244
2020-10-15T04:00:00Z,84.4,84.775,84.325,84.735,494394
2020-10-14T04:00:00Z,84.895,85.02,84.72,84.8,496982
2020-10-13T04:00:00Z,85.195,85.25,84.93,85,500183
2020-10-12T04:00:00Z,85.185,85.47,85.135,85.37,225646
2020-10-09T04:00:00Z,84.89,85.015,84.765,84.935,622099
2020-10-08T04:00:00Z,84.765,84.785,84.655,84.755,481672
2020-10-07T04:00:00Z,84.525,84.63,84.475,84.57,536604
2020-10-06T04:00:00Z,84.485,84.75,84.225,84.26,852808
2020-10-05T04:00:00Z,83.97,84.475,83.92,84.44,426064
2020-10-02T04:00:00Z,83.47,83.87,83.47,83.815,521079
2020-10-01T04:00:00Z,83.775,83.885,83.7,83.815,608254
2020-09-30T04:00:00Z,83.605,84.03,83.605,83.9,690109
2020-09-29T04:00:00Z,83.55,83.61,83.295,83.545,399938
2020-09-28T04:00:00Z,83.345,83.615,83.21,83.49,619836
2020-09-25T04:00:00Z,82.94,83.16,82.77,82.945,762840
2020-09-24T04:00:00Z,82.875,83.335,82.6,83.12,969086
2020-09-23T04:00:00Z,83.925,83.935,82.965,83.055,861458
2020-09-22T04:00:00Z,83.665,83.945,83.525,83.885,726786
2020-09-21T04:00:00Z,83.97,84.01,83.38,83.615,1073694
2020-09-18T04:00:00Z,84.635,84.65,84.255,84.305,701940
2020-09-17T04:00:00Z,84.32,84.655,84.245,84.525,632734
2020-09-16T04:00:00Z,84.63,84.97,84.51,84.575,834643
2020-09-15T04:00:00Z,84.59,84.715,84.44,84.58,406753
2020-09-14T04:00:00Z,84.595,84.695,84.275,84.375,928323
2020-09-11T04:00:00Z,84.36,84.485,84.1,84.465,382129
2020-09-10T04:00:00Z,84.775,84.825,84.255,84.285,637869
2020-09-09T04:00:00Z,84.345,84.74,84.26,84.645,606174
2020-09-08T04:00:00Z,84.13,84.395,83.915,84.005,588320
2020-09-04T04:00:00Z,84.785,84.93,83.98,84.53,572286
2020-09-03T04:00:00Z,85.07,85.09,84.39,84.76,612603
2020-09-02T04:00:00Z,85.2,85.39,84.945,85.255,466527
2020-09-01T04:00:00Z,84.745,85.23,84.655,85.175,502583
2020-08-31T04:00:00Z,85.13,85.195,84.985,85.045,444127
2020-08-28T04:00:00Z,85.16,85.265,85.105,85.115,249182
2020-08-27T04:00:00Z,85.305,85.345,84.905,85.07,365228
2020-08-26T04:00:00Z,85.245,85.365,85.175,85.195,402934
2020-08-25T04:00:00Z,85.135,85.275,84.915,85.21,332293
2020-08-24T04:00:00Z,84.94,85.17,84.89,85.135,293038
2020-08-21T04:00:00Z,84.74,84.805,84.625,84.73,627549
2020-08-20T04:00:00Z,84.33,84.745,84.33,84.745,610558
2020-08-19T04:00:00Z,84.675,84.785,84.39,84.48,341493
2020-08-18T04:00:00Z,84.615,84.765,84.425,84.71,282306
2020-08-17T04:00:00Z,84.17,84.615,84.16,84.575,276860
2020-08-14T04:00:00Z,84.21,84.285,83.92,84.07,384230
2020-08-13T04:00:00Z,84.49,84.805,84.16,84.225,548629
2020-08-12T04:00:00Z,84.86,85.015,84.48,84.485,324437
2020-08-11T04:00:00Z,85.21,85.26,84.405,84.44,373563
2020-08-10T04:00:00Z,85.27,85.29,85.05,85.215,349250
2020-08-07T04:00:00Z,85.34,85.34,85.065,85.185,325957
2020-08-06T04:00:00Z,85.19,85.395,85.125,85.375,245267
2020-08-05T04:00:00Z,85.02,85.23,85.01,85.165,350215
2020-08-04T04:00:00Z,84.94,85.065,84.805,85.055,401593
2020-08-03T04:00:00Z,85.1,85.1,84.86,85.07,417244
2020-07-31T04:00:00Z,85.195,85.4,84.9,85.385,690263
2020-07-30T04:00:00Z,84.77,85.27,84.76,85.22,1363836
2020-07-29T04:00:00Z,84.805,85.11,84.77,85.05,434112
2020-07-28T04:00:00Z,84.76,84.785,84.51,84.57,353542
2020-07-27T04:00:00Z,84.63,84.815,84.515,84.81,296849
