2024-06-14T04:00:00Z,30.29,30.55,30.25,30.47,1062007
2024-06-13T04:00:00Z,30.365,30.575,30.145,30.455,1099694
2024-06-12T04:00:00Z,31.44,31.47,30.39,30.76,945416
2024-06-11T04:00:00Z,30.77,31.025,30.535,30.92,416173
2024-06-10T04:00:00Z,30.55,30.95,30.29,30.93,420646
2024-06-07T04:00:00Z,30.22,30.78,30.215,30.78,350648
2024-06-06T04:00:00Z,30.53,30.56,30.16,30.42,369843
2024-06-05T04:00:00Z,30.24,30.835,30.015,30.79,621046
2024-06-04T04:00:00Z,30.71,30.715,29.95,30.015,615820
2024-06-03T04:00:00Z,31.015,31.055,30.055,30.31,371591
2024-05-31T04:00:00Z,30.21,30.955,29.95,30.89,702077
2024-05-30T04:00:00Z,30.24,30.495,30.07,30.16,499654
2024-05-29T04:00:00Z,30.465,30.65,30.11,30.14,418069
2024-05-28T04:00:00Z,30.935,31.36,30.66,31.08,544028
2024-05-24T04:00:00Z,30.225,31.005,30.14,30.735,623375
2024-05-23T04:00:00Z,31.445,31.54,29.875,30.1,1307492
2024-05-22T04:00:00Z,31.89,32.045,31.1,31.445,773911
2024-05-21T04:00:00Z,32,32.22,31.625,31.745,374239
2024-05-20T04:00:00Z,31.845,32.41,31.815,32.12,756527
2024-05-17T04:00:00Z,32.055,32.105,31.59,31.85,1779543
2024-05-16T04:00:00Z,31.625,32.26,31.525,32.05,1721632
2024-05-15T04:00:00Z,31.37,31.37,30.815,31.28,497774
2024-05-14T04:00:00Z,30.675,31.11,30.66,31.04,617633
2024-05-13T04:00:00Z,30.045,31.125,30.03,30.495,1298789
2024-05-10T04:00:00Z,30.31,30.455,29.845,29.85,738531
2024-05-09T04:00:00Z,29.925,30.38,29.81,30.08,1193403
2024-05-08T04:00:00Z,29.95,30.15,29.735,29.99,1738295
2024-05-07T04:00:00Z,31.095,31.435,30.61,30.665,649025
2024-05-06T04:00:00Z,31.115,31.195,30.73,30.98,537384
2024-05-03T04:00:00Z,31.01,31.05,30.7,30.885,490372
2024-05-02T04:00:00Z,30.605,30.65,30.19,30.51,1191612
2024-05-01T04:00:00Z,30.1,31.025,30.04,30.36,1215580
2024-04-30T04:00:00Z,31.01,31.175,30.42,30.45,1060310
2024-04-29T04:00:00Z,31.825,31.825,31.07,31.35,2515856
2024-04-26T04:00:00Z,31.72,32.235,30.65,31.88,1923140
2024-04-25T04:00:00Z,34.53,35.285,34.53,35.14,1542938
2024-04-24T04:00:00Z,34.8,35.17,34.35,34.49,864278
2024-04-23T04:00:00Z,34.33,34.595,34.2,34.26,670232
2024-04-22T04:00:00Z,34.355,34.56,34.075,34.4,601330
2024-04-19T04:00:00Z,34.81,35.06,34.18,34.2,1364855
2024-04-18T04:00:00Z,35.41,35.65,34.775,35.04,810644
2024-04-17T04:00:00Z,36.08,36.11,35.38,35.66,684067
2024-04-16T04:00:00Z,36.415,36.505,35.77,36.205,448245
2024-04-15T04:00:00Z,36.03,36.7,35.905,36.32,896424
2024-04-12T04:00:00Z,36.65,36.685,35.61,35.69,1616841
2024-04-11T04:00:00Z,37.31,37.665,37.08,37.59,1125751
2024-04-10T04:00:00Z,37.89,38.2,37.035,37.2,930583
2024-04-09T04:00:00Z,38.07,38.575,37.33,38.31,2161779
2024-04-08T04:00:00Z,38.62,38.86,37.91,37.96,1332353
2024-04-05T04:00:00Z,39.28,39.39,38.51,38.69,1341638
2024-04-04T04:00:00Z,40.68,40.77,39.7,39.73,1028534
2024-04-03T04:00:00Z,41.35,41.64,40.22,40.35,1637665
2024-04-02T04:00:00Z,43.965,44.065,43.505,43.96,642045
2024-04-01T04:00:00Z,44.28,45.4,44.18,44.5,542144
2024-03-28T04:00:00Z,43.76,44.595,43.73,44.135,1576039
2024-03-27T04:00:00Z,42.66,43.83,42.56,43.77,1067324
2024-03-26T04:00:00Z,41.92,42.26,41.66,42,561692
2024-03-25T04:00:00Z,40.82,42.21,40.57,41.8,794866
2024-03-22T04:00:00Z,42.21,42.795,42.09,42.55,430811
2024-03-21T04:00:00Z,42.99,43.595,42.32,42.4,855958
2024-03-20T04:00:00Z,42.99,42.99,41.41,42.18,1647722
2024-03-19T04:00:00Z,42.27,42.29,41.45,42.04,936239
2024-03-18T04:00:00Z,43.05,43.36,42.6,42.7,389350
2024-03-15T04:00:00Z,42.48,43.15,42.36,42.68,698620
2024-03-14T04:00:00Z,43.225,43.34,42.51,42.78,941867
2024-03-13T04:00:00Z,44.625,44.98,43.2,43.24,1079502
2024-03-12T04:00:00Z,44.98,45.265,44.465,45.19,511883
2024-03-11T04:00:00Z,43.705,44.925,43.68,44.86,668259
2024-03-08T05:00:00Z,46.47,46.61,44,44.01,759461
2024-03-07T05:00:00Z,45.64,46.415,45.215,46.14,898061
2024-03-06T05:00:00Z,43.975,45.5,43.56,44.5,961995
2024-03-05T05:00:00Z,44.42,44.86,42.7,43.16,1602975
2024-03-04T05:00:00Z,44.27,46.6,43.85,45.61,878010
2024-03-01T05:00:00Z,43.43,44.265,43.145,43.83,939466
2024-02-29T05:00:00Z,42.43,43.15,42.36,43.01,688550
2024-02-28T05:00:00Z,42.4,42.4,41.91,42.005,406097
2024-02-27T05:00:00Z,43.19,43.21,42.515,42.74,423671
2024-02-26T05:00:00Z,43.49,43.665,42.84,42.97,401011
2024-02-23T05:00:00Z,43.12,43.5,42.67,42.97,530495
2024-02-22T05:00:00Z,44.65,44.65,42.54,42.95,972329
2024-02-21T05:00:00Z,44.475,44.65,43.08,43.48,987874
2024-02-20T05:00:00Z,44.29,45.16,43.425,44.54,770614
2024-02-16T05:00:00Z,43.93,44.2,43.14,43.52,532630
2024-02-15T05:00:00Z,44.75,45.27,44.03,44.06,831401
2024-02-14T05:00:00Z,43.815,44.29,43.41,44.22,530864
2024-02-13T05:00:00Z,43,43.615,42.765,43.185,629787
2024-02-12T05:00:00Z,43.33,45.03,43.33,44.045,611333
2024-02-09T05:00:00Z,42.52,43.5,42.395,43.315,1053508
2024-02-08T05:00:00Z,42.83,42.93,42.335,42.525,496584
2024-02-07T05:00:00Z,42.88,43.09,42.555,42.79,568304
2024-02-06T05:00:00Z,42.695,42.775,42.155,42.765,558041
2024-02-05T05:00:00Z,42.62,43.145,42.435,42.76,468145
2024-02-02T05:00:00Z,43.085,43.12,41.605,42.59,1034539
2024-02-01T05:00:00Z,43.21,43.565,42.5,43.385,943879
2024-01-31T05:00:00Z,42.56,43.775,42.375,43.085,2624197
2024-01-30T05:00:00Z,43.63,43.81,42.89,42.915,1220708
2024-01-29T05:00:00Z,43.705,43.97,42.815,43.82,1156480
2024-01-26T05:00:00Z,44.01,45.4,43.35,43.625,3162603
2024-01-25T05:00:00Z,50.005,50.295,48.98,49.61,1102187
2024-01-24T05:00:00Z,49.19,49.765,48.27,49.08,1138757
2024-01-23T05:00:00Z,48.08,48.935,47.335,48.88,845502
2024-01-22T05:00:00Z,48.86,49.15,47.645,48.23,585554
2024-01-19T05:00:00Z,46.91,48.755,46.45,48.125,1095621
2024-01-18T05:00:00Z,47.06,47.57,46.18,46.715,1068559
2024-01-17T05:00:00Z,46.325,46.335,45.65,46.05,1065593
2024-01-16T05:00:00Z,47.05,47.21,46.39,47.05,1014582
2024-01-12T05:00:00Z,47.45,47.595,46.615,47.1,493233
2024-01-11T05:00:00Z,47.55,47.82,46.73,47.64,708409
2024-01-10T05:00:00Z,48.27,48.27,46.95,47.47,873368
2024-01-09T05:00:00Z,48.04,48.56,47.83,48.05,463639
2024-01-08T05:00:00Z,47.07,48.75,46.98,48.43,819294
2024-01-05T05:00:00Z,47.03,47.825,46.65,46.89,523729
2024-01-04T05:00:00Z,45.75,47.15,45.25,46.87,934578
2024-01-03T05:00:00Z,47.105,47.805,46.82,47.06,577497
2024-01-02T05:00:00Z,49.23,49.32,47.46,47.82,656999
2023-12-29T05:00:00Z,50.335,50.54,49.775,50.26,426718
2023-12-28T05:00:00Z,50.8,50.835,50.165,50.42,364351
2023-12-27T05:00:00Z,50.66,51.27,50.19,50.8,586890
2023-12-26T05:00:00Z,48.88,50.51,48.72,50.51,711421
2023-12-22T05:00:00Z,47.33,48.155,47.205,48.025,443709
2023-12-21T05:00:00Z,46.48,47.11,46.025,47.06,454573
2023-12-20T05:00:00Z,46.66,46.94,45.71,45.75,511876
2023-12-19T05:00:00Z,45.57,46.68,45.57,46.66,410287
2023-12-18T05:00:00Z,46.16,46.2,45.405,45.705,556421
2023-12-15T05:00:00Z,45.875,47.265,45.755,46.13,1027966
2023-12-14T05:00:00Z,45.005,47.065,44.66,45.22,1788325
2023-12-13T05:00:00Z,44.08,44.72,43.34,44.58,591481
2023-12-12T05:00:00Z,44.36,44.42,43.64,44.06,619553
2023-12-11T05:00:00Z,43.14,44.725,43.12,44.56,1029133
2023-12-08T05:00:00Z,41.89,42.955,41.89,42.71,552846
2023-12-07T05:00:00Z,41.73,42.43,41.19,42.12,648855
2023-12-06T05:00:00Z,42.5,42.59,41.175,41.28,518040
2023-12-05T05:00:00Z,41.95,42.285,41.61,41.94,571147
2023-12-04T05:00:00Z,43.27,43.29,41.69,42.34,990286
2023-12-01T05:00:00Z,44.33,44.335,42.875,43.73,849704
2023-11-30T05:00:00Z,44.645,45.09,44.42,44.725,690406
2023-11-29T05:00:00Z,44.605,45.34,44.605,44.93,531126
2023-11-28T05:00:00Z,43.68,44.38,43.67,44.21,447156
2023-11-27T05:00:00Z,43.71,44.535,43.71,44.09,540541
2023-11-24T05:00:00Z,43.78,44,43.61,43.97,243170
2023-11-22T05:00:00Z,44.155,44.61,43.54,43.66,618720
2023-11-21T05:00:00Z,44.61,44.65,43.31,43.68,685712
2023-11-20T05:00:00Z,43.835,44.92,43.795,44.74,1060307
2023-11-17T05:00:00Z,42.89,43.8,42.56,43.8,1254500
2023-11-16T05:00:00Z,41.005,43.39,40.85,43.36,2088089
2023-11-15T05:00:00Z,39.615,40.83,39.6,40.63,1615924
2023-11-14T05:00:00Z,38.83,39.485,38.07,39.43,1337510
2023-11-13T05:00:00Z,38.31,38.56,38.145,38.24,672073
2023-11-10T05:00:00Z,38.38,38.99,38.26,38.855,828359
2023-11-09T05:00:00Z,38.035,38.51,37.775,37.82,746399
2023-11-08T05:00:00Z,38.89,38.89,37.755,37.92,708646
2023-11-07T05:00:00Z,38.2,38.895,38,38.775,615607
2023-11-06T05:00:00Z,38.02,38.19,37.875,37.95,442898
2023-11-03T04:00:00Z,37.97,38.32,37.675,38.125,604374
2023-11-02T04:00:00Z,37.55,37.82,36.92,37.695,1227113
2023-11-01T04:00:00Z,36.52,37.315,36.29,37.27,1119873
2023-10-31T04:00:00Z,35.69,36.565,35.64,36.49,1489288
2023-10-30T04:00:00Z,35.49,35.955,34.92,35.67,1230611
2023-10-27T04:00:00Z,34.645,36.38,34.63,35.56,3774338
2023-10-26T04:00:00Z,32.87,33.215,32.15,32.51,1480094
2023-10-25T04:00:00Z,34.18,34.42,32.555,32.85,1307222
2023-10-24T04:00:00Z,33.74,34.705,33.705,34.595,1316413
2023-10-23T04:00:00Z,34.655,35.18,33.395,33.87,1683724
2023-10-20T04:00:00Z,35.68,36.275,34.875,34.91,785856
2023-10-19T04:00:00Z,35.965,36.355,35.52,35.65,746488
2023-10-18T04:00:00Z,35.55,36.015,35.45,35.65,494202
2023-10-17T04:00:00Z,35.92,36.345,35.07,36.065,655103
2023-10-16T04:00:00Z,36.14,36.92,36.1,36.54,700939
2023-10-13T04:00:00Z,36.735,36.75,35.86,36,531295
2023-10-12T04:00:00Z,36.82,37.215,36.4,36.85,504363
2023-10-11T04:00:00Z,36.62,37,36.385,36.875,482947
2023-10-10T04:00:00Z,36.06,36.735,35.86,36.43,518638
2023-10-09T04:00:00Z,35.71,36.17,35.505,36.07,448720
2023-10-06T04:00:00Z,35.89,36.46,35.18,36.175,638138
2023-10-05T04:00:00Z,36,36.075,35.61,35.89,476482
2023-10-04T04:00:00Z,36.49,36.51,35.33,35.9,866281
2023-10-03T04:00:00Z,35.355,36.53,35.34,35.73,1121384
2023-10-02T04:00:00Z,35.595,35.965,34.99,35.46,632005
2023-09-29T04:00:00Z,35.64,35.91,35.155,35.55,763124
2023-09-28T04:00:00Z,34.65,35.655,34.405,35.18,694824
2023-09-27T04:00:00Z,33.89,34.82,33.88,34.65,892011
2023-09-26T04:00:00Z,34.13,34.775,33.645,33.85,1175363
2023-09-25T04:00:00Z,33.99,34.36,33.77,34.29,544328
2023-09-22T04:00:00Z,34.8,34.87,34.14,34.16,612305
2023-09-21T04:00:00Z,34.58,35.245,34.49,34.64,965575
2023-09-20T04:00:00Z,36.21,36.235,34.635,34.68,979884
2023-09-19T04:00:00Z,38.08,38.08,36.02,36.335,1455791
2023-09-18T04:00:00Z,37.605,38.385,37.53,38,708788
2023-09-15T04:00:00Z,38.39,38.52,37.62,37.89,1390044
2023-09-14T04:00:00Z,38.815,38.89,38.3,38.68,726150
2023-09-13T04:00:00Z,38.785,39.145,38.27,38.72,771078
2023-09-12T04:00:00Z,38.73,40.05,38.7,38.88,1596035
2023-09-11T04:00:00Z,38.24,38.74,37.86,38.595,728741
2023-09-08T04:00:00Z,38.11,38.825,37.715,38.02,1209678
2023-09-07T04:00:00Z,36.85,38.32,36.78,38.2,1309199
2023-09-06T04:00:00Z,36.45,37.04,36.045,37,914590
2023-09-05T04:00:00Z,36.565,37.405,36.47,36.71,634708
2023-09-01T04:00:00Z,35.77,36.745,35.76,36.61,810813
2023-08-31T04:00:00Z,34.395,35.545,34.3,35.17,1045253
2023-08-30T04:00:00Z,34.09,34.66,33.785,34.53,557495
2023-08-29T04:00:00Z,33.51,34.48,33.495,34.3,616422
2023-08-28T04:00:00Z,33.61,33.78,33.235,33.62,377350
2023-08-25T04:00:00Z,32.59,33.385,32.36,33.255,416035
2023-08-24T04:00:00Z,33.75,34.055,32.5,32.575,637086
2023-08-23T04:00:00Z,32.86,34.145,32.83,33.99,558544
2023-08-22T04:00:00Z,33.225,33.79,32.845,32.9,439102
2023-08-21T04:00:00Z,32.61,33.17,32.02,33.165,825798
2023-08-18T04:00:00Z,32.225,32.9,32.18,32.75,442945
2023-08-17T04:00:00Z,33.555,33.56,32.35,32.565,916218
2023-08-16T04:00:00Z,34.54,34.58,33.47,33.52,798353
2023-08-15T04:00:00Z,35.465,35.61,34.75,34.76,463616
2023-08-14T04:00:00Z,34.68,35.71,34.48,35.7,1130345
2023-08-11T04:00:00Z,34.485,34.935,34.375,34.91,615608
2023-08-10T04:00:00Z,34.77,35.085,34.49,34.705,530527
2023-08-09T04:00:00Z,35.02,35.065,34.235,34.29,992765
2023-08-08T04:00:00Z,34.67,35.095,33.86,35.005,584048
2023-08-07T04:00:00Z,35.41,35.55,34.76,35.23,444387
2023-08-04T04:00:00Z,34.53,35.55,34.53,35.16,716858
2023-08-03T04:00:00Z,34.29,35.025,34.13,34.85,632863
2023-08-02T04:00:00Z,35.145,35.165,34.29,34.39,1310711
2023-08-01T04:00:00Z,35.78,36,35.29,35.785,664029
2023-07-31T04:00:00Z,36.93,37.18,35.675,35.8,936952
2023-07-28T04:00:00Z,36.8,36.99,35.52,36.815,2714991
2023-07-27T04:00:00Z,34.82,35.025,34.13,34.56,1760779
2023-07-26T04:00:00Z,33.72,34.52,33.72,34.375,645820
2023-07-25T04:00:00Z,33.71,34.34,33.4,34.09,731961
2023-07-24T04:00:00Z,33.895,34.46,33.565,33.65,834583
2023-07-21T04:00:00Z,33.695,34.245,33.42,34.015,1135589
2023-07-20T04:00:00Z,33.74,34.2,33.235,33.38,827066
2023-07-19T04:00:00Z,34.41,34.81,34.34,34.45,531783
2023-07-18T04:00:00Z,34.27,34.7,33.83,34.5,725320
2023-07-17T04:00:00Z,33.175,34.595,33.08,34.36,911445
2023-07-14T04:00:00Z,33.78,33.86,33,33.14,773787
2023-07-13T04:00:00Z,34.17,34.28,33.625,33.835,689372
2023-07-12T04:00:00Z,33.71,34.08,33.06,33.975,922633
2023-07-11T04:00:00Z,32.82,33.36,32.52,33.29,572088
2023-07-10T04:00:00Z,31.85,32.825,31.78,32.745,1011044
2023-07-07T04:00:00Z,32.03,32.41,31.82,31.84,506270
2023-07-06T04:00:00Z,31.85,32.035,31.39,31.98,829499
2023-07-05T04:00:00Z,33.305,33.32,32.5,32.52,835155
2023-07-03T04:00:00Z,33.58,33.88,33.145,33.63,364954
2023-06-30T04:00:00Z,33.35,33.55,33.16,33.41,661356
2023-06-29T04:00:00Z,33.27,33.3,32.49,32.94,912590
2023-06-28T04:00:00Z,33.6,33.8,33.04,33.59,639423
2023-06-27T04:00:00Z,33.13,34.225,33.055,34.1,562878
2023-06-26T04:00:00Z,33.2,33.99,33.1,33.34,1016205
2023-06-23T04:00:00Z,32.16,33.43,32.035,32.985,1231281
2023-06-22T04:00:00Z,32.68,33.225,32.125,32.715,1654840
2023-06-21T04:00:00Z,34.89,35.02,32.835,32.895,2018730
2023-06-20T04:00:00Z,36.795,37.085,34.725,35,1432460
2023-06-16T04:00:00Z,36.33,36.79,35.6,36.405,2047248
2023-06-15T04:00:00Z,35.28,36.41,35.22,35.82,1767164
2023-06-14T04:00:00Z,33.87,35.6,33.8,35.59,2051223
2023-06-13T04:00:00Z,33.79,33.945,33.07,33.935,1497022
2023-06-12T04:00:00Z,31.415,33.3,31.37,33.055,1548480
2023-06-09T04:00:00Z,31.92,31.99,30.69,31.35,1041666
2023-06-08T04:00:00Z,31.49,31.85,31.07,31.81,944094
2023-06-07T04:00:00Z,31.08,31.36,30.935,31.3,845687
2023-06-06T04:00:00Z,29.74,31.445,29.705,30.94,1092670
2023-06-05T04:00:00Z,31.29,31.39,29.83,29.865,1208305
2023-06-02T04:00:00Z,31.37,31.565,30.84,31.305,951860
2023-06-01T04:00:00Z,31.835,31.92,31.085,31.13,1915076
2023-05-31T04:00:00Z,29.68,32.28,29.68,31.48,2596079
2023-05-30T04:00:00Z,29.695,30.03,29,30,1339867
2023-05-26T04:00:00Z,27.42,29.085,27.105,28.98,1939026
2023-05-25T04:00:00Z,28.24,28.24,26.87,27.405,3075804
2023-05-24T04:00:00Z,29.255,29.475,28.82,29,707294
2023-05-23T04:00:00Z,30.035,30.195,29.49,29.53,1136193
2023-05-22T04:00:00Z,29.875,30.44,29.82,30.275,828029
2023-05-19T04:00:00Z,29.575,30.235,29.505,29.9,793335
2023-05-18T04:00:00Z,29.01,29.75,28.87,29.67,945986
2023-05-17T04:00:00Z,29.505,29.505,28.68,28.895,1076757
2023-05-16T04:00:00Z,29.65,29.88,29.215,29.22,577082
2023-05-15T04:00:00Z,28.93,29.82,28.89,29.82,707158
2023-05-12T04:00:00Z,29.01,29.095,28.72,28.94,785344
2023-05-11T04:00:00Z,29.59,29.66,28.825,28.86,1052997
2023-05-10T04:00:00Z,30.32,30.39,29.495,30,1342807
2023-05-09T04:00:00Z,30.35,30.575,29.92,30.1,1844041
2023-05-08T04:00:00Z,30.71,30.84,30.395,30.785,974202
2023-05-05T04:00:00Z,31.36,31.405,30.735,30.95,1064163
2023-05-04T04:00:00Z,30.46,31.71,30.385,31.24,1508198
2023-05-03T04:00:00Z,30.65,31.11,30.25,30.67,1548007
2023-05-02T04:00:00Z,30.29,30.575,29.75,29.75,873551
2023-05-01T04:00:00Z,31.04,31.23,30.28,30.28,1413073
2023-04-28T04:00:00Z,31.95,32.56,30.81,31.08,2534788
2023-04-27T04:00:00Z,28.74,29.945,28.52,29.83,1987184
2023-04-26T04:00:00Z,29.21,29.805,28.835,29.04,1633865
2023-04-25T04:00:00Z,29.44,29.57,28.87,28.87,1135673
2023-04-24T04:00:00Z,30.21,30.36,29.61,29.665,866008
2023-04-21T04:00:00Z,30.73,30.77,30.24,30.305,661983
2023-04-20T04:00:00Z,30.78,31.245,30.715,30.875,921920
2023-04-19T04:00:00Z,31.105,31.515,31.105,31.155,793374
2023-04-18T04:00:00Z,32.43,32.43,31.785,31.835,726058
2023-04-17T04:00:00Z,31.995,32.63,31.775,32.14,843815
2023-04-14T04:00:00Z,32.015,32.22,31.695,31.9,923089
2023-04-13T04:00:00Z,31.92,32.43,31.66,32.12,799797
2023-04-12T04:00:00Z,32.71,32.885,31.965,32.045,976112
2023-04-11T04:00:00Z,32.66,33.095,32.32,32.36,763484
2023-04-10T04:00:00Z,32.595,32.75,32.2,32.525,751269
2023-04-06T04:00:00Z,32.65,33,32.47,32.81,874806
2023-04-05T04:00:00Z,32.75,32.985,32.335,32.82,1073261
2023-04-04T04:00:00Z,32.94,33.84,32.85,33.09,1498564
2023-04-03T04:00:00Z,32.92,33.555,32.55,32.905,2536281
2023-03-31T04:00:00Z,31.78,32.9,31.745,32.65,2878678
2023-03-30T04:00:00Z,31.85,32.58,31.81,32.07,1960032
2023-03-29T04:00:00Z,29.755,31.885,29.755,31.52,2590296
2023-03-28T04:00:00Z,29.06,29.33,28.64,29.33,1526442
2023-03-27T04:00:00Z,29.37,29.725,29.08,29.18,1489605
2023-03-24T04:00:00Z,28.95,29.81,28.935,29.365,1805003
2023-03-23T04:00:00Z,28.41,29.155,28.23,29.03,1211689
2023-03-22T04:00:00Z,28.48,29.12,28.1,28.12,1500697
2023-03-21T04:00:00Z,29.01,29.15,27.98,28.455,1595720
2023-03-20T04:00:00Z,29.8,29.89,28.63,29.16,1380588
2023-03-17T04:00:00Z,29.93,30.495,29.44,29.8,1804186
2023-03-16T04:00:00Z,28.39,30.265,28.39,30.16,3148877
2023-03-15T04:00:00Z,27.725,28.495,27.69,28.44,1456303
2023-03-14T04:00:00Z,27.36,28.09,27.255,28,1685621
2023-03-13T04:00:00Z,26.73,27.3,26.61,26.92,1682586
2023-03-10T05:00:00Z,26.59,27.515,26.315,27.25,2353981
2023-03-09T05:00:00Z,25.98,26.97,25.975,26.45,1714383
2023-03-08T05:00:00Z,25.585,26,25.47,26,1188472
2023-03-07T05:00:00Z,25.87,25.985,25.5,25.53,1131346
2023-03-06T05:00:00Z,26.5,26.53,25.935,26,946272
2023-03-03T05:00:00Z,26.19,26.47,26.01,26.39,995665
2023-03-02T05:00:00Z,25.21,26.3,25.125,26.2,1736533
2023-03-01T05:00:00Z,25.03,25.91,24.98,25.33,1529174
2023-02-28T05:00:00Z,24.92,25.115,24.735,24.92,1012443
2023-02-27T05:00:00Z,25.565,25.565,24.88,24.89,1001200
2023-02-24T05:00:00Z,25.195,25.34,24.92,25.14,1155964
2023-02-23T05:00:00Z,25.8,26.08,25.33,25.6,1679833
2023-02-22T05:00:00Z,25.91,26.89,25.305,25.5,2786855
2023-02-21T05:00:00Z,27.16,27.185,26.05,26.07,1767565
2023-02-17T05:00:00Z,27.995,28.06,27.38,27.61,1011306
2023-02-16T05:00:00Z,28.475,28.82,28.135,28.19,933754
2023-02-15T05:00:00Z,28.35,28.875,28.16,28.86,730785
2023-02-14T05:00:00Z,28.37,28.72,28,28.625,1220930
2023-02-13T05:00:00Z,27.845,28.55,27.74,28.545,853302
2023-02-10T05:00:00Z,27.66,27.985,27.34,27.81,1039618
2023-02-09T05:00:00Z,28.68,28.82,27.565,27.74,1206567
2023-02-08T05:00:00Z,28.95,29.11,28.21,28.25,971808
2023-02-07T05:00:00Z,28.65,29.265,28.435,29.025,2467592
2023-02-06T05:00:00Z,29.555,29.645,28.615,28.695,2267938
2023-02-03T05:00:00Z,29.55,31.17,29.53,30.315,1863378
2023-02-02T05:00:00Z,29.24,30.285,28.8,30.2,1673160
2023-02-01T05:00:00Z,27.88,29.43,27.74,29.07,1721664
2023-01-31T05:00:00Z,27.72,28.29,27.53,28.27,885311
2023-01-30T05:00:00Z,27.715,28.51,27.675,27.96,1972546
2023-01-27T05:00:00Z,27.06,28.235,26.785,28.155,4706298
2023-01-26T05:00:00Z,30.05,30.105,29.33,30.08,1553735
2023-01-25T05:00:00Z,29.52,29.885,29.18,29.715,1131947
2023-01-24T05:00:00Z,29.93,30.185,29.73,29.925,831048
2023-01-23T05:00:00Z,29.29,30.48,29.19,30.26,1321931
2023-01-20T05:00:00Z,28.38,29.23,28.25,29.2,946527
2023-01-19T05:00:00Z,28.59,28.75,28.245,28.42,960146
2023-01-18T05:00:00Z,29.805,29.81,28.645,28.8,1274359
2023-01-17T05:00:00Z,30.185,30.245,29.525,29.6,1135787
2023-01-13T05:00:00Z,29.975,30.165,29.81,30.09,793870
2023-01-12T05:00:00Z,30,30.375,29.47,30.29,842519
2023-01-11T05:00:00Z,29.65,29.88,29,29.855,750061
2023-01-10T05:00:00Z,29.23,29.5,28.925,29.44,436176
2023-01-09T05:00:00Z,28.94,29.865,28.925,29.33,1019397
2023-01-06T05:00:00Z,27.96,28.825,27.39,28.71,918544
2023-01-05T05:00:00Z,27.435,27.77,27.38,27.57,869829
2023-01-04T05:00:00Z,27.46,27.92,27.17,27.68,1472034
2023-01-03T05:00:00Z,27.01,27.065,26.37,26.71,1137811
2022-12-30T05:00:00Z,25.85,26.46,25.805,26.42,818181
2022-12-29T05:00:00Z,25.77,26.29,25.77,26.19,707925
2022-12-28T05:00:00Z,25.87,26.11,25.5,25.54,585441
2022-12-27T05:00:00Z,25.86,26.095,25.655,25.945,519717
2022-12-23T05:00:00Z,25.94,26.18,25.695,26.1,363275
2022-12-22T05:00:00Z,26.405,26.415,25.355,25.99,867417
2022-12-21T05:00:00Z,26.59,26.97,26.59,26.82,566266
2022-12-20T05:00:00Z,26.53,26.865,26.425,26.43,839299
2022-12-19T05:00:00Z,26.9,26.96,26.505,26.79,924074
2022-12-16T05:00:00Z,27,27.12,26.455,26.92,1083061
2022-12-15T05:00:00Z,27.935,27.99,27.125,27.18,1333475
2022-12-14T05:00:00Z,28.55,29.11,28.02,28.25,911532
2022-12-13T05:00:00Z,29.84,30.08,28.37,28.73,1396638
2022-12-12T05:00:00Z,28.06,28.71,27.865,28.71,593030
2022-12-09T05:00:00Z,28.38,28.77,28.21,28.25,787599
2022-12-08T05:00:00Z,28.34,28.6,28.08,28.465,697175
2022-12-07T05:00:00Z,28.26,28.55,28.155,28.33,716474
2022-12-06T05:00:00Z,29.2,29.28,28.35,28.62,607397
2022-12-05T05:00:00Z,29.35,29.74,28.89,29.17,861640
2022-12-02T05:00:00Z,29.15,29.43,28.71,29.415,718058
2022-12-01T05:00:00Z,30.26,30.465,29.54,29.82,949824
2022-11-30T05:00:00Z,28.76,30.08,28.225,30.06,1312226
2022-11-29T05:00:00Z,28.835,29.175,28.745,28.89,756213
2022-11-28T05:00:00Z,29.065,29.185,28.545,28.725,757143
2022-11-25T05:00:00Z,29.63,29.655,29.335,29.36,361540
2022-11-23T05:00:00Z,29.71,30.07,29.5,29.68,713449
2022-11-22T05:00:00Z,29.165,29.86,29.08,29.825,603904
2022-11-21T05:00:00Z,29.69,29.695,28.91,28.95,1105845
2022-11-18T05:00:00Z,30.23,30.23,29.62,29.9,614136
2022-11-17T05:00:00Z,29.08,29.95,29.01,29.915,753428
2022-11-16T05:00:00Z,30.125,30.215,29.44,29.55,824185
2022-11-15T05:00:00Z,31.11,31.33,30.175,30.72,1075067
2022-11-14T05:00:00Z,30.31,30.985,30.195,30.36,775300
2022-11-11T05:00:00Z,28.95,30.63,28.92,30.42,1132038
2022-11-10T05:00:00Z,28.92,29.82,28.65,29.73,1918727
2022-11-09T05:00:00Z,28.23,28.25,27.525,27.535,787085
2022-11-08T05:00:00Z,28.76,28.945,27.94,28.495,894806
2022-11-07T05:00:00Z,28.35,28.46,27.89,28.42,930953
2022-11-04T04:00:00Z,27.58,28.235,27.42,28.225,1152176
2022-11-03T04:00:00Z,27.51,27.875,27.18,27.4,1412531
2022-11-02T04:00:00Z,28.31,28.845,27.41,27.41,1989993
2022-11-01T04:00:00Z,28.82,28.85,27.89,28.3,1272215
2022-10-31T04:00:00Z,29.13,29.175,28.05,28.44,1257991
2022-10-28T04:00:00Z,28.18,29.21,27.86,29.09,2785284
2022-10-27T04:00:00Z,27.48,27.56,26.14,26.26,1471243
2022-10-26T04:00:00Z,27.11,27.8,27.01,27.22,1173265
2022-10-25T04:00:00Z,27.165,27.555,27.01,27.4,1006180
2022-10-24T04:00:00Z,26.8,27.48,26.53,27.19,1615605
2022-10-21T04:00:00Z,25.89,27.05,25.81,26.98,1424114
2022-10-20T04:00:00Z,26.2,26.935,25.96,26.08,1040187
2022-10-19T04:00:00Z,25.745,26.245,25.695,26.01,916512
2022-10-18T04:00:00Z,26.83,26.95,25.54,25.89,1562363
2022-10-17T04:00:00Z,26.33,26.74,26.18,26.41,925478
2022-10-14T04:00:00Z,26.46,26.62,25.77,25.94,1160802
2022-10-13T04:00:00Z,24.79,26.835,24.6,26.425,2066391
2022-10-12T04:00:00Z,24.93,25.515,24.67,25.305,1186795
2022-10-11T04:00:00Z,25.005,25.46,24.69,25.025,1026707
2022-10-10T04:00:00Z,25.99,25.99,25.095,25.18,1091810
2022-10-07T04:00:00Z,26.12,26.265,25.655,25.73,1530462
2022-10-06T04:00:00Z,27.43,27.755,27,27.155,1033854
2022-10-05T04:00:00Z,27.32,27.84,26.9,27.64,758874
2022-10-04T04:00:00Z,27.42,27.79,27.1,27.7,940651
2022-10-03T04:00:00Z,26.34,27.25,26.07,26.96,885087
2022-09-30T04:00:00Z,26.26,26.56,25.745,25.79,1012765
2022-09-29T04:00:00Z,26.72,26.75,26.19,26.385,874036
2022-09-28T04:00:00Z,26.865,27.28,26.6,27.11,993425
2022-09-27T04:00:00Z,27.39,27.59,26.62,26.89,1187143
2022-09-26T04:00:00Z,27.535,27.695,26.86,26.95,1388320
2022-09-23T04:00:00Z,27.82,27.87,27.2,27.52,985543
2022-09-22T04:00:00Z,28.49,28.49,28.045,28.06,1056735
2022-09-21T04:00:00Z,29.155,29.58,28.47,28.48,1000121
2022-09-20T04:00:00Z,29.06,29.165,28.71,28.97,688103
2022-09-19T04:00:00Z,29.02,29.495,28.91,29.44,887329
2022-09-16T04:00:00Z,28.65,29.31,28.43,29.23,1180765
2022-09-15T04:00:00Z,29.145,29.41,28.715,28.85,1142208
2022-09-14T04:00:00Z,29.54,29.765,29.01,29.19,1159429
2022-09-13T04:00:00Z,30.78,30.925,29.25,29.265,1287247
2022-09-12T04:00:00Z,31.69,31.86,31.11,31.57,1100608
2022-09-09T04:00:00Z,31.22,31.495,31.085,31.45,1075837
2022-09-08T04:00:00Z,30.28,30.845,29.92,30.77,1233416
2022-09-07T04:00:00Z,30.405,30.775,30.05,30.64,1120495
2022-09-06T04:00:00Z,31.25,31.29,30.33,30.37,1276621
2022-09-02T04:00:00Z,32.23,32.37,31.065,31.22,880122
2022-09-01T04:00:00Z,31.515,31.82,31.13,31.765,1102438
2022-08-31T04:00:00Z,32.36,32.36,31.785,31.9,1176530
2022-08-30T04:00:00Z,33.02,33.07,32.15,32.31,983398
2022-08-29T04:00:00Z,33.26,33.39,32.82,32.94,836985
2022-08-26T04:00:00Z,34.935,35.015,33.355,33.36,1058317
2022-08-25T04:00:00Z,33.83,34.92,33.83,34.9,722386
2022-08-24T04:00:00Z,33.95,33.985,33.6,33.86,515744
2022-08-23T04:00:00Z,33.98,34.39,33.91,33.96,648463
2022-08-22T04:00:00Z,34.925,35,33.735,33.87,1057563
2022-08-19T04:00:00Z,35.78,36.02,35.195,35.39,884492
2022-08-18T04:00:00Z,35.7,36.32,35.58,36.2,698791
2022-08-17T04:00:00Z,35.78,36.07,35.28,35.78,721983
2022-08-16T04:00:00Z,36.16,36.57,35.7,36.205,637522
2022-08-15T04:00:00Z,36.08,36.42,35.715,36.34,596029
2022-08-12T04:00:00Z,35.8,36.14,35.67,36.115,1056540
2022-08-11T04:00:00Z,35.65,36.29,35.5,35.6,665842
2022-08-10T04:00:00Z,34.995,35.4,34.595,35.36,942747
2022-08-09T04:00:00Z,35.22,35.29,34.4,34.53,1121308
2022-08-08T04:00:00Z,35.38,35.96,35.2,35.37,1393178
2022-08-05T04:00:00Z,35.33,35.68,35.19,35.38,1888400
2022-08-04T04:00:00Z,36.015,36.06,35.36,35.67,1702153
2022-08-03T04:00:00Z,36.03,36.59,35.27,36.51,1552737
2022-08-02T04:00:00Z,36.555,36.65,36,36.01,1630673
2022-08-01T04:00:00Z,36.07,37.67,36.06,36.96,1872615
2022-07-29T04:00:00Z,35.58,36.62,35.24,36.29,4489441
2022-07-28T04:00:00Z,40.09,40.11,39.045,39.705,1483243
2022-07-27T04:00:00Z,39.28,40.425,39.25,40.17,1444192
2022-07-26T04:00:00Z,39.07,39.56,38.885,38.94,1053736
2022-07-25T04:00:00Z,39.22,39.41,38.555,39.17,1185922
2022-07-22T04:00:00Z,40.38,40.5,38.94,39.21,1769061
2022-07-21T04:00:00Z,40.5,40.645,39.83,40.62,946894
2022-07-20T04:00:00Z,40.16,40.67,39.56,40.55,1061217
2022-07-19T04:00:00Z,39.33,40.725,39.245,40.2,1550683
2022-07-18T04:00:00Z,39.1,39.34,38.53,38.72,982445
2022-07-15T04:00:00Z,38.23,38.67,37.755,38.61,1153148
2022-07-14T04:00:00Z,36.96,38.15,36.31,37.71,1257016
2022-07-13T04:00:00Z,36.76,37.425,36.63,37.205,742859
2022-07-12T04:00:00Z,37.565,37.685,36.99,37.22,3366241
2022-07-11T04:00:00Z,37.58,37.675,37.04,37.22,527777
2022-07-08T04:00:00Z,37.67,38.135,37.395,38,730581
2022-07-07T04:00:00Z,37.955,38.33,37.73,38.15,1155255
2022-07-06T04:00:00Z,36.82,37.42,36.46,36.99,730547
2022-07-05T04:00:00Z,35.9,36.74,35.54,36.72,1369423
2022-07-01T04:00:00Z,37.065,37.17,35.88,36.35,1288878
2022-06-30T04:00:00Z,37.18,37.99,36.73,37.43,1252536
2022-06-29T04:00:00Z,37.54,37.58,37.02,37.29,897947
2022-06-28T04:00:00Z,38.645,39.01,37.74,37.77,1115353
2022-06-27T04:00:00Z,38.91,39.06,38.48,38.64,683519
2022-06-24T04:00:00Z,37.86,38.64,37.78,38.61,981729
2022-06-23T04:00:00Z,37.61,37.62,36.91,37.4,1056015
2022-06-22T04:00:00Z,37.28,37.765,37.22,37.34,1463003
2022-06-21T04:00:00Z,37.325,38.005,37.325,37.72,754670
2022-06-17T04:00:00Z,37.48,38.1,36.605,36.97,1564534
2022-06-16T04:00:00Z,37.68,37.75,36.93,37.355,1492492
2022-06-15T04:00:00Z,38.58,39.17,37.93,38.65,1146209
2022-06-14T04:00:00Z,38.02,38.195,37.545,37.95,990271
2022-06-13T04:00:00Z,38.53,38.79,37.67,37.77,1390021
2022-06-10T04:00:00Z,39.8,40.05,39.19,39.19,1995008
2022-06-09T04:00:00Z,41.03,41.345,40.01,40.02,1087500
2022-06-08T04:00:00Z,42.24,42.25,41.03,41.24,1554368
2022-06-07T04:00:00Z,43.04,43.59,42.67,43.52,624002
2022-06-06T04:00:00Z,43.86,44.035,43.085,43.33,580418
2022-06-03T04:00:00Z,44.04,44.22,43.36,43.38,823779
2022-06-02T04:00:00Z,44.17,44.88,43.95,44.85,810196
2022-06-01T04:00:00Z,44.87,44.925,43.53,44.09,765319
2022-05-31T04:00:00Z,44.295,44.75,43.665,44.42,898928
2022-05-27T04:00:00Z,43.58,44.55,43.57,44.55,897957
2022-05-26T04:00:00Z,42.23,43.675,42.085,43.47,949769
2022-05-25T04:00:00Z,41.44,42.51,41.44,42.21,655839
2022-05-24T04:00:00Z,41.68,41.88,41.11,41.69,856920
2022-05-23T04:00:00Z,41.705,42.24,41.325,42.01,626102
2022-05-20T04:00:00Z,42.2,42.27,40.32,41.69,1625132
2022-05-19T04:00:00Z,42.205,42.695,41.73,42.01,848203
2022-05-18T04:00:00Z,43.9,43.93,42.22,42.38,1132923
2022-05-17T04:00:00Z,43.84,44.41,43.66,44.39,948291
2022-05-16T04:00:00Z,43.35,43.6,42.79,43.08,834145
2022-05-13T04:00:00Z,43.44,43.835,42.97,43.6,1069210
2022-05-12T04:00:00Z,42.66,42.89,42.015,42.86,1117523
2022-05-11T04:00:00Z,43.995,44.29,42.785,42.85,980267
2022-05-10T04:00:00Z,44.365,44.72,43.5,44,1464385
2022-05-09T04:00:00Z,43.795,44.19,42.88,43.1,1265189
2022-05-06T04:00:00Z,44.51,45.13,43.845,44.3,1249356
2022-05-05T04:00:00Z,45.61,45.89,44.13,44.8,2024513
2022-05-04T04:00:00Z,45.05,46.63,44.41,46.53,1264294
2022-05-03T04:00:00Z,44.78,45.49,44.24,45.07,1516461
2022-05-02T04:00:00Z,43.68,44.99,43.52,44.96,998273
2022-04-29T04:00:00Z,45.03,45.33,43.5,43.6,1957790
2022-04-28T04:00:00Z,45.83,47.26,45.55,46.95,1028610
2022-04-27T04:00:00Z,45.41,46.06,45.01,45.23,1161160
2022-04-26T04:00:00Z,46.725,46.84,45.52,45.52,765094
2022-04-25T04:00:00Z,46.26,47.14,46.19,47.07,1203721
2022-04-22T04:00:00Z,47.44,47.64,46.5,46.55,844743
2022-04-21T04:00:00Z,48.7,48.89,47.4,47.5,863856
2022-04-20T04:00:00Z,48.38,48.725,47.98,48.09,574325
2022-04-19T04:00:00Z,46.63,47.995,46.34,47.94,927051
2022-04-18T04:00:00Z,45.61,46.885,45.58,46.66,763440
2022-04-14T04:00:00Z,46.745,46.745,45.625,45.67,875423
2022-04-13T04:00:00Z,46.74,47.25,46.57,47.01,431422
2022-04-12T04:00:00Z,47.26,47.89,46.41,46.5,696996
2022-04-11T04:00:00Z,46.87,47.285,46.535,46.55,718040
2022-04-08T04:00:00Z,47.31,47.565,46.85,47.04,754575
2022-04-07T04:00:00Z,47.41,47.91,46.77,47.54,634771
2022-04-06T04:00:00Z,47.45,48.15,47.24,47.54,688936
2022-04-05T04:00:00Z,48.92,48.97,48.03,48.16,640631
2022-04-04T04:00:00Z,48.09,49.22,47.95,49.22,496812
2022-04-01T04:00:00Z,49.76,49.9,47.33,48.11,1304386
2022-03-31T04:00:00Z,51.2,51.25,49.52,49.53,1150418
2022-03-30T04:00:00Z,52.3,52.51,51.22,51.425,638969
2022-03-29T04:00:00Z,52.055,52.285,51.3,52.26,732987
2022-03-28T04:00:00Z,51.4,51.56,50.565,51.54,628363
2022-03-25T04:00:00Z,50.765,51.975,50.45,51.85,940094
2022-03-24T04:00:00Z,48.67,51.65,48.61,51.63,1302029
2022-03-23T04:00:00Z,48.42,49.58,48.08,48.27,1101049
2022-03-22T04:00:00Z,47.49,48.47,47.4,48.39,857966
2022-03-21T04:00:00Z,47.49,47.88,47.07,47.39,775650
2022-03-18T04:00:00Z,46.82,47.6,46.35,47.44,905556
2022-03-17T04:00:00Z,46.28,47.285,45.74,47.14,871870
2022-03-16T04:00:00Z,45.36,46.63,45.27,46.63,1051931
2022-03-15T04:00:00Z,44.53,44.9,44.07,44.8,919645
2022-03-14T04:00:00Z,45.86,45.98,44.32,44.38,830588
2022-03-11T05:00:00Z,47.165,47.27,45.765,45.79,550552
2022-03-10T05:00:00Z,47.28,47.31,46.155,46.66,762484
2022-03-09T05:00:00Z,48.42,48.45,46.895,47.64,954108
2022-03-08T05:00:00Z,47.71,48.72,46.91,47.525,998310
2022-03-07T05:00:00Z,47.98,48.52,47.6,47.67,1146173
2022-03-04T05:00:00Z,47.43,48.25,47.4,48.1,1183477
2022-03-03T05:00:00Z,48.2,48.545,47.63,47.94,1198603
2022-03-02T05:00:00Z,47.55,48.985,47.49,48.875,2205851
2022-03-01T05:00:00Z,47.53,47.9,46.23,46.85,2249129
2022-02-28T05:00:00Z,47.09,47.81,46.86,47.72,1074501
2022-02-25T05:00:00Z,47,47.79,46.25,47.73,1329023
2022-02-24T05:00:00Z,43.84,46.79,43.625,46.73,2205865
2022-02-23T05:00:00Z,45.25,45.7,44.555,44.67,878395
2022-02-22T05:00:00Z,44.71,45.4,43.855,44.695,1215528
2022-02-18T05:00:00Z,46.13,46.16,44.515,45.035,1549941
2022-02-17T05:00:00Z,47.84,48.25,47.395,47.57,639817
2022-02-16T05:00:00Z,48.06,48.48,47.6,48.24,1092440
2022-02-15T05:00:00Z,47.705,48.46,47.2,48.44,907173
2022-02-14T05:00:00Z,47.86,48.16,47.13,47.59,582652
2022-02-11T05:00:00Z,48.94,49.11,47.505,47.62,905861
2022-02-10T05:00:00Z,49.18,49.93,48.77,48.85,812490
2022-02-09T05:00:00Z,49.32,49.97,48.85,49.92,928869
2022-02-08T05:00:00Z,48.05,48.94,47.905,48.8,586033
2022-02-07T05:00:00Z,48.13,48.65,47.97,48.18,525721
2022-02-04T05:00:00Z,47.845,48.23,47.15,48.01,666729
2022-02-03T05:00:00Z,49.26,49.68,48.25,48.3,918525
2022-02-02T05:00:00Z,48.25,49.58,48.095,49.51,678762
2022-02-01T05:00:00Z,48.77,49.025,48.37,48.94,594369
2022-01-31T05:00:00Z,47.68,48.855,47.325,48.82,944945
2022-01-28T05:00:00Z,47.7,48.17,46.31,47.73,1528086
2022-01-27T05:00:00Z,49.975,50.03,47.785,48.045,2734580
2022-01-26T05:00:00Z,51.1,52.7,50.755,51.66,1829691
2022-01-25T05:00:00Z,51.015,51.61,50.25,51.01,788392
2022-01-24T05:00:00Z,51.51,52.105,49.885,51.91,1289185
2022-01-21T05:00:00Z,52.06,53.12,51.95,52.04,1008894
2022-01-20T05:00:00Z,53.87,54.07,51.945,52.05,806908
2022-01-19T05:00:00Z,54.67,54.85,53.57,53.6,624789
2022-01-18T05:00:00Z,55.25,55.64,54.68,54.79,609580
2022-01-14T05:00:00Z,54.88,55.77,54.54,55.7,746599
2022-01-13T05:00:00Z,56,56.2,54.77,54.96,1041917
2022-01-12T05:00:00Z,56.15,56.28,54.82,55.75,646187
2022-01-11T05:00:00Z,55.51,56.075,54.735,55.945,1285587
2022-01-10T05:00:00Z,53.86,55.305,53.34,55.24,1857313
2022-01-07T05:00:00Z,54.19,54.36,53.33,53.42,599669
2022-01-06T05:00:00Z,54.57,54.655,53.42,54.045,732715
2022-01-05T05:00:00Z,54.16,56.145,53.835,53.85,1236205
2022-01-04T05:00:00Z,53.62,53.93,52.67,53.09,1142598
2022-01-03T05:00:00Z,51.65,53.225,51.63,53.2,687109
2021-12-31T05:00:00Z,51.88,52.14,51.475,51.51,299564
2021-12-30T05:00:00Z,51.93,52.13,51.65,51.76,308659
2021-12-29T05:00:00Z,51.76,52.11,51.66,51.82,279772
2021-12-28T05:00:00Z,51.92,52.105,51.64,51.77,482117
2021-12-27T05:00:00Z,51.38,52.05,51.32,51.93,426212
2021-12-23T05:00:00Z,51.08,51.725,51.05,51.29,409002
2021-12-22T05:00:00Z,50.64,51.005,50.21,50.97,440867
2021-12-21T05:00:00Z,49.99,50.84,49.95,50.795,609823
2021-12-20T05:00:00Z,49.9,50.1,48.98,49.61,666308
2021-12-17T05:00:00Z,50.6,51,50.01,50.57,567232
2021-12-16T05:00:00Z,50.8,51.38,50.59,50.79,1020406
2021-12-15T05:00:00Z,49.87,50.78,49.34,50.75,779018
2021-12-14T05:00:00Z,49.805,50.26,49.325,49.75,912254
2021-12-13T05:00:00Z,50.85,51,49.95,50,539375
2021-12-10T05:00:00Z,50.86,51.05,50.055,50.64,433102
2021-12-09T05:00:00Z,51.25,51.565,50.45,50.48,732917
2021-12-08T05:00:00Z,52.58,52.865,51.385,51.78,653354
2021-12-07T05:00:00Z,54.65,55,52.215,52.57,2269269
2021-12-06T05:00:00Z,49.475,51.205,49.195,50.99,806866
2021-12-03T05:00:00Z,49.72,50.05,48.765,49.25,982595
2021-12-02T05:00:00Z,48.57,49.785,48.33,49.53,598070
2021-12-01T05:00:00Z,49.85,50.3,48.545,48.545,843736
2021-11-30T05:00:00Z,49.5,50.36,48.7,49.22,744076
2021-11-29T05:00:00Z,49.3,50.125,48.72,50.02,728576
2021-11-26T05:00:00Z,48.88,49.17,48.12,48.93,496793
2021-11-24T05:00:00Z,48.77,49.77,48.65,49.77,511915
2021-11-23T05:00:00Z,50.16,50.45,48.93,49.13,751946
2021-11-22T05:00:00Z,49.56,50.845,49.41,49.81,900600
2021-11-19T05:00:00Z,49.62,49.67,49.245,49.51,668117
2021-11-18T05:00:00Z,50.23,50.235,48.97,49.67,555634
2021-11-17T05:00:00Z,50.6,50.93,49.985,50.22,1027982
2021-11-16T05:00:00Z,50.37,51.145,50.36,50.595,554255
2021-11-15T05:00:00Z,50.45,50.62,50.125,50.285,554904
2021-11-12T05:00:00Z,50.595,50.9,50.19,50.33,540336
2021-11-11T05:00:00Z,51.05,51.06,50.41,50.535,786261
2021-11-10T05:00:00Z,50.84,51.375,50.715,50.75,662554
2021-11-09T05:00:00Z,51.65,51.74,50.78,51.215,512540
2021-11-08T05:00:00Z,51.46,51.985,51.07,51.57,700900
2021-11-05T04:00:00Z,50.63,51.575,50.6,50.92,712779
2021-11-04T04:00:00Z,50.19,50.34,49.735,50.34,868900
2021-11-03T04:00:00Z,49.96,50.445,49.71,50.39,399670
2021-11-02T04:00:00Z,49.61,49.89,49.24,49.88,555579
2021-11-01T04:00:00Z,49.345,49.595,49.01,49.56,885312
2021-10-29T04:00:00Z,48.08,49.265,47.95,49.01,1239664
2021-10-28T04:00:00Z,48.17,48.34,47.88,48.1,943209
2021-10-27T04:00:00Z,48.52,48.79,47.875,47.875,961729
2021-10-26T04:00:00Z,49.405,49.41,47.93,48.27,1519152
2021-10-25T04:00:00Z,49.82,50.06,49.31,49.41,1229611
2021-10-22T04:00:00Z,50.34,50.53,49.14,49.455,3175376
2021-10-21T04:00:00Z,54.92,56.06,54.855,56.06,732171
2021-10-20T04:00:00Z,55.18,55.485,55.09,55.38,539776
2021-10-19T04:00:00Z,54.575,55.22,54.4,55.205,494010
2021-10-18T04:00:00Z,54.17,54.555,53.75,54.46,377586
2021-10-15T04:00:00Z,54.2,54.48,53.82,54.46,678802
2021-10-14T04:00:00Z,52.85,53.995,52.735,53.9,622273
2021-10-13T04:00:00Z,52.52,52.565,51.87,52.29,411869
2021-10-12T04:00:00Z,53.545,53.68,52.01,52.2,556985
2021-10-11T04:00:00Z,53.83,54.41,53.42,53.43,231307
2021-10-08T04:00:00Z,54.54,54.58,53.705,53.81,333700
2021-10-07T04:00:00Z,54.29,54.985,54.13,54.13,462449
2021-10-06T04:00:00Z,53.42,54.05,53.075,53.99,479512
2021-10-05T04:00:00Z,53.72,54.34,53.48,53.945,400377
2021-10-04T04:00:00Z,53.92,54.31,53.21,53.51,558315
2021-10-01T04:00:00Z,53.69,54.1,53.05,53.82,361170
2021-09-30T04:00:00Z,53.74,53.98,53.305,53.305,457286
2021-09-29T04:00:00Z,53.86,54.035,53.18,53.49,564876
2021-09-28T04:00:00Z,54.065,54.58,53.97,54.01,741101
2021-09-27T04:00:00Z,53.93,54.86,53.89,54.675,357660
2021-09-24T04:00:00Z,53.76,54.4,53.76,54.23,343384
2021-09-23T04:00:00Z,53.75,54.3,53.68,54.095,641207
2021-09-22T04:00:00Z,53.32,53.86,53.13,53.53,519654
2021-09-21T04:00:00Z,53.2,53.445,52.85,52.9,364783
2021-09-20T04:00:00Z,53.21,53.495,52.325,53.02,537020
2021-09-17T04:00:00Z,54.5,54.51,53.67,54.28,491496
2021-09-16T04:00:00Z,54.89,54.94,54.25,54.86,464086
2021-09-15T04:00:00Z,54.6,55.14,54.45,55.14,365718
2021-09-14T04:00:00Z,55.355,55.42,54.285,54.55,641140
2021-09-13T04:00:00Z,54.66,55.485,54.415,55.03,437704
2021-09-10T04:00:00Z,53.85,54.98,53.82,53.83,412179
2021-09-09T04:00:00Z,53.65,53.88,53.34,53.42,341873
2021-09-08T04:00:00Z,53.73,53.87,52.995,53.58,934144
2021-09-07T04:00:00Z,53.56,53.945,53.45,53.66,272949
2021-09-03T04:00:00Z,53.44,54.065,53.33,53.51,263006
2021-09-02T04:00:00Z,53.885,53.885,53.35,53.74,385016
2021-09-01T04:00:00Z,54.115,54.15,53.54,53.68,395443
2021-08-31T04:00:00Z,54.4,54.4,53.67,54.05,425984
2021-08-30T04:00:00Z,54.245,54.87,53.76,53.94,306250
2021-08-27T04:00:00Z,53.21,53.94,52.925,53.89,502460
2021-08-26T04:00:00Z,53.71,53.725,52.975,53.16,464905
2021-08-25T04:00:00Z,54.07,54.23,53.735,53.8,337865
2021-08-24T04:00:00Z,53.565,53.965,53.335,53.83,549760
2021-08-23T04:00:00Z,52.58,53.535,52.51,53.215,527881
2021-08-20T04:00:00Z,52.125,52.36,51.435,52.02,435350
2021-08-19T04:00:00Z,52.025,52.66,51.58,52.44,427211
2021-08-18T04:00:00Z,52.59,53.015,52.12,52.135,366301
2021-08-17T04:00:00Z,53.17,53.17,52.23,52.72,683823
2021-08-16T04:00:00Z,53.26,53.49,53,53.47,394546
2021-08-13T04:00:00Z,53.5,53.515,53.055,53.5,427120
2021-08-12T04:00:00Z,54.17,54.18,53.26,53.525,486239
2021-08-11T04:00:00Z,54.33,54.335,53.84,54.12,476299
2021-08-10T04:00:00Z,54.21,54.385,53.52,53.95,490807
2021-08-09T04:00:00Z,54.08,54.405,53.84,54.065,270885
2021-08-06T04:00:00Z,53.85,54.125,53.74,53.97,381590
2021-08-05T04:00:00Z,53.92,54.02,53.62,53.9,392368
2021-08-04T04:00:00Z,54.25,54.44,53.7,53.89,486433
2021-08-03T04:00:00Z,53.87,54.16,53.265,54.07,315422
2021-08-02T04:00:00Z,54.01,54.46,53.535,53.68,500840
2021-07-30T04:00:00Z,53.65,53.87,53.26,53.74,402985
2021-07-29T04:00:00Z,53.47,54.085,53.33,53.685,465805
2021-07-28T04:00:00Z,53.03,53.915,52.945,53.07,623639
2021-07-27T04:00:00Z,53.02,53.19,52.31,53.18,953880
2021-07-26T04:00:00Z,52.76,54.535,52.76,54.35,1273213
2021-07-23T04:00:00Z,54.635,54.635,52.33,53.06,2619642
2021-07-22T04:00:00Z,56.06,56.54,55.71,55.97,832351
2021-07-21T04:00:00Z,55.22,56.275,55.01,56.235,563649
2021-07-20T04:00:00Z,54.875,55.56,54.28,55.235,494809
2021-07-19T04:00:00Z,54.385,54.795,53.98,54.63,818679
2021-07-16T04:00:00Z,56.12,56.915,54.91,54.98,797525
2021-07-15T04:00:00Z,56.4,56.4,55.585,55.815,624071
2021-07-14T04:00:00Z,57.16,57.43,56.35,56.49,458480
2021-07-13T04:00:00Z,56.59,57.29,56.375,56.855,489443
2021-07-12T04:00:00Z,56.21,56.74,56.115,56.74,391886
2021-07-09T04:00:00Z,55.47,56.1,55.32,55.975,569537
2021-07-08T04:00:00Z,55.27,55.715,54.805,55.43,862091
2021-07-07T04:00:00Z,56.375,56.45,55.715,55.94,613972
2021-07-06T04:00:00Z,56.97,56.97,55.7,56.1,504377
2021-07-02T04:00:00Z,56.61,56.98,56.32,56.75,496991
2021-07-01T04:00:00Z,56.15,56.62,55.88,56.02,911053
2021-06-30T04:00:00Z,56.33,56.33,55.395,56.15,851620
2021-06-29T04:00:00Z,57.53,57.83,55.89,56.76,691970
2021-06-28T04:00:00Z,56.39,57.725,56.355,57.48,1476303
2021-06-25T04:00:00Z,56.11,56.4,55.75,55.945,575038
2021-06-24T04:00:00Z,55.54,56.1,55.345,56.08,507898
2021-06-23T04:00:00Z,55.91,55.91,55.24,55.26,887693
2021-06-22T04:00:00Z,55.83,56.27,55.54,55.865,555389
2021-06-21T04:00:00Z,55.78,56.035,55.375,55.905,526547
2021-06-18T04:00:00Z,56.69,56.74,55.105,55.725,1079478
2021-06-17T04:00:00Z,57.03,57.9,56.7,57.16,781196
2021-06-16T04:00:00Z,58.18,58.36,56.775,57.18,641328
2021-06-15T04:00:00Z,58.2,58.41,57.81,58,610659
2021-06-14T04:00:00Z,58.015,58.19,57.24,58.18,468983
2021-06-11T04:00:00Z,57.46,57.94,56.95,57.835,663174
2021-06-10T04:00:00Z,57.15,58.02,56.93,57.365,631068
2021-06-09T04:00:00Z,57.35,57.475,56.97,56.99,318609
2021-06-08T04:00:00Z,57.465,57.62,56.6,56.99,853727
2021-06-07T04:00:00Z,57.33,57.345,56.78,57.1,416622
2021-06-04T04:00:00Z,56.61,57.75,56.6,57.37,581231
2021-06-03T04:00:00Z,56.91,57.1,56.11,56.245,493456
2021-06-02T04:00:00Z,56.92,57.68,56.755,57.525,727815
2021-06-01T04:00:00Z,57.72,57.82,56.59,56.85,565205
2021-05-28T04:00:00Z,57.55,57.64,56.95,57.12,586677
2021-05-27T04:00:00Z,57.05,57.875,57.01,57.74,807509
2021-05-26T04:00:00Z,57.01,57.22,56.585,56.97,625094
2021-05-25T04:00:00Z,57.56,57.56,56.43,56.87,614002
2021-05-24T04:00:00Z,56.65,57.385,56.42,56.92,530759
2021-05-21T04:00:00Z,56.42,56.69,55.985,56.05,392915
2021-05-20T04:00:00Z,55.57,56.23,55.39,55.975,522433
2021-05-19T04:00:00Z,54,55.43,53.87,55.4,418515
2021-05-18T04:00:00Z,55.97,56.11,54.81,54.81,537758
2021-05-17T04:00:00Z,55.29,55.89,54.79,55.32,408091
2021-05-14T04:00:00Z,54.66,55.845,54.27,55.31,688060
2021-05-13T04:00:00Z,54.08,54.39,53.46,54.01,881254
2021-05-12T04:00:00Z,54.32,54.615,53.43,53.63,746586
2021-05-11T04:00:00Z,54.98,55.61,54.3,55.02,1042591
2021-05-10T04:00:00Z,57.16,57.23,55.885,55.91,665673
2021-05-07T04:00:00Z,57.7,58,57.26,57.72,762864
2021-05-06T04:00:00Z,56.615,57.22,56.25,57.22,792540
2021-05-05T04:00:00Z,57.05,57.29,56.49,56.85,533642
2021-05-04T04:00:00Z,56.87,56.975,55.83,56.935,1661580
2021-05-03T04:00:00Z,57.835,57.85,56.85,57.23,663223
2021-04-30T04:00:00Z,57.62,58.425,57.075,57.56,850197
2021-04-29T04:00:00Z,57.975,58.3,57.49,58.29,580283
2021-04-28T04:00:00Z,57.56,58.13,57.175,57.585,773498
2021-04-27T04:00:00Z,58.54,58.58,57.77,57.99,726252
2021-04-26T04:00:00Z,59.15,59.505,58.465,58.69,1127901
2021-04-23T04:00:00Z,59.12,60,57.9,59.225,2420464
2021-04-22T04:00:00Z,63.2,63.905,62.28,62.555,1045722
2021-04-21T04:00:00Z,62.72,63.765,62.31,63.74,428066
2021-04-20T04:00:00Z,63.64,63.71,62.43,62.665,551530
2021-04-19T04:00:00Z,64.62,64.68,63.07,63.605,539772
2021-04-16T04:00:00Z,65.33,65.51,64.57,64.72,487646
2021-04-15T04:00:00Z,63.94,65.215,63.705,65.05,694141
2021-04-14T04:00:00Z,65.305,65.35,63.85,64.225,654526
2021-04-13T04:00:00Z,65.56,65.58,64.21,65.23,456899
2021-04-12T04:00:00Z,68.2,68.48,64.71,65.445,1554891
2021-04-09T04:00:00Z,66.83,68.395,66.63,68.265,706344
2021-04-08T04:00:00Z,66.96,67.26,66.37,67.02,569890
2021-04-07T04:00:00Z,65.615,66.55,65.37,66.245,431338
2021-04-06T04:00:00Z,66.075,66.57,65.29,65.575,543278
2021-04-05T04:00:00Z,65.09,66.735,64.71,66.59,830670
2021-04-01T04:00:00Z,64.79,64.86,63.58,64.565,1013123
2021-03-31T04:00:00Z,63.98,64.48,63.585,64.04,1057965
2021-03-30T04:00:00Z,63.81,63.895,63.165,63.645,534452
2021-03-29T04:00:00Z,64.11,65.12,63.61,64.51,647036
2021-03-26T04:00:00Z,61.83,64.955,61.77,64.93,906452
2021-03-25T04:00:00Z,61.7,62.43,60.98,62.005,1154515
2021-03-24T04:00:00Z,66.59,67.44,62.005,62.005,2290128
2021-03-23T04:00:00Z,66,66,63.18,63.47,1029760
2021-03-22T04:00:00Z,64.86,66.37,64.58,65.66,848269
2021-03-19T04:00:00Z,63.1,64.98,62.925,63.73,791282
2021-03-18T04:00:00Z,65.555,65.69,63.675,63.7,773303
2021-03-17T04:00:00Z,64.31,66.27,63.72,65.8,1049045
2021-03-16T04:00:00Z,64.24,65.725,64.12,64.805,806146
2021-03-15T04:00:00Z,63.61,63.87,62.49,63.8,562971
2021-03-12T05:00:00Z,62.65,63.29,62.24,62.885,558045
2021-03-11T05:00:00Z,63.02,64.08,62.405,63.315,839676
2021-03-10T05:00:00Z,63.25,64.12,62.14,62.14,627594
2021-03-09T05:00:00Z,61.23,63.155,60.85,62.685,1174097
2021-03-08T05:00:00Z,60.45,61.68,59.745,59.81,843892
2021-03-05T05:00:00Z,59.28,61.175,58.51,60.76,1032553
2021-03-04T05:00:00Z,59.86,60.22,57.93,58.25,1045377
2021-03-03T05:00:00Z,60.64,61.5,59.71,59.855,911352
2021-03-02T05:00:00Z,62.835,63.12,61.11,61.19,511130
2021-03-01T05:00:00Z,61.735,63.075,61.66,62.955,700317
2021-02-26T05:00:00Z,60.92,61.67,59.69,60.75,822405
2021-02-25T05:00:00Z,62.45,63.52,60.13,60.34,1133458
2021-02-24T05:00:00Z,60.59,63.275,60.42,63.23,754062
2021-02-23T05:00:00Z,60.48,61.485,59.18,61.09,978581
2021-02-22T05:00:00Z,61.88,62.68,60.67,60.7,996077
2021-02-19T05:00:00Z,61.85,63.26,61.85,63,1506990
2021-02-18T05:00:00Z,60.79,61.97,60.79,61.585,562310
2021-02-17T05:00:00Z,61.5,62.185,61.215,61.835,610950
2021-02-16T05:00:00Z,61.95,62.87,61.73,62.5,945938
2021-02-12T05:00:00Z,60.56,62.505,60.44,61.845,758856
2021-02-11T05:00:00Z,59.08,60.975,58.87,60.69,858360
2021-02-10T05:00:00Z,59.29,59.42,58.135,58.89,552671
2021-02-09T05:00:00Z,58.81,59.305,57.95,58.755,895553
2021-02-08T05:00:00Z,58.43,59.2,57.955,59.19,1086844
2021-02-05T05:00:00Z,59.03,59.03,58.125,58.15,660466
2021-02-04T05:00:00Z,57.54,58.87,57.2,58.81,823838
2021-02-03T05:00:00Z,57.99,58.32,57.385,57.685,863766
2021-02-02T05:00:00Z,57.2,58.28,56.88,58,869180
2021-02-01T05:00:00Z,55.95,57.385,55.72,56.685,803134
2021-01-29T05:00:00Z,55.99,57.15,55.36,55.475,906326
2021-01-28T05:00:00Z,54.79,57.395,54.7,56.07,1367471
2021-01-27T05:00:00Z,54.6,54.84,53.305,53.515,1373346
2021-01-26T05:00:00Z,55.275,56.2,54.94,55.205,1108931
2021-01-25T05:00:00Z,56.38,56.47,54.065,55.445,1745490
2021-01-22T05:00:00Z,58.795,59.595,56.655,56.655,2651896
2021-01-21T05:00:00Z,59.06,63.93,58.24,62.165,2100371
2021-01-20T05:00:00Z,58.27,59.19,58.09,58.71,526149
2021-01-19T05:00:00Z,57.95,58.325,57.12,58.02,752467
2021-01-15T05:00:00Z,58.79,59.645,57.5,57.655,1479889
2021-01-14T05:00:00Z,58.425,60.135,57.9,59.35,2382570
2021-01-13T05:00:00Z,59.51,60.24,56.9,56.97,3783863
2021-01-12T05:00:00Z,51.87,53.845,51.57,53.235,1478727
2021-01-11T05:00:00Z,51.27,52.21,51.26,51.535,752222
2021-01-08T05:00:00Z,52.48,52.52,51.29,51.695,1160558
2021-01-07T05:00:00Z,51.57,52.685,51.305,52.155,1093826
2021-01-06T05:00:00Z,50.435,52.15,50.23,51.13,950365
2021-01-05T05:00:00Z,49.49,50.8,49.33,50.61,680659
2021-01-04T05:00:00Z,49.85,51.38,49.41,49.65,1105688
2020-12-31T05:00:00Z,48.775,50.18,48.77,49.845,608166
2020-12-30T05:00:00Z,49.11,49.18,48.57,48.725,585116
2020-12-29T05:00:00Z,47.21,50.64,46.495,49.35,2042425
2020-12-28T05:00:00Z,47.25,47.63,46.865,47.08,397717
2020-12-24T05:00:00Z,46.57,47.08,46.355,47.08,343255
2020-12-23T05:00:00Z,46.21,47.025,46.09,46.54,542225
2020-12-22T05:00:00Z,46.25,46.32,45.77,46.18,912180
2020-12-21T05:00:00Z,46.27,46.44,45.245,46.41,1268549
2020-12-18T05:00:00Z,50.54,50.68,47.14,47.49,2575370
2020-12-17T05:00:00Z,51.22,51.22,50.225,50.645,847500
2020-12-16T05:00:00Z,50.74,51.455,50.695,51.095,803895
2020-12-15T05:00:00Z,51,51,50.215,50.67,870194
2020-12-14T05:00:00Z,49.79,51.335,49.74,50.44,1103421
2020-12-11T05:00:00Z,50.05,50.05,49.115,49.73,1198089
2020-12-10T05:00:00Z,49.62,50.71,49.595,50.26,592652
2020-12-09T05:00:00Z,50.25,50.83,49.73,50.1,1033741
2020-12-08T05:00:00Z,49.82,50.715,49.82,50.69,1015940
2020-12-07T05:00:00Z,50.99,51.29,49.57,50.225,1174122
2020-12-04T05:00:00Z,51.06,52.645,51.055,51.99,1353423
2020-12-03T05:00:00Z,49.97,51.1,49.785,51.015,1334875
2020-12-02T05:00:00Z,49.22,50.055,49.19,49.9,760580
2020-12-01T05:00:00Z,48.78,50.21,48.75,49.555,1551979
2020-11-30T05:00:00Z,47.41,48.5,47.27,48.465,895896
2020-11-27T05:00:00Z,47.36,48.055,47.36,47.46,554625
2020-11-25T05:00:00Z,47.025,47.18,46.57,47.065,598995
2020-11-24T05:00:00Z,46.27,47.3,46.02,47.02,879676
2020-11-23T05:00:00Z,45.51,46.21,45.47,46.065,1299920
2020-11-20T05:00:00Z,45.63,45.875,45.335,45.39,478079
2020-11-19T05:00:00Z,44.9,45.67,44.71,45.67,738711
2020-11-18T05:00:00Z,45.55,45.675,45.045,45.045,1096814
2020-11-17T05:00:00Z,45.66,46.115,45.41,45.54,894580
2020-11-16T05:00:00Z,46.02,46.75,45.8,46.195,954883
2020-11-13T05:00:00Z,44.975,45.575,44.97,45.45,1193006
2020-11-12T05:00:00Z,46.17,46.18,44.55,44.945,1766726
2020-11-11T05:00:00Z,45.94,46.45,45.86,46.355,1513158
2020-11-10T05:00:00Z,45.39,46.475,45.255,45.45,1522487
2020-11-09T05:00:00Z,46.64,47.34,45.54,45.6,1306028
2020-11-06T05:00:00Z,45.54,45.79,44.9,45.375,1107875
2020-11-05T05:00:00Z,46.15,46.37,45.525,45.675,1040515
2020-11-04T05:00:00Z,45.11,46.14,44.795,45.715,870589
2020-11-03T05:00:00Z,44.73,45.45,44.72,44.865,1031904
2020-11-02T05:00:00Z,45.01,45.05,44.25,44.42,977194
2020-10-30T04:00:00Z,44.12,44.785,43.615,44.27,1358721
2020-10-29T04:00:00Z,44.19,44.455,43.93,44.125,1214012
2020-10-28T04:00:00Z,44.97,45.28,44.2,44.23,1027559
2020-10-27T04:00:00Z,46,46.4,45.365,45.635,1850481
2020-10-26T04:00:00Z,47.83,47.83,46.255,46.7,1693840
2020-10-23T04:00:00Z,48.36,48.65,47.665,48.2,3488877
2020-10-22T04:00:00Z,53.18,54.22,53.09,53.94,942190
2020-10-21T04:00:00Z,53.1,54.06,52.83,53.525,898448
2020-10-20T04:00:00Z,54.58,54.7,53.3,53.455,1184861
2020-10-19T04:00:00Z,54.47,55.69,53.84,54.62,1786459
2020-10-16T04:00:00Z,53.9,54.7,53.9,54.17,848805
2020-10-15T04:00:00Z,52.75,53.97,52.62,53.88,463504
2020-10-14T04:00:00Z,54.05,54.4,53.52,53.52,485371
2020-10-13T04:00:00Z,54.26,54.285,53.63,53.795,881180
2020-10-12T04:00:00Z,53.48,54.19,53.24,53.885,839909
2020-10-09T04:00:00Z,53.625,53.84,52.67,52.815,563287
2020-10-08T04:00:00Z,52.91,53.575,52.68,53.375,596235
2020-10-07T04:00:00Z,51.92,52.895,51.92,52.65,808974
2020-10-06T04:00:00Z,51.675,52.695,51.24,51.43,590808
2020-10-05T04:00:00Z,51.38,51.805,51.285,51.695,748257
2020-10-02T04:00:00Z,51.55,51.96,51,51.025,642087
2020-10-01T04:00:00Z,52.38,52.72,52,52.255,536133
2020-09-30T04:00:00Z,51.23,52.375,51.21,51.775,625593
2020-09-29T04:00:00Z,51.305,51.73,50.96,51.185,359899
2020-09-28T04:00:00Z,50.455,51.445,50.19,51.385,313071
2020-09-25T04:00:00Z,48.86,50.265,48.755,49.93,509153
2020-09-24T04:00:00Z,48.525,49.635,48.435,49.135,703626
2020-09-23T04:00:00Z,49.74,50.135,48.66,48.835,256531
2020-09-22T04:00:00Z,49.87,50.195,49.48,49.98,275485
2020-09-21T04:00:00Z,49.26,49.72,48.83,49.72,325559
2020-09-18T04:00:00Z,50.34,50.475,49.09,49.875,378488
2020-09-17T04:00:00Z,49.505,50.485,49.34,50.255,390781
2020-09-16T04:00:00Z,50.42,51.03,50.175,50.34,643572
2020-09-15T04:00:00Z,49.75,50.6,49.75,49.995,914210
2020-09-14T04:00:00Z,48.92,49.71,48.92,49.405,403073
2020-09-11T04:00:00Z,49.3,50.045,48.965,49.28,553716
2020-09-10T04:00:00Z,49.995,50.07,48.715,48.99,690198
2020-09-09T04:00:00Z,49.485,49.955,49.055,49.625,336863
2020-09-08T04:00:00Z,49.32,49.9,48.86,48.905,851858
2020-09-04T04:00:00Z,50.555,51.22,49.5,50.095,844023
2020-09-03T04:00:00Z,52.52,52.61,50.15,50.41,730019
2020-09-02T04:00:00Z,51.28,52.675,51.17,52.265,553513
2020-09-01T04:00:00Z,50.96,50.99,50.22,50.82,761259
2020-08-31T04:00:00Z,51.03,51.5,50.335,51.035,544763
2020-08-28T04:00:00Z,49.505,50.8,49.495,50.405,460013
2020-08-27T04:00:00Z,49.78,49.92,49.195,49.43,281181
2020-08-26T04:00:00Z,49.355,49.665,49.24,49.515,237884
2020-08-25T04:00:00Z,49.305,49.86,49.22,49.445,459442
2020-08-24T04:00:00Z,49.35,49.385,48.82,49.135,308299
2020-08-21T04:00:00Z,49.12,49.305,48.67,49.285,369710
2020-08-20T04:00:00Z,49.795,50.2,49.005,49.145,734263
2020-08-19T04:00:00Z,48.89,48.89,48.255,48.365,356346
2020-08-18T04:00:00Z,49.255,49.54,48.635,48.635,341462
2020-08-17T04:00:00Z,49.12,49.305,48.735,48.915,410848
2020-08-14T04:00:00Z,48.76,49.205,48.65,48.905,509101
2020-08-13T04:00:00Z,49.27,49.31,48.39,48.56,309288
2020-08-12T04:00:00Z,48.69,49.22,48.24,49.205,497149
2020-08-11T04:00:00Z,49.67,49.73,48.06,48.22,426611
2020-08-10T04:00:00Z,48.21,49.39,48.07,49.2,326163
2020-08-07T04:00:00Z,48.56,48.64,47.7,47.995,414383
2020-08-06T04:00:00Z,48.8,48.8,48.11,48.58,246962
2020-08-05T04:00:00Z,49.63,49.65,48.66,48.915,880629
2020-08-04T04:00:00Z,48.65,49.125,48.5,49.11,447744
2020-08-03T04:00:00Z,48.335,48.62,47.755,48.245,377584
2020-07-31T04:00:00Z,48.12,48.305,47,47.72,524091
2020-07-30T04:00:00Z,47.81,48.485,47.59,47.99,538909
2020-07-29T04:00:00Z,49.43,49.47,47.9,48.085,1115663
2020-07-28T04:00:00Z,49.51,50.19,49.14,49.24,1072342
2020-07-27T04:00:00Z,51.03,51.135,49.51,49.545,2381133
