2024-06-14T04:00:00Z,7.565,7.76,7.565,7.695,21834
2024-06-13T04:00:00Z,8.05,8.05,7.61,7.71,38434
2024-06-12T04:00:00Z,8.14,8.37,7.935,7.96,57599
2024-06-11T04:00:00Z,8.04,8.04,7.82,7.855,22925
2024-06-10T04:00:00Z,7.75,8.295,7.75,8.24,47412
2024-06-07T04:00:00Z,7.705,8.12,7.68,7.87,43562
2024-06-06T04:00:00Z,7.79,7.86,7.7,7.835,24180
2024-06-05T04:00:00Z,7.84,7.965,7.725,7.925,20606
2024-06-04T04:00:00Z,7.815,7.91,7.675,7.7,38983
2024-06-03T04:00:00Z,8.32,8.32,7.77,7.79,49113
2024-05-31T04:00:00Z,8.425,8.585,8.095,8.16,31670
2024-05-30T04:00:00Z,8.345,8.465,8.18,8.39,92967
2024-05-29T04:00:00Z,8.1,8.215,8.05,8.15,66457
2024-05-28T04:00:00Z,8.44,8.475,8.19,8.285,36764
2024-05-24T04:00:00Z,8.485,8.54,8.4,8.435,24389
2024-05-23T04:00:00Z,8.69,8.7,8.275,8.32,51845
2024-05-22T04:00:00Z,8.465,8.855,8.465,8.6,28215
2024-05-21T04:00:00Z,8.75,8.75,8.37,8.475,53454
2024-05-20T04:00:00Z,8.84,9,8.735,8.875,32886
2024-05-17T04:00:00Z,8.8,8.88,8.66,8.78,23204
2024-05-16T04:00:00Z,8.98,8.98,8.705,8.705,39837
2024-05-15T04:00:00Z,9.45,9.48,8.88,9,34863
2024-05-14T04:00:00Z,9.055,9.385,8.99,9.225,62698
2024-05-13T04:00:00Z,8.835,9.21,8.67,8.78,87654
2024-05-10T04:00:00Z,9.21,9.235,8.615,8.715,43317
2024-05-09T04:00:00Z,9.12,9.345,8.655,9.21,49172
2024-05-08T04:00:00Z,8.5,8.79,8.5,8.78,61333
2024-05-07T04:00:00Z,9.17,9.18,8.63,8.64,42234
2024-05-06T04:00:00Z,9.245,9.315,9.15,9.29,37720
2024-05-03T04:00:00Z,9.23,9.29,8.91,8.95,70854
2024-05-02T04:00:00Z,9.03,9.05,8.68,8.995,34830
2024-05-01T04:00:00Z,8.55,9.2,8.465,8.75,68548
2024-04-30T04:00:00Z,8.635,8.66,8.53,8.56,19440
2024-04-29T04:00:00Z,8.96,9.125,8.84,8.91,169315
2024-04-26T04:00:00Z,8.205,8.97,8.205,8.97,142105
2024-04-25T04:00:00Z,7.91,8.23,7.87,8.18,89266
2024-04-24T04:00:00Z,8.185,8.35,8.02,8.195,290890
2024-04-23T04:00:00Z,7.61,8.205,7.57,7.96,87823
2024-04-22T04:00:00Z,7.19,7.605,7.13,7.5,86628
2024-04-19T04:00:00Z,7.23,7.335,6.99,7.08,81427
2024-04-18T04:00:00Z,7.23,7.59,7.14,7.37,99904
2024-04-17T04:00:00Z,7.63,7.78,7.27,7.28,82947
2024-04-16T04:00:00Z,7.33,7.71,7.29,7.53,74456
2024-04-15T04:00:00Z,8,8,7.47,7.52,78970
2024-04-12T04:00:00Z,8.08,8.22,7.93,8.04,65510
2024-04-11T04:00:00Z,8.1,8.37,7.98,8.235,52342
2024-04-10T04:00:00Z,7.955,8.245,7.95,7.98,100054
2024-04-09T04:00:00Z,8.23,8.59,8.22,8.39,67806
2024-04-08T04:00:00Z,9.33,9.33,8.33,8.375,138494
2024-04-05T04:00:00Z,9.24,9.36,9.03,9.225,50498
2024-04-04T04:00:00Z,9.49,9.71,9.09,9.14,65577
2024-04-03T04:00:00Z,9.33,9.535,9.28,9.31,36595
2024-04-02T04:00:00Z,9.625,9.72,9.27,9.37,69912
2024-04-01T04:00:00Z,9.94,10.04,9.67,9.99,53657
2024-03-28T04:00:00Z,9.53,10.005,9.53,10,55384
2024-03-27T04:00:00Z,9.24,9.56,9.17,9.56,86506
2024-03-26T04:00:00Z,9.57,9.605,9.11,9.11,44158
2024-03-25T04:00:00Z,9.51,9.66,9.38,9.55,57176
2024-03-22T04:00:00Z,9.39,9.54,9.27,9.395,49222
2024-03-21T04:00:00Z,9.69,9.72,9.33,9.425,67347
2024-03-20T04:00:00Z,9.18,9.59,9.095,9.58,66646
2024-03-19T04:00:00Z,9.215,9.47,9.06,9.25,108481
2024-03-18T04:00:00Z,9.29,9.66,9.07,9.54,89934
2024-03-15T04:00:00Z,9.17,9.37,9.13,9.32,67053
2024-03-14T04:00:00Z,9.68,9.68,9.11,9.21,94288
2024-03-13T04:00:00Z,9.71,10.055,9.6,9.64,116463
2024-03-12T04:00:00Z,10.005,10.25,9.62,9.87,131959
2024-03-11T04:00:00Z,10.74,10.74,9.7,9.79,109578
2024-03-08T05:00:00Z,11.2,12.29,10.8,10.82,205822
2024-03-07T05:00:00Z,10.275,11.31,10.195,10.89,164213
2024-03-06T05:00:00Z,9.83,10.155,9.31,9.92,112251
2024-03-05T05:00:00Z,9.885,9.995,9.16,9.36,168397
2024-03-04T05:00:00Z,10.48,10.65,9.855,10.09,102409
2024-03-01T05:00:00Z,10.34,10.85,10.185,10.66,168829
2024-02-29T05:00:00Z,11.685,11.685,10.205,10.33,156632
2024-02-28T05:00:00Z,11.26,11.62,11.17,11.29,155168
2024-02-27T05:00:00Z,11.47,11.67,11.26,11.585,142884
2024-02-26T05:00:00Z,10.82,11.295,10.82,11.24,83501
2024-02-23T05:00:00Z,11.02,11.055,10.54,10.64,77574
2024-02-22T05:00:00Z,10.94,11.155,10.78,10.98,109526
2024-02-21T05:00:00Z,10.4,10.705,10.37,10.65,116632
2024-02-20T05:00:00Z,10.8,11,10.35,10.62,70501
2024-02-16T05:00:00Z,11.13,11.18,10.7,10.81,83855
2024-02-15T05:00:00Z,11.15,11.25,10.79,10.995,88171
2024-02-14T05:00:00Z,10.89,10.965,10.5,10.92,83568
2024-02-13T05:00:00Z,10.66,10.895,10.45,10.505,125663
2024-02-12T05:00:00Z,11.105,12.005,11.105,11.63,198607
2024-02-09T05:00:00Z,11.135,11.25,10.77,11.17,81305
2024-02-08T05:00:00Z,10.5,10.97,10.39,10.905,64940
2024-02-07T05:00:00Z,10.365,10.495,10.165,10.42,104299
2024-02-06T05:00:00Z,9.855,10.455,9.805,10.44,102213
2024-02-05T05:00:00Z,10.1,10.11,9.605,9.86,139780
2024-02-02T05:00:00Z,9.95,10.335,9.9,10.27,81977
2024-02-01T05:00:00Z,10.41,10.41,9.94,10.24,94425
2024-01-31T05:00:00Z,10.65,10.93,10.27,10.27,131019
2024-01-30T05:00:00Z,11.04,11.04,10.55,10.69,127817
2024-01-29T05:00:00Z,10.88,11.22,10.76,11.205,55446
2024-01-26T05:00:00Z,11.27,11.54,10.955,11.01,92716
2024-01-25T05:00:00Z,11.4,11.97,11.17,11.29,106544
2024-01-24T05:00:00Z,11.81,11.96,11.06,11.06,65875
2024-01-23T05:00:00Z,12.08,12.08,11.555,11.78,90731
2024-01-22T05:00:00Z,11.45,11.85,11.32,11.715,127016
2024-01-19T05:00:00Z,10.65,10.86,10.33,10.84,87699
2024-01-18T05:00:00Z,11.36,11.37,10.49,10.72,66784
2024-01-17T05:00:00Z,10.66,10.875,10.46,10.855,136642
2024-01-16T05:00:00Z,11.17,11.265,10.87,10.975,118886
2024-01-12T05:00:00Z,11.66,11.965,11.37,11.405,60379
2024-01-11T05:00:00Z,12.09,12.24,11.365,11.56,103976
2024-01-10T05:00:00Z,12.49,12.49,11.61,12.09,144456
2024-01-09T05:00:00Z,12.38,12.635,12.195,12.45,113080
2024-01-08T05:00:00Z,12.04,12.715,12.04,12.655,90477
2024-01-05T05:00:00Z,12.19,12.38,11.95,11.995,127114
2024-01-04T05:00:00Z,12,12.6,11.85,12.275,114102
2024-01-03T05:00:00Z,11.85,12.08,11.78,11.925,86124
2024-01-02T05:00:00Z,12.34,12.55,12.1,12.16,76666
2023-12-29T05:00:00Z,13.07,13.16,12.33,12.4,92097
2023-12-28T05:00:00Z,13.14,13.385,13.04,13.22,76549
2023-12-27T05:00:00Z,13.72,13.91,13.17,13.21,94809
2023-12-26T05:00:00Z,13.68,13.73,13.015,13.51,65202
2023-12-22T05:00:00Z,13.915,14.14,13.535,13.65,65018
2023-12-21T05:00:00Z,13.87,13.96,13.53,13.8,57605
2023-12-20T05:00:00Z,14.18,14.585,13.35,13.38,91911
2023-12-19T05:00:00Z,14.67,15.23,14.23,14.32,68653
2023-12-18T05:00:00Z,14.53,14.98,14.41,14.57,59597
2023-12-15T05:00:00Z,14.785,15.49,14.65,14.9,347868
2023-12-14T05:00:00Z,13.62,14.895,13.62,14.75,325173
2023-12-13T05:00:00Z,12.77,13.43,12.27,13.43,160093
2023-12-12T05:00:00Z,13.07,13.225,12.65,12.77,91798
2023-12-11T05:00:00Z,13.285,13.4,12.675,13.045,104407
2023-12-08T05:00:00Z,13.04,13.79,12.99,13.68,83405
2023-12-07T05:00:00Z,12.98,13.21,12.655,13.2,64730
2023-12-06T05:00:00Z,13.41,13.995,12.94,12.97,79630
2023-12-05T05:00:00Z,13.59,13.59,12.88,13.02,63653
2023-12-04T05:00:00Z,13.325,14.085,13.31,13.77,197976
2023-12-01T05:00:00Z,12.2,13.655,11.94,13.6,235024
2023-11-30T05:00:00Z,12.75,12.77,12.195,12.23,70532
2023-11-29T05:00:00Z,12.75,13.23,12.38,12.49,76279
2023-11-28T05:00:00Z,12,12.23,11.7,12.205,59611
2023-11-27T05:00:00Z,12.21,12.59,12.03,12.1,75054
2023-11-24T05:00:00Z,12.425,12.49,12.095,12.34,42628
2023-11-22T05:00:00Z,12.7,13.33,12.215,12.43,63098
2023-11-21T05:00:00Z,12.525,12.58,12.195,12.29,74382
2023-11-20T05:00:00Z,12.92,13.25,12.75,12.84,60174
2023-11-17T05:00:00Z,12.41,12.82,12.27,12.69,94793
2023-11-16T05:00:00Z,12.55,12.735,12.07,12.195,83052
2023-11-15T05:00:00Z,12.85,13.57,12.31,13,274391
2023-11-14T05:00:00Z,11.93,12.725,11.68,12.7,201698
2023-11-13T05:00:00Z,10.6,11.73,10.6,11.555,129178
2023-11-10T05:00:00Z,10.98,11.12,10.16,10.655,234184
2023-11-09T05:00:00Z,11.36,12.575,10.96,11.23,212279
2023-11-08T05:00:00Z,11.51,11.52,11.115,11.405,97038
2023-11-07T05:00:00Z,11.25,11.6,11.07,11.48,86755
2023-11-06T05:00:00Z,11.82,11.91,10.97,11.21,112492
2023-11-03T04:00:00Z,11.335,12.085,11.3,11.58,168094
2023-11-02T04:00:00Z,10.915,11.34,10.75,11.135,185434
2023-11-01T04:00:00Z,9.7,10.28,9.62,10.23,181125
2023-10-31T04:00:00Z,9.4,9.715,9.255,9.63,118411
2023-10-30T04:00:00Z,10.415,10.415,9.355,9.49,227695
2023-10-27T04:00:00Z,10.225,10.39,10.1,10.15,132323
2023-10-26T04:00:00Z,10.25,10.45,9.855,9.92,139203
2023-10-25T04:00:00Z,11.175,11.175,10.275,10.4,319944
2023-10-24T04:00:00Z,11.16,11.83,10.935,11.01,151810
2023-10-23T04:00:00Z,12.29,12.86,11.84,12.635,170892
2023-10-20T04:00:00Z,13.27,13.49,12.53,12.585,97659
2023-10-19T04:00:00Z,13.825,14.06,13.35,13.49,59930
2023-10-18T04:00:00Z,14.17,14.495,13.53,13.68,72701
2023-10-17T04:00:00Z,14.11,14.665,13.815,14.385,78862
2023-10-16T04:00:00Z,14.13,14.72,14.02,14.405,54189
2023-10-13T04:00:00Z,15.16,15.23,14.195,14.28,70951
2023-10-12T04:00:00Z,15.79,16.2,14.99,15.21,76617
2023-10-11T04:00:00Z,16.19,16.59,15.33,15.685,87761
2023-10-10T04:00:00Z,14.75,16.37,14.725,16.015,176600
2023-10-09T04:00:00Z,14.59,15.09,14.35,14.64,108600
2023-10-06T04:00:00Z,14.53,15.33,14.22,15.3,79434
2023-10-05T04:00:00Z,14.44,14.86,14.22,14.685,47236
2023-10-04T04:00:00Z,13.91,14.87,13.88,14.76,89049
2023-10-03T04:00:00Z,14.62,14.62,13.72,13.91,86734
2023-10-02T04:00:00Z,14.99,15.14,14.485,14.81,115254
2023-09-29T04:00:00Z,15.58,15.85,14.595,14.89,135536
2023-09-28T04:00:00Z,14.42,15.595,13.95,15.385,141878
2023-09-27T04:00:00Z,13.51,14.505,13.51,14.24,127057
2023-09-26T04:00:00Z,13.26,13.66,12.985,13.095,91740
2023-09-25T04:00:00Z,13.255,13.64,12.98,13.41,93980
2023-09-22T04:00:00Z,14.075,14.34,13.19,13.285,148819
2023-09-21T04:00:00Z,14.48,14.63,13.51,13.53,237509
2023-09-20T04:00:00Z,15.9,16.42,14.785,14.79,149632
2023-09-19T04:00:00Z,16.37,16.59,15.72,15.77,112507
2023-09-18T04:00:00Z,17.05,17.6,16.115,16.16,135238
2023-09-15T04:00:00Z,17.99,17.99,16.775,17.09,97953
2023-09-14T04:00:00Z,18.83,19.24,17.81,18.02,71935
2023-09-13T04:00:00Z,19.265,19.945,18.58,18.7,128069
2023-09-12T04:00:00Z,19.27,21.59,19.12,19.315,153113
2023-09-11T04:00:00Z,19.06,19.73,18.76,19.685,117348
2023-09-08T04:00:00Z,17.61,19.345,17.61,19.34,144720
2023-09-07T04:00:00Z,18.45,18.455,16.6,17.48,131616
2023-09-06T04:00:00Z,18.87,20.025,18.67,19.59,128690
2023-09-05T04:00:00Z,17.3,19.065,17.3,18.98,143062
2023-09-01T04:00:00Z,17.325,17.605,16.57,17.495,53480
2023-08-31T04:00:00Z,17.26,17.515,16.57,17.2,53687
2023-08-30T04:00:00Z,16.31,17.42,16.11,17.12,171566
2023-08-29T04:00:00Z,15.22,16.595,14.985,16.49,89266
2023-08-28T04:00:00Z,14.82,15.39,14.32,15.275,62285
2023-08-25T04:00:00Z,14.62,15.33,14.2,14.675,101799
2023-08-24T04:00:00Z,16.39,16.39,14.185,14.615,104848
2023-08-23T04:00:00Z,14.89,16.25,14.65,16.1,98388
2023-08-22T04:00:00Z,14.82,15.05,14.2,14.93,90007
2023-08-21T04:00:00Z,13.65,14.475,13.355,14.395,98574
2023-08-18T04:00:00Z,12.41,13.645,12.2,13.425,191268
2023-08-17T04:00:00Z,13.955,13.955,13,13.005,139245
2023-08-16T04:00:00Z,15.31,15.32,13.615,13.685,157129
2023-08-15T04:00:00Z,14.7,16.765,14.565,15.56,232342
2023-08-14T04:00:00Z,16.47,16.47,14.66,14.89,170867
2023-08-11T04:00:00Z,14.95,17.725,14.94,15.715,413712
2023-08-10T04:00:00Z,14.71,15.27,14.175,14.185,147722
2023-08-09T04:00:00Z,15.62,15.7,14.1,14.49,91645
2023-08-08T04:00:00Z,14.85,15.48,14.76,15.32,111209
2023-08-07T04:00:00Z,17.3,17.3,15,15.585,170755
2023-08-04T04:00:00Z,18.26,18.51,17.17,17.39,75408
2023-08-03T04:00:00Z,18,19,17.93,18.285,62142
2023-08-02T04:00:00Z,19.11,19.4,17.305,18.33,159225
2023-08-01T04:00:00Z,18.48,20.12,18.47,19.875,304929
2023-07-31T04:00:00Z,18.75,19.25,18.08,19.25,112901
2023-07-28T04:00:00Z,15.895,17.99,15.85,17.94,101872
2023-07-27T04:00:00Z,16.65,16.98,15.31,15.53,93231
2023-07-26T04:00:00Z,15.38,16.375,14.96,16.18,83842
2023-07-25T04:00:00Z,14.535,15.81,14.535,15.22,54614
2023-07-24T04:00:00Z,14.57,14.79,14.15,14.395,28197
2023-07-21T04:00:00Z,15.22,15.47,14.2,14.42,76035
2023-07-20T04:00:00Z,15.41,16.06,14.78,14.935,76736
2023-07-19T04:00:00Z,16.02,16.3,14.89,15.53,86191
2023-07-18T04:00:00Z,14.87,15.85,14.84,15.72,127378
2023-07-17T04:00:00Z,13.78,14.935,13.54,14.89,74252
2023-07-14T04:00:00Z,14.63,15.33,13.415,13.54,113890
2023-07-13T04:00:00Z,14.71,14.88,14.01,14.46,108869
2023-07-12T04:00:00Z,14.13,14.82,13.635,14.705,110098
2023-07-11T04:00:00Z,14.105,14.54,13.525,13.86,70821
2023-07-10T04:00:00Z,13.48,14.115,12.935,14.025,58107
2023-07-07T04:00:00Z,13.79,14.12,13.22,13.27,73564
2023-07-06T04:00:00Z,13.86,13.86,12.7,13.285,64043
2023-07-05T04:00:00Z,13.49,15.045,13.36,14.12,147509
2023-07-03T04:00:00Z,13.74,14.26,13.325,13.51,51251
2023-06-30T04:00:00Z,13.89,14.795,13.42,13.52,195818
2023-06-29T04:00:00Z,13.195,14.06,12.89,13.53,166979
2023-06-28T04:00:00Z,10.67,13.55,10.67,13.345,300731
2023-06-27T04:00:00Z,10.48,10.88,10.29,10.795,105613
2023-06-26T04:00:00Z,9.64,10.77,9.55,10.315,161107
2023-06-23T04:00:00Z,10.06,10.65,9.225,9.375,213751
2023-06-22T04:00:00Z,9.015,9.535,9.015,9.44,42689
2023-06-21T04:00:00Z,9.12,9.365,8.83,9.225,110069
2023-06-20T04:00:00Z,9.64,9.695,9.12,9.315,92546
2023-06-16T04:00:00Z,9.96,9.96,9.62,9.7,63156
2023-06-15T04:00:00Z,9.89,10.025,9.73,9.95,53703
2023-06-14T04:00:00Z,10.49,11.52,9.73,9.94,172510
2023-06-13T04:00:00Z,10.81,10.81,9.95,10.64,158487
2023-06-12T04:00:00Z,10.77,11.185,10.275,10.53,96119
2023-06-09T04:00:00Z,10.43,11.305,10.34,10.555,103992
2023-06-08T04:00:00Z,9.63,10.86,9.46,10.64,115987
2023-06-07T04:00:00Z,9.965,10.48,9.415,9.45,102402
2023-06-06T04:00:00Z,9.525,10.05,9.3,9.8,97490
2023-06-05T04:00:00Z,9.45,9.9,8.9,9.83,147484
2023-06-02T04:00:00Z,10.67,10.7,9.065,9.21,179432
2023-06-01T04:00:00Z,10.615,11.315,10.46,10.72,164503
2023-05-31T04:00:00Z,10.575,11.06,10.31,10.79,123036
2023-05-30T04:00:00Z,10.19,11.095,9.88,10.995,253890
2023-05-26T04:00:00Z,9.48,10.215,9.48,10,156885
2023-05-25T04:00:00Z,10.52,10.62,9.235,9.35,164281
2023-05-24T04:00:00Z,9.68,10.35,9.16,10.24,101223
2023-05-23T04:00:00Z,10.93,11.645,10.67,10.83,159974
2023-05-22T04:00:00Z,8.95,11.3,8.895,10.875,410653
2023-05-19T04:00:00Z,9.09,9.31,8.77,8.88,72559
2023-05-18T04:00:00Z,8.97,9.44,8.545,9.09,126133
2023-05-17T04:00:00Z,7.98,9.145,7.92,8.955,339695
2023-05-16T04:00:00Z,7.07,8.055,7.06,7.985,121537
2023-05-15T04:00:00Z,6.47,7.455,6.35,7.335,104199
2023-05-12T04:00:00Z,6.4,6.645,6,6.35,117106
2023-05-11T04:00:00Z,6.86,7.11,6.655,7.055,91032
2023-05-10T04:00:00Z,6.52,6.97,6.475,6.95,53788
2023-05-09T04:00:00Z,6.12,6.455,6.12,6.38,30607
2023-05-08T04:00:00Z,6.065,6.235,6,6.145,82919
2023-05-05T04:00:00Z,5.78,5.95,5.705,5.885,70093
2023-05-04T04:00:00Z,5.395,5.585,5.395,5.58,37699
2023-05-03T04:00:00Z,5.35,5.52,5.31,5.4,41038
2023-05-02T04:00:00Z,5.47,5.52,5.305,5.305,44492
2023-05-01T04:00:00Z,5.47,5.65,5.455,5.495,55659
2023-04-28T04:00:00Z,5.57,5.57,5.415,5.5,65925
2023-04-27T04:00:00Z,5.52,5.655,5.46,5.55,64922
2023-04-26T04:00:00Z,5.54,5.585,5.375,5.39,29272
2023-04-25T04:00:00Z,5.68,5.735,5.45,5.51,24897
2023-04-24T04:00:00Z,6.29,6.33,5.825,5.84,72890
2023-04-21T04:00:00Z,6.105,6.265,6.015,6.25,39024
2023-04-20T04:00:00Z,6.02,6.23,6,6.095,25066
2023-04-19T04:00:00Z,6.16,6.345,6.16,6.285,52339
2023-04-18T04:00:00Z,6.6,6.6,6.27,6.395,64116
2023-04-17T04:00:00Z,6.66,6.865,6.425,6.535,31956
2023-04-14T04:00:00Z,6.725,6.95,6.535,6.7,68425
2023-04-13T04:00:00Z,6.65,6.925,6.65,6.815,37791
2023-04-12T04:00:00Z,6.94,6.98,6.51,6.585,64376
2023-04-11T04:00:00Z,6.89,7.34,6.7,6.765,104960
2023-04-10T04:00:00Z,6.8,7,6.645,6.825,38253
2023-04-06T04:00:00Z,6.3,6.95,6.235,6.81,70936
2023-04-05T04:00:00Z,7.1,7.15,6.445,6.65,136630
2023-04-04T04:00:00Z,6.43,7.17,6.38,7.07,153034
2023-04-03T04:00:00Z,6.29,6.515,5.91,6.15,124770
2023-03-31T04:00:00Z,5.34,6.77,5.255,6.15,417713
2023-03-30T04:00:00Z,5.16,5.34,5.04,5.09,50100
2023-03-29T04:00:00Z,4.86,5.13,4.84,5.115,32122
2023-03-28T04:00:00Z,5.12,5.13,4.665,4.7,40408
2023-03-27T04:00:00Z,4.92,5.21,4.865,5.13,38724
2023-03-24T04:00:00Z,4.84,4.945,4.745,4.89,18469
2023-03-23T04:00:00Z,4.73,5.07,4.725,4.83,20893
2023-03-22T04:00:00Z,4.88,4.92,4.65,4.66,29786
2023-03-21T04:00:00Z,4.68,4.935,4.655,4.885,57181
2023-03-20T04:00:00Z,4.695,4.72,4.61,4.61,18357
2023-03-17T04:00:00Z,4.85,4.885,4.64,4.73,22524
2023-03-16T04:00:00Z,4.76,4.88,4.7,4.815,15264
2023-03-15T04:00:00Z,4.65,4.775,4.65,4.77,15949
2023-03-14T04:00:00Z,4.77,4.91,4.735,4.805,30607
2023-03-13T04:00:00Z,4.44,4.785,4.405,4.725,67201
2023-03-10T05:00:00Z,4.8,4.8,4.49,4.55,61668
2023-03-09T05:00:00Z,5.13,5.15,4.775,4.825,29852
2023-03-08T05:00:00Z,5,5.14,4.88,5.06,13329
2023-03-07T05:00:00Z,4.89,5.115,4.85,4.93,17187
2023-03-06T05:00:00Z,5.08,5.2,4.905,4.92,22012
2023-03-03T05:00:00Z,4.8,5.045,4.795,5.03,15621
2023-03-02T05:00:00Z,4.51,4.77,4.46,4.75,21754
2023-03-01T05:00:00Z,4.7,4.73,4.57,4.62,18675
2023-02-28T05:00:00Z,4.665,4.81,4.655,4.745,25557
2023-02-27T05:00:00Z,4.655,4.665,4.59,4.62,16843
2023-02-24T05:00:00Z,4.62,4.7,4.525,4.57,29793
2023-02-23T05:00:00Z,4.88,4.88,4.635,4.785,19737
2023-02-22T05:00:00Z,4.655,4.775,4.56,4.75,37374
2023-02-21T05:00:00Z,4.885,4.905,4.62,4.64,42396
2023-02-17T05:00:00Z,5.15,5.195,4.8,4.875,31860
2023-02-16T05:00:00Z,5.48,5.56,5.26,5.26,25649
2023-02-15T05:00:00Z,5.04,5.65,5.04,5.65,48326
2023-02-14T05:00:00Z,4.72,5.065,4.695,4.995,21788
2023-02-13T05:00:00Z,4.735,4.9,4.7,4.89,21508
2023-02-10T05:00:00Z,4.71,4.925,4.71,4.82,17486
2023-02-09T05:00:00Z,5.21,5.21,4.67,4.69,60747
2023-02-08T05:00:00Z,5.15,5.475,5.1,5.125,31721
2023-02-07T05:00:00Z,5.4,5.405,4.96,5.15,78632
2023-02-06T05:00:00Z,5.81,5.99,5.35,5.41,86751
2023-02-03T05:00:00Z,5.24,5.695,5.24,5.505,37745
2023-02-02T05:00:00Z,4.955,5.57,4.925,5.48,141379
2023-02-01T05:00:00Z,4.5,4.785,4.4,4.76,53374
2023-01-31T05:00:00Z,4.515,4.575,4.43,4.44,37161
2023-01-30T05:00:00Z,4.43,4.58,4.41,4.465,26427
2023-01-27T05:00:00Z,4.47,4.555,4.435,4.475,70058
2023-01-26T05:00:00Z,4.655,4.655,4.305,4.535,21113
2023-01-25T05:00:00Z,4.33,4.52,4.28,4.495,13778
2023-01-24T05:00:00Z,4.43,4.58,4.415,4.445,25330
2023-01-23T05:00:00Z,4.51,4.605,4.395,4.48,54870
2023-01-20T05:00:00Z,4.24,4.42,4.15,4.34,35396
2023-01-19T05:00:00Z,4.105,4.14,4.01,4.01,38834
2023-01-18T05:00:00Z,4.42,4.545,4.21,4.21,30371
2023-01-17T05:00:00Z,4.4,4.4,4.2,4.35,59179
2023-01-13T05:00:00Z,3.95,4.42,3.95,4.405,55249
2023-01-12T05:00:00Z,3.895,4.05,3.705,4.04,67020
2023-01-11T05:00:00Z,3.88,3.985,3.795,3.86,45567
2023-01-10T05:00:00Z,3.81,3.84,3.685,3.805,42824
2023-01-09T05:00:00Z,3.89,4.01,3.79,3.805,82174
2023-01-06T05:00:00Z,3.675,3.77,3.59,3.77,23788
2023-01-05T05:00:00Z,3.555,3.69,3.535,3.65,60828
2023-01-04T05:00:00Z,3.57,3.695,3.515,3.605,30338
2023-01-03T05:00:00Z,3.56,3.67,3.42,3.47,26182
2022-12-30T05:00:00Z,3.435,3.52,3.38,3.45,34417
2022-12-29T05:00:00Z,3.15,3.67,3.145,3.535,57290
2022-12-28T05:00:00Z,3.15,3.195,3.05,3.11,36394
2022-12-27T05:00:00Z,3.25,3.25,3.05,3.1,40632
2022-12-23T05:00:00Z,3.395,3.395,3.275,3.295,101637
2022-12-22T05:00:00Z,3.55,3.58,3.365,3.365,41262
2022-12-21T05:00:00Z,3.74,3.82,3.67,3.69,18124
2022-12-20T05:00:00Z,3.65,3.81,3.63,3.71,46004
2022-12-19T05:00:00Z,3.885,3.89,3.64,3.69,47905
2022-12-16T05:00:00Z,3.95,3.95,3.775,3.86,45581
2022-12-15T05:00:00Z,4.155,4.2,3.88,3.91,107521
2022-12-14T05:00:00Z,4.48,4.485,4.17,4.225,29988
2022-12-13T05:00:00Z,4.72,4.725,4.275,4.32,40706
2022-12-12T05:00:00Z,4.41,4.47,4.38,4.46,29270
2022-12-09T05:00:00Z,4.615,4.665,4.48,4.48,33441
2022-12-08T05:00:00Z,4.465,4.64,4.35,4.62,43750
2022-12-07T05:00:00Z,4.39,4.435,4.32,4.355,21023
2022-12-06T05:00:00Z,4.65,4.65,4.33,4.345,50871
2022-12-05T05:00:00Z,4.84,4.865,4.61,4.64,48703
2022-12-02T05:00:00Z,4.86,4.975,4.76,4.925,66906
2022-12-01T05:00:00Z,5.13,5.23,4.955,4.96,37417
2022-11-30T05:00:00Z,4.9,5.15,4.795,5.145,85308
2022-11-29T05:00:00Z,4.94,4.98,4.81,4.825,45926
2022-11-28T05:00:00Z,4.88,5.005,4.88,4.945,45992
2022-11-25T05:00:00Z,4.945,5.005,4.92,4.92,13538
2022-11-23T05:00:00Z,4.91,4.975,4.845,4.965,43003
2022-11-22T05:00:00Z,4.87,4.87,4.745,4.855,30136
2022-11-21T05:00:00Z,4.88,4.91,4.755,4.795,21958
2022-11-18T05:00:00Z,4.895,5.02,4.84,4.92,46444
2022-11-17T05:00:00Z,5,5.09,4.81,4.9,70552
2022-11-16T05:00:00Z,5.55,5.615,5.2,5.255,39892
2022-11-15T05:00:00Z,5.82,6.26,5.48,5.66,74251
2022-11-14T05:00:00Z,5.775,6.075,5.64,6,54954
2022-11-11T05:00:00Z,5.41,5.925,5.41,5.84,24534
2022-11-10T05:00:00Z,5.14,5.545,5.075,5.535,34725
2022-11-09T05:00:00Z,4.9,4.9,4.615,4.615,36654
2022-11-08T05:00:00Z,5.275,5.275,4.945,4.965,111920
2022-11-07T05:00:00Z,5.25,5.275,5.115,5.26,33728
2022-11-04T04:00:00Z,5.33,5.33,5.025,5.155,23468
2022-11-03T04:00:00Z,5.27,5.385,5.15,5.15,20654
2022-11-02T04:00:00Z,5.58,5.7,5.325,5.33,22841
2022-11-01T04:00:00Z,6.07,6.07,5.605,5.61,22811
2022-10-31T04:00:00Z,5.7,5.925,5.67,5.91,35774
2022-10-28T04:00:00Z,5.58,5.7,5.455,5.695,23403
2022-10-27T04:00:00Z,5.615,5.73,5.42,5.5,32202
2022-10-26T04:00:00Z,5.285,5.6,5.26,5.545,37406
2022-10-25T04:00:00Z,5.185,5.46,5.185,5.4,30918
2022-10-24T04:00:00Z,5.12,5.12,4.925,5.06,33994
2022-10-21T04:00:00Z,4.995,5.15,4.965,5.14,12529
2022-10-20T04:00:00Z,5,5.245,4.98,5.06,18652
2022-10-19T04:00:00Z,5.065,5.065,4.905,5.01,22830
2022-10-18T04:00:00Z,5.34,5.36,5.02,5.085,33961
2022-10-17T04:00:00Z,5.13,5.255,5.105,5.14,26024
2022-10-14T04:00:00Z,5.245,5.255,4.86,4.86,14687
2022-10-13T04:00:00Z,4.76,5.19,4.76,5.17,34921
2022-10-12T04:00:00Z,4.92,5.05,4.85,5.045,36701
2022-10-11T04:00:00Z,5.05,5.055,4.54,4.88,34903
2022-10-10T04:00:00Z,5.33,5.33,4.99,5.07,35611
2022-10-07T04:00:00Z,5.53,5.53,5.255,5.28,33056
2022-10-06T04:00:00Z,5.71,5.915,5.63,5.655,21701
2022-10-05T04:00:00Z,5.61,5.76,5.49,5.715,29461
2022-10-04T04:00:00Z,5.555,5.975,5.47,5.87,56540
2022-10-03T04:00:00Z,5.16,5.31,4.965,5.26,43841
2022-09-30T04:00:00Z,5.075,5.495,4.93,5.08,135913
2022-09-29T04:00:00Z,4.97,4.97,4.665,4.8,27075
2022-09-28T04:00:00Z,4.755,5.12,4.755,5.07,23356
2022-09-27T04:00:00Z,4.98,5.035,4.775,4.85,11140
2022-09-26T04:00:00Z,4.95,5.015,4.745,4.79,42976
2022-09-23T04:00:00Z,4.8,4.8,4.65,4.775,61921
2022-09-22T04:00:00Z,5.21,5.21,4.855,4.96,28592
2022-09-21T04:00:00Z,5.275,5.51,5.19,5.2,28200
2022-09-20T04:00:00Z,5.36,5.41,5.22,5.26,16982
2022-09-19T04:00:00Z,5.375,5.5,5.23,5.39,27031
2022-09-16T04:00:00Z,5.62,5.665,5.41,5.49,92336
2022-09-15T04:00:00Z,5.61,5.975,5.6,5.755,30672
2022-09-14T04:00:00Z,5.59,5.95,5.465,5.785,74881
2022-09-13T04:00:00Z,5.59,5.74,5.495,5.605,34604
2022-09-12T04:00:00Z,5.55,5.92,5.435,5.915,27915
2022-09-09T04:00:00Z,5.35,5.48,5.255,5.385,49934
2022-09-08T04:00:00Z,5.295,5.355,5.11,5.24,43287
2022-09-07T04:00:00Z,5.56,5.64,5.15,5.29,80056
2022-09-06T04:00:00Z,5.7,5.72,5.57,5.62,20514
2022-09-02T04:00:00Z,5.75,5.87,5.64,5.685,22994
2022-09-01T04:00:00Z,5.84,5.84,5.59,5.79,39954
2022-08-31T04:00:00Z,6.02,6.03,5.78,5.94,32369
2022-08-30T04:00:00Z,6.22,6.22,5.84,5.88,56983
2022-08-29T04:00:00Z,6.14,6.34,6.14,6.185,31881
2022-08-26T04:00:00Z,6.79,6.79,6.155,6.185,67339
2022-08-25T04:00:00Z,6.8,6.865,6.54,6.83,43525
2022-08-24T04:00:00Z,6.45,7.1,6.405,6.57,49048
2022-08-23T04:00:00Z,6.53,6.72,6.41,6.435,22797
2022-08-22T04:00:00Z,6.43,6.6,6.3,6.405,47133
2022-08-19T04:00:00Z,7.25,7.32,6.595,6.615,77704
2022-08-18T04:00:00Z,8.01,8.135,7.62,7.63,34997
2022-08-17T04:00:00Z,8.03,8.215,7.615,7.87,79997
2022-08-16T04:00:00Z,7.09,8.605,7.08,8.395,253256
2022-08-15T04:00:00Z,6.33,6.48,6.195,6.37,40597
2022-08-12T04:00:00Z,6.28,6.28,5.99,6.2,54146
2022-08-11T04:00:00Z,6.47,6.555,6.06,6.07,45215
2022-08-10T04:00:00Z,5.99,6.4,5.99,6.335,85773
2022-08-09T04:00:00Z,5.985,6.03,5.62,5.73,29120
2022-08-08T04:00:00Z,6.55,6.64,6.12,6.15,43931
2022-08-05T04:00:00Z,6.18,6.435,6.075,6.42,68019
2022-08-04T04:00:00Z,6.04,6.275,5.96,6.2,67713
2022-08-03T04:00:00Z,5.63,5.92,5.63,5.895,144304
2022-08-02T04:00:00Z,5.23,5.61,5.23,5.51,27292
2022-08-01T04:00:00Z,5.37,5.385,5.2,5.26,31488
2022-07-29T04:00:00Z,5.2,5.405,5.145,5.395,29721
2022-07-28T04:00:00Z,5.1,5.29,5.02,5.29,32125
2022-07-27T04:00:00Z,4.84,5.145,4.775,5.09,25259
2022-07-26T04:00:00Z,4.9,4.9,4.68,4.72,39512
2022-07-25T04:00:00Z,4.87,4.98,4.85,4.94,28738
2022-07-22T04:00:00Z,5.21,5.21,4.79,4.89,28739
2022-07-21T04:00:00Z,5.09,5.26,4.99,5.26,32051
2022-07-20T04:00:00Z,4.8,5.215,4.8,5.11,57197
2022-07-19T04:00:00Z,4.65,4.86,4.6,4.735,42582
2022-07-18T04:00:00Z,4.68,4.77,4.56,4.595,38176
2022-07-15T04:00:00Z,4.46,4.53,4.34,4.525,33979
2022-07-14T04:00:00Z,4.37,4.475,4.33,4.41,19925
2022-07-13T04:00:00Z,4.3,4.51,4.295,4.43,19624
2022-07-12T04:00:00Z,4.69,4.74,4.46,4.475,27925
2022-07-11T04:00:00Z,4.96,4.96,4.62,4.63,35346
2022-07-08T04:00:00Z,4.9,5.105,4.86,5.06,33355
2022-07-07T04:00:00Z,4.62,5.06,4.51,5.05,41331
2022-07-06T04:00:00Z,4.635,4.635,4.47,4.6,32858
2022-07-05T04:00:00Z,4.32,4.55,4.23,4.545,37762
2022-07-01T04:00:00Z,4.39,4.48,4.31,4.385,36247
2022-06-30T04:00:00Z,4.43,4.475,4.22,4.385,42063
2022-06-29T04:00:00Z,4.56,4.62,4.42,4.465,56231
2022-06-28T04:00:00Z,4.9,5.04,4.67,4.7,50474
2022-06-27T04:00:00Z,5.275,5.28,4.81,4.815,45842
2022-06-24T04:00:00Z,5.17,5.32,5.1,5.11,204920
2022-06-23T04:00:00Z,5.05,5.125,4.855,5.115,107921
2022-06-22T04:00:00Z,5.02,5.315,4.94,4.985,103984
2022-06-21T04:00:00Z,5.18,5.445,5.12,5.135,122777
2022-06-17T04:00:00Z,4.915,5.12,4.81,5.035,100814
2022-06-16T04:00:00Z,4.835,4.915,4.615,4.75,163554
2022-06-15T04:00:00Z,4.66,5.105,4.66,4.995,131158
2022-06-14T04:00:00Z,4.58,4.695,4.39,4.62,83781
2022-06-13T04:00:00Z,4.65,4.785,4.505,4.53,94582
2022-06-10T04:00:00Z,5.3,5.3,4.91,4.915,68121
2022-06-09T04:00:00Z,5.8,5.835,5.33,5.35,84168
2022-06-08T04:00:00Z,5.54,6.03,5.54,5.84,90775
2022-06-07T04:00:00Z,5.62,5.77,5.3,5.51,164497
2022-06-06T04:00:00Z,5.73,5.975,5.59,5.645,171677
2022-06-03T04:00:00Z,5.67,5.73,5.45,5.53,84590
2022-06-02T04:00:00Z,5.31,5.835,5.25,5.79,98466
2022-06-01T04:00:00Z,5.75,5.82,5.23,5.285,89865
2022-05-31T04:00:00Z,6.04,6.075,5.485,5.75,179640
2022-05-27T04:00:00Z,5.9,6.115,5.68,5.92,243191
2022-05-26T04:00:00Z,5.54,6.06,5.54,5.75,129060
2022-05-25T04:00:00Z,5.38,5.73,5.33,5.72,64515
2022-05-24T04:00:00Z,5.68,5.68,5.295,5.39,48616
2022-05-23T04:00:00Z,5.54,5.785,5.42,5.75,51751
2022-05-20T04:00:00Z,5.81,5.81,5.315,5.62,60866
2022-05-19T04:00:00Z,5.52,5.92,5.49,5.82,110311
2022-05-18T04:00:00Z,5.63,6.34,5.4,5.45,153142
2022-05-17T04:00:00Z,5.21,5.78,5.14,5.69,159475
2022-05-16T04:00:00Z,5.22,5.25,4.83,4.835,111774
2022-05-13T04:00:00Z,4.96,5.32,4.96,5.2,136452
2022-05-12T04:00:00Z,4.38,5,4.17,4.755,107805
2022-05-11T04:00:00Z,4.88,4.88,4.29,4.36,168531
2022-05-10T04:00:00Z,5.29,5.29,4.78,4.89,152189
2022-05-09T04:00:00Z,5.7,5.81,5.05,5.095,295817
2022-05-06T04:00:00Z,6.17,6.29,5.68,5.925,143952
2022-05-05T04:00:00Z,7.24,7.24,6.18,6.23,239400
2022-05-04T04:00:00Z,6.74,7.51,6.48,7.495,258419
2022-05-03T04:00:00Z,7.53,7.65,6.89,7.15,608943
2022-05-02T04:00:00Z,7.85,8.07,7.64,7.86,87620
2022-04-29T04:00:00Z,8.27,8.5,7.86,7.86,56619
2022-04-28T04:00:00Z,8.33,8.395,7.78,8.305,58539
2022-04-27T04:00:00Z,8.2,8.53,8.1,8.2,113185
2022-04-26T04:00:00Z,9.11,9.15,8.11,8.11,182862
2022-04-25T04:00:00Z,9.18,9.325,8.83,9.145,109232
2022-04-22T04:00:00Z,9.58,9.67,8.815,9.2,90067
2022-04-21T04:00:00Z,10.01,10.01,9.415,9.495,133782
2022-04-20T04:00:00Z,10.91,10.91,9.79,9.79,165298
2022-04-19T04:00:00Z,10.66,11.01,10.16,10.9,83245
2022-04-18T04:00:00Z,10.73,10.83,10.27,10.61,80559
2022-04-14T04:00:00Z,11.33,11.33,10.63,10.66,74530
2022-04-13T04:00:00Z,10.94,11.65,10.83,11.37,70692
2022-04-12T04:00:00Z,11.345,11.345,10.9,10.99,74832
2022-04-11T04:00:00Z,11.86,11.86,10.775,10.78,127483
2022-04-08T04:00:00Z,12.38,12.49,12.07,12.33,39372
2022-04-07T04:00:00Z,12.38,12.73,12.13,12.425,60885
2022-04-06T04:00:00Z,12.32,12.42,11.73,12.31,68245
2022-04-05T04:00:00Z,13.39,13.435,12.4,12.59,93303
2022-04-04T04:00:00Z,12.99,13.74,12.86,13.58,60647
2022-04-01T04:00:00Z,12.92,13.07,12.42,13.06,61794
2022-03-31T04:00:00Z,12.47,13.22,12.255,12.76,81383
2022-03-30T04:00:00Z,12.345,13.24,12.16,12.33,123429
2022-03-29T04:00:00Z,13.285,13.285,12.145,12.375,291281
2022-03-28T04:00:00Z,13.27,13.56,12.71,13.14,63756
2022-03-25T04:00:00Z,13.95,13.95,12.97,13.16,109448
2022-03-24T04:00:00Z,14.29,14.31,13.72,13.97,54270
2022-03-23T04:00:00Z,14.65,14.65,13.93,14.2,78561
2022-03-22T04:00:00Z,14.69,15.28,14.69,14.79,67397
2022-03-21T04:00:00Z,14.53,15.44,14,14.64,64018
2022-03-18T04:00:00Z,13.9,14.35,13.72,14.35,59112
2022-03-17T04:00:00Z,13.16,13.99,12.98,13.83,50878
2022-03-16T04:00:00Z,12.57,13.17,12.41,13.07,61720
2022-03-15T04:00:00Z,11.735,12.58,11.33,12.49,64905
2022-03-14T04:00:00Z,12.04,12.34,11.24,11.415,67359
2022-03-11T05:00:00Z,12.87,12.89,12.27,12.33,60532
2022-03-10T05:00:00Z,12.44,12.85,11.84,12.76,111971
2022-03-09T05:00:00Z,12.15,12.62,11.77,12.51,39762
2022-03-07T05:00:00Z,12.54,12.9,11.87,11.88,81852
2022-03-04T05:00:00Z,13.695,13.695,12.18,12.35,85730
2022-03-03T05:00:00Z,14.66,14.66,13.215,13.28,66014
2022-03-02T05:00:00Z,14.86,14.985,14.41,14.67,47811
2022-03-01T05:00:00Z,15.8,15.8,14.35,14.505,47985
2022-02-28T05:00:00Z,15.41,16.56,15.26,15.99,33258
2022-02-25T05:00:00Z,15.315,15.65,14.84,15.1,43138
2022-02-24T05:00:00Z,12.91,15.47,12.91,15.47,44786
2022-02-23T05:00:00Z,14.83,14.97,13.645,13.725,36005
2022-02-22T05:00:00Z,14.24,15.38,14.15,14.54,38239
2022-02-18T05:00:00Z,15.25,15.28,14.16,14.69,49568
2022-02-17T05:00:00Z,15.58,16.01,14.89,15.495,47017
2022-02-16T05:00:00Z,16.145,16.3,15.33,15.81,39917
2022-02-15T05:00:00Z,16.7,17.11,15.6,16.53,104742
2022-02-14T05:00:00Z,16.05,17.62,16.05,16.55,43040
2022-02-11T05:00:00Z,15.215,17.18,14.86,16.83,107491
2022-02-10T05:00:00Z,13.93,16.19,13.92,14.78,100382
2022-02-09T05:00:00Z,13.16,14.25,12.84,14.25,70413
2022-02-08T05:00:00Z,13.13,13.27,12.55,12.94,42863
2022-02-07T05:00:00Z,13.11,13.6,12.58,13.16,51316
2022-02-04T05:00:00Z,11.56,13,11.4,12.9,71336
2022-02-03T05:00:00Z,11.02,11.7,11,11.38,42204
2022-02-02T05:00:00Z,12.32,12.32,11.17,11.46,53942
2022-02-01T05:00:00Z,11.55,12.205,11.135,12.195,54193
2022-01-31T05:00:00Z,10.16,11.43,10.07,11.43,48581
2022-01-28T05:00:00Z,9.805,10.14,9.17,10.095,73443
2022-01-27T05:00:00Z,10.97,10.97,9.5,9.505,87514
2022-01-26T05:00:00Z,11.13,11.61,10.47,10.74,82708
2022-01-25T05:00:00Z,10.79,10.79,10.205,10.45,59172
2022-01-24T05:00:00Z,10.28,10.91,9.505,10.91,167160
2022-01-21T05:00:00Z,11.55,11.72,10.795,10.89,96788
2022-01-20T05:00:00Z,11.94,12.66,11.655,11.72,62201
2022-01-19T05:00:00Z,12.44,12.46,11.78,11.79,42943
2022-01-18T05:00:00Z,12.37,12.8,12.09,12.175,55343
2022-01-14T05:00:00Z,13.15,13.37,12.63,12.945,36598
2022-01-13T05:00:00Z,14.1,14.16,12.93,12.98,43632
2022-01-12T05:00:00Z,14.9,15,13.93,14.085,26917
2022-01-11T05:00:00Z,13.78,14.79,13.78,14.68,37671
2022-01-10T05:00:00Z,13.7,13.8,12.91,13.71,204947
2022-01-07T05:00:00Z,14.92,15.02,14.12,14.36,137206
2022-01-06T05:00:00Z,14.9,15.46,14.36,14.84,87662
2022-01-05T05:00:00Z,16.31,16.43,15.32,15.38,58468
2022-01-04T05:00:00Z,17.73,17.84,15.785,16.46,94539
2022-01-03T05:00:00Z,17.09,17.66,16.61,17.42,45750
2021-12-31T05:00:00Z,17.82,17.865,16.66,16.715,82467
2021-12-30T05:00:00Z,17.43,18.14,17.08,17.67,68105
2021-12-29T05:00:00Z,17.065,17.83,16.14,17.67,73787
2021-12-28T05:00:00Z,18.41,18.41,16.8,17.07,66606
2021-12-27T05:00:00Z,18.47,18.75,17.795,18.29,59619
2021-12-23T05:00:00Z,16.85,18.29,16.85,17.86,86947
2021-12-22T05:00:00Z,16.05,17.73,16.05,16.775,80238
2021-12-21T05:00:00Z,15.85,16.23,15.25,16.17,67567
2021-12-20T05:00:00Z,16.28,16.72,15.19,15.285,72435
2021-12-17T05:00:00Z,15.93,17.71,15.59,16.76,116569
2021-12-16T05:00:00Z,18.51,18.51,15.8,16.075,139885
2021-12-15T05:00:00Z,16.245,18.05,15.54,17.88,117298
2021-12-14T05:00:00Z,16.12,16.98,15.86,16.115,155472
2021-12-13T05:00:00Z,18.665,19.19,16.61,16.665,84095
2021-12-10T05:00:00Z,19.1,19.58,18.15,18.61,61592
2021-12-09T05:00:00Z,21.37,22.29,18.515,18.65,303765
2021-12-08T05:00:00Z,21.19,22.18,20.52,20.95,191402
2021-12-07T05:00:00Z,19.52,21.94,19.52,21.56,88366
2021-12-06T05:00:00Z,18.21,19.565,17.31,18.765,79276
2021-12-03T05:00:00Z,21.21,21.34,18.52,18.855,73856
2021-12-02T05:00:00Z,20.66,21.74,19.12,21.41,77150
2021-12-01T05:00:00Z,24.135,24.33,20.12,20.77,61946
2021-11-30T05:00:00Z,23.64,25.85,22.8,23.845,100875
2021-11-29T05:00:00Z,25.01,25.03,22.48,24.08,77607
2021-11-26T05:00:00Z,24.68,25.86,23.76,24.14,68799
2021-11-24T05:00:00Z,24.47,26.94,23.57,25.76,60482
2021-11-23T05:00:00Z,22.75,25.545,21.63,25,180731
2021-11-22T05:00:00Z,27.23,27.74,22.33,23.335,293835
2021-11-19T05:00:00Z,29.2,29.27,27.1,27.92,210212
2021-11-18T05:00:00Z,33.46,35.8,27.05,27.89,209110
2021-11-17T05:00:00Z,26.17,31.75,24.19,30.935,194280
2021-11-16T05:00:00Z,19.67,26.845,19.67,26.41,215245
2021-11-15T05:00:00Z,20.75,21.39,19.09,19.78,37766
2021-11-12T05:00:00Z,19.825,20.16,18.52,20.16,60950
2021-11-11T05:00:00Z,20,20.3,18.29,19.195,129759
2021-11-10T05:00:00Z,20.45,21.89,17.03,18.22,123363
2021-11-09T05:00:00Z,22.73,23,20.13,22.51,130644
2021-11-08T05:00:00Z,21.45,21.55,19.74,21.29,138215
2021-11-05T04:00:00Z,17.445,19.35,17.26,19.255,144902
2021-11-04T04:00:00Z,15.87,16.775,15.77,16.36,79502
2021-11-03T04:00:00Z,15.52,15.98,14.79,15.31,46651
2021-11-02T04:00:00Z,16.03,16.03,14.44,14.97,45011
2021-11-01T04:00:00Z,15.93,17.21,14.72,15.53,106646
2021-10-29T04:00:00Z,14.68,16,13.88,15.05,174658
2021-10-28T04:00:00Z,12.5,14.04,11.96,13.57,160482
2021-10-27T04:00:00Z,10.83,12.83,10.78,12.28,100345
2021-10-26T04:00:00Z,10.61,11.425,10.33,10.5,191350
2021-10-22T04:00:00Z,10.08,10.11,9.47,9.63,22604
2021-10-21T04:00:00Z,10.18,10.78,10.14,10.17,10152
2021-10-20T04:00:00Z,11.48,11.48,10.05,10.42,27672
2021-10-19T04:00:00Z,11.2,11.86,10.745,10.82,54247
2021-10-18T04:00:00Z,10.18,10.8,10.115,10.625,47150
2021-10-15T04:00:00Z,10.31,10.45,9.9,9.97,83250
2021-10-14T04:00:00Z,9.81,10.23,9.7,9.795,83470
2021-10-13T04:00:00Z,8.65,9.235,8.62,9.235,92010
2021-10-12T04:00:00Z,8.75,8.91,8.43,8.54,40299
2021-10-11T04:00:00Z,8.9,9.36,8.395,8.41,34123
2021-10-08T04:00:00Z,7.88,8.47,7.82,8.405,100403
2021-10-07T04:00:00Z,7.205,7.84,7.2,7.59,46917
2021-10-06T04:00:00Z,7.85,7.97,7.17,7.245,53472
2021-10-05T04:00:00Z,7.64,8.05,7.52,7.735,51200
2021-10-04T04:00:00Z,9.47,9.47,7.51,7.51,104179
2021-10-01T04:00:00Z,10.53,10.53,8.945,9.205,119793
2021-09-30T04:00:00Z,11.12,11.13,9.96,10.43,154438
2021-09-29T04:00:00Z,11.575,11.575,10.69,10.885,52963
2021-09-28T04:00:00Z,11.87,11.87,10.9,11.05,77873
2021-09-27T04:00:00Z,11.49,12.92,11.475,11.94,145682
2021-09-24T04:00:00Z,10.03,11.44,10.01,11.32,177778
2021-09-23T04:00:00Z,10.075,10.075,9.985,10.01,98395
2021-09-22T04:00:00Z,10.12,10.18,9.985,9.995,71234
2021-09-21T04:00:00Z,10.02,10.09,10.01,10.06,24046
2021-09-20T04:00:00Z,10.015,10.025,10,10.01,8220
2021-09-17T04:00:00Z,10.085,10.14,10,10.05,169859
2021-09-16T04:00:00Z,10.035,10.455,10.025,10.035,107177
2021-09-15T04:00:00Z,10.035,10.035,10,10.01,23146
2021-09-14T04:00:00Z,10.01,10.015,9.99,9.99,3885
2021-09-13T04:00:00Z,10.005,10.015,10,10,15385
2021-09-10T04:00:00Z,10.065,10.08,10,10,5418
2021-09-09T04:00:00Z,10.02,10.085,10,10.08,37179
2021-09-08T04:00:00Z,10,10,9.99,9.99,1862
2021-09-07T04:00:00Z,10,10.01,9.99,10,8694
2021-09-03T04:00:00Z,9.99,9.99,9.98,9.98,992
2021-09-02T04:00:00Z,9.97,9.98,9.97,9.97,3623
2021-09-01T04:00:00Z,9.98,9.98,9.965,9.97,2225
2021-08-31T04:00:00Z,9.99,10,9.96,9.98,4335
2021-08-30T04:00:00Z,9.98,9.99,9.97,9.99,1578
2021-08-27T04:00:00Z,9.97,9.98,9.97,9.98,950
2021-08-26T04:00:00Z,9.98,9.98,9.95,9.96,5886
2021-08-25T04:00:00Z,9.99,9.995,9.96,9.96,5774
2021-08-24T04:00:00Z,9.95,9.99,9.95,9.98,14262
2021-08-23T04:00:00Z,9.985,9.985,9.94,9.96,17328
2021-08-20T04:00:00Z,10,10.02,9.95,9.985,50853
2021-08-19T04:00:00Z,10,10,9.99,9.99,4354
2021-08-18T04:00:00Z,10.005,10.005,9.97,9.97,2905
2021-08-17T04:00:00Z,9.97,10.005,9.97,10.005,19283
2021-08-16T04:00:00Z,9.99,10,9.97,9.99,7803
2021-08-13T04:00:00Z,10.02,10.02,9.95,9.98,94209
2021-08-12T04:00:00Z,10,10.05,9.96,10.01,26016
2021-08-11T04:00:00Z,10.02,10.04,9.99,9.995,9887
2021-08-10T04:00:00Z,9.995,10,9.98,9.98,1205
2021-08-09T04:00:00Z,10,10,9.99,9.99,5665
2021-08-06T04:00:00Z,9.98,9.98,9.93,9.94,4954
2021-08-05T04:00:00Z,9.93,9.98,9.93,9.97,14309
2021-08-04T04:00:00Z,9.93,9.93,9.92,9.92,1145
2021-08-03T04:00:00Z,9.93,9.935,9.925,9.935,1102
2021-08-02T04:00:00Z,9.91,9.98,9.91,9.98,4487
2021-07-30T04:00:00Z,9.92,9.92,9.91,9.92,1289
2021-07-29T04:00:00Z,9.99,9.99,9.91,9.91,5984
2021-07-28T04:00:00Z,9.94,9.94,9.91,9.92,5501
2021-07-27T04:00:00Z,9.94,9.97,9.92,9.93,1181
2021-07-26T04:00:00Z,10.02,10.02,9.96,9.96,1010
2021-07-23T04:00:00Z,9.95,9.95,9.935,9.95,16303
2021-07-22T04:00:00Z,9.93,9.96,9.92,9.92,6825
2021-07-21T04:00:00Z,9.94,9.96,9.92,9.92,38701
2021-07-20T04:00:00Z,9.945,9.97,9.935,9.95,49281
2021-07-19T04:00:00Z,10.15,10.15,9.95,9.95,14725
2021-07-16T04:00:00Z,10.18,10.19,10.1,10.11,1433
2021-07-15T04:00:00Z,10.22,10.31,10.16,10.16,3891
2021-07-14T04:00:00Z,10.33,10.33,10.06,10.11,2450
2021-07-13T04:00:00Z,10.415,10.415,10.31,10.31,1100
2021-07-12T04:00:00Z,10.525,10.525,10.45,10.46,4770
2021-07-09T04:00:00Z,10.41,10.5,10.365,10.485,11610
2021-07-08T04:00:00Z,10.36,10.5,10.36,10.39,3252
2021-07-07T04:00:00Z,10.59,10.59,10.41,10.41,4328
2021-07-06T04:00:00Z,10.57,10.625,10.39,10.5,10015
2021-07-02T04:00:00Z,10.7,10.7,10.47,10.47,4033
2021-07-01T04:00:00Z,10.71,10.71,10.66,10.66,3221
2021-06-30T04:00:00Z,10.6,10.7,10.49,10.67,16042
2021-06-29T04:00:00Z,10.5,10.55,10.34,10.52,4480
2021-06-28T04:00:00Z,10.76,10.77,10.46,10.46,5024
2021-06-25T04:00:00Z,10.34,10.44,10.3,10.38,4767
2021-06-24T04:00:00Z,10.19,10.305,10.19,10.29,34424
2021-06-23T04:00:00Z,10.11,10.12,10.085,10.105,2153
2021-06-22T04:00:00Z,10.16,10.16,10.01,10.09,16533
2021-06-21T04:00:00Z,10.295,10.31,10.145,10.165,3014
2021-06-18T04:00:00Z,10.27,10.32,10.25,10.25,4102
2021-06-17T04:00:00Z,10.405,10.405,10.29,10.29,4298
2021-06-16T04:00:00Z,10.42,10.42,10.27,10.41,3081
2021-06-15T04:00:00Z,10.55,10.57,10.45,10.45,835
2021-06-14T04:00:00Z,10.675,10.675,10.515,10.53,14850
2021-06-11T04:00:00Z,10.84,10.84,10.545,10.545,15756
2021-06-10T04:00:00Z,10.655,10.75,10.52,10.55,43297
2021-06-09T04:00:00Z,10.55,10.88,10.535,10.535,39074
2021-06-08T04:00:00Z,10.31,10.43,10.235,10.43,19616
2021-06-07T04:00:00Z,10.175,10.29,10.125,10.25,60840
2021-06-04T04:00:00Z,10.085,10.095,10.08,10.095,2222
2021-06-03T04:00:00Z,10,10.08,10,10.065,927
2021-06-02T04:00:00Z,10.005,10.02,9.99,10,4700
2021-06-01T04:00:00Z,10.01,10.02,9.96,9.97,7605
2021-05-28T04:00:00Z,9.97,10.01,9.97,10,10536
2021-05-27T04:00:00Z,10.01,10.01,9.93,9.93,2388
2021-05-26T04:00:00Z,10.01,10.01,9.97,10.01,3300
2021-05-25T04:00:00Z,9.98,10.02,9.98,10,7381
2021-05-24T04:00:00Z,10.01,10.01,9.985,10,3584
2021-05-21T04:00:00Z,9.985,10.02,9.985,10.005,22196
2021-05-20T04:00:00Z,9.93,9.97,9.915,9.95,37897
2021-05-19T04:00:00Z,9.9,9.93,9.9,9.91,4375
2021-05-18T04:00:00Z,9.95,9.97,9.95,9.95,2595
2021-05-17T04:00:00Z,10,10.02,9.98,10,25819
2021-05-14T04:00:00Z,10.11,10.11,10.03,10.03,1387
2021-05-13T04:00:00Z,10.13,10.13,10.045,10.07,2362
2021-05-12T04:00:00Z,10.075,10.075,9.94,10.01,5494
2021-05-11T04:00:00Z,9.955,10.05,9.94,10.02,12329
2021-05-10T04:00:00Z,10.22,10.22,10.11,10.11,8788
2021-05-07T04:00:00Z,10.31,10.31,10.04,10.17,8052
2021-05-06T04:00:00Z,10.33,10.33,10.25,10.25,1527
2021-05-05T04:00:00Z,10.58,10.58,10.365,10.365,612
2021-05-04T04:00:00Z,10.73,10.73,10.55,10.56,1703
2021-05-03T04:00:00Z,10.71,10.79,10.69,10.72,3014
2021-04-30T04:00:00Z,10.695,10.78,10.63,10.77,7816
2021-04-29T04:00:00Z,10.53,10.65,10.5,10.64,7832
2021-04-28T04:00:00Z,10.465,10.59,10.445,10.585,3193
2021-04-27T04:00:00Z,10.555,10.58,10.3,10.475,10605
2021-04-26T04:00:00Z,10.535,10.545,10.49,10.54,9728
2021-04-23T04:00:00Z,10.35,10.5,10.35,10.49,3337
2021-04-22T04:00:00Z,10.53,10.59,10.15,10.34,18606
2021-04-21T04:00:00Z,10.25,10.48,10.195,10.48,9911
2021-04-20T04:00:00Z,10.29,10.3,10.14,10.295,3419
2021-04-16T04:00:00Z,10.53,10.53,10.25,10.38,43185
2021-04-15T04:00:00Z,10.53,10.62,10.465,10.53,32578
2021-04-14T04:00:00Z,10.685,10.74,10.485,10.64,65945
2021-04-13T04:00:00Z,10.75,10.84,10.725,10.77,23081
2021-04-12T04:00:00Z,10.95,11.005,10.79,10.85,54092
2021-04-09T04:00:00Z,10.97,11.05,10.965,11.03,13233
2021-04-08T04:00:00Z,10.75,11.02,10.735,11,82875
2021-04-07T04:00:00Z,10.83,10.955,10.63,10.655,93497
2021-04-06T04:00:00Z,10.635,10.76,10.615,10.76,53380
2021-04-05T04:00:00Z,10.675,10.755,10.61,10.685,44692
2021-04-01T04:00:00Z,10.87,10.875,10.465,10.55,9605
2021-03-31T04:00:00Z,10.515,10.745,10.42,10.73,34875
2021-03-30T04:00:00Z,10.615,10.615,10.36,10.51,31214
2021-03-29T04:00:00Z,10.715,10.715,10.51,10.68,1821
2021-03-26T04:00:00Z,10.46,10.67,10.39,10.51,20730
2021-03-25T04:00:00Z,10.53,10.585,10.2,10.53,50779
2021-03-24T04:00:00Z,10.73,10.73,10.5,10.5,9943
2021-03-23T04:00:00Z,10.86,10.87,10.5,10.59,21118
2021-03-22T04:00:00Z,11.21,11.21,10.89,10.93,4664
2021-03-19T04:00:00Z,10.9,10.98,10.795,10.98,2926
2021-03-18T04:00:00Z,10.98,11.065,10.805,10.81,14181
2021-03-17T04:00:00Z,10.96,11.195,10.94,11.05,31101
2021-03-16T04:00:00Z,11.4,11.4,10.97,11.005,44622
2021-03-15T04:00:00Z,11.93,11.93,11.215,11.45,37737
2021-03-12T05:00:00Z,11.08,11.57,11.08,11.49,54876
2021-03-11T05:00:00Z,11.21,11.35,11.005,11.25,40155
2021-03-10T05:00:00Z,11.71,11.84,10.91,11.075,32563
2021-03-09T05:00:00Z,11.28,11.45,10.925,11.31,53991
2021-03-08T05:00:00Z,12.205,12.245,10.77,10.88,124214
2021-03-05T05:00:00Z,12.16,12.76,11.52,12.69,19565
2021-03-04T05:00:00Z,12.03,12.08,10.94,11.95,23473
2021-03-03T05:00:00Z,12.77,12.875,11.75,11.91,14541
2021-03-02T05:00:00Z,14.61,14.65,12.9,12.93,24244
2021-03-01T05:00:00Z,14.77,14.79,13.71,14.51,42528
2021-02-26T05:00:00Z,13.34,14.68,12.81,14.42,25918
2021-02-25T05:00:00Z,13.97,14.395,13.085,13.13,44144
2021-02-24T05:00:00Z,13.99,15.37,13.64,14.39,82323
2021-02-23T05:00:00Z,12.24,12.25,11.43,12.02,9411
2021-02-22T05:00:00Z,12.56,13.15,12.56,12.88,17084
2021-02-19T05:00:00Z,12.49,12.89,12.49,12.69,8975
2021-02-18T05:00:00Z,12.25,12.26,12.15,12.225,5258
2021-02-17T05:00:00Z,11.73,11.825,11.67,11.78,8854
2021-02-16T05:00:00Z,11.795,11.815,11.63,11.69,23157
2021-02-12T05:00:00Z,11.63,11.77,11.63,11.735,3955
2021-02-11T05:00:00Z,11.86,11.92,11.69,11.76,1570
2021-02-10T05:00:00Z,11.76,11.91,11.73,11.82,7565
2021-02-09T05:00:00Z,11.75,11.75,11.575,11.69,8474
2021-02-08T05:00:00Z,11.94,11.94,11.6,11.78,23263
2021-02-05T05:00:00Z,12.06,12.06,11.79,11.79,2464
2021-02-04T05:00:00Z,12.185,12.185,11.97,11.97,8203
2021-02-03T05:00:00Z,12.065,12.19,12.005,12.035,8736
2021-02-02T05:00:00Z,11.855,12.12,11.855,11.945,2862
2021-02-01T05:00:00Z,11.43,11.64,11.41,11.545,6402
2021-01-29T05:00:00Z,11.43,11.45,11.2,11.34,9244
2021-01-28T05:00:00Z,11.655,11.655,11.37,11.47,7378
2021-01-27T05:00:00Z,11.65,11.65,11.3,11.38,21015
2021-01-26T05:00:00Z,12.275,12.45,11.9,11.9,31423
2021-01-25T05:00:00Z,12.18,12.31,11.84,12.095,23376
2021-01-22T05:00:00Z,11.57,12.13,11.5,11.975,27755
2021-01-21T05:00:00Z,11.365,11.635,11.275,11.52,20394
2021-01-20T05:00:00Z,11.29,11.4,11.28,11.295,17514
2021-01-19T05:00:00Z,11.47,11.47,11.13,11.185,7330
2021-01-15T05:00:00Z,11.52,11.71,11.13,11.21,8758
2021-01-14T05:00:00Z,11.57,11.57,11.3,11.365,2515
2021-01-13T05:00:00Z,11.115,11.275,11.115,11.23,54300
2021-01-12T05:00:00Z,11.215,11.23,11.16,11.16,700
2021-01-11T05:00:00Z,11.17,11.17,11.02,11.02,400
2021-01-08T05:00:00Z,11.205,11.64,11.01,11.01,634
2021-01-07T05:00:00Z,11.09,11.09,11.09,11.09,183
2021-01-06T05:00:00Z,11.14,11.14,11.04,11.04,1802
2021-01-05T05:00:00Z,11.055,11.13,11.045,11.13,1100
