2024-06-14T04:00:00Z,199.51,200.02,197.965,198.78,585375
2024-06-13T04:00:00Z,203.21,203.48,200.515,201.91,539549
2024-06-12T04:00:00Z,205.86,207.25,203.165,203.78,698798
2024-06-11T04:00:00Z,199.64,201.01,198.43,200.61,342535
2024-06-10T04:00:00Z,199.45,202.115,199.02,201.95,419242
2024-06-07T04:00:00Z,201.44,203.15,200.695,201.2,395579
2024-06-06T04:00:00Z,204.165,204.755,203.02,203.55,250365
2024-06-05T04:00:00Z,203.17,205.01,201.9,204.99,421930
2024-06-04T04:00:00Z,203.155,203.62,201.685,201.875,384665
2024-06-03T04:00:00Z,207.38,207.44,203.18,204.66,377766
2024-05-31T04:00:00Z,205.03,206.24,203.195,205.67,330625
2024-05-30T04:00:00Z,203.4,204.895,203.12,204.03,324739
2024-05-29T04:00:00Z,202.42,202.985,201.79,202.17,502237
2024-05-28T04:00:00Z,206.995,207.075,203.995,205.19,308553
2024-05-24T04:00:00Z,204.715,205.62,203.97,205.48,369807
2024-05-23T04:00:00Z,207.36,207.55,202.35,203.305,715185
2024-05-22T04:00:00Z,207.585,208.195,205.85,206.61,290649
2024-05-21T04:00:00Z,207.735,208.685,207.6,208.35,256341
2024-05-20T04:00:00Z,208.22,209.475,207.79,208.62,337502
2024-05-17T04:00:00Z,208.22,208.51,207.36,208.125,438996
2024-05-16T04:00:00Z,208.91,209.31,207.96,208.05,404953
2024-05-15T04:00:00Z,209.145,209.5,207.775,209.38,414815
2024-05-14T04:00:00Z,207.22,207.7,205.91,206.92,497271
2024-05-13T04:00:00Z,206.14,206.52,204.62,204.7,244034
2024-05-10T04:00:00Z,206.395,206.61,203.695,204.295,452599
2024-05-09T04:00:00Z,204.015,205.98,203.455,205.81,439281
2024-05-08T04:00:00Z,202.98,203.95,202.655,203.81,290265
2024-05-07T04:00:00Z,204.78,206.15,204.5,204.9,402753
2024-05-06T04:00:00Z,203.56,204.76,203.38,204.44,397005
2024-05-03T04:00:00Z,203.19,204.1,201.145,201.875,396648
2024-05-02T04:00:00Z,198.8,200.1,196.56,200.03,391196
2024-05-01T04:00:00Z,195.97,200.23,195.03,196.23,582619
2024-04-30T04:00:00Z,197.855,198.61,195.75,195.83,378042
2024-04-29T04:00:00Z,199.255,200.395,198.935,199.93,280148
2024-04-26T04:00:00Z,196.76,198.83,196.53,198.37,260186
2024-04-25T04:00:00Z,195.41,196.82,193.81,196.52,345609
2024-04-24T04:00:00Z,198.165,198.91,196.46,197.69,440725
2024-04-23T04:00:00Z,195.26,199.295,195.23,198.43,341426
2024-04-22T04:00:00Z,194.2,196.29,192.91,195.24,459664
2024-04-19T04:00:00Z,191.99,194.345,191.37,193.145,470259
2024-04-18T04:00:00Z,193.605,195.63,192.16,192.74,666516
2024-04-17T04:00:00Z,196.44,196.565,193,193.01,544480
2024-04-16T04:00:00Z,194.41,196.15,193.405,195.07,609494
2024-04-15T04:00:00Z,199.31,200.23,194.985,195.85,587567
2024-04-12T04:00:00Z,201.175,201.875,197.7,198.67,705552
2024-04-11T04:00:00Z,202.025,202.9,200.115,202.33,694248
2024-04-10T04:00:00Z,200.83,202.92,199.56,200.88,1072677
2024-04-09T04:00:00Z,206.2,206.96,204.49,206.37,351433
2024-04-08T04:00:00Z,205.98,206.39,204.62,205.61,402698
2024-04-05T04:00:00Z,203.095,205.67,202.9,204.465,393032
2024-04-04T04:00:00Z,207.985,208.52,203.22,203.73,498819
2024-04-03T04:00:00Z,203.48,206.37,203.37,205.79,438132
2024-04-02T04:00:00Z,205.66,205.84,203.405,204.46,613821
2024-04-01T04:00:00Z,210.65,210.65,207.96,208.29,449861
2024-03-28T04:00:00Z,210.06,211.87,209.84,210.32,582165
2024-03-27T04:00:00Z,206.73,209.69,206.2,209.69,490907
2024-03-26T04:00:00Z,207.04,207.6,205,205.13,374356
2024-03-25T04:00:00Z,205.7,206.965,205.51,205.54,265926
2024-03-22T04:00:00Z,207.84,208.24,205.11,205.13,410690
2024-03-21T04:00:00Z,206.99,208.93,206.87,207.91,625303
2024-03-20T04:00:00Z,201.33,206.985,201.11,206.03,752112
2024-03-19T04:00:00Z,199.84,202.725,199.74,202.14,351472
2024-03-18T04:00:00Z,202.85,203.1,200.92,201.21,375536
2024-03-15T04:00:00Z,201.25,203.04,201.14,202.44,637939
2024-03-14T04:00:00Z,205,205.27,200.18,201.92,655633
2024-03-13T04:00:00Z,204.84,206.57,204.795,205.73,286306
2024-03-12T04:00:00Z,205.015,205.91,203.44,204.94,477431
2024-03-11T04:00:00Z,206.105,206.81,204.795,205.195,389802
2024-03-08T05:00:00Z,208.66,210.39,205.845,206.77,503401
2024-03-07T05:00:00Z,206.6,208.08,206.41,206.89,365938
2024-03-06T05:00:00Z,205.805,206.04,204.16,205.21,384574
2024-03-05T05:00:00Z,204.35,205.84,203.025,203.68,816071
2024-03-04T05:00:00Z,207.07,207.745,205.46,205.71,400877
2024-03-01T05:00:00Z,204.54,206.32,203.16,205.89,655071
2024-02-29T05:00:00Z,205.125,206.04,202.56,203.61,576733
2024-02-28T05:00:00Z,202.45,203.85,201.99,202.41,494323
2024-02-27T05:00:00Z,202.96,204.215,202.55,203.98,533357
2024-02-26T05:00:00Z,199.7,201.63,199.16,201.21,630163
2024-02-23T05:00:00Z,199.465,201.135,198.59,199.95,501403
2024-02-22T05:00:00Z,198.63,200.07,197.945,199.51,721713
2024-02-21T05:00:00Z,197.88,198.34,196.425,197.95,479915
2024-02-20T05:00:00Z,199.21,199.68,198.045,198.89,613618
2024-02-16T05:00:00Z,202.15,203.68,201.16,201.62,640956
2024-02-15T05:00:00Z,201.05,204.76,200.765,204.39,851379
2024-02-14T05:00:00Z,197.68,199.775,196.24,199.19,712838
2024-02-13T05:00:00Z,196.21,197.45,193.08,194.65,1374104
2024-02-12T05:00:00Z,199.855,203.54,199.855,202.95,859093
2024-02-09T05:00:00Z,196.76,199.53,196.47,199.39,766142
2024-02-08T05:00:00Z,193.165,196.35,192.72,196.21,564903
2024-02-07T05:00:00Z,193.955,194.14,192.07,193.2,488147
2024-02-06T05:00:00Z,191.585,193.78,191.04,193.57,526528
2024-02-05T05:00:00Z,192.46,193.11,190.07,191.89,572220
2024-02-02T05:00:00Z,192.965,195.47,192.42,194.45,947371
2024-02-01T05:00:00Z,194.175,195.73,191.54,195.58,1018338
2024-01-31T05:00:00Z,197.205,198.92,192.73,192.87,1026208
2024-01-30T05:00:00Z,198.44,198.93,197.11,197.71,559680
2024-01-29T05:00:00Z,196.23,199.39,195.1,199.39,468517
2024-01-26T05:00:00Z,196.7,197.87,195.45,195.97,432396
2024-01-25T05:00:00Z,196.96,197.57,194.41,195.91,551107
2024-01-24T05:00:00Z,198.25,198.45,194.12,194.29,551620
2024-01-23T05:00:00Z,198.29,198.59,194.985,195.92,598427
2024-01-22T05:00:00Z,194.105,196.82,194.1,196.61,690548
2024-01-19T05:00:00Z,191.17,192.83,189.24,192.49,824546
2024-01-18T05:00:00Z,190.835,191.17,188.225,190.61,571828
2024-01-17T05:00:00Z,188.1,189.92,187.555,189.42,623398
2024-01-16T05:00:00Z,191.585,192.295,190.11,190.89,764541
2024-01-12T05:00:00Z,195.865,197.05,192.64,193.22,531824
2024-01-11T05:00:00Z,194.46,194.735,191.35,193.63,666982
2024-01-10T05:00:00Z,194.79,195.37,193.09,195.03,652655
2024-01-09T05:00:00Z,194.37,195.76,193.36,194.95,470130
2024-01-08T05:00:00Z,193.175,196.97,192.26,196.95,474235
2024-01-05T05:00:00Z,192.725,195.44,192.36,193.28,726287
2024-01-04T05:00:00Z,194.18,195.35,193.7,193.85,616986
2024-01-03T05:00:00Z,197.21,197.635,193.795,194.07,1079026
2024-01-02T05:00:00Z,199.34,201.59,198.445,199.56,850960
2023-12-29T05:00:00Z,203.48,204.03,200.755,200.76,581663
2023-12-28T05:00:00Z,203.71,205.16,203.305,203.99,359343
2023-12-27T05:00:00Z,204.495,205.45,203.405,204.735,544059
2023-12-26T05:00:00Z,202.12,204.55,201.73,204,549956
2023-12-22T05:00:00Z,200.76,202.81,200.25,201.49,738338
2023-12-21T05:00:00Z,198.55,199.82,197.56,199.74,553270
2023-12-20T05:00:00Z,199.815,202.17,196.17,196.25,1293382
2023-12-19T05:00:00Z,198.475,201.29,198.07,200.96,697507
2023-12-18T05:00:00Z,197.85,198.77,196.695,197.08,744786
2023-12-15T05:00:00Z,199.255,199.54,195.98,197.01,962380
2023-12-14T05:00:00Z,196.97,200.03,196.49,198.75,1368889
2023-12-13T05:00:00Z,187.005,193.61,185.67,193.61,1274093
2023-12-12T05:00:00Z,186.78,187.64,185.35,186.99,453074
2023-12-11T05:00:00Z,186.735,187.61,185.89,187.16,498332
2023-12-08T05:00:00Z,185.005,187.745,184.89,186.77,532438
2023-12-07T05:00:00Z,184.115,185.56,183.405,185.465,570416
2023-12-06T05:00:00Z,185.555,187.91,183.805,183.99,733398
2023-12-05T05:00:00Z,185.645,185.98,183.98,184.4,499349
2023-12-04T05:00:00Z,184.145,186.99,184.02,186.85,619578
2023-12-01T05:00:00Z,179.19,185.18,178.22,184.94,1001468
2023-11-30T05:00:00Z,180.115,180.64,178.81,179.59,486329
2023-11-29T05:00:00Z,179.55,181.72,178.705,178.95,605223
2023-11-28T05:00:00Z,178.44,179.175,177.21,178.02,404981
2023-11-27T05:00:00Z,178.295,179.1,177.23,178.73,455866
2023-11-24T05:00:00Z,178.175,179.71,177.82,179.27,201125
2023-11-22T05:00:00Z,177.91,179.39,177.455,178.11,403273
2023-11-21T05:00:00Z,178.41,178.495,176.91,177.065,502946
2023-11-20T05:00:00Z,178.61,179.635,177.76,179.32,544942
2023-11-17T05:00:00Z,177.46,178.61,177.11,178.31,535223
2023-11-16T05:00:00Z,177.915,178.6,175.165,176.01,638559
2023-11-15T05:00:00Z,178.61,181.76,178.15,178.81,808985
2023-11-14T05:00:00Z,174.345,178.45,174.3,178.45,1292055
2023-11-13T05:00:00Z,168.515,169.755,167.52,169.17,472583
2023-11-10T05:00:00Z,168.225,169.705,166.81,169.13,569610
2023-11-09T05:00:00Z,170.93,171.01,166.99,167.29,560324
2023-11-08T05:00:00Z,171.65,172.12,169.32,169.89,464531
2023-11-07T05:00:00Z,171.33,172.51,170.58,171.83,500687
2023-11-06T05:00:00Z,174.56,174.765,171.415,172.36,544166
2023-11-03T04:00:00Z,173.135,175.645,173.115,174.49,998782
2023-11-02T04:00:00Z,167.595,170,167.35,169.86,872409
2023-11-01T04:00:00Z,164.5,165.59,163.12,165.43,645337
2023-10-31T04:00:00Z,163.38,164.97,162.86,164.59,475920
2023-10-30T04:00:00Z,163.76,164.755,161.955,163.15,606877
2023-10-27T04:00:00Z,164.65,164.83,161.67,162.27,656299
2023-10-26T04:00:00Z,164.36,165.76,163.22,164.1,719420
2023-10-25T04:00:00Z,164.87,165.65,163.405,163.72,606385
2023-10-24T04:00:00Z,166.49,167.61,165.43,166.41,412078
2023-10-23T04:00:00Z,165.58,167.44,164.67,165.11,640518
2023-10-20T04:00:00Z,168.54,168.88,166.445,166.495,683171
2023-10-19T04:00:00Z,170.855,172.15,168.365,168.63,821538
2023-10-18T04:00:00Z,173.61,173.61,171.005,171.34,591646
2023-10-17T04:00:00Z,171.91,176.42,171.91,175.01,718744
2023-10-16T04:00:00Z,171.73,173.37,171.04,173,461896
2023-10-13T04:00:00Z,172.37,172.67,169.705,170.29,466043
2023-10-12T04:00:00Z,175.815,175.815,170.815,171.79,593615
2023-10-11T04:00:00Z,176.15,177.21,174.38,175.62,433668
2023-10-10T04:00:00Z,174.525,177.025,174.44,175.92,513561
2023-10-09T04:00:00Z,171.8,174.545,171.78,174.01,286022
2023-10-06T04:00:00Z,170.39,173.875,169.56,172.96,478750
2023-10-05T04:00:00Z,170.77,171.885,169.96,171.39,388609
2023-10-04T04:00:00Z,170.98,171.58,169.105,171.2,450115
2023-10-03T04:00:00Z,173.04,173.425,170.37,171.17,535963
2023-10-02T04:00:00Z,176.33,176.7,173.19,174.02,452358
2023-09-29T04:00:00Z,178.995,179.155,176.18,176.65,440038
2023-09-28T04:00:00Z,176.06,178.55,175.97,177.64,405899
2023-09-27T04:00:00Z,175.45,176.88,174.49,175.99,638740
2023-09-26T04:00:00Z,175.545,177.005,174.3,174.42,626157
2023-09-25T04:00:00Z,175.69,177.83,175.62,177.49,329982
2023-09-22T04:00:00Z,177.61,178.35,176.565,176.615,320679
2023-09-21T04:00:00Z,178.45,178.71,177.08,177.09,428063
2023-09-20T04:00:00Z,182.56,183.485,179.83,179.88,320739
2023-09-19T04:00:00Z,182.69,183.265,181.08,181.69,386901
2023-09-18T04:00:00Z,183.685,183.745,182.37,182.37,288126
2023-09-15T04:00:00Z,184.81,185.04,182.79,183.57,445363
2023-09-14T04:00:00Z,184.55,186.035,184.26,185.55,454559
2023-09-13T04:00:00Z,184.5,184.865,182.42,183.03,386821
2023-09-12T04:00:00Z,184.03,185.325,183.8,184.24,329489
2023-09-11T04:00:00Z,185.285,185.715,184.2,184.41,391890
2023-09-08T04:00:00Z,184.75,184.76,183.45,184.03,292303
2023-09-07T04:00:00Z,185.065,185.355,183.59,184.39,352349
2023-09-06T04:00:00Z,187.045,188.07,185.09,186.17,520905
2023-09-05T04:00:00Z,189.65,189.88,186.77,186.82,591543
2023-09-01T04:00:00Z,190.09,191.82,189.88,190.75,473982
2023-08-31T04:00:00Z,189.315,190.16,188.56,188.56,277878
2023-08-30T04:00:00Z,187.79,189.605,187.34,188.965,473705
2023-08-29T04:00:00Z,185.45,188.365,184.58,188.155,503748
2023-08-28T04:00:00Z,185.115,186.7,185.04,185.62,423506
2023-08-25T04:00:00Z,184.085,184.995,181.67,183.99,399076
2023-08-24T04:00:00Z,185.27,186.305,183.2,183.25,503877
2023-08-23T04:00:00Z,183.92,186.085,183.44,185.71,332931
2023-08-22T04:00:00Z,185.025,185.52,183.22,183.86,407609
2023-08-21T04:00:00Z,184.71,185.26,183.075,184.34,332997
2023-08-18T04:00:00Z,182.14,185.25,181.94,184.69,545437
2023-08-17T04:00:00Z,186.285,186.71,183.655,183.7,480217
2023-08-16T04:00:00Z,188.03,189.04,185.81,185.85,363774
2023-08-15T04:00:00Z,189.55,189.63,188.05,188.22,488373
2023-08-14T04:00:00Z,189.84,190.68,188.66,190.67,283583
2023-08-11T04:00:00Z,189.905,191.68,189.76,191.02,354977
2023-08-10T04:00:00Z,192.265,194.1,189.905,190.7,403322
2023-08-09T04:00:00Z,192.845,192.845,190.755,191.56,317129
2023-08-08T04:00:00Z,192.1,193.28,190.55,193.16,319488
2023-08-07T04:00:00Z,194.625,195.06,192.7,194.34,347151
2023-08-04T04:00:00Z,194.885,196.255,193.76,194.19,511754
2023-08-03T04:00:00Z,194.275,195.63,193.11,194.59,495133
2023-08-02T04:00:00Z,195.58,196.055,194.1,195.105,452923
2023-08-01T04:00:00Z,197.025,197.93,195.78,197.81,636530
2023-07-31T04:00:00Z,196.92,198.745,196.92,198.7,380678
2023-07-28T04:00:00Z,195.885,196.935,195.52,196.45,358653
2023-07-27T04:00:00Z,197.6,197.89,193.2,193.95,507636
2023-07-26T04:00:00Z,194.83,197.13,194.73,196.44,282933
2023-07-25T04:00:00Z,194.56,196.21,194.43,194.97,320952
2023-07-24T04:00:00Z,194.565,196.255,194,194.93,313219
2023-07-21T04:00:00Z,196.17,196.59,194.11,194.43,486619
2023-07-20T04:00:00Z,196.73,196.8,194.27,195.125,466025
2023-07-19T04:00:00Z,196.74,197.6,195.97,196.78,416193
2023-07-18T04:00:00Z,193.55,196.39,193.55,196.07,592645
2023-07-17T04:00:00Z,191.315,194.36,191.155,193.6,480967
2023-07-14T04:00:00Z,193.29,193.29,190.3,191.59,401908
2023-07-13T04:00:00Z,192.365,193.68,191.825,193.43,278724
2023-07-12T04:00:00Z,192.86,193,191.375,191.85,500411
2023-07-11T04:00:00Z,188.64,190.045,187.75,189.77,344954
2023-07-10T04:00:00Z,184.6,188,184.17,188,450406
2023-07-07T04:00:00Z,182.98,186.49,182.98,184.91,542496
2023-07-06T04:00:00Z,183.61,183.71,180.74,182.78,529540
2023-07-05T04:00:00Z,187.16,187.16,185.48,185.78,444971
2023-07-03T04:00:00Z,186.91,188.8,186.75,187.98,235497
2023-06-30T04:00:00Z,188.2,188.43,186.925,187.22,529006
2023-06-29T04:00:00Z,184.57,187.075,184.44,186.6,645087
2023-06-28T04:00:00Z,182.97,184.41,182.13,184.17,480587
2023-06-27T04:00:00Z,181.16,183.96,180.45,183.35,469981
2023-06-26T04:00:00Z,180.39,182.71,180.39,180.75,545356
2023-06-23T04:00:00Z,180.89,182.4,180.07,180.37,983566
2023-06-22T04:00:00Z,184.22,184.22,182.49,183.3,545783
2023-06-21T04:00:00Z,184.34,185.905,183.595,184.74,316479
2023-06-20T04:00:00Z,185.13,185.52,183.8,185.13,504194
2023-06-16T04:00:00Z,188.18,188.5,185.1,185.92,488846
2023-06-15T04:00:00Z,185.12,187.535,184.92,187.47,586470
2023-06-14T04:00:00Z,188.38,189.18,184.57,185.99,719521
2023-06-13T04:00:00Z,186.47,188.97,186.31,187.96,707815
2023-06-12T04:00:00Z,185.205,186.64,184.23,185.83,487132
2023-06-09T04:00:00Z,186.36,186.59,184.48,184.95,520219
2023-06-08T04:00:00Z,186.77,187.37,184.95,186.47,521873
2023-06-07T04:00:00Z,185.02,187.755,184.99,187.23,1162691
2023-06-06T04:00:00Z,178.99,184.94,178.99,184.31,957085
2023-06-05T04:00:00Z,181.34,181.37,178.47,179.54,656671
2023-06-02T04:00:00Z,178.01,182.09,177.45,181.96,994368
2023-06-01T04:00:00Z,173.77,176.235,172.935,175.65,483092
2023-05-31T04:00:00Z,174.64,175.95,172.37,173.64,748219
2023-05-30T04:00:00Z,176.74,177.545,174.78,175.54,531010
2023-05-26T04:00:00Z,174.4,176.37,174.13,176.1,763558
2023-05-25T04:00:00Z,175.3,175.49,172.715,174.23,869629
2023-05-24T04:00:00Z,176.59,176.67,174.67,175.53,671245
2023-05-23T04:00:00Z,177.91,180.51,177.415,177.46,639762
2023-05-22T04:00:00Z,176.64,179.015,176.045,178.23,564993
2023-05-19T04:00:00Z,178.55,178.6,175.25,176.09,509130
2023-05-18T04:00:00Z,175.55,177.55,175.035,177.22,510860
2023-05-17T04:00:00Z,173.39,176.495,172.19,176.22,981731
2023-05-16T04:00:00Z,173.61,173.71,172.23,172.25,580216
2023-05-15T04:00:00Z,173.29,175.705,172.89,174.89,538190
2023-05-12T04:00:00Z,173.685,174.2,171.67,172.74,416186
2023-05-11T04:00:00Z,173.21,173.71,172.125,173.035,343494
2023-05-10T04:00:00Z,175.73,175.845,172.72,174.39,493511
2023-05-09T04:00:00Z,172.97,174.255,172.195,173.51,293615
2023-05-08T04:00:00Z,175.23,175.51,173.14,174.04,335721
2023-05-05T04:00:00Z,173.255,175.1,173.13,174.51,758581
2023-05-04T04:00:00Z,171.2,171.56,168.86,170.33,762355
2023-05-03T04:00:00Z,172.24,175.605,172.2,172.39,762003
2023-05-02T04:00:00Z,174.45,174.45,169.94,171.65,687123
2023-05-01T04:00:00Z,175.12,177.33,174.785,175.33,352062
2023-04-28T04:00:00Z,173.28,175.8,173.2,175.23,527568
2023-04-27T04:00:00Z,172.04,173.855,170.975,173.69,573248
2023-04-26T04:00:00Z,172.21,173.385,171.005,171.44,791707
2023-04-25T04:00:00Z,175.82,175.92,173.04,173.04,560689
2023-04-24T04:00:00Z,177.36,178.43,176.57,177.42,311203
2023-04-21T04:00:00Z,177.81,177.93,175.86,177.57,391990
2023-04-20T04:00:00Z,177.09,178.41,176.53,177.34,440849
2023-04-19T04:00:00Z,177.05,178.78,176.6,178.35,327313
2023-04-18T04:00:00Z,179.61,179.61,176.97,177.975,274670
2023-04-17T04:00:00Z,176.98,178.85,176.75,178.77,353317
2023-04-14T04:00:00Z,178.23,179.205,175.395,176.53,677479
2023-04-13T04:00:00Z,176.52,178.65,175.99,178.17,486983
2023-04-12T04:00:00Z,178.945,178.945,175.585,175.79,434328
2023-04-11T04:00:00Z,176.55,177.965,176.13,177.13,425799
2023-04-10T04:00:00Z,173.1,175.875,173.07,175.82,398442
2023-04-06T04:00:00Z,173.89,174.45,172.7,173.95,411707
2023-04-05T04:00:00Z,174.28,174.82,172.57,173.63,642390
2023-04-04T04:00:00Z,178.93,179.08,174.33,175.28,676407
2023-04-03T04:00:00Z,179.01,179.775,176.49,178.48,492837
2023-03-31T04:00:00Z,176.49,178.63,176.37,178.35,512836
2023-03-30T04:00:00Z,176.865,177.28,174.45,175.17,322298
2023-03-29T04:00:00Z,175.25,175.535,173.98,175.46,561464
2023-03-28T04:00:00Z,173.09,174.48,172.69,173.5,454906
2023-03-27T04:00:00Z,173.88,174.73,172.41,173.77,950005
2023-03-24T04:00:00Z,168.73,172.1,167.455,171.805,694679
2023-03-23T04:00:00Z,172.26,174.39,168.75,170.23,724700
2023-03-22T04:00:00Z,176.59,177.28,171.53,171.53,1079216
2023-03-21T04:00:00Z,176.635,178.16,175.99,176.685,609595
2023-03-20T04:00:00Z,173.07,175.35,172.56,173.51,760856
2023-03-17T04:00:00Z,174.015,174.65,170.88,171.36,825535
2023-03-16T04:00:00Z,171.58,177.265,170.54,176.03,792775
2023-03-15T04:00:00Z,171.95,173.85,170.39,173.735,911193
2023-03-14T04:00:00Z,178.61,179.24,174.63,176.58,747840
2023-03-13T04:00:00Z,172.56,176.325,171.08,173.25,1201971
2023-03-10T05:00:00Z,180.35,180.35,174.26,176.08,1091329
2023-03-09T05:00:00Z,186.7,187.26,181.32,181.4,556085
2023-03-08T05:00:00Z,186.8,187.575,185.13,186.59,504809
2023-03-07T05:00:00Z,188.43,189.06,186.23,186.55,319894
2023-03-06T05:00:00Z,191.74,191.74,187.93,188.7,642724
2023-03-03T05:00:00Z,189.75,191.91,188.48,191.48,352867
2023-03-02T05:00:00Z,186.83,189.3,186.14,188.92,378309
2023-03-01T05:00:00Z,188.15,189.48,187.19,188.44,396196
2023-02-28T05:00:00Z,188.15,189.99,188.08,188.11,269348
2023-02-27T05:00:00Z,189.165,190.16,187.605,188.22,338762
2023-02-24T05:00:00Z,186.6,187.76,185.82,187.495,395158
2023-02-23T05:00:00Z,189.41,190.27,186.76,189.35,382037
2023-02-22T05:00:00Z,187.81,189.13,186.81,187.99,354417
2023-02-21T05:00:00Z,190.71,191.32,187.26,187.42,685437
2023-02-17T05:00:00Z,191.91,193.31,191.01,193.14,386333
2023-02-16T05:00:00Z,191.79,194.86,191.28,192.54,440096
2023-02-15T05:00:00Z,190.98,194.55,190.55,194.48,434329
2023-02-14T05:00:00Z,191.3,193.935,190.105,192.52,521319
2023-02-13T05:00:00Z,190.53,192.84,189.32,192.6,285250
2023-02-10T05:00:00Z,189.27,190.61,188.55,190.3,367450
2023-02-09T05:00:00Z,194.275,195.095,189.43,189.96,519757
2023-02-08T05:00:00Z,194.36,195.37,192.23,192.755,340732
2023-02-07T05:00:00Z,193.69,196.1,191.67,195.58,604262
2023-02-06T05:00:00Z,195.75,196.29,193.4,194.14,392392
2023-02-03T05:00:00Z,196.09,199.115,195.71,196.99,518343
2023-02-02T05:00:00Z,196.14,199.26,195.69,198.38,766222
2023-02-01T05:00:00Z,191.16,196.19,190.16,194.48,603421
2023-01-31T05:00:00Z,187.42,191.575,187.42,191.48,513888
2023-01-30T05:00:00Z,187.8,189.605,186.835,186.96,400733
2023-01-27T05:00:00Z,188.09,190.285,187.8,189.56,340185
2023-01-26T05:00:00Z,188.96,189.81,186.35,188.6,479126
2023-01-25T05:00:00Z,185.28,187.51,183.905,187.43,437618
2023-01-24T05:00:00Z,186.75,187.81,185.9,186.91,326170
2023-01-23T05:00:00Z,185.44,188.095,184.66,187.43,483735
2023-01-20T05:00:00Z,182.7,185.135,181.3,185.04,736742
2023-01-19T05:00:00Z,182.71,183.04,180.8,182.02,519148
2023-01-18T05:00:00Z,187.48,188.95,183.715,183.82,599688
2023-01-17T05:00:00Z,187.02,187.83,186.25,186.78,436200
2023-01-13T05:00:00Z,184.55,187.33,184.35,187.04,489334
2023-01-12T05:00:00Z,183.6,185.95,181.985,185.86,440625
2023-01-11T05:00:00Z,181.34,182.785,180.71,182.75,543666
2023-01-10T05:00:00Z,177.96,180.605,177.32,180.54,441714
2023-01-09T05:00:00Z,179.07,180.09,177.685,177.91,504491
2023-01-06T05:00:00Z,175.31,178.02,173.9,177.6,522486
2023-01-05T05:00:00Z,174.67,174.71,172.42,173.65,382661
2023-01-04T05:00:00Z,174.64,176.665,174.3,175.6,534793
2023-01-03T05:00:00Z,175.91,177.25,171.92,173.36,498683
2022-12-30T05:00:00Z,173.3,174.695,172.61,174.34,463850
2022-12-29T05:00:00Z,171.76,175.23,171.44,174.86,396311
2022-12-28T05:00:00Z,173.28,173.98,170.355,170.51,378282
2022-12-27T05:00:00Z,174.37,174.57,172.605,173.24,283810
2022-12-23T05:00:00Z,173.49,174.43,172.455,174.37,132122
2022-12-22T05:00:00Z,174.28,174.41,170.69,173.62,422761
2022-12-21T05:00:00Z,174.44,176.73,174.21,175.84,300944
2022-12-20T05:00:00Z,171.69,173.99,171.26,172.9,332700
2022-12-19T05:00:00Z,174.6,175.04,171.525,172.05,397065
2022-12-16T05:00:00Z,174.03,175.1,172.675,174.38,578654
2022-12-15T05:00:00Z,178.12,178.51,175.06,175.725,646896
2022-12-14T05:00:00Z,181.37,182.905,178.88,180.185,564744
2022-12-13T05:00:00Z,185.76,186.57,180.19,181.39,505469
2022-12-12T05:00:00Z,178.93,181.05,178,180.82,370715
2022-12-09T05:00:00Z,179.79,180.8,178.585,178.59,408226
2022-12-08T05:00:00Z,180.65,182.585,179.57,180.81,405687
2022-12-07T05:00:00Z,179.87,181.49,179.165,179.54,360660
2022-12-06T05:00:00Z,182.88,182.975,179.08,180.08,414227
2022-12-05T05:00:00Z,186.98,187.05,182.185,182.85,647262
2022-12-02T05:00:00Z,184.61,188.82,184.61,188.08,450828
2022-12-01T05:00:00Z,188.16,189.2,186.145,186.97,362511
2022-11-30T05:00:00Z,182.84,187.42,180.805,187.37,612771
2022-11-29T05:00:00Z,181.99,183.585,181.99,182.39,353042
2022-11-28T05:00:00Z,184.13,184.91,181.32,181.82,503960
2022-11-25T05:00:00Z,185.045,186.33,184.66,185.56,238267
2022-11-23T05:00:00Z,184.28,185.735,183.57,185.16,588255
2022-11-22T05:00:00Z,183.75,184.92,182.38,184.79,355458
2022-11-21T05:00:00Z,182.82,183.16,181.44,182.75,347184
2022-11-18T05:00:00Z,184.585,185.27,182.58,183.74,409748
2022-11-17T05:00:00Z,181.62,182.92,180.635,182.64,407767
2022-11-16T05:00:00Z,186.61,186.61,183.73,184.21,541061
2022-11-15T05:00:00Z,187.89,189.55,186.13,187.63,547124
2022-11-14T05:00:00Z,185.8,187.755,184.73,184.89,413044
2022-11-11T05:00:00Z,185.79,188.83,185.73,186.9,562202
2022-11-10T05:00:00Z,181.95,185.44,181.16,185.38,734718
2022-11-09T05:00:00Z,177.99,178.655,174.285,174.74,553568
2022-11-08T05:00:00Z,180.17,181.94,177.37,179.54,451447
2022-11-07T05:00:00Z,179.77,180.58,177.73,179.61,376478
2022-11-04T04:00:00Z,178.84,179.93,175.485,178.68,489844
2022-11-03T04:00:00Z,175.18,177.93,174.13,176.43,681238
2022-11-02T04:00:00Z,182.8,184.99,177.45,177.51,968026
2022-11-01T04:00:00Z,185.26,185.585,182.9,183.62,581941
2022-10-31T04:00:00Z,182.4,184.23,181.575,183.32,385024
2022-10-28T04:00:00Z,179.825,183.395,178.79,183.15,604087
2022-10-27T04:00:00Z,180.68,181.97,178.87,179.03,490166
2022-10-26T04:00:00Z,179.01,182.35,178.39,179.09,627327
2022-10-25T04:00:00Z,174.06,178.89,174.06,178.13,523600
2022-10-24T04:00:00Z,173.42,173.92,171.1,173.39,585178
2022-10-21T04:00:00Z,169.37,173.195,168.37,172.8,538681
2022-10-20T04:00:00Z,171.25,173.54,168.485,169.06,582654
2022-10-19T04:00:00Z,172.56,173.37,169.4,171.24,393784
2022-10-18T04:00:00Z,175.77,177.25,172.75,174.2,407511
2022-10-17T04:00:00Z,170.22,172.575,170.14,172.15,566736
2022-10-14T04:00:00Z,172.74,173.92,166.72,166.9,504182
2022-10-13T04:00:00Z,163.94,172.19,162.615,171.375,635410
2022-10-12T04:00:00Z,168.02,168.425,165.5,167.29,388073
2022-10-11T04:00:00Z,166.88,170.075,164.805,167.74,605043
2022-10-10T04:00:00Z,169.29,169.4,166.59,167.65,447146
2022-10-07T04:00:00Z,171.97,172,167.945,168.63,594137
2022-10-06T04:00:00Z,173.93,176.15,172.91,173.79,599285
2022-10-05T04:00:00Z,173.36,175.3,171.44,174.765,447373
2022-10-04T04:00:00Z,172.63,176.04,172.63,175.98,680728
2022-10-03T04:00:00Z,167.33,170.29,165.31,169.41,647721
2022-09-30T04:00:00Z,165.85,169.5,164.87,165.04,622410
2022-09-29T04:00:00Z,167.72,167.9,163.84,166.12,626009
2022-09-28T04:00:00Z,165.75,170.99,165.11,169.94,803990
2022-09-27T04:00:00Z,166.19,167.61,163.35,164.73,879767
2022-09-26T04:00:00Z,165.48,168.96,163.61,164.12,575096
2022-09-23T04:00:00Z,168.99,169.175,165.005,167.26,602509
2022-09-22T04:00:00Z,175.07,175.49,170.755,171.42,667253
2022-09-21T04:00:00Z,179.36,180.99,175.34,175.34,522491
2022-09-20T04:00:00Z,178.79,178.9,176.715,178.08,535433
2022-09-19T04:00:00Z,177.01,180.74,177,180.47,491552
2022-09-16T04:00:00Z,179.12,179.66,176.91,178.8,660992
2022-09-15T04:00:00Z,181.86,184.67,180.86,181.63,481764
2022-09-14T04:00:00Z,182.6,183.27,180.575,183.03,416525
2022-09-13T04:00:00Z,184.83,185.9,181.55,182.25,776169
2022-09-12T04:00:00Z,188.62,189.81,188.045,189.74,471950
2022-09-09T04:00:00Z,185.37,187.62,185.1,187.39,415592
2022-09-08T04:00:00Z,180.61,183.79,179.68,183.74,382310
2022-09-07T04:00:00Z,178.05,182.445,177.96,182.19,475489
2022-09-06T04:00:00Z,180.69,180.95,177.5,178.35,584369
2022-09-02T04:00:00Z,183.58,183.915,179.15,180.14,495829
2022-09-01T04:00:00Z,181.74,181.8,178.9,181.51,773404
2022-08-31T04:00:00Z,185.07,185.67,183.2,183.43,494077
2022-08-30T04:00:00Z,187.81,187.89,183.56,184.6,555454
2022-08-29T04:00:00Z,186.96,188.975,186.57,187.23,537552
2022-08-26T04:00:00Z,195.42,195.42,188.665,188.88,684254
2022-08-25T04:00:00Z,193.44,195.45,193.045,195.43,498448
2022-08-24T04:00:00Z,190.79,193.3,190.21,192.46,375417
2022-08-23T04:00:00Z,190.94,192.89,190.48,190.95,384767
2022-08-22T04:00:00Z,192,192.335,190.015,190.63,646261
2022-08-19T04:00:00Z,196.88,197.03,194.085,194.66,545776
2022-08-18T04:00:00Z,197.88,199.25,196.94,198.95,421710
2022-08-17T04:00:00Z,198.64,199.32,196.395,197.6,588001
2022-08-16T04:00:00Z,200.45,201.96,199.035,200.99,521581
2022-08-15T04:00:00Z,198.8,201.155,198.26,201.08,430560
2022-08-12T04:00:00Z,197.36,200.425,196.64,200.32,619506
2022-08-11T04:00:00Z,197.33,199.515,196.05,196.4,590512
2022-08-10T04:00:00Z,193.635,195.935,193.15,195.65,592646
2022-08-09T04:00:00Z,192.045,192.17,189.175,190.2,626774
2022-08-08T04:00:00Z,192.17,194.625,191.945,192.77,458287
2022-08-05T04:00:00Z,187.52,191,187.2,190.82,448768
2022-08-04T04:00:00Z,189.88,189.96,188.49,189.43,437283
2022-08-03T04:00:00Z,188.35,190.14,187.72,189.75,651923
2022-08-02T04:00:00Z,186.43,188.94,185.56,186.95,418296
2022-08-01T04:00:00Z,185.825,188.315,184.25,187.18,559570
2022-07-29T04:00:00Z,186.025,187.68,185.1,187.22,502953
2022-07-28T04:00:00Z,184.22,186.125,181.82,185.94,519426
2022-07-27T04:00:00Z,180.52,184.23,180,183.36,700523
2022-07-26T04:00:00Z,179.76,180.21,178.57,179.26,419630
2022-07-25T04:00:00Z,180.08,180.91,178.47,180.44,873868
2022-07-22T04:00:00Z,182.87,183.24,178.08,179.55,676272
2022-07-21T04:00:00Z,180.465,182.47,178.86,182.45,930025
2022-07-20T04:00:00Z,178.65,181.805,178.44,181.56,560526
2022-07-19T04:00:00Z,174.73,178.885,174.73,178.73,743739
2022-07-18T04:00:00Z,175.22,176.22,172.08,172.61,449336
2022-07-15T04:00:00Z,171.6,173.255,169.325,173.08,599033
2022-07-14T04:00:00Z,168.705,169.99,167.025,169.64,659165
2022-07-13T04:00:00Z,169.28,172.27,168.85,171.31,430562
2022-07-12T04:00:00Z,171.55,173.34,170.56,171.51,507934
2022-07-11T04:00:00Z,174.21,174.815,171.605,172.03,504686
2022-07-08T04:00:00Z,175.12,176.955,173.69,175.56,471027
2022-07-07T04:00:00Z,172.88,175.965,172.86,175.65,677998
2022-07-06T04:00:00Z,172.48,173.665,169.8,171.53,559180
2022-07-05T04:00:00Z,168.94,172.84,166.74,172.82,652097
2022-07-01T04:00:00Z,169.04,171.755,167.71,171.48,465315
2022-06-30T04:00:00Z,168.19,171.225,166.78,169.56,717129
2022-06-29T04:00:00Z,172.4,172.67,168.97,170.73,624118
2022-06-28T04:00:00Z,176.81,178.125,172.35,172.52,617768
2022-06-27T04:00:00Z,175.67,176.95,174.23,175.73,623109
2022-06-24T04:00:00Z,171.19,175.04,170.97,174.98,1107186
2022-06-23T04:00:00Z,168.13,170.225,166.57,169.88,556534
2022-06-22T04:00:00Z,165.74,169.255,165.44,167.81,566708
2022-06-21T04:00:00Z,167.99,170.065,166.925,168.13,674448
2022-06-17T04:00:00Z,164.54,167.48,163.74,165.12,703624
2022-06-16T04:00:00Z,167.98,168.29,162.79,163.87,819559
2022-06-15T04:00:00Z,171.14,174.055,168.665,171.87,880773
2022-06-14T04:00:00Z,170.685,171.19,167.75,169.51,838120
2022-06-13T04:00:00Z,173.71,174.94,169.31,170.14,1069845
2022-06-10T04:00:00Z,180.52,181.52,177.69,178.585,824997
2022-06-09T04:00:00Z,186.42,187.04,183.54,183.65,667887
2022-06-08T04:00:00Z,189.98,190.7,187.13,188.02,601320
2022-06-07T04:00:00Z,186.37,190.935,185.96,190.87,650487
2022-06-06T04:00:00Z,189.305,189.305,186.83,187.86,555144
2022-06-03T04:00:00Z,187.27,187.94,185.84,187.09,468529
2022-06-02T04:00:00Z,184.56,188.75,184.17,188.75,516111
2022-06-01T04:00:00Z,186.34,186.87,181.78,184.29,695382
2022-05-31T04:00:00Z,186.9,187.3,184.13,185.24,659865
2022-05-27T04:00:00Z,183.72,187.64,183.49,187.64,657828
2022-05-26T04:00:00Z,179.77,183.765,179.73,182.67,629045
2022-05-25T04:00:00Z,174.81,179.755,174.81,178.71,771080
2022-05-24T04:00:00Z,176.7,176.92,172.335,175.51,609735
2022-05-23T04:00:00Z,177.89,178.93,175.62,178.23,599365
2022-05-20T04:00:00Z,178.58,178.93,171.86,176.15,637170
2022-05-19T04:00:00Z,175.03,178.77,174.965,176.53,732720
2022-05-18T04:00:00Z,180.505,181.35,175.12,176.3,849735
2022-05-17T04:00:00Z,180.4,182.8,179.005,182.77,921936
2022-05-16T04:00:00Z,177.68,179.41,176.14,177.24,678803
2022-05-13T04:00:00Z,175.05,179.38,175.05,178.06,785126
2022-05-12T04:00:00Z,169.71,174.32,168.965,172.78,968699
2022-05-11T04:00:00Z,175.11,178.135,170.31,170.62,872263
2022-05-10T04:00:00Z,177.61,178.89,171.22,174.99,1170626
2022-05-09T04:00:00Z,179.94,180.59,174.13,175.05,990796
2022-05-06T04:00:00Z,185.205,185.4,180.57,182.62,737763
2022-05-05T04:00:00Z,191.53,191.53,183.42,185.77,811275
2022-05-04T04:00:00Z,189.03,193.93,185.76,193.63,944611
2022-05-03T04:00:00Z,186.96,189.43,185.695,188.44,426338
2022-05-02T04:00:00Z,185.19,187.805,182.41,186.8,846327
2022-04-29T04:00:00Z,189.67,191.73,184.535,185.02,681420
2022-04-28T04:00:00Z,189.145,191.4,184.79,190.39,852301
2022-04-27T04:00:00Z,187.635,189.745,186.26,186.93,636996
2022-04-26T04:00:00Z,192.36,192.67,187.5,187.6,878755
2022-04-25T04:00:00Z,190.98,194.06,189.215,193.89,768375
2022-04-22T04:00:00Z,196.87,197.22,192.33,192.65,582383
2022-04-21T04:00:00Z,204.24,204.76,197.04,197.68,590850
2022-04-20T04:00:00Z,203.03,203.81,201.92,202.34,454826
2022-04-19T04:00:00Z,197.95,202.21,197.81,201.62,401079
2022-04-18T04:00:00Z,198.59,199.12,196.57,197.56,245093
2022-04-14T04:00:00Z,201.47,202.23,198.91,198.93,433345
2022-04-13T04:00:00Z,197.67,201.42,197.67,200.96,255348
2022-04-12T04:00:00Z,198.66,201.66,196.435,197.19,330559
2022-04-11T04:00:00Z,197.07,199.24,195.89,196.54,409582
2022-04-08T04:00:00Z,199.225,200.255,197.51,197.9,235793
2022-04-07T04:00:00Z,200.29,201.17,196.7,199.43,316486
2022-04-06T04:00:00Z,201.34,201.75,198.8,200.18,381391
2022-04-05T04:00:00Z,207.87,209.43,202.54,203.13,347516
2022-04-04T04:00:00Z,207.87,208.42,205.92,208.08,371597
2022-04-01T04:00:00Z,206.21,207.7,205.02,207.45,382874
2022-03-31T04:00:00Z,207.14,208.91,205.16,205.22,383115
2022-03-30T04:00:00Z,211.37,211.58,206.645,207.53,338589
2022-03-29T04:00:00Z,208.05,212.205,207.89,211.71,452058
2022-03-28T04:00:00Z,205.82,206.21,203.03,206.19,225640
2022-03-25T04:00:00Z,206.02,206.575,204.47,206.14,337477
2022-03-24T04:00:00Z,204.28,205.85,202.75,205.76,317928
2022-03-23T04:00:00Z,206.11,207.19,203.755,203.84,315374
2022-03-22T04:00:00Z,206.215,208.75,205.81,207.4,313652
2022-03-21T04:00:00Z,207.26,208.16,203.96,205.4,611602
2022-03-18T04:00:00Z,204.19,207.44,204.06,207.07,518271
2022-03-17T04:00:00Z,200.77,205.21,200.31,205.19,437448
2022-03-16T04:00:00Z,197.63,201.87,196.19,201.87,602180
2022-03-15T04:00:00Z,193.46,195.76,192.895,195.71,473792
2022-03-14T04:00:00Z,197.23,197.27,191.9,192.92,888738
2022-03-11T05:00:00Z,200.765,201.74,196.44,196.635,397053
2022-03-10T05:00:00Z,197.49,200.02,196.59,199.9,389350
2022-03-09T05:00:00Z,198.19,201,197.64,200.26,539730
2022-03-08T05:00:00Z,194.345,199.555,193.47,194.8,883408
2022-03-07T05:00:00Z,199.125,199.57,193.74,193.83,675694
2022-03-04T05:00:00Z,200.1,200.82,197.01,198.71,540318
2022-03-03T05:00:00Z,205.07,205.07,200.33,201.8,548360
2022-03-02T05:00:00Z,200.81,205.28,200.72,204.29,456910
2022-03-01T05:00:00Z,202.66,203.77,197.85,199.41,666578
2022-02-28T05:00:00Z,200.54,204.56,200.53,203.12,586040
2022-02-25T05:00:00Z,198.69,202.61,197.01,202.58,506471
2022-02-24T05:00:00Z,188.19,198.47,187.98,198.16,763606
2022-02-23T05:00:00Z,198.13,198.895,192.56,192.88,574274
2022-02-22T05:00:00Z,198.52,200.43,195.355,196.65,546308
2022-02-18T05:00:00Z,201,202.59,198.78,199.44,389088
2022-02-17T05:00:00Z,204.89,204.96,200.8,201.24,335115
2022-02-16T05:00:00Z,205.215,207.26,204.09,206.41,377533
2022-02-15T05:00:00Z,202.69,206.285,202.69,206.06,346694
2022-02-14T05:00:00Z,201.74,203.52,199.32,200.64,395747
2022-02-11T05:00:00Z,204.04,206.03,199.71,201.32,565173
2022-02-10T05:00:00Z,202.86,209.01,202.18,203.48,771525
2022-02-09T05:00:00Z,204.335,206.63,204.32,206.6,594244
2022-02-08T05:00:00Z,199.49,203.08,199.38,202.75,431302
2022-02-07T05:00:00Z,198.57,201.14,198,199.46,435102
2022-02-04T05:00:00Z,197.17,200.08,194.93,198.36,442310
2022-02-03T05:00:00Z,198.83,201.22,197.08,197.49,556127
2022-02-02T05:00:00Z,203.55,203.7,199.29,201.32,503819
2022-02-01T05:00:00Z,201.585,203.56,197.98,203.17,986841
2022-01-31T05:00:00Z,194.23,201.11,193.9,201.11,833195
2022-01-28T05:00:00Z,191.825,195.3,188.11,195.22,942116
2022-01-27T05:00:00Z,197.94,199.525,190.67,191.47,752740
2022-01-26T05:00:00Z,201.74,203.395,193.77,195.93,1013614
2022-01-25T05:00:00Z,198.47,201.64,194.72,198.88,582947
2022-01-24T05:00:00Z,194,202.35,191.23,201.86,1071649
2022-01-21T05:00:00Z,199.88,203.01,197.07,197.07,1022321
2022-01-20T05:00:00Z,205.365,208.95,200.35,200.73,717514
2022-01-19T05:00:00Z,208.76,209.44,204.38,204.52,518696
2022-01-18T05:00:00Z,212.28,212.43,207.53,207.79,488611
2022-01-14T05:00:00Z,211.99,214.375,210.61,214.33,436200
2022-01-13T05:00:00Z,216.83,218.19,213.435,214,498200
2022-01-12T05:00:00Z,218.52,219.33,214.67,215.92,371733
2022-01-11T05:00:00Z,215.58,217.79,212.99,217.46,458767
2022-01-10T05:00:00Z,214.77,215.36,211.155,215.35,432455
2022-01-07T05:00:00Z,218.6,220.35,215.93,215.99,376113
2022-01-06T05:00:00Z,217.8,220.38,215.86,218.61,497227
2022-01-05T05:00:00Z,224.88,225.89,217.33,217.33,474908
2022-01-04T05:00:00Z,225.99,227.12,223.54,225.025,332061
2022-01-03T05:00:00Z,223.81,226.65,222.83,225.31,422644
2021-12-31T05:00:00Z,222.47,224.11,222.46,222.52,320325
2021-12-30T05:00:00Z,222.89,225.39,222.715,222.92,375039
2021-12-29T05:00:00Z,222.69,223.405,221.32,223.02,258829
2021-12-28T05:00:00Z,223.83,225.7,222.42,222.76,283612
2021-12-27T05:00:00Z,222.29,224.22,220.66,224.21,282448
2021-12-23T05:00:00Z,220.85,222.78,220.36,222.02,270998
2021-12-22T05:00:00Z,217.7,220.33,217.15,220.26,305945
2021-12-21T05:00:00Z,214.2,218.375,214.18,218.19,426962
2021-12-20T05:00:00Z,211.97,212.87,208.78,212.1,483131
2021-12-17T05:00:00Z,212.4,217.29,210.37,215.22,919267
2021-12-16T05:00:00Z,219.41,219.88,212.28,213.18,1057453
2021-12-15T05:00:00Z,214.26,218.14,211.09,217.65,1018514
2021-12-14T05:00:00Z,214.52,217.505,213.315,214.32,558053
2021-12-13T05:00:00Z,218.46,219.03,214.75,216,524364
2021-12-10T05:00:00Z,222.15,222.69,218.34,219.91,334901
2021-12-09T05:00:00Z,223.91,224.88,220.5,220.55,333527
2021-12-08T05:00:00Z,224.705,226.53,223.12,225.62,264309
2021-12-07T05:00:00Z,222.105,226.03,221.98,224.03,617649
2021-12-06T05:00:00Z,216.44,220.67,213.79,218.96,366085
2021-12-03T05:00:00Z,220.3,220.34,212.73,214.67,629447
2021-12-02T05:00:00Z,214.33,219.89,213.94,219.32,639403
2021-12-01T05:00:00Z,223.16,224.2,213.315,213.315,972825
2021-11-30T05:00:00Z,220.71,221.76,216.005,218.24,939286
2021-11-29T05:00:00Z,226.22,226.73,221.245,222.69,839115
2021-11-26T05:00:00Z,224.92,226.01,219.65,222.86,856510
2021-11-24T05:00:00Z,229.41,231.98,228.77,231.64,288617
2021-11-23T05:00:00Z,231.37,232.96,228.68,231.39,339246
2021-11-22T05:00:00Z,234.29,235.73,231.63,231.72,435655
2021-11-19T05:00:00Z,233.33,234.4,232.44,232.72,283767
2021-11-18T05:00:00Z,236.91,236.97,233.08,234.94,273417
2021-11-17T05:00:00Z,237.93,238.08,235.16,235.885,244181
2021-11-16T05:00:00Z,238,239.34,237.01,238.98,216953
2021-11-15T05:00:00Z,240.705,240.755,237.565,238.54,240775
2021-11-12T05:00:00Z,239.93,240.14,238.77,239.43,237445
2021-11-11T05:00:00Z,238.3,240.345,237.69,239.25,260406
2021-11-10T05:00:00Z,240.1,241.51,236.34,237.35,341319
2021-11-09T05:00:00Z,242.23,242.51,239.61,241.15,297435
2021-11-08T05:00:00Z,243.73,244.385,242.01,242.61,218235
2021-11-05T04:00:00Z,241.24,243.39,240.25,241.93,475147
2021-11-04T04:00:00Z,239.48,240.925,237.635,238.58,233384
2021-11-03T04:00:00Z,234.16,239.76,234.05,238.66,474329
2021-11-02T04:00:00Z,234.385,234.845,232.71,234.49,293788
2021-11-01T04:00:00Z,229.27,234.165,228.91,233.92,368637
2021-10-29T04:00:00Z,227.8,228.78,226.99,228.04,316961
2021-10-28T04:00:00Z,224.9,228.255,224.9,228.06,243198
2021-10-27T04:00:00Z,227.22,227.43,223.52,223.55,292200
2021-10-26T04:00:00Z,230.02,230.69,227.88,227.89,543346
2021-10-25T04:00:00Z,227.86,229.89,227.42,229.59,218277
2021-10-22T04:00:00Z,227.59,228.37,225.69,227.46,185318
2021-10-21T04:00:00Z,227.25,229.01,226.68,228,292984
2021-10-20T04:00:00Z,225.94,227.96,225.19,227.34,260252
2021-10-19T04:00:00Z,226.05,226.855,224.64,225.92,216772
2021-10-18T04:00:00Z,224.04,225.67,223.76,225.08,297988
2021-10-15T04:00:00Z,227.95,228.38,225.075,225.1,260373
2021-10-14T04:00:00Z,224.8,225.985,224.32,225.82,302626
2021-10-13T04:00:00Z,221.87,222.65,219.9,222.52,230835
2021-10-12T04:00:00Z,220.88,222.46,220.4,221.56,177545
2021-10-11T04:00:00Z,222.09,223.53,220.32,220.37,215880
2021-10-08T04:00:00Z,223.51,224.06,221.51,221.57,310192
2021-10-07T04:00:00Z,221.51,224.925,221.41,223.38,339695
2021-10-06T04:00:00Z,218.685,220.14,216.78,219.92,395576
2021-10-05T04:00:00Z,220.95,223.045,219.95,220.975,217131
2021-10-04T04:00:00Z,222.09,222.26,219.06,220.26,268022
2021-10-01T04:00:00Z,219.88,223.5,217.76,222.3,515519
2021-09-30T04:00:00Z,221.91,222.51,218.62,218.62,215073
2021-09-29T04:00:00Z,222.195,222.54,220.185,220.83,195356
2021-09-28T04:00:00Z,225.39,225.54,220.88,221.22,496118
2021-09-27T04:00:00Z,223.95,227.675,223.725,226.33,503568
2021-09-24T04:00:00Z,222.94,224.34,221.92,223.055,283874
2021-09-23T04:00:00Z,222.09,225.62,221.83,224.82,373733
2021-09-22T04:00:00Z,218.88,222.545,218.88,220.84,420375
2021-09-21T04:00:00Z,218.71,219.28,215.84,217.5,385489
2021-09-20T04:00:00Z,217.45,218.84,214.28,217.08,414187
2021-09-17T04:00:00Z,222.54,223.02,220.74,222.38,494367
2021-09-16T04:00:00Z,222.35,223.315,220.26,222.2,305717
2021-09-15T04:00:00Z,219.93,222.715,219.47,222.32,406525
2021-09-14T04:00:00Z,223.6,223.69,219.08,220,480758
2021-09-13T04:00:00Z,223.22,223.36,220.31,222.89,256767
2021-09-10T04:00:00Z,225.23,225.23,221.53,221.62,271243
2021-09-09T04:00:00Z,223.54,226.255,223.12,223.88,209331
2021-09-08T04:00:00Z,225.75,225.94,222.715,223.89,195742
2021-09-07T04:00:00Z,227.74,228.94,226.275,226.39,224464
2021-09-03T04:00:00Z,228.43,228.93,227.225,227.86,196745
2021-09-02T04:00:00Z,228.13,229.83,227.665,228.995,188059
2021-09-01T04:00:00Z,226.81,228.21,225.01,227.48,195480
2021-08-31T04:00:00Z,225.62,226.6,224.46,225.94,227233
2021-08-30T04:00:00Z,227.27,227.27,224.995,225.48,239201
2021-08-27T04:00:00Z,220.76,227.02,220.57,226.28,353171
2021-08-26T04:00:00Z,222.08,223.13,219.76,220.24,205604
2021-08-25T04:00:00Z,221.78,223.965,220.86,222.56,224616
2021-08-24T04:00:00Z,220.31,221.91,219.74,221.715,225633
2021-08-23T04:00:00Z,217.46,219.93,217.44,219.63,204770
2021-08-20T04:00:00Z,212.045,215.92,211.47,215.51,277286
2021-08-19T04:00:00Z,212.45,214,210.73,211.93,319764
2021-08-18T04:00:00Z,216.11,217.99,214.38,214.44,273028
2021-08-17T04:00:00Z,216.72,217.42,213.75,216.32,238886
2021-08-16T04:00:00Z,219.85,220.22,217.68,219.01,210616
2021-08-13T04:00:00Z,222.99,223.25,220.73,221.07,190750
2021-08-12T04:00:00Z,223.7,223.7,221.75,223.11,170055
2021-08-11T04:00:00Z,223,223.71,220.52,223.69,376519
2021-08-10T04:00:00Z,222.69,223.195,221.255,222.65,290043
2021-08-09T04:00:00Z,222.89,223.17,221.345,222.125,179563
2021-08-06T04:00:00Z,223.77,225.15,222.18,223.46,131524
2021-08-05T04:00:00Z,219.1,222.38,218.9,222.05,193703
2021-08-04T04:00:00Z,219.1,221.14,217.9,218.08,180709
2021-08-03T04:00:00Z,220.61,221.05,217.165,220.92,266834
2021-08-02T04:00:00Z,222.47,224.515,219.675,219.92,216017
2021-07-30T04:00:00Z,221.69,223.985,220.31,221.1,255359
2021-07-29T04:00:00Z,222.6,224.4,222.21,222.54,131190
2021-07-28T04:00:00Z,218.93,222.56,217.465,220.89,216025
2021-07-27T04:00:00Z,218.78,219.01,215.47,217.58,235095
2021-07-26T04:00:00Z,220.39,221.99,219.23,220.2,155765
2021-07-23T04:00:00Z,219.87,219.9,217.03,219.48,230042
2021-07-22T04:00:00Z,221.565,221.565,217.6,218.42,347878
2021-07-21T04:00:00Z,219.41,222.2,219.41,222.12,261359
2021-07-20T04:00:00Z,212.47,219.18,211.47,218.24,394093
2021-07-19T04:00:00Z,210.53,214.415,209.2,211.8,298860
2021-07-16T04:00:00Z,219.79,219.8,214.48,214.9,269572
2021-07-15T04:00:00Z,217.83,219.03,214.96,217.66,499906
2021-07-14T04:00:00Z,223.685,224.3,218.56,218.88,185473
2021-07-13T04:00:00Z,225.64,225.64,222.22,222.285,175565
2021-07-12T04:00:00Z,225.76,226.88,224.585,226.62,101438
2021-07-09T04:00:00Z,224.13,226.41,223.435,226.37,231364
2021-07-08T04:00:00Z,219.335,224.035,217.905,221.67,286135
2021-07-07T04:00:00Z,225.47,226.6,221.855,223.77,212757
2021-07-06T04:00:00Z,229.32,229.39,223.94,225.85,395545
2021-07-02T04:00:00Z,231.99,231.99,228.565,229.08,144727
2021-07-01T04:00:00Z,230.835,231.775,229.72,231.52,197362
2021-06-30T04:00:00Z,228.63,230.3,227.81,229.46,196780
2021-06-29T04:00:00Z,231.16,231.715,228.78,229.26,127469
2021-06-28T04:00:00Z,232.23,232.54,228.96,230.46,276276
2021-06-25T04:00:00Z,232.37,233.41,231.8,231.86,377999
2021-06-24T04:00:00Z,230.075,231.88,229.495,231.84,272076
2021-06-23T04:00:00Z,228.16,229.955,228.13,228.69,247535
2021-06-22T04:00:00Z,226.385,228.395,224.8,228.03,252498
2021-06-21T04:00:00Z,223.945,227.5,223.395,226.83,247123
2021-06-18T04:00:00Z,223.69,225.72,221.15,221.94,558216
2021-06-17T04:00:00Z,229.49,230.12,224.585,227.27,304329
2021-06-16T04:00:00Z,229.68,230.67,227.66,229.74,217969
2021-06-15T04:00:00Z,231.23,231.44,228.495,230.455,174778
2021-06-14T04:00:00Z,232.35,233.26,230.15,231.03,212174
2021-06-11T04:00:00Z,230.39,231.8,230.085,231.75,156643
2021-06-10T04:00:00Z,231.72,232.12,228.83,229.34,198880
2021-06-09T04:00:00Z,233.565,233.57,231.01,231.34,161350
2021-06-08T04:00:00Z,231.275,233.47,230,232.89,490349
2021-06-07T04:00:00Z,227.94,230.77,227.94,230.48,215472
2021-06-04T04:00:00Z,227.505,228.025,226.22,227.38,226869
2021-06-03T04:00:00Z,226.81,227.615,224.06,226.5,188552
2021-06-02T04:00:00Z,228.77,228.77,226.98,228.36,194704
2021-06-01T04:00:00Z,227.47,228.53,226.1,228.1,128559
2021-05-28T04:00:00Z,227.09,227.16,225.07,225.54,198362
2021-05-27T04:00:00Z,224.83,226.34,224.22,225.795,229613
2021-05-26T04:00:00Z,220.48,223.66,220.46,223.43,223830
2021-05-25T04:00:00Z,222.17,223.63,219.2,219.29,193261
2021-05-24T04:00:00Z,221.16,222.44,220.12,221.38,243382
2021-05-21T04:00:00Z,221.27,222.25,219.57,219.93,219078
2021-05-20T04:00:00Z,218.16,219.86,216.44,219.37,252845
2021-05-19T04:00:00Z,215.99,218.14,214.25,218,327593
2021-05-18T04:00:00Z,221.38,223.125,219.49,219.49,243307
2021-05-17T04:00:00Z,219.55,221.39,217.93,221.3,182440
2021-05-14T04:00:00Z,217.94,221.38,217.14,221.09,494444
2021-05-13T04:00:00Z,213.14,217.435,211.845,215.77,386221
2021-05-12T04:00:00Z,217.28,218.67,211.64,211.88,425970
2021-05-11T04:00:00Z,214.895,220.33,214.44,219.02,428160
2021-05-10T04:00:00Z,225.25,225.66,219.61,219.63,301577
2021-05-07T04:00:00Z,222.59,225.925,222.19,225.41,615308
2021-05-06T04:00:00Z,222.51,222.8,218.665,222.8,321864
2021-05-05T04:00:00Z,224.38,224.44,221.47,222.42,241089
2021-05-04T04:00:00Z,224.78,224.87,220.955,223.27,268288
2021-05-03T04:00:00Z,227.36,227.36,224.99,226,274008
2021-04-30T04:00:00Z,225.8,227.735,224.15,224.94,302694
2021-04-29T04:00:00Z,230.62,230.74,225.94,228.04,215943
2021-04-28T04:00:00Z,228.06,229.49,227.22,228.84,171517
2021-04-27T04:00:00Z,228.72,229.365,227.59,228.34,200505
2021-04-26T04:00:00Z,227.17,228.66,226.83,228.08,205389
2021-04-23T04:00:00Z,222.89,226.64,222.06,225.64,283602
2021-04-22T04:00:00Z,223.3,225.28,220.84,221.62,356959
2021-04-21T04:00:00Z,216.565,222.61,215.6,222.6,453237
2021-04-20T04:00:00Z,220.99,221.36,215.26,217.33,384263
2021-04-19T04:00:00Z,223.79,224.07,220.08,221.75,254021
2021-04-16T04:00:00Z,225.48,225.61,223.125,224.7,193864
2021-04-15T04:00:00Z,224.71,224.75,222.33,224.3,320784
2021-04-14T04:00:00Z,221.805,225.99,221.805,223.34,542623
2021-04-13T04:00:00Z,221.955,222.515,219.31,221.17,138074
2021-04-12T04:00:00Z,222.67,222.86,220.41,221.72,134740
2021-04-09T04:00:00Z,222.49,223.08,221.3,222.54,186302
2021-04-08T04:00:00Z,221.965,222.8,219.4,222.56,259716
2021-04-07T04:00:00Z,224.27,224.27,219.955,220.58,187364
2021-04-06T04:00:00Z,225.08,226.68,223.86,224.25,195001
2021-04-05T04:00:00Z,226.36,226.42,223.66,224.82,210887
2021-04-01T04:00:00Z,222.31,223.8,222.045,223.8,374472
2021-03-31T04:00:00Z,219.485,222.39,219.215,220.9,431689
2021-03-30T04:00:00Z,214.36,218.675,213.295,217.905,241260
2021-03-29T04:00:00Z,219.075,220.88,214.08,214.14,351884
2021-03-26T04:00:00Z,218.99,220.66,215.98,220.62,310505
2021-03-25T04:00:00Z,209.25,217.52,208.28,216.48,402465
2021-03-24T04:00:00Z,219.86,221.275,212.06,212.09,461909
2021-03-23T04:00:00Z,223.33,223.6,216.04,217.1,547168
2021-03-22T04:00:00Z,227.74,228.07,224.165,225.23,245351
2021-03-19T04:00:00Z,224.575,228.55,223.07,226.94,314410
2021-03-18T04:00:00Z,230.8,232.85,224.62,225.18,375743
2021-03-17T04:00:00Z,228.89,232.67,227.38,232.355,329157
2021-03-16T04:00:00Z,234.06,234.06,229.14,230.53,246366
2021-03-15T04:00:00Z,233.31,234.49,231.985,234.49,238657
2021-03-12T05:00:00Z,232.04,234.14,231.41,233.72,234955
2021-03-11T05:00:00Z,229.59,232.255,228.89,232.11,236906
2021-03-10T05:00:00Z,225.69,228.91,225.69,227.21,197040
2021-03-09T05:00:00Z,222.26,224.985,220.93,223.14,267183
2021-03-08T05:00:00Z,219.355,222.23,218.18,218.72,271010
2021-03-05T05:00:00Z,216.84,218.08,207.25,217.64,507900
2021-03-04T05:00:00Z,218.47,220.44,209.635,213.24,415669
2021-03-03T05:00:00Z,222.74,224.15,219.23,219.25,258639
2021-03-02T05:00:00Z,225.65,225.65,221.56,221.68,289328
2021-03-01T05:00:00Z,223.63,226.62,223.03,226.11,303275
2021-02-26T05:00:00Z,219.44,222.05,214.955,218.73,419438
2021-02-25T05:00:00Z,226.88,227.52,218.04,218.5,520500
2021-02-24T05:00:00Z,222.6,227.425,221.76,227,431828
2021-02-23T05:00:00Z,220.26,222.94,215.6,221.66,417130
2021-02-22T05:00:00Z,223.66,226.375,223.01,223.68,293901
2021-02-19T05:00:00Z,222.58,226.27,222.32,225.19,504935
2021-02-18T05:00:00Z,222.31,222.66,219.455,220.53,601511
2021-02-17T05:00:00Z,223.565,224.66,221.085,224.06,228022
2021-02-16T05:00:00Z,229.465,229.6,224.82,225.73,222016
2021-02-12T05:00:00Z,225.65,227.69,224.8,227.22,168822
2021-02-11T05:00:00Z,228.195,229,223.49,226.59,417028
2021-02-10T05:00:00Z,230,230.28,225.095,226.92,311729
2021-02-09T05:00:00Z,227.18,229.58,226.31,228.44,324233
2021-02-08T05:00:00Z,223.81,227.33,223.55,227.22,239151
2021-02-05T05:00:00Z,220.85,221.84,218.81,221.64,202486
2021-02-04T05:00:00Z,215.24,218.815,215.17,218.61,685918
2021-02-03T05:00:00Z,213.77,214.69,211.63,214.22,539267
2021-02-02T05:00:00Z,213.13,214.01,210.92,213.53,606031
2021-02-01T05:00:00Z,208.19,211.55,205.79,210.62,212714
2021-01-29T05:00:00Z,209.81,210.93,204.93,205.53,563914
2021-01-28T05:00:00Z,210.84,212.27,207.65,208.72,678059
2021-01-27T05:00:00Z,209.48,212.98,207.34,209.36,1307678
2021-01-26T05:00:00Z,216.295,216.58,212.79,213.28,173946
2021-01-25T05:00:00Z,214.93,217.85,211.6,214.78,423000
2021-01-22T05:00:00Z,210.49,215.32,210.095,215.02,196722
2021-01-21T05:00:00Z,214.82,215.04,212.02,212.56,213296
2021-01-20T05:00:00Z,214.32,215.935,213.23,214.45,197713
2021-01-19T05:00:00Z,213.33,213.57,211.78,213.51,114479
2021-01-15T05:00:00Z,211.87,212.33,208.265,210.69,590907
2021-01-14T05:00:00Z,211.22,214.97,211.195,214.11,214937
2021-01-13T05:00:00Z,211.49,211.7,209.3,209.76,252699
2021-01-12T05:00:00Z,208.56,211.37,208.56,211.24,444963
2021-01-11T05:00:00Z,205.075,208.085,204.92,207.6,263135
2021-01-08T05:00:00Z,209.32,209.73,204.71,207.66,303191
2021-01-07T05:00:00Z,205.71,208.505,205.71,208.13,329423
2021-01-06T05:00:00Z,199.41,206.69,199.41,204.5,511311
2021-01-05T05:00:00Z,193.19,197.555,193.19,196.56,223274
2021-01-04T05:00:00Z,197.49,197.89,190.97,193.37,444229
2020-12-31T05:00:00Z,196.54,196.79,194.69,196.105,221851
2020-12-30T05:00:00Z,195.1,197.43,195.085,196.44,286141
2020-12-29T05:00:00Z,198.57,198.99,193.47,194.35,324509
2020-12-28T05:00:00Z,201.175,201.175,198.16,198.23,329761
2020-12-24T05:00:00Z,199.84,199.84,198.075,198.98,138299
2020-12-23T05:00:00Z,198.59,199.64,197.97,199.125,281518
2020-12-22T05:00:00Z,196.04,197.685,195.55,197.34,241374
2020-12-21T05:00:00Z,191.9,195.725,191.53,195.3,502928
2020-12-18T05:00:00Z,196.905,197.795,194.81,195.2,1099264
2020-12-17T05:00:00Z,194.74,196.36,194.11,196.29,231393
2020-12-16T05:00:00Z,195.16,195.16,193.005,193.98,425697
2020-12-15T05:00:00Z,191.75,194.67,190.8,194.65,380659
2020-12-14T05:00:00Z,191.97,193.08,189.9,189.9,999502
2020-12-11T05:00:00Z,189.97,191.69,188.305,190.27,219542
2020-12-10T05:00:00Z,187.99,191.63,187.37,191.22,255363
2020-12-09T05:00:00Z,191.97,192.775,187.95,189.39,241381
2020-12-08T05:00:00Z,187.1,190.975,187.1,190.76,156799
2020-12-07T05:00:00Z,188.235,188.94,187.455,188.34,161335
2020-12-04T05:00:00Z,185.06,188.44,185.06,188.17,262204
2020-12-03T05:00:00Z,183.375,185.125,182.97,183.87,273610
2020-12-02T05:00:00Z,181.56,183.42,180.9,182.85,163819
2020-12-01T05:00:00Z,183.58,184.155,181.82,182.61,407547
2020-11-30T05:00:00Z,183.805,184.3,180.37,181.18,381360
2020-11-27T05:00:00Z,183.69,184.48,183.28,184.38,107211
2020-11-25T05:00:00Z,183.465,184.035,181.96,183.58,258166
2020-11-24T05:00:00Z,183.39,185.415,182.365,184.22,331690
2020-11-23T05:00:00Z,179.46,181.965,178.77,180.83,315151
2020-11-20T05:00:00Z,176.72,177.925,175.87,177.46,309352
2020-11-19T05:00:00Z,175.63,177.58,175.075,177.24,278359
2020-11-18T05:00:00Z,179,179.675,175.88,175.89,367689
2020-11-17T05:00:00Z,176.03,178.79,174.295,178.44,416746
2020-11-16T05:00:00Z,176.56,177.74,175.44,177.61,395512
2020-11-13T05:00:00Z,171.415,174.12,171.415,173.43,438583
2020-11-12T05:00:00Z,171.35,171.96,168.345,169.96,489359
2020-11-11T05:00:00Z,173.37,173.47,170.87,172.66,364613
2020-11-10T05:00:00Z,171.21,173.31,169.775,172.7,322177
2020-11-09T05:00:00Z,176.48,177.58,169.35,169.47,654903
2020-11-06T05:00:00Z,165.61,165.69,163.325,163.58,350506
2020-11-05T05:00:00Z,162.04,165.55,161.96,164.96,439668
2020-11-04T05:00:00Z,158.02,162.3,158.02,160.42,652519
2020-11-03T05:00:00Z,158.34,161.21,158.07,160.27,363334
2020-11-02T05:00:00Z,154.62,155.87,153.72,155.83,597081
2020-10-30T04:00:00Z,154.33,155.27,151.39,153.12,395022
2020-10-29T04:00:00Z,152.78,155.77,151.73,155.12,344307
2020-10-28T04:00:00Z,154.64,155.385,153.08,153.24,410236
2020-10-27T04:00:00Z,159.42,160.01,158,158.15,222349
2020-10-26T04:00:00Z,160.915,161.36,157.4,159.53,387765
2020-10-23T04:00:00Z,162.995,163.285,161.29,163.09,347766
2020-10-22T04:00:00Z,160.01,162.17,159.26,162.08,238053
2020-10-21T04:00:00Z,160.86,161.33,159.31,159.31,200762
2020-10-20T04:00:00Z,161.5,162.405,160.39,160.76,273516
2020-10-19T04:00:00Z,163.07,163.95,160.04,160.39,300230
2020-10-16T04:00:00Z,163.18,163.695,162.32,162.37,248237
2020-10-15T04:00:00Z,159.18,163.17,158.83,162.78,230439
2020-10-14T04:00:00Z,163.17,163.87,160.965,161.15,407609
2020-10-13T04:00:00Z,162.46,163.15,161.515,162.66,333686
2020-10-12T04:00:00Z,163.37,164.23,162.635,163.81,259444
2020-10-09T04:00:00Z,163.37,163.61,161.86,162.7,337988
2020-10-08T04:00:00Z,161.72,162.255,160.61,161.87,371631
2020-10-07T04:00:00Z,158.59,160.55,158.5,160.05,316612
2020-10-06T04:00:00Z,158.49,161,156.35,156.6,661228
2020-10-05T04:00:00Z,154.5,157.29,154.5,157.06,307740
2020-10-02T04:00:00Z,149.275,153.56,149.08,152.88,364013
2020-10-01T04:00:00Z,150.785,152.2,149.525,152.15,239558
2020-09-30T04:00:00Z,149.96,151.95,148.5,149.71,335266
2020-09-29T04:00:00Z,149.76,150.25,148.09,149.35,205181
2020-09-28T04:00:00Z,148.46,150.435,148.29,150.08,303221
2020-09-25T04:00:00Z,143.39,146.82,143.39,146.41,221863
2020-09-24T04:00:00Z,143.92,146.51,142.115,144.05,301923
2020-09-23T04:00:00Z,148.49,149.43,143.98,144.03,239827
2020-09-22T04:00:00Z,148.56,149.29,146.58,149.13,305688
2020-09-21T04:00:00Z,149.72,150.17,146.37,147.98,809358
2020-09-18T04:00:00Z,153.99,155.265,151.27,153.26,298189
2020-09-17T04:00:00Z,152.62,154.39,151.75,153.735,429435
2020-09-16T04:00:00Z,154.2,156.83,153.88,154.81,291613
2020-09-15T04:00:00Z,154.37,154.69,152.86,153.38,612110
2020-09-14T04:00:00Z,150.71,153.39,150.37,153.06,371338
2020-09-11T04:00:00Z,150.855,150.98,147.735,149.14,381447
2020-09-10T04:00:00Z,152.99,153.875,150.13,150.17,319317
2020-09-09T04:00:00Z,151.42,152.77,150.65,152.14,255365
2020-09-08T04:00:00Z,150.725,152.46,149,149.87,486493
2020-09-04T04:00:00Z,155.49,155.83,149.32,152.87,297133
2020-09-03T04:00:00Z,158.12,158.2,152.97,153.82,409230
2020-09-02T04:00:00Z,157.87,158.97,156.2,158.46,222091
2020-09-01T04:00:00Z,155.185,157.3,154.61,157.23,251814
2020-08-31T04:00:00Z,157.19,157.33,155.375,155.43,189116
2020-08-28T04:00:00Z,156.56,157.19,155.79,157.14,190571
2020-08-27T04:00:00Z,156.15,156.96,154.65,155.81,237397
2020-08-26T04:00:00Z,156.305,156.75,155.23,155.4,197206
2020-08-25T04:00:00Z,156.8,156.8,154.8,156.44,217141
2020-08-24T04:00:00Z,155.815,156.25,154.37,156.24,291823
2020-08-21T04:00:00Z,155.12,155.64,153.61,154.59,269072
2020-08-20T04:00:00Z,154.78,156.48,154.54,155.73,171983
2020-08-19T04:00:00Z,156.84,157.98,156.205,156.52,185957
2020-08-18T04:00:00Z,157.795,157.8,155.73,156.34,315021
2020-08-17T04:00:00Z,157.51,158.025,156.76,157.93,142296
2020-08-14T04:00:00Z,156.265,157.75,155.885,157.09,278265
2020-08-13T04:00:00Z,156.98,158.46,156.68,157.22,233109
2020-08-12T04:00:00Z,158.64,158.87,156.51,157.58,260769
2020-08-11T04:00:00Z,159.31,159.8,156.17,156.84,474679
2020-08-10T04:00:00Z,156.65,158.8,156.65,157.8,360069
2020-08-07T04:00:00Z,153.39,156.24,153.23,156.2,273361
2020-08-06T04:00:00Z,153.64,154.39,152.93,153.73,449959
2020-08-05T04:00:00Z,152.31,153.885,151.81,153.77,218138
2020-08-04T04:00:00Z,149.52,150.895,149.055,150.82,178485
2020-08-03T04:00:00Z,147.95,149.955,147.48,149.82,164183
2020-07-31T04:00:00Z,148.17,148.4,144.71,147.33,238527
2020-07-30T04:00:00Z,147.13,149.1,146.35,148.78,194302
2020-07-29T04:00:00Z,147.01,149.425,147.01,149.31,170668
2020-07-28T04:00:00Z,147.33,148,146.06,146.16,128998
2020-07-27T04:00:00Z,146.065,147.69,145.425,147.61,284442
