2024-06-14T04:00:00Z,2.525,2.535,2.49,2.525,87966
2024-06-13T04:00:00Z,2.67,2.68,2.51,2.55,201750
2024-06-12T04:00:00Z,2.71,2.755,2.64,2.64,244088
2024-06-11T04:00:00Z,2.715,2.72,2.65,2.655,76889
2024-06-10T04:00:00Z,2.71,2.735,2.68,2.735,84545
2024-06-07T04:00:00Z,2.715,2.76,2.7,2.725,94085
2024-06-06T04:00:00Z,2.775,2.875,2.77,2.77,146217
2024-06-05T04:00:00Z,2.855,2.88,2.765,2.795,241671
2024-06-04T04:00:00Z,2.825,2.865,2.805,2.85,237996
2024-06-03T04:00:00Z,2.88,2.98,2.825,2.835,125307
2024-05-31T04:00:00Z,2.86,2.92,2.775,2.845,81644
2024-05-30T04:00:00Z,2.79,2.89,2.76,2.88,194361
2024-05-29T04:00:00Z,2.66,2.785,2.655,2.75,180739
2024-05-28T04:00:00Z,2.825,2.865,2.73,2.73,429230
2024-05-24T04:00:00Z,2.745,2.79,2.61,2.79,150258
2024-05-23T04:00:00Z,2.86,2.86,2.7,2.715,163203
2024-05-22T04:00:00Z,2.805,2.905,2.79,2.89,107902
2024-05-21T04:00:00Z,2.845,2.94,2.8,2.835,138659
2024-05-20T04:00:00Z,2.805,2.89,2.79,2.855,233867
2024-05-17T04:00:00Z,2.84,2.87,2.71,2.84,221789
2024-05-16T04:00:00Z,2.895,2.98,2.86,2.885,228450
2024-05-15T04:00:00Z,3.18,3.18,2.85,2.89,344853
2024-05-14T04:00:00Z,3.01,3.35,2.99,3.125,2185418
2024-05-13T04:00:00Z,2.685,3.07,2.685,2.815,473399
2024-05-10T04:00:00Z,2.74,2.74,2.605,2.655,202341
2024-05-09T04:00:00Z,2.695,2.74,2.68,2.695,274265
2024-05-08T04:00:00Z,2.625,2.71,2.605,2.71,273820
2024-05-07T04:00:00Z,2.8,2.825,2.58,2.615,640786
2024-05-06T04:00:00Z,2.83,3.09,2.815,3.08,754910
2024-05-03T04:00:00Z,2.89,2.89,2.735,2.78,137799
2024-05-02T04:00:00Z,2.665,2.79,2.58,2.775,540393
2024-05-01T04:00:00Z,2.51,2.665,2.495,2.635,577843
2024-04-30T04:00:00Z,2.45,2.56,2.43,2.555,397861
2024-04-29T04:00:00Z,2.53,2.57,2.4,2.51,284372
2024-04-26T04:00:00Z,2.47,2.525,2.43,2.45,307048
2024-04-25T04:00:00Z,2.49,2.535,2.4,2.45,277046
2024-04-24T04:00:00Z,2.54,2.595,2.485,2.545,609232
2024-04-23T04:00:00Z,2.3,2.535,2.3,2.52,386786
2024-04-22T04:00:00Z,2.39,2.39,2.31,2.375,282935
2024-04-19T04:00:00Z,2.41,2.47,2.405,2.44,321517
2024-04-18T04:00:00Z,2.4,2.54,2.36,2.445,286381
2024-04-17T04:00:00Z,2.41,2.465,2.4,2.43,189516
2024-04-16T04:00:00Z,2.405,2.455,2.36,2.405,531414
2024-04-15T04:00:00Z,2.495,2.5,2.405,2.435,252212
2024-04-12T04:00:00Z,2.505,2.52,2.425,2.5,252820
2024-04-11T04:00:00Z,2.65,2.68,2.5,2.505,829454
2024-04-10T04:00:00Z,2.61,2.68,2.6,2.635,732330
2024-04-09T04:00:00Z,2.625,2.8,2.625,2.7,478549
2024-04-08T04:00:00Z,2.65,2.72,2.63,2.645,346322
2024-04-05T04:00:00Z,2.65,2.665,2.565,2.615,410034
2024-04-04T04:00:00Z,2.79,2.8,2.6,2.65,574183
2024-04-03T04:00:00Z,2.735,2.815,2.71,2.755,347613
2024-04-02T04:00:00Z,2.77,2.77,2.685,2.77,228962
2024-04-01T04:00:00Z,2.87,2.905,2.815,2.855,302041
2024-03-28T04:00:00Z,2.95,2.99,2.83,2.845,331583
2024-03-27T04:00:00Z,2.76,3.06,2.74,2.98,758437
2024-03-26T04:00:00Z,2.985,2.985,2.75,2.755,560074
2024-03-25T04:00:00Z,3.13,3.345,2.9,2.935,1037993
2024-03-22T04:00:00Z,2.8,2.845,2.71,2.76,561158
2024-03-21T04:00:00Z,2.8,2.875,2.73,2.86,670311
2024-03-20T04:00:00Z,2.7,2.835,2.67,2.795,323715
2024-03-19T04:00:00Z,2.73,2.79,2.665,2.69,408093
2024-03-18T04:00:00Z,2.77,2.79,2.66,2.755,167028
2024-03-15T04:00:00Z,2.67,2.78,2.66,2.69,465254
2024-03-14T04:00:00Z,2.78,2.79,2.59,2.62,549251
2024-03-13T04:00:00Z,2.9,3,2.78,2.79,320010
2024-03-12T04:00:00Z,3,3.04,2.91,2.91,422814
2024-03-11T04:00:00Z,3.095,3.145,2.98,2.99,438414
2024-03-08T05:00:00Z,3.16,3.23,3.06,3.12,214106
2024-03-07T05:00:00Z,3.2,3.21,3.1,3.12,282313
2024-03-06T05:00:00Z,3.14,3.27,3.1,3.19,446020
2024-03-05T05:00:00Z,3.16,3.23,3.07,3.19,295771
2024-03-04T05:00:00Z,3.315,3.35,3.1,3.21,546447
2024-03-01T05:00:00Z,3.25,3.44,3.25,3.32,404714
2024-02-29T05:00:00Z,3.27,3.345,3.15,3.32,938636
2024-02-28T05:00:00Z,3.1,3.35,3.07,3.21,344169
2024-02-27T05:00:00Z,3.225,3.23,3.1,3.165,361372
2024-02-26T05:00:00Z,3.04,3.29,3.01,3.14,538626
2024-02-23T05:00:00Z,3.02,3.08,2.89,3.015,703875
2024-02-22T05:00:00Z,3.395,3.45,2.885,3.075,1405124
2024-02-21T05:00:00Z,3.59,3.77,3.57,3.73,638833
2024-02-20T05:00:00Z,3.715,3.81,3.505,3.685,394311
2024-02-16T05:00:00Z,3.59,3.92,3.59,3.71,713055
2024-02-15T05:00:00Z,3.44,3.72,3.415,3.63,483134
2024-02-14T05:00:00Z,3.345,3.48,3.345,3.445,206831
2024-02-13T05:00:00Z,3.46,3.46,3.26,3.335,527568
2024-02-12T05:00:00Z,3.495,3.76,3.47,3.585,410397
2024-02-09T05:00:00Z,3.53,3.66,3.405,3.52,327984
2024-02-08T05:00:00Z,3.355,3.545,3.315,3.52,301098
2024-02-07T05:00:00Z,3.52,3.57,3.35,3.385,310321
2024-02-06T05:00:00Z,3.19,3.515,3.12,3.505,799488
2024-02-05T05:00:00Z,3.255,3.3,3.12,3.215,1033570
2024-02-02T05:00:00Z,3.28,3.33,3.115,3.3,872519
2024-02-01T05:00:00Z,3.525,3.63,3.21,3.405,633991
2024-01-31T05:00:00Z,3.495,3.765,3.35,3.365,1019244
2024-01-30T05:00:00Z,3.25,3.82,3.15,3.47,2526129
2024-01-29T05:00:00Z,2.76,3.405,2.67,3.385,2483918
2024-01-26T05:00:00Z,2.67,2.715,2.635,2.655,488377
2024-01-25T05:00:00Z,2.7,2.72,2.56,2.65,917008
2024-01-24T05:00:00Z,3.145,3.15,2.78,2.805,611802
2024-01-23T05:00:00Z,2.965,3.075,2.885,3.045,1237100
2024-01-22T05:00:00Z,2.74,2.96,2.68,2.84,2017878
2024-01-19T05:00:00Z,2.655,2.845,2.54,2.715,1001281
2024-01-18T05:00:00Z,2.855,2.86,2.55,2.655,1562318
2024-01-17T05:00:00Z,2.785,2.82,2.71,2.79,734301
2024-01-16T05:00:00Z,3.02,3.025,2.855,2.875,1614765
2024-01-12T05:00:00Z,3.175,3.28,2.975,3.005,1084090
2024-01-11T05:00:00Z,3.42,3.42,3.155,3.265,1140179
2024-01-10T05:00:00Z,3.64,3.66,3.4,3.41,1233885
2024-01-09T05:00:00Z,3.765,3.77,3.61,3.625,485437
2024-01-08T05:00:00Z,3.83,3.85,3.71,3.805,330692
2024-01-05T05:00:00Z,3.87,3.945,3.76,3.79,629513
2024-01-04T05:00:00Z,3.95,3.98,3.85,3.88,693235
2024-01-03T05:00:00Z,4.1,4.11,3.96,3.96,539708
2024-01-02T05:00:00Z,4.155,4.29,4.115,4.145,762441
2023-12-29T05:00:00Z,4.255,4.275,4.135,4.205,882248
2023-12-28T05:00:00Z,4.28,4.38,4.23,4.255,889535
2023-12-27T05:00:00Z,4.36,4.385,4.265,4.32,307336
2023-12-26T05:00:00Z,4.315,4.49,4.315,4.34,395175
2023-12-22T05:00:00Z,4.295,4.375,4.26,4.28,215632
2023-12-21T05:00:00Z,4.41,4.47,4.32,4.34,268159
2023-12-20T05:00:00Z,4.65,4.69,4.245,4.255,575559
2023-12-19T05:00:00Z,4.765,4.83,4.715,4.72,634415
2023-12-18T05:00:00Z,4.79,4.825,4.66,4.73,390234
2023-12-15T05:00:00Z,5.23,5.255,4.76,4.78,1200128
2023-12-14T05:00:00Z,4.63,5.31,4.615,5.13,2349622
2023-12-13T05:00:00Z,4.255,4.585,4.15,4.49,717469
2023-12-12T05:00:00Z,4.48,4.49,4.09,4.215,804638
2023-12-11T05:00:00Z,4.52,4.73,4.52,4.62,863310
2023-12-08T05:00:00Z,4.445,4.75,4.445,4.74,1008254
2023-12-07T05:00:00Z,4.43,4.64,4.32,4.475,492641
2023-12-06T05:00:00Z,4.285,4.71,4.27,4.405,583176
2023-12-05T05:00:00Z,4.345,4.385,4.18,4.2,212009
2023-12-04T05:00:00Z,4.32,4.53,4.27,4.355,277403
2023-12-01T05:00:00Z,4.205,4.48,4.165,4.32,465255
2023-11-30T05:00:00Z,4.41,4.41,4.14,4.225,232464
2023-11-29T05:00:00Z,4.395,4.565,4.31,4.345,341377
2023-11-28T05:00:00Z,4.18,4.42,3.98,4.42,508653
2023-11-27T05:00:00Z,4.18,4.225,4.1,4.2,372766
2023-11-24T05:00:00Z,4.255,4.325,4.18,4.26,146449
2023-11-22T05:00:00Z,4.275,4.275,4.11,4.21,329519
2023-11-21T05:00:00Z,4.305,4.38,4.145,4.22,270057
2023-11-20T05:00:00Z,4.265,4.48,4.19,4.36,426908
2023-11-17T05:00:00Z,4.295,4.295,4.15,4.245,657107
2023-11-16T05:00:00Z,4.255,4.37,4.135,4.285,550417
2023-11-15T05:00:00Z,4.19,4.38,4.19,4.23,737662
2023-11-14T05:00:00Z,4.13,4.325,4.11,4.17,588993
2023-11-13T05:00:00Z,3.775,4.03,3.71,3.975,484466
2023-11-10T05:00:00Z,3.715,3.795,3.625,3.785,468630
2023-11-09T05:00:00Z,3.985,4.035,3.72,3.755,970824
2023-11-08T05:00:00Z,4.035,4.1,3.87,3.945,1352109
2023-11-07T05:00:00Z,4.28,4.34,4.215,4.28,607991
2023-11-06T05:00:00Z,4.685,4.69,4.25,4.315,432190
2023-11-03T04:00:00Z,4.68,4.845,4.555,4.615,579983
2023-11-02T04:00:00Z,4.16,4.615,4.16,4.55,1056713
2023-11-01T04:00:00Z,4.125,4.125,3.96,4.045,406654
2023-10-31T04:00:00Z,4.115,4.17,4.045,4.12,298783
2023-10-30T04:00:00Z,4.11,4.135,4.01,4.065,349102
2023-10-27T04:00:00Z,4.11,4.165,4.015,4.05,337708
2023-10-26T04:00:00Z,4.15,4.165,3.985,4.075,491759
2023-10-25T04:00:00Z,4.21,4.32,4.17,4.185,456178
2023-10-24T04:00:00Z,4.43,4.49,4.205,4.23,540910
2023-10-23T04:00:00Z,4.25,4.47,4.145,4.345,627205
2023-10-20T04:00:00Z,4.31,4.43,4.25,4.275,520552
2023-10-19T04:00:00Z,4.455,4.455,4.3,4.35,471209
2023-10-18T04:00:00Z,4.92,4.975,4.515,4.545,865745
2023-10-17T04:00:00Z,4.91,5.23,4.91,5.005,1351156
2023-10-16T04:00:00Z,5.15,5.375,5.135,5.27,874541
2023-10-13T04:00:00Z,5.065,5.16,4.995,5.155,476105
2023-10-12T04:00:00Z,5.29,5.335,5.04,5.06,595957
2023-10-11T04:00:00Z,5.405,5.475,5.23,5.335,951851
2023-10-10T04:00:00Z,5.015,5.455,5,5.425,1095309
2023-10-09T04:00:00Z,5,5.14,4.87,5.03,428468
2023-10-06T04:00:00Z,5.09,5.21,5.045,5.125,487396
2023-10-05T04:00:00Z,5.48,5.49,5.03,5.16,808768
2023-10-04T04:00:00Z,5.455,5.58,5.35,5.55,375887
2023-10-03T04:00:00Z,5.46,5.495,5.35,5.375,387995
2023-10-02T04:00:00Z,5.555,5.67,5.47,5.535,288402
2023-09-29T04:00:00Z,5.63,5.685,5.505,5.58,356583
2023-09-28T04:00:00Z,5.47,5.615,5.34,5.53,660211
2023-09-27T04:00:00Z,5.45,5.555,5.32,5.48,337144
2023-09-26T04:00:00Z,5.165,5.39,5.12,5.32,366584
2023-09-25T04:00:00Z,5.145,5.19,4.975,5.135,544042
2023-09-22T04:00:00Z,5.25,5.33,5.07,5.115,559854
2023-09-21T04:00:00Z,5.37,5.37,5.17,5.175,440568
2023-09-20T04:00:00Z,5.58,5.62,5.45,5.46,272080
2023-09-19T04:00:00Z,5.645,5.66,5.44,5.5,534535
2023-09-18T04:00:00Z,5.87,5.9,5.615,5.65,385358
2023-09-15T04:00:00Z,6.03,6.11,5.865,5.91,312555
2023-09-14T04:00:00Z,5.875,6.055,5.86,6.01,230920
2023-09-13T04:00:00Z,5.885,5.945,5.825,5.88,255728
2023-09-12T04:00:00Z,5.8,6.02,5.74,5.925,776824
2023-09-11T04:00:00Z,5.87,6.02,5.64,5.86,572540
2023-09-08T04:00:00Z,5.97,5.99,5.8,5.845,461771
2023-09-07T04:00:00Z,6,6.06,5.92,6.015,447902
2023-09-06T04:00:00Z,6.255,6.365,6.05,6.145,382777
2023-09-05T04:00:00Z,6.29,6.445,6.22,6.32,353940
2023-09-01T04:00:00Z,6.295,6.405,6.19,6.365,302196
2023-08-31T04:00:00Z,6.405,6.41,6.15,6.275,387716
2023-08-30T04:00:00Z,6.24,6.41,6.23,6.36,232544
2023-08-29T04:00:00Z,6.115,6.43,6.04,6.325,288758
2023-08-28T04:00:00Z,6.085,6.195,5.98,6.165,200625
2023-08-25T04:00:00Z,5.89,6.06,5.83,6.04,428739
2023-08-24T04:00:00Z,6.05,6.105,5.8,5.865,606971
2023-08-23T04:00:00Z,6.01,6.195,6.005,6.065,503144
2023-08-22T04:00:00Z,6.25,6.3,5.97,6.06,452501
2023-08-21T04:00:00Z,6.185,6.36,6.165,6.265,305546
2023-08-18T04:00:00Z,6.095,6.24,6.05,6.175,380057
2023-08-17T04:00:00Z,6.39,6.455,6.23,6.235,423460
2023-08-16T04:00:00Z,6.37,6.445,6.25,6.335,329539
2023-08-15T04:00:00Z,6.695,6.775,6.355,6.415,415441
2023-08-14T04:00:00Z,6.54,6.78,6.39,6.77,303636
2023-08-11T04:00:00Z,6.59,6.71,6.505,6.635,287604
2023-08-10T04:00:00Z,7.185,7.185,6.72,6.775,696219
2023-08-09T04:00:00Z,6.95,7.29,6.785,7.085,749451
2023-08-08T04:00:00Z,6.395,7.23,6.2,7.19,1425962
2023-08-07T04:00:00Z,6.7,6.7,6.18,6.405,1037047
2023-08-04T04:00:00Z,6.955,6.955,6.615,6.615,230261
2023-08-03T04:00:00Z,6.825,7.025,6.825,6.885,396386
2023-08-02T04:00:00Z,7.045,7.08,6.745,6.905,406907
2023-08-01T04:00:00Z,7.445,7.46,7.16,7.275,594523
2023-07-31T04:00:00Z,7.54,7.74,7.41,7.61,483275
2023-07-28T04:00:00Z,7.07,7.54,7.02,7.455,1102949
2023-07-27T04:00:00Z,7.25,7.435,6.875,6.895,470351
2023-07-26T04:00:00Z,6.89,7.285,6.89,7.17,518727
2023-07-25T04:00:00Z,7.23,7.27,6.83,6.83,524817
2023-07-24T04:00:00Z,6.9,7.26,6.82,7.165,594497
2023-07-21T04:00:00Z,7.06,7.13,6.675,6.885,1061449
2023-07-20T04:00:00Z,7.155,7.155,6.83,6.925,877636
2023-07-19T04:00:00Z,7.145,7.695,7.145,7.245,1019833
2023-07-18T04:00:00Z,7.03,7.28,6.945,7.04,645111
2023-07-17T04:00:00Z,6.775,7.11,6.61,7.04,897490
2023-07-14T04:00:00Z,7.12,7.195,6.675,6.705,443328
2023-07-13T04:00:00Z,7.165,7.415,7.1,7.115,430935
2023-07-12T04:00:00Z,7.73,7.89,7.08,7.14,1895312
2023-07-11T04:00:00Z,8.01,8.36,7.87,8.115,1026104
2023-07-10T04:00:00Z,7.63,7.97,7.25,7.935,1082482
2023-07-07T04:00:00Z,7.115,7.73,7.08,7.46,1391815
2023-07-06T04:00:00Z,7.2,7.27,6.86,7.07,536299
2023-07-05T04:00:00Z,7.41,7.525,7.15,7.4,714418
2023-07-03T04:00:00Z,7.045,7.43,7.005,7.4,583917
2023-06-30T04:00:00Z,7.03,7.18,6.65,6.885,1068952
2023-06-29T04:00:00Z,6.48,6.935,6.415,6.87,1301701
2023-06-28T04:00:00Z,6.085,6.53,6.03,6.415,809961
2023-06-27T04:00:00Z,5.78,6.145,5.56,6.1,939291
2023-06-26T04:00:00Z,6.01,6.28,5.55,5.555,2179151
2023-06-23T04:00:00Z,5.64,5.73,5.46,5.47,766629
2023-06-22T04:00:00Z,6.08,6.08,5.72,5.74,772706
2023-06-21T04:00:00Z,6.295,6.31,6.01,6.045,380701
2023-06-20T04:00:00Z,6.525,6.58,6.265,6.335,457262
2023-06-16T04:00:00Z,6.615,6.75,6.44,6.475,413047
2023-06-15T04:00:00Z,6.37,6.75,6.355,6.585,807007
2023-06-14T04:00:00Z,6.605,6.655,6.34,6.41,492969
2023-06-13T04:00:00Z,6.36,6.65,6.235,6.535,910699
2023-06-12T04:00:00Z,6.31,6.52,6.24,6.265,561976
2023-06-09T04:00:00Z,6.35,6.395,6.13,6.215,335069
2023-06-08T04:00:00Z,6.58,6.69,6.265,6.28,818126
2023-06-07T04:00:00Z,6.91,6.915,6.4,6.41,602392
2023-06-06T04:00:00Z,6.535,6.905,6.535,6.89,498406
2023-06-05T04:00:00Z,6.595,6.605,6.33,6.6,1179406
2023-06-02T04:00:00Z,6.56,6.605,6.39,6.59,1014868
2023-06-01T04:00:00Z,6.76,6.82,6.205,6.485,3641459
2023-05-31T04:00:00Z,7.67,7.805,7.49,7.74,341843
2023-05-30T04:00:00Z,7.96,8.08,7.635,7.72,211444
2023-05-26T04:00:00Z,7.54,7.985,7.54,7.865,214362
2023-05-25T04:00:00Z,7.47,7.64,7.385,7.605,240937
2023-05-24T04:00:00Z,7.42,7.53,7.315,7.51,113490
2023-05-23T04:00:00Z,7.53,7.94,7.505,7.53,298308
2023-05-22T04:00:00Z,7.2,7.75,7.07,7.635,339246
2023-05-19T04:00:00Z,7.26,7.51,7.13,7.17,298799
2023-05-18T04:00:00Z,7.19,7.29,7.11,7.285,162427
2023-05-17T04:00:00Z,6.995,7.24,6.94,7.23,166034
2023-05-16T04:00:00Z,7.08,7.17,6.975,6.995,163541
2023-05-15T04:00:00Z,7.06,7.19,6.97,7.175,158879
2023-05-12T04:00:00Z,7.085,7.17,6.9,7.05,317468
2023-05-11T04:00:00Z,7.14,7.285,6.95,7.05,144961
2023-05-10T04:00:00Z,7.37,7.455,7.15,7.15,365302
2023-05-09T04:00:00Z,6.905,7.34,6.85,7.28,528081
2023-05-08T04:00:00Z,7.76,7.78,7.27,7.69,554049
2023-05-05T04:00:00Z,7.58,7.815,7.47,7.715,314202
2023-05-04T04:00:00Z,7.49,7.52,7.26,7.39,138143
2023-05-03T04:00:00Z,7.27,7.645,7.22,7.43,225702
2023-05-02T04:00:00Z,7.33,7.37,7.11,7.29,180996
2023-05-01T04:00:00Z,7.92,7.92,7.295,7.32,186927
2023-04-28T04:00:00Z,7.95,8.07,7.755,7.935,185412
2023-04-27T04:00:00Z,7.365,8.27,7.365,8.16,553676
2023-04-26T04:00:00Z,6.82,7.81,6.73,7.23,960310
2023-04-25T04:00:00Z,6.91,6.95,6.635,6.76,368575
2023-04-24T04:00:00Z,7.01,7.215,6.965,7.005,176331
2023-04-21T04:00:00Z,7.13,7.13,6.86,7.035,315899
2023-04-20T04:00:00Z,7.32,7.5,7.035,7.075,335843
2023-04-19T04:00:00Z,7.68,7.68,7.485,7.615,252602
2023-04-18T04:00:00Z,7.97,8.035,7.75,7.83,240471
2023-04-17T04:00:00Z,7.715,7.96,7.61,7.96,172807
2023-04-14T04:00:00Z,7.66,7.76,7.45,7.735,441052
2023-04-13T04:00:00Z,8.18,8.38,8.18,8.25,160781
2023-04-12T04:00:00Z,8.65,8.86,8.07,8.135,181213
2023-04-11T04:00:00Z,8.085,8.68,8.085,8.47,221242
2023-04-10T04:00:00Z,7.6,8.06,7.465,8.06,87333
2023-04-06T04:00:00Z,7.62,7.86,7.49,7.69,71822
2023-04-05T04:00:00Z,7.75,7.78,7.52,7.7,220537
2023-04-04T04:00:00Z,7.975,7.99,7.65,7.92,100336
2023-04-03T04:00:00Z,7.92,8.04,7.65,7.895,149230
2023-03-31T04:00:00Z,7.675,8.19,7.6,8.04,182047
2023-03-30T04:00:00Z,7.785,7.88,7.605,7.62,118501
2023-03-29T04:00:00Z,7.67,7.73,7.17,7.68,498573
2023-03-28T04:00:00Z,8.13,8.23,7.41,7.555,248763
2023-03-27T04:00:00Z,8.29,8.29,8.095,8.135,329717
2023-03-24T04:00:00Z,8.025,8.3,8,8.18,222563
2023-03-23T04:00:00Z,8.1,8.29,8.02,8.175,197613
2023-03-22T04:00:00Z,8.2,8.31,7.905,7.91,311265
2023-03-21T04:00:00Z,7.85,8.31,7.85,8.195,229049
2023-03-20T04:00:00Z,7.46,7.825,7.29,7.705,142366
2023-03-17T04:00:00Z,7.695,7.83,7.37,7.685,348865
2023-03-16T04:00:00Z,7.4,7.865,7.345,7.84,417232
2023-03-15T04:00:00Z,7.35,7.51,7.235,7.38,303058
2023-03-14T04:00:00Z,7.89,8.01,7.495,7.53,268459
2023-03-13T04:00:00Z,7.6,7.935,7.335,7.835,260046
2023-03-10T05:00:00Z,7.99,8.225,7.69,7.87,349299
2023-03-09T05:00:00Z,8.25,8.335,7.97,8,478487
2023-03-08T05:00:00Z,8.22,8.435,8.17,8.335,211946
2023-03-07T05:00:00Z,8.6,8.705,8.275,8.315,603387
2023-03-06T05:00:00Z,8.97,9.175,8.82,8.84,183672
2023-03-03T05:00:00Z,8.7,9.09,8.635,8.945,442122
2023-03-02T05:00:00Z,8.38,8.63,8.15,8.545,285357
2023-03-01T05:00:00Z,8.96,9.04,8.36,8.63,677741
2023-02-28T05:00:00Z,8.72,9.26,8.72,9.125,477075
2023-02-27T05:00:00Z,8.495,8.84,8.465,8.75,301933
2023-02-24T05:00:00Z,8.34,8.55,8.17,8.495,877197
2023-02-23T05:00:00Z,8.62,8.89,8.1,8.785,1528644
2023-02-22T05:00:00Z,10.035,10.21,9.835,9.975,463204
2023-02-21T05:00:00Z,10.715,10.715,9.81,9.9,472265
2023-02-17T05:00:00Z,10.53,10.95,10.37,10.92,237037
2023-02-16T05:00:00Z,11.01,11.25,10.63,10.64,285059
2023-02-15T05:00:00Z,10.23,11.07,10.11,11.03,223758
2023-02-14T05:00:00Z,9.97,10.435,9.83,10.34,268455
2023-02-13T05:00:00Z,9.91,10.23,9.68,10.22,160155
2023-02-10T05:00:00Z,10.37,10.4,9.74,10.03,573214
2023-02-09T05:00:00Z,11.665,11.7,10.2,10.3,451754
2023-02-08T05:00:00Z,11.47,12.15,11.43,11.53,267116
2023-02-07T05:00:00Z,11.825,11.88,11.11,11.55,669207
2023-02-06T05:00:00Z,11.69,12.13,11.6,11.96,393773
2023-02-03T05:00:00Z,11.6,12.635,11.45,11.63,382151
2023-02-02T05:00:00Z,12.21,13.03,11.86,12.05,834338
2023-02-01T05:00:00Z,11.54,12.135,11.08,11.855,607918
2023-01-31T05:00:00Z,11.52,12.24,11.25,11.69,572351
2023-01-30T05:00:00Z,13.015,13.08,11.6,11.75,1487894
2023-01-27T05:00:00Z,8.96,17.8,8.96,12.905,3113129
2023-01-26T05:00:00Z,9.3,9.32,8.62,8.98,573458
2023-01-25T05:00:00Z,8.32,8.88,8.21,8.87,523333
2023-01-24T05:00:00Z,8.64,9.06,8.525,8.61,498548
2023-01-23T05:00:00Z,8.05,8.895,8,8.81,1253580
2023-01-20T05:00:00Z,7.435,7.815,7.435,7.81,336247
2023-01-19T05:00:00Z,8.005,8.06,7.4,7.46,555316
2023-01-18T05:00:00Z,8.195,8.32,7.86,8.17,485047
2023-01-17T05:00:00Z,8.16,8.315,7.92,8.03,408585
2023-01-13T05:00:00Z,7.965,8.18,7.75,8.14,661920
2023-01-12T05:00:00Z,8.36,8.45,7.8,8.31,987472
2023-01-11T05:00:00Z,7.27,8,7.07,7.93,1134026
2023-01-10T05:00:00Z,6.885,7.22,6.735,7.19,607890
2023-01-09T05:00:00Z,6.5,6.97,6.385,6.785,433646
2023-01-06T05:00:00Z,6.15,6.43,6.11,6.355,413940
2023-01-05T05:00:00Z,6.32,6.36,6.17,6.25,405434
2023-01-04T05:00:00Z,6.27,6.715,6.155,6.475,584366
2023-01-03T05:00:00Z,6.97,7.06,6.145,6.165,522872
2022-12-30T05:00:00Z,6.56,6.83,6.535,6.82,215861
2022-12-29T05:00:00Z,6.64,6.9,6.49,6.7,312727
2022-12-28T05:00:00Z,6.245,6.64,6.23,6.39,271822
2022-12-27T05:00:00Z,6.57,6.575,6.19,6.21,859751
2022-12-23T05:00:00Z,6.895,6.895,6.59,6.68,328311
2022-12-22T05:00:00Z,7.1,7.16,6.64,6.89,536214
2022-12-21T05:00:00Z,7.325,7.375,7.15,7.18,531823
2022-12-20T05:00:00Z,7.56,7.89,7.22,7.22,1192178
2022-12-19T05:00:00Z,7.35,7.37,7.05,7.24,430666
2022-12-16T05:00:00Z,7.43,7.615,7.19,7.36,594160
2022-12-15T05:00:00Z,7.705,7.81,7.435,7.47,691748
2022-12-14T05:00:00Z,7.94,7.965,7.6,7.69,596825
2022-12-13T05:00:00Z,8.755,8.95,7.945,8,886528
2022-12-12T05:00:00Z,8.55,8.56,8.13,8.28,332970
2022-12-09T05:00:00Z,8.505,8.685,8.14,8.68,878089
2022-12-08T05:00:00Z,8.6,8.835,8.425,8.675,446145
2022-12-07T05:00:00Z,8.49,8.73,8.3,8.62,418225
2022-12-06T05:00:00Z,9.42,9.42,8.55,8.65,556789
2022-12-05T05:00:00Z,10.115,10.18,9.405,9.44,384076
2022-12-02T05:00:00Z,9.62,10.16,9.58,10.155,770075
2022-12-01T05:00:00Z,10.06,10.23,9.575,9.825,391044
2022-11-30T05:00:00Z,9.895,10.35,9.845,10.115,870387
2022-11-29T05:00:00Z,10.05,10.055,9.7,9.755,446450
2022-11-28T05:00:00Z,9.995,10.185,9.835,9.86,1111645
2022-11-25T05:00:00Z,10.25,10.26,9.97,10.03,247541
2022-11-23T05:00:00Z,10.24,10.34,10.06,10.25,356184
2022-11-22T05:00:00Z,10.355,10.355,9.99,10.12,354144
2022-11-21T05:00:00Z,11.08,11.085,10.25,10.315,574238
2022-11-18T05:00:00Z,11.6,11.63,11.09,11.26,215744
2022-11-17T05:00:00Z,11.215,11.49,11.035,11.47,296348
2022-11-16T05:00:00Z,12.14,12.14,11.325,11.37,377030
2022-11-15T05:00:00Z,12.72,12.81,12.31,12.37,364641
2022-11-14T05:00:00Z,12.88,12.92,12.105,12.23,265581
2022-11-11T05:00:00Z,12.095,13.17,12.075,12.895,569480
2022-11-10T05:00:00Z,12.01,12.33,11.375,12.07,1095007
2022-11-09T05:00:00Z,12.48,12.51,10.89,11.205,2259601
2022-11-08T05:00:00Z,13.91,14.02,13.085,13.47,451521
2022-11-07T05:00:00Z,14.04,14.17,13.21,13.84,465862
2022-11-04T04:00:00Z,14.02,14.34,13.305,13.9,384143
2022-11-03T04:00:00Z,13.155,14.05,13.155,13.65,178324
2022-11-02T04:00:00Z,13.62,14.335,13.32,13.33,347524
2022-11-01T04:00:00Z,14.68,14.8,13.6,13.625,349374
2022-10-31T04:00:00Z,14.17,14.675,14.06,14.29,532715
2022-10-28T04:00:00Z,13.77,14.3,13.665,14.21,328204
2022-10-27T04:00:00Z,14.08,14.355,13.69,13.775,268945
2022-10-26T04:00:00Z,13.715,14.52,13.64,13.9,279547
2022-10-25T04:00:00Z,13,14.15,13,13.91,418828
2022-10-24T04:00:00Z,13.15,13.15,12.54,12.8,258369
2022-10-21T04:00:00Z,12.47,13.415,12.29,13.3,346728
2022-10-20T04:00:00Z,12.61,13.09,12.375,12.59,291551
2022-10-19T04:00:00Z,12.77,12.92,12.455,12.64,301684
2022-10-18T04:00:00Z,12.92,13.155,12.515,13.01,293854
2022-10-17T04:00:00Z,12.365,12.91,12.36,12.39,362884
2022-10-14T04:00:00Z,13.19,13.19,11.875,11.91,564241
2022-10-13T04:00:00Z,12.715,13.24,12.375,13.005,574546
2022-10-12T04:00:00Z,13.255,13.47,12.615,13.09,587051
2022-10-11T04:00:00Z,12.43,13.205,12.205,12.67,434223
2022-10-10T04:00:00Z,13.2,13.24,12.295,12.46,308616
2022-10-07T04:00:00Z,14.04,14.1,13.12,13.175,305557
2022-10-06T04:00:00Z,15,15.295,14.305,14.4,316777
2022-10-05T04:00:00Z,14.95,15.15,14.515,14.99,257157
2022-10-04T04:00:00Z,14.565,15.675,14.565,15.39,547510
2022-10-03T04:00:00Z,14.02,14.215,13.53,14.08,440370
2022-09-30T04:00:00Z,14.05,14.435,13.87,13.96,225497
2022-09-29T04:00:00Z,14.96,14.96,13.99,14.21,247424
2022-09-28T04:00:00Z,14.515,15.315,14.355,15.21,332252
2022-09-27T04:00:00Z,14.81,15.16,14.15,14.42,272112
2022-09-26T04:00:00Z,14.045,14.62,13.965,14.055,277013
2022-09-23T04:00:00Z,14.24,14.24,13.58,14.05,387204
2022-09-22T04:00:00Z,15.51,15.53,14.12,14.31,355210
2022-09-21T04:00:00Z,15.39,16.145,15.28,15.56,458410
2022-09-20T04:00:00Z,15.85,15.85,15.235,15.34,202311
2022-09-19T04:00:00Z,16.08,16.39,15.445,15.95,395588
2022-09-16T04:00:00Z,16.1,17.69,16.09,16.16,758649
2022-09-15T04:00:00Z,16.4,17.32,16.35,16.49,314520
2022-09-14T04:00:00Z,16.03,16.88,16.03,16.64,400738
2022-09-13T04:00:00Z,15.65,16.66,15.64,16.115,473469
2022-09-12T04:00:00Z,15.43,16.59,15.32,16.57,470932
2022-09-09T04:00:00Z,15.02,15.41,14.94,15.075,302308
2022-09-08T04:00:00Z,14.46,14.975,14.39,14.975,183914
2022-09-07T04:00:00Z,14.49,14.75,13.87,14.69,346370
2022-09-06T04:00:00Z,15.02,15.13,14.585,14.625,341594
2022-09-02T04:00:00Z,15.495,15.62,15,15.175,200459
2022-09-01T04:00:00Z,15.195,15.405,14.79,15.375,262629
2022-08-31T04:00:00Z,15.34,15.48,14.97,15.325,247281
2022-08-30T04:00:00Z,15.75,15.84,14.895,15.15,553225
2022-08-29T04:00:00Z,16.11,16.44,15.9,16.16,115445
2022-08-26T04:00:00Z,17.24,17.27,16.215,16.25,196048
2022-08-25T04:00:00Z,16.67,17.22,16.59,16.975,129486
2022-08-24T04:00:00Z,16.25,16.835,15.96,16.43,176958
2022-08-23T04:00:00Z,16.25,16.43,15.95,15.955,224241
2022-08-22T04:00:00Z,16.775,16.775,16.035,16.12,247291
2022-08-19T04:00:00Z,17.96,17.96,16.7,16.76,516342
2022-08-18T04:00:00Z,18.45,18.45,18.04,18.24,174573
2022-08-17T04:00:00Z,18.65,18.79,18.155,18.48,174315
2022-08-16T04:00:00Z,18.62,19.155,18.2,18.925,167908
2022-08-15T04:00:00Z,18.355,19.04,18.335,18.74,187061
2022-08-12T04:00:00Z,18.26,18.665,17.85,18.64,206920
2022-08-11T04:00:00Z,18.45,18.92,18.02,18.1,364104
2022-08-10T04:00:00Z,18.07,18.335,17.515,18.22,371457
2022-08-09T04:00:00Z,18.53,18.53,17.135,17.46,442543
2022-08-08T04:00:00Z,18.19,19.665,18.085,18.715,295532
2022-08-05T04:00:00Z,18.385,18.6,17.925,18.03,362139
2022-08-04T04:00:00Z,18.02,18.85,18.02,18.55,807826
2022-08-03T04:00:00Z,19.84,20.615,19.56,20.555,656727
2022-08-02T04:00:00Z,18.19,19.975,17.83,19.73,337987
2022-08-01T04:00:00Z,18.21,18.67,17.785,18.51,239377
2022-07-29T04:00:00Z,18.01,18.29,17.88,18.24,391472
2022-07-28T04:00:00Z,18.73,19.005,17.775,18.25,320193
2022-07-27T04:00:00Z,18.49,18.585,17.87,18.42,287470
2022-07-26T04:00:00Z,18.5,18.56,17.9,18.1,274441
2022-07-25T04:00:00Z,19.8,19.9,18.66,18.74,275019
2022-07-22T04:00:00Z,21.41,21.43,19.545,19.69,196137
2022-07-21T04:00:00Z,21.16,21.77,20.795,21.46,377821
2022-07-20T04:00:00Z,20.43,21.335,20.39,21.27,236001
2022-07-19T04:00:00Z,20.43,20.545,19.86,20.35,174734
2022-07-18T04:00:00Z,20.07,21.075,19.865,19.97,279736
2022-07-15T04:00:00Z,20.08,20.245,19.23,19.68,220928
2022-07-14T04:00:00Z,19.49,20.145,18.98,20.11,202653
2022-07-13T04:00:00Z,18.63,19.745,18.59,19.52,238466
2022-07-12T04:00:00Z,18.79,19.44,18.26,19.345,263394
2022-07-11T04:00:00Z,19.9,19.995,18.5,18.52,167551
2022-07-08T04:00:00Z,19.395,20.6,19.33,19.99,379137
2022-07-07T04:00:00Z,18.255,19.875,18.07,19.81,310349
2022-07-06T04:00:00Z,17.41,18.505,17.37,18.21,678424
2022-07-05T04:00:00Z,16.785,17.24,16.38,17.23,570748
2022-07-01T04:00:00Z,17.07,17.51,16.435,16.99,361604
2022-06-30T04:00:00Z,17.21,17.65,16.55,17.125,371312
2022-06-29T04:00:00Z,17.69,17.91,17.2,17.29,330179
2022-06-28T04:00:00Z,18.22,18.75,17.85,17.96,223636
2022-06-27T04:00:00Z,19.03,19.33,17.94,18.39,268183
2022-06-24T04:00:00Z,19.615,19.86,18.775,19.21,558102
2022-06-23T04:00:00Z,18.35,19.635,18,19.3,522043
2022-06-22T04:00:00Z,17.6,18.58,17.52,18.05,368052
2022-06-21T04:00:00Z,17.18,18.675,17.18,17.88,463589
2022-06-17T04:00:00Z,16,16.8,15.62,16.61,421244
2022-06-16T04:00:00Z,16.915,17,15.3,15.545,492211
2022-06-15T04:00:00Z,16.39,17.65,16.23,17.52,425903
2022-06-14T04:00:00Z,16.505,16.92,15.815,16.615,259427
2022-06-13T04:00:00Z,16.975,17.17,16.165,16.32,313927
2022-06-10T04:00:00Z,18.52,19.12,18,18.04,293363
2022-06-09T04:00:00Z,19.31,19.65,18.81,18.88,345568
2022-06-08T04:00:00Z,19.02,20.1,18.99,19.58,285222
2022-06-07T04:00:00Z,18.9,19.385,18.64,18.99,294032
2022-06-06T04:00:00Z,19.11,19.97,18.82,19.14,327283
2022-06-03T04:00:00Z,19.24,19.365,18.325,18.68,361212
2022-06-02T04:00:00Z,19.26,20.15,18.96,19.94,294064
2022-06-01T04:00:00Z,20.3,20.535,19.29,19.47,289687
2022-05-31T04:00:00Z,20.07,20.715,19.4,20.2,389433
2022-05-27T04:00:00Z,19.225,19.88,19.13,19.81,450678
2022-05-26T04:00:00Z,17.32,19.3,17.27,18.87,398567
2022-05-25T04:00:00Z,17.2,17.58,16.76,17.45,208442
2022-05-24T04:00:00Z,18.005,18.24,16.86,17.11,375180
2022-05-23T04:00:00Z,18.325,18.555,17.71,18.39,399271
2022-05-20T04:00:00Z,19.74,19.785,17.345,18.4,668014
2022-05-19T04:00:00Z,17.68,19.925,17.485,19.27,784392
2022-05-18T04:00:00Z,17.54,18.4,17.065,17.38,495958
2022-05-17T04:00:00Z,17.585,18.385,17.28,17.86,358511
2022-05-16T04:00:00Z,18,18.495,17.245,17.355,444343
2022-05-13T04:00:00Z,16.25,18.325,16.25,17.995,1176235
2022-05-12T04:00:00Z,13.57,16.4,13.25,15.69,995408
2022-05-11T04:00:00Z,15.9,15.96,13.67,13.87,947173
2022-05-10T04:00:00Z,17.175,17.2,15.35,15.95,954351
2022-05-09T04:00:00Z,17.31,17.43,16.18,16.37,1442199
2022-05-06T04:00:00Z,18.53,19.06,17.44,18.15,942840
2022-05-05T04:00:00Z,19.9,19.91,18.36,18.835,577234
2022-05-04T04:00:00Z,19.31,20.29,18.71,20.29,423170
2022-05-03T04:00:00Z,18.98,19.66,18.82,19.61,340022
2022-05-02T04:00:00Z,18.06,19.1,17.7,19.07,339211
2022-04-29T04:00:00Z,18.905,19.49,18.025,18.09,296015
2022-04-28T04:00:00Z,18.45,19.05,17.535,18.89,402069
2022-04-27T04:00:00Z,18.645,18.69,17.995,18.07,527378
2022-04-26T04:00:00Z,19.26,19.34,17.61,17.64,721687
2022-04-25T04:00:00Z,19,19.47,18.76,19.32,403574
2022-04-22T04:00:00Z,19.62,19.99,18.91,19.12,310565
2022-04-21T04:00:00Z,21.38,21.85,19.475,19.55,381264
2022-04-20T04:00:00Z,21.15,21.28,20.62,20.87,309100
2022-04-19T04:00:00Z,20.225,21.44,19.8,21.42,458684
2022-04-18T04:00:00Z,20.98,21.08,19.865,20.32,331735
2022-04-14T04:00:00Z,21.88,22.06,20.91,21,249758
2022-04-13T04:00:00Z,21.32,22.12,20.84,22.07,343133
2022-04-12T04:00:00Z,22.33,22.68,21.1,21.3,507258
2022-04-11T04:00:00Z,21.67,22.62,21.1,21.71,295451
2022-04-08T04:00:00Z,22.05,22.32,21.56,21.67,262560
2022-04-07T04:00:00Z,22.93,23.12,21.46,22.33,254033
2022-04-06T04:00:00Z,23.5,23.58,22.62,22.98,213934
2022-04-05T04:00:00Z,25.24,26.15,23.66,23.74,566825
2022-04-04T04:00:00Z,24.68,25.425,24.68,25.21,345962
2022-04-01T04:00:00Z,25.46,25.53,24.27,24.55,233960
2022-03-31T04:00:00Z,26.54,26.54,25.26,25.4,257597
2022-03-30T04:00:00Z,27.18,28.13,26.205,26.5,342006
2022-03-29T04:00:00Z,25.49,27.6,25.47,27.38,887432
2022-03-28T04:00:00Z,25.22,25.93,24.66,25.38,236245
2022-03-25T04:00:00Z,25.8,26.03,24.53,25.16,201445
2022-03-24T04:00:00Z,26.14,26.52,25.03,26.25,139527
2022-03-23T04:00:00Z,26.41,26.79,25.72,25.9,181139
2022-03-22T04:00:00Z,25.38,27.25,25.18,26.64,386385
2022-03-21T04:00:00Z,25.81,26.11,24.83,25.38,326536
2022-03-18T04:00:00Z,24.91,26.14,24.67,25.67,405031
2022-03-17T04:00:00Z,23.13,24.925,22.91,24.635,475696
2022-03-16T04:00:00Z,22.25,23.89,22.25,23.67,1065742
2022-03-15T04:00:00Z,21.5,22.02,20.5,21.99,699671
2022-03-14T04:00:00Z,22.64,23.19,21.33,21.56,831589
2022-03-11T05:00:00Z,24.07,24.21,22.81,22.94,507004
2022-03-10T05:00:00Z,24.82,24.825,23.51,24.19,385719
2022-03-09T05:00:00Z,25.145,25.52,24.765,25.25,642807
2022-03-08T05:00:00Z,22.85,25.71,22.62,24.25,830532
2022-03-07T05:00:00Z,22.98,24.41,22.91,23.17,940318
2022-03-04T05:00:00Z,22.68,23.73,22.03,22.63,516373
2022-03-03T05:00:00Z,24.46,24.48,22.41,22.62,685683
2022-03-02T05:00:00Z,24.72,24.73,23.6,24.58,413591
2022-03-01T05:00:00Z,24.485,25.74,23.395,25,1323758
2022-02-28T05:00:00Z,26.76,29.04,26.19,28.93,1045887
2022-02-25T05:00:00Z,25.59,27,24.61,26.33,415769
2022-02-24T05:00:00Z,21.95,25.44,21.78,25.26,701208
2022-02-23T05:00:00Z,25.79,26.18,23.8,23.99,460398
2022-02-22T05:00:00Z,25.775,27.25,24.94,25.5,673532
2022-02-18T05:00:00Z,27.91,28.01,25.795,26.58,427133
2022-02-17T05:00:00Z,28.41,30.095,27.945,28.13,807608
2022-02-16T05:00:00Z,28.37,29.165,27.895,29,189719
2022-02-15T05:00:00Z,28.09,28.87,27.66,28.85,291053
2022-02-14T05:00:00Z,25.83,28.4,25.73,27.44,1346538
2022-02-11T05:00:00Z,27.55,28.03,25.615,25.86,601396
2022-02-10T05:00:00Z,27.635,29.39,27.46,27.96,351740
2022-02-09T05:00:00Z,27.855,28.85,27.61,28.83,378638
2022-02-08T05:00:00Z,26.82,27.625,25.905,27.4,333118
2022-02-07T05:00:00Z,27.5,28.25,26.4,26.95,640931
2022-02-04T05:00:00Z,26.98,27.84,26.26,27.55,244939
2022-02-03T05:00:00Z,26.33,28.56,26.3,26.99,456393
2022-02-02T05:00:00Z,29.245,29.93,27.41,27.7,1206979
2022-02-01T05:00:00Z,30.525,30.8,28.635,29.97,524533
2022-01-31T05:00:00Z,28.025,29.47,27.43,29.36,649399
2022-01-28T05:00:00Z,28.055,28.37,25.65,27.13,1299240
2022-01-27T05:00:00Z,33.83,33.83,28.39,28.7,1577340
2022-01-26T05:00:00Z,36.39,36.845,32.995,33.46,1091635
2022-01-25T05:00:00Z,36.63,37.48,35.245,35.39,617468
2022-01-24T05:00:00Z,36.17,37.88,34.12,37.81,863412
2022-01-21T05:00:00Z,39.07,39.94,37.22,37.78,855623
2022-01-20T05:00:00Z,41.53,42.92,38.7,38.71,625688
2022-01-19T05:00:00Z,39.54,42.44,39.54,40.02,540527
2022-01-18T05:00:00Z,40.6,41.23,39,39.21,570594
2022-01-14T05:00:00Z,41.1,43.21,41.1,42.22,333834
2022-01-13T05:00:00Z,45.75,46.27,41.37,41.4,675124
2022-01-12T05:00:00Z,45.87,47.56,44.04,45.42,502308
2022-01-11T05:00:00Z,41.83,45.48,41.585,45.45,745597
2022-01-10T05:00:00Z,40.63,43.14,40.48,41.77,501857
2022-01-07T05:00:00Z,37.57,43.28,37.53,41.97,1461039
2022-01-06T05:00:00Z,36.46,38.58,33.79,38.21,754541
2022-01-05T05:00:00Z,38.675,38.96,36.14,36.71,731487
2022-01-04T05:00:00Z,40.81,41.25,38.45,39.425,353271
2022-01-03T05:00:00Z,38.6,41.705,38,40.85,393330
2021-12-31T05:00:00Z,38.24,39.8,37.85,38.04,209052
2021-12-30T05:00:00Z,36.725,39.48,36.7,38.73,415339
2021-12-29T05:00:00Z,36.55,37.11,35.885,36.955,247051
2021-12-28T05:00:00Z,37.73,38.31,36.78,36.92,226484
2021-12-27T05:00:00Z,37.205,39.15,35.53,38.64,448209
2021-12-23T05:00:00Z,38.53,38.69,37.375,37.65,319591
2021-12-22T05:00:00Z,37.82,40.16,37.72,38.65,346250
2021-12-21T05:00:00Z,38.4,39.31,36.76,38.05,567128
2021-12-20T05:00:00Z,37.98,39.7,36.95,38.01,659905
2021-12-17T05:00:00Z,38.46,40.44,36.385,39.935,1221878
2021-12-16T05:00:00Z,41.23,42.48,39.52,40.02,853376
2021-12-15T05:00:00Z,39.37,41.69,38.85,40.81,696102
2021-12-14T05:00:00Z,37.82,41.29,37.16,40.83,554599
2021-12-13T05:00:00Z,39.98,40.26,36.84,39.14,988448
2021-12-10T05:00:00Z,38,39.06,35.81,37.655,961373
2021-12-09T05:00:00Z,41.36,42.72,36.155,36.505,2481045
2021-12-08T05:00:00Z,42.59,45.36,41.34,44.68,876693
2021-12-07T05:00:00Z,46.475,47.2,43.07,43.87,627009
2021-12-06T05:00:00Z,40.025,45.74,38.07,44.91,1352191
2021-12-03T05:00:00Z,48.52,49.455,44.61,47.265,1056704
2021-12-02T05:00:00Z,50.89,51.74,46.04,48.42,1324560
2021-12-01T05:00:00Z,54.2,56.22,50.97,51.14,614029
2021-11-30T05:00:00Z,54.48,56.67,51.65,53.04,839126
2021-11-29T05:00:00Z,52.04,55.32,50.77,55.08,797716
2021-11-26T05:00:00Z,49.52,52.34,49.52,51.77,385408
2021-11-24T05:00:00Z,51.8,53.43,49.92,52.64,584204
2021-11-23T05:00:00Z,51.65,54.3,49.52,52.44,931570
2021-11-22T05:00:00Z,53.035,57.44,50.11,51.07,1375562
2021-11-19T05:00:00Z,47.35,55.38,47.33,55.21,1678010
2021-11-18T05:00:00Z,49.05,49.66,43,47.05,950272
2021-11-17T05:00:00Z,56.22,57.72,50.33,52.535,2277040
2021-11-16T05:00:00Z,49.95,55.68,46.54,55.55,2343675
2021-11-15T05:00:00Z,44.66,46.12,43.45,44.89,796938
2021-11-12T05:00:00Z,43.98,45.09,42.76,43.92,391674
2021-11-11T05:00:00Z,42.8,45.74,41.75,44.96,620970
2021-11-10T05:00:00Z,42.31,44.99,39.42,40.745,1013322
2021-11-09T05:00:00Z,47.57,47.95,42.18,44.83,715313
2021-11-08T05:00:00Z,43.52,47.8,43.075,45.91,1387422
2021-11-05T04:00:00Z,37.53,41.92,36.27,41.8,838690
2021-11-04T04:00:00Z,37.4,37.67,36.07,37.13,347165
2021-11-03T04:00:00Z,34.44,37.34,34.27,36.55,326137
2021-11-02T04:00:00Z,34.54,35.37,33.025,35.14,752631
2021-11-01T04:00:00Z,40.01,40.14,35.75,36.51,806164
2021-10-29T04:00:00Z,38.25,41.56,35.5,36.96,1645672
2021-10-28T04:00:00Z,28.54,39.78,28.09,35.46,3806589
2021-10-27T04:00:00Z,27.69,28.91,26.77,27.01,306820
2021-10-26T04:00:00Z,26.81,28.19,26.05,26.37,439208
2021-10-25T04:00:00Z,24.88,27.395,24.73,26.86,598685
2021-10-22T04:00:00Z,24.025,24.155,23.43,24.1,77746
2021-10-21T04:00:00Z,24.3,25.03,24.1,24.45,146280
2021-10-20T04:00:00Z,24.76,25.26,24.14,24.22,375219
2021-10-19T04:00:00Z,25.405,25.55,24.51,24.71,120858
2021-10-18T04:00:00Z,24.005,25.655,24.005,25.33,267221
2021-10-15T04:00:00Z,23.84,24.19,23.45,24.08,119500
2021-10-14T04:00:00Z,22.51,24.1,22.51,24.01,141559
2021-10-13T04:00:00Z,22.85,23,22.15,22.58,148837
2021-10-12T04:00:00Z,23.17,23.64,22.665,23.05,115655
2021-10-11T04:00:00Z,23.5,23.52,22.69,22.87,188007
2021-10-08T04:00:00Z,24.315,24.42,23.05,23.24,461444
2021-10-07T04:00:00Z,24.62,24.7,24.1,24.375,252192
2021-10-06T04:00:00Z,23.55,24.55,23.45,24.26,171710
2021-10-05T04:00:00Z,24.22,24.775,23.86,24.005,149007
2021-10-04T04:00:00Z,24.77,25,23.54,24.145,366711
2021-10-01T04:00:00Z,25.59,25.735,24.21,24.58,379919
2021-09-30T04:00:00Z,27.04,27.08,25.1,25.375,259184
2021-09-29T04:00:00Z,26.43,28.38,26.04,26.28,1168854
2021-09-28T04:00:00Z,26.02,26.405,24.18,24.57,267303
2021-09-27T04:00:00Z,25.925,27.26,25.75,25.87,462576
2021-09-24T04:00:00Z,25.345,25.645,24.42,25.42,153844
2021-09-23T04:00:00Z,25.52,26.1,24.67,25.46,249324
2021-09-22T04:00:00Z,27.75,28.205,24.33,24.925,764738
2021-09-21T04:00:00Z,24.865,27.92,24.585,26.77,879510
2021-09-20T04:00:00Z,22.03,24.205,21.71,24.12,835464
2021-09-17T04:00:00Z,22.43,23.505,21.93,22.96,1168965
2021-09-16T04:00:00Z,20.81,21.6,20.415,21.19,648655
2021-09-15T04:00:00Z,19.4,20.15,19.06,19.87,751088
2021-09-14T04:00:00Z,19.2,19.74,18.71,18.96,620632
2021-09-13T04:00:00Z,20.24,20.58,19.71,20.055,316050
2021-09-10T04:00:00Z,20.17,20.615,19.905,19.92,352362
2021-09-09T04:00:00Z,19.18,20.04,19.11,19.835,647916
2021-09-08T04:00:00Z,19.93,19.99,18.7,18.925,594407
2021-09-07T04:00:00Z,19.78,19.95,19.01,19.885,517172
2021-09-03T04:00:00Z,18.75,19.755,18.67,19.55,629739
2021-09-02T04:00:00Z,18.46,18.9,18,18.68,532180
2021-09-01T04:00:00Z,16.16,18.41,16.15,17.8,2153595
2021-08-31T04:00:00Z,20.27,20.66,19.93,19.93,198166
2021-08-30T04:00:00Z,20.82,20.82,19.89,20.65,271099
2021-08-27T04:00:00Z,21.42,21.45,20.905,21.005,108669
2021-08-26T04:00:00Z,21.85,22.05,21.41,21.51,271859
2021-08-25T04:00:00Z,22.21,22.49,21.77,21.81,147129
2021-08-24T04:00:00Z,21.89,22.97,21.8,22.835,145851
2021-08-23T04:00:00Z,21.91,22.09,21.45,21.65,65064
2021-08-20T04:00:00Z,21.71,22.1,21.62,21.65,70102
2021-08-19T04:00:00Z,22.2,22.595,21.57,21.73,76191
2021-08-18T04:00:00Z,22.91,22.91,22.16,22.57,87318
2021-08-17T04:00:00Z,22.26,22.74,22.13,22.56,104365
2021-08-16T04:00:00Z,23.095,23.21,22.44,22.82,128558
2021-08-13T04:00:00Z,23.84,24.24,23.44,23.47,109835
2021-08-12T04:00:00Z,24.36,24.36,23.82,23.85,129812
2021-08-11T04:00:00Z,24.92,24.92,24.02,24.455,91892
2021-08-10T04:00:00Z,23.75,25.23,23.705,24.41,210947
2021-08-09T04:00:00Z,23.41,23.61,23.035,23.47,78003
2021-08-06T04:00:00Z,22.92,23.91,22.81,23.34,122063
2021-08-05T04:00:00Z,22.9,23.27,22.7,22.76,157693
2021-08-04T04:00:00Z,23.43,23.43,22.545,22.625,178390
2021-08-03T04:00:00Z,23.91,23.91,22.955,23.57,200191
2021-08-02T04:00:00Z,24.16,24.205,23.48,23.77,145926
2021-07-30T04:00:00Z,22.975,24.21,22.95,23.71,187784
2021-07-29T04:00:00Z,24.56,24.67,23.255,23.3,69248
2021-07-28T04:00:00Z,25.75,26.095,23.985,24.05,109993
2021-07-27T04:00:00Z,27.49,27.49,25.12,25.17,85789
2021-07-26T04:00:00Z,24.72,28.37,24.35,26.79,278119
2021-07-23T04:00:00Z,24.02,24.53,22.6,24.2,124416
2021-07-22T04:00:00Z,23.34,24.18,22.3,22.95,83322
2021-07-21T04:00:00Z,24.45,24.92,22.71,23.435,92532
2021-07-20T04:00:00Z,22.53,24.73,22.16,24.265,110778
2021-07-19T04:00:00Z,22.04,22.59,20.95,22.17,133211
2021-07-16T04:00:00Z,23.11,23.795,22.325,22.735,110068
2021-07-15T04:00:00Z,23.98,24.31,22.56,22.995,234063
2021-07-14T04:00:00Z,25.305,25.66,23.78,23.79,169664
2021-07-13T04:00:00Z,26.51,27.11,25.8,25.92,51927
2021-07-12T04:00:00Z,25.89,27.37,25.8,26.79,102743
2021-07-09T04:00:00Z,25.41,26.33,25.25,25.525,45285
2021-07-08T04:00:00Z,23.96,25.49,23.65,24.96,71227
2021-07-07T04:00:00Z,26.49,26.88,24.8,25.67,84171
2021-07-06T04:00:00Z,27.605,27.99,26.35,26.35,88879
2021-07-02T04:00:00Z,28.03,28.07,26.73,27.03,71163
2021-07-01T04:00:00Z,28.99,29.8,27.42,27.72,155124
2021-06-30T04:00:00Z,26.13,28.94,25.74,28.89,341708
2021-06-29T04:00:00Z,27.26,27.29,26.25,26.315,81165
2021-06-28T04:00:00Z,26.13,27.38,26.09,26.97,300976
2021-06-25T04:00:00Z,25.64,25.93,25.02,25.13,85399
2021-06-24T04:00:00Z,25.56,26.27,24.805,24.825,156016
2021-06-23T04:00:00Z,23.81,25.05,23.37,25.03,82677
2021-06-22T04:00:00Z,22.8,23.59,22.45,23.42,31893
2021-06-21T04:00:00Z,23.71,23.71,22.76,22.97,55070
2021-06-18T04:00:00Z,23.25,23.8,23.22,23.43,37368
2021-06-17T04:00:00Z,23.4,24.31,23.4,23.53,50633
2021-06-16T04:00:00Z,22.13,24.08,22.13,24.03,71047
2021-06-15T04:00:00Z,23.97,23.97,22.57,22.61,104821
2021-06-14T04:00:00Z,25.03,25.03,24.03,24.12,55084
2021-06-11T04:00:00Z,25.4,25.41,24.72,25.14,44704
2021-06-10T04:00:00Z,26.29,26.4,24.62,25.44,262055
2021-06-09T04:00:00Z,26.76,27.38,26.21,26.52,293343
2021-06-08T04:00:00Z,27.31,27.87,24.75,26.66,260432
2021-06-07T04:00:00Z,24.79,26.525,24.34,26.495,170607
2021-06-04T04:00:00Z,24.015,24.3,23.45,23.985,80320
2021-06-03T04:00:00Z,23.2,24.57,22.03,22.99,138523
2021-06-02T04:00:00Z,22.01,23.61,21.68,23.55,277875
2021-06-01T04:00:00Z,19.99,22.39,19.8,21.565,290300
2021-05-28T04:00:00Z,19.58,20.13,19.55,19.73,85196
2021-05-27T04:00:00Z,20.16,20.16,19.46,19.88,24605
2021-05-26T04:00:00Z,20.28,21.03,19.73,19.99,137171
2021-05-25T04:00:00Z,19.545,20.57,19.155,20.16,123185
2021-05-24T04:00:00Z,20.14,20.14,19.36,19.48,57285
2021-05-21T04:00:00Z,20.28,20.33,19.52,19.83,54728
2021-05-20T04:00:00Z,19.17,20.03,19.17,19.805,63865
2021-05-19T04:00:00Z,18.88,19.03,18.66,19,36763
2021-05-18T04:00:00Z,18.83,19.61,18.61,19.36,98560
2021-05-17T04:00:00Z,18.19,18.63,18.045,18.325,73991
2021-05-14T04:00:00Z,17.75,18.11,17.52,17.96,42911
2021-05-13T04:00:00Z,18.18,18.84,17.3,17.305,77908
2021-05-12T04:00:00Z,18.4,18.46,17.77,17.79,44056
2021-05-11T04:00:00Z,17.77,18.88,17.42,18.58,187568
2021-05-10T04:00:00Z,19.52,19.52,18.64,18.65,89195
2021-05-07T04:00:00Z,19,19.71,18.76,19.295,142997
2021-05-06T04:00:00Z,19.2,19.29,18.58,18.995,63223
2021-05-05T04:00:00Z,19.65,20.2,19.17,19.19,83139
2021-05-04T04:00:00Z,19.65,19.77,18.965,19.18,196357
2021-05-03T04:00:00Z,21.13,21.13,19.89,19.94,101108
2021-04-30T04:00:00Z,21.305,22,21.1,21.1,131548
2021-04-29T04:00:00Z,23.15,23.19,21.55,22.1,120065
2021-04-28T04:00:00Z,22.25,24.23,22.14,23.005,232272
2021-04-27T04:00:00Z,24.07,24.32,22.63,22.77,168672
2021-04-26T04:00:00Z,20.66,24.28,20.42,23.85,636477
2021-04-23T04:00:00Z,19.7,20.715,19.63,20.53,176212
2021-04-22T04:00:00Z,20.21,20.6,18.91,19.68,239818
2021-04-21T04:00:00Z,18.39,19.86,17.64,19.845,326384
2021-04-20T04:00:00Z,19.52,19.71,18.325,18.46,365575
2021-04-16T04:00:00Z,20.07,20.48,19.28,19.53,212167
2021-04-15T04:00:00Z,21.86,22.08,19.84,20.195,414922
2021-04-14T04:00:00Z,21.93,22.21,21.54,21.74,178422
2021-04-13T04:00:00Z,21.95,22.66,21.6,21.97,65872
2021-04-12T04:00:00Z,22.97,23.43,21.79,22.03,156596
2021-04-09T04:00:00Z,22.95,23.33,22.77,22.95,91096
2021-04-08T04:00:00Z,23.07,23.33,22.67,23.12,75155
2021-04-07T04:00:00Z,24.205,24.445,22.71,22.8,133602
2021-04-06T04:00:00Z,23.05,24.955,23.03,24.44,189623
2021-04-05T04:00:00Z,24.52,24.57,23.01,23.01,157278
2021-04-01T04:00:00Z,24.18,24.44,23.29,23.8,85642
2021-03-31T04:00:00Z,24.06,24.22,22.805,23.17,85978
2021-03-30T04:00:00Z,21.2,23.64,21.11,23.425,223655
2021-03-29T04:00:00Z,22.71,22.87,21.35,21.36,121993
2021-03-26T04:00:00Z,22.99,23.825,22.1,23.02,164069
2021-03-25T04:00:00Z,21.67,24.21,21.05,23.95,272004
2021-03-24T04:00:00Z,24.43,24.44,22.29,22.57,212153
2021-03-23T04:00:00Z,25.91,26.205,23.755,24.07,208058
2021-03-22T04:00:00Z,27.56,27.56,26.06,26.18,210248
2021-03-19T04:00:00Z,26.51,27.34,25.8,26.87,73823
2021-03-18T04:00:00Z,28.715,29.4,26.83,26.895,282900
2021-03-17T04:00:00Z,29.685,30.67,28.22,29.475,225328
2021-03-16T04:00:00Z,31.19,32.94,29.25,31.14,414948
2021-03-15T04:00:00Z,27.2,28.8,27.075,28.66,80002
2021-03-12T05:00:00Z,25.33,27.99,25.18,26.78,120107
2021-03-11T05:00:00Z,25.79,27.13,25.39,26.745,363374
2021-03-10T05:00:00Z,25.02,27.17,24.41,24.765,271074
2021-03-09T05:00:00Z,23.15,24.96,22.85,24.44,207631
2021-03-08T05:00:00Z,24.4,25.14,22,22.08,309843
2021-03-05T05:00:00Z,24.555,25.14,20.49,24.37,527246
2021-03-04T05:00:00Z,23.89,25.43,21.5,24.415,426903
2021-03-03T05:00:00Z,27.745,27.925,23.935,24.19,278252
2021-03-02T05:00:00Z,29.82,30.23,26.66,27.705,235414
2021-03-01T05:00:00Z,32.49,32.49,29.83,30.645,232052
2021-02-26T05:00:00Z,31.41,32.45,28.51,30.93,502185
2021-02-25T05:00:00Z,29.945,32.32,26.725,27.87,668864
2021-02-24T05:00:00Z,35.61,35.67,27.865,28.84,1557381
2021-02-23T05:00:00Z,34.9,43.89,30,35.305,1961308
2021-02-22T05:00:00Z,62.85,63.17,56.1,57.34,706114
2021-02-19T05:00:00Z,60.22,61.96,50.65,52.51,352822
2021-02-18T05:00:00Z,55.96,64.75,55.96,58.33,483196
2021-02-17T05:00:00Z,54.65,59.49,50.38,55.8,383571
2021-02-16T05:00:00Z,38.35,54.97,36.58,52.61,774216
2021-02-12T05:00:00Z,35.2,41.31,33.56,39.86,309289
2021-02-11T05:00:00Z,32.21,32.95,31.21,31.51,92721
2021-02-10T05:00:00Z,31.86,34.485,30,32.8,275598
2021-02-09T05:00:00Z,31.38,33.65,30.22,33.19,166326
2021-02-08T05:00:00Z,34.27,34.94,30.345,32.8,129106
2021-02-05T05:00:00Z,30.9,35.99,30.9,34.6,279799
2021-02-04T05:00:00Z,29.03,31.45,26.71,30.21,186995
2021-02-03T05:00:00Z,32.29,34.5,27.77,29.39,662845
2021-02-02T05:00:00Z,27.94,35.15,26.47,32.335,1124917
2021-02-01T05:00:00Z,23.34,25.92,22.77,25.27,155079
2021-01-29T05:00:00Z,21.8,24.34,21.24,22.88,173778
2021-01-28T05:00:00Z,21.33,22.865,20.03,22.35,211085
2021-01-27T05:00:00Z,21.19,23.25,20.5,21.12,358574
2021-01-26T05:00:00Z,24.365,24.66,22.395,24.42,296826
2021-01-25T05:00:00Z,26.72,27.23,18.9,24.97,1101304
2021-01-22T05:00:00Z,18.49,22.65,18.005,22.06,647255
2021-01-21T05:00:00Z,18.2,18.2,17.12,17.8,75865
2021-01-20T05:00:00Z,18.05,18.66,17.805,18.095,344956
2021-01-19T05:00:00Z,18.07,18.69,17.5,17.91,540590
2021-01-15T05:00:00Z,17.81,21,16.2,18.335,1407324
2021-01-14T05:00:00Z,18.82,20.11,16.11,17.33,1902680
2021-01-13T05:00:00Z,15.13,17.12,14.73,16.64,1047716
2021-01-12T05:00:00Z,15,15.62,13.01,14.08,1522052
2021-01-11T05:00:00Z,10.035,13.92,10.03,13.14,2409702
2021-01-08T05:00:00Z,10.035,10.045,10.025,10.035,16285
2021-01-07T05:00:00Z,10.02,10.04,10.005,10.025,26217
2021-01-06T05:00:00Z,10.01,10.02,10,10.02,2687
2021-01-05T05:00:00Z,10.02,10.03,10,10.005,11125
2021-01-04T05:00:00Z,10.075,10.08,10.03,10.03,2361
2020-12-31T05:00:00Z,10.02,10.05,10.01,10.015,19290
2020-12-30T05:00:00Z,10.06,10.08,10.05,10.07,54977
2020-12-29T05:00:00Z,10.05,10.075,10.04,10.065,59314
2020-12-28T05:00:00Z,10.125,10.175,10.045,10.065,51423
2020-12-24T05:00:00Z,10.09,10.09,10.01,10.04,145175
2020-12-23T05:00:00Z,10.025,10.025,10,10.02,125592
2020-12-22T05:00:00Z,10.02,10.02,9.985,9.995,22553
2020-12-21T05:00:00Z,9.975,9.98,9.965,9.965,2117
2020-12-18T05:00:00Z,9.975,9.98,9.955,9.955,15115
2020-12-17T05:00:00Z,9.955,9.985,9.955,9.97,83736
2020-12-16T05:00:00Z,9.995,9.995,9.945,9.945,6558
2020-12-15T05:00:00Z,9.995,10.01,9.91,9.955,4000
2020-12-14T05:00:00Z,9.955,9.975,9.945,9.965,66765
2020-12-11T05:00:00Z,9.94,9.95,9.92,9.94,23779
2020-12-10T05:00:00Z,9.9,9.92,9.885,9.91,11840
2020-12-09T05:00:00Z,9.875,9.97,9.85,9.92,67062
2020-12-08T05:00:00Z,9.94,9.94,9.83,9.88,25370
2020-12-07T05:00:00Z,9.87,9.975,9.87,9.945,16453
2020-12-04T05:00:00Z,9.875,9.88,9.87,9.875,1500
2020-12-03T05:00:00Z,9.87,9.87,9.86,9.87,7081
2020-12-02T05:00:00Z,9.88,9.88,9.86,9.875,2104
2020-12-01T05:00:00Z,9.84,9.88,9.84,9.86,8893
2020-11-30T05:00:00Z,9.875,9.885,9.83,9.835,17159
2020-11-27T05:00:00Z,9.785,9.835,9.785,9.835,1225
2020-11-25T05:00:00Z,9.75,9.76,9.71,9.76,18472
2020-11-24T05:00:00Z,9.74,9.745,9.74,9.74,314
2020-11-23T05:00:00Z,9.715,9.75,9.715,9.745,2549
2020-11-20T05:00:00Z,9.72,9.735,9.7,9.715,25035
2020-11-19T05:00:00Z,9.725,9.725,9.715,9.715,304
2020-11-18T05:00:00Z,9.7,9.74,9.7,9.72,11954
2020-11-17T05:00:00Z,9.7,9.71,9.695,9.7,1281
2020-11-16T05:00:00Z,9.7,9.7,9.685,9.685,2257
2020-11-13T05:00:00Z,9.715,9.715,9.695,9.705,8712
2020-11-12T05:00:00Z,9.7,9.705,9.69,9.705,4494
2020-11-11T05:00:00Z,9.725,9.725,9.68,9.68,3553
2020-11-10T05:00:00Z,9.69,9.715,9.685,9.715,13129
2020-11-09T05:00:00Z,9.705,9.705,9.705,9.705,790
2020-11-06T05:00:00Z,9.75,9.75,9.73,9.73,14900
2020-11-05T05:00:00Z,9.75,9.77,9.75,9.77,44332
2020-11-04T05:00:00Z,9.72,9.72,9.7,9.7,800
2020-11-03T05:00:00Z,9.64,9.675,9.64,9.675,7778
2020-11-02T05:00:00Z,9.625,9.64,9.62,9.625,3159
2020-10-30T04:00:00Z,9.64,9.68,9.625,9.63,4539
2020-10-29T04:00:00Z,9.63,9.64,9.63,9.64,2500
2020-10-28T04:00:00Z,9.64,9.645,9.64,9.64,7940
2020-10-27T04:00:00Z,9.66,9.66,9.66,9.66,1200
2020-10-26T04:00:00Z,9.645,9.65,9.645,9.65,95440
2020-10-23T04:00:00Z,9.65,9.655,9.64,9.64,32928
2020-10-22T04:00:00Z,9.65,9.65,9.645,9.645,5088
2020-10-21T04:00:00Z,9.665,9.67,9.65,9.65,2746
2020-10-20T04:00:00Z,9.7,9.7,9.67,9.67,3585
2020-10-19T04:00:00Z,9.68,9.69,9.68,9.68,10307
2020-10-16T04:00:00Z,9.695,9.705,9.685,9.69,845
2020-10-15T04:00:00Z,9.68,9.68,9.68,9.68,336
2020-10-14T04:00:00Z,9.7,9.705,9.68,9.685,23600
2020-10-13T04:00:00Z,9.71,9.72,9.7,9.7,5301
2020-10-12T04:00:00Z,9.78,9.78,9.76,9.76,476
2020-10-09T04:00:00Z,9.74,9.76,9.735,9.755,19396
2020-10-08T04:00:00Z,9.73,9.73,9.72,9.72,200
2020-10-07T04:00:00Z,9.735,9.735,9.71,9.71,17100
2020-10-06T04:00:00Z,9.72,9.73,9.72,9.73,988
2020-10-05T04:00:00Z,9.72,9.72,9.71,9.71,200
2020-10-02T04:00:00Z,9.745,9.745,9.745,9.745,622
2020-10-01T04:00:00Z,9.82,9.82,9.75,9.75,420
2020-09-30T04:00:00Z,9.8,9.8,9.8,9.8,586
2020-09-29T04:00:00Z,9.83,9.83,9.77,9.775,1181
2020-09-25T04:00:00Z,9.85,9.85,9.81,9.81,4700
2020-09-24T04:00:00Z,9.8,9.8,9.75,9.75,7032
2020-09-23T04:00:00Z,9.9,9.9,9.8,9.82,9026
2020-09-22T04:00:00Z,9.89,9.89,9.86,9.88,4142
2020-09-21T04:00:00Z,9.93,9.93,9.9,9.91,14504
2020-09-18T04:00:00Z,9.93,9.93,9.88,9.88,4323
