2024-06-14T04:00:00Z,108.285,108.575,108.255,108.465,795848
2024-06-13T04:00:00Z,108.365,108.54,108.06,108.375,437972
2024-06-12T04:00:00Z,108.21,108.555,107.82,107.84,720387
2024-06-11T04:00:00Z,106.81,107.27,106.735,107.18,487967
2024-06-10T04:00:00Z,106.69,106.84,106.66,106.755,440104
2024-06-07T04:00:00Z,107.005,107.195,106.885,106.975,566290
2024-06-06T04:00:00Z,107.805,108.025,107.785,107.93,753934
2024-06-05T04:00:00Z,107.785,108.02,107.44,108.015,812025
2024-06-04T04:00:00Z,107.53,107.79,107.355,107.655,936994
2024-06-03T04:00:00Z,106.78,107.24,106.765,107.23,376990
2024-05-31T04:00:00Z,106.835,107,106.665,106.92,456750
2024-05-30T04:00:00Z,106.23,106.445,106.15,106.415,580906
2024-05-29T04:00:00Z,105.95,105.965,105.56,105.78,1290001
2024-05-28T04:00:00Z,107.075,107.075,106.27,106.35,448779
2024-05-24T04:00:00Z,106.685,106.99,106.625,106.99,347137
2024-05-23T04:00:00Z,107.28,107.28,106.58,106.695,688680
2024-05-22T04:00:00Z,107.025,107.315,107.02,107.175,518340
2024-05-21T04:00:00Z,107.465,107.47,107.265,107.32,555366
2024-05-20T04:00:00Z,107.1,107.215,107.06,107.155,298686
2024-05-17T04:00:00Z,107.29,107.445,107.165,107.205,403800
2024-05-16T04:00:00Z,107.745,107.745,107.39,107.435,754967
2024-05-15T04:00:00Z,107.45,107.765,107.25,107.6,967769
2024-05-14T04:00:00Z,106.61,106.775,106.5,106.65,404550
2024-05-13T04:00:00Z,106.63,106.645,106.32,106.345,393000
2024-05-10T04:00:00Z,106.425,106.5,106.19,106.31,362264
2024-05-09T04:00:00Z,106.385,106.765,106.29,106.645,673601
2024-05-08T04:00:00Z,106.465,106.64,106.43,106.475,413645
2024-05-07T04:00:00Z,106.97,107.16,106.65,106.75,655341
2024-05-06T04:00:00Z,106.52,106.7,106.455,106.69,316546
2024-05-03T04:00:00Z,106.54,106.58,106,106.42,819124
2024-05-02T04:00:00Z,105.065,105.72,104.94,105.66,547210
2024-05-01T04:00:00Z,104.91,105.545,104.68,105.005,522016
2024-04-30T04:00:00Z,105.165,105.39,104.9,105,592976
2024-04-29T04:00:00Z,105.495,105.66,105.305,105.575,317042
2024-04-26T04:00:00Z,105.15,105.315,105.07,105.13,277079
2024-04-25T04:00:00Z,104.27,104.78,104.14,104.73,1058556
2024-04-24T04:00:00Z,105.26,105.26,104.745,105.02,570773
2024-04-23T04:00:00Z,105.16,105.845,105.015,105.465,600698
2024-04-22T04:00:00Z,105,105.305,104.925,105.26,599833
2024-04-19T04:00:00Z,105.26,105.29,104.935,105,635423
2024-04-18T04:00:00Z,105.155,105.17,104.73,104.88,438669
2024-04-17T04:00:00Z,105.085,105.28,104.82,105.125,851737
2024-04-16T04:00:00Z,104.45,104.65,104.19,104.53,809166
2024-04-15T04:00:00Z,105.41,105.43,104.75,104.89,667000
2024-04-12T04:00:00Z,106.315,106.315,106.03,106.045,691091
2024-04-11T04:00:00Z,106.33,106.33,105.62,105.83,706971
2024-04-10T04:00:00Z,106.66,106.72,105.89,106.03,1283385
2024-04-09T04:00:00Z,107.47,107.63,107.395,107.565,583805
2024-04-08T04:00:00Z,106.915,107.215,106.905,107.04,602348
2024-04-05T04:00:00Z,107,107.38,106.975,107.035,742965
2024-04-04T04:00:00Z,107.76,107.77,107.29,107.51,1051625
2024-04-03T04:00:00Z,106.88,107.55,106.765,107.41,565398
2024-04-02T04:00:00Z,106.935,107.355,106.695,107.32,671151
2024-04-01T04:00:00Z,108.005,108.025,107.385,107.485,498745
2024-03-28T04:00:00Z,108.855,109.18,108.81,108.925,854851
2024-03-27T04:00:00Z,108.395,109,108.36,109,686479
2024-03-26T04:00:00Z,108.335,108.405,108.145,108.28,943411
2024-03-25T04:00:00Z,108.595,108.595,108.24,108.31,637136
2024-03-22T04:00:00Z,108.905,108.905,108.625,108.68,545062
2024-03-21T04:00:00Z,108.455,108.525,108.13,108.29,739491
2024-03-20T04:00:00Z,107.985,108.27,107.57,108.12,994116
2024-03-19T04:00:00Z,107.81,108.155,107.75,107.95,574036
2024-03-18T04:00:00Z,107.865,107.92,107.615,107.64,389810
2024-03-15T04:00:00Z,107.745,107.955,107.63,107.83,882794
2024-03-14T04:00:00Z,108.205,108.21,107.705,107.775,1180477
2024-03-13T04:00:00Z,108.695,108.93,108.54,108.57,943461
2024-03-12T04:00:00Z,108.935,108.94,108.59,108.71,1357845
2024-03-11T04:00:00Z,109.095,109.24,108.87,109.045,808237
2024-03-08T05:00:00Z,109.115,109.29,108.92,109.02,1246972
2024-03-07T05:00:00Z,108.98,108.98,108.605,108.88,488274
2024-03-06T05:00:00Z,108.56,108.925,108.535,108.64,1383431
2024-03-05T05:00:00Z,108.215,108.595,108.135,108.28,1096878
2024-03-04T05:00:00Z,107.625,107.85,107.55,107.72,832447
2024-03-01T05:00:00Z,107.085,108.03,106.77,107.93,1033560
2024-02-29T05:00:00Z,107.72,108.14,107.52,107.675,1132715
2024-02-28T05:00:00Z,107.5,107.63,107.405,107.575,892015
2024-02-27T05:00:00Z,107.63,107.835,107.51,107.57,1205411
2024-02-26T05:00:00Z,108.065,108.065,107.51,107.73,410617
2024-02-23T05:00:00Z,107.775,108.2,107.73,108.065,736102
2024-02-22T05:00:00Z,107.725,107.92,107.6,107.745,1131401
2024-02-21T05:00:00Z,107.905,107.905,107.425,107.56,587176
2024-02-20T05:00:00Z,107.835,107.945,107.635,107.86,587490
2024-02-16T05:00:00Z,107.345,107.575,107.26,107.485,1017873
2024-02-15T05:00:00Z,108.07,108.095,107.625,107.86,792754
2024-02-14T05:00:00Z,107.115,107.52,107.085,107.485,1108306
2024-02-13T05:00:00Z,107.15,107.38,106.87,107,984653
2024-02-12T05:00:00Z,108.18,108.26,107.865,108.165,557217
2024-02-09T05:00:00Z,108.045,108.235,108.005,108.18,560464
2024-02-08T05:00:00Z,108.545,108.575,108.195,108.295,1028272
2024-02-07T05:00:00Z,108.9,109.305,108.77,108.84,615533
2024-02-06T05:00:00Z,108.75,109.35,108.74,109.18,910799
2024-02-05T05:00:00Z,108.805,108.84,108.33,108.58,694156
2024-02-02T05:00:00Z,109.455,109.71,109.215,109.62,1319054
2024-02-01T05:00:00Z,110.465,110.905,110.18,110.64,1199985
2024-01-31T05:00:00Z,110.365,110.625,109.895,110.18,1087827
2024-01-30T05:00:00Z,109.78,109.905,109.335,109.9,726880
2024-01-29T05:00:00Z,109.53,109.78,109.33,109.54,468916
2024-01-26T05:00:00Z,109.435,109.435,109.06,109.095,631381
2024-01-25T05:00:00Z,109.105,109.435,109.055,109.39,1020242
2024-01-24T05:00:00Z,109.43,109.43,108.6,108.675,707745
2024-01-23T05:00:00Z,109.035,109.035,108.67,108.89,805323
2024-01-22T05:00:00Z,109.505,109.56,109.165,109.28,604064
2024-01-19T05:00:00Z,108.8,109.02,108.45,108.99,746783
2024-01-18T05:00:00Z,109.245,109.27,108.765,108.87,790710
2024-01-17T05:00:00Z,109.025,109.24,108.71,109.08,799906
2024-01-16T05:00:00Z,109.85,109.985,109.1,109.33,712034
2024-01-12T05:00:00Z,110.52,110.85,110.135,110.48,691007
2024-01-11T05:00:00Z,109.715,110.34,109.395,110.21,1601951
2024-01-10T05:00:00Z,109.995,110.155,109.475,109.52,616470
2024-01-09T05:00:00Z,109.325,109.785,109.275,109.66,2034167
2024-01-08T05:00:00Z,108.75,109.545,108.75,109.49,1525266
2024-01-05T05:00:00Z,108.7,109.57,108.585,108.655,533498
2024-01-04T05:00:00Z,108.965,109.24,108.875,109.045,992502
2024-01-03T05:00:00Z,109.01,109.765,108.925,109.64,1313333
2024-01-02T05:00:00Z,109.92,110.165,109.795,109.9,617297
2023-12-29T05:00:00Z,110.695,111.005,110.575,110.675,762114
2023-12-28T05:00:00Z,111.22,111.37,110.92,111.06,252688
2023-12-27T05:00:00Z,110.94,111.395,110.725,111.37,535391
2023-12-26T05:00:00Z,110.11,110.39,110.095,110.335,149218
2023-12-22T05:00:00Z,110.44,110.495,109.94,110.085,163159
2023-12-21T05:00:00Z,110.625,110.705,110.04,110.27,597428
2023-12-20T05:00:00Z,110.2,110.415,109.91,110.325,858843
2023-12-19T05:00:00Z,110.175,110.365,109.96,110.04,362701
2023-12-18T05:00:00Z,110.09,110.15,109.835,109.89,596512
2023-12-15T05:00:00Z,110.29,110.56,110.14,110.35,375242
2023-12-14T05:00:00Z,110.31,110.86,110.155,110.51,901271
2023-12-13T05:00:00Z,108.34,109.92,108.135,109.76,1232014
2023-12-12T05:00:00Z,107.29,107.975,107.145,107.945,578456
2023-12-11T05:00:00Z,107.185,107.35,106.8,107.32,467527
2023-12-08T05:00:00Z,107.335,107.615,107.19,107.35,730345
2023-12-07T05:00:00Z,107.735,108.22,107.685,107.94,409860
2023-12-06T05:00:00Z,107.86,108.19,107.72,107.93,765112
2023-12-05T05:00:00Z,107.13,107.67,107.03,107.535,931336
2023-12-04T05:00:00Z,106.735,106.94,106.445,106.67,731110
2023-12-01T05:00:00Z,106.055,107.215,105.9,107.15,708006
2023-11-30T05:00:00Z,106.58,106.625,106.085,106.405,1082664
2023-11-29T05:00:00Z,106.52,106.9,106.41,106.845,667777
2023-11-28T05:00:00Z,105.365,106.02,105.285,105.97,588178
2023-11-27T05:00:00Z,105.07,105.585,104.875,105.58,476322
2023-11-24T05:00:00Z,104.86,105.015,104.725,104.73,158927
2023-11-22T05:00:00Z,105.28,105.365,104.855,105.27,572119
2023-11-21T05:00:00Z,104.82,104.955,104.56,104.845,473545
2023-11-20T05:00:00Z,104.41,104.875,104.245,104.82,589645
2023-11-17T05:00:00Z,104.39,104.57,104.15,104.39,703014
2023-11-16T05:00:00Z,103.84,104.14,103.7,104.1,800645
2023-11-15T05:00:00Z,103.43,103.45,102.97,103.27,890895
2023-11-14T05:00:00Z,103.85,104.05,103.67,103.78,751441
2023-11-13T05:00:00Z,101.78,102.235,101.655,102.19,483465
2023-11-10T05:00:00Z,102.14,102.335,101.975,102.18,470497
2023-11-09T05:00:00Z,102.54,102.545,101.48,101.65,562212
2023-11-08T05:00:00Z,102.35,102.78,102.35,102.695,1088774
2023-11-07T05:00:00Z,101.81,102.395,101.68,102.17,694217
2023-11-06T05:00:00Z,101.665,101.695,101.265,101.355,459383
2023-11-03T04:00:00Z,102.58,102.865,101.875,101.92,1234190
2023-11-02T04:00:00Z,101.2,101.485,101.04,101.385,1083307
2023-11-01T04:00:00Z,99.275,100.26,99.27,100.21,770216
2023-10-31T04:00:00Z,99.48,99.785,99.145,99.155,629547
2023-10-30T04:00:00Z,99.31,99.53,99.02,99.27,463197
2023-10-27T04:00:00Z,99.705,99.805,99.31,99.62,709578
2023-10-26T04:00:00Z,99.21,99.865,99.04,99.8,789817
2023-10-25T04:00:00Z,99.49,99.49,98.855,99.1,511433
2023-10-24T04:00:00Z,99.58,100.06,99.44,99.985,778413
2023-10-23T04:00:00Z,98.42,99.695,98.255,99.46,678802
2023-10-20T04:00:00Z,98.415,98.75,98.4,98.68,939821
2023-10-19T04:00:00Z,98.96,99.22,98.275,98.28,1242715
2023-10-18T04:00:00Z,99.48,99.565,98.955,99.03,926290
2023-10-17T04:00:00Z,99.78,100.205,99.57,99.855,1011125
2023-10-16T04:00:00Z,100.835,100.945,100.635,100.67,946436
2023-10-13T04:00:00Z,101.59,101.725,101.18,101.4,792673
2023-10-12T04:00:00Z,101.81,101.82,100.6,100.81,962524
2023-10-11T04:00:00Z,101.8,101.93,101.44,101.87,497806
2023-10-10T04:00:00Z,100.71,101.655,100.58,101.27,639428
2023-10-09T04:00:00Z,100.54,101.25,100.34,101.245,158564
2023-10-06T04:00:00Z,99.305,100.19,99.18,99.945,650375
2023-10-05T04:00:00Z,100.6,100.655,100.125,100.27,575907
2023-10-04T04:00:00Z,100.11,100.45,99.665,100.42,845030
2023-10-03T04:00:00Z,100.345,100.525,99.395,99.54,769194
2023-10-02T04:00:00Z,101.135,101.295,100.61,100.7,600781
2023-09-29T04:00:00Z,102.81,102.92,101.785,102.055,893264
2023-09-28T04:00:00Z,101.67,102.26,101.31,102.21,1102596
2023-09-27T04:00:00Z,103.08,103.08,101.73,102.07,1442375
2023-09-26T04:00:00Z,103.075,103.09,102.445,102.54,1088724
2023-09-25T04:00:00Z,103.11,103.325,102.805,102.84,764686
2023-09-22T04:00:00Z,103.45,103.935,103.325,103.85,762120
2023-09-21T04:00:00Z,103.39,103.42,103.125,103.21,883460
2023-09-20T04:00:00Z,104.595,104.775,104.24,104.265,762663
2023-09-19T04:00:00Z,104.315,104.42,104.185,104.22,391648
2023-09-18T04:00:00Z,104.205,104.6,104.195,104.58,293095
2023-09-15T04:00:00Z,104.48,104.48,104.15,104.33,428094
2023-09-14T04:00:00Z,104.84,104.86,104.475,104.54,458657
2023-09-13T04:00:00Z,104.44,104.81,104.355,104.71,460531
2023-09-12T04:00:00Z,104.505,104.53,104.315,104.495,330111
2023-09-11T04:00:00Z,104.585,104.64,104.385,104.52,436367
2023-09-08T04:00:00Z,104.95,105.175,104.73,104.73,620830
2023-09-07T04:00:00Z,104.29,104.65,104.225,104.635,402918
2023-09-06T04:00:00Z,104.42,104.44,103.945,104.175,380734
2023-09-05T04:00:00Z,104.645,104.645,104.255,104.26,339562
2023-09-01T04:00:00Z,105.77,105.77,104.92,105.05,426890
2023-08-31T04:00:00Z,106.13,106.4,106.075,106.16,439018
2023-08-30T04:00:00Z,106.23,106.255,105.94,105.99,487816
2023-08-29T04:00:00Z,105.185,106.165,105.185,106.12,923780
2023-08-28T04:00:00Z,105.42,105.42,105.05,105.29,285917
2023-08-25T04:00:00Z,104.91,105.175,104.525,104.965,373812
2023-08-24T04:00:00Z,105.08,105.21,104.875,104.875,531198
2023-08-23T04:00:00Z,104.505,105.27,104.505,105.25,791620
2023-08-22T04:00:00Z,103.54,103.865,103.425,103.775,300908
2023-08-21T04:00:00Z,103.645,103.705,103.27,103.475,306064
2023-08-18T04:00:00Z,103.675,104.21,103.64,104.09,357580
2023-08-17T04:00:00Z,103.94,103.94,103.415,103.685,979687
2023-08-16T04:00:00Z,104.37,104.645,103.86,104,344434
2023-08-15T04:00:00Z,104.73,104.915,104.465,104.465,576749
2023-08-14T04:00:00Z,105.025,105.29,104.705,105,283813
2023-08-11T04:00:00Z,105.035,105.405,104.985,105.05,315531
2023-08-10T04:00:00Z,106.31,106.55,105.385,105.395,404418
2023-08-09T04:00:00Z,106.25,106.305,106.07,106.16,190171
2023-08-08T04:00:00Z,106.1,106.295,105.93,106.08,464588
2023-08-07T04:00:00Z,105.83,105.85,105.5,105.625,252744
2023-08-04T04:00:00Z,105.21,106.035,105.2,105.875,376159
2023-08-03T04:00:00Z,104.905,104.935,104.56,104.825,793818
2023-08-02T04:00:00Z,105.775,105.875,105.395,105.78,582544
2023-08-01T04:00:00Z,106.865,106.96,106.325,106.425,604904
2023-07-31T04:00:00Z,107.7,108.025,107.595,107.86,465624
2023-07-28T04:00:00Z,107.37,107.585,107.145,107.545,215968
2023-07-27T04:00:00Z,108.025,108.115,106.725,106.87,566521
2023-07-26T04:00:00Z,108.05,108.255,107.69,108.18,278794
2023-07-25T04:00:00Z,107.55,107.885,107.55,107.68,263983
2023-07-24T04:00:00Z,108.145,108.29,107.81,107.81,396342
2023-07-21T04:00:00Z,108.17,108.205,107.885,107.985,340931
2023-07-20T04:00:00Z,108.03,108.095,107.495,107.78,916389
2023-07-19T04:00:00Z,108.24,108.52,108.1,108.5,606131
2023-07-18T04:00:00Z,108.04,108.165,107.86,107.905,546483
2023-07-17T04:00:00Z,107.42,107.715,107.37,107.61,406540
2023-07-14T04:00:00Z,108.235,108.235,107.415,107.47,677272
2023-07-13T04:00:00Z,107.99,108.32,107.88,108.265,431905
2023-07-12T04:00:00Z,107.25,107.675,107.215,107.55,908198
2023-07-11T04:00:00Z,106.32,106.655,106.215,106.6,469923
2023-07-10T04:00:00Z,105.69,106.185,105.61,106.105,402359
2023-07-07T04:00:00Z,105.67,105.98,105.525,105.555,677624
2023-07-06T04:00:00Z,105.895,105.935,105.355,105.675,990337
2023-07-05T04:00:00Z,107.28,107.37,106.605,106.735,389390
2023-07-03T04:00:00Z,107.91,108.13,107.495,107.52,160343
2023-06-30T04:00:00Z,107.59,108.19,107.46,108.155,547178
2023-06-29T04:00:00Z,107.365,107.45,107.025,107.34,640351
2023-06-28T04:00:00Z,107.88,108.185,107.64,108.185,452318
2023-06-27T04:00:00Z,107.995,108.12,107.475,107.7,287078
2023-06-26T04:00:00Z,107.955,108.015,107.77,107.805,249006
2023-06-23T04:00:00Z,108.085,108.11,107.5,107.71,187340
2023-06-22T04:00:00Z,107.56,107.795,107.225,107.4,351301
2023-06-21T04:00:00Z,107.56,108.085,107.33,107.98,364174
2023-06-20T04:00:00Z,107.86,108.19,107.86,108.075,564183
2023-06-16T04:00:00Z,107.53,107.755,107.305,107.68,335671
2023-06-15T04:00:00Z,107.555,107.9,107.27,107.86,492916
2023-06-14T04:00:00Z,106.905,107.215,106.435,106.955,604486
2023-06-13T04:00:00Z,107.205,107.38,106.455,106.625,447611
2023-06-12T04:00:00Z,106.93,107.105,106.44,107.085,332435
2023-06-09T04:00:00Z,106.765,106.915,106.585,106.77,274162
2023-06-08T04:00:00Z,106.435,107.1,106.42,107.025,498283
2023-06-07T04:00:00Z,107.175,107.315,106.27,106.315,682774
2023-06-06T04:00:00Z,107.06,107.32,106.84,107.29,456513
2023-06-05T04:00:00Z,106.96,107.475,106.82,107.09,355028
2023-06-02T04:00:00Z,107.68,107.715,107.225,107.25,387463
2023-06-01T04:00:00Z,107.61,107.78,107.445,107.595,494548
2023-05-31T04:00:00Z,107.19,107.73,107.09,107.59,569665
2023-05-30T04:00:00Z,106.92,107.265,106.885,107.265,491946
2023-05-26T04:00:00Z,106.03,106.505,105.965,106.46,326642
2023-05-25T04:00:00Z,106.495,106.495,105.985,106.025,670281
2023-05-24T04:00:00Z,106.815,106.85,106.315,106.37,366068
2023-05-23T04:00:00Z,106.35,106.875,106.3,106.785,401964
2023-05-22T04:00:00Z,106.645,106.91,106.505,106.54,290269
2023-05-19T04:00:00Z,106.715,106.88,106.5,106.58,530740
2023-05-18T04:00:00Z,106.88,106.905,106.595,106.74,475939
2023-05-17T04:00:00Z,107.42,107.47,107.075,107.19,383686
2023-05-16T04:00:00Z,107.22,107.37,107.09,107.205,568218
2023-05-15T04:00:00Z,107.69,107.83,107.615,107.72,453805
2023-05-12T04:00:00Z,108.9,109.05,108.31,108.34,185367
2023-05-11T04:00:00Z,109.15,109.225,108.855,108.99,169160
2023-05-10T04:00:00Z,108.365,108.59,108.265,108.54,449926
2023-05-09T04:00:00Z,107.765,107.975,107.7,107.72,328363
2023-05-08T04:00:00Z,107.85,108.025,107.625,107.73,266924
2023-05-05T04:00:00Z,108.71,108.78,108.34,108.535,247646
2023-05-04T04:00:00Z,108.595,109.25,108.56,108.95,351923
2023-05-03T04:00:00Z,109.35,109.5,108.88,109.26,346811
2023-05-02T04:00:00Z,108.195,109.11,108.065,109.08,397232
2023-05-01T04:00:00Z,108.895,108.965,107.61,107.81,484739
2023-04-28T04:00:00Z,109.805,109.99,109.53,109.94,593055
2023-04-27T04:00:00Z,109.36,109.365,109.03,109.1,471634
2023-04-26T04:00:00Z,110.055,110.125,109.38,109.505,417137
2023-04-25T04:00:00Z,109.94,110.22,109.915,109.975,254424
2023-04-24T04:00:00Z,109.1,109.51,109.1,109.495,143663
2023-04-21T04:00:00Z,109.35,109.4,108.655,108.96,480239
2023-04-20T04:00:00Z,108.77,109.1,108.77,108.945,437387
2023-04-19T04:00:00Z,108.79,108.79,108.47,108.52,304753
2023-04-18T04:00:00Z,108.96,109.195,108.91,109.07,208469
2023-04-17T04:00:00Z,109.075,109.16,108.59,108.71,201736
2023-04-14T04:00:00Z,109.21,109.56,109.04,109.38,173203
2023-04-13T04:00:00Z,109.93,110.04,109.555,109.75,418414
2023-04-12T04:00:00Z,110.26,110.3,109.405,109.55,382172
2023-04-11T04:00:00Z,109.825,109.94,109.57,109.785,276117
2023-04-10T04:00:00Z,109.785,109.84,109.385,109.81,258365
2023-04-06T04:00:00Z,110.47,110.595,110.235,110.31,451701
2023-04-05T04:00:00Z,110.265,110.55,110.07,110.44,327596
2023-04-04T04:00:00Z,109.345,110.2,109.335,110.075,441706
2023-04-03T04:00:00Z,109.15,110.02,109.01,109.9,360950
2023-03-31T04:00:00Z,109.065,109.68,108.87,109.61,325897
2023-03-30T04:00:00Z,108.505,108.85,108.49,108.6,423618
2023-03-29T04:00:00Z,107.83,108.51,107.83,108.475,478067
2023-03-28T04:00:00Z,108.02,108.19,107.745,107.95,300021
2023-03-27T04:00:00Z,108.53,108.955,108.135,108.18,287093
2023-03-24T04:00:00Z,109.27,109.62,109.185,109.47,499147
2023-03-23T04:00:00Z,108.74,109.215,108.4,109.12,580225
2023-03-22T04:00:00Z,107.98,109.58,107.81,108.825,689421
2023-03-21T04:00:00Z,108.02,108.245,107.695,108.185,870261
2023-03-20T04:00:00Z,108.03,108.27,107.565,107.69,486866
2023-03-17T04:00:00Z,107.815,108.41,107.815,107.97,694363
2023-03-16T04:00:00Z,108.18,108.2,107.14,107.425,1243754
2023-03-15T04:00:00Z,107.16,108.1,107,107.61,932516
2023-03-14T04:00:00Z,106.88,107.57,106.435,106.63,1380995
2023-03-13T04:00:00Z,107.405,108.235,106.505,106.93,781221
2023-03-10T05:00:00Z,106.55,107.135,106.245,106.825,794411
2023-03-09T05:00:00Z,105.47,105.81,105.16,105.3,561836
2023-03-08T05:00:00Z,106.03,106.165,105.155,105.43,694717
2023-03-07T05:00:00Z,106.08,106.185,105.37,105.58,416519
2023-03-06T05:00:00Z,106.53,106.53,105.825,105.88,405507
2023-03-03T05:00:00Z,105.68,106.22,105.48,106.195,523998
2023-03-02T05:00:00Z,104.39,104.975,104.33,104.955,541377
2023-03-01T05:00:00Z,105.25,105.33,104.765,104.89,948182
2023-02-28T05:00:00Z,105.445,106,105.29,105.93,400961
2023-02-27T05:00:00Z,106.1,106.285,105.805,105.9,385708
2023-02-24T05:00:00Z,105.835,106.03,105.585,105.85,501149
2023-02-23T05:00:00Z,106.16,106.68,106.06,106.65,552373
2023-02-22T05:00:00Z,105.94,106.255,105.775,105.83,600381
2023-02-21T05:00:00Z,106.15,106.25,105.475,105.54,691998
2023-02-17T05:00:00Z,106.24,107.025,106.235,107.005,526579
2023-02-16T05:00:00Z,106.865,107.17,106.56,106.63,671479
2023-02-15T05:00:00Z,107.69,107.785,107.205,107.495,504834
2023-02-14T05:00:00Z,108.065,108.33,107.225,107.92,581694
2023-02-13T05:00:00Z,107.81,108.16,107.77,108.14,792397
2023-02-10T05:00:00Z,108.4,108.4,107.735,107.77,681624
2023-02-09T05:00:00Z,109.91,109.97,108.465,108.51,653232
2023-02-08T05:00:00Z,109.425,109.62,108.96,109.45,428689
2023-02-07T05:00:00Z,109.465,110.105,109.195,109.35,689852
2023-02-06T05:00:00Z,109.98,110.01,109.62,109.68,687047
2023-02-03T05:00:00Z,110.655,110.89,110.295,110.52,611972
2023-02-02T05:00:00Z,112.465,112.495,111.7,111.8,451440
2023-02-01T05:00:00Z,110.87,111.9,110.285,111.63,1039588
2023-01-31T05:00:00Z,110.67,110.885,110.075,110.86,941806
2023-01-30T05:00:00Z,110.13,110.615,110.015,110.055,878801
2023-01-27T05:00:00Z,110.31,110.65,110.31,110.5,263048
2023-01-26T05:00:00Z,110.935,111.06,110.395,110.83,475320
2023-01-25T05:00:00Z,110.81,110.925,110.335,110.86,350848
2023-01-24T05:00:00Z,110.295,110.93,109.925,110.835,418079
2023-01-23T05:00:00Z,110.1,110.5,110.1,110.22,520743
2023-01-20T05:00:00Z,110.58,110.67,110.125,110.54,521663
2023-01-19T05:00:00Z,110.89,111.23,110.76,111.1,392393
2023-01-18T05:00:00Z,111.72,111.94,110.865,111.345,752833
2023-01-17T05:00:00Z,110.015,110.395,109.94,110.08,665230
2023-01-13T05:00:00Z,110.505,110.86,110.31,110.5,542407
2023-01-12T05:00:00Z,110,110.845,109.245,110.82,464004
2023-01-11T05:00:00Z,109.315,109.63,109.175,109.59,713071
2023-01-10T05:00:00Z,108.58,108.815,108.26,108.635,517773
2023-01-09T05:00:00Z,108.38,109.285,108.335,109.02,584477
2023-01-06T05:00:00Z,107.02,108.765,106.895,108.59,591272
2023-01-05T05:00:00Z,106.18,106.95,106.17,106.85,325786
2023-01-04T05:00:00Z,107.035,107.085,106.565,106.945,415131
2023-01-03T05:00:00Z,106.84,106.84,105.905,106.125,386276
2022-12-30T05:00:00Z,105.82,105.935,105.175,105.39,252343
2022-12-29T05:00:00Z,105.73,106.125,105.69,106.085,297558
2022-12-28T05:00:00Z,106.05,106.22,105.35,105.37,287344
2022-12-27T05:00:00Z,106.295,106.515,105.64,105.655,295200
2022-12-23T05:00:00Z,106.92,107.305,106.84,107.07,102570
2022-12-22T05:00:00Z,107.34,107.53,107.155,107.415,442725
2022-12-21T05:00:00Z,107.405,107.515,107.025,107.4,435710
2022-12-20T05:00:00Z,106.865,107.01,106.53,106.69,529495
2022-12-19T05:00:00Z,108.41,108.41,107.71,107.88,474380
2022-12-16T05:00:00Z,108.51,109.2,108.51,109.055,478526
2022-12-15T05:00:00Z,109.465,109.71,109.18,109.57,437203
2022-12-14T05:00:00Z,109.72,109.91,108.77,109.82,536971
2022-12-13T05:00:00Z,110.65,110.88,109.475,109.63,486963
2022-12-12T05:00:00Z,109.6,109.73,108.65,108.69,379515
2022-12-09T05:00:00Z,109.21,109.39,108.87,108.875,339122
2022-12-08T05:00:00Z,109.705,110.025,109.41,109.7,541551
2022-12-07T05:00:00Z,109.395,110.04,109.285,110.02,530306
2022-12-06T05:00:00Z,108.83,108.965,108.535,108.82,476875
2022-12-05T05:00:00Z,108.67,108.675,108.025,108.475,422755
2022-12-02T05:00:00Z,108.02,109.41,107.795,109.41,500079
2022-12-01T05:00:00Z,107.835,108.8,107.62,108.725,802668
2022-11-30T05:00:00Z,106.33,107.77,105.99,107.73,510186
2022-11-29T05:00:00Z,106.515,106.8,106.255,106.415,1030592
2022-11-28T05:00:00Z,107.84,107.87,106.885,107,671411
2022-11-25T05:00:00Z,107.6,107.775,107.54,107.765,186261
2022-11-23T05:00:00Z,106.97,107.67,106.93,107.665,397131
2022-11-22T05:00:00Z,106.16,106.72,106.07,106.61,383651
2022-11-21T05:00:00Z,106.335,106.345,105.64,105.66,299216
2022-11-18T05:00:00Z,106.11,106.275,105.63,105.805,448267
2022-11-17T05:00:00Z,105.525,105.905,105.23,105.85,642647
2022-11-16T05:00:00Z,105.805,106.52,105.61,106.405,1092659
2022-11-15T05:00:00Z,105.075,105.525,104.82,105.47,715091
2022-11-14T05:00:00Z,104.19,104.445,104.03,104.03,720853
2022-11-11T05:00:00Z,104.13,104.73,103.99,104.56,315143
2022-11-10T05:00:00Z,103.185,104.39,103.135,104.31,944687
2022-11-09T05:00:00Z,100.83,101.39,100.655,100.91,343982
2022-11-08T05:00:00Z,100.96,101.47,100.89,101.155,553082
2022-11-07T05:00:00Z,101.18,101.225,100.565,100.77,416788
2022-11-04T04:00:00Z,101.17,101.53,100.67,101.105,444017
2022-11-03T04:00:00Z,100.3,101.175,100.015,100.93,1583761
2022-11-02T04:00:00Z,101.915,102.91,101.02,101.29,524513
2022-11-01T04:00:00Z,102.14,102.14,101.2,101.74,788829
2022-10-31T04:00:00Z,101.56,101.67,100.985,101.4,874696
2022-10-28T04:00:00Z,101.37,102.035,101.37,101.89,412828
2022-10-27T04:00:00Z,101.67,102.08,101.22,101.63,350007
2022-10-26T04:00:00Z,100.965,101.7,100.91,101.22,737678
2022-10-25T04:00:00Z,100.46,101.18,100.425,100.75,826890
2022-10-24T04:00:00Z,99.38,99.97,98.88,99.41,304745
2022-10-21T04:00:00Z,98.61,99.625,98.465,99.47,463781
2022-10-20T04:00:00Z,99.8,100.36,99.105,99.23,613974
2022-10-19T04:00:00Z,100.49,100.835,99.98,100.075,524826
2022-10-18T04:00:00Z,101.425,101.605,100.545,101.495,628480
2022-10-17T04:00:00Z,101.3,101.665,100.81,100.88,541102
2022-10-14T04:00:00Z,101.92,101.925,100.28,100.35,715940
2022-10-13T04:00:00Z,99.195,101.63,99.195,101.335,712362
2022-10-12T04:00:00Z,101.075,101.455,100.835,101.17,689260
2022-10-11T04:00:00Z,101.75,102.17,101.075,101.335,718697
2022-10-10T04:00:00Z,102.13,102.13,101.09,101.49,182585
2022-10-07T04:00:00Z,102.9,102.9,102.37,102.425,543212
2022-10-06T04:00:00Z,103.675,103.935,103.21,103.46,496393
2022-10-05T04:00:00Z,103.65,103.88,102.96,103.665,527211
2022-10-04T04:00:00Z,104.82,105.08,104.365,104.475,665199
2022-10-03T04:00:00Z,103.575,104.83,103.4,103.985,960598
2022-09-30T04:00:00Z,103.14,103.55,102.445,102.445,790647
2022-09-29T04:00:00Z,102.49,102.765,101.775,102.715,884989
2022-09-28T04:00:00Z,102.485,103.57,102.27,103.47,912998
2022-09-27T04:00:00Z,103.05,103.225,101.405,101.46,912771
2022-09-26T04:00:00Z,104.315,104.585,102.95,102.95,993080
2022-09-23T04:00:00Z,104.95,105.065,104.34,104.815,689074
2022-09-22T04:00:00Z,105.575,105.59,104.825,105.12,991472
2022-09-21T04:00:00Z,106.59,106.89,105.64,106.625,894749
2022-09-20T04:00:00Z,106.34,106.64,106.07,106.195,911456
2022-09-19T04:00:00Z,106.615,107.39,106.57,107.275,444596
2022-09-16T04:00:00Z,106.75,108.16,106.75,107.1,451452
2022-09-15T04:00:00Z,107.62,107.76,107.205,107.34,428457
2022-09-14T04:00:00Z,107.325,108.055,107.3,107.9,680628
2022-09-13T04:00:00Z,107.095,107.5,106.995,107.385,676711
2022-09-12T04:00:00Z,108.79,109,107.92,108.155,447876
2022-09-09T04:00:00Z,108.44,108.935,108.35,108.405,327765
2022-09-08T04:00:00Z,108.325,108.66,108.05,108.12,495978
2022-09-07T04:00:00Z,107.41,108.485,107.41,108.38,714034
2022-09-06T04:00:00Z,107.855,107.915,106.925,106.94,454227
2022-09-02T04:00:00Z,108.82,109.23,108.38,108.385,498817
2022-09-01T04:00:00Z,108.195,108.42,107.36,108.36,1029641
2022-08-31T04:00:00Z,110.225,110.36,109.21,109.285,746762
2022-08-30T04:00:00Z,110.575,110.795,109.855,110.455,565341
2022-08-29T04:00:00Z,110.555,110.555,110.17,110.31,730778
2022-08-26T04:00:00Z,111.415,111.74,111.03,111.13,350492
2022-08-25T04:00:00Z,110.915,112.035,110.755,111.785,1376375
2022-08-24T04:00:00Z,110.785,110.785,110.425,110.675,497345
2022-08-23T04:00:00Z,110.75,111.475,110.625,110.965,1073282
2022-08-22T04:00:00Z,111.28,111.28,110.735,110.87,267249
2022-08-19T04:00:00Z,111.91,111.92,111.35,111.645,323669
2022-08-18T04:00:00Z,113,113.31,112.885,112.915,477761
2022-08-17T04:00:00Z,112.955,113.18,112.435,112.66,756678
2022-08-16T04:00:00Z,113.8,113.855,113.135,113.735,423031
2022-08-15T04:00:00Z,114.435,114.595,114.145,114.17,378026
2022-08-12T04:00:00Z,113.61,114.26,113.31,114.26,630000
2022-08-11T04:00:00Z,114.455,114.975,112.88,112.935,886102
2022-08-10T04:00:00Z,113.555,114.3,113.555,114.01,795212
2022-08-09T04:00:00Z,113.005,113.195,112.835,112.955,425792
2022-08-08T04:00:00Z,113.525,113.925,113.415,113.45,320043
2022-08-05T04:00:00Z,112.94,113.095,112.315,112.98,548501
2022-08-04T04:00:00Z,114.285,114.63,113.915,114.565,707275
2022-08-03T04:00:00Z,113.23,114.415,112.875,114.39,752594
2022-08-02T04:00:00Z,114.535,114.68,113.08,113.16,872907
2022-08-01T04:00:00Z,114.38,114.9,114.315,114.555,405479
2022-07-29T04:00:00Z,114.24,115.07,114.15,114.62,391509
2022-07-28T04:00:00Z,114.225,114.505,113.995,114.335,546222
2022-07-27T04:00:00Z,113.19,114.04,113.19,113.4,496226
2022-07-26T04:00:00Z,113.035,113.11,112.605,112.68,457428
2022-07-25T04:00:00Z,112.86,112.995,112.395,112.665,673986
2022-07-22T04:00:00Z,113.745,114.22,113.145,113.64,508102
2022-07-21T04:00:00Z,111.53,112.77,111.53,112.77,755833
2022-07-20T04:00:00Z,111.88,111.88,111.155,111.25,257037
2022-07-19T04:00:00Z,111.15,111.465,110.83,111.36,367483
2022-07-18T04:00:00Z,111.61,111.63,110.975,111.045,431123
2022-07-15T04:00:00Z,111.15,112.04,111.15,111.805,693641
2022-07-14T04:00:00Z,110.44,111.2,110.1,110.94,752843
2022-07-13T04:00:00Z,109.74,111.77,109.74,111.685,807275
2022-07-12T04:00:00Z,111.11,111.575,110.79,110.79,615849
2022-07-11T04:00:00Z,110.785,111.155,110.525,110.675,296456
2022-07-08T04:00:00Z,110.16,110.385,109.945,110.325,430369
2022-07-07T04:00:00Z,110.93,111.11,110.325,110.54,404862
2022-07-06T04:00:00Z,111.43,111.575,110.455,110.555,693819
2022-07-05T04:00:00Z,111.18,111.29,110.87,111.11,642965
2022-07-01T04:00:00Z,110.6,111.425,110.47,111.115,539079
2022-06-30T04:00:00Z,109.78,110.47,109.78,110.04,784295
2022-06-29T04:00:00Z,109.125,109.71,109.03,109.675,386568
2022-06-28T04:00:00Z,108.89,109.105,108.525,109.06,677893
2022-06-27T04:00:00Z,109.4,109.7,109.025,109.075,658905
2022-06-24T04:00:00Z,109.96,110.65,109.92,110.09,502948
2022-06-23T04:00:00Z,109.685,110.81,109.62,110.01,1242796
2022-06-22T04:00:00Z,109.435,109.665,109.065,109.11,694990
2022-06-21T04:00:00Z,108.97,109.39,108.21,108.35,533034
2022-06-17T04:00:00Z,109.56,109.71,108.88,109.41,780112
2022-06-16T04:00:00Z,107.53,109.29,107.295,109.225,1696462
2022-06-15T04:00:00Z,108.655,109.17,107.755,109.09,1651150
2022-06-14T04:00:00Z,108.395,108.805,107.165,107.415,651262
2022-06-13T04:00:00Z,108.38,108.83,107.12,107.98,1846292
2022-06-10T04:00:00Z,110.9,111.13,109.88,110.53,1079014
2022-06-09T04:00:00Z,112.11,112.315,111.55,111.605,772786
2022-06-08T04:00:00Z,112.73,113.075,112.33,112.33,495466
2022-06-07T04:00:00Z,112.61,113.285,112.61,112.96,333602
2022-06-06T04:00:00Z,113.07,113.18,112.31,112.4,440808
2022-06-03T04:00:00Z,112.84,113.2,112.79,113.2,311566
2022-06-02T04:00:00Z,113.655,113.785,112.895,113.535,473619
2022-06-01T04:00:00Z,114.54,114.885,113.105,113.5,809867
2022-05-31T04:00:00Z,114.25,114.655,113.745,114.445,637817
2022-05-27T04:00:00Z,115.155,115.66,114.875,115.28,296912
2022-05-26T04:00:00Z,114.79,115.255,114.435,114.68,703885
2022-05-25T04:00:00Z,113.98,114.675,113.935,114.65,742107
2022-05-24T04:00:00Z,112.525,113.605,112.525,113.5,416114
2022-05-23T04:00:00Z,112.115,112.505,111.78,112.03,430722
2022-05-20T04:00:00Z,112.175,112.445,112,112.41,355932
2022-05-19T04:00:00Z,112.375,112.595,111.72,111.88,704171
2022-05-18T04:00:00Z,110.92,111.605,110.91,111.525,426842
2022-05-17T04:00:00Z,111.09,111.37,110.97,111.13,440270
2022-05-16T04:00:00Z,111.805,112.31,111.745,111.795,445854
2022-05-13T04:00:00Z,112.025,112.14,111.42,111.62,479175
2022-05-12T04:00:00Z,112.595,112.88,112.16,112.23,543288
2022-05-11T04:00:00Z,111.2,112.455,111.05,112.2,555723
2022-05-10T04:00:00Z,112.115,112.325,111.58,111.66,674202
2022-05-09T04:00:00Z,110.475,111.31,110.185,111.2,513014
2022-05-06T04:00:00Z,110.84,111.52,110.66,110.83,430426
2022-05-05T04:00:00Z,112.46,112.46,110.91,111.745,884714
2022-05-04T04:00:00Z,112.335,113.825,111.785,113.495,868378
2022-05-03T04:00:00Z,112.82,113.005,112.29,112.4,521996
2022-05-02T04:00:00Z,111.71,111.91,111.315,111.69,382546
2022-04-29T04:00:00Z,112.875,113.505,112.385,112.64,584712
2022-04-28T04:00:00Z,113.32,113.87,113.03,113.84,622203
2022-04-27T04:00:00Z,114.51,114.79,113.48,113.51,467688
2022-04-26T04:00:00Z,115.15,115.195,114.5,114.62,456581
2022-04-25T04:00:00Z,114.095,114.85,114.095,114.675,497614
2022-04-22T04:00:00Z,113.01,113.685,112.895,113.415,627147
2022-04-21T04:00:00Z,114.525,114.555,113.225,113.54,725608
2022-04-20T04:00:00Z,114.34,115.09,114.31,114.78,543827
2022-04-19T04:00:00Z,113.995,114.165,113.525,113.59,728536
2022-04-18T04:00:00Z,115.14,115.33,114.395,114.52,797625
2022-04-14T04:00:00Z,116.655,116.68,115.275,115.35,430949
2022-04-13T04:00:00Z,116.325,116.805,116.27,116.75,569651
2022-04-12T04:00:00Z,116.81,117.14,116.135,116.14,570485
2022-04-11T04:00:00Z,116.495,116.575,115.805,116.075,712339
2022-04-08T04:00:00Z,117.23,117.54,116.865,117.175,625052
2022-04-07T04:00:00Z,118.47,118.62,117.92,118.17,618960
2022-04-06T04:00:00Z,118.09,119.22,117.81,118.7,721727
2022-04-05T04:00:00Z,121.12,121.185,119.365,119.4,855866
2022-04-04T04:00:00Z,121.25,121.55,120.79,121.515,610093
2022-04-01T04:00:00Z,120.035,121.395,119.965,121.11,786207
2022-03-31T04:00:00Z,121.2,121.56,120.72,120.97,587495
2022-03-30T04:00:00Z,120.5,121.33,120.48,121.2,372595
2022-03-29T04:00:00Z,120.63,121.01,120.3,120.92,626052
2022-03-28T04:00:00Z,119.525,120.11,119.33,119.93,376945
2022-03-25T04:00:00Z,119.78,119.78,118.845,119.295,633002
2022-03-24T04:00:00Z,119.38,120.395,119.055,120.24,698803
2022-03-23T04:00:00Z,120,120.315,119.68,120.19,461130
2022-03-22T04:00:00Z,119.775,119.985,119.595,119.85,528666
2022-03-21T04:00:00Z,120.975,121.14,119.965,120.16,535775
2022-03-18T04:00:00Z,121.3,121.985,121.22,121.835,608849
2022-03-17T04:00:00Z,121.02,121.875,120.85,121.55,989762
2022-03-16T04:00:00Z,119.89,120.39,118.7,120.39,856970
2022-03-15T04:00:00Z,119.125,119.47,118.85,119.375,771750
2022-03-14T04:00:00Z,119.09,119.15,118.405,118.415,563739
2022-03-11T05:00:00Z,120.25,120.415,120.07,120.195,926693
2022-03-10T05:00:00Z,120.8,120.8,119.8,120.23,877040
2022-03-09T05:00:00Z,121.505,121.995,121.425,121.59,678931
2022-03-08T05:00:00Z,121.3,121.82,120.83,121.41,668902
2022-03-07T05:00:00Z,122.915,123.275,122.015,122.16,358101
2022-03-04T05:00:00Z,124.34,124.445,123.58,123.71,711207
2022-03-03T05:00:00Z,123.57,123.845,123.25,123.535,334179
2022-03-02T05:00:00Z,124.14,124.29,123.065,123.07,887006
2022-03-01T05:00:00Z,124.85,125.83,124.83,124.98,700147
2022-02-28T05:00:00Z,123.95,124.96,123.95,124.785,669116
2022-02-25T05:00:00Z,123.28,124.02,123.02,123.48,792943
2022-02-24T05:00:00Z,122.245,123.07,122.245,122.99,792888
2022-02-23T05:00:00Z,123.25,123.29,122.375,122.39,345230
2022-02-22T05:00:00Z,123.215,123.495,123.135,123.495,496732
2022-02-18T05:00:00Z,123.75,124.14,123.265,123.66,404416
2022-02-17T05:00:00Z,123.42,123.755,123.095,123.37,548281
2022-02-16T05:00:00Z,123.46,123.46,122.64,123.29,549613
2022-02-15T05:00:00Z,123.565,123.845,123.12,123.13,446726
2022-02-14T05:00:00Z,124.205,124.28,123.66,123.72,616407
2022-02-11T05:00:00Z,124.29,124.955,123.705,124.84,524556
2022-02-10T05:00:00Z,124.96,125.18,123.9,123.96,788019
2022-02-09T05:00:00Z,125.755,126.07,125.6,125.63,574929
2022-02-08T05:00:00Z,125.565,125.665,125.22,125.22,683292
2022-02-07T05:00:00Z,125.37,125.8,125.205,125.695,341572
2022-02-04T05:00:00Z,125.675,125.755,125.11,125.46,703116
2022-02-03T05:00:00Z,126.8,126.925,126.47,126.68,632340
2022-02-02T05:00:00Z,127.975,128.3,127.645,127.74,503414
2022-02-01T05:00:00Z,127.56,127.81,127.06,127.73,363646
2022-01-31T05:00:00Z,127.41,127.87,127.275,127.74,407442
2022-01-28T05:00:00Z,126.89,127.75,126.86,127.72,802529
2022-01-27T05:00:00Z,127.86,128.05,127.32,127.56,511743
2022-01-26T05:00:00Z,128.54,128.595,127.15,127.275,695705
2022-01-25T05:00:00Z,128.54,128.77,128.095,128.145,190427
2022-01-24T05:00:00Z,128.955,128.995,128.41,128.475,326234
2022-01-21T05:00:00Z,128.655,129.105,128.62,128.925,460538
2022-01-20T05:00:00Z,128.385,128.495,127.93,128.05,278175
2022-01-19T05:00:00Z,128.285,128.675,128.11,128.12,387044
2022-01-18T05:00:00Z,128.42,128.46,127.875,127.91,267675
2022-01-14T05:00:00Z,129.605,129.68,129.105,129.18,246699
2022-01-13T05:00:00Z,130.03,130.27,129.72,130.26,356980
2022-01-12T05:00:00Z,130.225,130.36,129.89,129.89,267696
2022-01-11T05:00:00Z,129.64,130.07,129.5,130.03,315386
2022-01-10T05:00:00Z,129.415,129.67,129.04,129.615,339423
2022-01-07T05:00:00Z,130.055,130.14,129.5,129.715,459121
2022-01-06T05:00:00Z,130.2,130.47,130.01,130.305,671356
2022-01-05T05:00:00Z,131.44,131.47,130.425,130.44,312678
2022-01-04T05:00:00Z,130.975,131.24,130.695,131.21,394096
2022-01-03T05:00:00Z,131.565,131.665,131.195,131.195,532788
2021-12-31T05:00:00Z,132.715,132.985,132.485,132.51,174035
2021-12-30T05:00:00Z,132.305,132.75,132.125,132.73,151761
2021-12-29T05:00:00Z,132.315,132.495,132.02,132.205,135197
2021-12-28T05:00:00Z,133.39,133.39,132.775,132.91,223054
2021-12-27T05:00:00Z,132.71,133.195,132.71,133.055,184256
2021-12-23T05:00:00Z,132.615,132.76,132.425,132.71,116692
2021-12-22T05:00:00Z,132.855,132.9,132.575,132.89,172927
2021-12-21T05:00:00Z,131.935,132.69,131.88,132.67,173712
2021-12-20T05:00:00Z,132.88,132.88,132.35,132.46,329103
2021-12-17T05:00:00Z,132.865,133.13,132.865,132.985,152427
2021-12-16T05:00:00Z,132.73,133.1,132.53,132.71,449073
2021-12-15T05:00:00Z,132.49,133.02,132.345,132.96,386365
2021-12-14T05:00:00Z,132.81,133.155,132.615,132.825,453644
2021-12-13T05:00:00Z,133.35,133.695,133.29,133.39,357987
2021-12-10T05:00:00Z,133.04,133.32,132.73,132.8,466032
2021-12-09T05:00:00Z,133.055,133.15,132.62,132.66,240946
2021-12-08T05:00:00Z,133.29,133.315,132.545,132.73,424890
2021-12-07T05:00:00Z,133.65,134.07,133.48,133.625,587803
2021-12-06T05:00:00Z,134.22,134.225,133.525,133.555,583521
2021-12-03T05:00:00Z,133.225,134.55,133.1,134.26,585645
2021-12-02T05:00:00Z,132.925,133.225,132.62,133.12,647481
2021-12-01T05:00:00Z,132.655,132.95,132.355,132.83,412671
2021-11-30T05:00:00Z,133.33,133.73,132.785,133.055,482099
2021-11-29T05:00:00Z,132.09,132.86,132.06,132.79,433495
2021-11-26T05:00:00Z,132.03,132.69,131.95,132.69,265066
2021-11-24T05:00:00Z,130.955,131.625,130.82,131.605,320130
2021-11-23T05:00:00Z,131.61,131.69,131.01,131.01,281408
2021-11-22T05:00:00Z,132.61,132.75,131.865,131.97,348659
2021-11-19T05:00:00Z,132.93,133.21,132.93,133.07,530530
2021-11-18T05:00:00Z,132.205,132.675,132.2,132.59,254117
2021-11-17T05:00:00Z,131.58,132.3,131.495,132.285,298407
2021-11-16T05:00:00Z,131.91,132.335,131.69,131.76,362144
2021-11-15T05:00:00Z,132.835,132.87,131.96,131.975,231288
2021-11-12T05:00:00Z,133.33,133.39,132.795,132.99,285774
2021-11-11T05:00:00Z,133.645,133.655,133.055,133.135,148813
2021-11-10T05:00:00Z,134.475,134.505,133.285,133.54,402081
2021-11-09T05:00:00Z,135.245,135.305,134.865,134.88,397501
2021-11-08T05:00:00Z,134.695,134.695,134.355,134.52,192697
2021-11-05T04:00:00Z,134.25,134.995,134.25,134.83,329840
2021-11-04T04:00:00Z,133.435,134.03,133.43,133.83,285667
2021-11-03T04:00:00Z,133.665,133.73,132.91,133.22,222956
2021-11-02T04:00:00Z,133.055,133.555,133.055,133.5,351143
2021-11-01T04:00:00Z,132.63,133.06,132.63,133.01,280270
2021-10-29T04:00:00Z,133.06,133.7,132.95,133.47,448861
2021-10-28T04:00:00Z,133.74,133.865,133.295,133.545,589527
2021-10-27T04:00:00Z,133.53,134.06,133.245,133.72,585193
2021-10-26T04:00:00Z,132.72,132.96,132.415,132.94,245502
2021-10-25T04:00:00Z,132.365,132.625,132.355,132.37,296005
2021-10-22T04:00:00Z,132.135,132.43,131.99,132.29,449746
2021-10-21T04:00:00Z,132,132.005,131.66,131.81,515484
2021-10-20T04:00:00Z,132.305,132.505,132.035,132.07,403478
2021-10-19T04:00:00Z,132.815,132.825,132.385,132.385,340037
2021-10-18T04:00:00Z,132.95,133.29,132.725,133.1,324231
2021-10-15T04:00:00Z,133.25,133.28,133.01,133.235,626446
2021-10-14T04:00:00Z,133.275,133.7,133.225,133.7,379395
2021-10-13T04:00:00Z,132.745,133.11,132.705,133.09,337621
2021-10-12T04:00:00Z,131.985,132.45,131.845,132.405,404803
2021-10-11T04:00:00Z,131.705,131.83,131.545,131.575,100815
2021-10-08T04:00:00Z,132.31,132.31,131.725,131.8,243407
2021-10-07T04:00:00Z,132.715,132.8,132.4,132.415,336190
2021-10-06T04:00:00Z,133.045,133.125,132.79,133.025,387583
2021-10-05T04:00:00Z,133.47,133.485,132.97,132.97,299743
2021-10-04T04:00:00Z,133.455,133.66,133.255,133.56,313284
2021-10-01T04:00:00Z,133.275,133.93,133.275,133.765,471642
2021-09-30T04:00:00Z,133.33,133.375,132.975,133.055,546232
2021-09-29T04:00:00Z,133.8,134.045,133.25,133.39,426359
2021-09-28T04:00:00Z,134.045,134.045,133.4,133.41,482820
2021-09-27T04:00:00Z,134.605,134.95,134.56,134.87,225459
2021-09-24T04:00:00Z,135.06,135.14,134.775,134.915,295384
2021-09-23T04:00:00Z,135.645,135.69,135.025,135.2,342383
2021-09-22T04:00:00Z,135.83,136.195,135.68,136.175,258898
2021-09-21T04:00:00Z,135.855,135.89,135.68,135.77,224368
2021-09-20T04:00:00Z,135.47,135.825,135.465,135.795,300854
2021-09-17T04:00:00Z,135.265,135.385,135.105,135.365,523040
2021-09-16T04:00:00Z,135.385,135.735,135.375,135.645,444507
2021-09-15T04:00:00Z,135.885,136,135.645,135.88,294223
2021-09-14T04:00:00Z,135.765,136.26,135.675,136.005,442335
2021-09-13T04:00:00Z,135.575,135.77,135.56,135.6,270816
2021-09-10T04:00:00Z,135.525,135.575,135.095,135.285,298313
2021-09-09T04:00:00Z,134.995,135.71,134.84,135.65,438803
2021-09-08T04:00:00Z,134.6,134.87,134.405,134.755,308812
2021-09-07T04:00:00Z,134.45,134.48,134.12,134.33,276028
2021-09-03T04:00:00Z,134.92,135.085,134.9,134.95,171456
2021-09-02T04:00:00Z,135.325,135.475,135.205,135.44,273705
2021-09-01T04:00:00Z,135.3,135.345,134.885,135.215,327323
2021-08-31T04:00:00Z,135.545,135.78,135.21,135.315,322848
2021-08-30T04:00:00Z,135.295,135.655,135.265,135.62,193303
2021-08-27T04:00:00Z,134.725,135.42,134.585,135.395,182114
2021-08-26T04:00:00Z,134.495,134.735,134.47,134.645,232090
2021-08-25T04:00:00Z,134.93,135.01,134.51,134.67,321297
2021-08-24T04:00:00Z,135.065,135.28,134.915,135.06,340484
2021-08-23T04:00:00Z,135.27,135.46,135.21,135.345,312487
2021-08-20T04:00:00Z,135.245,135.38,135.155,135.24,324077
2021-08-19T04:00:00Z,135.015,135.245,134.845,135.14,412559
2021-08-18T04:00:00Z,134.945,135.05,134.615,134.83,161671
2021-08-17T04:00:00Z,134.97,135.11,134.83,134.93,396489
2021-08-16T04:00:00Z,135.415,135.66,135.135,135.155,712920
2021-08-13T04:00:00Z,134.47,135.115,134.47,135.105,545162
2021-08-12T04:00:00Z,133.895,134.2,133.87,134.2,284861
2021-08-11T04:00:00Z,133.84,134.32,133.57,134.02,585329
2021-08-10T04:00:00Z,134.24,134.24,133.775,133.805,294566
2021-08-09T04:00:00Z,134.72,134.8,134.08,134.085,434709
2021-08-06T04:00:00Z,134.95,135.16,134.64,134.65,261898
2021-08-05T04:00:00Z,136.1,136.115,135.74,135.76,304547
2021-08-04T04:00:00Z,136.61,136.77,135.73,136.29,338118
2021-08-03T04:00:00Z,136.205,136.395,136.145,136.285,309612
2021-08-02T04:00:00Z,135.955,136.505,135.86,136.135,341754
2021-07-30T04:00:00Z,135.975,136.175,135.94,136.01,286292
2021-07-29T04:00:00Z,135.825,136.005,135.77,135.885,446143
2021-07-28T04:00:00Z,135.775,136.29,135.7,136.29,276348
2021-07-27T04:00:00Z,135.935,136.04,135.68,136.04,198782
2021-07-26T04:00:00Z,135.775,135.82,135.39,135.46,153501
2021-07-23T04:00:00Z,135.315,135.775,135.26,135.75,198735
2021-07-22T04:00:00Z,135.37,135.88,135.325,135.785,143150
2021-07-21T04:00:00Z,135.24,135.435,135.04,135.265,566812
2021-07-20T04:00:00Z,136.425,136.52,135.575,135.76,551992
2021-07-19T04:00:00Z,135.745,136.05,135.6,135.945,488434
2021-07-16T04:00:00Z,134.91,135.12,134.88,134.965,199557
2021-07-15T04:00:00Z,135.25,135.275,134.775,135.14,542235
2021-07-14T04:00:00Z,134.67,134.9,134.64,134.9,305940
2021-07-13T04:00:00Z,134.915,134.955,134.025,134.225,581753
2021-07-12T04:00:00Z,134.94,135.005,134.655,134.7,363631
2021-07-09T04:00:00Z,134.83,134.875,134.725,134.81,578807
2021-07-08T04:00:00Z,135.325,135.595,135.19,135.395,398648
2021-07-07T04:00:00Z,135.025,135.485,135.025,135.31,385754
2021-07-06T04:00:00Z,134.64,135.18,134.64,134.87,331473
2021-07-02T04:00:00Z,134.01,134.375,133.955,134.375,152204
2021-07-01T04:00:00Z,134.075,134.155,133.745,134.01,348776
2021-06-30T04:00:00Z,134.4,134.615,134.275,134.32,364084
2021-06-29T04:00:00Z,133.85,134.22,133.85,134.2,258756
2021-06-28T04:00:00Z,133.83,134.11,133.79,134.015,364795
2021-06-25T04:00:00Z,133.775,133.805,133.145,133.465,317217
2021-06-24T04:00:00Z,133.72,133.875,133.64,133.81,334465
2021-06-23T04:00:00Z,133.52,133.795,133.45,133.555,457811
2021-06-22T04:00:00Z,133.18,133.77,133.175,133.76,263230
2021-06-21T04:00:00Z,133.86,133.905,133.475,133.545,778891
2021-06-18T04:00:00Z,133.975,134.485,133.785,134.345,546578
2021-06-17T04:00:00Z,133.265,134.245,133.255,133.64,514516
2021-06-16T04:00:00Z,133.39,133.71,132.54,132.9,759390
2021-06-15T04:00:00Z,133,133.31,132.965,133.275,477262
2021-06-14T04:00:00Z,133.44,133.44,133.005,133.145,327370
2021-06-11T04:00:00Z,133.69,133.74,133.435,133.65,214163
2021-06-10T04:00:00Z,132.74,133.565,132.655,133.565,700300
2021-06-09T04:00:00Z,133.015,133.155,132.78,132.965,466309
2021-06-08T04:00:00Z,132.395,132.515,132.355,132.485,227617
2021-06-07T04:00:00Z,131.95,132.05,131.885,131.99,122769
2021-06-04T04:00:00Z,131.585,132.1,131.585,132.08,228141
2021-06-03T04:00:00Z,131.285,131.375,131.13,131.17,181800
2021-06-02T04:00:00Z,131.64,131.76,131.56,131.685,137591
2021-06-01T04:00:00Z,131.42,131.48,131.125,131.46,194390
2021-05-28T04:00:00Z,131.66,132.055,131.66,131.685,220796
2021-05-27T04:00:00Z,131.805,131.815,131.23,131.59,332136
2021-05-26T04:00:00Z,131.86,132.125,131.745,131.99,413246
2021-05-25T04:00:00Z,131.7,132.11,131.7,132.06,228471
2021-05-24T04:00:00Z,131.385,131.645,131.38,131.555,171246
2021-05-21T04:00:00Z,131.37,131.41,131.085,131.215,208075
2021-05-20T04:00:00Z,130.72,131.17,130.72,131.14,280130
2021-05-19T04:00:00Z,130.38,130.67,129.985,130.255,351449
2021-05-18T04:00:00Z,130.66,130.72,130.45,130.475,272507
2021-05-17T04:00:00Z,131.02,131.05,130.83,130.905,239377
2021-05-14T04:00:00Z,130.735,131.05,130.675,131.05,189223
2021-05-13T04:00:00Z,130.265,130.535,130.21,130.38,268855
2021-05-12T04:00:00Z,130.13,130.3,129.785,129.87,287917
2021-05-11T04:00:00Z,130.51,130.77,130.44,130.56,431501
2021-05-10T04:00:00Z,131.51,131.75,131.035,131.05,316191
2021-05-07T04:00:00Z,131.985,132.33,131.53,131.74,246692
2021-05-06T04:00:00Z,131.42,131.755,131.415,131.7,288855
2021-05-05T04:00:00Z,131.17,131.49,131.115,131.46,236875
2021-05-04T04:00:00Z,131.525,131.605,131.095,131.3,292517
2021-05-03T04:00:00Z,131.065,131.42,130.87,131.2,254969
2021-04-30T04:00:00Z,131.015,131.235,130.87,131.16,343652
2021-04-29T04:00:00Z,130.575,130.92,130.365,130.89,600407
2021-04-28T04:00:00Z,131.005,131.11,130.675,131.055,471772
2021-04-27T04:00:00Z,131.595,131.64,131.02,131.02,340931
2021-04-26T04:00:00Z,131.71,131.875,131.61,131.625,337195
2021-04-23T04:00:00Z,131.6,131.885,131.505,131.665,411255
2021-04-22T04:00:00Z,131.54,131.665,131.27,131.55,342688
2021-04-21T04:00:00Z,131.12,131.42,130.91,131.415,262385
2021-04-20T04:00:00Z,130.695,131.18,130.695,130.975,236989
2021-04-19T04:00:00Z,130.7,130.88,130.635,130.725,277439
2021-04-16T04:00:00Z,131.255,131.5,131.05,131.06,466955
2021-04-15T04:00:00Z,131.9,132.32,131.69,131.965,546272
2021-04-14T04:00:00Z,131.11,131.285,130.94,131.15,224122
2021-04-13T04:00:00Z,130.62,131.34,130.6,131.335,100592
2021-04-12T04:00:00Z,130.66,130.77,130.525,130.77,253425
2021-04-09T04:00:00Z,130.71,131.08,130.54,130.835,338067
2021-04-08T04:00:00Z,130.74,131.07,130.74,131.05,155781
2021-04-07T04:00:00Z,130.76,130.91,130.41,130.555,245372
2021-04-06T04:00:00Z,130.23,130.86,130.225,130.825,463887
2021-04-05T04:00:00Z,130.185,130.26,129.935,129.97,420828
2021-04-01T04:00:00Z,130.46,130.65,130.17,130.61,401457
2021-03-31T04:00:00Z,129.995,130.365,129.87,130.05,853882
2021-03-30T04:00:00Z,129.235,129.77,128.98,129.715,367207
2021-03-29T04:00:00Z,129.7,129.71,129.12,129.335,376806
2021-03-26T04:00:00Z,129.475,129.815,129.335,129.615,517765
2021-03-25T04:00:00Z,129.96,130.01,129.47,129.725,258695
2021-03-24T04:00:00Z,129.23,129.915,129.21,129.875,551664
2021-03-23T04:00:00Z,129.145,129.585,129.1,129.49,683913
2021-03-22T04:00:00Z,129.05,129.455,128.935,129.125,372911
2021-03-19T04:00:00Z,128.49,128.705,128.25,128.65,511306
2021-03-18T04:00:00Z,128.165,128.605,127.92,128.41,661087
2021-03-17T04:00:00Z,128.6,129.43,128.305,129.17,461504
2021-03-16T04:00:00Z,129.32,129.39,128.87,129.065,291939
2021-03-15T04:00:00Z,128.905,129.27,128.905,129.17,267894
2021-03-12T05:00:00Z,129.08,129.19,128.67,128.715,443829
2021-03-11T05:00:00Z,130.32,130.545,130.065,130.21,432836
2021-03-10T05:00:00Z,129.75,130.28,129.73,130.14,572295
2021-03-09T05:00:00Z,129.23,129.61,129.23,129.5,533852
2021-03-08T05:00:00Z,129.57,129.57,128.545,128.545,271385
2021-03-05T05:00:00Z,129.55,129.91,129.275,129.76,713771
2021-03-04T05:00:00Z,131.02,131.15,129.815,129.91,421759
2021-03-03T05:00:00Z,131.215,131.51,130.94,131,844875
2021-03-02T05:00:00Z,132,132.095,131.775,131.955,637074
2021-03-01T05:00:00Z,131.675,132.16,131.665,132.125,699560
2021-02-26T05:00:00Z,131.57,132.32,131.005,132.195,630503
2021-02-25T05:00:00Z,131.745,131.9,129.88,130.525,774138
2021-02-24T05:00:00Z,131.54,132.665,131.38,132.645,384558
2021-02-23T05:00:00Z,131.985,132.465,131.77,132.465,819322
2021-02-22T05:00:00Z,132.85,133.21,132.255,132.315,531068
2021-02-19T05:00:00Z,133.765,133.895,133.16,133.23,396978
2021-02-18T05:00:00Z,134.1,134.355,133.85,134.14,342404
2021-02-17T05:00:00Z,134.3,134.42,134.035,134.42,513513
2021-02-16T05:00:00Z,133.995,134.015,133.715,133.75,819072
2021-02-12T05:00:00Z,134.64,134.935,134.575,134.64,441738
2021-02-11T05:00:00Z,135.535,135.56,135.05,135.135,399757
2021-02-10T05:00:00Z,135.41,135.545,135.3,135.49,259401
2021-02-09T05:00:00Z,135.46,135.49,135.06,135.14,344447
2021-02-08T05:00:00Z,134.99,135.405,134.945,135.345,350305
2021-02-05T05:00:00Z,135.16,135.365,134.73,134.835,428931
2021-02-04T05:00:00Z,134.765,135.21,134.66,135.19,321391
2021-02-03T05:00:00Z,135.005,135.075,134.875,134.935,486611
2021-02-02T05:00:00Z,135.07,135.355,135.05,135.285,366002
2021-02-01T05:00:00Z,135.36,135.69,135.315,135.585,284896
2021-01-29T05:00:00Z,135.4,135.89,135.37,135.59,409897
2021-01-28T05:00:00Z,135.93,136.16,135.765,135.8,519294
2021-01-27T05:00:00Z,136.42,136.43,135.99,136.02,334231
2021-01-26T05:00:00Z,136.02,136.445,135.995,136.295,279751
2021-01-25T05:00:00Z,136,136.355,135.96,136.27,284584
2021-01-22T05:00:00Z,135.71,135.905,135.605,135.685,443395
2021-01-21T05:00:00Z,135.75,135.92,135.625,135.81,464623
2021-01-20T05:00:00Z,136.345,136.505,136.28,136.31,193003
2021-01-19T05:00:00Z,136.055,136.475,136.055,136.37,236458
2021-01-15T05:00:00Z,136.305,136.36,136.04,136.14,397634
2021-01-14T05:00:00Z,136.585,136.59,135.84,135.96,253576
2021-01-13T05:00:00Z,135.835,136.63,135.81,136.525,353145
2021-01-12T05:00:00Z,135.095,135.535,134.745,135.445,276878
2021-01-11T05:00:00Z,135.41,135.47,135.175,135.175,158508
2021-01-08T05:00:00Z,135.82,135.82,135.46,135.765,193938
2021-01-07T05:00:00Z,135.57,135.945,135.57,135.87,185814
2021-01-06T05:00:00Z,135.805,135.965,135.43,135.935,408181
2021-01-05T05:00:00Z,137.02,137.045,136.565,136.985,418471
2021-01-04T05:00:00Z,137.8,137.845,137.38,137.45,302469
2020-12-31T05:00:00Z,138.08,138.205,137.98,138.125,139304
2020-12-30T05:00:00Z,137.86,138.105,137.8,138.095,108342
2020-12-29T05:00:00Z,137.63,137.915,137.625,137.915,133035
2020-12-28T05:00:00Z,137.55,137.895,137.525,137.84,149457
2020-12-24T05:00:00Z,137.51,137.785,137.51,137.765,54446
2020-12-23T05:00:00Z,136.9,137.315,136.655,137.3,145237
2020-12-22T05:00:00Z,137.19,137.285,136.995,137.26,131436
2020-12-21T05:00:00Z,137.055,137.135,136.665,136.885,153225
2020-12-18T05:00:00Z,137.475,137.5,137.015,137.17,333428
2020-12-17T05:00:00Z,137.54,137.565,136.975,137.215,249548
2020-12-16T05:00:00Z,137.16,137.6,136.88,137.335,254144
2020-12-15T05:00:00Z,137.145,137.47,137.105,137.45,355971
2020-12-14T05:00:00Z,137.06,137.295,136.89,137.2,108944
2020-12-11T05:00:00Z,137.13,137.305,136.945,137.29,140207
2020-12-10T05:00:00Z,136.6,137.135,136.565,137.12,422107
2020-12-09T05:00:00Z,136.535,136.585,136.125,136.46,634915
2020-12-08T05:00:00Z,137.425,137.435,136.91,136.955,234843
2020-12-07T05:00:00Z,137.29,137.485,137.07,137.105,345617
2020-12-04T05:00:00Z,137.23,137.26,136.845,137.05,176330
2020-12-03T05:00:00Z,137.73,138.025,137.485,137.76,500768
2020-12-02T05:00:00Z,137.42,137.43,137.03,137.215,230021
2020-12-01T05:00:00Z,138.03,138.265,137.485,137.685,435079
2020-11-30T05:00:00Z,138.08,138.52,137.95,138.465,256497
2020-11-27T05:00:00Z,137.83,137.995,137.785,137.995,77005
2020-11-25T05:00:00Z,137.58,137.62,137.405,137.52,110942
2020-11-24T05:00:00Z,137.71,137.765,137.41,137.43,220238
2020-11-23T05:00:00Z,137.64,137.795,137.565,137.77,162449
2020-11-20T05:00:00Z,137.45,137.745,137.18,137.58,403849
2020-11-19T05:00:00Z,137.24,137.84,137.135,137.7,410221
2020-11-18T05:00:00Z,136.8,137.07,136.79,136.905,273095
2020-11-17T05:00:00Z,136.365,136.75,136.365,136.665,470173
2020-11-16T05:00:00Z,135.83,136.24,135.755,136.195,344155
2020-11-13T05:00:00Z,135.8,135.93,135.63,135.75,364158
2020-11-12T05:00:00Z,135.275,135.59,135.08,135.59,346750
2020-11-11T05:00:00Z,134.79,135.085,134.725,135.055,136481
2020-11-10T05:00:00Z,134.975,135.36,134.77,134.83,325106
2020-11-09T05:00:00Z,136.215,136.215,135.145,135.175,292097
2020-11-06T05:00:00Z,136.12,136.315,135.945,136.21,206721
2020-11-05T05:00:00Z,136.62,136.805,136.355,136.61,297255
2020-11-04T05:00:00Z,135.645,136.225,135.645,136.095,759146
2020-11-03T05:00:00Z,133.86,134.115,133.81,134.11,233323
2020-11-02T05:00:00Z,133.97,134.205,133.875,133.97,587864
2020-10-30T04:00:00Z,134.335,134.53,133.725,133.745,422473
2020-10-29T04:00:00Z,134.71,134.785,134.13,134.405,337915
2020-10-28T04:00:00Z,135.39,135.45,134.745,134.81,425080
2020-10-27T04:00:00Z,135.11,135.46,135.045,135.445,281353
2020-10-26T04:00:00Z,134.81,135,134.74,134.92,273813
2020-10-23T04:00:00Z,134.36,134.705,134.34,134.63,673420
2020-10-22T04:00:00Z,134.47,134.52,134.165,134.255,424407
2020-10-21T04:00:00Z,134.62,134.87,134.565,134.585,443104
2020-10-20T04:00:00Z,135,135.005,134.775,134.795,275484
2020-10-19T04:00:00Z,135.235,135.315,135.01,135.085,307008
2020-10-16T04:00:00Z,135.62,135.865,135.33,135.33,205113
2020-10-15T04:00:00Z,135.65,135.745,135.49,135.55,381491
2020-10-14T04:00:00Z,135.76,135.775,135.5,135.735,397885
2020-10-13T04:00:00Z,135.7,135.785,135.41,135.575,168645
2020-10-12T04:00:00Z,135.21,135.745,135.205,135.705,210240
2020-10-09T04:00:00Z,134.495,134.975,134.475,134.935,268566
2020-10-08T04:00:00Z,134.645,134.85,134.52,134.625,282632
2020-10-07T04:00:00Z,134.21,134.735,134.11,134.265,611937
2020-10-06T04:00:00Z,134.4,134.92,133.95,134.225,493637
2020-10-05T04:00:00Z,134.57,134.755,134.32,134.355,475232
2020-10-02T04:00:00Z,134.63,134.885,134.41,134.79,381059
2020-10-01T04:00:00Z,134.245,134.925,134.22,134.8,273067
2020-09-30T04:00:00Z,134.725,134.775,134.43,134.715,577796
2020-09-29T04:00:00Z,135.05,135.175,134.715,134.72,303255
2020-09-28T04:00:00Z,134.43,134.92,134.42,134.92,249577
2020-09-25T04:00:00Z,134.315,134.445,134.06,134.245,360361
2020-09-24T04:00:00Z,134.575,134.8,134.235,134.4,698236
2020-09-23T04:00:00Z,135.62,135.64,134.625,134.69,453372
2020-09-22T04:00:00Z,135.695,135.79,135.54,135.675,155853
2020-09-21T04:00:00Z,135.945,135.945,135.475,135.605,356175
2020-09-18T04:00:00Z,136.095,136.095,135.695,135.73,293499
2020-09-17T04:00:00Z,136.19,136.225,135.8,136.025,139835
2020-09-16T04:00:00Z,136.19,136.24,135.795,135.935,351275
2020-09-15T04:00:00Z,135.745,135.985,135.745,135.895,155172
2020-09-14T04:00:00Z,135.61,135.965,135.595,135.71,180695
2020-09-11T04:00:00Z,135.475,135.585,135.24,135.36,371608
2020-09-10T04:00:00Z,135.05,135.405,134.88,135.26,315694
2020-09-09T04:00:00Z,135.275,135.415,135.025,135.19,392557
2020-09-08T04:00:00Z,135.05,135.4,135.005,135.1,644605
2020-09-04T04:00:00Z,136.07,136.07,134.885,134.965,498353
2020-09-03T04:00:00Z,136.825,136.825,136.355,136.425,568088
2020-09-02T04:00:00Z,136.04,136.81,136.035,136.69,487992
2020-09-01T04:00:00Z,135.165,136.19,135.1,136.16,609767
2020-08-31T04:00:00Z,135.105,135.78,135.1,135.595,458765
2020-08-28T04:00:00Z,134.83,135.06,134.625,134.98,351721
2020-08-27T04:00:00Z,135.835,135.86,134.565,134.6,429431
2020-08-26T04:00:00Z,135.46,135.67,135.14,135.65,344607
2020-08-25T04:00:00Z,135.69,135.785,135.235,135.585,683392
2020-08-24T04:00:00Z,136.55,136.66,136.13,136.2,336474
2020-08-21T04:00:00Z,136.44,136.49,135.99,136.48,122731
2020-08-20T04:00:00Z,136.195,136.35,136.02,136.225,538931
2020-08-19T04:00:00Z,136.265,136.345,135.6,135.735,308340
2020-08-18T04:00:00Z,135.845,136.24,135.745,136.065,402372
2020-08-17T04:00:00Z,135.72,135.91,135.58,135.68,271132
2020-08-14T04:00:00Z,135.87,136.105,135.29,135.41,416886
2020-08-13T04:00:00Z,137.155,137.155,135.765,135.91,685316
2020-08-12T04:00:00Z,137.39,137.665,137.105,137.225,416046
2020-08-11T04:00:00Z,138.075,138.09,137.485,137.59,207810
2020-08-10T04:00:00Z,138.91,138.96,138.415,138.46,281620
2020-08-07T04:00:00Z,139.295,139.32,138.725,138.79,250466
2020-08-06T04:00:00Z,138.945,139.255,138.94,139.135,294189
2020-08-05T04:00:00Z,138.55,138.795,138.435,138.59,246369
2020-08-04T04:00:00Z,138.495,138.75,138.425,138.71,286342
2020-08-03T04:00:00Z,137.97,138.335,137.81,138.21,352055
2020-07-31T04:00:00Z,138.13,138.455,137.945,138.36,262947
2020-07-30T04:00:00Z,138.29,138.29,137.965,138.165,317106
2020-07-29T04:00:00Z,137.665,138.305,137.64,138.29,175956
2020-07-28T04:00:00Z,137.97,137.97,137.52,137.56,411728
2020-07-27T04:00:00Z,138.13,138.205,137.615,137.7,156968
