2024-06-14T04:00:00Z,305.06,307.89,303.3,305.94,60445
2024-06-13T04:00:00Z,307.01,309.11,303.95,307.45,69939
2024-06-12T04:00:00Z,321.01,321.07,308.03,309.855,86863
2024-06-11T04:00:00Z,315.44,319.6,314.765,317.99,59546
2024-06-10T04:00:00Z,314.66,321.795,314.02,318.17,69734
2024-06-07T04:00:00Z,321.1,329.58,316.55,317.91,157185
2024-06-06T04:00:00Z,337.46,337.62,314.845,323.11,309517
2024-06-05T04:00:00Z,307.96,308.35,301.11,308.15,129935
2024-06-04T04:00:00Z,303.62,309.19,301.42,306.865,75722
2024-06-03T04:00:00Z,312.17,313.34,305.825,306.575,42468
2024-05-31T04:00:00Z,307.25,313.285,307.035,311.95,100407
2024-05-30T04:00:00Z,299.995,307.19,299.93,303.1,72069
2024-05-29T04:00:00Z,293.725,301.385,293.725,298.54,93445
2024-05-28T04:00:00Z,304.185,304.185,293.11,295.15,74854
2024-05-24T04:00:00Z,300.465,306.88,300.14,302.925,59281
2024-05-23T04:00:00Z,299.16,303.54,295.59,299.71,84996
2024-05-22T04:00:00Z,306.78,307.295,295.76,299.53,266456
2024-05-21T04:00:00Z,327.34,328.125,322.195,322.97,77772
2024-05-20T04:00:00Z,333.17,333.83,323.79,327.14,155573
2024-05-17T04:00:00Z,338.28,338.28,334.14,335.04,96471
2024-05-16T04:00:00Z,346.48,346.48,337.58,338.28,156390
2024-05-15T04:00:00Z,353.01,353.01,346.32,346.68,71331
2024-05-14T04:00:00Z,350.13,353.285,349.31,352.36,48845
2024-05-13T04:00:00Z,353.28,353.28,347.05,347.29,42415
2024-05-10T04:00:00Z,351.95,353.205,347.45,352.96,48085
2024-05-09T04:00:00Z,346.47,355,346.39,353.12,111102
2024-05-08T04:00:00Z,346.61,348.9,345.07,345.74,57542
2024-05-07T04:00:00Z,350,354.005,349.03,349.81,48433
2024-05-06T04:00:00Z,356.905,356.905,349.21,350.25,53345
2024-05-03T04:00:00Z,355.505,356.82,351.87,355.1,62446
2024-05-02T04:00:00Z,355.34,355.34,348.695,350.77,68456
2024-05-01T04:00:00Z,359.145,360.07,352.02,354.65,52938
2024-04-30T04:00:00Z,361.9,362.11,358.845,360.58,99761
2024-04-29T04:00:00Z,357.58,366.65,357.385,363.79,95794
2024-04-26T04:00:00Z,360.27,367.36,360.27,364.87,58246
2024-04-25T04:00:00Z,363.47,363.635,356.85,359.89,85607
2024-04-24T04:00:00Z,366.45,366.45,361.43,364.57,54262
2024-04-23T04:00:00Z,363.3,366.155,359.45,364.59,91007
2024-04-22T04:00:00Z,355.345,364.63,355.345,361.785,107955
2024-04-19T04:00:00Z,347.225,352.95,346.65,352.55,117007
2024-04-18T04:00:00Z,346.95,351.87,344.645,347.5,88451
2024-04-17T04:00:00Z,342.38,346.285,341.515,344.76,105978
2024-04-16T04:00:00Z,333.16,341,330.84,339.08,77782
2024-04-15T04:00:00Z,339.8,343.325,334.63,334.74,91270
2024-04-12T04:00:00Z,345.25,345.96,336.13,336.5,115874
2024-04-11T04:00:00Z,350.19,351.87,347.56,349.84,103482
2024-04-10T04:00:00Z,352.5,354.9,349.65,350.44,88790
2024-04-09T04:00:00Z,359.45,360.65,355.52,358.65,83060
2024-04-08T04:00:00Z,358.5,361.25,356.03,360.49,64666
2024-04-05T04:00:00Z,358.935,360.82,355.35,356.72,69615
2024-04-04T04:00:00Z,373,373,356.78,357.56,251702
2024-04-03T04:00:00Z,378.99,379.39,373.87,374.15,40669
2024-04-02T04:00:00Z,379.37,381.43,376.24,377.99,89623
2024-04-01T04:00:00Z,393.11,393.52,384.1,385.18,48689
2024-03-28T04:00:00Z,391.34,394.27,390.27,390.74,56766
2024-03-27T04:00:00Z,387.575,394.15,386.8,389.63,79377
2024-03-26T04:00:00Z,392.01,394.965,385.985,386.15,69149
2024-03-25T04:00:00Z,403.885,403.885,387.065,388.935,145669
2024-03-22T04:00:00Z,416.81,416.82,387.37,403.14,557426
2024-03-21T04:00:00Z,472.21,480.58,469.665,478.8,96901
2024-03-20T04:00:00Z,468.955,469.685,461.92,469.02,72356
2024-03-19T04:00:00Z,459.08,467.75,454.27,467.75,75232
2024-03-18T04:00:00Z,466.1,469.41,459.62,459.67,61295
2024-03-15T04:00:00Z,468.105,470.67,463.6,465.17,59050
2024-03-14T04:00:00Z,470.685,471.06,463.9,469.96,71543
2024-03-13T04:00:00Z,468.98,471.57,465.64,465.85,40591
2024-03-12T04:00:00Z,461.265,467.57,461.265,465.08,40266
2024-03-11T04:00:00Z,461.315,461.355,454.22,457.61,28776
2024-03-08T05:00:00Z,461.72,464.86,457.645,460.79,36753
2024-03-07T05:00:00Z,450.88,460.845,450.88,457.08,43201
2024-03-06T05:00:00Z,451.905,452.105,443.6,448.51,60922
2024-03-05T05:00:00Z,447.05,447.86,443.73,446.16,48659
2024-03-04T05:00:00Z,458.68,458.68,449.97,450.845,71270
2024-03-01T05:00:00Z,462.47,464.52,457.74,458.425,53387
2024-02-29T05:00:00Z,466.17,469.68,461.32,467.02,47954
2024-02-28T05:00:00Z,466.395,473.83,463.61,464.28,42023
2024-02-27T05:00:00Z,470,470.47,464.38,467.875,40473
2024-02-26T05:00:00Z,460.41,472.51,460.41,468.23,67611
2024-02-23T05:00:00Z,458.35,462.73,454.605,458,39540
2024-02-22T05:00:00Z,448.47,457.35,447.72,455.26,58582
2024-02-21T05:00:00Z,445.63,448.01,440.425,443.33,28447
2024-02-20T05:00:00Z,445.41,449.57,441.2,444.55,60995
2024-02-16T05:00:00Z,456.76,456.76,446.195,449.42,68630
2024-02-15T05:00:00Z,462.42,462.76,455.06,459.03,37726
2024-02-14T05:00:00Z,460.68,460.85,457.14,460.69,33983
2024-02-13T05:00:00Z,458.495,461.425,454.12,455.86,67146
2024-02-12T05:00:00Z,472.525,477.16,465.24,466.18,45684
2024-02-09T05:00:00Z,467.58,471.24,459.135,470.22,54414
2024-02-08T05:00:00Z,461.49,476.55,461.22,472.99,72652
2024-02-07T05:00:00Z,458.195,463.25,456.925,457.75,39852
2024-02-06T05:00:00Z,457.31,458.55,450.1,456.55,67678
2024-02-05T05:00:00Z,458.415,458.61,450.695,456.6,53717
2024-02-02T05:00:00Z,457.81,464.185,455.35,462.36,53038
2024-02-01T05:00:00Z,454.66,462.87,454.66,461.84,64169
2024-01-31T05:00:00Z,469,472.57,451.53,453.82,141686
2024-01-30T05:00:00Z,481.62,490.1,480.02,481.43,74360
2024-01-29T05:00:00Z,479,482.29,476.3,482.12,36983
2024-01-26T05:00:00Z,474.21,484.01,470.985,477.965,49950
2024-01-25T05:00:00Z,475.9,476.555,468.25,474.315,42495
2024-01-24T05:00:00Z,476.23,480.27,472.665,474.75,58255
2024-01-23T05:00:00Z,481.5,481.5,474.9,477.04,38767
2024-01-22T05:00:00Z,482.75,482.75,478.5,481.725,33816
2024-01-19T05:00:00Z,477.99,484.625,475.23,483.8,43369
2024-01-18T05:00:00Z,472.075,478.46,468.85,477.47,65301
2024-01-17T05:00:00Z,467.02,469.195,463.99,468.46,54710
2024-01-16T05:00:00Z,474.19,476.74,467.75,470.815,50746
2024-01-12T05:00:00Z,486.71,490.52,479.165,479.76,42624
2024-01-11T05:00:00Z,483.105,486.13,478.3,485.45,30676
2024-01-10T05:00:00Z,487.7,488.15,482.93,484.02,66387
2024-01-09T05:00:00Z,488.15,489.16,483.63,485.6,46089
2024-01-08T05:00:00Z,487.37,493.38,478.62,491.49,75154
2024-01-05T05:00:00Z,498.095,498.845,490.755,491.04,68226
2024-01-04T05:00:00Z,497.4,501.94,495.22,495.96,39072
2024-01-03T05:00:00Z,503.95,503.95,497.28,498.165,43654
2024-01-02T05:00:00Z,507.95,508.5,502.42,505.63,48502
2023-12-29T05:00:00Z,510.615,516.39,508.745,511.5,24054
2023-12-28T05:00:00Z,509.93,511.76,508.36,509.02,25956
2023-12-27T05:00:00Z,507.71,509.82,506.895,508.76,26614
2023-12-26T05:00:00Z,512.42,512.42,505.56,506.25,25463
2023-12-22T05:00:00Z,505.385,510.31,502.93,509.95,53090
2023-12-21T05:00:00Z,507.7,511.16,506.02,511.01,41791
2023-12-20T05:00:00Z,504.505,511.08,504.505,505.23,32403
2023-12-19T05:00:00Z,502.825,508.98,502.825,506.95,36615
2023-12-18T05:00:00Z,489.67,501.72,488.9,501.57,47214
2023-12-15T05:00:00Z,487.675,492.19,484.33,490.96,100787
2023-12-14T05:00:00Z,505.355,505.355,487.48,489.56,102837
2023-12-13T05:00:00Z,502.505,508.135,494.25,504.48,65950
2023-12-12T05:00:00Z,501.18,503.87,495.975,503.565,47782
2023-12-11T05:00:00Z,493.125,506.96,490.72,502.85,86444
2023-12-08T05:00:00Z,454.065,493.42,450.77,489.79,148270
2023-12-07T05:00:00Z,461.045,466.33,460.97,464.97,65918
2023-12-06T05:00:00Z,460.595,463.865,458.55,460.73,62412
2023-12-05T05:00:00Z,453.68,462.265,453.58,457.22,100165
2023-12-04T05:00:00Z,459.495,462.155,452.52,460.74,80637
2023-12-01T05:00:00Z,447.92,467.41,447.92,466.65,80639
2023-11-30T05:00:00Z,439.725,448.115,438.73,446.82,72806
2023-11-29T05:00:00Z,429.98,439.5,428.78,438.2,77066
2023-11-28T05:00:00Z,435.81,435.89,427.09,427.73,38477
2023-11-27T05:00:00Z,431.78,437.51,430.67,435.76,66404
2023-11-24T05:00:00Z,427.595,431.87,427.595,431.76,10541
2023-11-22T05:00:00Z,432.095,434.43,428.415,428.47,29215
2023-11-21T05:00:00Z,426.33,431.73,426.33,430.18,30416
2023-11-20T05:00:00Z,423.51,429.52,422.89,428.415,26766
2023-11-17T05:00:00Z,423.84,425.58,421.04,422.58,48380
2023-11-16T05:00:00Z,430.755,430.755,416.65,420.17,84458
2023-11-15T05:00:00Z,433.375,436.7,431.68,432.27,72668
2023-11-14T05:00:00Z,422.74,431.08,422.74,430.53,60217
2023-11-13T05:00:00Z,411.735,418.21,410.71,417.135,66569
2023-11-10T05:00:00Z,408.165,413.83,405.52,413.75,41322
2023-11-09T05:00:00Z,410.49,410.49,404.88,406.61,45687
2023-11-08T05:00:00Z,413.13,415,409.43,409.745,37294
2023-11-07T05:00:00Z,409.235,414.43,407.1,413.79,53214
2023-11-06T05:00:00Z,410.69,412.06,404.72,407.96,33611
2023-11-03T04:00:00Z,410,411.83,406.33,407.92,47797
2023-11-02T04:00:00Z,400.05,404.75,399.23,403.5,64949
2023-11-01T04:00:00Z,393.27,395.71,385.65,395.35,62533
2023-10-31T04:00:00Z,389.82,395.7,389.39,393.53,46302
2023-10-30T04:00:00Z,388.31,393.16,388.31,391.74,52043
2023-10-27T04:00:00Z,390.195,392.03,384.66,387.01,70031
2023-10-26T04:00:00Z,391.85,393.565,386.19,388.77,117853
2023-10-25T04:00:00Z,401.855,403.52,396.23,396.91,61431
2023-10-24T04:00:00Z,403.96,404.95,398.39,403.53,108822
2023-10-23T04:00:00Z,394.445,406.74,392.52,402.58,95945
2023-10-20T04:00:00Z,396.97,398.05,389.36,395.71,93270
2023-10-19T04:00:00Z,406.15,406.15,394.605,396.25,115501
2023-10-18T04:00:00Z,411.76,417.18,404.905,405.57,184780
2023-10-17T04:00:00Z,415.14,419.86,412.25,413.05,401846
2023-10-16T04:00:00Z,402.24,418.98,402.24,416.46,486208
2023-10-13T04:00:00Z,375.75,383.575,374.96,377.84,93088
2023-10-12T04:00:00Z,373.18,374.61,367.245,373.76,53751
2023-10-11T04:00:00Z,375,375.23,368.3,373.37,56301
2023-10-10T04:00:00Z,372.26,378.72,372.23,373.075,72968
2023-10-09T04:00:00Z,366.05,372.79,363.91,372.52,61195
2023-10-06T04:00:00Z,359.995,368.77,354.75,367.36,73054
2023-10-05T04:00:00Z,367.495,367.495,360.36,360.5,113084
2023-10-04T04:00:00Z,371.315,371.64,366.985,370.09,55666
2023-10-03T04:00:00Z,380.12,380.91,365.18,368.425,80537
2023-10-02T04:00:00Z,385.195,388.79,380.98,382.605,47283
2023-09-29T04:00:00Z,387.35,389.96,382.515,385.51,58382
2023-09-28T04:00:00Z,380.25,381.825,375.74,379.05,72642
2023-09-27T04:00:00Z,382.63,383.55,377.145,379.3,40118
2023-09-26T04:00:00Z,380.51,384.64,378.67,380.73,40185
2023-09-25T04:00:00Z,384.04,387.11,379.01,384.38,64592
2023-09-22T04:00:00Z,387.49,391.6,386.38,388.12,40504
2023-09-21T04:00:00Z,387.94,390.3,383.76,383.95,59541
2023-09-20T04:00:00Z,388.425,397.905,388.425,391.86,69675
2023-09-19T04:00:00Z,382.7,385.84,380.03,384.39,22144
2023-09-18T04:00:00Z,391.65,391.69,382.24,383.005,53416
2023-09-15T04:00:00Z,388.53,389.94,384.09,389.86,46660
2023-09-14T04:00:00Z,392.99,392.99,385.43,388.87,38367
2023-09-13T04:00:00Z,385.82,392.68,385.82,388.95,36447
2023-09-12T04:00:00Z,395.75,400.1,387.205,388.21,51854
2023-09-11T04:00:00Z,397.725,399.14,393.26,397.59,44044
2023-09-08T04:00:00Z,401.2,401.375,395.655,396.37,44998
2023-09-07T04:00:00Z,398.01,400.24,396.415,399.02,35385
2023-09-06T04:00:00Z,401.83,404.18,396.945,398.96,58254
2023-09-05T04:00:00Z,399,406.75,397.53,401.71,72345
2023-09-01T04:00:00Z,392.615,406.645,386.48,404.02,203295
2023-08-31T04:00:00Z,379.15,382.81,378.88,381.22,141933
2023-08-30T04:00:00Z,376.43,378.82,374.01,376.78,55092
2023-08-29T04:00:00Z,365.3,375.53,364.39,374.59,50623
2023-08-28T04:00:00Z,366.845,367.46,362.99,365.7,53991
2023-08-25T04:00:00Z,362.84,367.03,360.73,365.93,70431
2023-08-24T04:00:00Z,376.06,377.15,359.88,360.265,91328
2023-08-23T04:00:00Z,374.63,378.88,368.95,377.74,48212
2023-08-22T04:00:00Z,379.2,381.53,373.55,379.3,58680
2023-08-21T04:00:00Z,382.95,385.645,381.48,384.73,49821
2023-08-18T04:00:00Z,372.88,382.65,371.685,381.06,43934
2023-08-17T04:00:00Z,383,383.68,376.18,376.375,41099
2023-08-16T04:00:00Z,384.58,389.65,381.18,381.18,24300
2023-08-15T04:00:00Z,383.105,385.29,378.235,383.11,62326
2023-08-14T04:00:00Z,380.48,387.11,379.95,384.92,31680
2023-08-11T04:00:00Z,381.33,383.23,378.005,381.04,36323
2023-08-10T04:00:00Z,385.72,394.5,384.04,384.61,57670
2023-08-09T04:00:00Z,380.2,385.83,376.71,382.19,37649
2023-08-08T04:00:00Z,378.99,381.05,374.31,380.82,38286
2023-08-07T04:00:00Z,381.68,383.09,377.375,382.5,35070
2023-08-04T04:00:00Z,386.29,386.29,377.43,377.95,42544
2023-08-03T04:00:00Z,376.73,385.42,376.73,383.47,64029
2023-08-02T04:00:00Z,377.25,378.21,375.22,376.735,52373
2023-08-01T04:00:00Z,377.08,382.31,376.15,381.38,53833
2023-07-31T04:00:00Z,379.44,381.87,377.59,378.45,50579
2023-07-28T04:00:00Z,374.825,378.6,374.56,377.86,57702
2023-07-27T04:00:00Z,381.185,381.81,368.97,371.035,80342
2023-07-26T04:00:00Z,380.71,381.53,376.33,378.8,54617
2023-07-25T04:00:00Z,379.73,383.11,378.73,381.97,42728
2023-07-24T04:00:00Z,383.28,383.95,376.83,380.54,78846
2023-07-21T04:00:00Z,385.01,388.38,381.13,382.89,53334
2023-07-20T04:00:00Z,388.32,390.03,381.48,381.83,75106
2023-07-19T04:00:00Z,384.87,394.24,384.87,390.53,72117
2023-07-18T04:00:00Z,384.31,385.51,379.33,385.42,43097
2023-07-17T04:00:00Z,378.98,385.265,378.43,383.53,40931
2023-07-14T04:00:00Z,380.695,381.2,377.61,380.07,29088
2023-07-13T04:00:00Z,386.74,387.57,379.4,379.54,40249
2023-07-12T04:00:00Z,383.82,384.74,378.74,383.085,110827
2023-07-11T04:00:00Z,374.69,380.02,372.14,379.44,52962
2023-07-10T04:00:00Z,365.04,372.85,365.04,369.49,69557
2023-07-07T04:00:00Z,366.51,367.58,363.39,363.66,45894
2023-07-06T04:00:00Z,371.37,373.23,366.3,366.98,64641
2023-07-05T04:00:00Z,376.495,380.14,374.19,375.8,46197
2023-07-03T04:00:00Z,379.5,381.4,377.8,379.38,26498
2023-06-30T04:00:00Z,375.39,380.325,374.76,378.545,93623
2023-06-29T04:00:00Z,377.795,379.83,369.88,370.19,55397
2023-06-28T04:00:00Z,377.13,378.43,374.39,376.12,38493
2023-06-27T04:00:00Z,375.84,377.31,374.19,374.36,45434
2023-06-26T04:00:00Z,376.65,378.285,373.47,373.805,63511
2023-06-23T04:00:00Z,373.34,377.275,372.75,374.44,76799
2023-06-22T04:00:00Z,377.24,379.42,376.25,378,62882
2023-06-21T04:00:00Z,383.93,385.46,378.53,378.65,37030
2023-06-20T04:00:00Z,381.87,383.74,378.92,383.55,63230
2023-06-16T04:00:00Z,386.45,386.45,381.18,382.87,68678
2023-06-15T04:00:00Z,377.06,383.13,376.38,382.62,60333
2023-06-14T04:00:00Z,369.485,378.76,369.4,377.28,76397
2023-06-13T04:00:00Z,369.915,369.915,364.67,368.44,82286
2023-06-12T04:00:00Z,362.255,368.71,357.3,368.22,108986
2023-06-09T04:00:00Z,355.83,360.46,354.24,360.455,93931
2023-06-08T04:00:00Z,353.71,355.09,350.9,354.98,61392
2023-06-07T04:00:00Z,355.37,357.99,352.54,353.85,59615
2023-06-06T04:00:00Z,357.52,361.45,355.07,355.96,98319
2023-06-05T04:00:00Z,361.92,363.06,355.71,356.23,145355
2023-06-02T04:00:00Z,378.23,385.965,364.86,365.465,310601
2023-06-01T04:00:00Z,331,334.56,327.03,328.875,184862
2023-05-31T04:00:00Z,335.43,335.55,329.31,332,163422
2023-05-30T04:00:00Z,342.6,342.6,335.42,336.66,109459
2023-05-26T04:00:00Z,342.415,344.32,339.61,340.24,107088
2023-05-25T04:00:00Z,343.575,346.38,341.22,342.18,59594
2023-05-24T04:00:00Z,353.96,353.96,343.465,344.56,113921
2023-05-23T04:00:00Z,361.735,362.98,352.57,353.85,78466
2023-05-22T04:00:00Z,365.76,367.695,356.82,362.95,124356
2023-05-19T04:00:00Z,372.22,372.22,365.23,368.395,67112
2023-05-18T04:00:00Z,371.56,379.04,371.15,378.56,66114
2023-05-17T04:00:00Z,372.215,373,367.36,372.21,70675
2023-05-16T04:00:00Z,372.16,372.8,367.8,371.63,81486
2023-05-15T04:00:00Z,375.99,377.785,373.96,375.75,71563
2023-05-12T04:00:00Z,377.665,378.33,372.775,376.05,53730
2023-05-11T04:00:00Z,379,379.49,376.05,377.17,36469
2023-05-10T04:00:00Z,385.36,385.36,377.82,379.51,40173
2023-05-09T04:00:00Z,376.88,383.15,375.99,381.27,27383
2023-05-08T04:00:00Z,387.61,388.61,380.98,381.81,45589
2023-05-05T04:00:00Z,385.965,389.06,382.72,386.575,60518
2023-05-04T04:00:00Z,382.66,384.35,381.45,381.98,110057
2023-05-03T04:00:00Z,381.045,387.53,378.38,383.15,59763
2023-05-02T04:00:00Z,383.025,383.58,378.26,380.93,59073
2023-05-01T04:00:00Z,380.3,385.27,380.21,385.06,75170
2023-04-28T04:00:00Z,377.135,380.2,376.13,379.93,63083
2023-04-27T04:00:00Z,376.31,379.05,373.62,378.1,43971
2023-04-26T04:00:00Z,373.46,375.09,371.86,372.9,41758
2023-04-25T04:00:00Z,378.675,379.79,372.43,372.77,44162
2023-04-24T04:00:00Z,378.505,384.11,377.91,381.47,85072
2023-04-21T04:00:00Z,376.37,377.85,374.59,377.72,49673
2023-04-20T04:00:00Z,369.48,377.79,369.4,376.42,56668
2023-04-19T04:00:00Z,373.41,373.52,369.87,370.23,47916
2023-04-18T04:00:00Z,371.97,373.29,369.8,372.6,65749
2023-04-17T04:00:00Z,370.025,373.4,367.11,368.2,91044
2023-04-14T04:00:00Z,363.86,369.09,363.86,368.35,39882
2023-04-13T04:00:00Z,365.9,366.76,363.76,364.37,47394
2023-04-12T04:00:00Z,369.16,369.26,363.22,363.645,55355
2023-04-11T04:00:00Z,362.87,368.92,362.435,365.79,61037
2023-04-10T04:00:00Z,362.37,364.56,361.42,363.34,46200
2023-04-06T04:00:00Z,362.02,365.45,359.75,364.24,70120
2023-04-05T04:00:00Z,366.97,371.12,362.9,364.775,76217
2023-04-04T04:00:00Z,368.68,370,365.18,366.75,60100
2023-04-03T04:00:00Z,364.96,367.5,362.26,367.46,79232
2023-03-31T04:00:00Z,360.25,364.42,357.88,364.25,97326
2023-03-30T04:00:00Z,364.31,367.74,357.1,358.28,114491
2023-03-29T04:00:00Z,366.095,370.04,359.83,360.86,292143
2023-03-28T04:00:00Z,319.68,321.25,314.25,320.47,168660
2023-03-27T04:00:00Z,316.3,317.825,310.49,317.34,156093
2023-03-24T04:00:00Z,306.83,315.46,306.795,313.59,95680
2023-03-23T04:00:00Z,308.245,312.58,304.45,308.27,99931
2023-03-22T04:00:00Z,300.935,312.2,300.935,303.83,125636
2023-03-21T04:00:00Z,296.96,304.42,296.96,298.34,132718
2023-03-20T04:00:00Z,295.715,296.99,290.17,293.32,119291
2023-03-17T04:00:00Z,294.62,296.895,289.98,294.79,142197
2023-03-16T04:00:00Z,289.875,297.52,289.29,297.52,97623
2023-03-15T04:00:00Z,290.2,294.125,286.915,293.36,161535
2023-03-14T04:00:00Z,296.515,296.515,291.635,295.05,153928
2023-03-13T04:00:00Z,294.05,296.48,288.73,292.965,233376
2023-03-10T05:00:00Z,302.065,302.305,294.39,296.26,159762
2023-03-09T05:00:00Z,305.85,309.02,300.28,301.79,95949
2023-03-08T05:00:00Z,302.72,307.25,300.95,305.9,101094
2023-03-07T05:00:00Z,302.37,311.205,301.675,301.815,148219
2023-03-06T05:00:00Z,315.43,316.82,304.9,304.9,155022
2023-03-03T05:00:00Z,313.325,317.5,311.665,316.84,58918
2023-03-02T05:00:00Z,308.05,313.51,306.92,311.75,73327
2023-03-01T05:00:00Z,309.345,311.63,304.06,309.38,71229
2023-02-28T05:00:00Z,309.185,312.78,308.45,309.58,62503
2023-02-27T05:00:00Z,310.41,313.145,307.55,310.31,58280
2023-02-24T05:00:00Z,313.02,313.02,305.91,308,66427
2023-02-23T05:00:00Z,317.235,317.91,310.64,317.91,66742
2023-02-22T05:00:00Z,313.72,317.51,312.645,316.47,51349
2023-02-21T05:00:00Z,315.11,318.07,313.99,314.18,56412
2023-02-17T05:00:00Z,319.35,321.75,315.35,320.34,60745
2023-02-16T05:00:00Z,321.4,328,320.73,322.09,57075
2023-02-15T05:00:00Z,318.39,325.19,318.015,325.19,54329
2023-02-14T05:00:00Z,314.135,321.79,311.96,319.77,57229
2023-02-13T05:00:00Z,311.35,317.42,310.89,317.17,72668
2023-02-10T05:00:00Z,306.91,311.32,305.94,309.41,73871
2023-02-09T05:00:00Z,314.25,316.22,309.4,310.51,75160
2023-02-08T05:00:00Z,311.74,314.71,307.14,309.29,66521
2023-02-07T05:00:00Z,310.74,319.63,305.905,319.2,82255
2023-02-06T05:00:00Z,318.69,319.09,310.28,311.38,79336
2023-02-03T05:00:00Z,318.655,325.1,318.49,319.41,116788
2023-02-02T05:00:00Z,318.68,328.24,316.86,322.73,191230
2023-02-01T05:00:00Z,307.835,318.69,305.435,315.76,134413
2023-01-31T05:00:00Z,304,307.26,301.99,306.9,141730
2023-01-30T05:00:00Z,307.94,310.73,302.5,302.64,89647
2023-01-27T05:00:00Z,307.68,311.515,305.24,310.77,96988
2023-01-26T05:00:00Z,312.61,313.21,305.89,309.465,87895
2023-01-25T05:00:00Z,304.615,310.78,304.43,309.66,108822
2023-01-24T05:00:00Z,304.685,311.35,302.24,311.35,241933
2023-01-23T05:00:00Z,313.45,319.05,310.27,316.14,100258
2023-01-20T05:00:00Z,307.38,314.28,304.77,312.8,98032
2023-01-19T05:00:00Z,316.475,316.8,306.755,307.78,131635
2023-01-18T05:00:00Z,324.93,327.465,317.32,318.11,113649
2023-01-17T05:00:00Z,313.57,324.16,313.57,323.88,98109
2023-01-13T05:00:00Z,311.65,315.69,310.25,315.38,131185
2023-01-12T05:00:00Z,312.285,316.62,307.28,314.82,102441
2023-01-11T05:00:00Z,311.05,312.295,307.19,311.94,116928
2023-01-10T05:00:00Z,299.97,309.82,298.77,309.47,207840
2023-01-09T05:00:00Z,293.5,304.28,289.9,298.46,285152
2023-01-06T05:00:00Z,329.535,334.16,327.35,329.25,135730
2023-01-05T05:00:00Z,319.785,328.39,316.615,326.01,120034
2023-01-04T05:00:00Z,325.955,326.62,317.16,320.92,146787
2023-01-03T05:00:00Z,326.88,326.88,319.48,323.42,93887
2022-12-30T05:00:00Z,312.345,320.42,311.3,320.32,65457
2022-12-29T05:00:00Z,310.995,318.27,310.18,316.76,62935
2022-12-28T05:00:00Z,314.32,315.525,307.63,308.96,106817
2022-12-27T05:00:00Z,312.855,318.85,309.94,315.15,120849
2022-12-23T05:00:00Z,310.74,312.67,309.31,311.45,60143
2022-12-22T05:00:00Z,311.265,314.47,308.77,312.93,119127
2022-12-21T05:00:00Z,317.725,320.36,311.87,316.64,171840
2022-12-20T05:00:00Z,315.46,315.46,306.52,307.14,134781
2022-12-19T05:00:00Z,319.685,320.705,316.77,316.88,67459
2022-12-16T05:00:00Z,322.72,326.26,318.22,321.15,122385
2022-12-15T05:00:00Z,326.82,331.4,325.25,325.41,145707
2022-12-14T05:00:00Z,326.67,337.245,326.14,333.25,217180
2022-12-13T05:00:00Z,338.285,339.75,321.8,326.37,127721
2022-12-12T05:00:00Z,324.21,328.44,319.05,328.14,279893
2022-12-09T05:00:00Z,346.57,348.34,323.19,326.37,428928
2022-12-08T05:00:00Z,374.99,377.14,368.68,374.75,114566
2022-12-07T05:00:00Z,370.18,377.01,370.175,372.71,90280
2022-12-06T05:00:00Z,380.95,382.08,366.48,370.03,57621
2022-12-05T05:00:00Z,383.86,383.86,375.49,381.08,123247
2022-12-02T05:00:00Z,377.64,386.69,375.89,386.06,102419
2022-12-01T05:00:00Z,380.05,386.39,378.17,381.84,71373
2022-11-30T05:00:00Z,365.17,380.49,362.66,380.3,104497
2022-11-29T05:00:00Z,364.2,367.8,362.01,363.31,46375
2022-11-28T05:00:00Z,365.19,367.92,361.77,363.61,66695
2022-11-25T05:00:00Z,360.04,361.88,358.95,361.375,22755
2022-11-23T05:00:00Z,353.395,362,353.395,360.37,42532
2022-11-22T05:00:00Z,351.72,355.74,346.66,355.6,48956
2022-11-21T05:00:00Z,344.545,351.31,340.91,349.38,61219
2022-11-18T05:00:00Z,358.53,359.13,344.4,347.68,93064
2022-11-17T05:00:00Z,350.04,354.96,348.05,354.24,35607
2022-11-16T05:00:00Z,351.75,356.88,346.29,356.58,68222
2022-11-15T05:00:00Z,366.06,367.99,358.12,359.52,73135
2022-11-14T05:00:00Z,355.88,359.63,351.3,352.84,68272
2022-11-11T05:00:00Z,353.75,370.01,353.75,359.69,139527
2022-11-10T05:00:00Z,338.75,354.455,338.75,353.94,112336
2022-11-09T05:00:00Z,327.78,334.41,320.25,321.11,80446
2022-11-08T05:00:00Z,325.425,334.36,323.66,328.495,57035
2022-11-07T05:00:00Z,327.66,327.66,317.595,324.25,60952
2022-11-04T04:00:00Z,326.965,330.44,317.39,325.64,52860
2022-11-03T04:00:00Z,315.52,322.67,312.43,318.16,59197
2022-11-02T04:00:00Z,327.43,330.4,316.02,316.045,100955
2022-11-01T04:00:00Z,335.72,336.705,327.645,330.52,87682
2022-10-31T04:00:00Z,325.43,332.445,323.63,329,78851
2022-10-28T04:00:00Z,315.17,329.29,312.63,328.48,125493
2022-10-27T04:00:00Z,324.55,327,316.66,320.69,77630
2022-10-26T04:00:00Z,317.19,328.76,314.94,321.28,136832
2022-10-25T04:00:00Z,301.24,321.57,300.68,320.605,161945
2022-10-24T04:00:00Z,299.745,299.745,287.735,297.7,108763
2022-10-21T04:00:00Z,291.67,299.11,289.375,298.68,86931
2022-10-20T04:00:00Z,295.63,303.93,290.28,293.31,99884
2022-10-19T04:00:00Z,294.3,304.14,293.99,296.88,84056
2022-10-18T04:00:00Z,307.98,308.165,294.475,297.52,81381
2022-10-17T04:00:00Z,296.26,300.2,293.92,297.47,78990
2022-10-14T04:00:00Z,300.35,303.32,286.84,288.93,85000
2022-10-13T04:00:00Z,286.36,299.29,279.41,294.63,68034
2022-10-12T04:00:00Z,298.59,302.57,292.14,295.54,71107
2022-10-11T04:00:00Z,295.8,304.125,288.1,295.63,120849
2022-10-10T04:00:00Z,297.465,297.47,286.73,289.84,79451
2022-10-07T04:00:00Z,305.58,305.85,296.53,298.12,77188
2022-10-06T04:00:00Z,309.5,315.73,309.5,310.51,72249
2022-10-05T04:00:00Z,304.51,311.49,302.38,309.72,54636
2022-10-04T04:00:00Z,301.765,308.79,301.765,307.75,81924
2022-10-03T04:00:00Z,281.445,295.46,281.445,291.98,75963
2022-09-30T04:00:00Z,286.195,287.2,277.69,279.34,200100
2022-09-29T04:00:00Z,304.67,304.67,296.3,300.26,56784
2022-09-28T04:00:00Z,300.92,310.82,299.54,309.3,68102
2022-09-27T04:00:00Z,300.685,303.2,294.695,299.19,91716
2022-09-26T04:00:00Z,293.41,300.78,293.41,294.78,77563
2022-09-23T04:00:00Z,302.61,302.61,289.32,292.72,133427
2022-09-22T04:00:00Z,316.795,317.78,306.13,306.22,104551
2022-09-21T04:00:00Z,333.005,333.71,317.93,318.2,72728
2022-09-20T04:00:00Z,333.71,334.75,327.95,331.6,65405
2022-09-19T04:00:00Z,330,337.37,330,337.21,64409
2022-09-16T04:00:00Z,331,335.15,330.56,333.24,93348
2022-09-15T04:00:00Z,341.77,345.1,336.64,338.7,74908
2022-09-14T04:00:00Z,339.115,343.37,335.68,343.11,65059
2022-09-13T04:00:00Z,343.505,345.62,335.4,337.22,61538
2022-09-12T04:00:00Z,350.05,353.06,348.22,352.49,100215
2022-09-09T04:00:00Z,348.825,355.34,347.56,348.51,108701
2022-09-08T04:00:00Z,334.92,346.02,333.54,345.93,96108
2022-09-07T04:00:00Z,329.38,339.705,325.09,336.94,129524
2022-09-06T04:00:00Z,313.395,328.39,312.49,327.76,240620
2022-09-02T04:00:00Z,326.325,328.97,311.45,314.25,368966
2022-09-01T04:00:00Z,293.42,294.62,283.48,294.62,128029
2022-08-31T04:00:00Z,310.105,310.23,295.715,299.92,108653
2022-08-30T04:00:00Z,311.35,311.76,302.62,307.09,76700
2022-08-29T04:00:00Z,304.87,311.92,304.23,307.36,71269
2022-08-26T04:00:00Z,322.41,324.18,310.15,311.18,62918
2022-08-25T04:00:00Z,318.97,323.44,317.68,323.35,38595
2022-08-24T04:00:00Z,315.1,320.77,314.38,317.61,39709
2022-08-23T04:00:00Z,315.41,322.29,315.26,316.09,45782
2022-08-22T04:00:00Z,316.46,320.82,313.8,315.18,45406
2022-08-19T04:00:00Z,328.46,328.46,321.455,322.52,63141
2022-08-18T04:00:00Z,329.245,334.86,328.56,333.4,56381
2022-08-17T04:00:00Z,328.37,331.86,325,329.81,41960
2022-08-16T04:00:00Z,331.67,335.25,326.29,331.63,72889
2022-08-15T04:00:00Z,320.2,330.43,320.2,330.29,75523
2022-08-12T04:00:00Z,322,322.325,317.76,321.67,53424
2022-08-11T04:00:00Z,325.09,328.88,314.92,317.06,68670
2022-08-10T04:00:00Z,314.52,321.98,313.675,319.18,79780
2022-08-09T04:00:00Z,313.6,313.6,303.3,306.55,50229
2022-08-08T04:00:00Z,316.73,326.31,315.2,316.2,46265
2022-08-05T04:00:00Z,309.36,320.96,309.36,317.66,52826
2022-08-04T04:00:00Z,315.62,317.57,314.1,316.66,48439
2022-08-03T04:00:00Z,310.97,316.7,309.015,315.22,63433
2022-08-02T04:00:00Z,309,310.305,303.62,305.81,60160
2022-08-01T04:00:00Z,309.445,313.81,306.4,310.04,40222
2022-07-29T04:00:00Z,304.38,310.74,299.8,310.46,87461
2022-07-28T04:00:00Z,298.31,304.74,293.42,303.69,41222
2022-07-27T04:00:00Z,285.04,296.23,284.13,295.49,72043
2022-07-26T04:00:00Z,293.01,293.05,281.85,283.39,102417
2022-07-25T04:00:00Z,305.1,305.1,298.82,301.38,32111
2022-07-22T04:00:00Z,307.38,311.34,302,304.44,57331
2022-07-21T04:00:00Z,305.31,307.58,300.19,307.51,81840
2022-07-20T04:00:00Z,294.92,303.65,294.92,302.7,51352
2022-07-19T04:00:00Z,289.13,296.43,288.68,296.3,39411
2022-07-18T04:00:00Z,291.04,293.53,283.385,284.64,42638
2022-07-15T04:00:00Z,281.73,287.54,281.73,286.4,73067
2022-07-14T04:00:00Z,277.16,280.61,272.525,278.81,51892
2022-07-13T04:00:00Z,272.75,282.735,271.35,280.99,52437
2022-07-12T04:00:00Z,283.98,288.59,277.18,279.36,36969
2022-07-11T04:00:00Z,284.42,286.86,277.27,281.62,63898
2022-07-08T04:00:00Z,288.05,295.42,285.43,293.15,47513
2022-07-07T04:00:00Z,280.18,291.86,278.23,290.69,79430
2022-07-06T04:00:00Z,284.32,288.095,275.91,280.15,106789
2022-07-05T04:00:00Z,261.61,283.78,259.295,283.78,166381
2022-07-01T04:00:00Z,270.08,270.86,261.32,263.405,159820
2022-06-30T04:00:00Z,278.34,279.69,271.7,272.69,72513
2022-06-29T04:00:00Z,279.21,286.46,277.15,283,68794
2022-06-28T04:00:00Z,287.525,294.04,278.16,278.61,80929
2022-06-27T04:00:00Z,296.475,296.53,284.39,287.45,78961
2022-06-24T04:00:00Z,290.02,294.95,288.55,293.32,75855
2022-06-23T04:00:00Z,280.62,288.41,278.18,286.55,60386
2022-06-22T04:00:00Z,273.02,280.57,271.815,278.24,83904
2022-06-21T04:00:00Z,282.89,284.43,275.92,276.56,76751
2022-06-17T04:00:00Z,271.41,281.065,271.41,278.08,69981
2022-06-16T04:00:00Z,278.01,278.105,267.88,271.24,74232
2022-06-15T04:00:00Z,283.41,289.99,280.34,285.8,58445
2022-06-14T04:00:00Z,280.02,284.425,276.73,280.55,72367
2022-06-13T04:00:00Z,280.04,282.055,273.75,278.56,133143
2022-06-10T04:00:00Z,294.58,297.5,290.36,291.69,77446
2022-06-09T04:00:00Z,304.945,309.35,302.22,302.22,55339
2022-06-08T04:00:00Z,306.84,312.87,304.455,307.66,61208
2022-06-07T04:00:00Z,295.415,307.82,294.8,306.19,90429
2022-06-06T04:00:00Z,305.12,308.28,296.84,301.66,109562
2022-06-03T04:00:00Z,302.27,305.04,293.76,301.01,185322
2022-06-02T04:00:00Z,290.595,303.03,287.24,302.66,242172
2022-06-01T04:00:00Z,297.545,299.7,287.51,289.81,182611
2022-05-31T04:00:00Z,296.38,298.11,289.51,292.81,261314
2022-05-27T04:00:00Z,288.82,297.37,288.82,293.57,181956
2022-05-26T04:00:00Z,277.35,289.435,276,287.45,165036
2022-05-25T04:00:00Z,252.825,264.515,252.13,260.4,233876
2022-05-24T04:00:00Z,266.42,266.7,253.26,257.37,140634
2022-05-23T04:00:00Z,270.2,273.25,265.55,272.92,114306
2022-05-20T04:00:00Z,279.34,280.37,263.37,274.22,96474
2022-05-19T04:00:00Z,267.77,278.23,264.99,271.22,181924
2022-05-18T04:00:00Z,295.735,295.735,268.36,272.61,167295
2022-05-17T04:00:00Z,316.085,316.085,300.93,305.19,116327
2022-05-16T04:00:00Z,304.42,308.14,300.83,303.86,57118
2022-05-13T04:00:00Z,301.56,312.48,301.56,309.2,84649
2022-05-12T04:00:00Z,285.12,302.515,282.1,293.58,108382
2022-05-11T04:00:00Z,300.8,306.43,290.86,291.27,124961
2022-05-10T04:00:00Z,303.41,307.13,289.05,302.36,108925
2022-05-09T04:00:00Z,308.96,312.21,291.09,293.03,206913
2022-05-06T04:00:00Z,336.19,336.75,311.12,317.49,180543
2022-05-05T04:00:00Z,360.41,360.41,338.49,343.64,75133
2022-05-04T04:00:00Z,354.5,364.91,345.235,364.46,66907
2022-05-03T04:00:00Z,360.02,361.42,353.555,355.41,71156
2022-05-02T04:00:00Z,353.04,361.25,350.06,360.78,53969
2022-04-29T04:00:00Z,364.02,370.49,354.34,354.56,72733
2022-04-28T04:00:00Z,358.16,366.62,352.155,362.2,86148
2022-04-27T04:00:00Z,353.095,361.84,350.24,354.02,100073
2022-04-26T04:00:00Z,364.32,366.75,352.74,352.74,105819
2022-04-25T04:00:00Z,361.88,368.47,357.34,368.41,143614
2022-04-22T04:00:00Z,373.97,375.66,363.02,363.44,117964
2022-04-21T04:00:00Z,389.6,391.315,375.02,377.51,114501
2022-04-20T04:00:00Z,410.35,410.35,384.91,385.28,138263
2022-04-19T04:00:00Z,395.88,407.73,395.88,404.75,81137
2022-04-18T04:00:00Z,389.04,392.98,383.07,387.98,34771
2022-04-14T04:00:00Z,393.67,397.82,390.2,390.94,129365
2022-04-13T04:00:00Z,379.57,398.38,378.845,395.04,119382
2022-04-12T04:00:00Z,376.39,390.455,372.7,376.49,66830
2022-04-11T04:00:00Z,365.25,372.26,361.17,369.09,117035
2022-04-08T04:00:00Z,376.905,378.01,369.1,369.46,147258
2022-04-07T04:00:00Z,368.755,380.39,368.755,379.31,88953
2022-04-06T04:00:00Z,373.1,374.65,365.1,371.91,123653
2022-04-05T04:00:00Z,383.77,383.77,373.02,379.14,121726
2022-04-04T04:00:00Z,368.71,384.31,368.63,384.21,84462
2022-04-01T04:00:00Z,366.195,369.045,363.58,367.41,70536
2022-03-31T04:00:00Z,374.03,376.925,364.94,365.39,162174
2022-03-30T04:00:00Z,370.28,388.86,359.19,376.61,287481
2022-03-29T04:00:00Z,337.94,352.405,337.94,344.02,145217
2022-03-28T04:00:00Z,320.48,333.94,320,331.805,169103
2022-03-25T04:00:00Z,319.14,321.79,316.005,321.22,112216
2022-03-24T04:00:00Z,310.49,317.78,306.43,317.76,77872
2022-03-23T04:00:00Z,312.66,315.6,308.985,310.31,107986
2022-03-22T04:00:00Z,313.29,318.325,311.95,315.16,70995
2022-03-21T04:00:00Z,315.71,316.46,303.71,308.47,76694
2022-03-18T04:00:00Z,306.48,317.45,306.48,316.74,71255
2022-03-17T04:00:00Z,303.085,309.73,300.71,307.41,57345
2022-03-16T04:00:00Z,296.43,305.95,292.44,304.95,104091
2022-03-15T04:00:00Z,284.61,292.7,278.42,289.88,128718
2022-03-14T04:00:00Z,290.71,293.29,283.49,289.24,113505
2022-03-11T05:00:00Z,305.18,305.18,291.425,291.57,60674
2022-03-10T05:00:00Z,301,303.915,297.74,301.93,83888
2022-03-09T05:00:00Z,305.32,306.71,301.58,305.9,104742
2022-03-08T05:00:00Z,302.3,306.01,292.23,296.52,116045
2022-03-07T05:00:00Z,323.905,323.905,301.87,301.97,140379
2022-03-04T05:00:00Z,321.51,323.41,314.9,320.59,94094
2022-03-03T05:00:00Z,331.34,331.34,320.71,323.01,106975
2022-03-02T05:00:00Z,317.705,330.69,317.705,329.99,109905
2022-03-01T05:00:00Z,320.09,326.02,313.63,315.22,104813
2022-02-28T05:00:00Z,313,320.11,311.43,319.99,78450
2022-02-25T05:00:00Z,309.08,318.31,305.94,317.66,68947
2022-02-24T05:00:00Z,285.97,310.945,285.97,310.51,114320
2022-02-23T05:00:00Z,309.215,309.215,295.18,295.54,60999
2022-02-22T05:00:00Z,307.3,311.525,301.03,304.84,82637
2022-02-18T05:00:00Z,311.665,315.29,307.41,308.5,53328
2022-02-17T05:00:00Z,317.16,321,309.75,310.22,43253
2022-02-16T05:00:00Z,316.26,320.95,312.09,319.97,52620
2022-02-15T05:00:00Z,320,322.275,315.15,318.3,50496
2022-02-14T05:00:00Z,316.59,319.89,310.18,313.53,102162
2022-02-11T05:00:00Z,333.97,334.88,315.825,317.195,86404
2022-02-10T05:00:00Z,333.58,343.88,332.01,334.56,59706
2022-02-09T05:00:00Z,338.995,342.25,335.47,339.425,61070
2022-02-08T05:00:00Z,331.11,336.05,327.92,334.39,47869
2022-02-07T05:00:00Z,337.315,337.59,328.05,332.25,60110
2022-02-04T05:00:00Z,332.35,339.36,330.77,336.37,60087
2022-02-03T05:00:00Z,338.12,344.805,329.25,330.74,128290
2022-02-02T05:00:00Z,348.19,353.325,344.47,349.19,180560
2022-02-01T05:00:00Z,336.44,346.065,333.855,344.92,180975
2022-01-31T05:00:00Z,317.06,333.975,317.06,333.92,117965
2022-01-28T05:00:00Z,304.07,316.19,301.62,315.67,79329
2022-01-27T05:00:00Z,307.88,312.13,304.67,306.46,121257
2022-01-26T05:00:00Z,317.135,319.25,299.17,302.82,100283
2022-01-25T05:00:00Z,312.085,315.58,306.245,309.22,90760
2022-01-24T05:00:00Z,306.92,322.19,297.07,321.86,144941
2022-01-21T05:00:00Z,322.025,323.65,312.76,312.76,131934
2022-01-20T05:00:00Z,334.42,339.95,321.7,322.25,106545
2022-01-19T05:00:00Z,334.05,337.88,329.26,330.85,90441
2022-01-18T05:00:00Z,325,335.97,324.87,332.25,79715
2022-01-14T05:00:00Z,332.57,335.27,325.91,329.15,96350
2022-01-13T05:00:00Z,353.85,354.56,335.82,335.89,97821
2022-01-12T05:00:00Z,348.86,354.34,345.95,352.45,76613
2022-01-11T05:00:00Z,345.11,347.24,337.08,346.41,135219
2022-01-10T05:00:00Z,328.355,349.52,324.485,348.64,268767
2022-01-07T05:00:00Z,366,366,354.53,355.23,143139
2022-01-06T05:00:00Z,360.085,371.035,355.97,368.69,113370
2022-01-05T05:00:00Z,377.68,377.68,362.26,362.395,99151
2022-01-04T05:00:00Z,387.92,389.03,376.32,380.82,80024
2022-01-03T05:00:00Z,393.25,394.48,380.875,387.36,97465
2021-12-31T05:00:00Z,400.5,401.51,391.31,391.46,76098
2021-12-30T05:00:00Z,402.12,404.98,398.54,398.8,62493
2021-12-29T05:00:00Z,400.84,402.765,400.03,400.925,48568
2021-12-28T05:00:00Z,403.34,405.7,400,400.16,31197
2021-12-27T05:00:00Z,397.54,401.8,395.06,400.71,59261
2021-12-23T05:00:00Z,388.31,392.34,383.63,391.86,49497
2021-12-22T05:00:00Z,386.98,390.82,384,388.47,73141
2021-12-21T05:00:00Z,376.66,384.82,375.67,383.415,61016
2021-12-20T05:00:00Z,380.6,381.155,366.63,370.99,97230
2021-12-17T05:00:00Z,384.37,388.37,379.16,384.65,75719
2021-12-16T05:00:00Z,402.96,402.96,386.88,390.88,69299
2021-12-15T05:00:00Z,396.21,404.705,385.23,402.87,115314
2021-12-14T05:00:00Z,397.02,399.27,391.325,395.29,60507
2021-12-13T05:00:00Z,410.31,413.99,401.64,403.83,62314
2021-12-10T05:00:00Z,410.27,421.18,402.47,409.79,167114
2021-12-09T05:00:00Z,426.81,427.45,415.99,416.93,100752
2021-12-08T05:00:00Z,435.25,435.25,421.77,426,108511
2021-12-07T05:00:00Z,434.27,442.185,432.425,435.1,50243
2021-12-06T05:00:00Z,435.695,435.695,413.5,423.76,67380
2021-12-03T05:00:00Z,454.835,454.835,430.87,436.17,50464
2021-12-02T05:00:00Z,448.76,453.37,442.25,451.33,28930
2021-12-01T05:00:00Z,461.75,467.04,448.45,448.45,46375
2021-11-30T05:00:00Z,462.51,467.92,452.295,454.76,54702
2021-11-29T05:00:00Z,459.365,466.625,456.15,463.42,63653
2021-11-26T05:00:00Z,460.18,462.04,453.995,456.95,21388
2021-11-24T05:00:00Z,449.53,458.02,446.74,458.02,23688
2021-11-23T05:00:00Z,461.62,464.68,455.015,458.65,31588
2021-11-22T05:00:00Z,472.74,472.74,460.09,460.98,28700
2021-11-19T05:00:00Z,474.63,478.145,469.91,472.91,52722
2021-11-18T05:00:00Z,468.455,473.66,462.96,472.98,78181
2021-11-17T05:00:00Z,477.49,477.49,465.38,465.63,45646
2021-11-16T05:00:00Z,465.005,485.57,465.005,477.96,48545
2021-11-15T05:00:00Z,455.84,464.53,455.48,461.96,19795
2021-11-12T05:00:00Z,454.94,455.02,450.7,452.37,37041
2021-11-11T05:00:00Z,458.16,461.025,452.59,452.77,32799
2021-11-10T05:00:00Z,464.55,467.015,453.85,457.13,24507
2021-11-09T05:00:00Z,467.58,471.28,465.51,470.4,29233
2021-11-08T05:00:00Z,469.4,470.25,456.755,466.17,30158
2021-11-05T04:00:00Z,475,475,466.17,467.765,27142
2021-11-04T04:00:00Z,470.97,477.62,469.95,474.07,29039
2021-11-03T04:00:00Z,466.49,469.095,462.56,467.22,30544
2021-11-02T04:00:00Z,462.045,470.08,461.02,464.42,42924
2021-11-01T04:00:00Z,468.155,469.295,456.23,458.76,33832
2021-10-29T04:00:00Z,447.005,466.94,446.325,466.33,55487
2021-10-28T04:00:00Z,436.055,443.46,435.89,443.245,50453
2021-10-27T04:00:00Z,432.87,438.22,428.255,433.67,26818
2021-10-26T04:00:00Z,431.96,434.89,427.21,432.94,35428
2021-10-25T04:00:00Z,424.74,429.77,424.74,428.04,26975
2021-10-22T04:00:00Z,423.05,423.77,418.97,421.59,24006
2021-10-21T04:00:00Z,416.3,424.68,416.3,423.99,25070
2021-10-20T04:00:00Z,419.88,423.88,413.76,414.48,23268
2021-10-19T04:00:00Z,416.91,419.5,414.8,416.65,16583
2021-10-18T04:00:00Z,403.43,417.62,402.725,417.26,25948
2021-10-15T04:00:00Z,408.08,408.08,403.36,403.36,35386
2021-10-14T04:00:00Z,403.54,410.45,403.54,407.02,37011
2021-10-13T04:00:00Z,389.545,401.31,389.18,400.65,96148
2021-10-12T04:00:00Z,389.12,389.12,383.3,384.43,47104
2021-10-11T04:00:00Z,397.425,398.61,385.66,386.25,35692
2021-10-08T04:00:00Z,396.78,399.57,394.29,397.26,25717
2021-10-07T04:00:00Z,403.77,408.49,398.66,399.47,40698
2021-10-06T04:00:00Z,392.9,400.6,392.9,398.12,44131
2021-10-05T04:00:00Z,399.68,404.55,396.7,397.06,30823
2021-10-04T04:00:00Z,400,400.91,390.66,392.57,58379
2021-10-01T04:00:00Z,406.805,407.79,399.495,401.07,36388
2021-09-30T04:00:00Z,410.49,410.74,403.41,404.915,45467
2021-09-29T04:00:00Z,416.99,418.79,408.69,410.12,49529
2021-09-28T04:00:00Z,427.27,427.765,413.76,414.53,55167
2021-09-27T04:00:00Z,430.92,434.8,428.2,430.52,33160
2021-09-24T04:00:00Z,425.63,433.61,424.07,432.4,46036
2021-09-23T04:00:00Z,433,437.16,430.12,432.1,78237
2021-09-22T04:00:00Z,424.5,431.09,422.61,431.09,51505
2021-09-21T04:00:00Z,422.92,426.31,419.57,424.3,43999
2021-09-20T04:00:00Z,416.635,424.7,412.52,419.93,62456
2021-09-17T04:00:00Z,428.81,432.69,424.71,426.4,42901
2021-09-16T04:00:00Z,417.535,429.67,417.535,426.26,65476
2021-09-15T04:00:00Z,417.94,420.16,414.49,418.82,55578
2021-09-14T04:00:00Z,426.895,426.895,419.58,420.34,59851
2021-09-13T04:00:00Z,426.09,426.68,419.78,425.37,66096
2021-09-10T04:00:00Z,422.58,430,417.23,425.7,101345
2021-09-09T04:00:00Z,433.21,433.57,420.5,420.77,394298
2021-09-08T04:00:00Z,384.5,385.075,376.75,380.28,129948
2021-09-07T04:00:00Z,394.27,394.27,383.01,386.64,69001
2021-09-03T04:00:00Z,387.97,390.595,385.29,388.07,42952
2021-09-02T04:00:00Z,397.55,397.55,386.64,388.26,48278
2021-09-01T04:00:00Z,401.58,401.58,393.85,395.62,63902
2021-08-31T04:00:00Z,412.76,412.76,397.49,400.42,91776
2021-08-30T04:00:00Z,409.24,417.61,409.24,414.42,41683
2021-08-27T04:00:00Z,404.68,409.19,404.56,405.97,20836
2021-08-26T04:00:00Z,408.065,408.39,402.08,404.18,25030
2021-08-25T04:00:00Z,403.84,408.97,402.65,408.26,21987
2021-08-24T04:00:00Z,403.78,406.82,402.39,405.67,25737
2021-08-23T04:00:00Z,399.24,406.275,399.24,404.41,23259
2021-08-20T04:00:00Z,393.84,398.08,392.19,397.8,34121
2021-08-19T04:00:00Z,386.01,398.67,386.01,395.975,101371
2021-08-18T04:00:00Z,393.53,397.26,391.155,391.26,32730
2021-08-17T04:00:00Z,401.74,401.76,388.28,392.66,61758
2021-08-16T04:00:00Z,405.495,407.56,401.07,407.05,23993
2021-08-13T04:00:00Z,409.01,409.06,403.365,408.645,21333
2021-08-12T04:00:00Z,408.17,409.94,406.69,408.75,25387
2021-08-11T04:00:00Z,406.43,412.71,406.43,408.5,28987
2021-08-10T04:00:00Z,408.03,411.47,404.77,405.86,39882
2021-08-09T04:00:00Z,409.98,410.6,406.83,407.7,47460
2021-08-06T04:00:00Z,411.96,412.64,406.7,408.66,49144
2021-08-05T04:00:00Z,411.485,415.33,410.8,414.3,38746
2021-08-04T04:00:00Z,410.105,413.45,408.18,410.45,28630
2021-08-03T04:00:00Z,407.19,409.2,403.55,407.61,38768
2021-08-02T04:00:00Z,402.635,405.7,400.23,402.86,35842
2021-07-30T04:00:00Z,400.42,403.21,398.04,400.33,31905
2021-07-29T04:00:00Z,394.695,406.12,394.59,402.89,132643
2021-07-28T04:00:00Z,391.81,394.74,389.64,393.21,29805
2021-07-27T04:00:00Z,390.72,392.63,386.2,391.28,31115
2021-07-26T04:00:00Z,404.73,405.11,392.67,395.62,50927
2021-07-23T04:00:00Z,395.57,405.95,395.57,402.63,82426
2021-07-22T04:00:00Z,384.35,397.395,384.35,395.9,88669
2021-07-21T04:00:00Z,383.16,383.715,380.87,383.6,27787
2021-07-20T04:00:00Z,374.91,387.7,374,383.45,82117
2021-07-19T04:00:00Z,366.69,373.7,364.905,373.05,55519
2021-07-16T04:00:00Z,377.83,377.985,371,371.88,40630
2021-07-15T04:00:00Z,379.125,380.5,370.5,375.69,48012
2021-07-14T04:00:00Z,377.14,385.49,375.99,377,115641
2021-07-13T04:00:00Z,367.03,372.34,367.03,370.94,33812
2021-07-12T04:00:00Z,376.81,376.81,366.66,368.8,49979
2021-07-09T04:00:00Z,373.91,378.29,373.91,377.42,45806
2021-07-08T04:00:00Z,369.68,375.15,369.68,373.31,66166
2021-07-07T04:00:00Z,374.36,377.98,371.785,377.58,55274
2021-07-06T04:00:00Z,369.465,372.38,364.88,371.385,89994
2021-07-02T04:00:00Z,365.675,369.18,365.675,368.37,37021
2021-07-01T04:00:00Z,364.31,366.34,361.76,364.19,48828
2021-06-30T04:00:00Z,367.25,367.25,364.63,365.03,39021
2021-06-29T04:00:00Z,364.18,368.16,363.57,366.88,35435
2021-06-28T04:00:00Z,365.97,367.17,363.62,363.97,55585
2021-06-25T04:00:00Z,364.96,370.9,363.12,363.77,58495
2021-06-24T04:00:00Z,362.95,364.93,361.405,361.69,46364
2021-06-23T04:00:00Z,358.63,362.1,357.5,359.22,37799
2021-06-22T04:00:00Z,353,360.19,352.245,359.19,54715
2021-06-21T04:00:00Z,346.04,354.44,346,352.31,52268
2021-06-18T04:00:00Z,348.27,350.625,343.77,347.64,68697
2021-06-17T04:00:00Z,336.08,351.085,336.08,349.4,128047
2021-06-16T04:00:00Z,338.07,339,333.54,337.4,57329
2021-06-15T04:00:00Z,335.66,336.25,333.52,335.39,32327
2021-06-14T04:00:00Z,340.74,347.02,335.7,337.41,42754
2021-06-11T04:00:00Z,330.695,338.57,330.02,338.57,63084
2021-06-10T04:00:00Z,329.35,332.76,327.74,329.86,38168
2021-06-09T04:00:00Z,330.27,330.57,325.6,327.3,70064
2021-06-08T04:00:00Z,335.49,335.49,328.46,331.44,70103
2021-06-07T04:00:00Z,330.69,338.02,330.11,331.6,91690
2021-06-04T04:00:00Z,322.31,331.03,318.81,329.6,153591
2021-06-03T04:00:00Z,317.87,320.63,313.675,317.51,112989
2021-06-02T04:00:00Z,319.07,321.49,315.82,320.64,94686
2021-06-01T04:00:00Z,323.11,323.11,315.96,318.51,86042
2021-05-28T04:00:00Z,330.25,330.25,323.065,323.065,91964
2021-05-27T04:00:00Z,326.43,331.275,323.92,328.31,60107
2021-05-26T04:00:00Z,326.19,330,324.5,329.94,103461
2021-05-25T04:00:00Z,320.44,324.52,319.5,324.52,100680
2021-05-24T04:00:00Z,314.635,320.2,313.495,317.98,43229
2021-05-21T04:00:00Z,321.98,322.19,310.42,313.21,77632
2021-05-20T04:00:00Z,310.72,320,310.72,319.135,57814
2021-05-19T04:00:00Z,306.845,310.86,304.38,310.16,48525
2021-05-18T04:00:00Z,312.58,316.57,310.96,312.07,67689
2021-05-17T04:00:00Z,311.5,314.61,309.19,314.38,59982
2021-05-14T04:00:00Z,311.03,316.695,310.145,314.74,35159
2021-05-13T04:00:00Z,309.13,310.34,304.985,307.86,55984
2021-05-12T04:00:00Z,320.96,320.96,304.42,305.18,88985
2021-05-11T04:00:00Z,318.56,323.64,316.59,322.36,115011
2021-05-10T04:00:00Z,330.36,331.59,324.31,324.39,66943
2021-05-07T04:00:00Z,322.64,331.405,322.64,330.31,73985
2021-05-06T04:00:00Z,320.34,323.74,317.45,321.26,46154
2021-05-05T04:00:00Z,327.76,330.51,321.14,322.11,46262
2021-05-04T04:00:00Z,330,331.4,322.12,324.96,63938
2021-05-03T04:00:00Z,336.33,336.79,332.96,335.52,53870
2021-04-30T04:00:00Z,342.72,343.8,335.06,335.06,51321
2021-04-29T04:00:00Z,340.39,346.91,340.01,343.04,68205
2021-04-28T04:00:00Z,339.43,341.84,335.815,338.14,40392
2021-04-27T04:00:00Z,338,341.4,336.43,339.63,37912
2021-04-26T04:00:00Z,340.25,340.91,334.89,337.82,46762
2021-04-23T04:00:00Z,339.245,342.23,336.73,341.24,128769
2021-04-22T04:00:00Z,327.11,338.79,327.11,338.64,150149
2021-04-21T04:00:00Z,317.16,326.54,317.11,326.54,69616
2021-04-20T04:00:00Z,321.43,323.57,314.995,316.62,55007
2021-04-19T04:00:00Z,322.98,324.58,321.54,322.2,66137
2021-04-16T04:00:00Z,325.205,325.68,321.65,324.02,75631
2021-04-15T04:00:00Z,324,328.39,323.745,325.8,80509
2021-04-14T04:00:00Z,324.83,324.83,321.37,322.75,78977
2021-04-13T04:00:00Z,323.6,324.2,318.67,323.96,34840
2021-04-12T04:00:00Z,317.36,324.14,314.53,324.14,76483
2021-04-09T04:00:00Z,311.315,319.27,311.105,318.01,75502
2021-04-08T04:00:00Z,309.49,313.86,308.14,312.65,80572
2021-04-07T04:00:00Z,306.83,311.3,305.01,306.285,52886
2021-04-06T04:00:00Z,300.44,309.23,298.615,308.73,130629
2021-04-05T04:00:00Z,302.29,302.52,296.1,298.17,102320
2021-04-01T04:00:00Z,308.43,308.75,300.44,301.07,257597
2021-03-31T04:00:00Z,307.215,311.28,300.14,306.48,187424
2021-03-30T04:00:00Z,315.135,320.35,312.1,317.095,139402
2021-03-29T04:00:00Z,317.3,319.55,310.45,316.11,82691
2021-03-26T04:00:00Z,304.78,313.9,303.795,313.87,63402
2021-03-25T04:00:00Z,302.22,307.53,298.84,305.95,135147
2021-03-24T04:00:00Z,317.5,319.28,306.77,307.3,58287
2021-03-23T04:00:00Z,314.135,321.26,312.94,313.97,78240
2021-03-22T04:00:00Z,309.775,316.4,309.05,313.74,63992
2021-03-19T04:00:00Z,307.51,312.33,303.82,308.89,135124
2021-03-18T04:00:00Z,310.595,316.18,305.635,306.45,67562
2021-03-17T04:00:00Z,305.45,316.12,304.415,315.32,78786
2021-03-16T04:00:00Z,314,315.93,305.72,308.78,51136
2021-03-15T04:00:00Z,307.08,314.415,304.45,314.22,50911
2021-03-12T05:00:00Z,303.3,307.495,299.01,305.95,138940
2021-03-11T05:00:00Z,314.15,315.05,309.255,310.22,74541
2021-03-10T05:00:00Z,301.28,311.26,299.735,309.03,144034
2021-03-09T05:00:00Z,297.82,304.61,294.8,298.4,122890
2021-03-08T05:00:00Z,291.885,295.77,288.23,288.93,152804
2021-03-05T05:00:00Z,289.29,293.6,269.515,293.6,148384
2021-03-04T05:00:00Z,295.985,298.9,280.605,285.035,222354
2021-03-03T05:00:00Z,314.56,314.87,295.9,295.9,166162
2021-03-02T05:00:00Z,315.38,321.06,312.29,317.495,129092
2021-03-01T05:00:00Z,312.39,316.75,312.34,314.62,106771
2021-02-26T05:00:00Z,312.715,316.47,306.845,311.7,123526
2021-02-25T05:00:00Z,317,326.16,308.85,310.2,98279
2021-02-24T05:00:00Z,319.47,320.85,312.52,317.89,66131
2021-02-23T05:00:00Z,315.5,325.5,305.67,322.65,106096
2021-02-22T05:00:00Z,328.03,328.3,319.53,321.68,79516
2021-02-19T05:00:00Z,337.3,337.5,331.15,332.13,75531
2021-02-18T05:00:00Z,335.375,338.24,325.975,336.975,117781
2021-02-17T05:00:00Z,337.34,338.59,331.19,337.65,47935
2021-02-16T05:00:00Z,343.84,344.88,339.34,339.78,40042
2021-02-12T05:00:00Z,343.92,344.64,339.45,342.81,43800
2021-02-11T05:00:00Z,342.945,346.97,340.86,346.11,87987
2021-02-10T05:00:00Z,340.605,344.68,338.63,340.69,56074
2021-02-09T05:00:00Z,337.04,342.21,334.24,340.69,77715
2021-02-08T05:00:00Z,335.16,342.26,334.19,339.65,59593
2021-02-05T05:00:00Z,339.93,339.93,332.91,334.01,76982
2021-02-04T05:00:00Z,335.61,339.88,335.05,338,55749
2021-02-03T05:00:00Z,344.51,344.775,331.52,332.44,84299
2021-02-02T05:00:00Z,335.82,344.265,334.895,343.71,84143
2021-02-01T05:00:00Z,329.785,334.22,324.68,333.64,74068
2021-01-29T05:00:00Z,327.87,330.64,322.37,329.09,65578
2021-01-28T05:00:00Z,331.35,336.5,330.08,330.39,124405
2021-01-27T05:00:00Z,325.235,331.365,312.9,330.2,151925
2021-01-26T05:00:00Z,340.33,340.33,328.66,330.7,99846
2021-01-25T05:00:00Z,347.45,349.54,336.15,340.01,133833
2021-01-22T05:00:00Z,349.68,349.68,344.49,346.51,34219
2021-01-21T05:00:00Z,357.15,357.98,348.885,349.19,70018
2021-01-20T05:00:00Z,344.96,357,343.81,355.04,85444
2021-01-19T05:00:00Z,346.48,347.61,340.3,342.2,86148
2021-01-15T05:00:00Z,346.25,346.74,337.495,343.44,132498
2021-01-14T05:00:00Z,351.3,357.59,347.645,348.3,106148
2021-01-13T05:00:00Z,358.5,358.505,350.74,352,68996
2021-01-12T05:00:00Z,361.1,361.1,351.2,356.93,72574
2021-01-11T05:00:00Z,354.11,372.87,352.67,361.535,83336
2021-01-08T05:00:00Z,367.6,370.45,362.955,365.535,48324
2021-01-07T05:00:00Z,367.02,373.98,365.68,367.22,72545
2021-01-06T05:00:00Z,363.11,367.48,358.41,363.34,57249
2021-01-05T05:00:00Z,357.47,369.2,357.47,366.65,99532
2021-01-04T05:00:00Z,350.825,356.78,346.74,356.37,90841
2020-12-31T05:00:00Z,349.67,351.76,347.03,347.995,32327
2020-12-30T05:00:00Z,355.2,355.625,350.045,350.42,33673
2020-12-29T05:00:00Z,353.11,353.83,343.93,353.15,53993
2020-12-28T05:00:00Z,353.95,354.545,345.89,351.42,58712
2020-12-24T05:00:00Z,354.96,355.59,350.56,351.23,36190
2020-12-23T05:00:00Z,363.54,363.54,355.18,355.355,80385
2020-12-22T05:00:00Z,374.22,374.22,357.9,360.02,107855
2020-12-21T05:00:00Z,373.13,377.37,369.46,373.47,58375
2020-12-18T05:00:00Z,386.54,386.54,373.27,377.98,73892
2020-12-17T05:00:00Z,367,387.34,364.57,386.27,199162
2020-12-16T05:00:00Z,357.72,363.4,351.95,363.25,80223
2020-12-15T05:00:00Z,356.17,360.75,354.02,356.15,76055
2020-12-14T05:00:00Z,344.435,354.78,337.81,352.27,134951
2020-12-11T05:00:00Z,366.1,366.3,343.6,344.21,290341
2020-12-10T05:00:00Z,366.39,370.6,360.2,369.62,105328
2020-12-09T05:00:00Z,374.28,378.41,361.895,363.85,100962
2020-12-08T05:00:00Z,372.68,375.37,367.16,370.98,76922
2020-12-07T05:00:00Z,376.08,376.21,366.88,371.75,109991
2020-12-04T05:00:00Z,377.02,380.175,374.54,377.09,52257
2020-12-03T05:00:00Z,373.38,383.4,373.38,375.41,89377
2020-12-02T05:00:00Z,376.55,381.2,371.73,372.57,60220
2020-12-01T05:00:00Z,372.39,379.64,370.82,377.43,91511
2020-11-30T05:00:00Z,367.115,371.76,357.645,370.58,97558
2020-11-27T05:00:00Z,361.875,365.55,358.51,365.36,47625
2020-11-25T05:00:00Z,348.685,358.045,348.685,357.76,49130
2020-11-24T05:00:00Z,350.945,351.45,344.65,348.93,31117
2020-11-23T05:00:00Z,349.03,351.32,343.83,348.48,44512
2020-11-20T05:00:00Z,342.755,349.69,340.36,345.79,41870
2020-11-19T05:00:00Z,336.805,345.35,332.16,344.55,50104
2020-11-18T05:00:00Z,339.92,342.4,333.9,336.77,52233
2020-11-17T05:00:00Z,331.015,340.7,327.43,338.38,47225
2020-11-16T05:00:00Z,324,333.63,322.66,332.1,58772
2020-11-13T05:00:00Z,330.55,332.6,324.535,325.3,58056
2020-11-12T05:00:00Z,335.5,338.49,328.57,329.63,81647
2020-11-11T05:00:00Z,325.605,337.73,323.13,336.53,81756
2020-11-10T05:00:00Z,326.14,328.375,311.22,321.85,107486
2020-11-09T05:00:00Z,352.19,353.68,326.92,326.94,90116
2020-11-06T05:00:00Z,348.13,349.49,343.25,343.95,73899
2020-11-05T05:00:00Z,347.93,348.36,338.45,347.1,83322
2020-11-04T05:00:00Z,333.945,342.13,332.66,340.52,120313
2020-11-03T05:00:00Z,316.415,328.85,313.25,327.41,82898
2020-11-02T05:00:00Z,320.1,324.03,307.835,315.345,92678
2020-10-30T04:00:00Z,327.36,328.67,314.75,319.21,88167
2020-10-29T04:00:00Z,331.78,335.2,326.76,330.34,46124
2020-10-28T04:00:00Z,331.09,332.86,326.305,329.63,63870
2020-10-27T04:00:00Z,333.375,336.83,330.54,333.9,57354
2020-10-26T04:00:00Z,335.98,340.45,325.765,331.69,88321
2020-10-23T04:00:00Z,327.335,334.01,323.29,333.795,78188
2020-10-22T04:00:00Z,325.91,327.06,316.6,325.795,160029
2020-10-21T04:00:00Z,330.995,336.395,325.18,325.18,103179
2020-10-20T04:00:00Z,337.29,337.86,330.29,330.29,114906
2020-10-19T04:00:00Z,351,352.31,336.06,336.06,77974
2020-10-16T04:00:00Z,356.71,358.565,348.65,349.99,56949
2020-10-15T04:00:00Z,345.19,354.6,345.01,353.59,62400
2020-10-14T04:00:00Z,358.53,358.53,346.305,352.11,49445
2020-10-13T04:00:00Z,349.39,359.12,348.21,356.45,94757
2020-10-12T04:00:00Z,351.55,351.55,342.83,348.165,101870
2020-10-09T04:00:00Z,340.31,349.31,338.75,346.66,114696
2020-10-08T04:00:00Z,343.5,343.5,337.17,338.045,61220
2020-10-07T04:00:00Z,333.52,339.2,333.48,338.865,58055
2020-10-06T04:00:00Z,337.075,338.9,327.5,329.425,52138
2020-10-05T04:00:00Z,334.55,337.93,327.18,337.87,63899
2020-10-02T04:00:00Z,332.57,338.705,327.99,332.95,80545
2020-10-01T04:00:00Z,333.1,343.09,333,341.11,88017
2020-09-30T04:00:00Z,328.73,334.13,327,329.48,46342
2020-09-29T04:00:00Z,319.08,325.17,316.31,323.85,38066
2020-09-28T04:00:00Z,317.82,319.185,311.03,318.77,40880
2020-09-25T04:00:00Z,316.215,316.47,308.81,315.405,40749
2020-09-24T04:00:00Z,311.625,320.75,305.08,315.52,127039
2020-09-23T04:00:00Z,325.26,331.615,314.06,316.71,208343
2020-09-22T04:00:00Z,298.305,314.15,297.08,313.85,259789
2020-09-21T04:00:00Z,289.39,295.575,287.32,295.5,144495
2020-09-18T04:00:00Z,302.03,304.495,291.1,294.88,137626
2020-09-17T04:00:00Z,302.27,308.735,301.805,303.235,85066
2020-09-16T04:00:00Z,316.76,316.8,309.6,310.05,72253
2020-09-15T04:00:00Z,317.96,318.745,312.855,315.395,39819
2020-09-14T04:00:00Z,315.315,317.12,311.33,313.82,47970
2020-09-11T04:00:00Z,322,322,309.28,313.72,84331
2020-09-10T04:00:00Z,328.24,335.51,317.87,320.12,60647
2020-09-09T04:00:00Z,334.5,334.5,315.41,323.5,263685
2020-09-08T04:00:00Z,350.56,364.71,349.535,350.135,144848
2020-09-04T04:00:00Z,371.89,375.76,346.345,361.63,99915
2020-09-03T04:00:00Z,393.65,396.655,376.37,377.93,122012
2020-09-02T04:00:00Z,396,399.79,388.02,398.415,47436
2020-09-01T04:00:00Z,375.69,390.99,374.07,390.93,50883
2020-08-31T04:00:00Z,377.47,379,373.01,375.54,75025
2020-08-28T04:00:00Z,377.45,380.37,376.86,377.48,32861
2020-08-27T04:00:00Z,383.535,383.8,373.97,374.85,58786
2020-08-26T04:00:00Z,381.415,383.005,377.08,381.34,41400
2020-08-25T04:00:00Z,376.085,380.53,372.87,378.54,32190
2020-08-24T04:00:00Z,372.01,377.79,369.85,376.42,44867
2020-08-21T04:00:00Z,367.45,369.68,364.82,368.88,33972
2020-08-20T04:00:00Z,357.14,367.88,357.14,367.01,44190
2020-08-19T04:00:00Z,360.04,364.785,356.47,360.64,27459
2020-08-18T04:00:00Z,353.28,360.73,352.7,359.02,33365
2020-08-17T04:00:00Z,351.79,355.64,350.115,354.9,17671
2020-08-14T04:00:00Z,350.6,350.61,345.15,348.95,61776
2020-08-13T04:00:00Z,349.04,354.345,346.84,350.45,35543
2020-08-12T04:00:00Z,338,346.28,338,345.5,23162
2020-08-11T04:00:00Z,342.1,344.21,334.87,335.51,47071
2020-08-10T04:00:00Z,342.575,345.89,337.805,344.31,24591
2020-08-07T04:00:00Z,338.595,343.64,337.11,342.165,34808
2020-08-06T04:00:00Z,341.18,342.41,334.72,339.07,23494
2020-08-05T04:00:00Z,329.505,343.36,329.26,340.61,36184
2020-08-04T04:00:00Z,327.575,329.75,324.6,328.24,29315
2020-08-03T04:00:00Z,327.06,331.16,324.21,328.445,25177
2020-07-31T04:00:00Z,324.52,325.115,319.76,325.115,33795
2020-07-30T04:00:00Z,322.12,325.2,318.435,323.72,28619
2020-07-29T04:00:00Z,322.07,329.44,322.07,325.165,29015
2020-07-28T04:00:00Z,331.54,333.13,322.05,322.64,40476
2020-07-27T04:00:00Z,324.545,332.67,323.54,331.68,101656
