2024-06-14T04:00:00Z,28.22,28.43,27.755,28.38,242217
2024-06-13T04:00:00Z,28.35,28.735,27.835,28.425,167146
2024-06-12T04:00:00Z,28.26,28.76,28.1,28.45,197175
2024-06-11T04:00:00Z,29.5,29.5,28.01,28.045,296489
2024-06-10T04:00:00Z,29.59,30.345,29.42,29.72,998758
2024-06-07T04:00:00Z,27.695,27.905,27.45,27.75,184017
2024-06-06T04:00:00Z,28.5,28.68,27.78,27.85,189196
2024-06-05T04:00:00Z,27.755,28.49,27.535,28.47,267691
2024-06-04T04:00:00Z,27.71,28.24,27.68,27.81,197223
2024-06-03T04:00:00Z,27.23,28.29,27.22,27.7,226040
2024-05-31T04:00:00Z,26.155,26.965,26.09,26.845,176786
2024-05-30T04:00:00Z,25.67,26.16,25.45,26.115,128740
2024-05-29T04:00:00Z,25.15,25.625,24.61,25.5,573656
2024-05-28T04:00:00Z,26.655,26.92,26.4,26.52,166353
2024-05-24T04:00:00Z,26.65,26.88,26.36,26.835,226639
2024-05-23T04:00:00Z,27.755,27.755,26.54,26.64,481699
2024-05-22T04:00:00Z,28.195,28.285,27.7,27.89,176510
2024-05-21T04:00:00Z,28.12,28.125,27.8,27.97,185469
2024-05-20T04:00:00Z,27.805,28.21,27.665,28.21,155004
2024-05-17T04:00:00Z,28.05,28.25,27.775,27.86,119449
2024-05-16T04:00:00Z,27.96,28.15,27.85,28.01,208771
2024-05-15T04:00:00Z,28.3,28.3,27.545,27.77,390429
2024-05-14T04:00:00Z,28.26,28.37,27.975,28.12,185446
2024-05-13T04:00:00Z,27.475,28.33,27.445,27.97,232317
2024-05-10T04:00:00Z,27.36,27.445,27.13,27.36,117930
2024-05-09T04:00:00Z,27.13,27.35,26.885,27.29,248193
2024-05-08T04:00:00Z,26.89,27.28,26.89,27.185,143115
2024-05-07T04:00:00Z,27.085,27.315,26.88,27.015,166809
2024-05-06T04:00:00Z,26.335,27.575,26.29,27.4,324027
2024-05-03T04:00:00Z,26.385,26.69,25.95,26.155,397791
2024-05-02T04:00:00Z,25.945,26.455,25.725,26.42,242072
2024-05-01T04:00:00Z,26.13,26.165,25.575,25.67,394505
2024-04-30T04:00:00Z,26.47,26.565,25.935,25.94,326667
2024-04-29T04:00:00Z,26.35,26.935,26.35,26.85,409157
2024-04-26T04:00:00Z,26.965,27.49,26.74,27.035,330926
2024-04-25T04:00:00Z,26.9,27.475,26.01,27.25,989698
2024-04-24T04:00:00Z,29.38,29.575,28.95,29.3,354561
2024-04-23T04:00:00Z,29.195,29.81,29.07,29.465,160113
2024-04-22T04:00:00Z,29.53,29.955,29.39,29.73,208298
2024-04-19T04:00:00Z,29.175,29.64,29.17,29.39,195057
2024-04-18T04:00:00Z,29.04,29.5,28.905,29.05,191612
2024-04-17T04:00:00Z,28.55,29.03,28.435,28.77,208351
2024-04-16T04:00:00Z,27.775,28.135,27.465,28.04,217266
2024-04-15T04:00:00Z,27.92,28.175,27.645,27.84,212759
2024-04-12T04:00:00Z,28.04,28.11,27.41,27.57,428892
2024-04-11T04:00:00Z,27.81,28.625,27.76,28.53,129017
2024-04-10T04:00:00Z,29.06,29.13,27.775,27.95,256319
2024-04-09T04:00:00Z,28.61,29.05,28.365,29.04,224360
2024-04-08T04:00:00Z,28.53,28.85,28.28,28.66,181011
2024-04-05T04:00:00Z,27.89,28.425,27.89,28.32,163619
2024-04-04T04:00:00Z,28.19,28.765,27.9,27.98,284811
2024-04-03T04:00:00Z,28.24,28.265,28,28.03,234157
2024-04-02T04:00:00Z,28.765,28.765,28.05,28.32,391634
2024-04-01T04:00:00Z,29.3,29.405,29.1,29.17,200357
2024-03-28T04:00:00Z,29.3,29.51,29.13,29.18,219973
2024-03-27T04:00:00Z,28.54,29.3,28.525,29.26,264805
2024-03-26T04:00:00Z,28.715,28.78,28.4,28.4,119933
2024-03-25T04:00:00Z,28.38,28.72,28.25,28.51,241920
2024-03-22T04:00:00Z,28.655,28.695,28.44,28.44,73953
2024-03-21T04:00:00Z,28.8,28.92,28.3,28.67,209596
2024-03-20T04:00:00Z,28.17,28.89,28.14,28.84,163735
2024-03-19T04:00:00Z,27.99,28.2,27.91,28.165,132236
2024-03-18T04:00:00Z,28.27,28.28,27.895,28,114037
2024-03-15T04:00:00Z,28.06,28.37,27.97,28.34,316095
2024-03-14T04:00:00Z,27.93,28.22,27.775,28.12,156337
2024-03-13T04:00:00Z,28.7,28.96,28.14,28.27,455544
2024-03-12T04:00:00Z,30.68,30.72,28.52,28.755,900580
2024-03-11T04:00:00Z,34.27,34.275,33.48,33.77,225446
2024-03-08T05:00:00Z,34.93,35.02,34.06,34.27,167938
2024-03-07T05:00:00Z,34.8,34.895,34.53,34.835,145752
2024-03-06T05:00:00Z,34.54,34.98,34.375,34.57,157854
2024-03-05T05:00:00Z,33.74,34.475,33.665,34.42,136886
2024-03-04T05:00:00Z,34.29,34.385,33.435,34.12,129454
2024-03-01T05:00:00Z,34.22,34.36,33.7,33.95,166622
2024-02-29T05:00:00Z,34.655,34.84,34.23,34.23,73493
2024-02-28T05:00:00Z,34.225,34.55,34.17,34.48,90826
2024-02-27T05:00:00Z,34.5,34.585,34.21,34.475,154574
2024-02-26T05:00:00Z,33.94,34.57,33.895,34.16,260511
2024-02-23T05:00:00Z,34.32,34.385,33.685,33.8,129280
2024-02-22T05:00:00Z,34.74,35.175,34.21,34.23,212503
2024-02-21T05:00:00Z,33.72,34.535,33.72,34.535,262740
2024-02-20T05:00:00Z,34.32,35.05,33.815,33.85,158010
2024-02-16T05:00:00Z,33.93,34.65,33.68,33.94,184746
2024-02-15T05:00:00Z,33.935,34.7,33.895,34.205,203385
2024-02-14T05:00:00Z,32.915,33.93,32.67,33.74,195767
2024-02-13T05:00:00Z,32.365,32.725,31.915,32.53,199345
2024-02-12T05:00:00Z,32.32,33.235,32.18,32.79,369262
2024-02-09T05:00:00Z,32.21,32.64,31.8,32.5,328615
2024-02-08T05:00:00Z,30.945,32.35,30.655,32.33,471054
2024-02-07T05:00:00Z,31,31.35,30.665,30.74,180111
2024-02-06T05:00:00Z,29.725,31.035,29.72,31.03,239970
2024-02-05T05:00:00Z,29.915,30.03,29.525,29.73,160982
2024-02-02T05:00:00Z,30.06,30.485,29.84,30.37,132752
2024-02-01T05:00:00Z,30.07,30.355,29.45,30.165,157355
2024-01-31T05:00:00Z,30.065,30.34,29.47,29.905,168750
2024-01-30T05:00:00Z,29.9,30.47,29.84,30.205,129917
2024-01-29T05:00:00Z,30.24,30.3,29.42,30.2,245624
2024-01-26T05:00:00Z,30.53,31.13,29.685,30.1,275980
2024-01-25T05:00:00Z,32.32,32.8,29.98,30.385,500301
2024-01-24T05:00:00Z,31.31,31.36,30.9,31.16,295860
2024-01-23T05:00:00Z,31.04,31.475,30.84,31.105,276110
2024-01-22T05:00:00Z,30.15,30.47,29.98,30.16,250211
2024-01-19T05:00:00Z,30.1,30.1,29.245,29.97,277694
2024-01-18T05:00:00Z,28.295,30.07,28.17,30.05,564554
2024-01-17T05:00:00Z,28.41,28.9,28.005,28.105,246791
2024-01-16T05:00:00Z,28.26,28.81,27.58,28.705,317237
2024-01-12T05:00:00Z,29.27,29.365,28.23,28.57,313133
2024-01-11T05:00:00Z,29.565,29.88,29.085,29.85,235230
2024-01-10T05:00:00Z,29.26,29.92,29.21,29.7,327779
2024-01-09T05:00:00Z,29.01,29.565,29.01,29.32,156607
2024-01-08T05:00:00Z,28.96,29.48,28.87,29.11,465733
2024-01-05T05:00:00Z,27.84,29.175,27.84,29.125,239669
2024-01-04T05:00:00Z,27.405,28.015,27.31,27.93,169200
2024-01-03T05:00:00Z,27.83,27.975,27.26,27.31,258225
2024-01-02T05:00:00Z,28.45,29.03,28.29,28.48,191162
2023-12-29T05:00:00Z,29.235,29.24,28.845,28.895,183341
2023-12-28T05:00:00Z,29.1,29.415,29.1,29.4,117649
2023-12-27T05:00:00Z,29.27,29.27,28.89,29.23,117755
2023-12-26T05:00:00Z,29.435,29.55,29.13,29.15,139980
2023-12-22T05:00:00Z,29.53,29.85,29.37,29.51,162648
2023-12-21T05:00:00Z,29.575,29.98,29.455,29.61,178415
2023-12-20T05:00:00Z,29.18,29.755,29.04,29.06,189121
2023-12-19T05:00:00Z,29.2,29.715,29.1,29.515,158499
2023-12-18T05:00:00Z,28.83,29.045,28.38,28.96,192893
2023-12-15T05:00:00Z,29.75,29.77,28.89,29.01,407121
2023-12-14T05:00:00Z,29.36,30.235,29.33,29.76,401034
2023-12-13T05:00:00Z,29.59,29.59,28.135,29.15,1789983
2023-12-12T05:00:00Z,29.425,30.47,29.425,30.3,563027
2023-12-11T05:00:00Z,28.995,29.355,28.775,29.33,249752
2023-12-08T05:00:00Z,28.975,29.17,28.655,29.06,297030
2023-12-07T05:00:00Z,28.825,29.58,28.825,29.16,546987
2023-12-06T05:00:00Z,27.57,28.43,27.5,27.98,375527
2023-12-05T05:00:00Z,27.27,27.27,26.835,27.175,382078
2023-12-04T05:00:00Z,26.65,27.32,26.425,27.32,613580
2023-12-01T05:00:00Z,25.66,26.685,25.55,26.685,235336
2023-11-30T05:00:00Z,25.49,25.62,25.07,25.59,285120
2023-11-29T05:00:00Z,25.09,25.67,25.09,25.32,475446
2023-11-28T05:00:00Z,24.43,24.86,24.23,24.81,96752
2023-11-27T05:00:00Z,24.66,24.78,24.32,24.43,195716
2023-11-24T05:00:00Z,24.82,24.93,24.665,24.88,57773
2023-11-22T05:00:00Z,25.14,25.345,24.51,24.71,134017
2023-11-21T05:00:00Z,24.98,25.01,24.505,24.63,184851
2023-11-20T05:00:00Z,24.53,25.22,24.53,25.14,177144
2023-11-17T05:00:00Z,24.455,24.85,24.25,24.79,176086
2023-11-16T05:00:00Z,24.92,25.045,24.185,24.29,391239
2023-11-15T05:00:00Z,24.53,25.045,24.41,24.95,219460
2023-11-14T05:00:00Z,23.7,24.365,23.48,24.3,203428
2023-11-13T05:00:00Z,22.7,23.225,22.68,23.085,137257
2023-11-10T05:00:00Z,23.15,23.295,22.685,23.155,273807
2023-11-09T05:00:00Z,24.21,24.245,23.315,23.355,239694
2023-11-08T05:00:00Z,23.7,24.32,23.65,24,169773
2023-11-07T05:00:00Z,23.58,23.685,23.25,23.56,160530
2023-11-06T05:00:00Z,23.96,23.99,23.26,23.53,142476
2023-11-03T04:00:00Z,23.62,23.89,23.4,23.69,280288
2023-11-02T04:00:00Z,22.63,23.175,22.46,23.17,185942
2023-11-01T04:00:00Z,22.065,22.455,21.915,22.24,177875
2023-10-31T04:00:00Z,22.27,22.48,21.93,22.23,379176
2023-10-30T04:00:00Z,22.5,22.53,22.01,22.505,342863
2023-10-27T04:00:00Z,22.925,23.32,22.22,22.35,318803
2023-10-26T04:00:00Z,23.61,24.05,22.855,23.405,538191
2023-10-25T04:00:00Z,24.01,24.01,23.58,23.61,419138
2023-10-24T04:00:00Z,24.385,24.47,23.83,23.905,169121
2023-10-23T04:00:00Z,24.08,24.92,23.98,24.28,194280
2023-10-20T04:00:00Z,24.305,24.53,24.14,24.19,274090
2023-10-19T04:00:00Z,24.655,24.955,24.355,24.365,213219
2023-10-18T04:00:00Z,25.38,25.38,24.675,24.695,134678
2023-10-17T04:00:00Z,25.52,25.965,25.52,25.79,131947
2023-10-16T04:00:00Z,25.585,25.71,25.275,25.61,165346
2023-10-13T04:00:00Z,25.32,25.45,25.075,25.36,209245
2023-10-12T04:00:00Z,26.2,26.22,25.285,25.45,194768
2023-10-11T04:00:00Z,26.63,27.115,26.14,26.2,156146
2023-10-10T04:00:00Z,26.85,27.22,26.585,26.65,231168
2023-10-09T04:00:00Z,26.48,26.565,25.97,26.5,257033
2023-10-06T04:00:00Z,27.14,27.475,26.805,27.075,223687
2023-10-05T04:00:00Z,27.41,27.515,27.08,27.25,332099
2023-10-04T04:00:00Z,26.905,27.66,26.87,27.19,450019
2023-10-03T04:00:00Z,27.16,27.375,26.7,26.82,262508
2023-10-02T04:00:00Z,27.08,27.335,26.97,27.18,118203
2023-09-29T04:00:00Z,27.35,27.5,26.9,27.07,153822
2023-09-28T04:00:00Z,26.7,27.425,26.625,27.215,154045
2023-09-27T04:00:00Z,26.56,26.98,26.475,26.81,219761
2023-09-26T04:00:00Z,27.415,27.6,26.55,26.565,241511
2023-09-25T04:00:00Z,27.76,27.795,27.365,27.49,112312
2023-09-22T04:00:00Z,28.36,28.36,28.03,28.05,134432
2023-09-21T04:00:00Z,28.4,28.795,28.28,28.285,100071
2023-09-20T04:00:00Z,29.14,29.2,28.515,28.53,143583
2023-09-19T04:00:00Z,29.03,29.135,28.675,28.93,171318
2023-09-18T04:00:00Z,29.5,29.565,29.065,29.075,137640
2023-09-15T04:00:00Z,28.865,29.74,28.865,29.685,260160
2023-09-14T04:00:00Z,29.1,29.11,28.6,28.95,287182
2023-09-13T04:00:00Z,28.6,28.94,28.365,28.785,253502
2023-09-12T04:00:00Z,29.4,29.59,29.18,29.28,103049
2023-09-11T04:00:00Z,29.545,29.665,29.15,29.41,147290
2023-09-08T04:00:00Z,29.45,29.575,29.07,29.53,288694
2023-09-07T04:00:00Z,29.89,30.115,29.39,29.43,192094
2023-09-06T04:00:00Z,29.94,30.85,29.75,29.98,306082
2023-09-05T04:00:00Z,31.005,31.255,30.585,30.79,221068
2023-09-01T04:00:00Z,31.74,31.76,31.255,31.41,152370
2023-08-31T04:00:00Z,31.775,31.835,31.37,31.625,150794
2023-08-30T04:00:00Z,31.72,31.765,31.44,31.63,54129
2023-08-29T04:00:00Z,31.23,31.965,31.145,31.81,119822
2023-08-28T04:00:00Z,31.45,31.73,30.885,31.09,94728
2023-08-25T04:00:00Z,31.21,31.4,30.885,31.225,106269
2023-08-24T04:00:00Z,31.33,31.75,31.22,31.22,77577
2023-08-23T04:00:00Z,31.46,31.69,31.425,31.58,83098
2023-08-22T04:00:00Z,32.05,32.075,31.345,31.505,212400
2023-08-21T04:00:00Z,32.315,32.48,31.77,31.91,280833
2023-08-18T04:00:00Z,31.98,32.35,31.94,32.16,146396
2023-08-17T04:00:00Z,32.92,32.97,32.185,32.235,105623
2023-08-16T04:00:00Z,32.96,33.765,32.92,32.92,113963
2023-08-15T04:00:00Z,33.165,33.31,32.89,33.125,111261
2023-08-14T04:00:00Z,33.48,33.665,33.385,33.53,85256
2023-08-11T04:00:00Z,33.81,33.915,33.415,33.7,117489
2023-08-10T04:00:00Z,34.025,34.125,33.36,33.835,241255
2023-08-09T04:00:00Z,33.625,33.75,33.295,33.625,203463
2023-08-08T04:00:00Z,32.57,33.925,32.57,33.745,195239
2023-08-07T04:00:00Z,32.73,32.99,32.17,32.98,239091
2023-08-04T04:00:00Z,32.48,32.93,32.34,32.705,254331
2023-08-03T04:00:00Z,32.6,32.985,32.15,32.25,335330
2023-08-02T04:00:00Z,33.105,33.6,33.06,33.37,223514
2023-08-01T04:00:00Z,33.89,33.89,33.06,33.44,296465
2023-07-31T04:00:00Z,33.47,34.49,33.47,34.17,301213
2023-07-28T04:00:00Z,32.76,33.675,32.71,33.66,227182
2023-07-27T04:00:00Z,33.78,33.78,32.66,33.025,903479
2023-07-26T04:00:00Z,35.755,36.365,35.4,36.27,333045
2023-07-25T04:00:00Z,35.93,35.935,34.855,35.56,325690
2023-07-24T04:00:00Z,37.025,37.38,36.915,37.23,144297
2023-07-21T04:00:00Z,37.325,37.455,36.87,37.27,104074
2023-07-20T04:00:00Z,37.1,37.32,36.52,37.08,157845
2023-07-19T04:00:00Z,36.745,37.4,36.745,37.38,476049
2023-07-18T04:00:00Z,36.055,36.75,35.92,36.75,165559
2023-07-17T04:00:00Z,36.27,36.555,36.135,36.26,221893
2023-07-14T04:00:00Z,36.95,37.155,36.17,36.375,125343
2023-07-13T04:00:00Z,39.17,39.17,37.035,37.05,331167
2023-07-12T04:00:00Z,39.43,39.52,38.49,38.555,216111
2023-07-11T04:00:00Z,38.49,39.275,38.48,39.18,115892
2023-07-10T04:00:00Z,37.665,38.425,37.655,38.41,238264
2023-07-07T04:00:00Z,37.175,37.995,37.16,37.61,103637
2023-07-06T04:00:00Z,36.83,37.11,36.53,37.11,152902
2023-07-05T04:00:00Z,36.9,37.37,36.48,37.22,240800
2023-07-03T04:00:00Z,36.12,37.125,36.12,37.02,112213
2023-06-30T04:00:00Z,36.05,36.235,35.91,36.21,126791
2023-06-29T04:00:00Z,35.52,35.965,35.27,35.92,212897
2023-06-28T04:00:00Z,35.28,35.545,35.07,35.47,155419
2023-06-27T04:00:00Z,34,35.445,34,35.25,205077
2023-06-26T04:00:00Z,33.91,34.45,33.855,34,236558
2023-06-23T04:00:00Z,33.56,34.06,33.56,34.02,219261
2023-06-22T04:00:00Z,34.38,34.38,33.89,34.265,190904
2023-06-21T04:00:00Z,34.425,34.48,33.93,34.325,228356
2023-06-20T04:00:00Z,33.88,34.62,33.88,34.48,211586
2023-06-16T04:00:00Z,34.17,34.405,33.83,34.26,184672
2023-06-15T04:00:00Z,33.5,34.055,33.485,33.98,330226
2023-06-14T04:00:00Z,32.715,33.64,32.715,33.58,453750
2023-06-13T04:00:00Z,31.625,32.525,31.61,32.45,310941
2023-06-12T04:00:00Z,30.98,31.85,30.975,31.455,177478
2023-06-09T04:00:00Z,30.68,30.925,30.545,30.655,121323
2023-06-08T04:00:00Z,30.77,30.89,30.445,30.595,93101
2023-06-07T04:00:00Z,30.55,30.81,30.42,30.8,108492
2023-06-06T04:00:00Z,29.74,30.425,29.74,30.385,94716
2023-06-05T04:00:00Z,30.175,30.27,29.9,29.995,152226
2023-06-02T04:00:00Z,29.46,30.63,29.38,30.07,138616
2023-06-01T04:00:00Z,30.055,30.055,29.085,29.12,133466
2023-05-31T04:00:00Z,30.055,30.115,29.65,29.875,196047
2023-05-30T04:00:00Z,29.885,30.195,29.64,29.81,110011
2023-05-26T04:00:00Z,29.3,29.855,29.27,29.66,102111
2023-05-25T04:00:00Z,28.955,29.41,28.885,29.235,232247
2023-05-24T04:00:00Z,29.375,29.375,28.825,28.94,198483
2023-05-23T04:00:00Z,29.4,30.155,29.37,29.48,114544
2023-05-22T04:00:00Z,29.55,29.55,29.1,29.33,66969
2023-05-19T04:00:00Z,29.99,30.05,29.425,29.48,67020
2023-05-18T04:00:00Z,29.685,30.06,29.455,29.95,132241
2023-05-17T04:00:00Z,28.81,30,28.75,29.89,154875
2023-05-16T04:00:00Z,28.885,29.15,28.53,28.54,131275
2023-05-15T04:00:00Z,28.57,29.105,28.565,29.05,127650
2023-05-12T04:00:00Z,29.12,29.12,28.4,28.63,96845
2023-05-11T04:00:00Z,29.06,29.1,28.83,28.97,70204
2023-05-10T04:00:00Z,29.69,29.69,28.77,29.235,152881
2023-05-09T04:00:00Z,29.475,29.74,29.265,29.625,95873
2023-05-08T04:00:00Z,29.47,29.875,29.47,29.605,134089
2023-05-05T04:00:00Z,29.66,29.885,29.61,29.67,123540
2023-05-04T04:00:00Z,30.66,30.7,29.27,29.27,244974
2023-05-03T04:00:00Z,30.085,31.155,29.975,30.79,213757
2023-05-02T04:00:00Z,30.53,30.53,29.635,29.95,164897
2023-05-01T04:00:00Z,30.29,30.675,30.095,30.625,256596
2023-04-28T04:00:00Z,29.86,30.495,29.64,30.3,286779
2023-04-27T04:00:00Z,29.42,30.025,28.82,29.87,856707
2023-04-26T04:00:00Z,31.205,31.7,30.87,30.905,269850
2023-04-25T04:00:00Z,31.82,31.97,31.115,31.305,131916
2023-04-24T04:00:00Z,32.25,32.46,31.715,32.17,98673
2023-04-21T04:00:00Z,32.28,32.45,31.94,32.155,75271
2023-04-20T04:00:00Z,32.23,32.675,32.08,32.215,145019
2023-04-19T04:00:00Z,31.87,32.635,31.8,32.45,132421
2023-04-18T04:00:00Z,32.48,32.655,31.07,32.05,438257
2023-04-17T04:00:00Z,31.78,32.37,31.78,32.31,149541
2023-04-14T04:00:00Z,32.25,32.395,31.485,31.67,136598
2023-04-13T04:00:00Z,32.53,32.56,31.715,32.22,218907
2023-04-12T04:00:00Z,32.43,32.57,31.305,32.25,317701
2023-04-11T04:00:00Z,32.28,32.935,32.125,32.7,239330
2023-04-10T04:00:00Z,31.44,32.185,31.44,32.17,141949
2023-04-06T04:00:00Z,31.725,31.815,31.365,31.595,92846
2023-04-05T04:00:00Z,31.445,31.61,31.115,31.58,136313
2023-04-04T04:00:00Z,31.98,31.99,31.295,31.71,119757
2023-04-03T04:00:00Z,32.125,32.32,31.645,31.69,195606
2023-03-31T04:00:00Z,32.11,32.56,32.08,32.54,132485
2023-03-30T04:00:00Z,31.795,32.165,31.755,31.825,251964
2023-03-29T04:00:00Z,31.08,31.45,30.89,31.45,168650
2023-03-28T04:00:00Z,30.2,30.7,30.2,30.63,123194
2023-03-27T04:00:00Z,30.17,30.365,29.81,30.15,168776
2023-03-24T04:00:00Z,29.385,29.68,28.955,29.63,157479
2023-03-23T04:00:00Z,30.28,30.5,29.31,29.62,128891
2023-03-22T04:00:00Z,31.17,31.335,30.07,30.09,167767
2023-03-21T04:00:00Z,30.59,31.165,30.375,31.05,260527
2023-03-20T04:00:00Z,30.03,30.375,29.875,30.065,286958
2023-03-17T04:00:00Z,30.09,30.39,29.755,30.03,136691
2023-03-16T04:00:00Z,29.52,30.58,29.445,30.48,251568
2023-03-15T04:00:00Z,29.86,30.2,29.415,29.74,610636
2023-03-14T04:00:00Z,31.66,31.885,30.12,30.555,380441
2023-03-13T04:00:00Z,32.135,32.145,30.98,31.07,293016
2023-03-10T05:00:00Z,32.99,33.005,32.015,32.78,279561
2023-03-09T05:00:00Z,33.76,34.345,32.815,33.09,270305
2023-03-08T05:00:00Z,33.455,33.92,33.405,33.895,205314
2023-03-07T05:00:00Z,33.68,34.09,33.305,33.365,234381
2023-03-06T05:00:00Z,34.275,34.475,33.605,33.76,161528
2023-03-03T05:00:00Z,34.26,34.45,33.92,34.185,114387
2023-03-02T05:00:00Z,33.43,33.925,33.345,33.92,135412
2023-03-01T05:00:00Z,33.55,33.835,33.46,33.66,104517
2023-02-28T05:00:00Z,33.61,33.96,33.375,33.57,88366
2023-02-27T05:00:00Z,33.94,34.115,33.5,33.53,155216
2023-02-24T05:00:00Z,33.15,33.605,33.065,33.58,145646
2023-02-23T05:00:00Z,33.81,33.905,33.38,33.635,153562
2023-02-22T05:00:00Z,33.67,33.99,33.365,33.61,154446
2023-02-21T05:00:00Z,34.91,34.91,33.605,33.77,306870
2023-02-17T05:00:00Z,35.27,35.475,35,35.325,147830
2023-02-16T05:00:00Z,35.38,35.48,34.89,35.39,171699
2023-02-15T05:00:00Z,35.11,35.845,35.05,35.725,208303
2023-02-14T05:00:00Z,35.11,35.65,34.81,35.505,174546
2023-02-13T05:00:00Z,34.56,35.195,34.52,35.065,67329
2023-02-10T05:00:00Z,34.45,34.7,34.16,34.565,81137
2023-02-09T05:00:00Z,35.52,35.835,34.83,34.85,120856
2023-02-08T05:00:00Z,35.98,36.075,35.32,35.33,138805
2023-02-07T05:00:00Z,35.915,36.385,35.62,36.225,101161
2023-02-06T05:00:00Z,35.975,36.35,35.855,36.035,129875
2023-02-03T05:00:00Z,36.44,36.78,36.3,36.345,117327
2023-02-02T05:00:00Z,35.71,37.305,35.55,36.81,411993
2023-02-01T05:00:00Z,35.48,36.12,35.155,35.625,244528
2023-01-31T05:00:00Z,35.625,36.055,35.5,35.77,167369
2023-01-30T05:00:00Z,36.04,36.875,35.44,35.48,203937
2023-01-27T05:00:00Z,35.61,36.39,35.55,36.23,130306
2023-01-26T05:00:00Z,36.025,36.35,34.825,35.69,397700
2023-01-25T05:00:00Z,36.41,36.89,36.27,36.86,169671
2023-01-24T05:00:00Z,36.63,36.96,36.465,36.67,71467
2023-01-23T05:00:00Z,37,37.12,36.54,36.68,191847
2023-01-20T05:00:00Z,36.78,37.1,36.47,37.07,222415
2023-01-19T05:00:00Z,35.93,36.655,35.74,36.45,232458
2023-01-18T05:00:00Z,37.595,37.595,35.815,36.31,243105
2023-01-17T05:00:00Z,37.03,37.05,36.45,37.04,448951
2023-01-13T05:00:00Z,36.01,37.015,35.91,37,151902
2023-01-12T05:00:00Z,36.46,37.02,36.125,36.98,164400
2023-01-11T05:00:00Z,35.63,36.41,35.47,35.97,218653
2023-01-10T05:00:00Z,35.44,36.24,35.22,36.205,131341
2023-01-09T05:00:00Z,34.96,35.925,34.96,35.61,183590
2023-01-06T05:00:00Z,33,35.125,32.9,35.095,202013
2023-01-05T05:00:00Z,33.36,33.77,33.3,33.52,126168
2023-01-04T05:00:00Z,32.775,34.02,32.775,33.635,194959
2023-01-03T05:00:00Z,33.92,33.92,32.11,32.58,318176
2022-12-30T05:00:00Z,33.17,33.865,33.145,33.675,182900
2022-12-29T05:00:00Z,32.39,33.555,32.22,33.39,257305
2022-12-28T05:00:00Z,33.5,33.575,32.2,32.2,392776
2022-12-27T05:00:00Z,34.675,34.79,33.655,33.95,309162
2022-12-23T05:00:00Z,35.37,36.095,35.21,36.08,90304
2022-12-22T05:00:00Z,36.47,36.6,35.125,35.45,124850
2022-12-21T05:00:00Z,36.71,37.03,36.555,36.6,75547
2022-12-20T05:00:00Z,36.5,36.75,36.31,36.39,71823
2022-12-19T05:00:00Z,37.36,37.575,36.345,36.35,99599
2022-12-16T05:00:00Z,37,37.6,36.755,37.26,102128
2022-12-15T05:00:00Z,37.77,37.92,36.995,37.29,188153
2022-12-14T05:00:00Z,38.07,38.445,37.755,38.135,173114
2022-12-13T05:00:00Z,39.84,39.84,37.205,37.77,250423
2022-12-12T05:00:00Z,37.96,38.97,37.8,38.95,164132
2022-12-09T05:00:00Z,37.305,38.075,37.16,38.005,136631
2022-12-08T05:00:00Z,38.18,38.565,37.34,37.49,244332
2022-12-07T05:00:00Z,39.27,39.27,37.425,37.81,285684
2022-12-06T05:00:00Z,39.69,39.83,39.35,39.68,141095
2022-12-05T05:00:00Z,39.58,40.375,39.145,39.51,149460
2022-12-02T05:00:00Z,39.755,39.89,39.41,39.75,103067
2022-12-01T05:00:00Z,40,40.2,39.74,40.06,218366
2022-11-30T05:00:00Z,39.24,39.93,38.815,39.92,124309
2022-11-29T05:00:00Z,38.76,39.37,38.705,39.22,96274
2022-11-28T05:00:00Z,38.97,39.13,38.48,38.57,121580
2022-11-25T05:00:00Z,38.71,39.575,38.71,39.24,117241
2022-11-23T05:00:00Z,38.26,38.93,38.14,38.61,161284
2022-11-22T05:00:00Z,37.94,38.225,37.42,38.175,110309
2022-11-21T05:00:00Z,38.055,38.4,37.685,37.775,65491
2022-11-18T05:00:00Z,38.34,38.63,37.74,38.12,89396
2022-11-17T05:00:00Z,37.38,37.7,37.31,37.64,103900
2022-11-16T05:00:00Z,38.15,38.325,37.805,37.99,96085
2022-11-15T05:00:00Z,38.25,38.965,38.1,38.62,200869
2022-11-14T05:00:00Z,38.11,38.285,37.75,37.75,215502
2022-11-11T05:00:00Z,39.17,39.25,38.315,38.37,299362
2022-11-10T05:00:00Z,38.21,39.18,37.84,38.81,233139
2022-11-09T05:00:00Z,37.15,37.725,36.955,37.21,162849
2022-11-08T05:00:00Z,37.28,37.62,37.03,37.45,215662
2022-11-07T05:00:00Z,37.57,37.66,36.79,37.41,169738
2022-11-04T04:00:00Z,37.76,37.99,36.84,37.07,154317
2022-11-03T04:00:00Z,35.91,37.24,35.48,36.95,249699
2022-11-02T04:00:00Z,36.675,37.58,36.49,36.51,191215
2022-11-01T04:00:00Z,36.83,37.09,36.62,36.93,174374
2022-10-31T04:00:00Z,36.35,36.56,35.71,36.365,222494
2022-10-28T04:00:00Z,35.62,36.325,34.99,36.22,261279
2022-10-27T04:00:00Z,35.39,36.075,34.97,35.29,376596
2022-10-26T04:00:00Z,34.62,35.33,34.31,34.37,229578
2022-10-25T04:00:00Z,33.39,34.785,33.39,34.615,204715
2022-10-24T04:00:00Z,33.115,33.805,32.98,33.735,113606
2022-10-21T04:00:00Z,32.63,33.4,32.4,33.09,265609
2022-10-20T04:00:00Z,33.24,33.69,32.79,32.8,161154
2022-10-19T04:00:00Z,33.94,34.2,32.76,33.13,260847
2022-10-18T04:00:00Z,33.39,33.615,33,33.33,155719
2022-10-17T04:00:00Z,33.62,33.62,32.415,32.73,149675
2022-10-14T04:00:00Z,33.08,33.3,32.305,32.755,191025
2022-10-13T04:00:00Z,31.18,32.8,30.69,32.425,263567
2022-10-12T04:00:00Z,31.135,31.775,31.02,31.6,111692
2022-10-11T04:00:00Z,32.5,32.59,30.925,31.4,174936
2022-10-10T04:00:00Z,32.025,32.27,31.63,31.66,142878
2022-10-07T04:00:00Z,32.32,32.32,31.45,31.875,103241
2022-10-06T04:00:00Z,32.945,33.2,32.415,32.53,87176
2022-10-05T04:00:00Z,32.35,33.28,32.35,33.02,122231
2022-10-04T04:00:00Z,32.115,33.305,32.095,33.18,145024
2022-10-03T04:00:00Z,30.82,31.365,30.21,31.21,150530
2022-09-30T04:00:00Z,31.41,31.555,30.8,30.87,233816
2022-09-29T04:00:00Z,32.005,32.025,31.41,31.66,140822
2022-09-28T04:00:00Z,31.51,32.55,31.47,32.425,326381
2022-09-27T04:00:00Z,31.81,32.025,31.205,31.525,269990
2022-09-26T04:00:00Z,31.96,32.27,31.305,31.38,135470
2022-09-23T04:00:00Z,32.42,32.54,31.57,32.06,203940
2022-09-22T04:00:00Z,34,34.05,32.765,32.98,195427
2022-09-21T04:00:00Z,34.65,35.265,34.13,34.13,176354
2022-09-20T04:00:00Z,35.53,35.57,34.73,35.085,140837
2022-09-19T04:00:00Z,34.67,36.05,34.63,35.89,215273
2022-09-16T04:00:00Z,36.32,36.32,34.67,34.725,311454
2022-09-15T04:00:00Z,37.76,37.81,36.885,36.89,368191
2022-09-14T04:00:00Z,37.34,38.055,36.685,38.045,155955
2022-09-13T04:00:00Z,37.835,38.11,37.27,37.475,160360
2022-09-12T04:00:00Z,38.73,39.12,38.6,38.79,136423
2022-09-09T04:00:00Z,37.82,38.46,37.79,38.39,202597
2022-09-08T04:00:00Z,37.28,37.77,36.98,37.665,132410
2022-09-07T04:00:00Z,36.815,37.86,36.815,37.8,164203
2022-09-06T04:00:00Z,37.085,37.335,36.32,36.735,171472
2022-09-02T04:00:00Z,37.03,37.5,36.515,36.74,113560
2022-09-01T04:00:00Z,36.32,36.64,35.845,36.63,123011
2022-08-31T04:00:00Z,37.46,37.66,36.68,36.69,110265
2022-08-30T04:00:00Z,37.77,37.86,37,37.195,165676
2022-08-29T04:00:00Z,37,37.685,36.98,37.445,208420
2022-08-26T04:00:00Z,38.66,38.715,37.425,37.54,154098
2022-08-25T04:00:00Z,38.07,38.86,38.015,38.56,113026
2022-08-24T04:00:00Z,37.56,38.07,37.45,37.78,211622
2022-08-23T04:00:00Z,37.575,37.95,37.365,37.445,437377
2022-08-22T04:00:00Z,37.27,37.485,36.94,37.48,181203
2022-08-19T04:00:00Z,38.55,38.55,37.635,37.87,149244
2022-08-18T04:00:00Z,38.95,39.05,38.445,38.97,113076
2022-08-17T04:00:00Z,39.335,39.64,38.38,38.93,165711
2022-08-16T04:00:00Z,39.62,40.195,39.37,39.87,139048
2022-08-15T04:00:00Z,39.3,40.385,39.3,39.65,224268
2022-08-12T04:00:00Z,39.42,39.535,38.96,39.465,78337
2022-08-11T04:00:00Z,39.94,39.98,38.885,38.97,171637
2022-08-10T04:00:00Z,39.16,39.64,39.04,39.28,88860
2022-08-09T04:00:00Z,38.78,39.05,38.065,38.345,100654
2022-08-08T04:00:00Z,38.98,39.655,38.98,39.07,163845
2022-08-05T04:00:00Z,38.375,38.97,38.365,38.815,93931
2022-08-04T04:00:00Z,39.15,39.46,38.69,38.765,154686
2022-08-03T04:00:00Z,37.85,39.18,37.81,39,200690
2022-08-02T04:00:00Z,37.91,38.38,37.565,37.62,168552
2022-08-01T04:00:00Z,38.01,38.465,37.365,38.34,161769
2022-07-29T04:00:00Z,37.85,38.41,37.68,38.14,278206
2022-07-28T04:00:00Z,38.34,38.62,36.97,38.15,453605
2022-07-27T04:00:00Z,40.86,41.06,40.03,40.79,342021
2022-07-26T04:00:00Z,40.13,40.36,39.5,39.6,251257
2022-07-25T04:00:00Z,40.2,40.66,39.695,40.64,196438
2022-07-22T04:00:00Z,41.13,41.26,40.22,40.23,372339
2022-07-21T04:00:00Z,40.625,40.905,40.12,40.9,345861
2022-07-20T04:00:00Z,41.46,41.75,40.88,41.495,215290
2022-07-19T04:00:00Z,40.57,41.64,40.57,41.49,159395
2022-07-18T04:00:00Z,40.28,40.88,39.77,39.94,207499
2022-07-15T04:00:00Z,39.19,39.7,38.39,39.57,246759
2022-07-14T04:00:00Z,38.41,39.29,38.2,38.45,329644
2022-07-13T04:00:00Z,37.24,38.865,37.05,38.805,346452
2022-07-12T04:00:00Z,37.4,39.06,37.31,38.535,253158
2022-07-11T04:00:00Z,36.405,37.035,36.22,36.84,241803
2022-07-08T04:00:00Z,36.8,37.06,36.29,36.7,173046
2022-07-07T04:00:00Z,36.83,37.095,36.345,36.72,194359
2022-07-06T04:00:00Z,36.28,36.905,35.81,36.33,175894
2022-07-05T04:00:00Z,35.78,36.55,35.12,36.53,335621
2022-07-01T04:00:00Z,36.07,36.93,35.86,36.74,174250
2022-06-30T04:00:00Z,35.31,36.3,34.88,36.16,329537
2022-06-29T04:00:00Z,36.4,36.51,35.845,36.17,180501
2022-06-28T04:00:00Z,37.68,38.375,36.55,36.66,350630
2022-06-27T04:00:00Z,37.795,37.795,36.82,37,198694
2022-06-24T04:00:00Z,36,37.835,36,37.72,270420
2022-06-23T04:00:00Z,36.09,36.23,34.915,35.93,224957
2022-06-22T04:00:00Z,35.28,35.96,34.86,35.66,172416
2022-06-21T04:00:00Z,36.12,36.31,35.19,35.33,304180
2022-06-17T04:00:00Z,35.15,35.86,34.37,35.64,369315
2022-06-16T04:00:00Z,36.155,36.245,34.72,35,493780
2022-06-15T04:00:00Z,37.695,38.11,36.71,37.22,376342
2022-06-14T04:00:00Z,38.19,38.19,36.46,37.235,400046
2022-06-13T04:00:00Z,39.06,39.26,37.415,37.62,306769
2022-06-10T04:00:00Z,41.29,41.99,39.94,40.155,242996
2022-06-09T04:00:00Z,43.19,43.31,42.02,42.035,200305
2022-06-08T04:00:00Z,44.135,44.63,43.22,43.37,152756
2022-06-07T04:00:00Z,44.04,44.9,43.71,44.88,82719
2022-06-06T04:00:00Z,44.23,44.825,43.9,44.41,76563
2022-06-03T04:00:00Z,43.93,44.12,43.1,43.83,116509
2022-06-02T04:00:00Z,44.07,44.59,43.61,44.59,163971
2022-06-01T04:00:00Z,46.305,46.38,44,44.14,138423
2022-05-31T04:00:00Z,44.945,46.28,44.79,45.86,219266
2022-05-27T04:00:00Z,45.4,46.11,45.38,45.795,87218
2022-05-26T04:00:00Z,43.4,45.43,43.38,45.01,202234
2022-05-25T04:00:00Z,41.5,42.54,41.41,42.45,117803
2022-05-24T04:00:00Z,42.7,42.74,41.585,41.68,154816
2022-05-23T04:00:00Z,43.53,43.68,42.59,43.4,112786
2022-05-20T04:00:00Z,44.33,44.4,41.655,42.66,184357
2022-05-19T04:00:00Z,43.79,44.425,43.4,43.59,204322
2022-05-18T04:00:00Z,44.82,45.315,44.03,44.24,239205
2022-05-17T04:00:00Z,44.47,45.16,44.06,45.1,146862
2022-05-16T04:00:00Z,42.8,43.7,42.65,43.16,118895
2022-05-13T04:00:00Z,42.98,43.29,42.575,43,172705
2022-05-12T04:00:00Z,42.405,43.48,41.435,42.35,258318
2022-05-11T04:00:00Z,44.67,45.5,42.925,43.01,242432
2022-05-10T04:00:00Z,44.42,45.4,43.69,44.58,248899
2022-05-09T04:00:00Z,45.485,45.72,43.455,43.77,224116
2022-05-06T04:00:00Z,46.69,46.73,45.38,46.12,140855
2022-05-05T04:00:00Z,47.3,47.98,46.57,47.07,142501
2022-05-04T04:00:00Z,46.94,48.165,46.525,48.08,174929
2022-05-03T04:00:00Z,46.91,47.47,46.05,47.24,236479
2022-05-02T04:00:00Z,46.48,47.035,45.27,46.53,214880
2022-04-29T04:00:00Z,47.06,48.115,46.575,46.73,348992
2022-04-28T04:00:00Z,47.51,47.51,46.09,46.91,573313
2022-04-27T04:00:00Z,44.83,46.2,44.545,45.94,263611
2022-04-26T04:00:00Z,45.95,46.32,44.76,45.03,256891
2022-04-25T04:00:00Z,46.31,46.51,45.28,46.45,260324
2022-04-22T04:00:00Z,48.4,48.88,46.82,46.85,219768
2022-04-21T04:00:00Z,48.85,50.09,48.23,48.39,565503
2022-04-20T04:00:00Z,47.52,48.05,47.17,47.32,397557
2022-04-19T04:00:00Z,46.77,47.69,46.66,47.375,201697
2022-04-18T04:00:00Z,46.455,46.865,46.05,46.27,239683
2022-04-14T04:00:00Z,46.46,47.135,46.32,46.77,373297
2022-04-13T04:00:00Z,44.28,46.07,44.175,46.05,434986
2022-04-12T04:00:00Z,42.9,42.93,42.17,42.79,243190
2022-04-11T04:00:00Z,41.23,42.945,41.07,42.64,311008
2022-04-08T04:00:00Z,42.3,42.4,41.19,41.25,335505
2022-04-07T04:00:00Z,43.37,43.415,41.28,42.39,459268
2022-04-06T04:00:00Z,44.25,44.3,42.61,43.74,253057
2022-04-05T04:00:00Z,45.82,46.19,44.62,45.21,212529
2022-04-04T04:00:00Z,45.785,46.09,45.01,45.92,94709
2022-04-01T04:00:00Z,45.95,46.25,45.48,45.9,139649
2022-03-31T04:00:00Z,45.76,46.39,45.65,45.82,178248
2022-03-30T04:00:00Z,44.93,45.69,44.81,45.58,202883
2022-03-29T04:00:00Z,45.41,46.19,45.07,45.32,221697
2022-03-28T04:00:00Z,44.74,44.9,43.89,44.42,195319
2022-03-25T04:00:00Z,44.14,44.72,43.95,44.4,142263
2022-03-24T04:00:00Z,43.125,43.995,42.65,43.92,152247
2022-03-23T04:00:00Z,42.7,43.33,42.68,42.88,134335
2022-03-22T04:00:00Z,43.12,43.51,42.655,43.07,115004
2022-03-21T04:00:00Z,42.5,43.16,42.26,42.78,243574
2022-03-18T04:00:00Z,42.37,43.49,42.29,43.22,306358
2022-03-17T04:00:00Z,42.04,42.79,41.82,42.78,319293
2022-03-16T04:00:00Z,42.85,43.22,41.825,43.12,451979
2022-03-15T04:00:00Z,41.975,43.325,41.225,42.06,390693
2022-03-14T04:00:00Z,40.555,41.06,39.205,40.11,207563
2022-03-11T05:00:00Z,41.77,41.855,40.11,40.23,310946
2022-03-10T05:00:00Z,40.1,41.455,39.66,41.04,232669
2022-03-09T05:00:00Z,40.855,41.38,40.04,40.645,437415
2022-03-07T05:00:00Z,40.3,40.63,36.77,37.19,578582
2022-03-04T05:00:00Z,40.945,41.125,40.1,40.72,220490
2022-03-03T05:00:00Z,43.25,43.3,41.415,41.67,342493
2022-03-02T05:00:00Z,42.58,43.05,41.98,42.32,252428
2022-03-01T05:00:00Z,43.35,43.4,41.29,41.96,310421
2022-02-28T05:00:00Z,44.32,44.805,43.305,43.81,303322
2022-02-25T05:00:00Z,44.795,45.63,44.62,45.15,209291
2022-02-24T05:00:00Z,41.56,44.51,41.21,44.32,330751
2022-02-23T05:00:00Z,46,46.2,43.96,43.99,179829
2022-02-22T05:00:00Z,45.43,46.235,45.1,45.63,167996
2022-02-18T05:00:00Z,46.26,46.88,45.8,45.98,132959
2022-02-17T05:00:00Z,46.83,47.085,46.03,46.415,133347
2022-02-16T05:00:00Z,46.9,47.6,46.84,47.425,129199
2022-02-15T05:00:00Z,46.48,47.415,46.43,47.29,241012
2022-02-14T05:00:00Z,45.78,46.35,44.925,45.37,163514
2022-02-11T05:00:00Z,46.545,46.985,44.735,45.53,218283
2022-02-10T05:00:00Z,46.85,47.455,46.39,46.53,183441
2022-02-09T05:00:00Z,46.4,47.725,46.4,47.02,208650
2022-02-08T05:00:00Z,44.98,46.155,44.76,46.07,216856
2022-02-07T05:00:00Z,44.495,45.095,43.94,44.59,187150
2022-02-04T05:00:00Z,43.16,43.95,42.84,43.67,117999
2022-02-03T05:00:00Z,44.09,44.37,43.345,43.45,155167
2022-02-02T05:00:00Z,44.69,44.955,43.64,44.28,191537
2022-02-01T05:00:00Z,45.01,45.82,44.86,45.17,166214
2022-01-31T05:00:00Z,42.35,44.825,42.35,44.76,217835
2022-01-28T05:00:00Z,42.68,42.95,40.66,42.94,291489
2022-01-27T05:00:00Z,43.29,44.52,42.47,42.82,267083
2022-01-26T05:00:00Z,44.38,45.35,43.35,43.66,263664
2022-01-25T05:00:00Z,43.32,44.15,42.95,43.86,170871
2022-01-24T05:00:00Z,42.35,43.11,42.07,42.75,50570
2022-01-21T05:00:00Z,44.25,44.38,43.16,43.35,340136
2022-01-20T05:00:00Z,44.73,45.73,44.26,44.33,110356
2022-01-19T05:00:00Z,45.41,45.675,44.405,44.44,106110
2022-01-18T05:00:00Z,45.5,46.155,45.21,45.42,141635
2022-01-14T05:00:00Z,45.43,45.91,44.99,45.81,151919
2022-01-13T05:00:00Z,45.32,46.46,45.32,45.83,191019
2022-01-12T05:00:00Z,45.56,45.905,44.73,45.21,189219
2022-01-11T05:00:00Z,45.37,46.245,45.3,45.83,96443
2022-01-10T05:00:00Z,45.44,45.655,44.32,45.23,212847
2022-01-07T05:00:00Z,44.24,45.67,44.13,45.355,152472
2022-01-06T05:00:00Z,44.39,44.68,43.09,43.88,148034
2022-01-05T05:00:00Z,44.92,45.2,43.81,43.985,284043
2022-01-04T05:00:00Z,44.85,45.515,44.51,44.66,382650
2022-01-03T05:00:00Z,43.2,44.26,42.52,44.005,652375
2021-12-31T05:00:00Z,42.825,43.12,42.66,42.84,165235
2021-12-30T05:00:00Z,41.95,43.165,41.9,42.73,205257
2021-12-29T05:00:00Z,42.11,42.535,41.81,42.16,204736
2021-12-28T05:00:00Z,41.59,42.755,41.59,42.28,125432
2021-12-27T05:00:00Z,40.97,41.895,40.69,41.76,134429
2021-12-23T05:00:00Z,41.79,41.955,41.23,41.87,146788
2021-12-22T05:00:00Z,40.8,41.595,40.57,41.12,146271
2021-12-21T05:00:00Z,39.71,41.37,39.65,40.87,336044
2021-12-20T05:00:00Z,38.74,39.93,38.69,39.36,228964
2021-12-17T05:00:00Z,39.55,40.475,39.09,39.66,318904
2021-12-16T05:00:00Z,40.58,40.65,39.44,39.53,415920
2021-12-15T05:00:00Z,40.14,40.345,39.36,40.1,178769
2021-12-14T05:00:00Z,40.37,41.21,40.08,40.24,244612
2021-12-13T05:00:00Z,41.435,41.72,40.07,40.465,463434
2021-12-10T05:00:00Z,42.44,42.91,41.56,41.98,443968
2021-12-09T05:00:00Z,44.05,44.355,43.39,43.6,427503
2021-12-08T05:00:00Z,44.58,46.265,44.58,45.25,351338
2021-12-07T05:00:00Z,46.24,46.73,44.855,45.23,351187
2021-12-06T05:00:00Z,45.025,46.94,45.025,45.57,342244
2021-12-03T05:00:00Z,45.05,45.585,43.66,44.26,188320
2021-12-02T05:00:00Z,43.17,45.56,42.87,45.34,494849
2021-12-01T05:00:00Z,45.03,45.47,42.4,42.55,308150
2021-11-30T05:00:00Z,44,44.77,43.185,44.45,199611
2021-11-29T05:00:00Z,45.72,45.885,44.215,44.54,232164
2021-11-26T05:00:00Z,44.83,45.475,43.9,44.945,265987
2021-11-24T05:00:00Z,46.5,47.105,46.3,47,100842
2021-11-23T05:00:00Z,48.11,48.29,46.93,46.99,127107
2021-11-22T05:00:00Z,46.97,48,46.97,47.72,184053
2021-11-19T05:00:00Z,46.15,46.98,45.385,46.84,252507
2021-11-18T05:00:00Z,47.23,47.39,46.035,46.37,144997
2021-11-17T05:00:00Z,47.4,47.6,46.9,47.385,222274
2021-11-16T05:00:00Z,48.45,48.55,47.5,47.6,167512
2021-11-15T05:00:00Z,49.07,49.36,48.65,49.14,71779
2021-11-12T05:00:00Z,48.99,49,47.835,48.43,495531
2021-11-11T05:00:00Z,49.75,49.97,49.075,49.08,155211
2021-11-10T05:00:00Z,50.15,50.79,49.37,49.68,127457
2021-11-09T05:00:00Z,51.08,51.35,50.3,50.91,267121
2021-11-08T05:00:00Z,52.54,52.69,51.21,51.37,120464
2021-11-05T04:00:00Z,51.07,52.54,51.07,52.22,386749
2021-11-04T04:00:00Z,49.72,49.72,48.72,49.045,155331
2021-11-03T04:00:00Z,48.9,49.82,48.65,49.46,126629
2021-11-02T04:00:00Z,49.14,49.37,48.675,48.915,123823
2021-11-01T04:00:00Z,47.4,49.125,47.1,49.125,239644
2021-10-29T04:00:00Z,47.05,47.36,46.76,47.27,126157
2021-10-28T04:00:00Z,46.62,47.425,46.475,47.24,118839
2021-10-27T04:00:00Z,47.58,47.64,46.52,46.58,93570
2021-10-26T04:00:00Z,48,48.14,47.32,47.595,160018
2021-10-22T04:00:00Z,48.15,48.42,47.415,47.63,186303
2021-10-21T04:00:00Z,49.275,49.37,48.425,48.67,300459
2021-10-20T04:00:00Z,49.08,49.96,48.89,49.48,161629
2021-10-19T04:00:00Z,49.595,49.83,49.215,49.38,159675
2021-10-18T04:00:00Z,50.01,50.63,49.655,49.77,152054
2021-10-15T04:00:00Z,52.23,52.48,50.31,50.36,129999
2021-10-14T04:00:00Z,51.63,52.07,51.41,51.5,117126
2021-10-13T04:00:00Z,51.89,51.89,50.67,51.26,139015
2021-10-12T04:00:00Z,51.69,52.41,51.415,52.18,111939
2021-10-11T04:00:00Z,51.97,53.285,51.62,51.65,263889
2021-10-08T04:00:00Z,54.22,54.33,53.535,53.92,74354
2021-10-07T04:00:00Z,54.925,54.95,54.01,54.05,126892
2021-10-06T04:00:00Z,53.5,54.49,52.94,54.455,186857
2021-10-05T04:00:00Z,55.005,55.46,54.44,54.48,117580
2021-10-04T04:00:00Z,55.91,56.295,54.82,55.04,308412
2021-10-01T04:00:00Z,53.77,54.71,52.73,54.36,258894
2021-09-30T04:00:00Z,51.97,52.18,50.89,51.425,218136
2021-09-29T04:00:00Z,53.31,53.32,52.46,52.54,89353
2021-09-28T04:00:00Z,52.91,53.595,52.595,53.06,227379
2021-09-27T04:00:00Z,53.56,54.37,52.865,52.96,138656
2021-09-24T04:00:00Z,52.6,53.19,52.25,52.89,122172
2021-09-23T04:00:00Z,51.24,52.785,51.06,52.31,265456
2021-09-22T04:00:00Z,49.42,51.21,49.37,50.635,273855
2021-09-21T04:00:00Z,49.76,50.27,48.835,49.17,159880
2021-09-20T04:00:00Z,48.67,49.64,48.02,49.59,185898
2021-09-17T04:00:00Z,49.365,49.8,48.58,49.09,112917
2021-09-16T04:00:00Z,48.76,49.51,48.63,49.115,239596
2021-09-15T04:00:00Z,48.02,48.48,47.395,48.46,78759
2021-09-14T04:00:00Z,48.58,48.84,47.73,48.03,120150
2021-09-13T04:00:00Z,48.51,49.06,47.525,48.735,144309
2021-09-10T04:00:00Z,49.41,49.41,47.875,47.885,236031
2021-09-09T04:00:00Z,47.945,50.175,47.895,49.245,121818
2021-09-08T04:00:00Z,48.8,49.35,48.1,48.11,111644
2021-09-07T04:00:00Z,48.34,48.73,47.99,48.545,186099
2021-09-03T04:00:00Z,49.31,49.8,48.67,48.87,71682
2021-09-02T04:00:00Z,49.675,50.15,49.08,49.61,162160
2021-09-01T04:00:00Z,49.99,50.1,49.435,49.56,68183
2021-08-31T04:00:00Z,49.045,50.02,49.02,49.77,122267
2021-08-30T04:00:00Z,50.97,50.97,49.115,49.16,148830
2021-08-27T04:00:00Z,50.46,51.33,50.38,50.89,115443
2021-08-26T04:00:00Z,50.75,51.29,49.86,50.27,144969
2021-08-25T04:00:00Z,50.87,52,50.34,51.27,428552
2021-08-24T04:00:00Z,49.5,51.095,49.5,50.81,314936
2021-08-23T04:00:00Z,48.05,48.94,48.05,48.7,413736
2021-08-20T04:00:00Z,47.37,47.85,47.295,47.39,124910
2021-08-19T04:00:00Z,48.175,48.38,46.98,47.43,216603
2021-08-18T04:00:00Z,48.43,49.445,48.36,48.41,122127
2021-08-17T04:00:00Z,49.35,49.365,48.155,48.73,130775
2021-08-16T04:00:00Z,49.98,50.41,49.47,50.12,136850
2021-08-13T04:00:00Z,50.9,51,50.29,50.415,160659
2021-08-12T04:00:00Z,51.355,51.52,50.58,51,119497
2021-08-11T04:00:00Z,49.91,51.965,49.885,51.85,210325
2021-08-10T04:00:00Z,49.8,51.625,49.61,51.11,145030
2021-08-09T04:00:00Z,49.915,50.07,48.95,49.725,151279
2021-08-06T04:00:00Z,51.01,51.14,50.07,50.72,107386
2021-08-05T04:00:00Z,49.13,50.75,49.085,50.46,158608
2021-08-04T04:00:00Z,49.56,50.17,48.505,48.895,245748
2021-08-03T04:00:00Z,49.81,50.635,49.145,50.635,142821
2021-08-02T04:00:00Z,50.54,51.48,49.645,49.75,156226
2021-07-30T04:00:00Z,50.97,51.75,50.385,50.51,99611
2021-07-29T04:00:00Z,52.18,52.36,51.55,51.555,87251
2021-07-28T04:00:00Z,51.36,52.11,50.84,51.755,148065
2021-07-27T04:00:00Z,51.27,51.69,50.755,51.16,137806
2021-07-26T04:00:00Z,50.52,51.845,50.52,51.79,141386
2021-07-23T04:00:00Z,51.545,51.97,50.57,50.7,185957
2021-07-22T04:00:00Z,51.99,52.26,50.85,51.295,306046
2021-07-21T04:00:00Z,52.14,53.5,52.12,53.095,515075
2021-07-20T04:00:00Z,48.86,51.585,48.56,51.45,392389
2021-07-19T04:00:00Z,48.04,48.935,47.38,48.495,403344
2021-07-16T04:00:00Z,52.17,52.23,49.705,49.895,222842
2021-07-15T04:00:00Z,51.67,52.44,51.39,51.76,168326
2021-07-14T04:00:00Z,52.38,52.58,51.575,51.99,258381
2021-07-13T04:00:00Z,52.55,52.59,51.515,51.57,154681
2021-07-12T04:00:00Z,52.58,53.065,51.76,52.98,181254
2021-07-09T04:00:00Z,51.935,52.96,51.79,52.84,172565
2021-07-08T04:00:00Z,50.28,51.89,50.17,51.125,190836
2021-07-07T04:00:00Z,52.08,52.66,51.15,51.35,275558
2021-07-06T04:00:00Z,53.81,53.99,52.165,52.375,143181
2021-07-02T04:00:00Z,53.98,53.99,53.31,53.635,197684
2021-07-01T04:00:00Z,53.56,54.36,53.36,53.85,200178
2021-06-30T04:00:00Z,53.09,53.55,52.845,53.1,168220
2021-06-29T04:00:00Z,52.81,53.68,52.6,52.93,361784
2021-06-28T04:00:00Z,54.225,54.225,52.87,53.23,241054
2021-06-25T04:00:00Z,54.65,54.86,54.23,54.565,146044
2021-06-24T04:00:00Z,55.51,55.61,54.63,54.69,252596
2021-06-23T04:00:00Z,55.47,55.66,54.985,55.18,128085
2021-06-22T04:00:00Z,56.165,56.26,55.41,55.755,164216
2021-06-21T04:00:00Z,55.35,56.46,55.35,56.295,138280
2021-06-18T04:00:00Z,55.01,55.69,54.68,55.2,200565
2021-06-17T04:00:00Z,56.77,57.07,55.075,55.56,221830
2021-06-16T04:00:00Z,57.09,57.48,56.36,56.66,164326
2021-06-15T04:00:00Z,57.45,57.82,56.77,57.1,461160
2021-06-14T04:00:00Z,57.5,58.06,56.94,57.275,138754
2021-06-11T04:00:00Z,57.52,58.04,57.43,57.55,68714
2021-06-10T04:00:00Z,58.93,59.115,57.47,57.49,123689
2021-06-09T04:00:00Z,58.99,59.13,58.205,58.455,111609
2021-06-08T04:00:00Z,58.67,59.29,58.32,58.91,159374
2021-06-07T04:00:00Z,58.66,58.91,57.93,58.27,118199
2021-06-04T04:00:00Z,58.59,58.82,57.91,58.545,130688
2021-06-03T04:00:00Z,60.155,60.32,58.15,58.27,243696
2021-06-02T04:00:00Z,61.69,61.92,60.63,60.88,195416
2021-06-01T04:00:00Z,61.91,62.26,61.095,61.365,134978
2021-05-28T04:00:00Z,61.61,61.73,61.13,61.47,86641
2021-05-27T04:00:00Z,61.67,61.795,61.085,61.79,110601
2021-05-26T04:00:00Z,60.845,61.32,60.43,61.17,132201
2021-05-25T04:00:00Z,61.74,62.39,60.465,60.55,232969
2021-05-24T04:00:00Z,60.46,61.05,59.835,60.69,131234
2021-05-21T04:00:00Z,60.45,60.57,59.97,60.07,83683
2021-05-20T04:00:00Z,60.74,60.74,59.325,59.93,232211
2021-05-19T04:00:00Z,60.99,61.16,59.57,60.39,261017
2021-05-18T04:00:00Z,62.38,63.675,61.87,62.08,157483
2021-05-17T04:00:00Z,62.205,62.35,61.14,62.11,190909
2021-05-14T04:00:00Z,60.655,62.56,60.54,62.3,201836
2021-05-13T04:00:00Z,58.85,60.38,58.67,59.95,148920
2021-05-12T04:00:00Z,59.53,60.32,58.09,58.24,182204
2021-05-11T04:00:00Z,60.13,60.7,58.81,59.77,175014
2021-05-10T04:00:00Z,61.89,62.33,61.33,61.34,116677
2021-05-07T04:00:00Z,60.7,62.135,60.57,61.66,159470
2021-05-06T04:00:00Z,61.01,61.22,59.855,60.695,135364
2021-05-05T04:00:00Z,60.775,61.84,60.43,60.81,196399
2021-05-04T04:00:00Z,61.83,62.03,60.11,60.82,273188
2021-05-03T04:00:00Z,63,63.065,61.68,62.12,116572
2021-04-30T04:00:00Z,61.925,63.03,61.9,62.78,150347
2021-04-29T04:00:00Z,62.22,62.63,61.735,62.25,89163
2021-04-28T04:00:00Z,62.14,62.46,61.61,61.78,131016
2021-04-27T04:00:00Z,61.96,62.51,61.425,62.4,121304
2021-04-26T04:00:00Z,62.28,62.79,61.46,61.99,147145
2021-04-23T04:00:00Z,61.4,61.795,60.815,61.515,127238
2021-04-22T04:00:00Z,62.97,63.69,61.01,61.09,347773
2021-04-21T04:00:00Z,59.56,62.05,58.94,62.04,291090
2021-04-20T04:00:00Z,61.05,61.17,59.27,59.85,212355
2021-04-16T04:00:00Z,63.3,63.41,62.08,62.4,120576
2021-04-15T04:00:00Z,63.43,63.51,62.14,62.935,140389
2021-04-14T04:00:00Z,64.21,64.74,62.8,63.03,148173
2021-04-13T04:00:00Z,61.87,63.43,60.67,63.27,154909
2021-04-12T04:00:00Z,63.18,63.2,61.98,62.66,180346
2021-04-09T04:00:00Z,63.3,63.5,62.525,63.42,98201
2021-04-08T04:00:00Z,63.12,63.48,62.03,63.45,119470
2021-04-07T04:00:00Z,63.9,64.12,62.98,63.51,121272
2021-04-06T04:00:00Z,63.49,64.59,63.27,64.1,174313
2021-04-05T04:00:00Z,62.37,64.29,62.25,62.96,319614
2021-04-01T04:00:00Z,61.345,61.56,60.795,61.33,183712
2021-03-31T04:00:00Z,61.71,61.94,60.97,61.06,148511
2021-03-30T04:00:00Z,61.23,62.205,61.19,61.87,166423
2021-03-29T04:00:00Z,61.67,62.35,60.41,60.92,191972
2021-03-26T04:00:00Z,60.55,61.42,59.805,61.3,260043
2021-03-25T04:00:00Z,56.74,59.96,56.47,59.92,177630
2021-03-24T04:00:00Z,58.69,59.65,57.72,57.72,219333
2021-03-23T04:00:00Z,59.05,60.37,57.075,57.62,396483
2021-03-22T04:00:00Z,60.82,60.86,59.43,59.45,192208
2021-03-19T04:00:00Z,60.58,61.475,59.69,61.08,286543
2021-03-18T04:00:00Z,61.68,62.26,60.83,60.89,219565
2021-03-17T04:00:00Z,60.1,61.91,60.1,61.73,170058
2021-03-16T04:00:00Z,62.28,62.28,60.53,60.53,207717
2021-03-15T04:00:00Z,62.28,62.725,60.84,62.09,386928
2021-03-12T05:00:00Z,58.45,61.15,58.32,61.02,381024
2021-03-11T05:00:00Z,58.84,59.4,58.135,58.455,230547
2021-03-10T05:00:00Z,58.8,59.53,57.98,58.5,162139
2021-03-09T05:00:00Z,60.18,60.24,58.195,58.95,177795
2021-03-08T05:00:00Z,58.09,60.7,57.925,60.57,551774
2021-03-05T05:00:00Z,56.46,57.12,52.3,56.96,348742
2021-03-04T05:00:00Z,57.85,57.87,54.29,56.07,379452
2021-03-03T05:00:00Z,58.38,58.655,57.61,57.8,533028
2021-03-02T05:00:00Z,57.73,58.4,57.24,57.82,175354
2021-03-01T05:00:00Z,59.54,59.84,57.74,58.03,335407
2021-02-26T05:00:00Z,57.4,58.675,57.05,58.245,280905
2021-02-25T05:00:00Z,59.07,59.21,57.12,58.365,654122
2021-02-24T05:00:00Z,57.61,59.61,57.52,59.31,466344
2021-02-23T05:00:00Z,56.2,57.415,54.36,56.8,446746
2021-02-22T05:00:00Z,54.07,55.74,53.3,54.79,362028
2021-02-19T05:00:00Z,52.23,53.83,52.18,52.79,180438
2021-02-18T05:00:00Z,51.995,52.17,51.01,51.92,134056
2021-02-17T05:00:00Z,51.77,52.52,51.21,52.46,321857
2021-02-16T05:00:00Z,51.795,52,50.91,51.96,232070
2021-02-12T05:00:00Z,51.32,51.83,50.99,51.33,207514
2021-02-11T05:00:00Z,51.045,51.47,50.36,51.42,185455
2021-02-10T05:00:00Z,51.3,52.32,51.185,51.185,204613
2021-02-09T05:00:00Z,51.52,51.67,50.56,51.16,171672
2021-02-08T05:00:00Z,50.535,53.27,50.28,52.27,460019
2021-02-05T05:00:00Z,49.62,50.885,49.13,50.07,391672
2021-02-04T05:00:00Z,46.74,49.18,46.74,49.14,348231
2021-02-03T05:00:00Z,45.61,46.84,45.52,46.59,140404
2021-02-02T05:00:00Z,45.555,46.15,45.38,45.63,188035
2021-02-01T05:00:00Z,44.275,45.185,44.275,44.805,191413
2021-01-29T05:00:00Z,44.25,44.94,43.72,43.95,316139
2021-01-28T05:00:00Z,45.185,46.17,44.33,44.6,522099
2021-01-27T05:00:00Z,45.15,45.69,43.905,44.19,445027
2021-01-26T05:00:00Z,45.72,46.19,45.61,45.81,222062
2021-01-25T05:00:00Z,47.2,47.29,45.17,45.62,812284
2021-01-22T05:00:00Z,47.14,47.75,47.1,47.43,152177
2021-01-21T05:00:00Z,47.73,47.93,47.2,47.78,285655
2021-01-20T05:00:00Z,47.1,48.44,46.92,48.22,183348
2021-01-19T05:00:00Z,47.27,47.64,46.76,46.91,117675
2021-01-15T05:00:00Z,48.59,48.6,46.655,46.655,388815
2021-01-14T05:00:00Z,48.695,49.43,48.49,48.8,353716
2021-01-13T05:00:00Z,47.95,48.415,47.495,47.975,289556
2021-01-12T05:00:00Z,47.73,48.47,47.31,48.15,103303
2021-01-11T05:00:00Z,46.45,48.035,46.19,47.45,225665
2021-01-08T05:00:00Z,47.68,47.93,46.71,47.005,149943
2021-01-07T05:00:00Z,46.91,47.83,46.82,47.32,178278
2021-01-06T05:00:00Z,45.53,46.94,45.39,46.755,226248
2021-01-05T05:00:00Z,44.9,46.1,44.87,45.625,128536
2021-01-04T05:00:00Z,46.48,46.5,44.59,45.04,361240
2020-12-31T05:00:00Z,46.21,46.76,45.7,46.62,87881
2020-12-30T05:00:00Z,46.255,46.885,46.185,46.395,160572
2020-12-29T05:00:00Z,46.37,46.75,46.01,46.16,122275
2020-12-28T05:00:00Z,46.84,47.09,46.11,46.13,118481
2020-12-24T05:00:00Z,47,47.06,45.83,46.29,83513
2020-12-23T05:00:00Z,45.48,47.085,45.48,46.8,165886
2020-12-22T05:00:00Z,46.03,46.11,45,45.315,134534
2020-12-21T05:00:00Z,44.76,46.1,44.52,45.79,138155
2020-12-18T05:00:00Z,46.23,46.31,45.68,46.095,146370
2020-12-17T05:00:00Z,45.805,46.345,45.47,46.345,111754
2020-12-16T05:00:00Z,46.4,46.4,45.28,45.73,91251
2020-12-15T05:00:00Z,45.94,46.48,44.98,46.43,96568
2020-12-14T05:00:00Z,46.59,46.59,45.29,45.29,246053
2020-12-11T05:00:00Z,46.01,46.57,45.2,45.88,181068
2020-12-10T05:00:00Z,45.105,46.985,45.08,46.81,485388
2020-12-09T05:00:00Z,47.4,47.47,45.26,45.785,783730
2020-12-08T05:00:00Z,47.27,47.92,47.085,47.29,246187
2020-12-07T05:00:00Z,48.26,48.39,47.505,47.91,158579
2020-12-04T05:00:00Z,48.35,48.79,47.11,47.57,215638
2020-12-03T05:00:00Z,48,49.51,47.665,47.815,340972
2020-12-02T05:00:00Z,46.94,47.755,46.5,47.44,220833
2020-12-01T05:00:00Z,46.6,48.06,46.6,47.295,201732
2020-11-30T05:00:00Z,47.65,47.68,46.07,46.34,260842
2020-11-27T05:00:00Z,48.26,48.7,47.68,47.74,96787
2020-11-25T05:00:00Z,48.34,48.43,47.5,48.26,265588
2020-11-24T05:00:00Z,48.695,49.215,47.74,48.25,428888
2020-11-23T05:00:00Z,46.11,46.94,45.28,46.84,358958
2020-11-20T05:00:00Z,46.015,46.015,45.055,45.57,185935
2020-11-19T05:00:00Z,45.51,46.45,45.43,46.08,260380
2020-11-18T05:00:00Z,46.8,47.27,45.615,45.63,433301
2020-11-17T05:00:00Z,44.96,46.24,44.49,45.64,306806
2020-11-16T05:00:00Z,46.1,46.2,44.54,45.58,536965
2020-11-13T05:00:00Z,42.17,44.135,42.17,43.9,262605
2020-11-12T05:00:00Z,41.76,43.28,41.41,41.935,393942
2020-11-11T05:00:00Z,44.895,44.895,42.68,43.22,314094
2020-11-10T05:00:00Z,43.77,45.12,43.35,44.825,500472
2020-11-09T05:00:00Z,47.045,49.45,43.8,43.9,1022099
2020-11-06T05:00:00Z,40.7,40.93,39.78,39.985,156499
2020-11-05T05:00:00Z,39.44,41.24,39.39,41.04,273741
2020-11-04T05:00:00Z,38.85,39.65,38.07,38.9,373350
2020-11-03T05:00:00Z,39.23,39.35,38.68,38.85,279723
2020-11-02T05:00:00Z,39.705,39.705,37.95,38.4,525772
2020-10-30T04:00:00Z,39.49,40.175,39,39.535,499452
2020-10-29T04:00:00Z,38,39.855,38,39.57,340150
2020-10-28T04:00:00Z,38.84,39.38,37.495,38.12,497436
2020-10-27T04:00:00Z,40.57,41.02,39.78,39.915,254744
2020-10-26T04:00:00Z,42.08,42.47,40.405,41.125,389759
2020-10-23T04:00:00Z,42.05,43.39,41.53,42.79,586758
2020-10-22T04:00:00Z,40.13,42.535,40.13,41.92,483853
2020-10-21T04:00:00Z,40.045,40.16,39.535,39.845,373345
2020-10-20T04:00:00Z,40.41,40.9,40.085,40.165,400464
2020-10-19T04:00:00Z,40,40.745,39.585,39.85,344421
2020-10-16T04:00:00Z,39.055,39.885,39.055,39.725,255042
2020-10-15T04:00:00Z,38.58,38.89,38.16,38.805,167086
2020-10-14T04:00:00Z,39.24,39.985,39.2,39.24,289665
2020-10-13T04:00:00Z,38.66,39.43,38.61,39.12,340406
2020-10-12T04:00:00Z,39.52,39.84,39.09,39.195,220734
2020-10-09T04:00:00Z,38.99,39.775,38.6,39.755,329661
2020-10-08T04:00:00Z,39.02,39.41,38.03,38.975,266382
2020-10-07T04:00:00Z,38.12,38.735,37.72,38.585,270976
2020-10-06T04:00:00Z,38.92,39.335,37.54,37.575,238956
2020-10-05T04:00:00Z,39.16,39.22,38.18,38.475,220604
2020-10-02T04:00:00Z,36.2,39.31,36.085,38.75,341751
2020-10-01T04:00:00Z,37.84,38.23,37.41,37.935,297347
2020-09-30T04:00:00Z,38.315,39.06,37.415,37.505,190343
2020-09-29T04:00:00Z,37.92,37.99,37.195,37.62,126309
2020-09-28T04:00:00Z,38.085,39.1,37.59,38.225,152147
2020-09-25T04:00:00Z,36.43,37.26,36.39,37.095,339178
2020-09-24T04:00:00Z,37.015,37.375,35.88,36.895,240722
2020-09-23T04:00:00Z,38.34,39.25,37.53,37.56,113265
2020-09-22T04:00:00Z,37.33,38.17,37.14,38.115,172849
2020-09-21T04:00:00Z,37.98,38.47,36.76,37.505,322796
2020-09-18T04:00:00Z,39.765,40.48,39.315,39.835,209614
2020-09-17T04:00:00Z,41.48,41.98,40.095,40.415,230005
2020-09-16T04:00:00Z,40.535,42.875,40.275,42.145,242252
2020-09-15T04:00:00Z,40.2,40.95,40.18,40.61,107133
2020-09-14T04:00:00Z,39.355,40.245,39.08,40.125,142915
2020-09-11T04:00:00Z,38.94,39.39,38.7,38.95,81051
2020-09-10T04:00:00Z,39.51,39.94,38.875,38.925,154308
2020-09-09T04:00:00Z,40.12,40.42,38.825,39.225,242733
2020-09-08T04:00:00Z,39.235,40.79,39.235,40.535,313470
2020-09-04T04:00:00Z,39.14,40.02,38.16,39.405,316941
2020-09-03T04:00:00Z,39.37,40.57,37.87,38.745,364187
2020-09-02T04:00:00Z,38.53,39.31,37.705,39.225,208146
2020-09-01T04:00:00Z,36.61,38.655,36.6,37.92,184930
2020-08-31T04:00:00Z,38.71,38.78,37.59,37.63,158190
2020-08-28T04:00:00Z,37.97,39.05,37.62,38.81,315446
2020-08-27T04:00:00Z,37.645,38.88,37.44,37.685,213310
2020-08-26T04:00:00Z,36.855,37.065,36.335,36.375,121767
2020-08-25T04:00:00Z,37.46,37.49,36.35,37.055,205523
2020-08-24T04:00:00Z,35.19,36.91,34.97,36.905,225955
2020-08-21T04:00:00Z,34.33,35.17,34.33,34.7,204325
2020-08-20T04:00:00Z,33.63,34.575,33.52,34.485,126069
2020-08-19T04:00:00Z,34.9,35.76,34.155,34.245,109641
2020-08-18T04:00:00Z,33.86,34.23,33.55,34.15,138006
2020-08-17T04:00:00Z,35.02,35.02,33.815,33.825,144049
2020-08-14T04:00:00Z,34.23,35.105,34.23,34.895,66116
2020-08-13T04:00:00Z,34.685,35.685,34.66,34.7,134284
2020-08-12T04:00:00Z,36.03,36.04,34.37,35.27,145824
2020-08-11T04:00:00Z,36.69,37.43,35.08,35.255,297511
2020-08-10T04:00:00Z,33.685,35.14,33.585,35.01,156491
2020-08-07T04:00:00Z,32.89,33.295,32.69,33.285,209761
2020-08-06T04:00:00Z,33.22,33.335,32.365,33.015,232430
2020-08-05T04:00:00Z,31.865,33.17,31.805,32.7,190946
2020-08-04T04:00:00Z,31.68,32.24,31.385,31.405,193255
2020-08-03T04:00:00Z,30.71,32.1,30.3,31.58,157653
2020-07-31T04:00:00Z,30.79,30.91,30.25,30.9,173139
2020-07-30T04:00:00Z,31.32,31.64,30.775,30.965,370328
2020-07-29T04:00:00Z,32.54,32.58,31.5,31.805,160714
2020-07-28T04:00:00Z,31.54,32.665,31.54,32.3,90230
2020-07-27T04:00:00Z,31.605,31.89,31.265,31.545,64029
