2024-06-14T04:00:00Z,43.65,43.9,43.25,43.25,141724
2024-06-13T04:00:00Z,43.89,44.22,43.88,44.06,77715
2024-06-12T04:00:00Z,44.29,44.42,43.77,44.235,194490
2024-06-11T04:00:00Z,44.43,44.44,43.81,44.11,138639
2024-06-10T04:00:00Z,44.845,45.21,44.48,44.74,152560
2024-06-07T04:00:00Z,43.09,45.89,43.09,45,203349
2024-06-06T04:00:00Z,43.51,43.88,43.48,43.665,93373
2024-06-05T04:00:00Z,43.53,43.78,43.17,43.575,201553
2024-06-04T04:00:00Z,44.6,44.6,43.4,43.56,178100
2024-06-03T04:00:00Z,45.22,45.25,44.51,44.885,83256
2024-05-31T04:00:00Z,44.13,45.05,43.81,45.035,163867
2024-05-30T04:00:00Z,43.92,44.375,43.88,44,94947
2024-05-29T04:00:00Z,44.16,44.185,43.78,43.895,72184
2024-05-28T04:00:00Z,44.8,45.24,44.55,44.715,64408
2024-05-24T04:00:00Z,44.995,45.175,44.77,44.89,59885
2024-05-23T04:00:00Z,45.695,45.85,44.63,44.79,108575
2024-05-22T04:00:00Z,46.105,46.125,45.395,45.87,141095
2024-05-21T04:00:00Z,46.705,46.84,46.155,46.16,111798
2024-05-20T04:00:00Z,47.26,47.5,46.75,46.78,135613
2024-05-17T04:00:00Z,46.615,47.77,46.615,47.01,157085
2024-05-16T04:00:00Z,46.17,46.8,46.015,46.65,93727
2024-05-15T04:00:00Z,46.44,46.45,45.585,46.11,137379
2024-05-14T04:00:00Z,46.94,46.99,46.01,46.27,173252
2024-05-13T04:00:00Z,47.32,47.365,46.74,46.925,69287
2024-05-10T04:00:00Z,47.32,47.32,46.445,46.54,77787
2024-05-09T04:00:00Z,47.055,47.31,46.77,47.205,54381
2024-05-08T04:00:00Z,46.47,46.825,46.4,46.78,87185
2024-05-07T04:00:00Z,46.82,47.3,46.6,46.72,106318
2024-05-06T04:00:00Z,47.225,47.51,46.83,47.01,133359
2024-05-03T04:00:00Z,47.145,47.17,46.6,46.88,100686
2024-05-02T04:00:00Z,45.355,46.925,45.04,46.655,219654
2024-05-01T04:00:00Z,44.41,45.2,44.41,44.55,131402
2024-04-30T04:00:00Z,45.37,45.4,44.35,44.37,143751
2024-04-29T04:00:00Z,46.165,46.31,45.535,45.76,165990
2024-04-26T04:00:00Z,45.35,45.975,45.13,45.44,149434
2024-04-25T04:00:00Z,45.585,46.2,45.495,45.505,139402
2024-04-24T04:00:00Z,46.015,46.045,45.05,45.83,252199
2024-04-23T04:00:00Z,47.065,47.065,45.985,46.02,231876
2024-04-22T04:00:00Z,46.07,47.28,46.07,46.57,192064
2024-04-19T04:00:00Z,46.24,46.8,45.41,45.45,180860
2024-04-18T04:00:00Z,48.11,48.11,45.45,45.88,676966
2024-04-17T04:00:00Z,50.5,50.78,49.85,50.24,306986
2024-04-16T04:00:00Z,49.77,50.755,49.515,50.495,171112
2024-04-15T04:00:00Z,50.81,51.345,50.095,50.245,273452
2024-04-12T04:00:00Z,50.95,51.24,50.165,50.44,107921
2024-04-11T04:00:00Z,51.66,51.895,51.06,51.61,68681
2024-04-10T04:00:00Z,51.88,52.22,51.57,51.84,92335
2024-04-09T04:00:00Z,52.26,52.46,51.78,52.45,80481
2024-04-08T04:00:00Z,53.48,53.515,52.27,52.44,75930
2024-04-05T04:00:00Z,52.59,53.37,52.48,53.17,57264
2024-04-04T04:00:00Z,54.29,54.385,52.495,52.59,80075
2024-04-03T04:00:00Z,52.6,54.12,52.58,53.96,125970
2024-04-02T04:00:00Z,52.83,52.975,52.23,52.91,82441
2024-04-01T04:00:00Z,52.22,53.97,52.2,53.17,124188
2024-03-28T04:00:00Z,51.87,52.19,51.55,51.715,95680
2024-03-27T04:00:00Z,51.18,51.49,50.94,51.49,79695
2024-03-26T04:00:00Z,50.97,51.415,50.72,50.84,83839
2024-03-25T04:00:00Z,50.38,50.51,50.025,50.305,166332
2024-03-22T04:00:00Z,50.04,50.39,49.81,50.085,105954
2024-03-21T04:00:00Z,50.725,51.46,50.31,50.34,90658
2024-03-20T04:00:00Z,50.45,50.9,50.2,50.55,104484
2024-03-19T04:00:00Z,50.805,51.04,50.52,50.77,143147
2024-03-18T04:00:00Z,50.92,51.21,50.44,50.595,107237
2024-03-15T04:00:00Z,52.15,52.58,50.885,51.02,157380
2024-03-14T04:00:00Z,53.16,53.485,51.65,52.38,124026
2024-03-13T04:00:00Z,52.885,53.76,52.785,53.355,116297
2024-03-12T04:00:00Z,52.77,53.32,52.62,52.975,88247
2024-03-11T04:00:00Z,51.675,52.915,51.595,52.62,89524
2024-03-08T05:00:00Z,51.43,51.895,51.37,51.53,96181
2024-03-07T05:00:00Z,50.87,51.595,50.87,51.495,84339
2024-03-06T05:00:00Z,51.32,51.32,50.455,50.57,93654
2024-03-05T05:00:00Z,50.28,51.49,49.99,50.91,120222
2024-03-04T05:00:00Z,51.15,51.2,50.08,50.685,101611
2024-03-01T05:00:00Z,53.39,53.39,50.73,51.27,363932
2024-02-29T05:00:00Z,53.805,54.755,53.49,54.47,216261
2024-02-28T05:00:00Z,52.87,53.905,52.86,53.63,176548
2024-02-27T05:00:00Z,54.29,54.29,53.14,53.4,124522
2024-02-26T05:00:00Z,54.8,54.91,53.82,53.935,85889
2024-02-23T05:00:00Z,53.75,54.995,53.75,54.74,103213
2024-02-22T05:00:00Z,53.99,54.22,53.555,53.67,169768
2024-02-21T05:00:00Z,52.84,53.71,52.84,53.47,199178
2024-02-20T05:00:00Z,54.98,54.98,52.63,53.065,308905
2024-02-16T05:00:00Z,54.815,55.65,54.68,55.25,131835
2024-02-15T05:00:00Z,54.42,55.135,54.39,54.98,165548
2024-02-14T05:00:00Z,54.19,54.79,54.1,54.46,252791
2024-02-13T05:00:00Z,53.45,54.33,53.27,53.875,255460
2024-02-12T05:00:00Z,53.58,54.485,53.49,54.46,258748
2024-02-09T05:00:00Z,53.69,53.83,53.135,53.645,118412
2024-02-08T05:00:00Z,53.49,54.29,53.465,53.62,295114
2024-02-07T05:00:00Z,52.365,53.375,52.27,52.73,354874
2024-02-06T05:00:00Z,51.52,52.36,51.32,52.205,204386
2024-02-05T05:00:00Z,49.89,51.38,49.85,51.11,227724
2024-02-02T05:00:00Z,50.58,50.79,49.855,50.485,204757
2024-02-01T05:00:00Z,49.93,51.22,49.93,50.835,212970
2024-01-31T05:00:00Z,49.335,49.805,48.925,48.925,225111
2024-01-30T05:00:00Z,49.95,49.95,49.355,49.525,215429
2024-01-29T05:00:00Z,49.88,50.63,49.47,50.37,263599
2024-01-26T05:00:00Z,50.19,50.19,49.315,50.03,158117
2024-01-25T05:00:00Z,51.505,51.505,49.18,50.16,410293
2024-01-24T05:00:00Z,49.99,50.595,49.63,49.64,453897
2024-01-23T05:00:00Z,48.675,49.085,48.62,49.035,204102
2024-01-22T05:00:00Z,48.76,48.83,47.645,47.93,204244
2024-01-19T05:00:00Z,49.19,49.19,48.44,48.83,162877
2024-01-18T05:00:00Z,48.85,49.69,48.57,49.495,138309
2024-01-17T05:00:00Z,48.28,48.28,47.55,48.21,174916
2024-01-16T05:00:00Z,49.045,49.285,48.77,49.06,113951
2024-01-12T05:00:00Z,50.015,50.19,49.45,49.615,125963
2024-01-11T05:00:00Z,49.32,49.905,48.67,49.74,118413
2024-01-10T05:00:00Z,50.05,50.07,49.13,49.29,103545
2024-01-09T05:00:00Z,51.215,51.25,49.875,50.01,125290
2024-01-08T05:00:00Z,50.29,51.8,50.23,51.8,114335
2024-01-05T05:00:00Z,50,51.105,50,50.81,77559
2024-01-04T05:00:00Z,50.6,50.74,49.985,50.24,144498
2024-01-03T05:00:00Z,50.75,51.175,50.3,50.66,112884
2024-01-02T05:00:00Z,48.96,51.43,48.96,51.33,249446
2023-12-29T05:00:00Z,49.02,49.405,48.98,49.21,109511
2023-12-28T05:00:00Z,48.74,49.44,48.74,49.1,73688
2023-12-27T05:00:00Z,49.16,49.16,47.96,48.56,71880
2023-12-26T05:00:00Z,48.97,49.32,48.965,49.04,65412
2023-12-22T05:00:00Z,48.64,48.955,48.32,48.92,130414
2023-12-21T05:00:00Z,48.285,48.8,47.91,48.79,164692
2023-12-20T05:00:00Z,49.1,49.205,47.535,47.56,164803
2023-12-19T05:00:00Z,48.03,49.27,47.92,49.265,233169
2023-12-18T05:00:00Z,47.96,48.28,47.665,47.725,145926
2023-12-15T05:00:00Z,48.66,48.725,47.62,47.9,161075
2023-12-14T05:00:00Z,49.035,49.34,48.3,48.65,216748
2023-12-13T05:00:00Z,47.595,48.835,47.27,48.61,243251
2023-12-12T05:00:00Z,47.705,47.985,47.325,47.83,194120
2023-12-11T05:00:00Z,46.48,47.635,46.41,47.595,406608
2023-12-08T05:00:00Z,44.78,46.48,44.66,46.38,181279
2023-12-07T05:00:00Z,45.09,45.23,44.665,44.88,104264
2023-12-06T05:00:00Z,45.4,45.56,44.78,44.855,139042
2023-12-05T05:00:00Z,45.38,45.38,44.685,44.88,171493
2023-12-04T05:00:00Z,46.75,46.8,45.44,45.62,167371
2023-12-01T05:00:00Z,46.17,46.98,46.15,46.79,267252
2023-11-30T05:00:00Z,45.44,46.48,45.28,46.11,445032
2023-11-29T05:00:00Z,46.04,46.52,45.025,45.34,1130991
2023-11-28T05:00:00Z,48.545,48.56,47.605,47.66,145121
2023-11-27T05:00:00Z,48.595,48.76,48.18,48.56,181872
2023-11-24T05:00:00Z,48.97,49.15,48.75,48.95,86060
2023-11-22T05:00:00Z,49.49,49.77,49.145,49.28,64187
2023-11-21T05:00:00Z,49.08,49.645,49.06,49.42,69706
2023-11-20T05:00:00Z,49.215,49.57,48.625,49.29,111808
2023-11-17T05:00:00Z,49.63,49.65,48.955,49.075,144927
2023-11-16T05:00:00Z,49.055,49.645,48.945,49.12,141380
2023-11-15T05:00:00Z,49.61,50.45,49.08,49.29,111347
2023-11-14T05:00:00Z,48.385,49.55,48.27,49.46,215466
2023-11-13T05:00:00Z,47.28,47.7,47.01,47.61,120022
2023-11-10T05:00:00Z,47.03,47.815,46.44,47.76,160012
2023-11-09T05:00:00Z,48.56,48.56,47.765,47.9,70737
2023-11-08T05:00:00Z,48.39,48.835,48.115,48.12,71288
2023-11-07T05:00:00Z,48.65,48.775,48.165,48.315,124301
2023-11-06T05:00:00Z,48.98,49.69,48.71,49.2,114736
2023-11-03T04:00:00Z,49.14,49.52,48.76,48.845,103236
2023-11-02T04:00:00Z,47.85,48.85,47.65,48.71,139675
2023-11-01T04:00:00Z,47.56,47.84,46.24,46.74,163840
2023-10-31T04:00:00Z,47.56,47.8,47.105,47.43,124538
2023-10-30T04:00:00Z,47.74,48.045,47.43,47.79,73304
2023-10-27T04:00:00Z,48.1,48.13,47.005,47.04,131798
2023-10-26T04:00:00Z,47.47,47.83,46.85,47.525,149979
2023-10-25T04:00:00Z,47.06,48.24,47.06,47.2,191085
2023-10-24T04:00:00Z,46.97,47.97,46.88,47.64,111874
2023-10-23T04:00:00Z,45.03,47.04,44.99,46.44,106514
2023-10-20T04:00:00Z,45.955,46.345,45.3,45.33,115496
2023-10-19T04:00:00Z,46.06,46.81,45.275,45.85,499795
2023-10-18T04:00:00Z,45.04,45.19,44.205,44.61,241873
2023-10-17T04:00:00Z,45.06,45.845,45.06,45.28,216982
2023-10-16T04:00:00Z,45.11,45.69,44.63,45.39,89531
2023-10-13T04:00:00Z,45.715,45.77,44.535,44.79,127653
2023-10-12T04:00:00Z,46.59,46.64,45.5,45.95,161618
2023-10-11T04:00:00Z,46.445,46.75,46.16,46.51,144167
2023-10-10T04:00:00Z,46.06,46.99,45.96,46.325,159759
2023-10-09T04:00:00Z,46.085,46.17,44.37,45.72,108674
2023-10-06T04:00:00Z,44.23,46,44.13,45.52,117874
2023-10-05T04:00:00Z,44.16,44.56,43.775,44.085,130571
2023-10-04T04:00:00Z,44.87,45.01,43.875,44.21,136297
2023-10-03T04:00:00Z,45.31,45.805,44.665,44.74,94204
2023-10-02T04:00:00Z,45.57,46.08,45.38,45.71,174915
2023-09-29T04:00:00Z,46.58,47.24,45.755,45.855,131951
2023-09-28T04:00:00Z,45.725,45.835,45.115,45.52,147542
2023-09-27T04:00:00Z,45.465,46.165,44.935,46.16,164586
2023-09-26T04:00:00Z,45.135,45.71,45.08,45.27,120751
2023-09-25T04:00:00Z,44.68,45.53,44.53,45.34,118005
2023-09-22T04:00:00Z,46.44,46.94,45.245,45.81,247007
2023-09-21T04:00:00Z,46.45,46.89,45.735,45.835,338430
2023-09-20T04:00:00Z,48.825,48.99,47.875,47.92,107673
2023-09-19T04:00:00Z,48.73,49.19,48.14,48.61,114857
2023-09-18T04:00:00Z,48.82,49.385,48.605,49.115,127635
2023-09-15T04:00:00Z,48.94,49.42,48.575,48.74,102571
2023-09-14T04:00:00Z,49.535,49.805,48.86,48.93,85664
2023-09-13T04:00:00Z,48.86,49.25,48.63,48.85,95062
2023-09-12T04:00:00Z,48.69,49.52,48.68,49,114101
2023-09-11T04:00:00Z,49.27,49.48,48.5,48.87,183100
2023-09-08T04:00:00Z,49.6,50.02,48.44,48.87,362952
2023-09-07T04:00:00Z,51.81,51.98,49.36,49.775,497683
2023-09-06T04:00:00Z,52.37,52.525,51.97,52.43,86641
2023-09-05T04:00:00Z,54.02,54.02,52.475,52.63,288046
2023-09-01T04:00:00Z,55.4,55.4,54.495,54.93,92374
2023-08-31T04:00:00Z,55,55.71,54.865,54.875,110920
2023-08-30T04:00:00Z,54.315,55.185,54.315,54.915,50678
2023-08-29T04:00:00Z,54.04,54.73,53.91,54.6,73643
2023-08-28T04:00:00Z,52.98,53.98,52.98,53.82,119467
2023-08-25T04:00:00Z,53.4,53.4,52.395,52.61,206201
2023-08-24T04:00:00Z,53.78,54.38,53.36,53.37,90782
2023-08-23T04:00:00Z,53.1,54.36,53.05,53.96,66741
2023-08-22T04:00:00Z,53.29,53.665,52.82,53.455,69988
2023-08-21T04:00:00Z,53.39,53.39,52.81,52.995,68782
2023-08-18T04:00:00Z,52.74,53.69,52.505,53.33,77267
2023-08-17T04:00:00Z,53.72,54.1,53.14,53.49,110073
2023-08-16T04:00:00Z,54.2,54.72,53.59,53.63,82790
2023-08-15T04:00:00Z,55.33,55.38,54.585,54.635,93549
2023-08-14T04:00:00Z,55.72,56.26,55.52,55.805,83595
2023-08-11T04:00:00Z,56.85,56.85,55.465,56.45,149433
2023-08-10T04:00:00Z,57.325,58.37,57.3,57.39,77845
2023-08-09T04:00:00Z,57.79,58.495,56.775,56.82,88725
2023-08-08T04:00:00Z,57.495,57.78,56.97,57.515,66658
2023-08-07T04:00:00Z,58.185,58.215,57.32,58.14,66299
2023-08-04T04:00:00Z,58.475,58.64,57.72,57.915,76262
2023-08-03T04:00:00Z,57.61,58.35,57.305,58.07,145856
2023-08-02T04:00:00Z,58.29,58.76,57.59,58.055,76345
2023-08-01T04:00:00Z,59.31,60.345,58.97,59.225,79614
2023-07-31T04:00:00Z,59.27,59.89,58.52,59.82,248841
2023-07-28T04:00:00Z,59.15,59.59,58.69,59.23,80969
2023-07-27T04:00:00Z,59.41,59.485,58.15,58.32,140371
2023-07-26T04:00:00Z,57.405,58.73,57.36,58.565,110561
2023-07-25T04:00:00Z,56.825,57.49,56.34,57.34,178696
2023-07-24T04:00:00Z,56.21,57.54,56.02,56.51,173021
2023-07-21T04:00:00Z,56.62,57.935,55.57,55.98,462967
2023-07-20T04:00:00Z,57.32,58.695,56.41,56.42,338495
2023-07-19T04:00:00Z,60.095,60.135,58.76,59.68,291501
2023-07-18T04:00:00Z,59.85,60.33,59.44,59.995,319520
2023-07-17T04:00:00Z,60.495,60.495,59.01,59.4,86980
2023-07-14T04:00:00Z,61.16,61.2,60.27,60.91,55730
2023-07-13T04:00:00Z,60.08,61.23,60.005,60.11,131154
2023-07-12T04:00:00Z,59.08,59.645,58.655,59.285,130498
2023-07-11T04:00:00Z,57.71,58.565,57.5,58.49,93575
2023-07-10T04:00:00Z,55.865,57.62,55.865,57.62,106293
2023-07-07T04:00:00Z,55.04,55.805,54.945,55.725,103944
2023-07-06T04:00:00Z,54.15,54.795,53.465,54.72,270874
2023-07-05T04:00:00Z,58.085,58.085,55.185,55.25,392643
2023-07-03T04:00:00Z,58.37,59.21,58.32,58.66,229550
2023-06-30T04:00:00Z,57.62,58.445,57.41,57.99,265670
2023-06-29T04:00:00Z,57.8,57.96,57.215,57.4,141932
2023-06-28T04:00:00Z,58.395,58.395,57.63,57.735,105186
2023-06-27T04:00:00Z,58.33,58.88,57.9,58.53,148564
2023-06-26T04:00:00Z,57.325,58.685,57.325,58.01,185908
2023-06-23T04:00:00Z,57.02,57.46,56.27,57.275,150219
2023-06-22T04:00:00Z,58.24,58.56,57.82,58.14,99262
2023-06-21T04:00:00Z,58.51,58.975,57.89,58.365,110611
2023-06-20T04:00:00Z,58.44,59.545,57.97,58.72,235738
2023-06-16T04:00:00Z,58.83,59.18,58.245,58.44,127416
2023-06-15T04:00:00Z,59.68,59.77,58.48,58.65,442659
2023-06-14T04:00:00Z,59.48,60.285,59.44,59.83,129497
2023-06-13T04:00:00Z,59.685,60.47,59.13,59.38,87900
2023-06-12T04:00:00Z,58.72,59.075,58.225,58.97,248665
2023-06-09T04:00:00Z,58.06,58.565,57.84,58.48,127341
2023-06-08T04:00:00Z,57.25,58.01,56.84,57.84,132845
2023-06-07T04:00:00Z,58.835,59.77,57.915,58.52,131206
2023-06-06T04:00:00Z,57.345,59.3,57.345,58.9,141940
2023-06-05T04:00:00Z,58.71,58.935,57.55,57.76,117319
2023-06-02T04:00:00Z,57.11,59.685,56.52,58.91,283181
2023-06-01T04:00:00Z,54.665,56.1,53.57,55.45,208841
2023-05-31T04:00:00Z,54.925,55.225,54.04,55.16,185909
2023-05-30T04:00:00Z,56.26,56.43,54.74,55.04,1147987
2023-05-26T04:00:00Z,55.92,56.725,55.57,56.355,105171
2023-05-25T04:00:00Z,56.24,56.765,55.645,55.8,97907
2023-05-24T04:00:00Z,54.97,56.27,54.83,55.91,147099
2023-05-23T04:00:00Z,58.41,58.49,55.43,55.715,227263
2023-05-22T04:00:00Z,60.66,61.08,59.41,59.485,67268
2023-05-19T04:00:00Z,60.24,60.7,60.11,60.48,33513
2023-05-18T04:00:00Z,59.72,60.875,59.64,60.65,103585
2023-05-17T04:00:00Z,59.11,60.66,58.935,59.635,154879
2023-05-16T04:00:00Z,59.765,59.765,58.3,58.41,191299
2023-05-15T04:00:00Z,60.48,60.6,59.66,59.915,86457
2023-05-12T04:00:00Z,60.65,61.35,59.675,60.12,100086
2023-05-11T04:00:00Z,62.17,62.77,61.025,61.135,130787
2023-05-10T04:00:00Z,62.56,63.47,61.435,62.55,247752
2023-05-09T04:00:00Z,61.535,62.48,60.71,62.41,78606
2023-05-08T04:00:00Z,61.81,62.36,61.47,62.2,154693
2023-05-05T04:00:00Z,62.185,62.5,61.355,61.66,163255
2023-05-04T04:00:00Z,61.455,62.1,60.91,61.7,122960
2023-05-03T04:00:00Z,63.01,63.04,61.27,61.45,168198
2023-05-02T04:00:00Z,64.26,64.37,63.065,63.63,157017
2023-05-01T04:00:00Z,64.425,65.57,64.285,64.86,261381
2023-04-28T04:00:00Z,61.76,64.04,61.76,63.85,142527
2023-04-27T04:00:00Z,62.15,62.29,60.34,62.22,294883
2023-04-26T04:00:00Z,63.04,63.28,61.66,61.8,178821
2023-04-25T04:00:00Z,63.42,63.64,62.345,62.4,235096
2023-04-24T04:00:00Z,63.075,63.96,62.77,63.96,247986
2023-04-21T04:00:00Z,61.39,63.235,60.89,63.05,183572
2023-04-20T04:00:00Z,62.07,63.49,61.09,61.49,531034
2023-04-19T04:00:00Z,59.19,59.975,58.29,59.38,251364
2023-04-18T04:00:00Z,58.65,60.06,58.5,59.34,173703
2023-04-17T04:00:00Z,58.475,59.215,58.09,58.175,218888
2023-04-14T04:00:00Z,57.195,58.315,57.15,58.295,113621
2023-04-13T04:00:00Z,56.55,57.66,56.435,57.55,190443
2023-04-12T04:00:00Z,56.65,56.88,55.615,55.865,204658
2023-04-11T04:00:00Z,57.195,57.195,55.855,55.95,186173
2023-04-10T04:00:00Z,56.755,57.465,56.71,57.02,71122
2023-04-06T04:00:00Z,56.49,57.015,55.51,57.015,98483
2023-04-05T04:00:00Z,57.505,57.51,56.03,56.55,136790
2023-04-04T04:00:00Z,58.07,58.14,57.02,57.66,176080
2023-04-03T04:00:00Z,59.525,60.26,58.34,58.735,210549
2023-03-31T04:00:00Z,56.03,57.51,56.015,57.46,224436
2023-03-30T04:00:00Z,55.41,55.54,54.63,55.54,110421
2023-03-29T04:00:00Z,54.72,55.46,54.58,54.895,121936
2023-03-28T04:00:00Z,54.7,54.96,54,54.585,99733
2023-03-27T04:00:00Z,54.45,54.71,53.78,54.26,151106
2023-03-24T04:00:00Z,54.29,54.45,53.435,54.365,190863
2023-03-23T04:00:00Z,54.87,55.9,54.08,54.72,193522
2023-03-22T04:00:00Z,55.54,55.72,54.42,54.42,154993
2023-03-21T04:00:00Z,56.07,56.27,55.12,55.2,196264
2023-03-20T04:00:00Z,54.56,55.94,54.53,54.97,112119
2023-03-17T04:00:00Z,54.08,55.08,53.64,54.665,181479
2023-03-16T04:00:00Z,52.55,54.65,52.55,54.46,201714
2023-03-15T04:00:00Z,54.38,54.66,51.83,53.14,472221
2023-03-14T04:00:00Z,56.4,56.73,55.54,55.875,187498
2023-03-13T04:00:00Z,55.18,56.35,55.13,55.94,174919
2023-03-10T05:00:00Z,56.04,57.16,54.8,56.22,197882
2023-03-09T05:00:00Z,58.78,58.79,56.275,56.53,298064
2023-03-08T05:00:00Z,58.81,59.32,58.595,59.05,61872
2023-03-07T05:00:00Z,59.59,59.9,58.52,59.01,268467
2023-03-06T05:00:00Z,60.53,60.58,59.6,59.95,240283
2023-03-03T05:00:00Z,60.06,60.985,59.65,60.805,145813
2023-03-02T05:00:00Z,58.48,60.33,58.31,60.16,373344
2023-03-01T05:00:00Z,58.365,59.23,58.18,58.57,373367
2023-02-28T05:00:00Z,56.305,57.535,56.305,57.485,99264
2023-02-27T05:00:00Z,56.48,56.48,55.72,56,118753
2023-02-24T05:00:00Z,55.54,56.33,55.3,56.15,78054
2023-02-23T05:00:00Z,58.08,58.6,56.385,56.475,142161
2023-02-22T05:00:00Z,56.3,57.6,56.06,57.385,113819
2023-02-21T05:00:00Z,55.525,56.865,55.525,56.36,362559
2023-02-17T05:00:00Z,56.155,56.51,55.76,56.02,157519
2023-02-16T05:00:00Z,55.99,57.445,55.99,56.83,216273
2023-02-15T05:00:00Z,56.93,57.16,56.36,56.56,137262
2023-02-14T05:00:00Z,57.13,58.045,56.945,57.56,101219
2023-02-13T05:00:00Z,57.165,58.175,57.08,57.52,153138
2023-02-10T05:00:00Z,56.925,57.9,56.765,56.8,312110
2023-02-09T05:00:00Z,59.08,60.13,57.435,57.48,233592
2023-02-08T05:00:00Z,57.72,58.065,57.22,57.54,110036
2023-02-07T05:00:00Z,57.995,58.33,56.86,58.03,137115
2023-02-06T05:00:00Z,57.2,58.025,56.72,57.86,96673
2023-02-03T05:00:00Z,57.56,58.47,56.98,58.08,151196
2023-02-02T05:00:00Z,59.13,59.13,57.03,57.4,272267
2023-02-01T05:00:00Z,60.06,60.29,57.5,58.93,245058
2023-01-31T05:00:00Z,58,58.99,57.48,58.99,132813
2023-01-30T05:00:00Z,57.78,57.995,57.26,57.89,359592
2023-01-27T05:00:00Z,59,59.955,58.02,58.91,319835
2023-01-26T05:00:00Z,57.37,58.87,55.815,58.385,1778538
2023-01-25T05:00:00Z,54.69,55.5,54.35,55.01,441400
2023-01-24T05:00:00Z,54.885,55.535,54.59,55.455,361345
2023-01-23T05:00:00Z,54.59,55.9,54.59,55.38,377376
2023-01-20T05:00:00Z,54.35,54.935,54.22,54.57,309175
2023-01-19T05:00:00Z,54.37,55.31,54.31,54.38,195044
2023-01-18T05:00:00Z,54.6,54.995,54.095,54.385,187348
2023-01-17T05:00:00Z,54.33,54.785,53.73,54.46,193230
2023-01-13T05:00:00Z,53.16,55.035,53.16,54.96,176875
2023-01-12T05:00:00Z,53.3,54.075,52.53,53.49,187676
2023-01-11T05:00:00Z,52.86,53.49,52.56,53.25,214819
2023-01-10T05:00:00Z,52.755,53.91,52.755,53.795,207984
2023-01-09T05:00:00Z,52.32,52.88,51.96,52.77,185304
2023-01-06T05:00:00Z,51.53,52.38,51.105,51.58,191584
2023-01-05T05:00:00Z,51.465,52.46,51.125,51.53,229390
2023-01-04T05:00:00Z,50,52,49.63,51.89,348645
2023-01-03T05:00:00Z,49.25,49.74,48.55,49.32,255816
2022-12-30T05:00:00Z,46.61,48.11,46.61,48.07,221230
2022-12-29T05:00:00Z,46.58,47.885,46.34,47.09,186145
2022-12-28T05:00:00Z,48.025,48.025,46.17,46.17,208424
2022-12-27T05:00:00Z,47.105,48.75,47.07,48.46,388599
2022-12-23T05:00:00Z,46.665,46.73,45.92,46.515,133791
2022-12-22T05:00:00Z,47,47.17,46.11,46.52,94721
2022-12-21T05:00:00Z,46.755,47.565,46.755,46.895,104138
2022-12-20T05:00:00Z,46.08,46.72,45.885,46.39,141447
2022-12-19T05:00:00Z,47.105,47.17,46.14,46.355,199905
2022-12-16T05:00:00Z,48.17,48.46,47.47,47.47,177414
2022-12-15T05:00:00Z,48.525,49.07,47.56,48.65,214609
2022-12-14T05:00:00Z,48.4,49.12,48.23,48.76,149099
2022-12-13T05:00:00Z,49.19,49.34,48.4,48.68,251742
2022-12-12T05:00:00Z,46.81,48.365,46.39,48.345,230572
2022-12-09T05:00:00Z,48.31,48.37,47.265,47.3,271244
2022-12-08T05:00:00Z,48.61,49.73,47.71,48.3,429582
2022-12-07T05:00:00Z,45.94,47.185,45.565,47.15,199499
2022-12-06T05:00:00Z,47.795,47.865,46.725,46.795,254881
2022-12-05T05:00:00Z,48.365,49.28,47.36,47.69,296885
2022-12-02T05:00:00Z,46.195,48.315,46.195,47.93,400453
2022-12-01T05:00:00Z,46.5,47.01,45.86,46.9,212168
2022-11-30T05:00:00Z,45.115,46.905,45.115,46.83,411477
2022-11-29T05:00:00Z,44.61,45.06,44.17,44.65,237639
2022-11-28T05:00:00Z,44.52,44.65,42.61,43.65,347099
2022-11-25T05:00:00Z,43.19,43.23,42.595,43.18,114837
2022-11-23T05:00:00Z,42.72,43.18,42.3,43.04,109228
2022-11-22T05:00:00Z,42.19,42.775,41.745,42.705,111870
2022-11-21T05:00:00Z,42.57,42.57,41.43,42.37,215144
2022-11-18T05:00:00Z,44.59,44.98,43.25,43.59,114510
2022-11-17T05:00:00Z,43.04,44.515,42.72,44.285,191865
2022-11-16T05:00:00Z,43.27,44.04,42.94,43.94,222165
2022-11-15T05:00:00Z,44.015,44.73,43.44,43.92,323691
2022-11-14T05:00:00Z,43.26,44.12,42.51,43,233586
2022-11-11T05:00:00Z,42.405,43.86,41.94,43.29,430996
2022-11-10T05:00:00Z,41.345,42.35,40.545,41.045,346888
2022-11-09T05:00:00Z,39.86,40.305,39.71,39.935,175236
2022-11-08T05:00:00Z,40.73,41.025,40.23,40.675,121709
2022-11-07T05:00:00Z,40.17,41.28,39.43,40.735,350892
2022-11-04T04:00:00Z,40.045,40.745,39.02,40.23,468044
2022-11-03T04:00:00Z,37.445,38.7,37.04,37.835,128316
2022-11-02T04:00:00Z,38.18,39.57,38.055,38.16,236153
2022-11-01T04:00:00Z,39.335,39.74,38.605,38.64,360452
2022-10-31T04:00:00Z,38.005,38.895,36.795,38.015,335874
2022-10-28T04:00:00Z,34.855,37.095,34.76,37.07,344056
2022-10-27T04:00:00Z,35.85,36.06,34.985,35.07,208176
2022-10-26T04:00:00Z,34.76,35.745,34.38,35.47,869937
2022-10-25T04:00:00Z,35.62,36.38,34.26,34.77,392144
2022-10-24T04:00:00Z,37.02,37.27,33.4,35.04,680798
2022-10-21T04:00:00Z,37.775,39.25,37.54,39.05,330811
2022-10-20T04:00:00Z,36.48,38.78,36.18,37.58,651742
2022-10-19T04:00:00Z,34.78,36.19,34.78,35.59,575239
2022-10-18T04:00:00Z,36.535,37.095,35.755,35.86,225041
2022-10-17T04:00:00Z,35.73,36.31,35.24,35.7,195798
2022-10-14T04:00:00Z,36.12,36.46,34.665,35.225,371035
2022-10-13T04:00:00Z,35.37,37.23,34.9,35.745,333685
2022-10-12T04:00:00Z,35.95,36.875,35.515,36.49,247102
2022-10-11T04:00:00Z,38.97,38.97,35.655,36.36,411969
2022-10-10T04:00:00Z,41.395,41.405,38.285,39.31,424670
2022-10-07T04:00:00Z,42.61,42.78,41.645,42.5,232975
2022-10-06T04:00:00Z,42.71,43.44,42.49,43.075,364743
2022-10-05T04:00:00Z,41.655,42.975,41.3,42.645,383583
2022-10-04T04:00:00Z,39.19,42.05,39.19,42.01,432049
2022-10-03T04:00:00Z,37.96,38.88,37.23,38.61,195483
2022-09-30T04:00:00Z,37.82,38.36,37.425,37.55,312218
2022-09-29T04:00:00Z,39.04,39.29,37.925,38.53,272903
2022-09-28T04:00:00Z,39.415,39.925,39.04,39.69,273021
2022-09-27T04:00:00Z,40.5,40.53,38.9,39.735,499407
2022-09-26T04:00:00Z,38.93,40.47,38.38,39.66,1213683
2022-09-23T04:00:00Z,34.825,35.5,34.475,35.49,459750
2022-09-22T04:00:00Z,36.71,37.32,34.955,35.29,358087
2022-09-21T04:00:00Z,39.085,39.085,36.625,36.63,333437
2022-09-20T04:00:00Z,40.27,41.09,38.96,39.29,478100
2022-09-19T04:00:00Z,38.23,39.42,38.23,38.81,179177
2022-09-16T04:00:00Z,38.43,39.06,37.765,38.65,219650
2022-09-15T04:00:00Z,37.96,40.31,37.96,39.71,293497
2022-09-14T04:00:00Z,37.545,38.19,36.48,38.165,195384
2022-09-13T04:00:00Z,37.5,38.645,37.5,37.84,131915
2022-09-12T04:00:00Z,38.63,39.25,38.44,38.755,171910
2022-09-09T04:00:00Z,38.03,38.345,37.8,38.16,127442
2022-09-08T04:00:00Z,35.73,37.67,35.62,37.67,130502
2022-09-07T04:00:00Z,35.32,36.515,35.32,36.415,92440
2022-09-06T04:00:00Z,36.34,36.34,35.035,35.455,250764
2022-09-02T04:00:00Z,37.06,37.075,36.125,36.22,134786
2022-09-01T04:00:00Z,37.14,37.14,35.83,36.73,189134
2022-08-31T04:00:00Z,36.99,38.17,36.86,37.62,145362
2022-08-30T04:00:00Z,38.26,38.425,36.3,36.655,175645
2022-08-29T04:00:00Z,37.57,38.27,37.51,37.895,98857
2022-08-26T04:00:00Z,39.54,39.695,37.92,37.925,147787
2022-08-25T04:00:00Z,38.45,39.56,38.44,39.045,139925
2022-08-24T04:00:00Z,36.695,38.27,36.46,37.89,179015
2022-08-23T04:00:00Z,36.6,37.49,36.6,36.89,69337
2022-08-22T04:00:00Z,36.58,36.76,36.28,36.63,144869
2022-08-19T04:00:00Z,37.23,37.82,37.22,37.62,139204
2022-08-18T04:00:00Z,37.4,37.705,36.935,37.7,76024
2022-08-17T04:00:00Z,37.67,37.97,37.27,37.44,116981
2022-08-16T04:00:00Z,38.42,38.545,37.955,38.31,122600
2022-08-15T04:00:00Z,38.25,39.085,38.24,38.675,103305
2022-08-12T04:00:00Z,37.7,38.68,37.5,38.66,166766
2022-08-11T04:00:00Z,37.43,38.86,37.24,37.71,132068
2022-08-10T04:00:00Z,37.545,37.555,36.24,36.65,173814
2022-08-09T04:00:00Z,36.85,36.92,35.95,36.91,241275
2022-08-08T04:00:00Z,38.74,39.11,37.17,37.2,302159
2022-08-05T04:00:00Z,38.66,39.15,38.16,38.37,164538
2022-08-04T04:00:00Z,39.445,39.79,39.105,39.3,117382
2022-08-03T04:00:00Z,38.61,39.25,38.61,38.94,156296
2022-08-02T04:00:00Z,37.21,38.71,37.21,38.145,209267
2022-08-01T04:00:00Z,37.325,38.22,36.81,37.76,197659
2022-07-29T04:00:00Z,38.095,38.16,37.11,37.7,206439
2022-07-28T04:00:00Z,38.98,39.04,37.88,38.53,214750
2022-07-27T04:00:00Z,38.89,39.145,38.19,38.96,279230
2022-07-26T04:00:00Z,38.6,38.66,38.19,38.21,253326
2022-07-25T04:00:00Z,39.06,39.33,38.435,38.86,140988
2022-07-22T04:00:00Z,39.485,39.62,38.67,38.985,236697
2022-07-21T04:00:00Z,37.725,39.95,37.67,39.51,720655
2022-07-20T04:00:00Z,36.02,37.17,36,37.085,481916
2022-07-19T04:00:00Z,35.225,35.62,34.9,35.51,257097
2022-07-18T04:00:00Z,34.96,35.51,34.61,34.66,289349
2022-07-15T04:00:00Z,34.74,35.24,33.815,34.54,481190
2022-07-14T04:00:00Z,32.6,34.46,32.59,34.25,324265
2022-07-13T04:00:00Z,32.6,33.61,32.55,33.22,224737
2022-07-12T04:00:00Z,32.03,33.25,32.01,33.25,177295
2022-07-11T04:00:00Z,32.865,33.02,30.95,32.21,1099599
2022-07-08T04:00:00Z,35.185,35.195,34.21,34.35,365088
2022-07-07T04:00:00Z,35.18,35.96,34.705,35.33,214690
2022-07-06T04:00:00Z,34.48,35.045,34.37,34.7,323419
2022-07-05T04:00:00Z,34.22,34.78,33.94,34.78,201805
2022-07-01T04:00:00Z,33.675,35.38,33.55,35.29,323823
2022-06-30T04:00:00Z,32.93,34.43,31.985,33.61,469192
2022-06-29T04:00:00Z,34.135,34.33,33.155,33.605,245958
2022-06-28T04:00:00Z,35.77,36.27,34.495,34.51,386933
2022-06-27T04:00:00Z,33.56,33.855,32.78,33.18,170950
2022-06-24T04:00:00Z,32.215,33.55,32.14,33.45,354374
2022-06-23T04:00:00Z,31.91,32.1,30.51,31.61,222016
2022-06-22T04:00:00Z,31.04,32.06,30.97,31.58,130236
2022-06-21T04:00:00Z,32.335,32.53,31.62,31.74,175785
2022-06-17T04:00:00Z,31.455,32.09,30.57,31.68,223743
2022-06-16T04:00:00Z,31.62,31.79,30.595,30.925,287802
2022-06-15T04:00:00Z,32.69,33.31,32.08,32.635,280788
2022-06-14T04:00:00Z,30.785,32.6,30.785,32.27,406551
2022-06-13T04:00:00Z,31.875,32.29,30.14,30.595,478711
2022-06-10T04:00:00Z,34.37,34.98,33.33,33.49,512150
2022-06-09T04:00:00Z,36.53,36.67,35.19,35.29,325837
2022-06-08T04:00:00Z,35.61,37.605,35.6,37.395,352893
2022-06-07T04:00:00Z,34.92,35.87,34.845,35.835,147841
2022-06-06T04:00:00Z,36,37.29,35.24,35.46,378195
2022-06-03T04:00:00Z,35.22,35.62,34.62,34.94,140920
2022-06-02T04:00:00Z,35.28,35.83,34.96,35.54,168001
2022-06-01T04:00:00Z,35.815,36.49,34.45,35.165,232759
2022-05-31T04:00:00Z,36.3,36.4,35.17,35.46,353087
2022-05-27T04:00:00Z,34.815,34.82,34.22,34.61,113672
2022-05-26T04:00:00Z,32.455,34.49,32.455,34.18,176328
2022-05-25T04:00:00Z,30.865,32.32,30.865,32.07,247485
2022-05-24T04:00:00Z,32.4,32.5,30.59,31.01,197330
2022-05-23T04:00:00Z,33.84,33.84,32.58,32.99,166538
2022-05-20T04:00:00Z,34,34.06,32.42,33.46,179819
2022-05-19T04:00:00Z,33.265,34.31,33.255,33.27,260178
2022-05-18T04:00:00Z,34.47,34.63,33.13,33.84,188760
2022-05-17T04:00:00Z,34.5,34.94,33.955,34.69,213213
2022-05-16T04:00:00Z,33.98,35.23,33.285,33.39,318291
2022-05-13T04:00:00Z,31.62,34.87,31.6,34.68,513247
2022-05-12T04:00:00Z,29.79,30.645,28.89,30.15,396062
2022-05-11T04:00:00Z,31.27,32.385,30.2,30.34,271620
2022-05-10T04:00:00Z,33,33.04,30.67,31.2,348203
2022-05-09T04:00:00Z,33.35,33.87,31.645,31.86,275142
2022-05-06T04:00:00Z,35.28,35.34,33.75,34.33,227275
2022-05-05T04:00:00Z,36.56,36.56,34.98,35.58,164154
2022-05-04T04:00:00Z,36.44,37.165,35.35,37.06,175864
2022-05-03T04:00:00Z,36.87,37.4,35.9,36.43,121109
2022-05-02T04:00:00Z,35.55,36.92,34.98,36.68,279223
2022-04-29T04:00:00Z,36.37,37.48,35.38,35.44,197166
2022-04-28T04:00:00Z,34.42,36.13,33.54,35.66,306911
2022-04-27T04:00:00Z,34.72,35.87,34.09,34.82,268945
2022-04-26T04:00:00Z,35.91,35.92,34.28,34.77,167164
2022-04-25T04:00:00Z,35.43,36.365,34.93,36.3,200216
2022-04-22T04:00:00Z,37.63,38.05,36.36,36.38,300163
2022-04-21T04:00:00Z,39.115,39.52,37.15,37.21,177280
2022-04-20T04:00:00Z,38.37,39.25,38.23,38.53,135213
2022-04-19T04:00:00Z,36.97,38.695,36.95,38.24,200539
2022-04-18T04:00:00Z,36.93,36.94,36.22,36.62,261274
2022-04-14T04:00:00Z,36.425,37.285,36.2,36.96,210748
2022-04-13T04:00:00Z,35.61,36.58,35.39,36.26,113631
2022-04-12T04:00:00Z,35.61,36.17,34.855,35.03,138012
2022-04-11T04:00:00Z,35.125,36.36,34.8,35.04,180242
2022-04-08T04:00:00Z,35.78,36.31,35.28,35.96,177937
2022-04-07T04:00:00Z,36.61,36.74,35.135,36.115,174987
2022-04-06T04:00:00Z,37.245,37.32,36.14,37,269877
2022-04-05T04:00:00Z,39.835,39.98,37.63,37.81,216704
2022-04-04T04:00:00Z,39.565,40.325,39.04,39.94,191589
2022-04-01T04:00:00Z,39.69,40.265,39.2,39.52,109460
2022-03-31T04:00:00Z,39.25,39.76,38.86,38.86,161340
2022-03-30T04:00:00Z,39.59,40.495,39.265,39.64,82994
2022-03-29T04:00:00Z,39.75,40.6,39.425,40.01,127405
2022-03-28T04:00:00Z,39.1,39.2,38.08,38.88,155005
2022-03-25T04:00:00Z,39.785,39.8,38.95,39.19,94695
2022-03-24T04:00:00Z,38.725,39.77,38.27,39.72,165096
2022-03-23T04:00:00Z,38.7,39.09,38.07,38.17,149680
2022-03-22T04:00:00Z,38.75,39.69,38.66,39.03,155407
2022-03-21T04:00:00Z,38.57,39.14,38.03,38.7,122560
2022-03-18T04:00:00Z,36.96,39.275,36.82,38.96,436719
2022-03-17T04:00:00Z,35.77,37.4,35.59,37.38,362238
2022-03-16T04:00:00Z,34.51,36.55,34.445,36.55,499498
2022-03-15T04:00:00Z,31.775,33.3,31.26,32.65,316495
2022-03-14T04:00:00Z,35.29,35.34,31.75,32.09,677561
2022-03-11T05:00:00Z,39.07,39.14,36.41,36.42,468931
2022-03-10T05:00:00Z,37.82,38.98,37.71,38.59,255291
2022-03-09T05:00:00Z,38.76,39.55,38.53,38.78,194545
2022-03-07T05:00:00Z,40.695,40.75,35.89,36.1,426416
2022-03-04T05:00:00Z,41.595,42.01,40.245,40.8,220438
2022-03-03T05:00:00Z,43.91,43.91,42.18,42.37,184539
2022-03-02T05:00:00Z,42.41,44.835,42.285,44.39,451866
2022-03-01T05:00:00Z,42.41,43.07,40.06,40.3,443806
2022-02-28T05:00:00Z,43.46,43.6,42.425,42.84,245111
2022-02-25T05:00:00Z,43.985,44.58,43.01,44.52,203473
2022-02-24T05:00:00Z,42.97,43.85,42.06,43.57,323462
2022-02-23T05:00:00Z,46.2,46.42,45.02,45.14,136152
2022-02-22T05:00:00Z,46.55,46.57,44.48,45.42,224776
2022-02-18T05:00:00Z,46.815,47.7,46.36,47.125,194264
2022-02-17T05:00:00Z,47.12,47.805,46.78,47.07,166026
2022-02-16T05:00:00Z,47.26,48.255,46.88,47.61,152466
2022-02-15T05:00:00Z,47.24,47.96,47.07,47.76,194474
2022-02-14T05:00:00Z,45.26,47.54,45.24,46.21,294710
2022-02-11T05:00:00Z,46.685,47.31,44.87,45.15,291795
2022-02-10T05:00:00Z,46.03,47.36,45.95,46.66,165899
2022-02-09T05:00:00Z,46.025,46.905,45.88,46.72,190512
2022-02-08T05:00:00Z,45.75,46.455,45.005,45.75,174651
2022-02-07T05:00:00Z,44.46,45.94,44.3,45.51,257774
2022-02-04T05:00:00Z,43.8,44.52,43.34,44.19,342333
2022-02-03T05:00:00Z,44.19,45.22,43.865,43.93,135284
2022-02-02T05:00:00Z,44.575,45.68,44.31,44.76,342045
2022-02-01T05:00:00Z,44,44.95,43.85,44.65,232349
2022-01-31T05:00:00Z,42.795,43.9,42.41,43.8,129150
2022-01-28T05:00:00Z,42.265,43.15,41.84,43.11,138361
2022-01-27T05:00:00Z,44.285,44.285,41.84,42.09,455304
2022-01-26T05:00:00Z,45.28,45.49,43.81,44.12,363219
2022-01-25T05:00:00Z,44.01,45.35,43.04,44.87,281255
2022-01-24T05:00:00Z,42.755,43.44,42.2,42.9,200348
2022-01-21T05:00:00Z,43.38,44.94,42.97,43.75,451342
2022-01-20T05:00:00Z,44.31,45.01,43.505,43.6,352575
2022-01-19T05:00:00Z,43.99,44.85,43.295,43.92,481950
2022-01-18T05:00:00Z,42.825,44.27,41.89,43.1,606161
2022-01-14T05:00:00Z,42.08,43.7,41.54,42.98,1842784
2022-01-13T05:00:00Z,38.965,39.485,37.595,37.66,167172
2022-01-12T05:00:00Z,39.22,39.5,38.36,38.96,228522
2022-01-11T05:00:00Z,37.7,39.41,37.275,38.84,500774
2022-01-10T05:00:00Z,37.1,37.495,35.39,36.46,220681
2022-01-07T05:00:00Z,37.99,38.58,37.8,37.91,135147
2022-01-06T05:00:00Z,37.33,38.305,36.87,37.81,136306
2022-01-05T05:00:00Z,38.49,38.81,36.91,36.98,164084
2022-01-04T05:00:00Z,39.44,39.58,38.445,38.655,186017
2022-01-03T05:00:00Z,38.04,39.14,37.93,38.86,120164
2021-12-31T05:00:00Z,37.59,38.19,37.42,37.64,95140
2021-12-30T05:00:00Z,36.955,38.325,36.95,37.7,142156
2021-12-29T05:00:00Z,37.27,37.7,36.95,37.2,123740
2021-12-28T05:00:00Z,37.48,38.44,37.27,37.64,100426
2021-12-27T05:00:00Z,37.96,38.165,37.34,37.86,118330
2021-12-23T05:00:00Z,39.02,39.36,37.595,38.585,281556
2021-12-22T05:00:00Z,36.73,37.37,36.29,37.03,93765
2021-12-21T05:00:00Z,34.625,37.205,34.57,37.02,180363
2021-12-20T05:00:00Z,34.25,35.08,33.825,34.16,175262
2021-12-17T05:00:00Z,34.79,35.775,34.06,35.44,276604
2021-12-16T05:00:00Z,36.825,36.825,34.925,35.12,111208
2021-12-15T05:00:00Z,36.2,36.28,35.155,35.99,172883
2021-12-14T05:00:00Z,36.53,37.22,36.195,36.37,269074
2021-12-13T05:00:00Z,37.11,37.25,36.24,36.93,237183
2021-12-10T05:00:00Z,38.3,38.42,37.465,37.66,157553
2021-12-09T05:00:00Z,38.2,38.86,38.04,38.12,182434
2021-12-08T05:00:00Z,37.43,39.205,37.15,38.725,291118
2021-12-07T05:00:00Z,37.45,38.02,36.92,37.08,184781
2021-12-06T05:00:00Z,34.84,37.94,34.77,36.75,281531
2021-12-03T05:00:00Z,35.55,35.55,33.89,34.27,195459
2021-12-02T05:00:00Z,34.32,35.64,33.79,35.6,269311
2021-12-01T05:00:00Z,36.3,37.44,33.96,33.98,288665
2021-11-30T05:00:00Z,36.55,37.12,35.25,35.62,590204
2021-11-29T05:00:00Z,37.96,38.495,37.205,37.25,309266
2021-11-26T05:00:00Z,37.34,37.97,36.62,37.86,847633
2021-11-24T05:00:00Z,39.37,40.56,39.37,40.02,179024
2021-11-23T05:00:00Z,41.07,41.17,39.625,39.8,136524
2021-11-22T05:00:00Z,39.005,40.985,38.85,40.64,267566
2021-11-19T05:00:00Z,38.03,38.77,37.88,38.27,100856
2021-11-18T05:00:00Z,39.32,39.365,38.14,38.545,137135
2021-11-17T05:00:00Z,40.21,40.69,39.03,39.29,271676
2021-11-16T05:00:00Z,41.53,41.53,39.985,40.65,146077
2021-11-15T05:00:00Z,39.94,41.53,39.94,41.355,212458
2021-11-12T05:00:00Z,39.34,39.75,39.1,39.7,121197
2021-11-11T05:00:00Z,39.88,40.34,39.455,39.5,178173
2021-11-10T05:00:00Z,40.71,41.585,39.84,40.04,140502
2021-11-09T05:00:00Z,41.48,41.78,40.665,41.09,186737
2021-11-08T05:00:00Z,43.01,43.21,41.46,41.565,180961
2021-11-05T04:00:00Z,41.75,42.94,41.43,42.62,331323
2021-11-04T04:00:00Z,41.12,41.25,39.72,39.74,219500
2021-11-03T04:00:00Z,40.9,41.47,40.33,41.085,158098
2021-11-02T04:00:00Z,40.74,40.74,40.05,40.72,161447
2021-11-01T04:00:00Z,38.91,41.045,38.325,41.035,131471
2021-10-29T04:00:00Z,39.73,40.5,38.68,38.82,216855
2021-10-28T04:00:00Z,40.2,40.2,39.26,39.745,455971
2021-10-27T04:00:00Z,39.13,40.99,38.82,40.285,251027
2021-10-26T04:00:00Z,38.66,39.715,38.66,39.035,111738
2021-10-22T04:00:00Z,38.64,38.7,37.81,38,148557
2021-10-21T04:00:00Z,38.755,39.44,38.34,38.77,287757
2021-10-20T04:00:00Z,40.565,40.88,39.26,39.56,239504
2021-10-19T04:00:00Z,40.25,40.305,39.715,40.3,132486
2021-10-18T04:00:00Z,39.995,40.56,39.57,40.05,113155
2021-10-15T04:00:00Z,40.735,40.97,40.04,40.1,87634
2021-10-14T04:00:00Z,40.65,40.85,40,40.37,138879
2021-10-13T04:00:00Z,40.09,40.11,39.32,40.04,156792
2021-10-12T04:00:00Z,39.11,40.565,39.11,40.24,257822
2021-10-11T04:00:00Z,38.22,39.99,38.22,39.1,206809
2021-10-08T04:00:00Z,37.305,38.285,37.07,38.22,161013
2021-10-07T04:00:00Z,36.9,37.66,36.68,37.12,688920
2021-10-06T04:00:00Z,37.06,37.41,36.525,36.76,454861
2021-10-05T04:00:00Z,37,37.985,36.72,37.465,213936
2021-10-04T04:00:00Z,38.11,38.34,36.72,36.92,153373
2021-10-01T04:00:00Z,37.25,38.39,37.09,38.18,158528
2021-09-30T04:00:00Z,36.51,37.05,36.235,36.6,183409
2021-09-29T04:00:00Z,37.5,37.5,36.39,36.4,119770
2021-09-28T04:00:00Z,38,38.51,37.225,37.3,176043
2021-09-27T04:00:00Z,36.91,38.555,36.89,37.9,302464
2021-09-24T04:00:00Z,37.285,38.13,36.605,36.91,301040
2021-09-23T04:00:00Z,36.51,37.725,36.32,37.28,312267
2021-09-22T04:00:00Z,36.09,36.86,35.97,36.11,301882
2021-09-21T04:00:00Z,37.96,38.255,35.615,35.64,486059
2021-09-20T04:00:00Z,37.06,38.195,36.82,37.695,620111
2021-09-17T04:00:00Z,37.48,38.27,37.48,38.18,300362
2021-09-16T04:00:00Z,37.12,37.785,36.465,37.5,391111
2021-09-15T04:00:00Z,36.52,38.275,36.21,38.065,967810
2021-09-14T04:00:00Z,39.34,39.765,36.935,38.71,1086760
2021-09-13T04:00:00Z,42.04,43.095,41.77,42.88,195832
2021-09-10T04:00:00Z,43.935,43.94,41.845,41.85,160853
2021-09-09T04:00:00Z,43.76,44.5,43.51,43.68,103182
2021-09-08T04:00:00Z,44.75,45.49,43.51,43.91,115524
2021-09-07T04:00:00Z,43.45,45.18,43.07,44.9,175559
2021-09-03T04:00:00Z,43.76,44,42.865,43.14,88460
2021-09-02T04:00:00Z,44.245,44.71,43.805,44.02,141651
2021-09-01T04:00:00Z,45.08,45.345,44.1,44.105,230476
2021-08-31T04:00:00Z,43.65,44.78,43.5,44.62,270482
2021-08-30T04:00:00Z,44.185,44.24,43.305,43.44,198162
2021-08-27T04:00:00Z,43.08,44.045,43.055,43.9,154749
2021-08-26T04:00:00Z,43.07,44.095,42.67,42.99,160770
2021-08-25T04:00:00Z,42.75,43.345,42.155,43.255,329437
2021-08-24T04:00:00Z,40.92,42.83,40.92,42.72,757714
2021-08-23T04:00:00Z,38.46,39.76,38.185,39.75,772508
2021-08-20T04:00:00Z,36.71,37.79,36.635,37.545,198618
2021-08-19T04:00:00Z,38.02,38.02,36.42,36.77,553726
2021-08-18T04:00:00Z,38.61,39,38.15,38.315,138936
2021-08-17T04:00:00Z,38.8,39.02,38.19,38.635,190483
2021-08-16T04:00:00Z,39.48,39.775,39.065,39.33,155573
2021-08-13T04:00:00Z,40.725,40.725,39.825,39.95,163928
2021-08-12T04:00:00Z,41.14,41.19,40.455,40.79,149878
2021-08-11T04:00:00Z,40.85,41.11,40.41,40.995,93222
2021-08-10T04:00:00Z,40.74,41.195,40.51,40.98,146076
2021-08-09T04:00:00Z,40.7,40.84,39.51,40.66,149113
2021-08-06T04:00:00Z,41.04,41.515,40.645,40.85,257021
2021-08-05T04:00:00Z,39.17,41.11,39.13,40.76,234057
2021-08-04T04:00:00Z,39.87,40.26,38.745,38.85,224076
2021-08-03T04:00:00Z,41.43,41.43,39.555,40.07,391922
2021-08-02T04:00:00Z,42.79,43.15,41.455,41.5,190081
2021-07-30T04:00:00Z,42.56,43.635,42.2,42.35,136953
2021-07-29T04:00:00Z,44.68,44.68,42.91,42.995,360851
2021-07-28T04:00:00Z,44.28,45.15,43.63,44.5,284276
2021-07-27T04:00:00Z,44.59,45,43.14,43.62,235219
2021-07-26T04:00:00Z,45.34,45.41,44.2,45.33,373586
2021-07-23T04:00:00Z,47.06,47.525,45.735,45.75,396177
2021-07-22T04:00:00Z,47.77,48.03,46.79,47.21,505443
2021-07-21T04:00:00Z,48.33,49.63,48.12,49.45,165591
2021-07-20T04:00:00Z,47.37,48.195,47.03,47.8,263244
2021-07-19T04:00:00Z,46.2,47.94,46.2,47.35,435446
2021-07-16T04:00:00Z,49.765,49.82,47.74,47.815,227968
2021-07-15T04:00:00Z,49.67,49.91,49.065,49.44,153822
2021-07-14T04:00:00Z,50.55,51,49.98,50.11,159962
2021-07-13T04:00:00Z,50.59,50.935,50.185,50.5,159315
2021-07-12T04:00:00Z,50.725,51.24,50.545,51.02,113139
2021-07-09T04:00:00Z,50.895,51.66,50.53,51.32,232172
2021-07-08T04:00:00Z,50.01,50.965,49.52,50.235,392666
2021-07-07T04:00:00Z,51.95,51.95,50.3,50.85,207609
2021-07-06T04:00:00Z,52.96,53.06,51.435,51.53,144995
2021-07-02T04:00:00Z,53.08,53.23,52.58,53.1,134940
2021-07-01T04:00:00Z,52.85,53.52,52.81,53.12,159819
2021-06-30T04:00:00Z,51.94,52.99,51.865,52.715,283126
2021-06-29T04:00:00Z,51.53,51.95,51.08,51.16,153549
2021-06-28T04:00:00Z,52.27,52.37,51.01,51.37,232628
2021-06-25T04:00:00Z,52.01,53.05,51.86,52.695,344404
2021-06-24T04:00:00Z,53.76,53.795,51.36,51.915,661535
2021-06-23T04:00:00Z,53.42,53.87,52.93,53.315,260763
2021-06-22T04:00:00Z,54.01,54.07,53.48,53.6,153856
2021-06-21T04:00:00Z,53.46,54.665,52.83,54.59,155509
2021-06-18T04:00:00Z,53.37,53.69,52.96,53,215124
2021-06-17T04:00:00Z,54.69,55.6,54.14,54.155,172331
2021-06-16T04:00:00Z,54.4,55.035,53.91,54.345,149175
2021-06-15T04:00:00Z,54.12,54.55,53.74,54.24,201580
2021-06-14T04:00:00Z,55.61,55.795,54.11,54.16,295492
2021-06-11T04:00:00Z,55.405,55.64,54.86,55.64,50497
2021-06-10T04:00:00Z,55.045,55.595,54.585,55.39,346078
2021-06-09T04:00:00Z,56.04,56.19,54.945,55.09,171478
2021-06-08T04:00:00Z,56.84,56.84,55.455,55.925,237381
2021-06-07T04:00:00Z,56.35,56.525,56.03,56.51,104599
2021-06-04T04:00:00Z,57.19,57.27,55.99,56.525,133693
2021-06-03T04:00:00Z,58.53,58.63,56.74,56.76,194989
2021-06-02T04:00:00Z,59.39,59.54,58.41,58.925,139436
2021-06-01T04:00:00Z,58.62,59.27,58.03,59.21,290578
2021-05-28T04:00:00Z,58.46,58.615,57.5,57.75,259053
2021-05-27T04:00:00Z,59.15,59.295,58.365,58.575,135073
2021-05-26T04:00:00Z,58.08,59.835,57.88,58.95,270656
2021-05-25T04:00:00Z,58.085,58.23,57.14,57.68,112519
2021-05-24T04:00:00Z,57.87,58.115,57.17,57.73,264776
2021-05-21T04:00:00Z,58.44,58.67,57.69,57.73,177622
2021-05-20T04:00:00Z,56.27,57.81,56.18,57.75,202862
2021-05-19T04:00:00Z,55.5,56.19,55.39,56.1,106605
2021-05-18T04:00:00Z,57.1,58.02,56.68,56.71,127088
2021-05-17T04:00:00Z,56.96,57.05,55.56,56.76,216535
2021-05-14T04:00:00Z,56.04,58.32,55.63,57.9,266554
2021-05-13T04:00:00Z,55.36,56.24,54.68,55.75,389497
2021-05-12T04:00:00Z,55.58,56.81,54.87,54.95,225023
2021-05-11T04:00:00Z,57,57.17,55.825,56.25,223655
2021-05-10T04:00:00Z,57.935,58.72,57.11,57.15,235971
2021-05-07T04:00:00Z,57.51,58.36,57.32,57.7,135692
2021-05-06T04:00:00Z,59.11,59.13,56.58,57.25,304877
2021-05-05T04:00:00Z,59.85,60.34,59.13,59.47,210757
2021-05-04T04:00:00Z,60.76,60.76,58.68,59.35,215474
2021-05-03T04:00:00Z,61.61,61.76,60.73,61.04,191282
2021-04-30T04:00:00Z,60.86,61.32,60.14,61.22,122908
2021-04-29T04:00:00Z,62.41,62.82,60.4,61.17,142720
2021-04-28T04:00:00Z,60.93,61.905,60.36,61.745,200791
2021-04-27T04:00:00Z,59.31,61.14,58.95,60.76,198831
2021-04-26T04:00:00Z,60.14,60.67,59.15,59.29,123469
2021-04-23T04:00:00Z,58.71,59.87,58.44,59.765,437201
2021-04-22T04:00:00Z,58.21,60.06,57.77,58.33,703596
2021-04-21T04:00:00Z,59.445,60.99,58.8,60.99,208949
2021-04-20T04:00:00Z,60.19,60.21,58.155,59.03,350312
2021-04-16T04:00:00Z,61.67,62.165,60.83,61,235061
2021-04-15T04:00:00Z,61.45,61.86,60.97,61.28,130885
2021-04-14T04:00:00Z,60.88,62.07,60.845,61.27,167129
2021-04-13T04:00:00Z,60.465,61.38,59.79,60.98,89310
2021-04-12T04:00:00Z,61.665,61.86,61.18,61.63,90528
2021-04-09T04:00:00Z,61.97,62.24,61.3,61.935,152646
2021-04-08T04:00:00Z,62.205,62.74,61.76,62.59,129230
2021-04-07T04:00:00Z,63.72,63.72,61.735,62.12,225295
2021-04-06T04:00:00Z,62.82,64.32,62.69,63.625,216663
2021-04-05T04:00:00Z,62.79,63.47,62.545,62.65,176787
2021-04-01T04:00:00Z,61.09,62.23,60.96,61.86,146270
2021-03-31T04:00:00Z,61.32,61.395,60.29,60.775,156427
2021-03-30T04:00:00Z,59.84,61.72,59.84,61.16,166264
2021-03-29T04:00:00Z,60.73,61.02,59.28,59.72,132432
2021-03-26T04:00:00Z,61,61.135,59.365,61,165190
2021-03-25T04:00:00Z,58.29,60.78,57.79,60.71,158406
2021-03-24T04:00:00Z,59.73,61.16,59.12,59.17,206927
2021-03-23T04:00:00Z,61.86,62.49,59.06,59.36,469001
2021-03-22T04:00:00Z,63.81,63.81,62.56,62.88,182803
2021-03-19T04:00:00Z,64.47,65,63.71,63.75,275972
2021-03-18T04:00:00Z,65.77,66.2,64.585,64.77,140314
2021-03-17T04:00:00Z,64.72,65.99,64.43,65.92,171642
2021-03-16T04:00:00Z,66.28,66.57,64.5,64.97,188321
2021-03-15T04:00:00Z,63.86,66.215,63.86,66.18,175602
2021-03-12T05:00:00Z,63.12,63.57,62.34,62.48,135239
2021-03-11T05:00:00Z,62.31,64.26,61.92,63.15,220040
2021-03-10T05:00:00Z,62.225,62.8,61.58,62,153203
2021-03-09T05:00:00Z,63.47,63.47,61.92,62.135,207788
2021-03-08T05:00:00Z,63.05,64.39,62.3,63.24,225147
2021-03-05T05:00:00Z,62.66,63.12,59.16,62.45,370044
2021-03-04T05:00:00Z,65.73,66.08,61.26,62.355,355819
2021-03-03T05:00:00Z,66.31,66.765,64.67,65.82,460786
2021-03-02T05:00:00Z,63.115,65.175,63.115,64.93,222402
2021-03-01T05:00:00Z,64.29,64.29,62.74,63.06,203323
2021-02-26T05:00:00Z,62.47,63.485,61.55,62.675,220354
2021-02-25T05:00:00Z,64.7,65.14,62.235,62.555,297613
2021-02-24T05:00:00Z,64.5,64.985,63.39,64.8,285570
2021-02-23T05:00:00Z,63,64.87,60.91,64.41,641256
2021-02-22T05:00:00Z,61.025,63.545,60.9,61.75,755460
2021-02-19T05:00:00Z,58.41,60.57,58.41,60.18,386215
2021-02-18T05:00:00Z,57.75,58.58,56.82,58.22,263683
2021-02-17T05:00:00Z,57.1,59,56.7,57.99,426986
2021-02-16T05:00:00Z,56.735,57.64,55.88,57.46,305599
2021-02-12T05:00:00Z,54.65,56.27,54.22,56.02,221017
2021-02-11T05:00:00Z,55.54,55.79,54.57,55.015,233298
2021-02-10T05:00:00Z,54.57,56.27,54.57,55.5,303055
2021-02-09T05:00:00Z,55.19,55.225,54.16,54.39,194256
2021-02-08T05:00:00Z,55.29,55.565,54.055,55.27,376891
2021-02-05T05:00:00Z,55.23,56.55,54.75,55.575,584762
2021-02-04T05:00:00Z,53.85,54.26,52.36,52.995,297496
2021-02-03T05:00:00Z,52.28,54.34,52.05,53.805,611150
2021-02-02T05:00:00Z,49.475,52.67,49.43,52.17,489756
2021-02-01T05:00:00Z,48.72,49.975,48.59,49.07,324906
2021-01-29T05:00:00Z,49.02,49.26,47.48,48.115,566389
2021-01-28T05:00:00Z,49.25,50.6,47.85,49.11,1085682
2021-01-27T05:00:00Z,51.56,51.71,47.57,48.945,710822
2021-01-26T05:00:00Z,53,53.54,52.4,52.41,389560
2021-01-25T05:00:00Z,53.34,53.49,51.62,52.995,403502
2021-01-22T05:00:00Z,54.4,54.75,53.545,54.22,207444
2021-01-21T05:00:00Z,54.32,55.88,54.195,55.375,221602
2021-01-20T05:00:00Z,54.5,55.35,54.13,54.455,235752
2021-01-19T05:00:00Z,53.82,54.71,52.33,54.43,364498
2021-01-15T05:00:00Z,55.48,55.71,53.33,53.495,410207
2021-01-14T05:00:00Z,55.81,56.115,54.125,55.705,363792
2021-01-13T05:00:00Z,56.4,56.4,54.085,55.3,459209
2021-01-12T05:00:00Z,57,57.22,55.76,56.62,153410
2021-01-11T05:00:00Z,56.855,56.96,56.075,56.415,246150
2021-01-08T05:00:00Z,58.35,59.79,57.015,57.93,356795
2021-01-07T05:00:00Z,58.675,58.93,57.63,58.15,176625
2021-01-06T05:00:00Z,59.4,60.24,57.98,58.515,160587
2021-01-05T05:00:00Z,57.99,59.675,57.84,59.43,102271
2021-01-04T05:00:00Z,59.88,60.23,57.335,57.91,185206
2020-12-31T05:00:00Z,58.71,59.885,58.38,59.66,125746
2020-12-30T05:00:00Z,58.435,59.31,58.435,58.73,99995
2020-12-29T05:00:00Z,59.21,59.6,58.08,58.115,163972
2020-12-28T05:00:00Z,57.78,59.01,57.39,58.975,124192
2020-12-24T05:00:00Z,57.3,57.49,56.73,56.99,36849
2020-12-23T05:00:00Z,56.425,57.64,56.425,57.18,60110
2020-12-22T05:00:00Z,56.57,56.83,55.905,56.25,90926
2020-12-21T05:00:00Z,55.6,57.44,55.215,56.86,173962
2020-12-18T05:00:00Z,57.26,57.76,56.45,57.48,159250
2020-12-17T05:00:00Z,58.245,58.27,56.815,57.26,145913
2020-12-16T05:00:00Z,57.8,57.84,57.03,57.66,144065
2020-12-15T05:00:00Z,57.1,58.16,56.3,57.84,141530
2020-12-14T05:00:00Z,57.45,57.48,56.29,56.54,141409
2020-12-11T05:00:00Z,57.3,57.79,56.35,56.715,146731
2020-12-10T05:00:00Z,57.09,58.25,57.09,57.32,179129
2020-12-09T05:00:00Z,58.71,58.86,57.37,57.91,181594
2020-12-08T05:00:00Z,58.37,59.46,58.215,58.615,180550
2020-12-07T05:00:00Z,59.9,59.9,58.545,58.93,178675
2020-12-04T05:00:00Z,59.105,60.12,59,60.11,130108
2020-12-03T05:00:00Z,58.41,59.71,58.15,58.66,270423
2020-12-02T05:00:00Z,56.52,58.135,56.26,57.61,171240
2020-12-01T05:00:00Z,56.5,57.335,56.09,56.6,241968
2020-11-30T05:00:00Z,56.29,56.365,54.91,55.7,233861
2020-11-27T05:00:00Z,56.505,57.14,56.505,56.58,86842
2020-11-25T05:00:00Z,57.83,57.83,56.37,56.53,218521
2020-11-24T05:00:00Z,57.92,58.85,57.4,58.09,272212
2020-11-23T05:00:00Z,56.145,56.975,54.87,56.71,420359
2020-11-20T05:00:00Z,58.09,58.21,55.89,55.92,440106
2020-11-19T05:00:00Z,57.11,58.76,56.87,58.6,212849
2020-11-18T05:00:00Z,57.27,58.39,56.855,57.4,201771
2020-11-17T05:00:00Z,57.6,58.27,56.81,57.49,293330
2020-11-16T05:00:00Z,59.98,60.17,58.17,58.365,418644
2020-11-13T05:00:00Z,55.77,58.345,55.315,58.27,454889
2020-11-12T05:00:00Z,55.69,56.94,55.11,55.59,263279
2020-11-11T05:00:00Z,58.825,58.825,56.615,57.03,279209
2020-11-10T05:00:00Z,58.265,59.39,57.13,58.65,486724
2020-11-09T05:00:00Z,59.97,60.66,55.875,57.82,844951
2020-11-06T05:00:00Z,52.16,53.245,51.43,52.99,332138
2020-11-05T05:00:00Z,50.18,52.795,49.94,52.59,541020
2020-11-04T05:00:00Z,48.84,51.11,48.55,49.91,199602
2020-11-03T05:00:00Z,49.66,50.12,48.85,49.035,260356
2020-11-02T05:00:00Z,48.7,49.65,48.18,49.15,278731
2020-10-30T04:00:00Z,47.23,48.385,46.97,48.07,265230
2020-10-29T04:00:00Z,46.7,48.265,46.65,47.88,174870
2020-10-28T04:00:00Z,46.95,47.85,46.44,46.86,338349
2020-10-27T04:00:00Z,49.95,50.44,47.99,48.33,411008
2020-10-26T04:00:00Z,49.9,50.31,48.79,49.12,249124
2020-10-23T04:00:00Z,49.59,50.97,49.59,50.69,418086
2020-10-22T04:00:00Z,49.19,50.25,48.26,49.81,807056
2020-10-21T04:00:00Z,46.2,46.46,45.67,45.95,139535
2020-10-20T04:00:00Z,45.03,46.475,44.86,46.21,254496
2020-10-19T04:00:00Z,45.33,46.27,44.86,44.975,335031
2020-10-16T04:00:00Z,45.88,46.19,45.01,45.355,129597
2020-10-15T04:00:00Z,44.52,45.775,44.4,45.735,403780
2020-10-14T04:00:00Z,44.92,45.6,44.84,44.97,171257
2020-10-13T04:00:00Z,45.41,45.865,44.09,44.795,346893
2020-10-12T04:00:00Z,45.64,46.485,45.62,46.16,187514
2020-10-09T04:00:00Z,46.25,46.28,45.1,45.715,306378
2020-10-08T04:00:00Z,46.355,46.635,45.93,46.095,223524
2020-10-07T04:00:00Z,46.92,47.09,46.12,46.18,168036
2020-10-06T04:00:00Z,46.64,48.05,46.305,46.44,322786
2020-10-05T04:00:00Z,46.16,46.28,44.95,46.215,309037
2020-10-02T04:00:00Z,45.23,46.575,44.8,46.15,245869
2020-10-01T04:00:00Z,46.56,46.91,45.93,46.24,346669
2020-09-30T04:00:00Z,47.08,47.6,46.34,46.7,118863
2020-09-29T04:00:00Z,47.23,47.67,46.35,46.73,66911
2020-09-28T04:00:00Z,47.53,48.12,47.24,47.565,103706
2020-09-25T04:00:00Z,45.83,47.195,45.57,46.95,153590
2020-09-24T04:00:00Z,44.825,45.965,44.26,45.91,226546
2020-09-23T04:00:00Z,47.08,47.23,44.96,45.055,127103
2020-09-22T04:00:00Z,46.575,47.35,45.88,46.245,214472
2020-09-21T04:00:00Z,46.73,47.17,45.195,46.46,204584
2020-09-18T04:00:00Z,49.12,49.75,48.73,48.975,191323
2020-09-17T04:00:00Z,48.745,49.315,48.59,49.13,292649
2020-09-16T04:00:00Z,51.68,51.68,47.28,49.645,642435
2020-09-15T04:00:00Z,52.99,53.47,51.82,51.865,191934
2020-09-14T04:00:00Z,52.17,53.18,52.17,53.12,133967
2020-09-11T04:00:00Z,52.99,53.085,51.275,51.865,101844
2020-09-10T04:00:00Z,51.255,53.09,50.91,52.34,215595
2020-09-09T04:00:00Z,51.735,51.735,50.53,50.835,195878
2020-09-08T04:00:00Z,50.965,52.44,50.625,51.67,497715
2020-09-04T04:00:00Z,51.28,52.43,50.98,52.015,272793
2020-09-03T04:00:00Z,51.85,52.245,50.04,50.655,165955
2020-09-02T04:00:00Z,49.88,51.635,49.64,51.385,179512
2020-09-01T04:00:00Z,50.4,51.285,49.59,49.645,140428
2020-08-31T04:00:00Z,51.945,51.95,50.765,50.765,118803
2020-08-28T04:00:00Z,50.73,52.915,50.67,52.175,249309
2020-08-27T04:00:00Z,49.84,51.28,49.84,50.545,150606
2020-08-26T04:00:00Z,50.02,50.19,49.16,49.845,81422
2020-08-25T04:00:00Z,50.225,50.77,49.66,49.96,132844
2020-08-24T04:00:00Z,48.805,49.9,47.79,49.795,141566
2020-08-21T04:00:00Z,47.94,49.365,47.93,48.525,170826
2020-08-20T04:00:00Z,46.665,47.79,46.665,47.45,103842
2020-08-19T04:00:00Z,47.96,48.47,47.34,47.47,83857
2020-08-18T04:00:00Z,47.585,48.085,47.255,47.685,115497
2020-08-17T04:00:00Z,48.335,48.335,47.54,47.705,97362
2020-08-14T04:00:00Z,48.165,48.725,47.855,48.355,60548
2020-08-13T04:00:00Z,48.46,49.06,48.005,48.62,100035
2020-08-12T04:00:00Z,51.26,51.26,48.59,49.07,162676
2020-08-11T04:00:00Z,49.55,51.4,49.4,50.99,934423
2020-08-10T04:00:00Z,46.555,48.255,46.34,47.515,385974
2020-08-07T04:00:00Z,44.77,44.77,43.515,44.17,194378
2020-08-06T04:00:00Z,43.04,45.61,42.78,45.195,262624
2020-08-05T04:00:00Z,44.24,44.835,42.985,43.335,135165
2020-08-04T04:00:00Z,43.98,44.2,43.335,43.74,215506
2020-08-03T04:00:00Z,43.25,44.51,42.6,44.015,138368
2020-07-31T04:00:00Z,44.66,44.99,43.145,43.67,100931
2020-07-30T04:00:00Z,44.39,45.74,44.39,45.485,320767
2020-07-29T04:00:00Z,44.13,45,43.46,44.295,87234
2020-07-28T04:00:00Z,43.285,44.78,43.285,44.23,822256
2020-07-27T04:00:00Z,43.855,44.155,42.71,43.485,222421
