2024-06-14T04:00:00Z,14.39,14.46,14.03,14.15,401670
2024-06-13T04:00:00Z,15.615,15.615,14.465,14.465,189573
2024-06-12T04:00:00Z,15,15.96,15,15.56,476443
2024-06-11T04:00:00Z,15.04,15.04,14.6,14.615,354425
2024-06-10T04:00:00Z,15.42,15.61,14.365,15.06,783256
2024-06-07T04:00:00Z,16.12,16.795,15.57,15.585,583066
2024-06-06T04:00:00Z,16.81,17.29,15.64,15.66,861055
2024-06-05T04:00:00Z,15.43,15.58,15.275,15.54,326064
2024-06-04T04:00:00Z,15.79,15.94,15.05,15.27,347375
2024-06-03T04:00:00Z,15.77,15.93,15.56,15.79,192275
2024-05-31T04:00:00Z,15.955,16.075,15.395,15.62,140808
2024-05-30T04:00:00Z,15.79,16.05,15.655,15.76,129389
2024-05-29T04:00:00Z,15.4,16.04,15.29,15.93,198406
2024-05-28T04:00:00Z,15.77,15.87,15.49,15.67,154481
2024-05-24T04:00:00Z,15.625,15.935,15.56,15.63,83298
2024-05-23T04:00:00Z,16.21,16.21,15.34,15.42,389003
2024-05-22T04:00:00Z,16.27,16.79,15.99,16.145,390266
2024-05-21T04:00:00Z,15.96,16.185,15.825,15.975,145448
2024-05-20T04:00:00Z,16.615,16.705,15.675,16.065,373696
2024-05-17T04:00:00Z,16.87,17.1,16.545,16.63,182542
2024-05-16T04:00:00Z,17.17,17.31,16.9,16.97,176014
2024-05-15T04:00:00Z,17.42,17.68,16.65,17.095,155932
2024-05-14T04:00:00Z,17.215,17.24,16.775,17.045,80034
2024-05-13T04:00:00Z,17.46,17.46,16.755,17.08,303733
2024-05-10T04:00:00Z,17.28,17.335,16.965,17.18,338163
2024-05-09T04:00:00Z,17.825,17.84,17.115,17.23,346715
2024-05-08T04:00:00Z,17.4,18.4,17.17,17.8,770567
2024-05-07T04:00:00Z,17.36,17.36,16.455,16.605,467500
2024-05-06T04:00:00Z,17.58,17.63,17.15,17.52,299861
2024-05-03T04:00:00Z,17.36,17.72,17.12,17.2,388875
2024-05-02T04:00:00Z,16.36,16.875,16.02,16.865,463491
2024-05-01T04:00:00Z,15.58,16.42,15.55,15.865,192439
2024-04-30T04:00:00Z,16.16,16.4,15.605,15.65,198047
2024-04-29T04:00:00Z,16.22,16.47,15.865,16.29,260988
2024-04-26T04:00:00Z,16.06,16.45,15.98,16.385,432500
2024-04-25T04:00:00Z,15.93,16.255,15.74,16.03,317145
2024-04-24T04:00:00Z,16.53,16.82,15.79,16.315,477534
2024-04-23T04:00:00Z,16.935,17.22,16.725,16.91,200679
2024-04-22T04:00:00Z,16.31,16.87,16.115,16.74,277342
2024-04-19T04:00:00Z,16.6,16.805,16.06,16.135,366070
2024-04-18T04:00:00Z,17.39,17.445,16.67,16.68,363471
2024-04-17T04:00:00Z,18.335,18.74,17.23,17.3,315087
2024-04-16T04:00:00Z,17.89,18.58,17.675,18.27,266997
2024-04-15T04:00:00Z,19.06,19.28,17.95,17.99,328006
2024-04-12T04:00:00Z,19.36,19.46,18.64,18.765,270709
2024-04-11T04:00:00Z,18.625,19.545,18.625,19.54,275580
2024-04-10T04:00:00Z,18.03,18.55,18,18.39,254281
2024-04-09T04:00:00Z,17.94,18.77,17.91,18.52,206487
2024-04-08T04:00:00Z,18.08,18.22,17.63,17.83,307527
2024-04-05T04:00:00Z,17.46,18.2,17.41,17.84,236714
2024-04-04T04:00:00Z,18.58,18.675,17.245,17.4,300537
2024-04-03T04:00:00Z,18.24,18.545,17.725,18.28,260749
2024-04-02T04:00:00Z,18.68,18.815,18.265,18.575,247560
2024-04-01T04:00:00Z,19.36,19.635,19.085,19.24,251257
2024-03-28T04:00:00Z,19.61,19.69,19.075,19.33,155531
2024-03-27T04:00:00Z,19.82,19.82,18.56,19.49,793633
2024-03-26T04:00:00Z,19.8,20.37,19.57,19.64,178317
2024-03-25T04:00:00Z,20.32,20.35,19.5,19.52,185041
2024-03-22T04:00:00Z,20.25,20.655,19.835,20.14,565212
2024-03-21T04:00:00Z,19.58,20.82,19.555,20.27,502798
2024-03-20T04:00:00Z,18.115,19.28,18.115,19.2,288033
2024-03-19T04:00:00Z,17.655,18.18,17.325,18.17,304501
2024-03-18T04:00:00Z,17.42,18.04,17.21,17.96,249129
2024-03-15T04:00:00Z,17.655,17.81,17.185,17.21,308753
2024-03-14T04:00:00Z,18.63,18.885,17.58,17.84,353499
2024-03-13T04:00:00Z,17.66,18.48,17.66,18.265,184533
2024-03-12T04:00:00Z,17.73,17.86,17.37,17.7,293283
2024-03-11T04:00:00Z,18.22,18.235,17.55,17.78,283084
2024-03-08T05:00:00Z,18.32,19.12,17.94,18.32,399050
2024-03-07T05:00:00Z,18.44,18.465,18.015,18.04,297995
2024-03-06T05:00:00Z,17.27,18.6,17.11,18.32,528399
2024-03-05T05:00:00Z,17.16,17.21,16.5,16.87,275729
2024-03-04T05:00:00Z,17.345,17.61,16.915,17.08,408604
2024-03-01T05:00:00Z,15.94,16.52,15.725,16.335,291163
2024-02-29T05:00:00Z,15.77,15.965,15.39,15.88,393136
2024-02-28T05:00:00Z,16.4,16.4,15.65,15.68,444598
2024-02-27T05:00:00Z,16.02,17.37,16.02,16.66,569497
2024-02-26T05:00:00Z,15.995,16.32,15.81,15.94,343053
2024-02-23T05:00:00Z,15.925,16.415,15.5,16.015,453766
2024-02-22T05:00:00Z,16.265,16.95,15.78,15.9,617811
2024-02-21T05:00:00Z,16.455,16.7,15.97,16.12,330312
2024-02-20T05:00:00Z,17.605,17.9,16.31,16.715,847261
2024-02-16T05:00:00Z,18.84,19.255,17.745,17.9,618423
2024-02-15T05:00:00Z,16.64,19.42,16.445,19.035,1711521
2024-02-14T05:00:00Z,14.97,16.75,14.96,16.39,1781587
2024-02-13T05:00:00Z,11.965,12.21,11.7,12.14,499720
2024-02-12T05:00:00Z,13.045,13.16,12.38,12.41,448714
2024-02-09T05:00:00Z,12.76,13.365,12.7,13.04,395959
2024-02-08T05:00:00Z,12.415,12.825,12.345,12.77,322830
2024-02-07T05:00:00Z,13.17,13.28,12.4,12.45,335566
2024-02-06T05:00:00Z,12.7,13.46,12.6,13.21,429668
2024-02-05T05:00:00Z,12.7,12.77,12.415,12.575,134507
2024-02-02T05:00:00Z,12.685,12.88,12.42,12.74,197642
2024-02-01T05:00:00Z,12.67,12.885,12.415,12.88,169653
2024-01-31T05:00:00Z,12.615,13.08,12.415,12.485,197359
2024-01-30T05:00:00Z,12.95,13.05,12.6,12.695,200022
2024-01-29T05:00:00Z,12.595,13.09,12.51,13.07,201309
2024-01-26T05:00:00Z,12.63,12.75,12.535,12.605,115859
2024-01-25T05:00:00Z,12.385,12.645,12.32,12.565,208963
2024-01-24T05:00:00Z,12.815,12.815,12.435,12.44,136665
2024-01-23T05:00:00Z,12.91,12.93,12.57,12.7,153235
2024-01-22T05:00:00Z,12.865,13.25,12.56,12.765,275441
2024-01-19T05:00:00Z,12.75,12.75,12.375,12.65,195783
2024-01-18T05:00:00Z,12.98,12.98,12.48,12.75,175070
2024-01-17T05:00:00Z,12.31,12.72,12.3,12.715,253867
2024-01-16T05:00:00Z,12.72,12.72,12.42,12.485,186702
2024-01-12T05:00:00Z,13.41,13.48,12.765,12.87,286172
2024-01-11T05:00:00Z,13.005,13.32,12.69,13.305,176040
2024-01-10T05:00:00Z,13.475,13.58,13.12,13.33,212558
2024-01-09T05:00:00Z,13.235,13.82,13.22,13.5,370306
2024-01-08T05:00:00Z,12.83,13.625,12.795,13.55,268499
2024-01-05T05:00:00Z,12.88,13.11,12.785,12.79,215128
2024-01-04T05:00:00Z,13.22,13.48,12.955,12.985,191578
2024-01-03T05:00:00Z,13.395,13.73,13.175,13.23,439738
2024-01-02T05:00:00Z,14.67,14.805,13.62,13.805,642650
2023-12-29T05:00:00Z,14.91,15.24,14.74,14.99,221278
2023-12-28T05:00:00Z,15.15,15.66,15.1,15.53,207771
2023-12-27T05:00:00Z,15.425,15.525,15.19,15.23,98532
2023-12-26T05:00:00Z,15.35,15.38,15.175,15.32,67358
2023-12-22T05:00:00Z,15.49,15.625,15.17,15.36,140154
2023-12-21T05:00:00Z,15.48,15.6,15.235,15.59,526183
2023-12-20T05:00:00Z,14.86,15.76,14.78,15.05,223891
2023-12-19T05:00:00Z,15.035,15.3,14.315,15.075,592746
2023-12-18T05:00:00Z,15.48,15.94,15.35,15.63,354572
2023-12-15T05:00:00Z,15.285,15.75,15.1,15.53,419308
2023-12-14T05:00:00Z,14.98,15.41,14.78,15.22,764482
2023-12-13T05:00:00Z,14.01,14.74,13.88,14.67,794655
2023-12-12T05:00:00Z,14.28,14.705,13.865,13.955,620620
2023-12-11T05:00:00Z,13.23,14.415,13.125,14.35,883368
2023-12-08T05:00:00Z,12.315,13.265,12.31,13.21,808663
2023-12-07T05:00:00Z,12.34,12.505,11.93,12.42,320121
2023-12-06T05:00:00Z,12.42,12.51,12.125,12.2,875958
2023-12-05T05:00:00Z,12.5,12.755,12.21,12.22,359786
2023-12-04T05:00:00Z,12.84,13.24,12.63,12.655,378153
2023-12-01T05:00:00Z,11.755,13.37,11.575,13.11,885622
2023-11-30T05:00:00Z,11.76,11.81,11.435,11.74,287226
2023-11-29T05:00:00Z,11.36,12.03,11.36,11.62,561158
2023-11-28T05:00:00Z,10.24,11.3,10.235,11.28,1001620
2023-11-27T05:00:00Z,10.19,10.33,10.1,10.26,456944
2023-11-24T05:00:00Z,10.225,10.32,9.96,10.27,144610
2023-11-22T05:00:00Z,10.47,10.585,10.27,10.29,186806
2023-11-21T05:00:00Z,10.29,10.4,10.15,10.39,204238
2023-11-20T05:00:00Z,10.49,10.54,10.08,10.39,1138461
2023-11-17T05:00:00Z,10.355,10.745,10.29,10.575,468842
2023-11-16T05:00:00Z,10.77,10.78,10.25,10.4,400317
2023-11-15T05:00:00Z,10.62,11.085,10.585,10.88,326972
2023-11-14T05:00:00Z,10.22,10.73,10.195,10.475,498448
2023-11-13T05:00:00Z,10.09,10.33,9.695,9.77,439999
2023-11-10T05:00:00Z,10.205,10.75,10.2,10.24,691046
2023-11-09T05:00:00Z,10.31,10.88,9.99,10.075,708357
2023-11-08T05:00:00Z,10.72,10.945,10.62,10.705,597915
2023-11-07T05:00:00Z,10.58,10.87,10.34,10.845,921639
2023-11-06T05:00:00Z,10.735,10.76,10.28,10.55,488368
2023-11-03T04:00:00Z,10.2,10.74,10.195,10.68,418491
2023-11-02T04:00:00Z,9.58,10.035,9.57,9.95,577113
2023-11-01T04:00:00Z,9.165,9.27,8.855,9.16,552021
2023-10-31T04:00:00Z,8.98,9.485,8.95,9.17,278200
2023-10-30T04:00:00Z,9.44,9.53,9.29,9.43,213582
2023-10-27T04:00:00Z,9.63,9.68,9.255,9.27,468051
2023-10-26T04:00:00Z,9.78,9.8,9.24,9.42,482150
2023-10-25T04:00:00Z,10.21,10.22,9.735,9.79,328481
2023-10-24T04:00:00Z,10.225,10.38,10.015,10.33,275906
2023-10-23T04:00:00Z,9.97,10.355,9.82,9.995,350181
2023-10-20T04:00:00Z,10.03,10.25,9.84,10.1,547008
2023-10-19T04:00:00Z,10.35,10.54,10.09,10.09,338076
2023-10-18T04:00:00Z,10.71,10.76,10.185,10.315,292384
2023-10-17T04:00:00Z,10.41,10.925,10.41,10.83,342110
2023-10-16T04:00:00Z,10.045,10.62,10.035,10.54,400330
2023-10-13T04:00:00Z,10.58,10.83,10.03,10.08,262032
2023-10-12T04:00:00Z,11.35,11.35,10.615,10.65,347050
2023-10-11T04:00:00Z,11.29,11.67,11.195,11.38,227454
2023-10-10T04:00:00Z,11.18,11.525,11.09,11.185,330320
2023-10-09T04:00:00Z,10.83,11.09,10.755,11,200544
2023-10-06T04:00:00Z,10.19,11.14,10.145,11.1,484730
2023-10-05T04:00:00Z,10.28,10.325,9.975,10.255,220379
2023-10-04T04:00:00Z,10.135,10.25,9.965,10.21,149830
2023-10-03T04:00:00Z,10.49,10.58,9.995,10.075,160985
2023-10-02T04:00:00Z,10.505,10.635,10.38,10.515,104397
2023-09-29T04:00:00Z,10.7,10.83,10.405,10.55,149384
2023-09-28T04:00:00Z,10.275,10.59,10.18,10.51,342240
2023-09-27T04:00:00Z,10.01,10.43,10.01,10.34,583471
2023-09-26T04:00:00Z,9.76,10.145,9.735,9.92,835791
2023-09-25T04:00:00Z,9.855,9.98,9.725,9.785,480177
2023-09-22T04:00:00Z,10.47,10.485,9.905,9.94,243852
2023-09-21T04:00:00Z,10.55,10.635,10.315,10.32,169727
2023-09-20T04:00:00Z,11.22,11.3,10.66,10.685,208537
2023-09-19T04:00:00Z,10.85,11.22,10.635,11.18,271139
2023-09-18T04:00:00Z,11.07,11.12,10.82,10.83,262287
2023-09-15T04:00:00Z,11.255,11.425,11.18,11.27,119204
2023-09-14T04:00:00Z,11.46,11.55,11.275,11.325,194102
2023-09-13T04:00:00Z,11.48,11.535,11.235,11.26,133218
2023-09-12T04:00:00Z,11.22,11.65,11.22,11.41,155675
2023-09-11T04:00:00Z,11.01,11.375,10.98,11.34,187872
2023-09-08T04:00:00Z,10.77,10.92,10.625,10.86,314728
2023-09-07T04:00:00Z,10.775,10.87,10.58,10.81,492156
2023-09-06T04:00:00Z,11.75,11.92,10.93,10.98,424487
2023-09-05T04:00:00Z,12.24,12.41,11.785,11.84,393293
2023-09-01T04:00:00Z,11.92,12.44,11.9,12.33,396264
2023-08-31T04:00:00Z,11.65,11.895,11.52,11.77,437859
2023-08-30T04:00:00Z,10.94,11.745,10.93,11.69,919964
2023-08-29T04:00:00Z,10.23,10.765,10.19,10.765,317193
2023-08-28T04:00:00Z,10.27,10.35,10.215,10.285,202909
2023-08-25T04:00:00Z,10.485,10.57,10.145,10.235,306016
2023-08-24T04:00:00Z,10.735,10.9,10.545,10.575,369332
2023-08-23T04:00:00Z,10.67,10.81,10.64,10.71,215287
2023-08-22T04:00:00Z,11.27,11.35,10.8,10.82,188855
2023-08-21T04:00:00Z,11.15,11.2,10.755,11.095,262416
2023-08-18T04:00:00Z,10.85,11.255,10.735,11.135,640208
2023-08-17T04:00:00Z,11.43,11.58,11.015,11.065,301950
2023-08-16T04:00:00Z,12,12.2,11.34,11.365,566041
2023-08-15T04:00:00Z,12.025,12.5,11.88,12.095,929616
2023-08-14T04:00:00Z,11.44,11.765,11.32,11.63,422961
2023-08-11T04:00:00Z,10.81,11.465,10.75,11.39,307246
2023-08-10T04:00:00Z,10.48,11.16,10.345,11.03,473668
2023-08-09T04:00:00Z,10.965,11.52,10.38,10.4,1375869
2023-08-08T04:00:00Z,10.71,11.6,10.71,11.58,902982
2023-08-07T04:00:00Z,10.855,11.055,10.67,10.985,712417
2023-08-04T04:00:00Z,11.59,11.68,10.79,10.855,396865
2023-08-03T04:00:00Z,11.57,11.79,11.495,11.5,383464
2023-08-02T04:00:00Z,11.97,12.4,11.645,11.71,345845
2023-08-01T04:00:00Z,12.38,12.54,11.75,12.24,452260
2023-07-31T04:00:00Z,12.53,12.765,12.38,12.71,710462
2023-07-28T04:00:00Z,12.16,12.515,12.07,12.47,682260
2023-07-27T04:00:00Z,12.375,12.79,11.905,11.935,499716
2023-07-26T04:00:00Z,11.59,12.22,11.47,12.215,201927
2023-07-25T04:00:00Z,11.79,11.89,11.52,11.56,329292
2023-07-24T04:00:00Z,11.59,11.7,11.39,11.665,206169
2023-07-21T04:00:00Z,11.46,11.55,11.12,11.41,364673
2023-07-20T04:00:00Z,11.92,11.96,11.27,11.42,358344
2023-07-19T04:00:00Z,11.92,12.48,11.86,12.19,398814
2023-07-18T04:00:00Z,11.605,11.81,11.5,11.785,439315
2023-07-17T04:00:00Z,11.275,11.62,11.27,11.475,254963
2023-07-14T04:00:00Z,11.57,11.765,11.16,11.295,184835
2023-07-13T04:00:00Z,11.51,11.645,11.215,11.54,212094
2023-07-12T04:00:00Z,11.8,11.96,11.4,11.42,260897
2023-07-11T04:00:00Z,11.05,11.985,11.025,11.555,1041671
2023-07-10T04:00:00Z,10.06,11.3,10.06,11.02,537980
2023-07-07T04:00:00Z,9.55,10.21,9.55,10.105,391580
2023-07-06T04:00:00Z,10.035,10.035,9.44,9.56,269022
2023-07-05T04:00:00Z,10.03,10.225,10.005,10.185,172749
2023-07-03T04:00:00Z,9.68,10.17,9.665,10.15,204665
2023-06-30T04:00:00Z,9.98,10.085,9.57,9.59,511827
2023-06-29T04:00:00Z,10.315,10.56,9.71,9.85,705160
2023-06-28T04:00:00Z,9.87,10.46,9.87,10.455,438227
2023-06-27T04:00:00Z,10.055,10.145,9.81,9.845,251676
2023-06-26T04:00:00Z,10.075,10.31,9.92,9.925,272357
2023-06-23T04:00:00Z,10.16,10.3,9.94,10.1,148803
2023-06-22T04:00:00Z,9.715,10.355,9.635,10.325,201777
2023-06-21T04:00:00Z,9.745,9.89,9.445,9.725,211226
2023-06-20T04:00:00Z,10.17,10.295,9.715,9.755,382269
2023-06-16T04:00:00Z,10.58,10.58,10.225,10.28,218695
2023-06-15T04:00:00Z,10.275,10.785,10.19,10.555,354950
2023-06-14T04:00:00Z,10.775,10.795,10.23,10.4,237171
2023-06-13T04:00:00Z,10.63,10.92,10.5,10.68,299723
2023-06-12T04:00:00Z,10.57,10.75,10.435,10.445,311085
2023-06-09T04:00:00Z,10.705,11.08,10.425,10.44,176214
2023-06-08T04:00:00Z,10.27,10.65,10.2,10.615,401117
2023-06-07T04:00:00Z,10.42,10.68,10.175,10.29,225682
2023-06-06T04:00:00Z,9.68,10.485,9.68,10.355,472751
2023-06-05T04:00:00Z,9.51,9.855,9.45,9.72,190119
2023-06-02T04:00:00Z,9.535,9.65,9.27,9.59,358620
2023-06-01T04:00:00Z,8.97,9.545,8.96,9.36,199587
2023-05-31T04:00:00Z,8.8,9.09,8.73,9.045,173726
2023-05-30T04:00:00Z,8.52,8.965,8.37,8.935,630725
2023-05-26T04:00:00Z,8.19,8.435,8.165,8.385,372474
2023-05-25T04:00:00Z,8.04,8.195,7.91,8.145,287438
2023-05-24T04:00:00Z,8.06,8.145,7.85,7.995,235279
2023-05-23T04:00:00Z,8.045,8.37,8.045,8.115,322634
2023-05-22T04:00:00Z,8.08,8.345,7.98,8.105,320657
2023-05-19T04:00:00Z,8.37,8.37,8.05,8.11,154396
2023-05-18T04:00:00Z,8.335,8.45,8.185,8.34,137857
2023-05-17T04:00:00Z,8.26,8.4,8.19,8.355,264207
2023-05-16T04:00:00Z,8.425,8.6,8.205,8.26,209039
2023-05-15T04:00:00Z,8.14,8.645,8.08,8.535,324235
2023-05-12T04:00:00Z,8.385,8.57,8.07,8.19,491881
2023-05-11T04:00:00Z,8.77,8.87,8.4,8.405,198438
2023-05-10T04:00:00Z,8.58,8.875,8.48,8.855,247585
2023-05-09T04:00:00Z,8.465,8.67,8.4,8.625,272070
2023-05-08T04:00:00Z,8.525,8.62,8.365,8.535,622369
2023-05-05T04:00:00Z,9.04,9.06,8.33,8.625,1721037
2023-05-04T04:00:00Z,10.81,10.885,10.45,10.67,992512
2023-05-03T04:00:00Z,10.57,11.24,10.485,10.89,655199
2023-05-02T04:00:00Z,10.67,10.86,10.265,10.65,697206
2023-05-01T04:00:00Z,10.2,10.95,10,10.575,779344
2023-04-28T04:00:00Z,10.185,10.66,10.115,10.24,313184
2023-04-27T04:00:00Z,10.2,10.22,9.88,10.205,225722
2023-04-26T04:00:00Z,10.06,10.35,10.01,10.06,229956
2023-04-25T04:00:00Z,10.18,10.425,9.94,9.94,299360
2023-04-24T04:00:00Z,10.38,10.6,10.03,10.225,260969
2023-04-21T04:00:00Z,9.78,10.515,9.57,10.46,915389
2023-04-20T04:00:00Z,10.115,10.17,9.755,9.84,326013
2023-04-19T04:00:00Z,10.19,10.4,9.92,10.265,307326
2023-04-18T04:00:00Z,10.5,10.52,10.135,10.305,172386
2023-04-17T04:00:00Z,10.21,10.47,10.165,10.45,223218
2023-04-14T04:00:00Z,9.98,10.255,9.75,10.185,324207
2023-04-13T04:00:00Z,9.91,10.05,9.87,10,169921
2023-04-12T04:00:00Z,10.41,10.48,9.75,9.775,234821
2023-04-11T04:00:00Z,9.97,10.37,9.965,10.355,323271
2023-04-10T04:00:00Z,9.31,9.985,9.21,9.91,360357
2023-04-06T04:00:00Z,9.43,9.6,9.215,9.44,262291
2023-04-05T04:00:00Z,9.37,9.56,9.095,9.37,675104
2023-04-04T04:00:00Z,9.1,9.585,9.04,9.56,245509
2023-04-03T04:00:00Z,9.18,9.405,9.05,9.075,413225
2023-03-31T04:00:00Z,9.105,9.36,9.03,9.26,275745
2023-03-30T04:00:00Z,9.135,9.33,9.005,9.095,438043
2023-03-29T04:00:00Z,8.9,9.12,8.6,8.985,654620
2023-03-28T04:00:00Z,10.115,10.37,8.855,8.86,1344034
2023-03-27T04:00:00Z,9.99,10.04,9.42,9.615,215528
2023-03-24T04:00:00Z,9.84,10.025,9.73,9.87,178143
2023-03-23T04:00:00Z,10.13,10.27,9.61,9.835,278178
2023-03-22T04:00:00Z,10.5,10.53,9.96,9.96,264215
2023-03-21T04:00:00Z,10.11,10.495,10.01,10.455,491232
2023-03-20T04:00:00Z,9.93,10.45,9.78,9.935,521010
2023-03-17T04:00:00Z,9.57,10.12,9.51,10.08,590720
2023-03-16T04:00:00Z,8.87,9.655,8.87,9.605,661192
2023-03-15T04:00:00Z,8.24,9.125,8.22,8.99,627698
2023-03-14T04:00:00Z,9.08,9.27,8.48,8.525,682090
2023-03-13T04:00:00Z,8.59,8.62,8.2,8.455,486272
2023-03-10T05:00:00Z,8.865,8.87,8.46,8.73,444021
2023-03-09T05:00:00Z,9.82,9.84,8.9,8.915,277371
2023-03-08T05:00:00Z,9.835,9.875,9.7,9.79,233603
2023-03-07T05:00:00Z,9.73,10.015,9.6,9.89,304994
2023-03-06T05:00:00Z,10.18,10.215,9.725,9.76,270057
2023-03-03T05:00:00Z,9.865,10.125,9.865,10.115,210523
2023-03-02T05:00:00Z,9.75,9.855,9.525,9.785,226551
2023-03-01T05:00:00Z,10.055,10.07,9.83,9.9,177777
2023-02-28T05:00:00Z,10.01,10.18,9.935,10.005,263334
2023-02-27T05:00:00Z,10.27,10.31,9.94,10.005,340296
2023-02-24T05:00:00Z,10.285,10.365,10.08,10.19,328746
2023-02-23T05:00:00Z,10.775,10.86,10.46,10.57,209335
2023-02-22T05:00:00Z,10.72,11.09,10.67,10.755,204141
2023-02-21T05:00:00Z,10.98,11.055,10.55,10.69,358853
2023-02-17T05:00:00Z,10.88,11.355,10.83,11.265,280801
2023-02-16T05:00:00Z,11.32,11.56,10.98,10.98,283903
2023-02-15T05:00:00Z,10.71,11.755,10.71,11.51,637651
2023-02-14T05:00:00Z,10.165,10.81,10.075,10.75,493377
2023-02-13T05:00:00Z,10.285,10.54,10.09,10.445,875688
2023-02-10T05:00:00Z,11.15,11.22,10.23,10.3,4083786
2023-02-09T05:00:00Z,17.035,17.285,16.025,16.23,830448
2023-02-08T05:00:00Z,18.31,18.31,16.665,16.755,991453
2023-02-07T05:00:00Z,17.375,18.005,17.065,17.92,445419
2023-02-06T05:00:00Z,16.83,17.54,16.69,17.35,578384
2023-02-03T05:00:00Z,16.88,17.625,16.79,17.375,661679
2023-02-02T05:00:00Z,17.33,17.565,16.965,17.565,641300
2023-02-01T05:00:00Z,16.345,17.235,16.17,16.9,373831
2023-01-31T05:00:00Z,15.705,16.52,15.69,16.24,263224
2023-01-30T05:00:00Z,15.65,16,15.475,15.555,239968
2023-01-27T05:00:00Z,15.23,16.47,15.195,16.17,429758
2023-01-26T05:00:00Z,16.19,16.3,15.215,15.375,488724
2023-01-25T05:00:00Z,14.86,15.875,14.66,15.855,413935
2023-01-24T05:00:00Z,16.095,16.1,15.29,15.29,591481
2023-01-23T05:00:00Z,15.46,15.735,15.09,15.415,703650
2023-01-20T05:00:00Z,14.43,15.45,14.43,15.39,589513
2023-01-19T05:00:00Z,14.06,14.49,13.845,14.2,465662
2023-01-18T05:00:00Z,14.7,14.85,14.145,14.34,446910
2023-01-17T05:00:00Z,14.39,14.595,14.045,14.355,486077
2023-01-13T05:00:00Z,14.29,14.61,14.16,14.48,393073
2023-01-12T05:00:00Z,14.12,14.58,13.77,14.55,443918
2023-01-11T05:00:00Z,13.32,13.945,13.24,13.84,612914
2023-01-10T05:00:00Z,12.69,13.365,12.69,13.31,730845
2023-01-09T05:00:00Z,12.19,13.27,12.16,12.685,720340
2023-01-06T05:00:00Z,11.42,12.005,11.125,11.92,424433
2023-01-05T05:00:00Z,11.36,11.565,11.07,11.36,168262
2023-01-04T05:00:00Z,11.305,11.5,11.13,11.5,345526
2023-01-03T05:00:00Z,11.24,11.42,10.985,11.12,347360
2022-12-30T05:00:00Z,10.58,11.265,10.57,11.01,469632
2022-12-29T05:00:00Z,10.27,10.87,10.07,10.85,250975
2022-12-28T05:00:00Z,9.83,10.23,9.67,10.12,414460
2022-12-27T05:00:00Z,10.085,10.085,9.73,9.88,331994
2022-12-23T05:00:00Z,10.075,10.23,9.835,10.205,221507
2022-12-22T05:00:00Z,10.325,10.35,9.84,10.105,225162
2022-12-21T05:00:00Z,10.535,10.71,10.39,10.47,124511
2022-12-20T05:00:00Z,10.26,10.465,10.155,10.36,320236
2022-12-19T05:00:00Z,11.105,11.105,10.255,10.33,353575
2022-12-16T05:00:00Z,11.21,11.47,10.985,11.11,460609
2022-12-15T05:00:00Z,11.565,11.755,11.235,11.36,373910
2022-12-14T05:00:00Z,11.57,12.135,11.485,11.885,345428
2022-12-13T05:00:00Z,12.17,12.535,11.565,11.59,771289
2022-12-12T05:00:00Z,10.9,11.55,10.77,11.5,599700
2022-12-09T05:00:00Z,10.595,11.09,10.46,10.94,215567
2022-12-08T05:00:00Z,10.38,10.715,10.26,10.65,368026
2022-12-07T05:00:00Z,10.305,10.365,10.105,10.32,175210
2022-12-06T05:00:00Z,10.83,10.95,10.315,10.41,509935
2022-12-05T05:00:00Z,11.11,11.57,10.715,10.78,350843
2022-12-02T05:00:00Z,10.91,11.115,10.71,11.1,203148
2022-12-01T05:00:00Z,11.27,11.56,11.06,11.21,211110
2022-11-30T05:00:00Z,10.705,11.25,10.49,11.2,520832
2022-11-29T05:00:00Z,10.73,11.145,10.63,10.75,358290
2022-11-28T05:00:00Z,10.95,11.085,10.69,10.7,384961
2022-11-25T05:00:00Z,11.09,11.165,10.94,11.12,147797
2022-11-23T05:00:00Z,11.075,11.39,10.72,11.315,548906
2022-11-22T05:00:00Z,10.775,11.06,10.435,11.045,290257
2022-11-21T05:00:00Z,11.065,11.095,10.745,11.055,356824
2022-11-18T05:00:00Z,11.55,11.55,11.07,11.22,246129
2022-11-17T05:00:00Z,11.7,11.71,11.275,11.35,333392
2022-11-16T05:00:00Z,12.755,12.755,11.91,11.995,397752
2022-11-15T05:00:00Z,13.6,13.72,13.01,13.07,481748
2022-11-14T05:00:00Z,12.54,13.245,12.48,12.95,523614
2022-11-11T05:00:00Z,11.2,12.785,11.2,12.71,689834
2022-11-10T05:00:00Z,11.245,11.49,10.915,11.27,805653
2022-11-09T05:00:00Z,10.755,11.09,10.6,10.65,668870
2022-11-08T05:00:00Z,11.89,12.15,10.62,10.89,2181248
2022-11-07T05:00:00Z,14.035,14.25,13.205,14.145,714824
2022-11-04T04:00:00Z,14.06,14.135,13.185,13.75,344425
2022-11-03T04:00:00Z,13.795,14.215,13.43,13.725,557448
2022-11-02T04:00:00Z,14.975,15.255,13.975,14,308942
2022-11-01T04:00:00Z,15.96,16.4,15.13,15.135,523865
2022-10-31T04:00:00Z,14.56,15.025,14.33,14.645,362382
2022-10-28T04:00:00Z,14.545,14.735,14.09,14.51,541771
2022-10-27T04:00:00Z,14.715,14.985,14.46,14.64,186829
2022-10-26T04:00:00Z,14.61,15.145,14.42,14.785,246920
2022-10-25T04:00:00Z,14,15.03,14,14.79,360598
2022-10-24T04:00:00Z,13.47,13.91,13.24,13.905,327729
2022-10-21T04:00:00Z,13.12,13.625,12.92,13.57,232626
2022-10-20T04:00:00Z,12.94,13.92,12.94,13.31,218278
2022-10-19T04:00:00Z,13.06,13.545,12.93,13.02,207873
2022-10-18T04:00:00Z,13.29,13.54,13,13.285,339061
2022-10-17T04:00:00Z,12.2,12.695,12.095,12.645,457385
2022-10-14T04:00:00Z,12.245,12.385,11.74,11.78,238177
2022-10-13T04:00:00Z,11.35,12.23,11.21,11.985,286331
2022-10-12T04:00:00Z,11.63,12.145,11.5,11.885,607227
2022-10-11T04:00:00Z,12.12,12.27,10.83,11.255,856145
2022-10-10T04:00:00Z,12.81,13,12.37,12.785,340275
2022-10-07T04:00:00Z,13.01,13.09,12.33,12.5,496554
2022-10-06T04:00:00Z,13.77,14.205,13.44,13.72,264024
2022-10-05T04:00:00Z,13.31,13.915,13.225,13.72,242242
2022-10-04T04:00:00Z,13.41,13.885,13.41,13.78,451169
2022-10-03T04:00:00Z,13.19,13.215,12.475,12.945,225517
2022-09-30T04:00:00Z,13.55,13.805,13.13,13.165,260950
2022-09-29T04:00:00Z,14.06,14.21,13.055,13.47,669312
2022-09-28T04:00:00Z,14.03,14.615,13.795,14.48,505612
2022-09-27T04:00:00Z,13.915,14.34,13.75,14.165,528204
2022-09-26T04:00:00Z,13.43,13.99,13.41,13.5,485272
2022-09-23T04:00:00Z,14.305,14.36,13.705,14,367125
2022-09-22T04:00:00Z,15.735,15.89,14.665,14.68,709381
2022-09-21T04:00:00Z,16.78,16.85,15.8,15.92,274825
2022-09-20T04:00:00Z,16.17,17.42,16.17,16.865,586580
2022-09-19T04:00:00Z,16.15,16.385,15.935,16.24,290759
2022-09-16T04:00:00Z,16.285,16.545,16.02,16.29,395006
2022-09-15T04:00:00Z,17.025,18.075,16.875,16.995,410347
2022-09-14T04:00:00Z,16.81,17.13,16.33,17.13,274403
2022-09-13T04:00:00Z,17.335,17.765,16.79,16.89,415256
2022-09-12T04:00:00Z,18.14,18.565,17.89,18.21,496134
2022-09-09T04:00:00Z,17.1,18.355,17.1,18.11,545177
2022-09-08T04:00:00Z,14.42,17.21,14.28,17.15,1409909
2022-09-07T04:00:00Z,13.89,14.755,13.89,14.68,253827
2022-09-06T04:00:00Z,14.685,14.685,13.775,13.97,355212
2022-09-02T04:00:00Z,14.9,15.02,14.345,14.6,143078
2022-09-01T04:00:00Z,14.38,14.68,13.725,14.68,338326
2022-08-31T04:00:00Z,14.965,15.325,14.665,14.73,318437
2022-08-30T04:00:00Z,14.98,15.1,14.47,14.71,151662
2022-08-29T04:00:00Z,14.795,15.225,14.715,14.72,136777
2022-08-26T04:00:00Z,15.775,15.99,14.88,14.98,201244
2022-08-25T04:00:00Z,15.55,15.92,15.355,15.84,127396
2022-08-24T04:00:00Z,15.23,15.91,15.17,15.38,199224
2022-08-23T04:00:00Z,15.69,15.78,15.325,15.35,251580
2022-08-22T04:00:00Z,16.18,16.41,15.18,15.5,521712
2022-08-19T04:00:00Z,17.27,17.36,16.565,16.64,359718
2022-08-18T04:00:00Z,17.71,17.84,17.585,17.61,145592
2022-08-17T04:00:00Z,18.81,18.835,17.81,17.97,449226
2022-08-16T04:00:00Z,19.14,19.705,18.705,19.34,233828
2022-08-15T04:00:00Z,19.13,19.84,18.865,19.28,208439
2022-08-12T04:00:00Z,19.2,19.425,18.585,19.38,344609
2022-08-11T04:00:00Z,19.89,20.545,18.885,18.895,309405
2022-08-10T04:00:00Z,19.73,20.12,19.155,19.37,384675
2022-08-09T04:00:00Z,19.38,19.6,18.655,18.67,418827
2022-08-08T04:00:00Z,20.07,21.5,19.785,19.81,633719
2022-08-05T04:00:00Z,18.185,20.34,17.93,20.295,1532252
2022-08-04T04:00:00Z,16.8,17.44,16.8,17.395,801201
2022-08-03T04:00:00Z,16.37,16.92,16.25,16.725,640281
2022-08-02T04:00:00Z,15.24,16.215,15.15,16.18,1085539
2022-08-01T04:00:00Z,13.66,14.125,13.19,13.89,448229
2022-07-29T04:00:00Z,13.73,13.88,13.19,13.88,468161
2022-07-28T04:00:00Z,13.39,13.885,13.055,13.885,413986
2022-07-27T04:00:00Z,12.91,13.37,12.515,13.27,443035
2022-07-26T04:00:00Z,13.07,13.11,12.475,12.53,300506
2022-07-25T04:00:00Z,13.44,13.44,13.025,13.3,361315
2022-07-22T04:00:00Z,14.3,14.465,13.465,13.535,393088
2022-07-21T04:00:00Z,14.39,14.51,13.995,14.16,296805
2022-07-20T04:00:00Z,13.79,14.805,13.79,14.69,381482
2022-07-19T04:00:00Z,13.575,13.79,13.315,13.65,203456
2022-07-18T04:00:00Z,13.285,13.99,13.185,13.42,335364
2022-07-15T04:00:00Z,12.34,13.03,12.15,12.95,316116
2022-07-14T04:00:00Z,12.31,12.47,12.025,12.07,236244
2022-07-13T04:00:00Z,12.29,12.59,11.98,12.5,190654
2022-07-12T04:00:00Z,12.36,12.765,12.36,12.61,183081
2022-07-11T04:00:00Z,13.19,13.33,12.35,12.35,301935
2022-07-08T04:00:00Z,13.65,13.815,13.055,13.43,493921
2022-07-07T04:00:00Z,13.3,13.805,13.17,13.745,443611
2022-07-06T04:00:00Z,13.855,13.93,13.155,13.205,526387
2022-07-05T04:00:00Z,13.1,14.03,12.81,14,318681
2022-07-01T04:00:00Z,13.395,13.68,13.145,13.46,285973
2022-06-30T04:00:00Z,13.82,13.85,13.07,13.285,452580
2022-06-29T04:00:00Z,14.52,14.52,13.85,14.055,367521
2022-06-28T04:00:00Z,15.95,16.16,14.6,14.61,486938
2022-06-27T04:00:00Z,16.55,16.73,15.785,15.87,321726
2022-06-24T04:00:00Z,15.925,16.535,15.81,16.335,339153
2022-06-23T04:00:00Z,15.02,15.94,14.575,15.88,392423
2022-06-22T04:00:00Z,14.42,15.325,14.4,14.82,236491
2022-06-21T04:00:00Z,15.24,15.49,14.635,14.66,314017
2022-06-17T04:00:00Z,13.98,14.93,13.97,14.885,339146
2022-06-16T04:00:00Z,14.675,14.9,13.735,13.89,444598
2022-06-15T04:00:00Z,14.36,15.425,14.36,15.17,615184
2022-06-14T04:00:00Z,14.57,14.62,13.925,14.14,626903
2022-06-13T04:00:00Z,15.12,15.23,14.18,14.28,629447
2022-06-10T04:00:00Z,16.58,16.9,15.755,15.765,226999
2022-06-09T04:00:00Z,17.45,17.865,16.92,16.925,455337
2022-06-08T04:00:00Z,17.27,17.79,17.22,17.61,297294
2022-06-07T04:00:00Z,16.77,17.39,16.77,17.21,201012
2022-06-06T04:00:00Z,17.75,17.91,16.78,17.16,194652
2022-06-03T04:00:00Z,17.9,18.08,17.31,17.39,247150
2022-06-02T04:00:00Z,17.03,18.465,17.03,18.36,184796
2022-06-01T04:00:00Z,17.715,17.94,16.99,17.05,155913
2022-05-31T04:00:00Z,17.675,18.29,17.36,17.66,299863
2022-05-27T04:00:00Z,17.98,18.23,17.7,17.775,231446
2022-05-26T04:00:00Z,16.77,17.79,16.62,17.67,581012
2022-05-25T04:00:00Z,16.755,17.11,16.345,16.655,805550
2022-05-24T04:00:00Z,19.75,19.75,16.575,16.71,958594
2022-05-23T04:00:00Z,19.15,20.24,18.68,20.2,387810
2022-05-20T04:00:00Z,19.5,19.54,18.03,19.07,391325
2022-05-19T04:00:00Z,18.265,19.55,18.2,19.275,707487
2022-05-18T04:00:00Z,19.5,19.66,18.12,18.125,457482
2022-05-17T04:00:00Z,19.54,20.17,19.14,19.73,225416
2022-05-16T04:00:00Z,19.835,20.03,19.12,19.165,428078
2022-05-13T04:00:00Z,19.11,20.175,19.07,19.99,372136
2022-05-12T04:00:00Z,17.33,19,17.26,18.58,574944
2022-05-11T04:00:00Z,18.97,19.33,17.615,17.71,444085
2022-05-10T04:00:00Z,18.91,19.615,18.21,18.99,1260354
2022-05-09T04:00:00Z,19.87,20.64,18.4,18.6,607443
2022-05-06T04:00:00Z,21.65,21.7,19.59,20.475,1096997
2022-05-05T04:00:00Z,21.5,22.81,21.245,22.01,1187223
2022-05-04T04:00:00Z,22.35,22.42,20.03,21.58,3751501
2022-05-03T04:00:00Z,31.39,31.6,30.065,30.74,695975
2022-05-02T04:00:00Z,32.32,32.505,29.94,31.505,746967
2022-04-29T04:00:00Z,33.345,34.34,32.56,32.59,217153
2022-04-28T04:00:00Z,32.9,33.82,31.905,33.57,185193
2022-04-27T04:00:00Z,32.28,32.95,31.53,32.22,158960
2022-04-26T04:00:00Z,33.515,33.74,32.42,32.43,183443
2022-04-25T04:00:00Z,32.755,34.09,32.755,33.92,375453
2022-04-22T04:00:00Z,34.1,34.54,32.88,33.17,116204
2022-04-21T04:00:00Z,36.72,36.88,33.97,34.1,237809
2022-04-20T04:00:00Z,36.23,36.775,35.615,35.68,177574
2022-04-19T04:00:00Z,35.185,36.425,35.03,36.305,164452
2022-04-18T04:00:00Z,35.18,35.61,34.385,34.61,136058
2022-04-14T04:00:00Z,34.96,36.1,34.79,35.52,213657
2022-04-13T04:00:00Z,33.52,34.94,33.45,34.81,139100
2022-04-12T04:00:00Z,33.62,34.385,33.15,33.46,160505
2022-04-11T04:00:00Z,33.18,33.99,32.39,33.32,240087
2022-04-08T04:00:00Z,34.185,34.38,33.4,33.6,232895
2022-04-07T04:00:00Z,36.16,36.22,33.61,34.605,254214
2022-04-06T04:00:00Z,36.31,36.5,34.89,36.04,327916
2022-04-05T04:00:00Z,38.84,38.84,37.03,37.17,174235
2022-04-04T04:00:00Z,37.855,39.305,37.66,38.97,175019
2022-04-01T04:00:00Z,38.41,38.875,37.25,37.52,188328
2022-03-31T04:00:00Z,38.78,38.91,37.645,38.39,330388
2022-03-30T04:00:00Z,39.75,39.99,38.215,38.64,198484
2022-03-29T04:00:00Z,38.04,40.45,38.04,40.15,246891
2022-03-28T04:00:00Z,37.72,37.73,36.5,37.6,195965
2022-03-25T04:00:00Z,38.86,38.91,37.21,37.54,115171
2022-03-24T04:00:00Z,38.455,38.98,37.15,38.96,317860
2022-03-23T04:00:00Z,38.1,38.73,37.55,38.46,345945
2022-03-22T04:00:00Z,36.97,38.6,36.97,38.26,269944
2022-03-21T04:00:00Z,37.895,37.925,36.23,36.84,251936
2022-03-18T04:00:00Z,37.95,38.66,37.56,38.62,386088
2022-03-17T04:00:00Z,37.54,37.86,36.615,37.8,198529
2022-03-16T04:00:00Z,36.68,37.88,36.22,37.88,372009
2022-03-15T04:00:00Z,35.7,36.97,34.975,35.75,382369
2022-03-14T04:00:00Z,37.075,37.075,35.085,35.39,260997
2022-03-11T05:00:00Z,38.39,38.39,37.2,37.28,148302
2022-03-10T05:00:00Z,36.97,37.94,36.62,37.62,169612
2022-03-09T05:00:00Z,37.795,39.42,37.47,37.73,276513
2022-03-08T05:00:00Z,34.45,37.73,34.195,36.56,351158
2022-03-07T05:00:00Z,37.01,38.02,34.44,34.48,379819
2022-03-04T05:00:00Z,36.54,36.99,34.71,35.28,344284
2022-03-03T05:00:00Z,38.98,39.36,36.585,36.97,161029
2022-03-02T05:00:00Z,37.91,39.06,37.49,38.91,324563
2022-03-01T05:00:00Z,38.475,38.475,36.57,37.68,190176
2022-02-28T05:00:00Z,38.35,39.43,38.02,38.965,240214
2022-02-25T05:00:00Z,39.08,39.2,37.68,38.64,217985
2022-02-24T05:00:00Z,34.79,38.805,34.61,38.76,447972
2022-02-23T05:00:00Z,39.15,39.555,37.295,37.42,154781
2022-02-22T05:00:00Z,40.83,41.375,37.84,38.88,308137
2022-02-18T05:00:00Z,42.72,43.11,41.04,41.27,263720
2022-02-17T05:00:00Z,43.08,43.9,42.4,42.915,199076
2022-02-16T05:00:00Z,43.09,44.495,42.85,43.83,310381
2022-02-15T05:00:00Z,40.97,43.52,40.91,43.51,302103
2022-02-14T05:00:00Z,39.955,40.97,39.435,39.98,288276
2022-02-11T05:00:00Z,42.09,42.5,38.94,39.97,404177
2022-02-10T05:00:00Z,43.61,45.61,41.72,42.1,794526
2022-02-09T05:00:00Z,40.25,44.15,38.83,44.105,1080824
2022-02-08T05:00:00Z,38.72,41.38,38.35,41.25,959551
2022-02-07T05:00:00Z,37.91,40.115,37.91,39.1,392337
2022-02-04T05:00:00Z,36.7,38.02,36.29,37.67,162782
2022-02-03T05:00:00Z,37.54,37.95,36.245,36.37,142559
2022-02-02T05:00:00Z,39.535,39.535,38.1,38.44,130183
2022-02-01T05:00:00Z,39.12,39.49,38.16,39.41,120396
2022-01-31T05:00:00Z,35.62,38.6,35.61,38.53,298459
2022-01-28T05:00:00Z,34.79,35.765,33.99,35.75,166292
2022-01-27T05:00:00Z,36.235,36.35,34.85,34.9,261911
2022-01-26T05:00:00Z,37.15,38.135,35.605,35.66,350377
2022-01-25T05:00:00Z,36.215,37.08,35.465,36.23,185734
2022-01-24T05:00:00Z,36.02,37.21,34.49,37.13,272857
2022-01-21T05:00:00Z,36.8,37.45,35.81,36.85,762922
2022-01-20T05:00:00Z,36.99,39.91,36.95,37.59,328057
2022-01-19T05:00:00Z,38.52,38.785,36.83,36.91,404755
2022-01-18T05:00:00Z,40.89,40.9,38.4,38.44,264118
2022-01-14T05:00:00Z,42.25,42.57,40.71,41.27,190979
2022-01-13T05:00:00Z,42.675,43.415,42.145,42.56,253605
2022-01-12T05:00:00Z,44.36,44.38,42.33,42.4,209576
2022-01-11T05:00:00Z,44.195,45.79,43.875,44.49,247476
2022-01-10T05:00:00Z,42.74,44.215,41.66,44.13,225359
2022-01-07T05:00:00Z,42.59,44.13,42.5,43.1,246328
2022-01-06T05:00:00Z,44.005,44.95,42.6,43.585,152757
2022-01-05T05:00:00Z,44.92,46.61,43.5,43.62,169857
2022-01-04T05:00:00Z,44.86,45.23,43.705,44.97,292772
2022-01-03T05:00:00Z,43.625,44.94,42.65,44.6,193207
2021-12-31T05:00:00Z,43.335,44.02,42.64,42.72,84358
2021-12-30T05:00:00Z,42.615,44.335,42.615,43.48,100572
2021-12-29T05:00:00Z,43.46,43.62,42.24,43.25,208334
2021-12-28T05:00:00Z,43.8,44.65,43.07,43.49,162005
2021-12-27T05:00:00Z,43.69,44.55,43.22,44.07,174834
2021-12-23T05:00:00Z,43,44.6,43,44.21,256283
2021-12-22T05:00:00Z,41.01,42.69,40.74,42.46,212304
2021-12-21T05:00:00Z,39.46,41.035,39.3,40.92,223650
2021-12-20T05:00:00Z,37.58,39.08,36.765,38.61,165357
2021-12-17T05:00:00Z,37.19,38.515,36.35,38.06,344197
2021-12-16T05:00:00Z,38.75,39.2,37.2,37.47,104567
2021-12-15T05:00:00Z,38.53,39.23,37.32,38.42,246497
2021-12-14T05:00:00Z,38.215,40.88,38.12,38.96,449580
2021-12-13T05:00:00Z,39.25,39.25,37.72,38.41,357526
2021-12-10T05:00:00Z,41.215,41.35,39.07,39.5,147444
2021-12-09T05:00:00Z,41.79,42.215,40.7,40.76,249343
2021-12-08T05:00:00Z,42.095,43.06,41.45,42.195,134514
2021-12-07T05:00:00Z,43.15,43.81,41.18,41.46,240837
2021-12-06T05:00:00Z,39.74,42.59,38.96,41.99,204749
2021-12-03T05:00:00Z,40.86,40.9,38.26,39.47,272073
2021-12-02T05:00:00Z,39.28,41.36,38.43,41.17,387436
2021-12-01T05:00:00Z,41.75,41.9,37.98,38.27,307478
2021-11-30T05:00:00Z,41.275,41.715,39.08,40.62,379639
2021-11-29T05:00:00Z,42.93,43.61,40.86,41.79,214055
2021-11-26T05:00:00Z,41.68,42.58,40.445,42.39,299374
2021-11-24T05:00:00Z,44.79,44.79,43.335,44.53,268820
2021-11-23T05:00:00Z,45.45,46.43,44.53,45.7,185096
2021-11-22T05:00:00Z,47.3,47.41,43.735,45.49,444624
2021-11-19T05:00:00Z,48.665,48.665,47.29,47.52,224298
2021-11-18T05:00:00Z,49.555,49.65,48.15,49.27,139531
2021-11-17T05:00:00Z,50.8,51.085,49.13,49.72,139239
2021-11-16T05:00:00Z,52.24,52.69,51.25,51.29,133947
2021-11-15T05:00:00Z,53.135,53.57,50.985,51.645,177519
2021-11-12T05:00:00Z,53.42,53.43,52.29,52.96,151514
2021-11-11T05:00:00Z,54.81,54.88,52.84,53.16,209925
2021-11-10T05:00:00Z,55.575,57.66,53.88,54.6,456906
2021-11-09T05:00:00Z,55.2,56.26,54.08,56.26,291648
2021-11-08T05:00:00Z,53.91,56.38,53.68,55.27,206070
2021-11-05T04:00:00Z,51.19,53.99,51.16,53.57,633104
2021-11-04T04:00:00Z,49.23,50.55,48.24,49.18,235011
2021-11-03T04:00:00Z,51.55,52.05,48.36,48.98,677330
2021-11-02T04:00:00Z,46.74,46.755,44.07,45.23,485816
2021-11-01T04:00:00Z,45.71,46.5,45.035,46.41,325203
2021-10-29T04:00:00Z,46.8,47.13,45.515,45.86,163597
2021-10-28T04:00:00Z,46.745,47.41,46.37,46.94,144068
2021-10-27T04:00:00Z,47.9,48.15,46.48,46.705,195259
2021-10-26T04:00:00Z,48.6,49.38,47.42,47.51,194542
2021-10-25T04:00:00Z,47.89,49.12,47.78,48.12,111826
2021-10-22T04:00:00Z,49.01,49.32,48.09,48.3,130322
2021-10-21T04:00:00Z,49.43,50.68,49.37,49.57,128396
2021-10-20T04:00:00Z,50.09,50.695,49.3,49.42,171044
2021-10-19T04:00:00Z,50.67,50.67,49.44,50,267689
2021-10-18T04:00:00Z,50.69,51.41,50.47,50.47,174985
2021-10-15T04:00:00Z,50.9,52.74,50.12,51.585,201919
2021-10-14T04:00:00Z,53.11,53.14,50.305,50.51,433351
2021-10-13T04:00:00Z,52.71,53.445,51.93,53.205,135827
2021-10-12T04:00:00Z,53,53.175,52.21,52.54,190483
2021-10-11T04:00:00Z,54.78,54.89,52.81,52.81,90976
2021-10-08T04:00:00Z,55.255,56.61,54.33,54.94,216218
2021-10-07T04:00:00Z,54.56,56.08,54.18,54.7,90476
2021-10-06T04:00:00Z,52.5,54.36,52.34,54.18,119335
2021-10-05T04:00:00Z,54.105,54.22,52.895,52.91,163214
2021-10-04T04:00:00Z,54.665,54.87,52.835,53.66,215268
2021-10-01T04:00:00Z,53.98,55.68,53.94,55.48,293561
2021-09-30T04:00:00Z,53.2,53.94,52.34,53.59,231900
2021-09-29T04:00:00Z,54.82,54.82,53.2,53.31,71329
2021-09-28T04:00:00Z,55.49,55.9,54.02,54.2,117338
2021-09-27T04:00:00Z,55.82,56.64,55.53,55.99,79617
2021-09-24T04:00:00Z,55.07,56.16,55.06,55.85,138850
2021-09-23T04:00:00Z,55.25,56.115,54.835,55.62,216751
2021-09-22T04:00:00Z,54.96,55.74,54.545,54.73,166408
2021-09-21T04:00:00Z,52.86,55.015,52.15,54.49,283666
2021-09-20T04:00:00Z,50.635,51.99,50.315,51.16,133930
2021-09-17T04:00:00Z,52.76,53.08,51.635,52.2,138364
2021-09-16T04:00:00Z,50.86,52.44,50.725,52.4,159887
2021-09-15T04:00:00Z,50.81,51.2,50.05,51,122457
2021-09-14T04:00:00Z,51.555,52.21,50.08,50.535,184527
2021-09-13T04:00:00Z,51.24,52.55,49.56,51.85,108345
2021-09-10T04:00:00Z,51.1,51.63,49.98,50,82209
2021-09-09T04:00:00Z,49.605,51.08,49.37,50.53,123962
2021-09-08T04:00:00Z,50.26,51.19,49.11,49.79,110674
2021-09-07T04:00:00Z,48.515,50.82,48.515,50.54,272438
2021-09-03T04:00:00Z,49.16,49.16,47.745,48.2,172837
2021-09-02T04:00:00Z,48.94,49.965,48.27,49.29,119596
2021-09-01T04:00:00Z,48.03,49.575,47.97,48.35,191248
2021-08-31T04:00:00Z,47.195,48.085,47.175,47.62,171756
2021-08-30T04:00:00Z,48.46,48.46,46.95,47.125,251183
2021-08-27T04:00:00Z,48.52,49.21,48.18,48.41,77179
2021-08-26T04:00:00Z,49.15,50.41,48.175,48.58,111952
2021-08-25T04:00:00Z,47.88,49.54,46.9,49.44,161317
2021-08-24T04:00:00Z,47.435,48.23,47.335,47.58,353759
2021-08-23T04:00:00Z,44.49,47.245,44.1,47.24,386453
2021-08-20T04:00:00Z,46.375,46.4,44.81,45.885,486559
2021-08-19T04:00:00Z,49.09,49.24,46.37,46.74,393914
2021-08-18T04:00:00Z,49.16,50.57,48.97,49.56,81224
2021-08-17T04:00:00Z,50.02,50.48,48.19,49.13,184270
2021-08-16T04:00:00Z,52.49,52.49,50.375,50.86,218355
2021-08-13T04:00:00Z,54.03,54.125,52.96,53.41,61239
2021-08-12T04:00:00Z,54.79,54.79,53.03,53.78,74179
2021-08-11T04:00:00Z,53.42,54.03,52.05,53.915,137710
2021-08-10T04:00:00Z,52.57,54.03,52.57,53.84,104747
2021-08-09T04:00:00Z,52.12,52.6,51.18,52.13,104887
2021-08-06T04:00:00Z,52.57,53.59,52.24,52.44,163120
2021-08-05T04:00:00Z,49.575,53.7,49.565,52.4,408277
2021-08-04T04:00:00Z,54.1,54.185,49.44,49.55,1379632
2021-08-03T04:00:00Z,56.22,56.22,53.87,55.375,244296
2021-08-02T04:00:00Z,54.93,57.7,54.87,55.99,145044
2021-07-30T04:00:00Z,55.885,56.67,55.085,55.29,107811
2021-07-29T04:00:00Z,55.47,57.465,54.905,56.79,170314
2021-07-28T04:00:00Z,53.96,55.79,53.71,55.765,256175
2021-07-27T04:00:00Z,53.69,53.92,52.25,53.33,102567
2021-07-26T04:00:00Z,54.9,55.87,53.78,54.4,241151
2021-07-23T04:00:00Z,55.49,55.525,54.525,54.88,126623
2021-07-22T04:00:00Z,55.855,56.075,54.365,55.165,277565
2021-07-21T04:00:00Z,53,56.12,52.99,55.745,198235
2021-07-20T04:00:00Z,51.88,53.04,50.84,52.935,172084
2021-07-19T04:00:00Z,52.06,52.12,50.55,51.67,342795
2021-07-16T04:00:00Z,55.25,55.46,53.18,53.37,112711
2021-07-15T04:00:00Z,55.55,56.125,54.25,54.72,166677
2021-07-14T04:00:00Z,57.45,57.7,55.44,55.83,133839
2021-07-13T04:00:00Z,57.79,58.12,56.86,57.065,134384
2021-07-12T04:00:00Z,59.89,60.16,58.01,58.04,101138
2021-07-09T04:00:00Z,59.22,60.175,58.63,60.055,146613
2021-07-08T04:00:00Z,57.39,58.89,56.57,58.54,134086
2021-07-07T04:00:00Z,61.46,61.86,58.1,58.72,277825
2021-07-06T04:00:00Z,62.62,62.99,61.005,61.54,153116
2021-07-02T04:00:00Z,62.09,63.06,61.66,62.79,270764
2021-07-01T04:00:00Z,61.29,62.87,60.88,61.895,207785
2021-06-30T04:00:00Z,59.79,61.32,59.74,60.48,98181
2021-06-29T04:00:00Z,59.19,60.23,58.68,59.99,165073
2021-06-28T04:00:00Z,61.56,61.56,58.6,58.68,244253
2021-06-25T04:00:00Z,62.05,62.3,60.68,61.5,270166
2021-06-24T04:00:00Z,61.32,61.96,60.24,61.75,195065
2021-06-23T04:00:00Z,59.71,61.92,59.35,61.375,202362
2021-06-22T04:00:00Z,59.14,59.59,58.06,59.06,141860
2021-06-21T04:00:00Z,59.165,59.805,57.89,59.51,153820
2021-06-18T04:00:00Z,58.8,59.6,57.84,58.51,225746
2021-06-17T04:00:00Z,56.62,59.66,56.62,58.77,249087
2021-06-16T04:00:00Z,57.76,57.89,56.07,56.945,132874
2021-06-15T04:00:00Z,57.9,58.19,56.74,57.78,188440
2021-06-14T04:00:00Z,56.44,60.245,56.32,58.405,301922
2021-06-11T04:00:00Z,55.565,56.36,55.15,56.08,202148
2021-06-10T04:00:00Z,56.155,56.155,54.57,55.65,251595
2021-06-09T04:00:00Z,56.94,57.07,55.365,55.38,321699
2021-06-08T04:00:00Z,58.81,59.03,56.36,56.75,326022
2021-06-07T04:00:00Z,57.45,59.06,57.04,58.51,143350
2021-06-04T04:00:00Z,56.78,57.49,56.49,57.41,103572
2021-06-03T04:00:00Z,57.785,57.785,56.23,56.31,129462
2021-06-02T04:00:00Z,58.695,59.12,57.655,58.45,218813
2021-06-01T04:00:00Z,57.55,58.98,56.74,58.79,215296
2021-05-28T04:00:00Z,55.425,57.36,55.27,57.1,333905
2021-05-27T04:00:00Z,55.4,56.28,54.23,55.5,421341
2021-05-26T04:00:00Z,53.095,55.065,52.885,54.905,388614
2021-05-25T04:00:00Z,53.57,55.44,52.66,52.72,289422
2021-05-24T04:00:00Z,52.455,53.99,52.06,53.25,199555
2021-05-21T04:00:00Z,52.4,53.73,51.81,52.355,236912
2021-05-20T04:00:00Z,52.73,52.87,50.55,51.96,367469
2021-05-19T04:00:00Z,49.92,52.38,49.86,52.21,343981
2021-05-18T04:00:00Z,51.265,53.16,51.09,51.48,545702
2021-05-17T04:00:00Z,49.22,50.015,48.72,49.77,182274
2021-05-14T04:00:00Z,47.075,50.18,46.97,49.61,575129
2021-05-13T04:00:00Z,47.31,48.255,45.29,45.97,579313
2021-05-12T04:00:00Z,48.795,49.77,46.365,46.87,360159
2021-05-11T04:00:00Z,47.2,49.83,47.11,48.88,431780
2021-05-10T04:00:00Z,51.15,51.68,48.75,49.2,271666
2021-05-07T04:00:00Z,50.33,51.52,49.68,50.11,296734
2021-05-06T04:00:00Z,50.42,51.22,48.71,49.825,591351
2021-05-05T04:00:00Z,57.535,57.535,52,52.74,1003574
2021-05-04T04:00:00Z,56.29,56.41,53.495,56.1,671084
2021-05-03T04:00:00Z,56.25,57.34,56.06,57.065,257256
2021-04-30T04:00:00Z,56.12,58.04,55.255,55.66,573879
2021-04-29T04:00:00Z,63.95,63.95,54.38,57.105,1191585
2021-04-28T04:00:00Z,61.97,64.07,61.09,63.37,204554
2021-04-27T04:00:00Z,64.81,65.615,62.05,62.24,562981
2021-04-26T04:00:00Z,64.12,64.75,62.96,63.06,151126
2021-04-23T04:00:00Z,61.45,63.79,61.305,63.67,264272
2021-04-22T04:00:00Z,60.58,62.515,59.925,61.02,194802
2021-04-21T04:00:00Z,60.305,61.365,59.24,60.8,235556
2021-04-20T04:00:00Z,61.7,62.015,58.83,60.79,217420
2021-04-19T04:00:00Z,62.93,63.51,61.635,61.865,121280
2021-04-16T04:00:00Z,64.66,64.69,63.15,63.39,91217
2021-04-15T04:00:00Z,63.53,65,62.78,64.46,163806
2021-04-14T04:00:00Z,62.29,64.985,62.29,62.73,258166
2021-04-13T04:00:00Z,59.31,62.35,58.36,62.35,350317
2021-04-12T04:00:00Z,61.07,62.21,59.05,59.82,414305
2021-04-09T04:00:00Z,61.56,61.63,59.76,60.95,228507
2021-04-08T04:00:00Z,61.13,62.14,60.525,62.025,253215
2021-04-07T04:00:00Z,63.8,64.135,60.805,60.92,322051
2021-04-06T04:00:00Z,64.655,65.3,64.13,64.21,193083
2021-04-05T04:00:00Z,65.88,65.88,63.59,64.48,183104
2021-04-01T04:00:00Z,63.41,64.65,62.14,64.645,248372
2021-03-31T04:00:00Z,62.965,63.96,61.43,63.19,300600
2021-03-30T04:00:00Z,63.53,63.86,62.39,62.98,172288
2021-03-29T04:00:00Z,64.53,65.115,63.47,63.66,121952
2021-03-26T04:00:00Z,64.715,65.385,63.405,64.4,169500
2021-03-25T04:00:00Z,59.74,63.84,59.63,63.56,247840
2021-03-24T04:00:00Z,62.35,63.68,60.905,60.98,162988
2021-03-23T04:00:00Z,63.6,64.1,60.9,61.56,262475
2021-03-22T04:00:00Z,66.765,66.87,63.96,64.16,211589
2021-03-19T04:00:00Z,65.38,67.4,64.33,66.54,178637
2021-03-18T04:00:00Z,66.4,68.24,65.56,66.05,321725
2021-03-17T04:00:00Z,64.365,66.2,64.25,65.91,311529
2021-03-16T04:00:00Z,67.18,67.63,63.96,64.67,196722
2021-03-15T04:00:00Z,66.35,67.765,64.92,67.415,393549
2021-03-12T05:00:00Z,62.36,66.89,61.74,66.38,410589
2021-03-11T05:00:00Z,62.395,64.89,62.33,62.7,207017
2021-03-10T05:00:00Z,62.8,63.785,61.155,61.29,302904
2021-03-09T05:00:00Z,65.15,65.15,61.795,62.37,313296
2021-03-08T05:00:00Z,65.34,65.93,63.8,64.3,366284
2021-03-05T05:00:00Z,63.2,65.075,61.07,64.18,589482
2021-03-04T05:00:00Z,61.47,63.21,59.5,61.88,926496
2021-03-03T05:00:00Z,59.74,63.47,57.98,61.8,1105982
2021-03-02T05:00:00Z,57.5,58.07,56.72,57.04,133211
2021-03-01T05:00:00Z,57.085,58.355,56.7,57.325,173875
2021-02-26T05:00:00Z,55.76,57.115,54.86,55.745,216064
2021-02-25T05:00:00Z,59.1,59.39,55.13,55.99,251852
2021-02-24T05:00:00Z,57.6,59.63,56.75,59.17,294082
2021-02-23T05:00:00Z,55.63,58.21,54.6,57.725,315506
2021-02-22T05:00:00Z,58.25,59.42,56.72,56.815,296548
2021-02-19T05:00:00Z,57.67,59.805,57.6,58.89,285432
2021-02-18T05:00:00Z,57.17,58.28,56.48,57.06,210746
2021-02-17T05:00:00Z,57.775,58.24,55.78,58.08,163612
2021-02-16T05:00:00Z,58.225,58.91,57.4,58.46,189333
2021-02-12T05:00:00Z,56.17,57.66,55.32,57.65,272762
2021-02-11T05:00:00Z,55.75,57.6,55.41,57.1,613015
2021-02-10T05:00:00Z,58.675,59.38,55.32,56.17,1086248
2021-02-09T05:00:00Z,53.06,54.79,52.72,53.64,254155
2021-02-08T05:00:00Z,53.45,54.74,52.67,53.42,207679
2021-02-05T05:00:00Z,52.29,53.48,52.18,53.12,238924
2021-02-04T05:00:00Z,49.78,52.235,49.6,51.67,275364
2021-02-03T05:00:00Z,47.45,49.68,47.215,49.43,183827
2021-02-02T05:00:00Z,46.2,48.315,46.1,47.46,260139
2021-02-01T05:00:00Z,45.46,45.8,44.78,45.57,180171
2021-01-29T05:00:00Z,45.77,46.05,43.67,44.48,228395
2021-01-28T05:00:00Z,44.42,46.85,44.37,46.15,326992
2021-01-27T05:00:00Z,45.54,45.85,42.945,43.54,417695
2021-01-26T05:00:00Z,47.575,48.785,46.8,46.94,191565
2021-01-25T05:00:00Z,47.73,47.73,44.17,47.15,356716
2021-01-22T05:00:00Z,47.855,48.05,47.015,47.84,167369
2021-01-21T05:00:00Z,49.2,49.24,47.91,48.09,226840
2021-01-20T05:00:00Z,49.3,50.19,48.55,48.94,174990
2021-01-19T05:00:00Z,48.65,49.915,47.845,48.945,291358
2021-01-15T05:00:00Z,48.62,49.03,47.55,47.87,188292
2021-01-14T05:00:00Z,50.34,50.91,48.215,48.7,168909
2021-01-13T05:00:00Z,50.13,51.22,49.19,49.77,252327
2021-01-12T05:00:00Z,48.44,51.1,47.595,50.78,378278
2021-01-11T05:00:00Z,46.61,48.84,46.16,48.35,281983
2021-01-08T05:00:00Z,48.755,48.95,46.87,47.48,210338
2021-01-07T05:00:00Z,48.145,49.265,48.145,48.84,267279
2021-01-06T05:00:00Z,48.94,49.02,46.97,47.47,244707
2021-01-05T05:00:00Z,46.89,49.21,46.79,48.84,201857
2021-01-04T05:00:00Z,49.42,50,46.56,47.27,302572
2020-12-31T05:00:00Z,50.18,50.27,49.065,49.135,164346
2020-12-30T05:00:00Z,49.23,50.75,48.91,50.34,249594
2020-12-29T05:00:00Z,49.575,50.215,48.75,49.25,169699
2020-12-28T05:00:00Z,49.24,49.865,48.425,49.81,155370
2020-12-24T05:00:00Z,49.99,50.06,48.72,48.83,48279
2020-12-23T05:00:00Z,49.925,50.52,49.65,50.06,187429
2020-12-22T05:00:00Z,50.11,50.14,49.04,49.51,215684
2020-12-21T05:00:00Z,48.06,50.34,47.72,49.945,430476
2020-12-18T05:00:00Z,49.36,50.145,48.615,49.995,165387
2020-12-17T05:00:00Z,49.87,50.52,49.105,49.47,232111
2020-12-16T05:00:00Z,49.36,50.3,49.35,49.895,358851
2020-12-15T05:00:00Z,46.99,49.31,46.99,49.3,179350
2020-12-14T05:00:00Z,47.69,48.39,46.64,46.8,436111
2020-12-11T05:00:00Z,48.05,49.17,46.455,46.86,295448
2020-12-10T05:00:00Z,46.535,48.64,45.81,48.13,231620
2020-12-09T05:00:00Z,47.31,48.745,46.27,47.52,492616
2020-12-08T05:00:00Z,46.11,47.85,46.11,46.51,196833
2020-12-07T05:00:00Z,47.34,47.74,46.05,46.565,208430
2020-12-04T05:00:00Z,43.44,46.14,43.44,46.07,355448
2020-12-03T05:00:00Z,43.5,44.05,42.43,43.12,405831
2020-12-02T05:00:00Z,38.91,43.755,38.25,43.42,545138
2020-12-01T05:00:00Z,39.09,40.84,38.76,39.62,213428
2020-11-30T05:00:00Z,38.78,39.34,37.69,38.19,199118
2020-11-27T05:00:00Z,39.42,39.88,38.805,38.92,114998
2020-11-25T05:00:00Z,38.98,39.58,38.2,39.53,197806
2020-11-24T05:00:00Z,40.26,40.315,39.21,39.52,328518
2020-11-23T05:00:00Z,38.58,39.95,38.46,39.355,410906
2020-11-20T05:00:00Z,40.17,40.29,37.745,38.15,696353
2020-11-19T05:00:00Z,39.51,40.745,39.16,40.11,262384
2020-11-18T05:00:00Z,39.83,41.405,39.52,39.78,463729
2020-11-17T05:00:00Z,38.82,40.43,38.74,39.39,307946
2020-11-16T05:00:00Z,39.02,40.005,38.73,39.97,575275
2020-11-13T05:00:00Z,36.755,37.735,35.98,37.595,331166
2020-11-12T05:00:00Z,35.6,37.785,35.43,36.47,877619
2020-11-11T05:00:00Z,37.25,38.9,35.87,36.4,1068002
2020-11-10T05:00:00Z,36.58,38,35.89,36.09,859828
2020-11-09T05:00:00Z,35.15,37.98,35.105,37.705,1971979
2020-11-06T05:00:00Z,28.58,30.325,27.94,29.84,1063356
2020-11-05T05:00:00Z,29.11,29.75,28.725,29.01,639598
2020-11-04T05:00:00Z,31.7,32.12,28.32,29.185,2563167
2020-11-03T05:00:00Z,24.88,26.595,24.88,26.26,677591
2020-11-02T05:00:00Z,23.1,24.665,22.9,24.515,631988
2020-10-30T04:00:00Z,22.965,23.43,22.4,22.83,248176
2020-10-29T04:00:00Z,22.23,23.27,21.93,22.965,283557
2020-10-28T04:00:00Z,22.43,22.61,21.37,22.24,720350
2020-10-27T04:00:00Z,24.54,24.54,22.89,22.945,656584
2020-10-26T04:00:00Z,25.645,26,24.685,24.84,360582
2020-10-23T04:00:00Z,25.42,26.21,25.07,26.04,265125
2020-10-22T04:00:00Z,24.82,25.67,24.75,25.57,295786
2020-10-21T04:00:00Z,24.97,24.975,24.17,24.665,469954
2020-10-20T04:00:00Z,24.93,25.63,24.55,25.14,590915
2020-10-19T04:00:00Z,25.66,25.79,24.605,24.625,368791
2020-10-16T04:00:00Z,25.7,25.76,25.215,25.56,144229
2020-10-15T04:00:00Z,26.355,26.36,25.53,25.605,343099
2020-10-14T04:00:00Z,26.52,26.96,26.18,26.79,330520
2020-10-13T04:00:00Z,27.06,27.19,26.325,26.35,349299
2020-10-12T04:00:00Z,27.91,27.91,26.96,27.235,270136
2020-10-09T04:00:00Z,27.51,28.085,27.46,27.8,215260
2020-10-08T04:00:00Z,26.42,27.585,26.38,27.195,646182
2020-10-07T04:00:00Z,26.85,26.9,26.12,26.29,361638
2020-10-06T04:00:00Z,27.1,27.33,26.24,26.41,445251
2020-10-05T04:00:00Z,27.94,28.03,26.65,26.695,516651
2020-10-02T04:00:00Z,26.9,27.94,26.81,27.655,607825
2020-10-01T04:00:00Z,28,28.345,27.57,27.79,430517
2020-09-30T04:00:00Z,27.42,28.1,27.34,27.57,199360
2020-09-29T04:00:00Z,27.85,27.88,27.135,27.15,158039
2020-09-28T04:00:00Z,28.14,28.44,27.755,28.035,174507
2020-09-25T04:00:00Z,26.675,27.53,26.525,27.525,197105
2020-09-24T04:00:00Z,26.93,27.455,26.525,26.715,239203
2020-09-23T04:00:00Z,28.245,28.51,26.975,26.99,116230
2020-09-22T04:00:00Z,29.07,29.08,28.005,28.315,324222
2020-09-21T04:00:00Z,29.61,29.77,28.44,28.905,365864
2020-09-18T04:00:00Z,31.25,31.25,30.205,30.59,320936
2020-09-17T04:00:00Z,29.915,31.355,29.66,31.255,416373
2020-09-16T04:00:00Z,30.31,31.08,30.205,30.695,419586
2020-09-15T04:00:00Z,32.245,32.27,30.07,30.26,273400
2020-09-14T04:00:00Z,30.9,32.125,30.9,32.045,546372
2020-09-11T04:00:00Z,29.75,31.17,29.58,30.785,648111
2020-09-10T04:00:00Z,30.205,31.195,29.335,29.525,234182
2020-09-09T04:00:00Z,29.8,30.435,29.325,29.875,211140
2020-09-08T04:00:00Z,28.04,30.945,28.04,30.145,375641
2020-09-04T04:00:00Z,28.655,29.155,27.18,28.985,122485
2020-09-03T04:00:00Z,28.725,29.33,28.045,28.55,271619
2020-09-02T04:00:00Z,29.355,29.5,28.31,28.62,336779
2020-09-01T04:00:00Z,29.42,29.86,28.935,29.355,111913
2020-08-31T04:00:00Z,30.675,30.73,29.605,29.685,55229
2020-08-28T04:00:00Z,29.9,30.815,29.74,30.79,91993
2020-08-27T04:00:00Z,29.69,29.79,28.98,29.705,67379
2020-08-26T04:00:00Z,29.02,29.91,28.95,29.52,96478
2020-08-25T04:00:00Z,29,29.15,28.49,29.01,134437
2020-08-24T04:00:00Z,29.035,29.24,28.39,28.985,76293
2020-08-21T04:00:00Z,29.325,30.225,28.655,28.92,224724
2020-08-20T04:00:00Z,27.7,30.885,25.74,29.705,777501
2020-08-19T04:00:00Z,27.765,28.675,27.735,28.135,212141
2020-08-18T04:00:00Z,27.09,28.03,26.98,27.945,220486
2020-08-17T04:00:00Z,28.27,28.3,26.53,27.16,240679
2020-08-14T04:00:00Z,28.57,28.94,28.09,28.505,151306
2020-08-13T04:00:00Z,29.67,29.88,28.75,28.855,405174
2020-08-12T04:00:00Z,31.07,31.58,30.405,30.54,373900
2020-08-11T04:00:00Z,30.72,31.435,30.46,30.68,214118
2020-08-10T04:00:00Z,30.32,31.585,29.59,31.06,273843
2020-08-07T04:00:00Z,30.92,31.055,29.51,30.13,329679
2020-08-06T04:00:00Z,30.755,32.775,30.69,32.37,195325
2020-08-05T04:00:00Z,30.73,30.985,30.29,30.94,88992
2020-08-04T04:00:00Z,29.06,30.565,29.02,30.53,196220
2020-08-03T04:00:00Z,29.09,29.35,28.685,29.07,106280
2020-07-31T04:00:00Z,29.54,29.77,28.69,29.22,105369
2020-07-30T04:00:00Z,29.26,29.54,28.71,29.45,197993
2020-07-29T04:00:00Z,29.59,30.12,29.435,29.88,66071
2020-07-28T04:00:00Z,29.74,30.04,29.4,29.51,232802
2020-07-27T04:00:00Z,30.61,30.69,29.44,29.9,196231
