2024-06-14T04:00:00Z,219.565,226.87,219.54,226.87,71446
2024-06-13T04:00:00Z,229.585,229.94,218.06,218.245,66717
2024-06-12T04:00:00Z,227.645,235.68,227.64,229.25,108196
2024-06-11T04:00:00Z,223.86,227.76,219.915,223.69,137716
2024-06-10T04:00:00Z,225.755,229.46,223.73,224.59,73582
2024-06-07T04:00:00Z,227.625,231.97,223,227.04,56281
2024-06-06T04:00:00Z,232.895,235.34,229.275,229.99,66398
2024-06-05T04:00:00Z,234.935,235.07,230.835,233.17,53173
2024-06-04T04:00:00Z,233.09,242.585,231.32,232.16,151685
2024-06-03T04:00:00Z,241.965,251.67,231.4,234.06,136361
2024-05-31T04:00:00Z,236.72,240.51,225.41,236.29,382673
2024-05-30T04:00:00Z,327.01,327.685,308.39,309.99,191228
2024-05-29T04:00:00Z,328.735,338.725,328.735,334.245,61684
2024-05-28T04:00:00Z,348.18,348.725,332.76,335.85,58980
2024-05-24T04:00:00Z,351.93,352.3,342.82,349.71,89074
2024-05-23T04:00:00Z,369.505,378.615,354.72,355.215,62469
2024-05-22T04:00:00Z,366,366.05,357.02,361.22,44064
2024-05-21T04:00:00Z,363.77,367.275,362.07,365.335,37183
2024-05-20T04:00:00Z,371.01,373.5,363.15,367.73,24957
2024-05-17T04:00:00Z,369.1,371.63,365.615,370.83,32090
2024-05-16T04:00:00Z,370.99,373.465,366.87,370,31104
2024-05-15T04:00:00Z,364.57,377.565,363.01,376.68,58634
2024-05-14T04:00:00Z,359.21,364.435,352.94,359.29,43496
2024-05-13T04:00:00Z,355.285,361.87,355.285,359.23,52549
2024-05-10T04:00:00Z,357.32,360.56,353.48,353.71,14216
2024-05-09T04:00:00Z,353.22,357.86,352.73,354.58,29080
2024-05-08T04:00:00Z,349.695,353.42,347.8,353.42,34884
2024-05-07T04:00:00Z,356.745,357.95,347.69,355.55,83019
2024-05-06T04:00:00Z,364.11,370.22,362.66,365.695,42258
2024-05-03T04:00:00Z,371.48,378.465,361.025,362.85,53234
2024-05-02T04:00:00Z,378.83,378.83,361.54,363.39,68558
2024-05-01T04:00:00Z,375.395,386.38,365.89,373.55,84944
2024-04-30T04:00:00Z,368.9,373.89,364.64,365.26,52973
2024-04-29T04:00:00Z,381.685,381.685,368.24,371.94,58092
2024-04-26T04:00:00Z,382.2,385.58,375.525,384.04,92556
2024-04-25T04:00:00Z,360.56,370.705,351.615,366.17,58869
2024-04-24T04:00:00Z,368.3,370.76,362.1,369.39,63524
2024-04-23T04:00:00Z,343.99,367.335,343.88,366.4,74095
2024-04-22T04:00:00Z,332.505,342.105,321.88,340.18,57584
2024-04-19T04:00:00Z,335.62,337.56,326.07,327.31,63917
2024-04-18T04:00:00Z,342.83,344.42,332.98,335.37,71862
2024-04-17T04:00:00Z,349.34,350.84,343.05,343.05,27666
2024-04-16T04:00:00Z,347.095,350.52,340.93,349.84,44136
2024-04-15T04:00:00Z,352.06,355.8,344.34,347.45,42688
2024-04-12T04:00:00Z,351.41,359.85,350.76,352.39,46632
2024-04-11T04:00:00Z,353.52,357.165,350.07,356.07,37027
2024-04-10T04:00:00Z,355.3,358.93,351.25,351.41,52853
2024-04-09T04:00:00Z,364.38,366.53,358.23,360.835,47747
2024-04-08T04:00:00Z,366.765,367,355.72,362.79,43575
2024-04-05T04:00:00Z,345.955,364.45,345.93,362.82,76957
2024-04-04T04:00:00Z,340.17,354.56,337.77,343.9,83210
2024-04-03T04:00:00Z,343.36,344.63,338.8,339.95,91342
2024-04-02T04:00:00Z,347.21,349.585,343.515,347.6,31161
2024-04-01T04:00:00Z,362.49,362.49,353.43,356.04,20321
2024-03-28T04:00:00Z,359.505,364.39,357.77,358.92,41604
2024-03-27T04:00:00Z,357.15,358.99,353.275,358.68,41107
2024-03-26T04:00:00Z,355,358.775,349.4,353.96,41604
2024-03-25T04:00:00Z,353.06,357.35,353.06,353.53,32778
2024-03-22T04:00:00Z,356.44,358.68,349.76,355.65,35958
2024-03-21T04:00:00Z,367.005,373,360.14,360.14,52419
2024-03-20T04:00:00Z,351.365,363.33,351.13,358.83,39678
2024-03-19T04:00:00Z,343.98,354.03,343.92,353.8,66652
2024-03-18T04:00:00Z,356.5,359.89,353.33,356.28,36819
2024-03-15T04:00:00Z,366.095,366.1,354.95,355.63,72034
2024-03-14T04:00:00Z,374.42,379.52,363.81,369.12,75582
2024-03-13T04:00:00Z,369.005,379.96,368.64,372.95,82245
2024-03-12T04:00:00Z,373.485,373.49,363.73,368.32,50546
2024-03-11T04:00:00Z,379.875,380.955,364.11,366.88,100908
2024-03-08T05:00:00Z,380.35,411.12,379.705,383.53,198987
2024-03-07T05:00:00Z,404.71,413.7,397.07,412.395,101103
2024-03-06T05:00:00Z,421.51,423.17,407.54,409.6,51489
2024-03-05T05:00:00Z,428.57,428.57,398.78,404.91,96266
2024-03-04T05:00:00Z,436.39,442.44,427.72,438.91,42267
2024-03-01T05:00:00Z,444.99,444.99,430.85,436.7,58039
2024-02-29T05:00:00Z,435.62,447.845,433.76,447.56,45749
2024-02-28T05:00:00Z,441.765,448.31,440.8,443.625,40649
2024-02-27T05:00:00Z,453.575,458.565,445.91,450,24199
2024-02-26T05:00:00Z,454.43,458.75,451.33,451.91,19549
2024-02-23T05:00:00Z,455.5,457.4,447.68,451.93,24858
2024-02-22T05:00:00Z,445.065,450.22,436.24,450.22,46039
2024-02-21T05:00:00Z,430.48,437.14,423.58,427.34,35192
2024-02-20T05:00:00Z,455.35,457.54,434,444.64,74513
2024-02-16T05:00:00Z,469.625,476.4,464.72,464.73,37065
2024-02-15T05:00:00Z,485.82,485.82,474.12,474.12,27469
2024-02-14T05:00:00Z,480.75,486.775,473.59,486.09,33622
2024-02-13T05:00:00Z,457.03,479.725,451.01,471.62,65585
2024-02-12T05:00:00Z,497.605,509.59,487.67,488.56,41399
2024-02-09T05:00:00Z,486.42,506.95,484.755,500.76,66108
2024-02-08T05:00:00Z,458.56,476.53,458.56,475.05,44720
2024-02-07T05:00:00Z,446.37,462.64,441.815,457.36,44427
2024-02-06T05:00:00Z,445.695,450.66,430.045,443.25,54534
2024-02-05T05:00:00Z,441.7,454.33,427.89,436.94,70834
2024-02-02T05:00:00Z,416.4,436.72,413.61,435.99,78751
2024-02-01T05:00:00Z,404.55,411.14,400.86,407.94,37380
2024-01-31T05:00:00Z,406.46,409.715,394.67,400.75,56274
2024-01-30T05:00:00Z,419.02,420.07,411.035,415.57,25709
2024-01-29T05:00:00Z,398.56,420.28,398.46,420.28,36992
2024-01-26T05:00:00Z,393.06,401.33,392.7,395.19,30625
2024-01-25T05:00:00Z,413.97,414.95,397.88,399.82,39935
2024-01-24T05:00:00Z,414.51,424.58,409.45,410.16,50896
2024-01-23T05:00:00Z,416.995,416.995,408.99,411.26,18624
2024-01-22T05:00:00Z,408.85,426,408.5,413.56,122912
2024-01-19T05:00:00Z,395.86,401.52,391.99,400.94,38696
2024-01-18T05:00:00Z,405.17,407.585,384.9,392.105,67477
2024-01-17T05:00:00Z,402.28,402.735,387.62,400.58,33195
2024-01-16T05:00:00Z,387.545,405.63,382.705,405.53,84570
2024-01-12T05:00:00Z,392.18,397.21,389.01,391.57,32446
2024-01-11T05:00:00Z,396.96,398.75,383.73,392.61,49670
2024-01-10T05:00:00Z,380.545,394.26,376.74,393.16,61411
2024-01-09T05:00:00Z,372.28,379.77,371.99,378.64,39947
2024-01-08T05:00:00Z,370,378.57,365.26,378.33,97656
2024-01-05T05:00:00Z,365.64,371.235,362.925,365.4,60661
2024-01-04T05:00:00Z,363.345,368.95,360.49,362.51,73132
2024-01-03T05:00:00Z,373,379.06,371.3,373.055,52456
2024-01-02T05:00:00Z,402.56,402.69,382.47,383.58,67278
2023-12-29T05:00:00Z,416.45,421.335,408.62,408.91,30472
2023-12-28T05:00:00Z,416.055,420.05,414.04,416.97,18693
2023-12-27T05:00:00Z,421.04,423.71,417.3,418.32,25572
2023-12-26T05:00:00Z,408.22,417.02,407.67,416.75,25134
2023-12-22T05:00:00Z,411.64,413.42,401.485,407.41,50504
2023-12-21T05:00:00Z,405,410.06,402.84,409.72,32148
2023-12-20T05:00:00Z,407.415,414.28,401.47,401.66,41594
2023-12-19T05:00:00Z,416.53,418.15,408.5,409.62,67228
2023-12-18T05:00:00Z,408.92,416.795,407.67,412.46,58922
2023-12-15T05:00:00Z,421.1,423.23,413.85,420.25,44661
2023-12-14T05:00:00Z,419.55,422.9,407.19,419.125,81186
2023-12-13T05:00:00Z,394.49,411.4,392.995,411.34,77682
2023-12-12T05:00:00Z,393.02,397.42,391.985,393.07,53229
2023-12-11T05:00:00Z,388.75,402.94,388.75,395.33,80743
2023-12-08T05:00:00Z,379.6,382.055,373.505,381.8,113581
2023-12-07T05:00:00Z,390.73,395.23,383.47,384.23,96136
2023-12-06T05:00:00Z,408.76,414.99,387.38,387.42,246146
2023-12-05T05:00:00Z,425.34,434.83,424.27,434.42,81013
2023-12-04T05:00:00Z,431,440.17,418.25,422.86,83012
2023-12-01T05:00:00Z,419.12,435.61,414.54,434.84,70958
2023-11-30T05:00:00Z,436.86,440.92,407.79,415.9,93932
2023-11-29T05:00:00Z,411.5,420.81,411.5,420.51,46886
2023-11-28T05:00:00Z,402.69,409.875,397.8,406.12,37166
2023-11-27T05:00:00Z,406.65,410.64,400.45,401.79,28368
2023-11-24T05:00:00Z,405.96,408.95,405.96,407.925,8013
2023-11-22T05:00:00Z,410,410.01,400.04,405.13,22000
2023-11-21T05:00:00Z,409.54,411.39,402.85,405.54,38237
2023-11-20T05:00:00Z,397.4,410.77,397.4,407.63,40936
2023-11-17T05:00:00Z,388.04,394.56,388,392.47,21669
2023-11-16T05:00:00Z,393,395.415,384.915,389.05,33506
2023-11-15T05:00:00Z,400.27,402.49,390.745,392.7,37247
2023-11-14T05:00:00Z,389.15,402.57,387.83,397.63,96159
2023-11-13T05:00:00Z,376.295,387.42,374.52,378.04,42073
2023-11-10T05:00:00Z,364.55,378.46,364.55,377.03,28932
2023-11-09T05:00:00Z,370.01,379.42,364.4,365.38,30966
2023-11-08T05:00:00Z,370.13,372.26,363.36,370.08,56099
2023-11-07T05:00:00Z,356.51,383.91,356.34,369.35,144738
2023-11-06T05:00:00Z,344.55,344.55,324.42,332,60848
2023-11-03T04:00:00Z,330.07,343.5,329.8,343.195,68304
2023-11-02T04:00:00Z,347.2,347.2,326.42,329.16,81825
2023-11-01T04:00:00Z,343.52,343.52,332.8,338.97,39841
2023-10-31T04:00:00Z,342.28,346,333.01,344.69,31856
2023-10-30T04:00:00Z,339.69,341.67,334.06,336.2,25644
2023-10-27T04:00:00Z,334.86,338.87,332.12,335.17,71315
2023-10-26T04:00:00Z,326.04,334.05,321.295,326.81,79294
2023-10-25T04:00:00Z,347.97,347.97,328.64,329.31,59965
2023-10-24T04:00:00Z,349.98,358.35,346.97,352.18,38009
2023-10-23T04:00:00Z,341.52,348.65,334,342.42,33763
2023-10-20T04:00:00Z,356.23,361.68,342.84,346.25,80849
2023-10-19T04:00:00Z,365.99,368.98,357.88,358,54243
2023-10-18T04:00:00Z,362.33,369.21,356.73,358.56,49058
2023-10-17T04:00:00Z,362.47,372.75,362.165,365.7,87979
2023-10-16T04:00:00Z,353,369.42,351.29,368.27,62182
2023-10-13T04:00:00Z,365.5,365.5,350.11,350.58,37098
2023-10-12T04:00:00Z,367.45,374.295,362.13,364,42398
2023-10-11T04:00:00Z,365.45,371.87,362.5,365.23,47309
2023-10-10T04:00:00Z,357.78,368.4,357.78,358.61,40302
2023-10-09T04:00:00Z,349.84,361.61,349.84,358.93,33339
2023-10-06T04:00:00Z,329.77,354.245,329.77,353.5,58888
2023-10-05T04:00:00Z,337.51,337.52,328.76,336.73,47359
2023-10-04T04:00:00Z,334.995,337.3,332.555,335.72,43114
2023-10-03T04:00:00Z,340.43,343.81,328.97,331.48,37650
2023-10-02T04:00:00Z,343.1,351.73,342.21,349.18,31644
2023-09-29T04:00:00Z,353.64,360.38,345.42,345.85,74027
2023-09-28T04:00:00Z,324.74,343.43,324.02,343.12,67810
2023-09-27T04:00:00Z,325.98,332.72,325.175,328.11,38057
2023-09-26T04:00:00Z,328.81,332.61,324.25,325.17,29148
2023-09-25T04:00:00Z,332.29,337.86,332.29,333.46,41340
2023-09-22T04:00:00Z,339.22,339.54,331.35,335.78,28167
2023-09-21T04:00:00Z,343.215,347.05,332.08,333.64,86400
2023-09-20T04:00:00Z,358.69,359.13,351.515,351.67,10439
2023-09-19T04:00:00Z,358.22,358.51,350.51,355.58,23819
2023-09-18T04:00:00Z,358.77,360.745,355.19,356.56,19592
2023-09-15T04:00:00Z,361.75,362.155,354.1,362.065,74138
2023-09-14T04:00:00Z,368.54,370.49,364.49,365.72,39673
2023-09-13T04:00:00Z,375.675,378.25,371.06,371.46,55173
2023-09-12T04:00:00Z,388.37,388.37,374.57,374.61,41784
2023-09-11T04:00:00Z,380.91,394.97,380.71,394.2,77623
2023-09-08T04:00:00Z,380.13,383.02,375.625,377.35,21189
2023-09-07T04:00:00Z,372.01,380.45,369.58,377.74,40807
2023-09-06T04:00:00Z,393.86,395.75,378.79,382.5,55883
2023-09-05T04:00:00Z,389.5,398.63,389.5,393.99,49847
2023-09-01T04:00:00Z,394.29,412.945,389.55,392.87,154836
2023-08-31T04:00:00Z,383.14,386.83,379.13,380.9,109203
2023-08-30T04:00:00Z,366.95,380.21,364.52,375.565,39143
2023-08-29T04:00:00Z,356,373.21,354.785,367.45,50033
2023-08-28T04:00:00Z,365.63,367,353.95,354.2,45662
2023-08-25T04:00:00Z,361.615,366.39,355.04,363.45,39692
2023-08-24T04:00:00Z,383.99,383.99,358.31,360.73,32605
2023-08-23T04:00:00Z,359.38,371.1,359.12,371.1,39591
2023-08-22T04:00:00Z,364.43,364.49,356.62,361.77,34343
2023-08-21T04:00:00Z,356.55,362.775,356.01,358.435,43208
2023-08-18T04:00:00Z,343.32,353.555,343.01,350.76,30994
2023-08-17T04:00:00Z,358.68,358.68,349.42,351.08,34453
2023-08-16T04:00:00Z,363.24,368.33,358.73,358.73,35182
2023-08-15T04:00:00Z,362.74,371.46,359.485,367.33,75200
2023-08-14T04:00:00Z,354.9,364.68,354.9,364.41,28849
2023-08-11T04:00:00Z,355.4,360.325,354.76,356.23,21184
2023-08-10T04:00:00Z,359.86,367.18,353.53,359.66,56162
2023-08-09T04:00:00Z,367.55,368.38,358.98,359.84,69377
2023-08-08T04:00:00Z,376.29,387.9,369.03,370.28,92221
2023-08-07T04:00:00Z,403.71,403.71,388.48,397.25,33313
2023-08-04T04:00:00Z,416.62,423.365,400.69,401.08,100630
2023-08-03T04:00:00Z,391.14,406.18,386.33,402.73,46201
2023-08-02T04:00:00Z,412.08,415.69,394.58,399.01,65607
2023-08-01T04:00:00Z,418.63,424.715,416.05,424.715,32045
2023-07-31T04:00:00Z,415.77,425.09,415.77,423.66,42248
2023-07-28T04:00:00Z,412.96,417.37,403.2,411.64,39552
2023-07-27T04:00:00Z,412.89,413.48,396,403.36,72226
2023-07-26T04:00:00Z,404.13,412.14,400,405.19,60012
2023-07-25T04:00:00Z,417.85,426.33,415.51,419,62121
2023-07-24T04:00:00Z,411.99,412.46,402,410.56,30951
2023-07-21T04:00:00Z,418.6,420.4,409.05,409.98,58876
2023-07-20T04:00:00Z,421.64,425.53,410.66,412.58,106432
2023-07-19T04:00:00Z,429.405,438.85,421.96,431.17,78173
2023-07-18T04:00:00Z,419.99,437.26,407.77,426.18,187823
2023-07-17T04:00:00Z,400.99,411.99,400.99,409.25,33570
2023-07-14T04:00:00Z,413,413,397.545,398.6,65241
2023-07-13T04:00:00Z,396.685,407.84,396.24,407.15,47331
2023-07-12T04:00:00Z,401.24,401.24,387.885,390.36,103662
2023-07-11T04:00:00Z,396.99,398.335,389.69,394.26,36861
2023-07-10T04:00:00Z,383.74,395.58,376.68,394.38,49014
2023-07-07T04:00:00Z,402.06,403.17,388.11,388.72,76140
2023-07-06T04:00:00Z,400.98,401.15,392.57,399.06,77549
2023-07-05T04:00:00Z,406.555,411.825,402.55,409.66,72778
2023-07-03T04:00:00Z,407.2,416.5,406.87,411.41,36075
2023-06-30T04:00:00Z,406.46,418.47,406.38,411.015,102456
2023-06-29T04:00:00Z,399.095,406.99,396.5,402.945,87117
2023-06-28T04:00:00Z,389.55,413.21,389.37,397.885,104174
2023-06-27T04:00:00Z,383.94,389.15,376.77,388.1,39393
2023-06-26T04:00:00Z,388.03,393.32,375.93,380.15,88285
2023-06-23T04:00:00Z,384.22,395.39,380.8,389.805,92266
2023-06-22T04:00:00Z,366.735,396.66,365.14,388.31,165659
2023-06-21T04:00:00Z,377.63,381.37,367.6,373.06,93893
2023-06-20T04:00:00Z,379.1,384.77,375.46,379.73,66190
2023-06-16T04:00:00Z,383.19,384.14,376.51,380.23,46829
2023-06-15T04:00:00Z,372.58,389.27,371.35,385.4,75761
2023-06-14T04:00:00Z,379.98,381.7,369.37,374.49,125426
2023-06-13T04:00:00Z,387.5,389.43,372.46,384.165,78237
2023-06-12T04:00:00Z,373.12,382.03,373.12,382.03,43899
2023-06-09T04:00:00Z,376.785,384.51,371.2,374.61,74575
2023-06-08T04:00:00Z,366.44,375.86,365.16,374.5,112611
2023-06-07T04:00:00Z,387.12,391.7,366.335,368.79,88728
2023-06-06T04:00:00Z,385.02,398.38,383.63,387.43,120801
2023-06-05T04:00:00Z,378.625,392.27,376.365,388.51,120327
2023-06-02T04:00:00Z,380.795,397.15,370.06,376.57,327361
2023-06-01T04:00:00Z,281.7,294.84,275.79,294.52,215500
2023-05-31T04:00:00Z,291.16,298.03,289.64,293.42,105262
2023-05-30T04:00:00Z,291.065,296.03,286.4,292.44,74950
2023-05-26T04:00:00Z,274.475,291.45,273.36,283.28,154338
2023-05-25T04:00:00Z,287.385,291.71,277.65,284.93,158587
2023-05-24T04:00:00Z,268.02,279.06,268.02,277.7,98735
2023-05-23T04:00:00Z,281.78,284.17,272.8,272.8,105652
2023-05-22T04:00:00Z,273.065,283.39,272.68,283.285,83378
2023-05-19T04:00:00Z,281.52,281.53,273.09,275.255,162011
2023-05-18T04:00:00Z,284.1,291.74,280.25,290.02,142750
2023-05-17T04:00:00Z,277.89,285.345,275.54,282.365,91437
2023-05-16T04:00:00Z,275.03,278.245,274.425,275.03,103963
2023-05-15T04:00:00Z,265.915,277.71,265.075,276.09,106331
2023-05-12T04:00:00Z,264.32,269.52,261.01,263.575,136112
2023-05-11T04:00:00Z,262.78,265.19,259.68,264.08,88985
2023-05-10T04:00:00Z,256.63,266.2,256.46,261.99,103853
2023-05-09T04:00:00Z,244.98,251.585,244.98,250.27,88769
2023-05-08T04:00:00Z,243.505,247.8,239.085,246.985,83224
2023-05-05T04:00:00Z,239.605,242.545,234.81,241.25,131237
2023-05-04T04:00:00Z,229.71,243.49,229.6,237.305,145415
2023-05-03T04:00:00Z,215.56,223.98,215.56,220.63,77194
2023-05-02T04:00:00Z,224.415,225.99,217.83,217.83,73710
2023-05-01T04:00:00Z,236.6,236.665,224.35,225.78,99108
2023-04-28T04:00:00Z,238.425,240.8,230.47,240.02,104396
2023-04-27T04:00:00Z,240.81,241.41,234.68,240.9,82938
2023-04-26T04:00:00Z,228.57,243.31,227.665,238.29,158008
2023-04-25T04:00:00Z,220.08,220.08,212.53,212.98,75038
2023-04-24T04:00:00Z,232.77,235.29,222.67,223.98,108495
2023-04-21T04:00:00Z,227.71,234.47,227.62,232.76,74313
2023-04-20T04:00:00Z,227.18,228.915,224.26,226.42,58869
2023-04-19T04:00:00Z,226.86,231.55,225.45,230.25,34794
2023-04-18T04:00:00Z,230.2,231.77,226.42,230,44487
2023-04-17T04:00:00Z,220.4,226.09,220.4,224.795,34278
2023-04-14T04:00:00Z,222.395,226.52,217.69,223.18,98301
2023-04-13T04:00:00Z,230.01,236,223.91,224.62,79358
2023-04-12T04:00:00Z,224.2,234.515,223.99,226.26,144812
2023-04-11T04:00:00Z,210,215.5,198.73,211.49,159911
2023-04-10T04:00:00Z,211.875,214.47,208.23,214.39,47101
2023-04-06T04:00:00Z,210.19,216.09,204.9,215.99,69663
2023-04-05T04:00:00Z,224.5,224.5,209.33,213.06,87574
2023-04-04T04:00:00Z,227.17,230.81,226.2,227.98,36902
2023-04-03T04:00:00Z,228.21,232.015,224.81,226.84,80761
2023-03-31T04:00:00Z,219,233,219,233,95297
2023-03-30T04:00:00Z,220.68,220.68,215.24,218.8,45467
2023-03-29T04:00:00Z,216.16,219.17,215.54,217.38,41821
2023-03-28T04:00:00Z,211.49,214.37,211.13,214.08,32404
2023-03-27T04:00:00Z,216.47,217.04,210.525,210.83,32299
2023-03-24T04:00:00Z,220.07,220.565,211.93,216.8,56350
2023-03-23T04:00:00Z,216.155,223.78,214.87,220.28,92034
2023-03-22T04:00:00Z,216.49,221.99,211.04,211.04,64763
2023-03-21T04:00:00Z,213.38,219.84,212.27,218.49,65071
2023-03-20T04:00:00Z,216.935,217.34,207.39,210.98,97651
2023-03-17T04:00:00Z,220.56,223.88,217.88,219.86,75189
2023-03-16T04:00:00Z,212.51,221.74,210.37,221.38,89575
2023-03-15T04:00:00Z,203.24,213.38,201.94,212.13,105594
2023-03-14T04:00:00Z,207.18,207.18,198.83,204.53,97181
2023-03-13T04:00:00Z,190.81,206.81,189.94,201.76,113046
2023-03-10T05:00:00Z,206.56,211.06,190.22,194.08,268369
2023-03-09T05:00:00Z,202.155,221.55,201.42,209.89,496440
2023-03-08T05:00:00Z,224.485,231.79,224.17,228.87,274150
2023-03-07T05:00:00Z,219.81,226.985,219.77,223.74,95155
2023-03-06T05:00:00Z,222.5,224.66,217.955,219.77,53591
2023-03-03T05:00:00Z,206.86,219.94,206.86,219.05,109846
2023-03-02T05:00:00Z,200.515,206.77,198.32,205.21,122557
2023-03-01T05:00:00Z,209.46,213.705,204.185,210.07,96481
2023-02-28T05:00:00Z,207.45,210.18,206.11,209.62,47866
2023-02-27T05:00:00Z,208.615,210.21,205.23,206.95,26267
2023-02-24T05:00:00Z,207.39,209.43,203.655,205.88,70812
2023-02-23T05:00:00Z,217.055,219.99,206.11,213.5,91096
2023-02-22T05:00:00Z,214.78,219.98,212.13,213.65,58556
2023-02-21T05:00:00Z,207.87,212.885,206.99,210.5,53444
2023-02-17T05:00:00Z,217.15,217.15,208.12,213.13,85582
2023-02-16T05:00:00Z,224,232.87,217.25,217.27,80240
2023-02-15T05:00:00Z,235.24,237.74,226.98,233.665,71863
2023-02-14T05:00:00Z,212.53,230.9,212.5,228.95,80232
2023-02-13T05:00:00Z,212,220.64,208.08,217.2,52634
2023-02-10T05:00:00Z,213.99,216.29,207.16,210.7,64669
2023-02-09T05:00:00Z,228.8,230.26,220.65,220.75,41140
2023-02-08T05:00:00Z,224.85,232.02,221.69,222.69,72671
2023-02-07T05:00:00Z,218,225.21,212.35,224.43,71691
2023-02-06T05:00:00Z,218,225.75,216.15,218.405,91611
2023-02-03T05:00:00Z,231.45,237.34,220.3,221.975,179160
2023-02-02T05:00:00Z,237.53,248.05,236.99,245.88,163915
2023-02-01T05:00:00Z,215.795,229.73,211.99,228.17,106748
2023-01-31T05:00:00Z,209.365,214.63,208.52,214.325,72959
2023-01-30T05:00:00Z,221.52,221.89,209.74,210.4,104257
2023-01-27T05:00:00Z,207.04,224.88,207.04,223.925,230198
2023-01-26T05:00:00Z,200.73,208.685,197.64,208.31,108071
2023-01-25T05:00:00Z,189.1,198.49,179.67,195.25,188801
2023-01-24T05:00:00Z,203.99,210.67,199.53,199.92,71950
2023-01-23T05:00:00Z,198.29,207.6,196.785,207.045,104582
2023-01-20T05:00:00Z,190.47,199.34,190.47,197.67,65323
2023-01-19T05:00:00Z,198.86,198.87,188.98,189.185,107512
2023-01-18T05:00:00Z,207.61,212.075,200.07,200.85,106485
2023-01-17T05:00:00Z,195.36,206.69,193.08,202.78,112371
2023-01-13T05:00:00Z,189.17,198.45,189.17,197.58,93642
2023-01-12T05:00:00Z,187.6,190.9,183.42,190.71,81297
2023-01-11T05:00:00Z,181.55,189.08,181.36,189.08,106569
2023-01-10T05:00:00Z,176.05,182.92,174.885,182.14,110909
2023-01-09T05:00:00Z,174.405,179.2,172.35,178.06,105758
2023-01-06T05:00:00Z,170.99,172.91,165.41,169.73,125374
2023-01-05T05:00:00Z,183.35,183.35,170.8,172.11,149365
2023-01-04T05:00:00Z,192.41,192.41,183.6,187.21,139716
2023-01-03T05:00:00Z,200.065,201.18,186.49,190.835,89647
2022-12-30T05:00:00Z,194.575,198.205,191.875,196.805,57215
2022-12-29T05:00:00Z,191.61,203.56,188.85,198.73,97754
2022-12-28T05:00:00Z,187.35,191.525,186.41,188.85,39642
2022-12-27T05:00:00Z,193.175,193.175,187.12,188.77,72557
2022-12-23T05:00:00Z,194.99,197.47,192.25,197.38,79777
2022-12-22T05:00:00Z,195.86,197.76,190.94,196.08,65820
2022-12-21T05:00:00Z,198.49,203.275,196.2,200.48,84566
2022-12-20T05:00:00Z,193.815,201.68,190.79,200.135,82005
2022-12-19T05:00:00Z,201.72,202.24,189.94,193.32,105620
2022-12-16T05:00:00Z,204.205,206.48,196.835,203.12,96752
2022-12-15T05:00:00Z,205.65,212.19,201.56,203.69,103873
2022-12-14T05:00:00Z,208.615,213.22,205.49,210.52,100255
2022-12-13T05:00:00Z,219.43,221.2,202.535,206.19,141676
2022-12-12T05:00:00Z,192.68,203.7,192.68,203.25,150228
2022-12-09T05:00:00Z,196.49,198.41,190.84,191.9,136238
2022-12-08T05:00:00Z,182.57,195.7,177.35,194.49,376598
2022-12-07T05:00:00Z,184.46,186.39,167.655,178.42,570059
2022-12-06T05:00:00Z,150.05,150.45,142.165,144.95,250820
2022-12-05T05:00:00Z,159.285,160.42,144.915,148.82,142725
2022-12-02T05:00:00Z,157.06,162.27,153.15,160.31,134774
2022-12-01T05:00:00Z,153.82,162.44,151.56,162.14,212239
2022-11-30T05:00:00Z,140.125,152.62,137.91,152.52,249395
2022-11-29T05:00:00Z,145.925,147.21,142.155,142.3,132928
2022-11-28T05:00:00Z,145.86,147.56,143.11,143.465,137749
2022-11-25T05:00:00Z,147.29,148.28,146.38,147.83,67639
2022-11-23T05:00:00Z,147.63,152.37,145.82,150.66,153930
2022-11-22T05:00:00Z,147.22,147.27,142.64,146.75,174123
2022-11-21T05:00:00Z,152.295,152.295,145.535,146.96,224524
2022-11-18T05:00:00Z,168.295,168.295,157.76,159.9,98562
2022-11-17T05:00:00Z,167.03,169.665,163.15,163.675,180410
2022-11-16T05:00:00Z,177.06,180.21,170.37,174.8,108401
2022-11-15T05:00:00Z,182,186.64,179.25,182.125,135755
2022-11-14T05:00:00Z,174.055,175.14,167.14,171.02,87512
2022-11-11T05:00:00Z,162.99,180.645,162.1,176.21,234233
2022-11-10T05:00:00Z,152.29,165.39,148.78,160.9,285369
2022-11-09T05:00:00Z,139.835,141.37,135.16,137.39,138276
2022-11-08T05:00:00Z,143,150.35,138.2,144.13,142707
2022-11-07T05:00:00Z,147.51,147.51,137.59,141.82,151276
2022-11-04T04:00:00Z,155.83,155.83,140.63,145.37,250321
2022-11-03T04:00:00Z,160.05,164.28,156.975,157.22,164866
2022-11-02T04:00:00Z,178.85,178.85,163.21,163.24,132430
2022-11-01T04:00:00Z,189.75,193.71,180.6,181.33,90267
2022-10-31T04:00:00Z,187.26,188.74,182.81,183.03,86141
2022-10-28T04:00:00Z,184.585,187.77,178.08,186.59,174746
2022-10-27T04:00:00Z,194.59,198.97,189.93,190.68,70708
2022-10-26T04:00:00Z,186.46,201.78,184.32,190.98,127586
2022-10-25T04:00:00Z,186.99,200.905,186.99,200.88,171302
2022-10-24T04:00:00Z,188.095,188.095,176.87,182,158191
2022-10-21T04:00:00Z,188.76,188.85,177.795,188.73,235968
2022-10-20T04:00:00Z,184.36,197.83,184.28,190.98,81148
2022-10-19T04:00:00Z,185.01,189.2,181.35,184.91,88299
2022-10-18T04:00:00Z,195.99,195.99,185.91,189.86,134037
2022-10-17T04:00:00Z,177.69,186.55,177.69,182.49,100114
2022-10-14T04:00:00Z,185.77,187.47,171.29,171.97,119971
2022-10-13T04:00:00Z,173.4,182.645,166.61,180.66,163736
2022-10-12T04:00:00Z,180.24,182.01,172.62,181.9,123267
2022-10-11T04:00:00Z,181.6,184.47,171.56,180.3,135765
2022-10-10T04:00:00Z,191.66,191.7,178.8,182.11,124553
2022-10-07T04:00:00Z,192.31,194.36,186.86,189.55,66967
2022-10-06T04:00:00Z,205.5,206.44,195.55,199.43,73827
2022-10-05T04:00:00Z,198.19,205,191.07,201.86,103486
2022-10-04T04:00:00Z,201.85,208.84,201.12,203.4,325711
2022-10-03T04:00:00Z,198.795,200.93,185.765,194.12,212471
2022-09-30T04:00:00Z,195.82,210.44,194.43,198.56,139834
2022-09-29T04:00:00Z,197.74,197.76,191.81,195.26,84498
2022-09-28T04:00:00Z,193.86,203.68,193.21,201.31,98206
2022-09-27T04:00:00Z,195.09,197.28,190.18,194.56,89469
2022-09-26T04:00:00Z,194.84,200.115,188.37,189.75,99646
2022-09-23T04:00:00Z,196.92,201.29,189.33,194.73,305517
2022-09-22T04:00:00Z,211.04,211.04,196.93,198.08,166846
2022-09-21T04:00:00Z,217.19,222.305,209.46,209.47,119334
2022-09-20T04:00:00Z,217.52,221.05,214.46,218.01,110888
2022-09-19T04:00:00Z,217.57,221.67,213.92,221.42,120094
2022-09-16T04:00:00Z,226.11,228.03,217.695,220.46,173504
2022-09-15T04:00:00Z,244.67,248.655,232.23,233.65,252819
2022-09-14T04:00:00Z,252.39,252.49,243.62,247.06,151022
2022-09-13T04:00:00Z,258.525,263.03,251.03,252,160900
2022-09-12T04:00:00Z,270.33,278.62,266.04,278.45,124901
2022-09-09T04:00:00Z,251.88,273.83,251.88,268.78,186371
2022-09-08T04:00:00Z,241.38,250.04,240.02,247.62,71047
2022-09-07T04:00:00Z,237,248.4,233.875,246.55,104195
2022-09-06T04:00:00Z,241.565,249.06,237.05,237.83,112165
2022-09-02T04:00:00Z,244.25,253.98,236.03,244.96,225906
2022-09-01T04:00:00Z,266.92,271.27,238.49,240.99,546794
2022-08-31T04:00:00Z,334.07,339.5,321.51,322.94,109096
2022-08-30T04:00:00Z,339.6,340.105,321.82,330.72,76011
2022-08-29T04:00:00Z,346,352.14,326.2,332.04,102927
2022-08-26T04:00:00Z,362.74,366.48,351.54,353.33,77013
2022-08-25T04:00:00Z,355.565,365.44,353.07,363.73,100393
2022-08-24T04:00:00Z,329.98,343.01,326.68,338.73,58085
2022-08-23T04:00:00Z,332.215,338,326.12,326.39,83196
2022-08-22T04:00:00Z,327.14,334.125,324.4,329.48,54213
2022-08-19T04:00:00Z,343.65,343.65,334.09,337.02,72352
2022-08-18T04:00:00Z,357.93,360.56,352.83,353.51,46802
2022-08-17T04:00:00Z,363.16,367.455,360,361.55,58315
2022-08-16T04:00:00Z,370,374.58,363.825,374.58,74960
2022-08-15T04:00:00Z,374,383.4,372.015,375.765,57038
2022-08-12T04:00:00Z,369.95,378.85,367.94,378.79,53102
2022-08-11T04:00:00Z,385,390.525,367.7,369.02,69038
2022-08-10T04:00:00Z,383.48,387.88,377.15,380.3,59094
2022-08-09T04:00:00Z,356.56,364.9,354.53,357.92,36981
2022-08-08T04:00:00Z,361.67,378.84,360.63,363.685,67014
2022-08-05T04:00:00Z,335.12,358.49,335.12,356.93,87465
2022-08-04T04:00:00Z,337.14,341.1,329.2,340.88,66601
2022-08-03T04:00:00Z,326.41,340.57,324.73,339.03,82271
2022-08-02T04:00:00Z,310.05,331.95,310.05,323.355,74193
2022-08-01T04:00:00Z,306.5,324.6,302.7,317.95,64447
2022-07-29T04:00:00Z,302.55,313.52,300.69,312.41,129643
2022-07-28T04:00:00Z,288.88,297.33,281.29,297.07,79955
2022-07-27T04:00:00Z,279.41,292.47,275.68,289.93,129839
2022-07-26T04:00:00Z,280.36,280.36,263.48,266.52,107861
2022-07-25T04:00:00Z,298.21,298.21,284.03,289.04,107984
2022-07-22T04:00:00Z,315.39,322.61,300.35,301.39,82406
2022-07-21T04:00:00Z,308.925,320.7,307.34,317.91,149069
2022-07-20T04:00:00Z,290.35,310.89,290.35,307.65,105441
2022-07-19T04:00:00Z,285.2,285.2,274.16,284.34,47762
2022-07-18T04:00:00Z,283.22,293.4,279.72,281.02,72758
2022-07-15T04:00:00Z,282.57,284.45,265.79,277.64,125020
2022-07-14T04:00:00Z,288.59,289.18,269.705,278.99,96525
2022-07-13T04:00:00Z,285.72,306.345,282.59,295.41,53911
2022-07-12T04:00:00Z,313.1,322.86,285.76,290.93,109745
2022-07-11T04:00:00Z,310.46,315.02,300.62,310.86,52042
2022-07-08T04:00:00Z,305.15,323.8,304.35,313.9,55896
2022-07-07T04:00:00Z,302.05,318.37,301.385,315.35,123493
2022-07-06T04:00:00Z,302.755,311.65,298.17,304.21,111951
2022-07-05T04:00:00Z,264.35,304.73,262.94,304.5,152191
2022-07-01T04:00:00Z,262.9,271.73,258.11,268.9,66390
2022-06-30T04:00:00Z,275.02,275.02,251.935,259.29,122287
2022-06-29T04:00:00Z,274.8,280.95,269.23,276.52,67552
2022-06-28T04:00:00Z,293.88,300.71,273.53,278.01,152195
2022-06-27T04:00:00Z,301.95,308,293.91,299.09,59299
2022-06-24T04:00:00Z,295.785,313.295,295.53,303.27,141852
2022-06-23T04:00:00Z,271.6,292.12,270.125,290.76,150692
2022-06-22T04:00:00Z,264.58,279.9,264.58,267.26,83708
2022-06-21T04:00:00Z,255.17,275.96,255.17,269.77,126993
2022-06-17T04:00:00Z,236.63,252.01,236.06,249.54,130196
2022-06-16T04:00:00Z,243.92,246.46,231.705,234.76,110896
2022-06-15T04:00:00Z,244.845,259.445,241.14,254.31,83422
2022-06-14T04:00:00Z,240.8,249.335,236.72,241.02,52724
2022-06-13T04:00:00Z,257.235,260.89,237.6,239,83020
2022-06-10T04:00:00Z,283.4,286.55,265.96,268.95,126590
2022-06-09T04:00:00Z,295.605,306.39,289.5,290.35,75693
2022-06-08T04:00:00Z,296.8,308.25,296.37,298.99,133116
2022-06-07T04:00:00Z,270.62,298.84,270.075,295.36,96866
2022-06-06T04:00:00Z,280.21,284.19,267.13,275.23,68986
2022-06-03T04:00:00Z,280.09,286.2,266.65,273.24,147027
2022-06-02T04:00:00Z,261.765,290.57,249.08,286.67,292949
2022-06-01T04:00:00Z,241.85,261.85,236.8,241.42,163149
2022-05-31T04:00:00Z,252.915,253.76,236.06,236.805,131306
2022-05-27T04:00:00Z,241.51,252.41,240.04,250.24,190465
2022-05-26T04:00:00Z,217.8,240.72,214.19,232.965,160837
2022-05-25T04:00:00Z,221.545,232.99,219.37,230.61,106299
2022-05-24T04:00:00Z,237.43,237.43,218.02,223.53,93367
2022-05-23T04:00:00Z,246.39,253.09,236.8,244.17,117748
2022-05-20T04:00:00Z,255.92,264.83,235.44,248,160817
2022-05-19T04:00:00Z,230.91,256.72,227.8,245.32,172199
2022-05-18T04:00:00Z,241.04,249.25,219.805,229.88,170198
2022-05-17T04:00:00Z,261.75,266.855,234.02,247.255,134484
2022-05-16T04:00:00Z,280.09,289.18,251.57,252.1,114748
2022-05-13T04:00:00Z,257.68,290.49,257.68,285.9,140474
2022-05-12T04:00:00Z,233.01,261.615,228.34,245.31,175327
2022-05-11T04:00:00Z,247.68,270.72,240.865,241.98,175442
2022-05-10T04:00:00Z,265.82,271.945,239.52,250.51,142152
2022-05-09T04:00:00Z,288.8,291.67,249.04,252.82,177178
2022-05-06T04:00:00Z,310.745,310.745,276.6,300.02,146768
2022-05-05T04:00:00Z,348.865,348.865,310.71,315.835,155065
2022-05-04T04:00:00Z,346.2,361.18,323.59,360.79,80116
2022-05-03T04:00:00Z,354.5,365.89,335.08,343.3,81800
2022-05-02T04:00:00Z,349.795,359.87,340.065,358.99,67058
2022-04-29T04:00:00Z,376.57,387.65,353.89,354,56606
2022-04-28T04:00:00Z,370.86,381.99,354.6,377.34,76331
2022-04-27T04:00:00Z,356.22,375.39,355.4,360.02,82808
2022-04-26T04:00:00Z,380.095,380.095,352.735,352.735,77790
2022-04-25T04:00:00Z,368.855,385.47,366.675,382.42,68245
2022-04-22T04:00:00Z,379.48,385,369.155,370.61,40582
2022-04-21T04:00:00Z,418.34,418.34,374.6,378.01,111004
2022-04-20T04:00:00Z,419.175,420.03,402.4,407,44326
2022-04-19T04:00:00Z,399.915,418.83,395.86,415.73,40371
2022-04-18T04:00:00Z,408.71,409.29,394.29,401.27,46741
2022-04-14T04:00:00Z,433.09,435.22,416.51,416.51,30348
2022-04-13T04:00:00Z,413.24,435.7,413,434.71,44127
2022-04-12T04:00:00Z,419.68,438.5,412.76,414.39,63502
2022-04-11T04:00:00Z,406.2,417.91,403.795,410,56775
2022-04-08T04:00:00Z,422.11,427.41,414.41,416.66,70269
2022-04-07T04:00:00Z,419.24,437.045,417.62,428.78,72921
2022-04-06T04:00:00Z,421.78,424.89,401.25,421.35,118198
2022-04-05T04:00:00Z,454.63,456.01,429.33,435.55,88954
2022-04-04T04:00:00Z,446,463.96,440.9,458.43,109199
2022-04-01T04:00:00Z,442.33,471.74,442.33,454.72,150240
2022-03-31T04:00:00Z,430.3,455.54,426.44,443.645,157069
2022-03-30T04:00:00Z,429.435,443.28,423.13,430.04,89883
2022-03-29T04:00:00Z,431,440.59,424.02,435.67,73234
2022-03-28T04:00:00Z,408.895,421.08,403.6,420.72,61357
2022-03-25T04:00:00Z,421.87,421.87,401.46,405.75,40119
2022-03-24T04:00:00Z,408.965,421.45,397.4,420.34,112882
2022-03-23T04:00:00Z,397.705,418.44,394.6,404.48,67695
2022-03-22T04:00:00Z,388.95,413.38,388.95,405.69,61897
2022-03-21T04:00:00Z,398.8,400.17,381.775,390.5,141060
2022-03-18T04:00:00Z,381.12,402.07,376.775,398.19,153100
2022-03-17T04:00:00Z,338.17,374.31,338.17,372.85,155364
2022-03-16T04:00:00Z,317.57,344.545,314.39,344.225,172034
2022-03-15T04:00:00Z,292.01,300.37,284.895,298.21,180564
2022-03-14T04:00:00Z,311.8,322.19,283.51,290.11,223046
2022-03-11T05:00:00Z,340.9,340.9,316.28,316.405,104365
2022-03-10T05:00:00Z,327.01,342.56,324.645,338.66,87679
2022-03-09T05:00:00Z,318.62,339.5,315.06,333.97,342919
2022-03-08T05:00:00Z,280.28,289.54,272.77,282.34,173251
2022-03-07T05:00:00Z,304.74,311.42,279,279.49,157874
2022-03-04T05:00:00Z,330.6,331.81,303.4,305.87,157171
2022-03-03T05:00:00Z,362.08,362.94,322.4,327.25,217056
2022-03-02T05:00:00Z,375.77,386.94,366.635,381.1,53952
2022-03-01T05:00:00Z,384.6,395.24,378.92,381.68,62744
2022-02-28T05:00:00Z,378.67,388.42,374.19,382.41,45801
2022-02-25T05:00:00Z,372.53,376.19,361.06,376.19,42701
2022-02-24T05:00:00Z,337.165,378.06,335.005,375.18,151711
2022-02-23T05:00:00Z,382.59,384.875,352.4,354.67,118648
2022-02-22T05:00:00Z,386.56,396.14,379.075,382.065,72548
2022-02-18T05:00:00Z,412.265,413.92,389.79,390.25,71312
2022-02-17T05:00:00Z,430.45,431.895,408,409.37,64737
2022-02-16T05:00:00Z,438.57,441.51,426.35,435.86,51732
2022-02-15T05:00:00Z,440.655,449.5,434.085,445.89,70064
2022-02-14T05:00:00Z,429.1,443.87,426.3,430.75,43929
2022-02-11T05:00:00Z,451.21,457.49,422.22,426.99,93101
2022-02-10T05:00:00Z,428.89,464.32,427.115,450.59,112411
2022-02-09T05:00:00Z,434.74,443.31,426.57,441.73,54121
2022-02-08T05:00:00Z,403.5,421.43,403.37,419.49,30443
2022-02-07T05:00:00Z,410,427.38,407.12,408.23,56383
2022-02-04T05:00:00Z,382.49,409.52,378.12,403.29,57970
2022-02-03T05:00:00Z,379.33,392.09,378.99,381.67,83513
2022-02-02T05:00:00Z,413.53,414.46,393.615,398.145,40055
2022-02-01T05:00:00Z,406,412.31,389.93,411.075,54316
2022-01-31T05:00:00Z,377.04,406.29,377.04,405.1,119210
2022-01-28T05:00:00Z,354.755,373.58,340.85,372.71,88715
2022-01-27T05:00:00Z,361.84,369.62,349.92,351.38,118157
2022-01-26T05:00:00Z,384.86,393.8,345.81,350.96,149469
2022-01-25T05:00:00Z,376.745,383.915,359.845,365.07,93137
2022-01-24T05:00:00Z,361,387.78,345.975,386.57,87595
2022-01-21T05:00:00Z,386.335,397,373.13,376.275,71001
2022-01-20T05:00:00Z,401.345,411.69,387.59,388.77,69448
2022-01-19T05:00:00Z,392.78,401.25,384.59,384.59,49909
2022-01-18T05:00:00Z,388.785,407.035,386.54,387.8,43489
2022-01-14T05:00:00Z,395.32,398.31,374.97,397.47,95628
2022-01-13T05:00:00Z,429.64,429.64,389.51,391.23,82873
2022-01-12T05:00:00Z,449,450.065,431.09,432.09,49381
2022-01-11T05:00:00Z,427.9,449,427.9,444.24,52107
2022-01-10T05:00:00Z,415.385,435.57,394.425,435.32,93709
2022-01-07T05:00:00Z,424.84,442.72,420.105,429.8,53500
2022-01-06T05:00:00Z,420.86,439.74,413.07,429.62,88757
2022-01-05T05:00:00Z,447.64,453.03,426.685,428.82,120913
2022-01-04T05:00:00Z,486.87,487.79,446.14,465.2,103378
2022-01-03T05:00:00Z,517.625,517.625,476.455,488.12,73816
2021-12-31T05:00:00Z,531.5,537.065,527.47,529.36,14736
2021-12-30T05:00:00Z,537.43,543.005,532.49,532.635,14855
2021-12-29T05:00:00Z,531.34,540.46,528.86,537.53,19500
2021-12-28T05:00:00Z,553.04,556.37,541.48,541.66,15212
2021-12-27T05:00:00Z,554.95,568.98,552.2,559.69,11888
2021-12-23T05:00:00Z,553.4,561.945,548.01,551.05,22682
2021-12-22T05:00:00Z,532.75,553.6,532.75,552.29,67662
2021-12-21T05:00:00Z,508.63,539.8,494,538.62,71045
2021-12-20T05:00:00Z,486.86,496.88,482.16,496.33,27712
2021-12-17T05:00:00Z,475.895,499.04,471.62,498.42,53617
2021-12-16T05:00:00Z,510.48,510.48,475.935,481.52,57726
2021-12-15T05:00:00Z,475.54,510.635,474.695,509.16,46842
2021-12-14T05:00:00Z,482.77,485.96,463.05,478.55,50203
2021-12-13T05:00:00Z,505.21,516.38,488.98,495.33,104758
2021-12-10T05:00:00Z,514.76,525.63,501.95,508.16,33153
2021-12-09T05:00:00Z,531.885,537.29,513.01,513.915,54639
2021-12-08T05:00:00Z,500.02,532.425,488.08,531.54,70050
2021-12-07T05:00:00Z,521.93,524.375,486.95,499.58,147636
2021-12-06T05:00:00Z,431.505,440.19,418.77,428.485,140752
2021-12-03T05:00:00Z,475.015,475.015,436.27,450.7,167015
2021-12-02T05:00:00Z,455.1,483.4,455.1,482.03,92847
2021-12-01T05:00:00Z,502.62,502.62,457.09,457.09,97957
2021-11-30T05:00:00Z,537.47,540.39,497.9,498.01,45230
2021-11-29T05:00:00Z,530.545,530.545,518,525.97,27618
2021-11-26T05:00:00Z,518.01,521.87,512.81,519.62,17096
2021-11-24T05:00:00Z,486.49,512.41,482.98,507.78,50091
2021-11-23T05:00:00Z,503.94,522.735,492.37,498.33,101641
2021-11-22T05:00:00Z,568.235,569.03,508.08,515.79,74229
2021-11-19T05:00:00Z,575.4,578.055,562.99,569.77,37164
2021-11-18T05:00:00Z,572.96,576.775,557.765,567.32,22406
2021-11-17T05:00:00Z,580.39,580.39,567.16,570.26,14874
2021-11-16T05:00:00Z,568.95,585.84,566.74,585.8,50180
2021-11-15T05:00:00Z,566.42,566.945,556.73,561.43,18876
2021-11-12T05:00:00Z,555.2,568.28,553.195,567.25,15243
2021-11-11T05:00:00Z,566.49,567.32,546.785,548.81,40278
2021-11-10T05:00:00Z,572,575.96,544.05,554.86,35320
2021-11-09T05:00:00Z,578.505,586.045,565,577.18,31063
2021-11-08T05:00:00Z,558.43,581.54,558.43,570.06,39196
2021-11-05T04:00:00Z,543.33,556.51,541.05,555.22,76175
2021-11-04T04:00:00Z,522.2,539.81,522.2,535.09,29316
2021-11-03T04:00:00Z,519.38,521.63,512.68,521.54,23783
2021-11-02T04:00:00Z,505.195,519.705,498.63,518.86,30891
2021-11-01T04:00:00Z,527.025,527.025,496.81,496.9,46094
2021-10-29T04:00:00Z,508.37,523.63,508.37,521.83,28247
2021-10-28T04:00:00Z,494.99,505.88,492.91,505.18,14874
2021-10-27T04:00:00Z,506.785,512.45,495.46,497.96,15517
2021-10-26T04:00:00Z,522.52,523,495.67,501.06,22699
2021-10-25T04:00:00Z,505.64,524.91,503.03,519.77,34082
2021-10-22T04:00:00Z,508.33,512.8,502.98,504.97,17087
2021-10-21T04:00:00Z,503.52,513.77,503.52,509.8,21195
2021-10-20T04:00:00Z,513.81,513.81,500.2,504.16,16878
2021-10-19T04:00:00Z,507.85,515.44,502.9,508.42,29143
2021-10-18T04:00:00Z,491.9,504.05,489.25,503.175,32583
2021-10-15T04:00:00Z,484,492.39,483.01,491.75,15162
2021-10-14T04:00:00Z,499.385,505.38,488.69,489.33,19406
2021-10-13T04:00:00Z,475.46,494.385,475.46,493.965,31207
2021-10-12T04:00:00Z,460.36,476.95,460.09,471.31,14666
2021-10-11T04:00:00Z,445.03,460.54,444.5,454.15,26870
2021-10-08T04:00:00Z,470.05,471.98,449.35,449.59,44723
2021-10-07T04:00:00Z,470.2,481.285,469.11,473.49,21921
2021-10-06T04:00:00Z,447.41,469.6,447.41,465.93,28191
2021-10-05T04:00:00Z,446.91,456.58,444.62,452.45,22321
2021-10-04T04:00:00Z,461.94,462.9,434.765,444.64,72998
2021-10-01T04:00:00Z,476.51,476.51,459.9,474.735,28377
2021-09-30T04:00:00Z,463.82,478.32,463.82,471.68,55542
2021-09-29T04:00:00Z,472.24,474.97,456.805,458.3,32811
2021-09-28T04:00:00Z,471.04,475.47,460.73,463.73,32150
2021-09-27T04:00:00Z,499.67,499.67,481.085,482.29,63537
2021-09-24T04:00:00Z,510.48,512.16,501.19,507.94,16149
2021-09-23T04:00:00Z,513.52,518,505.18,514.21,37892
2021-09-22T04:00:00Z,487.14,514.8,484.8,510.69,40525
2021-09-21T04:00:00Z,494.1,500.715,484.89,488.62,62503
2021-09-20T04:00:00Z,491.065,499.44,483.995,488.78,44617
2021-09-17T04:00:00Z,511.93,513.63,504.77,506.82,39513
2021-09-16T04:00:00Z,501.23,510.205,497.37,509.98,61692
2021-09-15T04:00:00Z,503,505.75,495.3,503.51,32287
2021-09-14T04:00:00Z,488.095,506.46,488.095,505.57,63383
2021-09-13T04:00:00Z,482.41,488.035,471.64,485.48,61777
2021-09-10T04:00:00Z,479.28,498.99,478.565,488.96,132602
2021-09-09T04:00:00Z,472.43,476.775,466.56,474.57,55146
2021-09-08T04:00:00Z,488.125,490.065,467.685,471.785,108485
2021-09-07T04:00:00Z,514.41,514.41,489.26,489.425,103368
2021-09-03T04:00:00Z,462.6,508.95,462.6,507.55,269743
2021-09-02T04:00:00Z,396.13,406.33,394.74,401.65,76379
2021-09-01T04:00:00Z,391.45,396.93,389.28,393.5,28355
2021-08-31T04:00:00Z,396.22,396.79,390.985,391.5,27501
2021-08-30T04:00:00Z,395.275,402,393.72,396.42,40828
2021-08-27T04:00:00Z,392.5,400.14,391.875,395.85,35090
2021-08-26T04:00:00Z,393.43,400.07,387.79,388.95,33621
2021-08-25T04:00:00Z,385.245,394.3,384.06,394.12,36317
2021-08-24T04:00:00Z,379.455,387.22,379.455,384.17,55774
2021-08-23T04:00:00Z,371.41,379.205,371.41,376.14,26008
2021-08-20T04:00:00Z,365.67,370.19,362.265,367.94,29952
2021-08-19T04:00:00Z,363.1,369.115,361.13,365.01,12306
2021-08-18T04:00:00Z,368.14,371.495,364.53,366.35,19963
2021-08-17T04:00:00Z,362.54,365.6,358.39,365.05,20917
2021-08-16T04:00:00Z,374.64,374.64,359.085,367.42,34251
2021-08-13T04:00:00Z,374.3,382.98,370.98,377.815,30931
2021-08-12T04:00:00Z,359.13,375.13,359.13,372.18,20400
2021-08-11T04:00:00Z,362.23,364.91,354.24,360.88,13980
2021-08-10T04:00:00Z,380.935,381.78,361.37,364.23,44448
2021-08-09T04:00:00Z,375.075,380.93,372.56,380.015,35891
2021-08-06T04:00:00Z,377.03,378.88,367.57,373.86,27768
2021-08-05T04:00:00Z,362.84,376.92,357.63,376.88,68893
2021-08-04T04:00:00Z,363.885,371.305,360.28,362.7,48495
2021-08-03T04:00:00Z,358.41,365.41,357.33,360,14610
2021-08-02T04:00:00Z,358.92,362.395,347.63,358.88,41062
2021-07-30T04:00:00Z,360.985,365.705,358.65,359.05,22512
2021-07-29T04:00:00Z,362.92,367.51,360.52,362.135,14765
2021-07-28T04:00:00Z,360.48,365.565,357.2,364.08,15311
2021-07-27T04:00:00Z,365.11,371.025,352.955,360.28,61899
2021-07-26T04:00:00Z,360.14,363.66,357.745,358.23,32567
2021-07-23T04:00:00Z,352.33,364.415,351.94,361.62,50194
2021-07-22T04:00:00Z,355.84,355.865,352.055,354.17,26780
2021-07-21T04:00:00Z,344.28,352.82,341.085,351.16,19001
2021-07-20T04:00:00Z,342,346.98,336.03,342.53,19274
2021-07-19T04:00:00Z,328.37,342.06,326.49,337.73,45345
2021-07-16T04:00:00Z,338.03,338.25,331.3,332.63,15897
2021-07-15T04:00:00Z,339.14,344.77,332.37,334.6,32237
2021-07-14T04:00:00Z,358.41,358.41,339.01,339.16,41226
2021-07-13T04:00:00Z,352.885,361.19,350.625,351.695,33417
2021-07-12T04:00:00Z,360.69,360.69,348.5,351.08,23831
2021-07-09T04:00:00Z,350.23,355.68,344.35,353.32,41381
2021-07-08T04:00:00Z,347.47,356.725,347.04,351.96,34713
2021-07-07T04:00:00Z,368.93,369.03,356.155,357.43,28724
2021-07-06T04:00:00Z,359.19,375.195,358.61,365.13,48473
2021-07-02T04:00:00Z,348.42,364.61,345.51,362.29,47563
2021-07-01T04:00:00Z,360.51,364.89,354.11,357.89,82676
2021-06-30T04:00:00Z,363.22,368.22,360.12,361.94,126407
2021-06-29T04:00:00Z,388.8,391.18,380.98,383.7,38888
2021-06-28T04:00:00Z,382.49,391.86,382.49,389.02,31916
2021-06-25T04:00:00Z,380.59,384.21,373.47,378.83,64473
2021-06-24T04:00:00Z,389.99,393.63,381.705,382.86,29081
2021-06-23T04:00:00Z,379.85,388.84,379.85,387.3,40943
2021-06-22T04:00:00Z,379.46,389.86,379.46,380.825,63510
2021-06-21T04:00:00Z,384.56,387.26,375.34,379.76,54029
2021-06-18T04:00:00Z,372.62,385.77,370.94,383.98,100678
2021-06-17T04:00:00Z,357.11,375.5,357.11,373.23,139800
2021-06-16T04:00:00Z,346.23,362.16,346.23,359.12,107348
2021-06-15T04:00:00Z,344.11,352.84,341.15,344,66510
2021-06-14T04:00:00Z,337.34,349.65,335.11,346.905,46197
2021-06-11T04:00:00Z,326.59,335.24,326.59,333.93,29740
2021-06-10T04:00:00Z,329.98,335.405,318.4,330.02,87252
2021-06-09T04:00:00Z,321.35,332.08,320.7,330.66,77834
2021-06-08T04:00:00Z,315.31,322.9,312.74,320.715,70892
2021-06-07T04:00:00Z,313.24,316.545,308.67,314.5,61994
2021-06-04T04:00:00Z,287.5,318.68,286.33,315.47,283981
2021-06-03T04:00:00Z,282.66,282.66,270.29,270.8,60117
2021-06-02T04:00:00Z,287,293.96,285.23,287.35,28357
2021-06-01T04:00:00Z,293.415,293.415,283.02,289.885,27117
2021-05-28T04:00:00Z,291.94,297.95,291.32,291.805,27339
2021-05-27T04:00:00Z,285.84,295.2,281.07,291.8,50914
2021-05-26T04:00:00Z,291,299.85,290.59,295.17,58007
2021-05-25T04:00:00Z,287.55,290.19,285.885,288.665,32472
2021-05-24T04:00:00Z,284.005,288.43,284.005,287.04,26069
2021-05-21T04:00:00Z,283.71,286.8,279.83,281.62,32044
2021-05-20T04:00:00Z,278.265,285.55,276.595,282.49,34410
2021-05-19T04:00:00Z,262.87,275.51,261.425,273.16,70319
2021-05-18T04:00:00Z,266.2,273.99,263.145,270.1,57145
2021-05-17T04:00:00Z,258.8,265.01,257.6,264.395,59305
2021-05-14T04:00:00Z,255.42,261.89,249.82,261.255,63674
2021-05-13T04:00:00Z,256.5,259.895,238.15,244.88,63576
2021-05-12T04:00:00Z,256.93,258.64,244.05,251.76,65385
2021-05-11T04:00:00Z,240.66,265.31,239.21,260.19,54681
2021-05-10T04:00:00Z,258.51,258.97,251,253.98,73046
2021-05-07T04:00:00Z,262.5,267.16,258.04,260.47,79588
2021-05-06T04:00:00Z,265.9,270.25,251.26,256.485,82056
2021-05-05T04:00:00Z,285.27,285.27,271.13,271.555,38830
2021-05-04T04:00:00Z,281.67,283.02,269.44,280.27,52524
2021-05-03T04:00:00Z,299.38,299.38,286.07,287.5,39689
2021-04-30T04:00:00Z,298.14,306.15,295,297.18,30240
2021-04-29T04:00:00Z,314.59,314.72,297.85,300.02,44447
2021-04-28T04:00:00Z,311.44,318.38,311.44,316.4,18042
2021-04-27T04:00:00Z,322.74,322.74,317.045,317.9,25214
2021-04-26T04:00:00Z,307.13,322.12,306.09,321.135,54947
2021-04-23T04:00:00Z,308.99,308.99,301.75,306.62,21052
2021-04-22T04:00:00Z,305.93,315.32,304.84,307.08,40219
2021-04-21T04:00:00Z,295.08,302.64,294.59,300.33,71835
2021-04-20T04:00:00Z,302.075,308.79,296.49,297.66,23247
2021-04-19T04:00:00Z,313.59,314.9,298.98,300.02,46908
2021-04-16T04:00:00Z,318.06,319.805,310.74,315.645,40793
2021-04-15T04:00:00Z,313.365,321.47,308.17,319.64,47564
2021-04-14T04:00:00Z,315.31,323.88,308,308.48,51128
2021-04-13T04:00:00Z,310.12,319.075,308.27,315.85,30424
2021-04-12T04:00:00Z,294.56,306.62,291.54,304.3,42272
2021-04-09T04:00:00Z,293.085,300.29,286.835,298.03,47556
2021-04-08T04:00:00Z,290.93,300.75,289.39,296.64,67030
2021-04-07T04:00:00Z,293.275,298.35,281.78,284.55,110802
2021-04-06T04:00:00Z,289.19,299.17,286.555,296.13,109528
2021-04-05T04:00:00Z,283.53,290.09,282.95,289.1,97745
2021-04-01T04:00:00Z,273.815,291.03,273.785,290.73,168990
2021-03-31T04:00:00Z,266.6,272.88,266.08,268.15,115600
2021-03-30T04:00:00Z,254.705,262.53,252.28,259.89,110450
2021-03-29T04:00:00Z,262.82,265.15,257.43,258.27,145934
2021-03-26T04:00:00Z,271.265,282.12,261.76,266.18,381253
2021-03-25T04:00:00Z,275.72,284.85,271.57,272.5,167425
2021-03-24T04:00:00Z,304.28,304.33,282.63,283.895,76711
2021-03-23T04:00:00Z,306.61,310.625,303.25,304.95,23931
2021-03-22T04:00:00Z,303.99,312.69,302.51,309.57,36939
2021-03-19T04:00:00Z,306.86,310.825,300.02,301.78,69634
2021-03-18T04:00:00Z,307.85,307.85,298.29,301.05,67985
2021-03-17T04:00:00Z,309.64,321.28,305.3,316.17,33170
2021-03-16T04:00:00Z,329.75,334.18,312.73,318.45,44378
2021-03-15T04:00:00Z,321.03,326.89,318,323.3,36201
2021-03-12T05:00:00Z,316.84,320.85,306.61,319.98,51010
2021-03-11T05:00:00Z,304.81,329.04,304.2,327.1,112002
2021-03-10T05:00:00Z,325.54,333.425,292.77,295.4,131442
2021-03-09T05:00:00Z,304.415,314.405,303.645,311.99,128209
2021-03-08T05:00:00Z,310.995,318.78,284.93,287.5,79778
2021-03-05T05:00:00Z,330.69,331.09,296.44,307.995,141902
2021-03-04T05:00:00Z,345.47,356.73,319.72,327.75,138280
2021-03-03T05:00:00Z,375.01,375.01,348.46,352.47,68517
2021-03-02T05:00:00Z,397.07,397.07,380.09,380.09,32044
2021-03-01T05:00:00Z,391.62,396.85,385,394.94,32622
2021-02-26T05:00:00Z,384.775,389.995,370.61,385.6,48537
2021-02-25T05:00:00Z,394.19,404.13,375.695,380.3,67321
2021-02-24T05:00:00Z,381.81,404.165,372.61,398.1,58724
2021-02-23T05:00:00Z,371.76,381.82,353.64,380.92,99644
2021-02-22T05:00:00Z,409.51,414.935,391.74,392.07,63009
2021-02-19T05:00:00Z,410.66,419.035,408.66,418.29,34520
2021-02-18T05:00:00Z,402.91,408.795,397.42,401.27,48438
2021-02-17T05:00:00Z,400.5,411.27,393.3,409.99,23141
2021-02-16T05:00:00Z,425.605,425.605,404.36,407.65,28423
2021-02-12T05:00:00Z,417.45,424.17,413.82,423.35,21647
2021-02-11T05:00:00Z,418.36,422.85,414.18,417.24,18550
2021-02-10T05:00:00Z,415.235,428.605,412.33,417.9,83929
2021-02-09T05:00:00Z,410,414.21,402.58,404.35,32482
2021-02-08T05:00:00Z,415.11,417.45,403.34,410.4,22986
2021-02-05T05:00:00Z,400.175,414,396.935,413.26,50143
2021-02-04T05:00:00Z,402.19,403.99,395.4,396.3,25847
2021-02-03T05:00:00Z,406.09,418.02,392.9,396.77,33520
2021-02-02T05:00:00Z,375.75,396.495,375.75,394.82,41939
2021-02-01T05:00:00Z,369.22,379.16,366.835,375.13,41281
2021-01-29T05:00:00Z,369.39,371.835,357.91,369.48,26458
2021-01-28T05:00:00Z,345.285,374.29,344.52,371.145,74342
2021-01-27T05:00:00Z,350.8,356.98,338.42,344.21,56878
2021-01-26T05:00:00Z,368.7,369.48,355.37,355.53,42017
2021-01-25T05:00:00Z,387.21,389.58,355.665,368.73,27239
2021-01-22T05:00:00Z,382.8,385.46,374.215,384.33,40258
2021-01-21T05:00:00Z,372.41,379.52,362.74,379.305,46021
2021-01-20T05:00:00Z,373.235,374.77,366.12,368.95,78075
2021-01-19T05:00:00Z,372.58,374.41,367.01,368.06,50841
2021-01-15T05:00:00Z,367.14,373.42,358.79,361.22,25698
2021-01-14T05:00:00Z,378.2,381.74,363.91,364.165,109795
2021-01-13T05:00:00Z,378.16,384.35,370.25,376.02,65801
2021-01-12T05:00:00Z,364.52,371.57,359,371.41,56123
2021-01-11T05:00:00Z,357.3,370.09,354.91,361.25,32164
2021-01-08T05:00:00Z,351.93,360.99,349.68,360.05,43878
2021-01-07T05:00:00Z,337.99,352.035,337.32,351.7,42529
2021-01-06T05:00:00Z,352.5,353.095,330.66,334.67,57906
2021-01-05T05:00:00Z,345.125,357.855,345.125,354.7,36439
2021-01-04T05:00:00Z,346.845,354.68,343.705,349.65,70800
2020-12-31T05:00:00Z,363.69,363.69,355.25,359.365,62157
2020-12-30T05:00:00Z,364.465,367.535,359.775,364.97,35068
2020-12-29T05:00:00Z,368.92,368.92,355.9,364.04,37029
2020-12-28T05:00:00Z,382.48,382.48,359.625,362.78,38371
2020-12-24T05:00:00Z,379.985,385.17,376.82,378.21,13411
2020-12-23T05:00:00Z,398.62,398.62,369.07,376.99,128464
2020-12-22T05:00:00Z,384.52,397.38,382.28,395.94,58108
2020-12-21T05:00:00Z,378.72,383.99,372.04,383.43,83137
2020-12-18T05:00:00Z,377.475,379.41,372.68,377.12,117690
2020-12-17T05:00:00Z,356.73,377.5,348.13,372.45,158039
2020-12-16T05:00:00Z,334.98,341.92,332.06,337.59,59698
2020-12-15T05:00:00Z,341.045,348.75,328.2,335.2,58681
2020-12-14T05:00:00Z,345,351.41,338.9,340.34,198485
2020-12-11T05:00:00Z,315.36,340.66,313.58,339.96,205182
2020-12-10T05:00:00Z,280.12,319.04,280.12,318.98,199995
2020-12-09T05:00:00Z,280.435,305.53,275.02,280.35,208411
2020-12-08T05:00:00Z,280.58,286.995,278.755,282.595,77346
2020-12-07T05:00:00Z,281.115,287.105,276.06,280.19,59298
2020-12-04T05:00:00Z,274.76,277.875,271.17,277.46,49238
2020-12-03T05:00:00Z,268.9,278.43,268.9,271.66,51342
2020-12-02T05:00:00Z,268.91,269.93,261.04,267.75,52168
2020-12-01T05:00:00Z,279.85,279.85,270.8,275.58,60537
2020-11-30T05:00:00Z,274.98,289.47,274.93,287.35,73024
2020-11-27T05:00:00Z,269.75,275.925,268.33,270.11,29593
2020-11-25T05:00:00Z,263.99,266.06,257.68,265.11,42146
2020-11-24T05:00:00Z,264.78,266.04,262.59,264.465,34763
2020-11-23T05:00:00Z,265.47,269.005,258.6,265.41,34436
2020-11-20T05:00:00Z,262.05,267.83,258.98,264.09,50962
2020-11-19T05:00:00Z,247.4,264.565,244.38,254.895,107009
2020-11-18T05:00:00Z,248.255,249.9,241.47,247.52,40076
2020-11-17T05:00:00Z,246.35,252.71,244.825,248.09,35451
2020-11-16T05:00:00Z,239.82,248.76,239.68,242.86,35175
2020-11-13T05:00:00Z,252.3,253.5,244.69,247.135,33703
2020-11-12T05:00:00Z,249.69,254.49,245.63,250.62,48791
2020-11-11T05:00:00Z,234.515,247.51,234.49,244.98,45506
2020-11-10T05:00:00Z,237.595,238.42,219.62,230.13,215273
2020-11-09T05:00:00Z,244.185,255.66,238.955,239.68,52578
2020-11-06T05:00:00Z,251.64,252.995,245.66,252.68,36557
2020-11-05T05:00:00Z,247.5,254.265,241.17,253.02,64762
2020-11-04T05:00:00Z,238.765,245.22,238.02,244.43,49095
2020-11-03T05:00:00Z,225.03,230.99,224.675,227.15,52515
2020-11-02T05:00:00Z,226.83,230.77,220.32,224.02,59200
2020-10-30T04:00:00Z,233.13,236.51,224.25,228.43,24746
2020-10-29T04:00:00Z,243.8,245,235.39,235.39,30661
2020-10-28T04:00:00Z,238.49,241.955,234.77,239.85,35449
2020-10-27T04:00:00Z,246.245,248.035,242.245,244.07,40552
2020-10-26T04:00:00Z,248.1,250.15,239.69,240.08,58550
2020-10-23T04:00:00Z,245.91,249.39,243.56,247.99,53316
2020-10-22T04:00:00Z,250.01,251.63,241.235,245.68,33772
2020-10-21T04:00:00Z,259.255,259.43,247.56,248.77,69569
2020-10-20T04:00:00Z,266.36,267.45,255.69,256.74,52453
2020-10-19T04:00:00Z,270.54,273.01,265.41,265.41,33529
2020-10-16T04:00:00Z,271.48,271.48,265.53,267.39,28389
2020-10-15T04:00:00Z,256.3,271.57,253.96,269.58,80054
2020-10-14T04:00:00Z,271,272.41,261.83,265.24,32579
2020-10-13T04:00:00Z,266.99,271.645,264.705,268.345,33032
2020-10-12T04:00:00Z,263.48,268.02,261.735,263.18,40002
2020-10-09T04:00:00Z,254.36,262.55,254.36,259.16,41417
2020-10-08T04:00:00Z,255.41,256.445,248.81,253.065,45434
2020-10-07T04:00:00Z,249.7,259.595,249.52,253.11,71811
2020-10-06T04:00:00Z,237.74,246.57,237.7,246.38,79064
2020-10-05T04:00:00Z,234.01,239.82,233.2,238.99,51134
2020-10-02T04:00:00Z,226.815,237.585,226.645,234.42,60401
2020-10-01T04:00:00Z,232.88,237.93,230.25,235.94,45786
2020-09-30T04:00:00Z,230.88,236.335,228.6,231.57,32482
2020-09-29T04:00:00Z,230.97,233.72,226.98,232.21,37945
2020-09-28T04:00:00Z,235.19,235.19,225.45,230.945,38038
2020-09-25T04:00:00Z,220.37,234.27,218.56,233.53,67717
2020-09-24T04:00:00Z,215.25,219.76,212,218.74,18901
2020-09-23T04:00:00Z,220.28,225.12,218.15,219.25,42024
2020-09-22T04:00:00Z,222.63,223.49,215.15,222.95,21904
2020-09-21T04:00:00Z,210.03,222.85,210.03,222.62,73716
2020-09-18T04:00:00Z,211.95,215.65,205.51,214.345,52952
2020-09-17T04:00:00Z,202.89,208.605,200.55,208.545,36921
2020-09-16T04:00:00Z,213.96,213.96,205.34,205.475,52122
2020-09-15T04:00:00Z,213.485,215.77,207.94,213.68,24618
2020-09-14T04:00:00Z,210.75,216.265,210.205,211.01,26294
2020-09-11T04:00:00Z,209.81,212.745,204.66,207.46,25115
2020-09-10T04:00:00Z,215.965,220,208.53,209.945,44122
2020-09-09T04:00:00Z,216.25,218.355,212.01,215.94,29742
2020-09-08T04:00:00Z,205.27,217.25,205.27,210.9,32350
2020-09-04T04:00:00Z,220.89,221.065,201.98,214.625,101783
2020-09-03T04:00:00Z,240.81,241.21,215.66,222,107410
2020-09-02T04:00:00Z,255.21,256.66,238.74,239.25,65500
2020-09-01T04:00:00Z,236.745,254.735,236.745,250.54,46673
2020-08-31T04:00:00Z,226.29,235.2,226.29,233.68,56940
2020-08-28T04:00:00Z,230.05,232.38,225.81,226.015,17534
2020-08-27T04:00:00Z,226.87,229.35,223.61,227.32,20311
2020-08-26T04:00:00Z,221.66,232.5,221.28,228.78,52279
2020-08-25T04:00:00Z,210.045,218.03,209.4,216.345,30556
2020-08-24T04:00:00Z,218.12,219.43,208.325,210.85,25897
2020-08-21T04:00:00Z,219.335,219.795,215.45,216.71,10394
2020-08-20T04:00:00Z,211.9,221.92,211.705,220.07,28981
2020-08-19T04:00:00Z,210.24,214.87,204.98,212.6,38076
2020-08-18T04:00:00Z,208.65,210.74,204.83,209.5,30044
2020-08-17T04:00:00Z,201.05,204.93,199.69,204.93,19778
2020-08-14T04:00:00Z,200.13,201.34,197.32,198.86,8991
2020-08-13T04:00:00Z,197.1,203.68,196.71,199.86,15080
2020-08-12T04:00:00Z,191.81,194.95,189.63,194.795,45607
2020-08-11T04:00:00Z,190.85,199.29,188.585,191.715,51255
2020-08-10T04:00:00Z,201.395,201.395,189.51,192.15,67049
2020-08-07T04:00:00Z,211.75,211.75,195.285,199.685,65780
2020-08-06T04:00:00Z,215.75,217.06,211.23,213.77,10927
2020-08-05T04:00:00Z,215,217.95,213.37,217.445,9281
2020-08-04T04:00:00Z,215.94,218.17,211.68,214.5,20120
2020-08-03T04:00:00Z,225.75,226.055,210.805,219.425,30325
2020-07-31T04:00:00Z,231.34,231.34,223.15,228.69,11127
2020-07-30T04:00:00Z,211.985,229.7,211.985,228.54,34230
2020-07-29T04:00:00Z,205.84,220.5,203,216.31,89455
2020-07-28T04:00:00Z,206.16,206.55,201.18,201.39,46492
2020-07-27T04:00:00Z,207.09,212.04,205.99,206.53,11446
