2024-06-14T04:00:00Z,4.895,4.895,4.78,4.86,103385
2024-06-13T04:00:00Z,4.96,4.995,4.775,4.83,117983
2024-06-12T04:00:00Z,5.175,5.235,4.84,4.84,307446
2024-06-11T04:00:00Z,4.965,4.99,4.85,4.935,154066
2024-06-10T04:00:00Z,5.175,5.195,5.025,5.035,294758
2024-06-07T04:00:00Z,5.36,5.465,5.275,5.37,125363
2024-06-06T04:00:00Z,5.595,5.595,5.5,5.575,54091
2024-06-05T04:00:00Z,5.53,5.645,5.39,5.635,117155
2024-06-04T04:00:00Z,5.485,5.545,5.455,5.515,127410
2024-06-03T04:00:00Z,5.44,5.61,5.41,5.525,471312
2024-05-31T04:00:00Z,5.17,5.36,5.08,5.355,370464
2024-05-30T04:00:00Z,5.01,5.075,4.965,4.995,190464
2024-05-29T04:00:00Z,5.01,5.03,4.91,4.97,267832
2024-05-28T04:00:00Z,5.145,5.2,5.04,5.115,216843
2024-05-24T04:00:00Z,5.15,5.16,5.01,5.05,198263
2024-05-23T04:00:00Z,4.94,5.43,4.83,5.035,322732
2024-05-22T04:00:00Z,4.95,5.02,4.905,4.94,258834
2024-05-21T04:00:00Z,5.19,5.275,5,5.005,300101
2024-05-20T04:00:00Z,5.02,5.28,4.99,5.225,370776
2024-05-17T04:00:00Z,5.095,5.2,4.985,5.01,426528
2024-05-16T04:00:00Z,5.34,5.355,4.95,5.13,508775
2024-05-15T04:00:00Z,5.915,5.915,5.27,5.425,918784
2024-05-14T04:00:00Z,6.21,6.53,5.77,5.845,1956822
2024-05-13T04:00:00Z,4.83,6.3,4.82,5.575,2786054
2024-05-10T04:00:00Z,4.78,4.845,4.665,4.785,466130
2024-05-09T04:00:00Z,4.43,4.745,4.3,4.7,329246
2024-05-08T04:00:00Z,4.21,4.465,4.175,4.465,677694
2024-05-07T04:00:00Z,4.49,4.49,4.205,4.275,412143
2024-05-06T04:00:00Z,4.57,4.775,4.315,4.5,1218205
2024-05-03T04:00:00Z,4.97,5.17,4.865,4.875,419188
2024-05-02T04:00:00Z,4.74,4.89,4.71,4.84,306689
2024-05-01T04:00:00Z,4.63,4.825,4.595,4.63,128373
2024-04-30T04:00:00Z,4.73,4.82,4.61,4.61,197190
2024-04-29T04:00:00Z,4.625,4.78,4.625,4.78,288384
2024-04-26T04:00:00Z,4.61,4.715,4.52,4.52,207983
2024-04-25T04:00:00Z,4.48,4.59,4.395,4.565,229902
2024-04-24T04:00:00Z,4.645,4.68,4.55,4.565,379359
2024-04-23T04:00:00Z,4.54,4.77,4.54,4.635,262012
2024-04-22T04:00:00Z,4.435,4.545,4.38,4.51,145081
2024-04-19T04:00:00Z,4.805,4.83,4.42,4.43,644713
2024-04-18T04:00:00Z,4.8,5.01,4.69,5,421957
2024-04-17T04:00:00Z,4.685,4.855,4.655,4.77,289693
2024-04-16T04:00:00Z,4.655,4.785,4.59,4.625,321821
2024-04-15T04:00:00Z,4.79,5.295,4.57,4.74,1895153
2024-04-12T04:00:00Z,4.09,4.135,3.945,3.99,116626
2024-04-11T04:00:00Z,4.115,4.115,3.975,4.08,130556
2024-04-10T04:00:00Z,4.02,4.13,3.95,4.125,320704
2024-04-09T04:00:00Z,4.09,4.285,4.09,4.285,149022
2024-04-08T04:00:00Z,4.13,4.145,4.045,4.09,244683
2024-04-05T04:00:00Z,4.135,4.175,4.04,4.06,320994
2024-04-04T04:00:00Z,4.365,4.43,4.235,4.235,308436
2024-04-03T04:00:00Z,4.24,4.3,4.16,4.26,280025
2024-04-02T04:00:00Z,4.41,4.465,4.29,4.31,339918
2024-04-01T04:00:00Z,4.665,4.685,4.455,4.51,425204
2024-03-28T04:00:00Z,4.725,4.83,4.64,4.7,646077
2024-03-27T04:00:00Z,4.03,4.785,4.03,4.72,963708
2024-03-26T04:00:00Z,4,4.07,3.94,3.975,195631
2024-03-25T04:00:00Z,4.17,4.205,3.96,3.97,218952
2024-03-22T04:00:00Z,4.285,4.325,4.07,4.1,460098
2024-03-21T04:00:00Z,4.27,4.385,4.18,4.265,251803
2024-03-20T04:00:00Z,4.34,4.43,4.2,4.25,419548
2024-03-19T04:00:00Z,4.24,4.455,4.24,4.4,338236
2024-03-18T04:00:00Z,4.3,4.375,4.275,4.305,400330
2024-03-15T04:00:00Z,4.155,4.435,4.155,4.41,444749
2024-03-14T04:00:00Z,4.39,4.43,4.17,4.2,287033
2024-03-13T04:00:00Z,4.26,4.5,4.25,4.43,448468
2024-03-12T04:00:00Z,4.185,4.315,4.17,4.26,413062
2024-03-11T04:00:00Z,4.155,4.32,4.155,4.19,471095
2024-03-08T05:00:00Z,4.525,4.56,4.175,4.18,288468
2024-03-07T05:00:00Z,4.565,4.685,4.4,4.435,398316
2024-03-06T05:00:00Z,4.515,4.685,4.48,4.5,501067
2024-03-05T05:00:00Z,4.34,4.495,4.26,4.44,369105
2024-03-04T05:00:00Z,4.43,4.485,4.24,4.39,400203
2024-03-01T05:00:00Z,4.28,4.56,4.235,4.375,783991
2024-02-29T05:00:00Z,4.26,4.36,4.165,4.2,805716
2024-02-28T05:00:00Z,4.125,4.24,4.125,4.17,232391
2024-02-27T05:00:00Z,3.99,4.24,3.99,4.17,954482
2024-02-26T05:00:00Z,3.8,3.98,3.765,3.84,367650
2024-02-23T05:00:00Z,3.685,3.865,3.6,3.84,275030
2024-02-22T05:00:00Z,3.78,3.81,3.67,3.69,398212
2024-02-21T05:00:00Z,3.51,3.935,3.455,3.8,741102
2024-02-20T05:00:00Z,3.555,3.685,3.51,3.61,636151
2024-02-16T05:00:00Z,3.78,3.9,3.56,3.565,599005
2024-02-15T05:00:00Z,3.76,3.96,3.75,3.855,312636
2024-02-14T05:00:00Z,3.565,3.75,3.565,3.71,290300
2024-02-13T05:00:00Z,3.4,3.545,3.35,3.515,658530
2024-02-12T05:00:00Z,3.45,3.7,3.42,3.635,441111
2024-02-09T05:00:00Z,3.265,3.415,3.235,3.395,591943
2024-02-08T05:00:00Z,3.25,3.37,3.22,3.28,464577
2024-02-07T05:00:00Z,3.2,3.3,3.16,3.265,332810
2024-02-06T05:00:00Z,3.155,3.28,3.145,3.22,292338
2024-02-05T05:00:00Z,3.185,3.26,3.13,3.17,545040
2024-02-02T05:00:00Z,3.155,3.335,3.09,3.295,848529
2024-02-01T05:00:00Z,3.12,3.275,3.085,3.27,492387
2024-01-31T05:00:00Z,3.165,3.24,3.085,3.1,435203
2024-01-30T05:00:00Z,3.09,3.22,3.09,3.16,998770
2024-01-29T05:00:00Z,3.21,3.275,3.125,3.235,999922
2024-01-26T05:00:00Z,3.39,3.415,3.25,3.28,696908
2024-01-25T05:00:00Z,3.325,3.42,3.235,3.42,244507
2024-01-24T05:00:00Z,3.44,3.44,3.23,3.275,396859
2024-01-23T05:00:00Z,3.335,3.37,3.21,3.3,268502
2024-01-22T05:00:00Z,3.045,3.27,3.045,3.24,709754
2024-01-19T05:00:00Z,3.075,3.095,2.92,3.07,406434
2024-01-18T05:00:00Z,3.09,3.14,2.99,3.075,626559
2024-01-17T05:00:00Z,3.195,3.26,2.925,3.065,1737826
2024-01-16T05:00:00Z,3.385,3.41,3.21,3.245,1079300
2024-01-12T05:00:00Z,3.585,3.645,3.42,3.43,575200
2024-01-11T05:00:00Z,3.595,3.67,3.485,3.53,606074
2024-01-10T05:00:00Z,3.63,3.645,3.46,3.635,565494
2024-01-09T05:00:00Z,3.42,3.67,3.315,3.665,747510
2024-01-08T05:00:00Z,3.475,3.64,3.38,3.38,1756360
2024-01-05T05:00:00Z,3.88,4,3.41,3.55,3790410
2024-01-04T05:00:00Z,4.845,5.115,4.845,4.995,694025
2024-01-03T05:00:00Z,4.99,4.995,4.83,4.905,225401
2024-01-02T05:00:00Z,4.91,5.15,4.88,5.075,293739
2023-12-29T05:00:00Z,4.995,5.02,4.905,4.91,337967
2023-12-28T05:00:00Z,4.94,5.08,4.92,5.08,177042
2023-12-27T05:00:00Z,4.895,4.99,4.86,4.895,144636
2023-12-26T05:00:00Z,4.885,4.965,4.84,4.91,118244
2023-12-22T05:00:00Z,4.965,5.05,4.86,4.93,508109
2023-12-21T05:00:00Z,4.96,5.015,4.805,4.945,611654
2023-12-20T05:00:00Z,5.01,5.115,4.85,4.85,184342
2023-12-19T05:00:00Z,5,5.075,4.945,5.06,129243
2023-12-18T05:00:00Z,5.03,5.14,4.93,4.94,214632
2023-12-15T05:00:00Z,5.49,5.52,5.015,5.04,302640
2023-12-14T05:00:00Z,5.25,5.76,5.25,5.475,1468655
2023-12-13T05:00:00Z,4.605,5.06,4.48,4.99,487860
2023-12-12T05:00:00Z,4.7,4.735,4.615,4.63,246714
2023-12-11T05:00:00Z,4.615,4.795,4.585,4.785,181417
2023-12-08T05:00:00Z,4.68,4.79,4.64,4.67,228594
2023-12-07T05:00:00Z,4.64,4.86,4.64,4.78,385882
2023-12-06T05:00:00Z,5.025,5.185,4.58,4.595,679171
2023-12-05T05:00:00Z,5.32,5.32,5.015,5.115,295214
2023-12-04T05:00:00Z,5.18,5.405,5.18,5.34,232243
2023-12-01T05:00:00Z,4.84,5.21,4.84,5.21,899938
2023-11-30T05:00:00Z,4.88,4.94,4.78,4.855,421560
2023-11-29T05:00:00Z,4.84,5.085,4.835,4.885,280561
2023-11-28T05:00:00Z,4.75,4.8,4.68,4.755,247664
2023-11-27T05:00:00Z,4.63,4.815,4.58,4.81,236917
2023-11-24T05:00:00Z,4.565,4.69,4.52,4.66,78524
2023-11-22T05:00:00Z,4.56,4.605,4.49,4.55,166047
2023-11-21T05:00:00Z,4.705,4.705,4.535,4.54,438163
2023-11-20T05:00:00Z,4.53,4.85,4.52,4.84,191245
2023-11-17T05:00:00Z,4.64,4.685,4.53,4.61,237747
2023-11-16T05:00:00Z,4.725,4.725,4.5,4.595,209767
2023-11-15T05:00:00Z,4.705,4.88,4.7,4.74,331624
2023-11-14T05:00:00Z,4.41,4.735,4.37,4.68,551675
2023-11-13T05:00:00Z,4.2,4.23,4.06,4.075,302630
2023-11-10T05:00:00Z,4.525,4.525,4.1,4.245,1332081
2023-11-09T05:00:00Z,4.84,4.865,4.605,4.655,261363
2023-11-08T05:00:00Z,4.945,4.99,4.79,4.805,473504
2023-11-07T05:00:00Z,5.075,5.135,4.915,4.96,174230
2023-11-06T05:00:00Z,5.39,5.4,5.035,5.045,255201
2023-11-03T04:00:00Z,5.405,5.535,5.375,5.455,654109
2023-11-02T04:00:00Z,4.885,5.23,4.875,5.21,625626
2023-11-01T04:00:00Z,4.755,4.825,4.525,4.66,470079
2023-10-31T04:00:00Z,4.905,4.97,4.74,4.78,200925
2023-10-30T04:00:00Z,5.005,5.06,4.78,4.825,484276
2023-10-27T04:00:00Z,5.135,5.16,4.8,4.9,447839
2023-10-26T04:00:00Z,4.75,5.225,4.75,5.16,730347
2023-10-25T04:00:00Z,4.77,4.775,4.44,4.465,359283
2023-10-24T04:00:00Z,4.68,4.765,4.66,4.705,431182
2023-10-23T04:00:00Z,4.565,4.74,4.475,4.6,478675
2023-10-20T04:00:00Z,4.61,4.75,4.575,4.7,392890
2023-10-19T04:00:00Z,4.685,4.82,4.615,4.63,271382
2023-10-18T04:00:00Z,4.95,4.99,4.735,4.755,443332
2023-10-17T04:00:00Z,4.955,5.155,4.955,5.07,312690
2023-10-16T04:00:00Z,4.895,5.01,4.675,4.995,644390
2023-10-13T04:00:00Z,5.31,5.31,4.955,4.965,240838
2023-10-12T04:00:00Z,5.45,5.47,5.19,5.275,307042
2023-10-11T04:00:00Z,5.44,5.54,5.4,5.5,173329
2023-10-10T04:00:00Z,5.195,5.41,5.12,5.355,339075
2023-10-09T04:00:00Z,5.035,5.165,5.035,5.125,262660
2023-10-06T04:00:00Z,5.175,5.215,5.035,5.095,159132
2023-10-05T04:00:00Z,5.26,5.335,5.2,5.31,266557
2023-10-04T04:00:00Z,4.975,5.275,4.93,5.255,375754
2023-10-03T04:00:00Z,5.14,5.2,4.925,4.95,346999
2023-10-02T04:00:00Z,5.415,5.455,5.16,5.23,255502
2023-09-29T04:00:00Z,5.255,5.53,5.22,5.455,375168
2023-09-28T04:00:00Z,5.06,5.28,5.055,5.23,448374
2023-09-27T04:00:00Z,5.04,5.145,4.98,5.03,343194
2023-09-26T04:00:00Z,5.165,5.225,4.99,5.05,226071
2023-09-25T04:00:00Z,5.265,5.35,5.135,5.285,262482
2023-09-22T04:00:00Z,5.365,5.43,5.2,5.345,568469
2023-09-21T04:00:00Z,5.675,5.7,5.3,5.31,533195
2023-09-20T04:00:00Z,6.08,6.09,5.79,5.79,323784
2023-09-19T04:00:00Z,6.04,6.16,6,6.02,221381
2023-09-18T04:00:00Z,6.3,6.3,6.1,6.105,209296
2023-09-15T04:00:00Z,6.495,6.495,6.24,6.38,363254
2023-09-14T04:00:00Z,6.545,6.635,6.475,6.58,212257
2023-09-13T04:00:00Z,6.345,6.48,6.315,6.43,170168
2023-09-12T04:00:00Z,6.42,6.615,6.385,6.575,257720
2023-09-11T04:00:00Z,6.67,6.68,6.48,6.495,163519
2023-09-08T04:00:00Z,6.7,6.715,6.57,6.63,215365
2023-09-07T04:00:00Z,6.93,6.93,6.73,6.73,279220
2023-09-06T04:00:00Z,7.11,7.175,6.935,7.005,327439
2023-09-05T04:00:00Z,7.235,7.29,7.125,7.14,154100
2023-09-01T04:00:00Z,7.24,7.38,7.24,7.3,131287
2023-08-31T04:00:00Z,7.185,7.32,7.145,7.22,285402
2023-08-30T04:00:00Z,7.265,7.38,7.18,7.345,114473
2023-08-29T04:00:00Z,7.08,7.29,7,7.28,145167
2023-08-28T04:00:00Z,7.12,7.205,7.075,7.085,175934
2023-08-25T04:00:00Z,7.12,7.145,6.935,7.015,118694
2023-08-24T04:00:00Z,7.04,7.24,6.96,7.095,131217
2023-08-23T04:00:00Z,6.79,7.065,6.705,7.045,191991
2023-08-22T04:00:00Z,7.04,7.05,6.615,6.77,775717
2023-08-21T04:00:00Z,6.96,7.065,6.725,7,564027
2023-08-18T04:00:00Z,7.535,7.64,6.385,6.94,1784777
2023-08-17T04:00:00Z,7.35,7.61,7.29,7.495,236935
2023-08-16T04:00:00Z,7.55,7.625,7.36,7.395,265618
2023-08-15T04:00:00Z,7.655,7.73,7.56,7.595,286793
2023-08-14T04:00:00Z,7.865,7.92,7.745,7.815,254266
2023-08-11T04:00:00Z,7.695,8.095,7.455,8.09,991462
2023-08-10T04:00:00Z,8.485,8.6,8.08,8.13,418709
2023-08-09T04:00:00Z,8.64,8.93,8.49,8.5,688360
2023-08-08T04:00:00Z,9.45,9.48,8.52,8.675,1116895
2023-08-07T04:00:00Z,9.925,10.12,9.905,10.085,340725
2023-08-04T04:00:00Z,9.845,10.085,9.815,9.945,141189
2023-08-03T04:00:00Z,9.8,9.86,9.51,9.86,130500
2023-08-02T04:00:00Z,9.79,9.935,9.7,9.855,172445
2023-08-01T04:00:00Z,9.985,10.065,9.76,9.92,172022
2023-07-31T04:00:00Z,10.08,10.16,9.91,10.09,97338
2023-07-28T04:00:00Z,10.4,10.43,10.015,10.05,225057
2023-07-27T04:00:00Z,10.715,10.73,10.21,10.245,214166
2023-07-26T04:00:00Z,10.44,10.63,10.44,10.63,186434
2023-07-25T04:00:00Z,10.46,10.51,10.29,10.405,358547
2023-07-24T04:00:00Z,10.33,10.55,10.305,10.44,211359
2023-07-21T04:00:00Z,10.28,10.405,10.135,10.335,255531
2023-07-20T04:00:00Z,10.37,10.425,10.26,10.26,330179
2023-07-19T04:00:00Z,10.07,10.43,10.07,10.425,180384
2023-07-18T04:00:00Z,9.88,10,9.865,9.945,371660
2023-07-17T04:00:00Z,9.77,9.935,9.77,9.845,98853
2023-07-14T04:00:00Z,9.81,9.905,9.7,9.84,261966
2023-07-13T04:00:00Z,9.905,9.98,9.815,9.895,190679
2023-07-12T04:00:00Z,9.92,9.92,9.77,9.8,191339
2023-07-11T04:00:00Z,9.54,9.725,9.405,9.695,257261
2023-07-10T04:00:00Z,9.2,9.405,9.1,9.38,232436
2023-07-07T04:00:00Z,9.18,9.38,9.1,9.26,225144
2023-07-06T04:00:00Z,9.26,9.26,8.99,9.15,338658
2023-07-05T04:00:00Z,9.44,9.72,9.35,9.51,189931
2023-07-03T04:00:00Z,9.32,9.55,9.32,9.535,131890
2023-06-30T04:00:00Z,9.3,9.41,9.175,9.255,303497
2023-06-29T04:00:00Z,9.12,9.28,9.115,9.27,156971
2023-06-28T04:00:00Z,9.16,9.19,9.06,9.185,148244
2023-06-27T04:00:00Z,8.96,9.32,8.895,9.235,266914
2023-06-26T04:00:00Z,8.665,8.99,8.665,8.975,165849
2023-06-23T04:00:00Z,8.74,8.79,8.66,8.685,485457
2023-06-22T04:00:00Z,8.945,8.945,8.645,8.82,198087
2023-06-21T04:00:00Z,8.99,9.04,8.9,8.935,251216
2023-06-20T04:00:00Z,9.1,9.12,8.995,9.115,196974
2023-06-16T04:00:00Z,9.09,9.23,9.03,9.185,431261
2023-06-15T04:00:00Z,8.985,9.12,8.83,9.12,236516
2023-06-14T04:00:00Z,9.08,9.27,8.825,9.09,649903
2023-06-13T04:00:00Z,9.195,9.41,9.19,9.295,636638
2023-06-12T04:00:00Z,9.19,9.335,9.1,9.215,450926
2023-06-09T04:00:00Z,9.34,9.395,9.16,9.195,384766
2023-06-08T04:00:00Z,9.265,9.36,9.05,9.345,226666
2023-06-07T04:00:00Z,9.15,9.33,9.025,9.295,718733
2023-06-06T04:00:00Z,8.51,9.025,8.465,8.99,322100
2023-06-05T04:00:00Z,8.265,8.55,8.24,8.51,293735
2023-06-02T04:00:00Z,8.355,8.52,8.23,8.245,377376
2023-06-01T04:00:00Z,8.24,8.3,7.95,8.175,536683
2023-05-31T04:00:00Z,8.03,8.32,8.01,8.25,948057
2023-05-30T04:00:00Z,7.985,8.175,7.86,8.15,396790
2023-05-26T04:00:00Z,7.7,7.935,7.62,7.915,500170
2023-05-25T04:00:00Z,7.785,7.8,7.56,7.69,480448
2023-05-24T04:00:00Z,8.06,8.31,7.775,7.88,537586
2023-05-23T04:00:00Z,7.89,8.16,7.89,7.895,773652
2023-05-22T04:00:00Z,7.755,7.85,7.65,7.815,240962
2023-05-19T04:00:00Z,7.87,7.87,7.51,7.685,615449
2023-05-18T04:00:00Z,7.565,7.79,7.52,7.775,411482
2023-05-17T04:00:00Z,7.245,7.63,7.24,7.63,295443
2023-05-16T04:00:00Z,7.315,7.4,7.215,7.26,459236
2023-05-15T04:00:00Z,7.675,7.685,7.33,7.395,530616
2023-05-12T04:00:00Z,8.38,8.38,7.485,7.63,926723
2023-05-11T04:00:00Z,8.31,8.475,8.295,8.42,181771
2023-05-10T04:00:00Z,8.475,8.505,8.325,8.43,119721
2023-05-09T04:00:00Z,8.45,8.475,8.27,8.405,472484
2023-05-08T04:00:00Z,8.53,8.63,8.495,8.575,222898
2023-05-05T04:00:00Z,8.61,8.7,8.38,8.605,427816
2023-05-04T04:00:00Z,8.13,8.48,8.03,8.41,715719
2023-05-03T04:00:00Z,8.37,8.5,8.205,8.28,470189
2023-05-02T04:00:00Z,8.51,8.53,8.135,8.325,437487
2023-05-01T04:00:00Z,8.74,8.74,8.515,8.585,352236
2023-04-28T04:00:00Z,8.575,8.95,8.45,8.76,521216
2023-04-27T04:00:00Z,8.01,8.705,7.95,8.53,587707
2023-04-26T04:00:00Z,8.065,8.135,7.9,7.925,340343
2023-04-25T04:00:00Z,8.07,8.07,7.93,8.05,420562
2023-04-24T04:00:00Z,8.285,8.32,8.04,8.155,388083
2023-04-21T04:00:00Z,8.195,8.335,8.14,8.315,178399
2023-04-20T04:00:00Z,8.28,8.395,8.165,8.235,225946
2023-04-19T04:00:00Z,8.23,8.515,8.21,8.48,153889
2023-04-18T04:00:00Z,8.47,8.48,8.29,8.365,129963
2023-04-17T04:00:00Z,8.3,8.555,8.28,8.535,149796
2023-04-14T04:00:00Z,8.63,8.66,8.185,8.285,699985
2023-04-13T04:00:00Z,8.69,8.725,8.4,8.515,532938
2023-04-12T04:00:00Z,8.89,9.02,8.59,8.595,362944
2023-04-11T04:00:00Z,8.455,8.92,8.435,8.74,493183
2023-04-10T04:00:00Z,8.085,8.38,8.03,8.365,189930
2023-04-06T04:00:00Z,8.14,8.195,8.025,8.085,174965
2023-04-05T04:00:00Z,8.02,8.16,8.015,8.1,181313
2023-04-04T04:00:00Z,8.25,8.26,7.98,8.12,187930
2023-04-03T04:00:00Z,8.35,8.5,8.15,8.16,353417
2023-03-31T04:00:00Z,8.06,8.24,7.91,8.235,346201
2023-03-30T04:00:00Z,7.855,8.47,7.73,8.05,633242
2023-03-29T04:00:00Z,7.81,7.99,7.64,7.69,547634
2023-03-28T04:00:00Z,7.38,7.5,7.335,7.415,251114
2023-03-27T04:00:00Z,7.61,7.655,7.46,7.46,308071
2023-03-24T04:00:00Z,7.17,7.54,7.115,7.53,458287
2023-03-23T04:00:00Z,7.4,7.58,7.195,7.27,552012
2023-03-22T04:00:00Z,7.85,7.85,7.38,7.39,559826
2023-03-21T04:00:00Z,8.01,8.085,7.81,7.895,510659
2023-03-20T04:00:00Z,7.8,8.06,7.79,7.885,523747
2023-03-17T04:00:00Z,7.98,8.095,7.68,7.72,573157
2023-03-16T04:00:00Z,7.88,8.04,7.6,8.02,1424669
2023-03-15T04:00:00Z,8.08,8.195,7.86,8.16,1608211
2023-03-14T04:00:00Z,8.955,9.055,8.45,8.51,583637
2023-03-13T04:00:00Z,8.69,8.805,8.37,8.695,835561
2023-03-10T05:00:00Z,9.5,9.56,8.66,8.795,776911
2023-03-09T05:00:00Z,9.97,9.98,9.515,9.59,873043
2023-03-08T05:00:00Z,10.02,10.22,10.015,10.08,206342
2023-03-07T05:00:00Z,10.53,10.53,10.06,10.065,341656
2023-03-06T05:00:00Z,10.62,10.695,10.44,10.515,235919
2023-03-03T05:00:00Z,10.525,10.68,10.42,10.535,347084
2023-03-02T05:00:00Z,10.015,10.735,10.015,10.49,506355
2023-03-01T05:00:00Z,10.34,10.34,9.875,10.075,1307169
2023-02-28T05:00:00Z,10.375,10.47,10.275,10.3,373255
2023-02-27T05:00:00Z,10.65,10.81,10.31,10.35,608932
2023-02-24T05:00:00Z,10.98,10.99,10.555,10.56,526763
2023-02-23T05:00:00Z,12.12,12.17,11.025,11.135,774684
2023-02-22T05:00:00Z,12.49,12.575,12.145,12.215,416783
2023-02-21T05:00:00Z,12.955,13,12.505,12.55,325790
2023-02-17T05:00:00Z,12.84,13.02,12.71,12.955,530482
2023-02-16T05:00:00Z,13.05,13.085,12.735,12.82,633506
2023-02-15T05:00:00Z,11.99,13.14,11.97,13.13,947357
2023-02-14T05:00:00Z,12.22,12.22,11.985,12.1,720208
2023-02-13T05:00:00Z,12.115,12.295,11.995,12.295,184661
2023-02-10T05:00:00Z,11.88,12.125,11.82,12.085,464909
2023-02-09T05:00:00Z,12.43,12.45,11.825,11.845,387601
2023-02-08T05:00:00Z,12.35,12.58,12.3,12.33,212743
2023-02-07T05:00:00Z,12.39,12.63,12.175,12.33,350365
2023-02-06T05:00:00Z,12.66,12.67,12.3,12.49,304500
2023-02-03T05:00:00Z,12.72,12.89,12.595,12.78,332093
2023-02-02T05:00:00Z,13.21,13.69,12.885,12.9,482552
2023-02-01T05:00:00Z,12.965,13.055,12.515,12.93,308734
2023-01-31T05:00:00Z,12.815,12.95,12.67,12.945,429889
2023-01-30T05:00:00Z,12.89,13.1,12.7,12.76,337671
2023-01-27T05:00:00Z,12.52,13.1,12.355,13.05,493982
2023-01-26T05:00:00Z,12.415,12.755,12.015,12.59,767060
2023-01-25T05:00:00Z,12.98,13.035,12.335,12.395,1123748
2023-01-24T05:00:00Z,13.87,13.87,13.195,13.215,326339
2023-01-23T05:00:00Z,13.695,13.895,13.62,13.77,247060
2023-01-20T05:00:00Z,13.38,13.73,13.21,13.73,272943
2023-01-19T05:00:00Z,13.33,13.44,13.175,13.345,224232
2023-01-18T05:00:00Z,13.64,13.76,13.435,13.495,346664
2023-01-17T05:00:00Z,13.115,13.71,13.02,13.59,446296
2023-01-13T05:00:00Z,12.81,13.02,12.77,12.82,250428
2023-01-12T05:00:00Z,13.11,13.11,12.715,12.995,363310
2023-01-11T05:00:00Z,12.62,12.995,12.62,12.92,304070
2023-01-10T05:00:00Z,12.37,12.495,12.175,12.495,252327
2023-01-09T05:00:00Z,12.37,12.59,12.215,12.37,258809
2023-01-06T05:00:00Z,12.02,12.42,11.98,12.36,165495
2023-01-05T05:00:00Z,11.955,12.045,11.75,11.99,260036
2023-01-04T05:00:00Z,11.65,12.215,11.57,12.08,535587
2023-01-03T05:00:00Z,11.45,11.6,11.2,11.53,348588
2022-12-30T05:00:00Z,11.135,11.26,11.01,11.13,316171
2022-12-29T05:00:00Z,11.155,11.31,11.025,11.22,200776
2022-12-28T05:00:00Z,11.385,11.385,10.91,11.04,511099
2022-12-27T05:00:00Z,11.12,11.32,10.96,11.32,280197
2022-12-23T05:00:00Z,11.69,11.745,10.94,11.145,560352
2022-12-22T05:00:00Z,10.65,12.01,10.215,11.7,1191722
2022-12-21T05:00:00Z,10.87,11.03,10.75,10.76,418468
2022-12-20T05:00:00Z,10.8,11.15,10.74,10.87,394589
2022-12-19T05:00:00Z,11.37,11.45,10.85,10.925,442667
2022-12-16T05:00:00Z,11.46,11.615,11.3,11.38,621232
2022-12-15T05:00:00Z,11.8,11.8,11.28,11.625,433040
2022-12-14T05:00:00Z,11.93,12.125,11.775,11.875,532652
2022-12-13T05:00:00Z,12.33,12.55,11.69,11.84,470803
2022-12-12T05:00:00Z,11.78,11.86,11.535,11.86,457197
2022-12-09T05:00:00Z,11.88,12.12,11.78,11.8,239809
2022-12-08T05:00:00Z,12.02,12.34,11.95,12.005,369188
2022-12-07T05:00:00Z,12.14,12.14,11.76,11.87,433984
2022-12-06T05:00:00Z,12.75,12.765,12.36,12.53,374912
2022-12-05T05:00:00Z,12.975,12.985,12.72,12.72,298960
2022-12-02T05:00:00Z,12.9,13.14,12.745,13.015,236186
2022-12-01T05:00:00Z,13.23,13.315,12.795,12.955,220300
2022-11-30T05:00:00Z,12.85,13.13,12.55,13.12,437832
2022-11-29T05:00:00Z,12.69,13.03,12.69,12.985,361733
2022-11-28T05:00:00Z,13.04,13.2,12.63,12.645,411612
2022-11-25T05:00:00Z,12.93,13.075,12.88,13.065,118125
2022-11-23T05:00:00Z,12.7,12.9,12.625,12.77,123703
2022-11-22T05:00:00Z,12.58,12.74,12.555,12.73,247470
2022-11-21T05:00:00Z,12.41,12.57,12.225,12.54,300472
2022-11-18T05:00:00Z,12.47,12.5,12.14,12.365,142114
2022-11-17T05:00:00Z,12.17,12.3,12.035,12.3,125222
2022-11-16T05:00:00Z,12.5,12.525,12.15,12.295,291214
2022-11-15T05:00:00Z,12.86,12.86,12.42,12.61,207330
2022-11-14T05:00:00Z,12.81,12.835,12.45,12.475,240184
2022-11-11T05:00:00Z,12.2,12.71,12.12,12.545,365740
2022-11-10T05:00:00Z,11.7,12.125,11.67,12.085,243174
2022-11-09T05:00:00Z,11.46,11.645,11.185,11.26,218296
2022-11-08T05:00:00Z,11.38,11.685,11.25,11.57,327384
2022-11-07T05:00:00Z,11.4,11.47,10.985,11.33,259252
2022-11-04T04:00:00Z,11.29,11.39,10.965,11.27,367369
2022-11-03T04:00:00Z,10.915,11.21,10.84,11.09,376989
2022-11-02T04:00:00Z,11.44,11.45,10.97,11,624487
2022-11-01T04:00:00Z,11.53,11.655,11.4,11.53,237799
2022-10-31T04:00:00Z,11.55,11.65,11.455,11.455,306660
2022-10-28T04:00:00Z,11.64,11.79,11.28,11.58,696531
2022-10-27T04:00:00Z,10.97,11.705,10.84,11.705,1270945
2022-10-26T04:00:00Z,10.795,11.055,10.645,10.845,655308
2022-10-25T04:00:00Z,10.425,10.9,10.42,10.83,458386
2022-10-24T04:00:00Z,10.32,10.62,10.24,10.39,436226
2022-10-21T04:00:00Z,10.825,10.825,9.9,10.22,759534
2022-10-20T04:00:00Z,11.035,11.15,10.925,10.975,207726
2022-10-19T04:00:00Z,10.865,11.06,10.835,11.005,162229
2022-10-18T04:00:00Z,11.33,11.4,11.015,11.08,334105
2022-10-17T04:00:00Z,11.16,11.315,11.015,11.16,348651
2022-10-14T04:00:00Z,11.18,11.345,10.845,10.88,494812
2022-10-13T04:00:00Z,10.8,11.18,10.47,11.065,411642
2022-10-12T04:00:00Z,10.98,11.065,10.74,10.94,381149
2022-10-11T04:00:00Z,10.48,11.03,10.31,10.97,760220
2022-10-10T04:00:00Z,10.41,10.645,10.205,10.4,452640
2022-10-07T04:00:00Z,10.55,10.56,10.005,10.16,1340490
2022-10-06T04:00:00Z,11.44,11.595,10.68,10.695,724828
2022-10-05T04:00:00Z,11.64,11.72,11.175,11.41,475276
2022-10-04T04:00:00Z,11.685,12.225,11.685,11.995,514388
2022-10-03T04:00:00Z,11.9,11.96,11.3,11.535,532282
2022-09-30T04:00:00Z,11.62,12.08,11.535,11.88,707980
2022-09-29T04:00:00Z,11.875,11.895,11.35,11.44,601064
2022-09-28T04:00:00Z,12.055,12.155,11.785,12.04,470392
2022-09-27T04:00:00Z,12.17,12.235,11.79,11.92,415595
2022-09-26T04:00:00Z,12.38,12.38,11.91,12.02,426728
2022-09-23T04:00:00Z,12.72,12.73,12.2,12.48,590418
2022-09-22T04:00:00Z,12.94,13.035,12.68,12.895,368593
2022-09-21T04:00:00Z,13.34,13.525,12.98,12.98,307497
2022-09-20T04:00:00Z,13.33,13.37,13.07,13.15,256170
2022-09-19T04:00:00Z,13.58,13.6,13.385,13.505,286506
2022-09-16T04:00:00Z,13.6,13.815,13.3,13.79,226717
2022-09-15T04:00:00Z,13.82,14.035,13.56,13.69,357997
2022-09-14T04:00:00Z,13.995,14,13.65,13.75,494868
2022-09-13T04:00:00Z,14.72,14.74,14.235,14.295,299403
2022-09-12T04:00:00Z,15.025,15.16,14.985,15.025,192745
2022-09-09T04:00:00Z,14.79,14.9,14.69,14.87,121992
2022-09-08T04:00:00Z,14.475,14.815,14.385,14.695,209141
2022-09-07T04:00:00Z,14.16,14.515,14.08,14.5,350547
2022-09-06T04:00:00Z,14.39,14.4,14.14,14.17,160256
2022-09-02T04:00:00Z,14.69,14.705,14.3,14.32,190309
2022-09-01T04:00:00Z,14.55,14.605,14.305,14.53,326499
2022-08-31T04:00:00Z,14.575,14.66,14.385,14.615,332034
2022-08-30T04:00:00Z,14.93,14.93,14.36,14.42,655165
2022-08-29T04:00:00Z,14.9,15.1,14.775,14.85,243057
2022-08-26T04:00:00Z,15.4,15.465,14.98,14.98,263984
2022-08-25T04:00:00Z,15.3,15.44,15.21,15.435,93544
2022-08-24T04:00:00Z,15.035,15.315,14.935,15.215,791428
2022-08-23T04:00:00Z,15.64,15.67,15.02,15.05,803534
2022-08-22T04:00:00Z,15.86,15.93,15.575,15.59,175330
2022-08-19T04:00:00Z,16.01,16.045,15.845,15.95,152162
2022-08-18T04:00:00Z,16.49,16.645,15.98,16.035,178383
2022-08-17T04:00:00Z,16.46,16.59,16.37,16.5,129641
2022-08-16T04:00:00Z,16.635,16.72,16.475,16.63,222875
2022-08-15T04:00:00Z,16.73,16.805,16.635,16.66,205159
2022-08-12T04:00:00Z,16.5,16.72,16.495,16.71,114118
2022-08-11T04:00:00Z,16.3,16.585,16.26,16.32,110823
2022-08-10T04:00:00Z,16.38,16.38,16.155,16.205,178518
2022-08-09T04:00:00Z,16.1,16.225,15.985,16.215,151991
2022-08-08T04:00:00Z,16.04,16.26,16.02,16.19,176544
2022-08-05T04:00:00Z,15.98,16.29,15.68,15.88,273122
2022-08-04T04:00:00Z,16.2,16.27,15.935,16.015,724945
2022-08-03T04:00:00Z,16.48,17.07,15.855,16.07,1123114
2022-08-02T04:00:00Z,17.175,17.35,16.805,16.84,531033
2022-08-01T04:00:00Z,17.19,17.28,17.055,17.205,202173
2022-07-29T04:00:00Z,16.89,17.31,16.89,17.24,180692
2022-07-28T04:00:00Z,16.755,16.965,16.41,16.935,373261
2022-07-27T04:00:00Z,16.71,16.835,16.64,16.8,141061
2022-07-26T04:00:00Z,16.82,16.875,16.625,16.695,122573
2022-07-25T04:00:00Z,16.53,16.855,16.45,16.79,114244
2022-07-22T04:00:00Z,16.37,16.625,16.37,16.55,554295
2022-07-21T04:00:00Z,16.085,16.245,15.845,16.24,222121
2022-07-20T04:00:00Z,16.195,16.34,16.03,16.13,143931
2022-07-19T04:00:00Z,15.96,16.205,15.84,16.165,170818
2022-07-18T04:00:00Z,15.905,16.015,15.715,15.825,153408
2022-07-15T04:00:00Z,15.91,16.07,15.59,15.77,271761
2022-07-14T04:00:00Z,15.35,15.595,15.25,15.55,160085
2022-07-13T04:00:00Z,15.62,15.82,15.52,15.67,86565
2022-07-12T04:00:00Z,15.42,15.945,15.42,15.8,213270
2022-07-11T04:00:00Z,15.715,15.715,15.415,15.45,133815
2022-07-08T04:00:00Z,15.71,15.82,15.515,15.59,74137
2022-07-07T04:00:00Z,15.77,15.815,15.6,15.66,163409
2022-07-06T04:00:00Z,15.8,15.845,15.59,15.605,182699
2022-07-05T04:00:00Z,15.58,15.715,15.165,15.695,200083
2022-07-01T04:00:00Z,15.25,15.7,15.2,15.65,265550
2022-06-30T04:00:00Z,15.68,15.735,15.185,15.275,461500
2022-06-29T04:00:00Z,15.53,15.96,15.53,15.93,381194
2022-06-28T04:00:00Z,15.87,16.03,15.48,15.57,331699
2022-06-27T04:00:00Z,15.44,15.915,15.36,15.725,377434
2022-06-24T04:00:00Z,15.17,15.55,15.115,15.47,262933
2022-06-23T04:00:00Z,14.71,15.075,14.69,15.06,269825
2022-06-22T04:00:00Z,14.39,14.81,14.24,14.655,394043
2022-06-21T04:00:00Z,14.5,14.81,14.5,14.655,203624
2022-06-17T04:00:00Z,14.32,14.57,14.105,14.365,401501
2022-06-16T04:00:00Z,14.625,14.685,14.29,14.33,583566
2022-06-15T04:00:00Z,14.835,15.14,14.645,14.995,249763
2022-06-14T04:00:00Z,15.07,15.245,14.765,14.945,368453
2022-06-13T04:00:00Z,15.685,15.86,15.03,15.075,572326
2022-06-10T04:00:00Z,15.99,16.23,15.785,16.005,325623
2022-06-09T04:00:00Z,16.84,16.87,16.105,16.13,359359
2022-06-08T04:00:00Z,17.34,17.34,16.83,16.875,320898
2022-06-07T04:00:00Z,16.925,17.45,16.92,17.44,393476
2022-06-06T04:00:00Z,17.42,17.52,16.945,17,849733
2022-06-03T04:00:00Z,17.915,17.95,17.335,17.34,340413
2022-06-02T04:00:00Z,18.2,18.2,17.72,18.02,379025
2022-06-01T04:00:00Z,18.73,18.73,18.105,18.27,200986
2022-05-31T04:00:00Z,18.5,18.68,18.365,18.57,262731
2022-05-27T04:00:00Z,18.6,18.92,18.53,18.55,262509
2022-05-26T04:00:00Z,18.775,18.81,18.55,18.57,288550
2022-05-25T04:00:00Z,18.42,18.84,18.395,18.755,441702
2022-05-24T04:00:00Z,18.155,18.575,17.82,18.475,230377
2022-05-23T04:00:00Z,18.14,18.35,18.035,18.15,172526
2022-05-20T04:00:00Z,18.275,18.275,17.695,18.07,190934
2022-05-19T04:00:00Z,18.09,18.465,18.09,18.13,224223
2022-05-18T04:00:00Z,18.485,18.51,18.03,18.125,124667
2022-05-17T04:00:00Z,18.33,18.48,17.995,18.48,281099
2022-05-16T04:00:00Z,18.23,18.295,18.07,18.12,107909
2022-05-13T04:00:00Z,18.06,18.23,17.88,18.2,181636
2022-05-12T04:00:00Z,17.545,17.89,17.4,17.89,147622
2022-05-11T04:00:00Z,17.66,18.06,17.47,17.475,225055
2022-05-10T04:00:00Z,18.05,18.14,17.42,17.56,146600
2022-05-09T04:00:00Z,18.2,18.34,17.775,17.88,273779
2022-05-06T04:00:00Z,18.44,18.54,18.135,18.41,157512
2022-05-05T04:00:00Z,18.8,18.83,18.335,18.59,140665
2022-05-04T04:00:00Z,18.58,18.96,18.3,18.96,165720
2022-05-03T04:00:00Z,18.21,18.9,18.16,18.79,189817
2022-05-02T04:00:00Z,18.46,18.625,17.605,18.04,296625
2022-04-29T04:00:00Z,18.695,19.11,18.36,18.39,300233
2022-04-28T04:00:00Z,18.08,18.845,17.99,18.725,415466
2022-04-27T04:00:00Z,18.1,18.275,17.595,17.665,342930
2022-04-26T04:00:00Z,18.47,18.485,18.065,18.12,300897
2022-04-25T04:00:00Z,18.76,18.87,18.45,18.55,314107
2022-04-22T04:00:00Z,19.93,19.955,18.745,18.77,365825
2022-04-21T04:00:00Z,20.27,20.46,20.15,20.33,189177
2022-04-20T04:00:00Z,19.92,20.29,19.69,20.2,117720
2022-04-19T04:00:00Z,19.67,19.92,19.555,19.81,292390
2022-04-18T04:00:00Z,20.14,20.15,19.425,19.525,240881
2022-04-14T04:00:00Z,20.5,20.71,20.21,20.215,254184
2022-04-13T04:00:00Z,20.16,20.335,19.89,20.315,343446
2022-04-12T04:00:00Z,20.5,20.535,20.19,20.33,217939
2022-04-11T04:00:00Z,21.16,21.23,20.485,20.53,201777
2022-04-08T04:00:00Z,21.32,21.345,21.045,21.105,95602
2022-04-07T04:00:00Z,21.13,21.225,20.93,21.135,81552
2022-04-06T04:00:00Z,20.69,21.305,20.585,21.265,213073
2022-04-05T04:00:00Z,21.28,21.36,20.715,20.77,120942
2022-04-04T04:00:00Z,21.51,21.51,21.03,21.26,93859
2022-04-01T04:00:00Z,21.185,21.55,21.1,21.55,93211
2022-03-31T04:00:00Z,21.495,21.55,21.145,21.15,151901
2022-03-30T04:00:00Z,21.4,21.46,21.19,21.37,176524
2022-03-29T04:00:00Z,21.105,21.63,20.96,21.5,181385
2022-03-28T04:00:00Z,20.7,20.96,20.5,20.95,159067
2022-03-25T04:00:00Z,20.42,20.685,20.36,20.68,103935
2022-03-24T04:00:00Z,20.22,20.415,20.215,20.4,102253
2022-03-23T04:00:00Z,20.28,20.29,20.055,20.205,96722
2022-03-22T04:00:00Z,20.23,20.52,20.225,20.36,185963
2022-03-21T04:00:00Z,20.55,20.61,20.115,20.2,187739
2022-03-18T04:00:00Z,20.13,20.54,20.015,20.505,242950
2022-03-17T04:00:00Z,19.9,20.345,19.9,20.2,302258
2022-03-16T04:00:00Z,19.92,20.115,19.53,19.95,205216
2022-03-15T04:00:00Z,20.13,20.21,19.86,20.07,234317
2022-03-14T04:00:00Z,20.22,20.365,19.875,19.995,124219
2022-03-11T05:00:00Z,20.62,20.7,20.145,20.16,198758
2022-03-10T05:00:00Z,20.25,20.65,20.205,20.6,88043
2022-03-09T05:00:00Z,20.66,20.73,20.29,20.34,138097
2022-03-07T05:00:00Z,20.475,20.555,20.12,20.13,173186
2022-03-04T05:00:00Z,20.5,20.55,20.265,20.49,276074
2022-03-03T05:00:00Z,20.51,20.71,20.21,20.63,181440
2022-03-02T05:00:00Z,20.375,20.53,20.32,20.425,332436
2022-03-01T05:00:00Z,20.48,20.68,20.045,20.27,258477
2022-02-28T05:00:00Z,20.46,20.555,20.14,20.32,212470
2022-02-25T05:00:00Z,20.1,20.78,19.93,20.78,194029
2022-02-24T05:00:00Z,19.68,20.12,19.65,20.02,250836
2022-02-23T05:00:00Z,20.79,20.8,19.91,19.97,116355
2022-02-22T05:00:00Z,20.5,20.62,20.235,20.405,89755
2022-02-18T05:00:00Z,20.49,20.925,20.445,20.51,125208
2022-02-17T05:00:00Z,20.55,20.635,20.395,20.475,94031
2022-02-16T05:00:00Z,20.49,20.67,20.315,20.66,151263
2022-02-15T05:00:00Z,20.825,20.985,20.325,20.41,488989
2022-02-14T05:00:00Z,21.58,21.66,20.695,20.78,240746
2022-02-11T05:00:00Z,21.57,21.98,21.44,21.66,116405
2022-02-10T05:00:00Z,21.71,22.085,21.395,21.465,93079
2022-02-09T05:00:00Z,21.96,22.11,21.75,21.88,94788
2022-02-08T05:00:00Z,21.535,21.79,21.49,21.635,139716
2022-02-07T05:00:00Z,21.9,22.05,21.44,21.45,128704
2022-02-04T05:00:00Z,22.14,22.19,21.8,21.905,167217
2022-02-03T05:00:00Z,22.61,23.17,22.02,22.15,279753
2022-02-02T05:00:00Z,22.77,23.08,22.695,22.825,173937
2022-02-01T05:00:00Z,22.72,22.92,22.615,22.79,171460
2022-01-31T05:00:00Z,22.2,22.76,22.11,22.76,206657
2022-01-28T05:00:00Z,21.88,22.25,21.365,22.24,203860
2022-01-27T05:00:00Z,22.6,22.75,21.835,21.97,171180
2022-01-26T05:00:00Z,22.805,23.075,22.235,22.315,142935
2022-01-25T05:00:00Z,22.865,22.955,22.285,22.59,105006
2022-01-24T05:00:00Z,22.585,22.755,22.24,22.43,30561
2022-01-21T05:00:00Z,22.81,22.96,22.695,22.89,132570
2022-01-20T05:00:00Z,23.43,23.585,22.75,22.75,115257
2022-01-19T05:00:00Z,23.9,23.99,23.33,23.33,148334
2022-01-18T05:00:00Z,24.035,24.035,23.69,23.76,132708
2022-01-14T05:00:00Z,23.73,24.125,23.68,24.115,170539
2022-01-13T05:00:00Z,23.67,23.75,23.52,23.74,75437
2022-01-12T05:00:00Z,23.46,23.64,23.455,23.55,44469
2022-01-11T05:00:00Z,23.5,23.57,23.24,23.49,128657
2022-01-10T05:00:00Z,23.26,23.6,23.19,23.52,132076
2022-01-07T05:00:00Z,23.39,23.525,23.24,23.24,142273
2022-01-06T05:00:00Z,23.26,23.615,23.11,23.44,105406
2022-01-05T05:00:00Z,23.59,23.78,23.16,23.2,312289
2022-01-04T05:00:00Z,23.58,23.695,23.46,23.57,163816
2022-01-03T05:00:00Z,23.465,23.535,23.025,23.45,171934
2021-12-31T05:00:00Z,23.51,23.735,23.51,23.62,77448
2021-12-30T05:00:00Z,23.43,23.585,23.325,23.47,76288
2021-12-29T05:00:00Z,23,23.35,23,23.35,39179
2021-12-28T05:00:00Z,22.905,23.065,22.85,23.04,61783
2021-12-27T05:00:00Z,22.58,22.91,22.555,22.905,56517
2021-12-23T05:00:00Z,22.81,22.815,22.64,22.655,46146
2021-12-22T05:00:00Z,22.59,22.78,22.49,22.78,69033
2021-12-21T05:00:00Z,22.39,22.815,22.39,22.555,100348
2021-12-20T05:00:00Z,22.035,22.24,21.58,22.205,149166
2021-12-17T05:00:00Z,22.09,22.515,22.005,22.26,121782
2021-12-16T05:00:00Z,22.145,22.305,21.91,22.1,123291
2021-12-15T05:00:00Z,21.72,22.06,21.72,22.02,165225
2021-12-14T05:00:00Z,22.07,22.17,21.49,21.68,158883
2021-12-13T05:00:00Z,21.735,22.235,21.65,22.13,138530
2021-12-10T05:00:00Z,22.08,22.11,21.75,21.845,184710
2021-12-09T05:00:00Z,22.08,22.25,21.93,21.935,103452
2021-12-08T05:00:00Z,22.18,22.32,22.07,22.21,100885
2021-12-07T05:00:00Z,22.22,22.47,22.05,22.345,133902
2021-12-06T05:00:00Z,21.58,22.16,21.58,21.9,201155
2021-12-03T05:00:00Z,21.41,21.56,21.16,21.375,115773
2021-12-02T05:00:00Z,20.85,21.425,20.85,21.31,115806
2021-12-01T05:00:00Z,21.52,21.815,20.72,20.72,119001
2021-11-30T05:00:00Z,21.27,21.58,21.17,21.33,122885
2021-11-29T05:00:00Z,21.73,21.73,21.395,21.48,113601
2021-11-26T05:00:00Z,21.74,21.81,21.48,21.59,78509
2021-11-24T05:00:00Z,21.64,22.095,21.61,22.09,58946
2021-11-23T05:00:00Z,21.46,21.7,21.46,21.58,49785
2021-11-22T05:00:00Z,21.58,21.6,21.345,21.36,47557
2021-11-19T05:00:00Z,21.615,21.695,21.515,21.65,58885
2021-11-18T05:00:00Z,21.75,21.76,21.54,21.7,60877
2021-11-17T05:00:00Z,21.47,21.765,21.235,21.75,57545
2021-11-16T05:00:00Z,21.76,21.76,21.475,21.6,69744
2021-11-15T05:00:00Z,21.43,21.76,21.41,21.76,72082
2021-11-12T05:00:00Z,21.36,21.39,21.175,21.39,68663
2021-11-11T05:00:00Z,21.23,21.43,21.055,21.43,39282
2021-11-10T05:00:00Z,21.22,21.505,21.185,21.235,75352
2021-11-09T05:00:00Z,21.15,21.32,21.07,21.305,60277
2021-11-08T05:00:00Z,21.09,21.14,21.02,21.135,75271
2021-11-05T04:00:00Z,21.01,21.325,21.01,21.08,100420
2021-11-04T04:00:00Z,21.18,21.31,20.81,20.875,114120
2021-11-03T04:00:00Z,21.03,21.265,20.99,21.17,136014
2021-11-02T04:00:00Z,21.56,21.585,21.025,21.045,141272
2021-11-01T04:00:00Z,21.34,21.585,21.3,21.49,97295
2021-10-29T04:00:00Z,21.58,21.745,21.29,21.32,213284
2021-10-28T04:00:00Z,21.5,21.85,21.48,21.73,188946
2021-10-27T04:00:00Z,21,21.365,20.96,21.29,295458
2021-10-26T04:00:00Z,20.38,20.815,20.38,20.76,165083
2021-10-22T04:00:00Z,20.865,20.95,20.61,20.62,71148
2021-10-21T04:00:00Z,20.85,20.85,20.575,20.78,100204
2021-10-20T04:00:00Z,20.57,20.905,20.57,20.89,130178
2021-10-19T04:00:00Z,20.72,20.75,20.53,20.535,142710
2021-10-18T04:00:00Z,20.67,20.76,20.565,20.63,81096
2021-10-15T04:00:00Z,20.71,20.94,20.61,20.83,129360
2021-10-14T04:00:00Z,20.53,20.64,20.4,20.6,141972
2021-10-13T04:00:00Z,20.04,20.41,20.04,20.36,90152
2021-10-12T04:00:00Z,19.95,20.21,19.91,20.05,111434
2021-10-11T04:00:00Z,19.76,19.95,19.735,19.95,72382
2021-10-08T04:00:00Z,19.81,19.995,19.72,19.74,77915
2021-10-07T04:00:00Z,20.01,20.28,19.8,19.8,161804
2021-10-06T04:00:00Z,19.68,19.95,19.46,19.95,200345
2021-10-05T04:00:00Z,20.05,20.05,19.785,19.85,213376
2021-10-04T04:00:00Z,20.245,20.255,20.005,20.05,241419
2021-10-01T04:00:00Z,20.195,20.48,20.005,20.24,174416
2021-09-30T04:00:00Z,20.58,20.65,20.07,20.07,266552
2021-09-29T04:00:00Z,20.5,20.74,20.39,20.68,78597
2021-09-28T04:00:00Z,20.39,20.485,20.26,20.36,145537
2021-09-27T04:00:00Z,20.8,20.965,20.415,20.44,234604
2021-09-24T04:00:00Z,21.01,21.03,20.69,20.72,165591
2021-09-23T04:00:00Z,20.65,21.07,20.62,20.985,172032
2021-09-22T04:00:00Z,20.74,20.91,20.605,20.62,185158
2021-09-21T04:00:00Z,20.46,20.9,20.35,20.665,196865
2021-09-20T04:00:00Z,19.94,20.225,19.86,20.195,278610
2021-09-17T04:00:00Z,20.485,20.51,20.05,20.06,192270
2021-09-16T04:00:00Z,20.21,20.61,20.21,20.46,236695
2021-09-15T04:00:00Z,20.32,20.355,20.16,20.215,529244
2021-09-14T04:00:00Z,20.9,21.01,20.595,20.595,249575
2021-09-13T04:00:00Z,21.14,21.14,20.84,20.84,322605
2021-09-10T04:00:00Z,21.61,21.61,21.055,21.06,210538
2021-09-09T04:00:00Z,21.775,21.985,21.56,21.565,274029
2021-09-08T04:00:00Z,21.61,21.935,21.475,21.925,241147
2021-09-07T04:00:00Z,21.62,21.64,21.4,21.55,163037
2021-09-03T04:00:00Z,21.46,21.675,21.405,21.65,486616
2021-09-02T04:00:00Z,21.01,21.59,20.95,21.59,1078605
2021-09-01T04:00:00Z,20.88,21.155,20.82,20.99,411089
2021-08-31T04:00:00Z,20.315,20.515,20.27,20.485,100375
2021-08-30T04:00:00Z,20.05,20.32,20.02,20.31,64520
2021-08-27T04:00:00Z,19.94,20.275,19.89,20.08,159625
2021-08-26T04:00:00Z,20.06,20.08,19.84,19.84,98880
2021-08-25T04:00:00Z,20.13,20.335,20.02,20.02,102097
2021-08-24T04:00:00Z,20,20.225,19.945,20.17,90821
2021-08-23T04:00:00Z,19.93,20.03,19.84,19.98,93322
2021-08-20T04:00:00Z,19.57,19.985,19.44,19.92,72764
2021-08-19T04:00:00Z,19.74,19.91,19.52,19.66,90869
2021-08-18T04:00:00Z,19.84,19.97,19.68,19.835,76533
2021-08-17T04:00:00Z,19.915,19.98,19.73,19.945,87483
2021-08-16T04:00:00Z,20.12,20.24,19.97,19.985,98239
2021-08-13T04:00:00Z,20.06,20.15,19.96,20.13,51682
2021-08-12T04:00:00Z,20.155,20.16,19.885,19.935,96241
2021-08-11T04:00:00Z,19.95,20.155,19.905,20.09,78248
2021-08-10T04:00:00Z,20.12,20.12,19.69,19.705,121456
2021-08-09T04:00:00Z,20.245,20.29,20.02,20.11,77135
2021-08-06T04:00:00Z,20.64,20.69,20.21,20.305,133856
2021-08-05T04:00:00Z,20.28,20.55,20.145,20.54,141904
2021-08-04T04:00:00Z,20.26,20.39,20.04,20.11,116970
2021-08-03T04:00:00Z,20.65,20.65,20.405,20.415,91121
2021-08-02T04:00:00Z,21.17,21.32,20.48,20.505,144145
2021-07-30T04:00:00Z,20.82,21.375,20.82,21.03,233255
2021-07-29T04:00:00Z,20.88,21.09,20.805,20.83,133643
2021-07-28T04:00:00Z,20.78,20.94,20.73,20.77,75403
2021-07-27T04:00:00Z,20.71,20.95,20.71,20.85,75761
2021-07-26T04:00:00Z,20.96,21.065,20.875,20.89,68001
2021-07-23T04:00:00Z,20.97,21.06,20.89,20.99,128562
2021-07-22T04:00:00Z,20.99,21.06,20.79,20.92,61042
2021-07-21T04:00:00Z,20.93,21.24,20.91,21.085,129872
2021-07-20T04:00:00Z,20.35,21.03,20.3,20.945,91360
2021-07-19T04:00:00Z,20.39,20.39,20.04,20.255,89216
2021-07-16T04:00:00Z,20.44,20.655,20.36,20.61,89465
2021-07-15T04:00:00Z,20.195,20.44,20.195,20.345,240005
2021-07-14T04:00:00Z,20.07,20.355,20.07,20.28,116738
2021-07-13T04:00:00Z,20.27,20.27,20.035,20.055,50765
2021-07-12T04:00:00Z,20.43,20.47,20.235,20.33,155221
2021-07-09T04:00:00Z,20.2,20.505,20.18,20.49,273398
2021-07-08T04:00:00Z,20.17,20.285,19.96,19.995,180573
2021-07-07T04:00:00Z,20.31,20.415,20.24,20.25,158863
2021-07-06T04:00:00Z,20.44,20.49,20.035,20.39,207386
2021-07-02T04:00:00Z,20.42,20.675,20.42,20.61,246145
2021-07-01T04:00:00Z,20.08,20.48,19.99,20.235,157592
2021-06-30T04:00:00Z,20.22,20.35,20.105,20.105,93352
2021-06-29T04:00:00Z,20.435,20.525,20.21,20.22,107474
2021-06-28T04:00:00Z,20.5,20.5,20.29,20.425,113151
2021-06-25T04:00:00Z,20.48,20.625,20.45,20.505,104422
2021-06-24T04:00:00Z,20.29,20.55,20.25,20.51,167662
2021-06-23T04:00:00Z,20.35,20.45,20.235,20.25,119707
2021-06-22T04:00:00Z,20.29,20.59,20.11,20.38,117915
2021-06-21T04:00:00Z,19.89,20.39,19.805,20.26,189133
2021-06-18T04:00:00Z,20.69,20.77,19.82,19.82,510395
2021-06-17T04:00:00Z,20.91,21.015,20.665,20.845,336708
2021-06-16T04:00:00Z,21.27,21.37,20.975,20.98,203002
2021-06-15T04:00:00Z,21.93,21.98,21.23,21.265,228150
2021-06-14T04:00:00Z,21.79,21.99,21.78,21.98,95190
2021-06-11T04:00:00Z,21.745,21.8,21.555,21.75,87929
2021-06-10T04:00:00Z,21.69,21.86,21.575,21.86,46191
2021-06-09T04:00:00Z,21.68,21.855,21.62,21.645,79954
2021-06-08T04:00:00Z,21.47,21.59,21.25,21.56,166647
2021-06-07T04:00:00Z,21.24,21.625,21.225,21.305,457018
2021-06-04T04:00:00Z,21.31,21.31,21.025,21.1,274738
2021-06-03T04:00:00Z,21.5,21.51,20.98,21.225,251952
2021-06-02T04:00:00Z,21.38,21.575,21.33,21.52,221313
2021-06-01T04:00:00Z,21.38,21.385,21.07,21.34,191353
2021-05-28T04:00:00Z,21.17,21.21,20.92,21.18,210080
2021-05-27T04:00:00Z,21.45,21.475,21.025,21.065,172452
2021-05-26T04:00:00Z,21.34,21.53,21.2,21.325,171543
2021-05-25T04:00:00Z,21.33,21.405,21.14,21.31,199295
2021-05-24T04:00:00Z,21.12,21.375,21.09,21.32,83434
2021-05-21T04:00:00Z,21.05,21.19,20.93,20.985,161261
2021-05-20T04:00:00Z,20.8,21.075,20.74,21.015,37475
2021-05-19T04:00:00Z,20.73,20.83,20.42,20.83,144879
2021-05-18T04:00:00Z,21.05,21.225,20.76,20.795,169269
2021-05-17T04:00:00Z,20.85,21.105,20.8,21.015,75715
2021-05-14T04:00:00Z,20.81,20.945,20.8,20.82,99299
2021-05-13T04:00:00Z,20.65,20.965,20.605,20.705,156053
2021-05-12T04:00:00Z,21.2,21.315,20.56,20.58,96964
2021-05-11T04:00:00Z,21.31,21.38,21.1,21.325,101116
2021-05-10T04:00:00Z,21.59,21.795,21.5,21.51,74789
2021-05-07T04:00:00Z,21.23,21.475,21.205,21.47,114970
2021-05-06T04:00:00Z,21.1,21.455,21.03,21.19,84149
2021-05-05T04:00:00Z,21.53,21.53,20.925,21.08,136206
2021-05-04T04:00:00Z,21.84,21.91,21.41,21.55,127757
2021-05-03T04:00:00Z,22.06,22.14,21.67,21.8,202278
2021-04-30T04:00:00Z,22,22.14,21.875,22.055,124073
2021-04-29T04:00:00Z,22.71,22.73,21.95,22.03,110521
2021-04-28T04:00:00Z,22.54,22.725,22.445,22.48,77494
2021-04-27T04:00:00Z,22.63,22.73,22.445,22.46,83503
2021-04-26T04:00:00Z,22.72,22.815,22.64,22.685,35737
2021-04-23T04:00:00Z,22.56,22.675,22.5,22.635,100629
2021-04-22T04:00:00Z,22.58,22.76,22.485,22.515,77097
2021-04-21T04:00:00Z,22.19,22.685,22.135,22.59,95635
2021-04-20T04:00:00Z,22.19,22.39,22.11,22.185,77998
2021-04-16T04:00:00Z,22.01,22.23,21.92,22.165,63511
2021-04-15T04:00:00Z,21.98,22.02,21.76,21.9,134458
2021-04-14T04:00:00Z,21.67,21.99,21.62,21.83,126973
2021-04-13T04:00:00Z,21.65,21.785,21.6,21.67,81964
2021-04-12T04:00:00Z,21.65,21.7,21.475,21.7,145473
2021-04-09T04:00:00Z,21.88,21.88,21.61,21.635,100392
2021-04-08T04:00:00Z,21.97,22,21.67,21.845,134455
2021-04-07T04:00:00Z,21.91,22.03,21.69,21.795,66132
2021-04-06T04:00:00Z,21.78,21.865,21.63,21.85,157357
2021-04-05T04:00:00Z,21.78,21.87,21.59,21.85,104257
2021-04-01T04:00:00Z,21.38,21.66,21.24,21.66,148084
2021-03-31T04:00:00Z,21.15,21.63,21.09,21.3,127061
2021-03-30T04:00:00Z,21.085,21.32,21.03,21.185,177986
2021-03-29T04:00:00Z,21.35,21.47,21.03,21.11,144908
2021-03-26T04:00:00Z,21.29,21.44,21.12,21.36,118687
2021-03-25T04:00:00Z,21.18,21.295,20.67,21.24,124842
2021-03-24T04:00:00Z,21.35,21.62,21.265,21.29,84694
2021-03-23T04:00:00Z,21.34,21.605,21.17,21.33,117660
2021-03-22T04:00:00Z,20.905,21.48,20.82,21.405,201608
2021-03-19T04:00:00Z,21.36,21.455,20.91,20.94,173916
2021-03-18T04:00:00Z,21.68,21.71,21.24,21.305,186918
2021-03-17T04:00:00Z,21.31,21.875,21.12,21.875,134868
2021-03-16T04:00:00Z,22.01,22.24,21.53,21.55,146009
2021-03-15T04:00:00Z,22.11,22.21,21.96,22.1,230409
2021-03-12T05:00:00Z,21.4,21.93,21.25,21.93,147116
2021-03-11T05:00:00Z,21.56,21.73,21.215,21.225,200869
2021-03-10T05:00:00Z,21.4,21.61,21.31,21.475,105708
2021-03-09T05:00:00Z,21.62,21.8,21.35,21.36,117826
2021-03-08T05:00:00Z,21.45,21.755,21.18,21.45,93654
2021-03-05T05:00:00Z,21.04,21.29,20.695,21.245,80726
2021-03-04T05:00:00Z,21.2,21.385,20.69,20.83,231881
2021-03-03T05:00:00Z,21.4,21.48,21.14,21.14,138578
2021-03-02T05:00:00Z,21.52,21.55,21.155,21.37,146062
2021-03-01T05:00:00Z,22.03,22.17,21.575,21.59,73242
2021-02-26T05:00:00Z,21.83,22.08,21.58,21.59,85389
2021-02-25T05:00:00Z,22.39,22.655,21.66,21.8,72543
2021-02-24T05:00:00Z,22.305,22.615,22.185,22.485,84321
2021-02-23T05:00:00Z,22.08,22.39,21.91,22.285,67477
2021-02-22T05:00:00Z,21.79,22.13,21.73,22.04,57359
2021-02-19T05:00:00Z,21.71,21.97,21.64,21.855,73618
2021-02-18T05:00:00Z,21.85,21.95,21.545,21.545,76543
2021-02-17T05:00:00Z,22.14,22.165,21.91,21.915,57122
2021-02-16T05:00:00Z,22.58,22.58,22.09,22.19,68704
2021-02-12T05:00:00Z,22.58,22.63,22.25,22.505,68593
2021-02-11T05:00:00Z,22.49,22.745,22.38,22.7,120276
2021-02-10T05:00:00Z,22.33,22.685,22.28,22.41,106311
2021-02-09T05:00:00Z,22.38,22.38,22.16,22.195,193698
2021-02-08T05:00:00Z,21.89,22.235,21.81,22.225,105888
2021-02-05T05:00:00Z,21.92,22.05,21.64,21.89,127777
2021-02-04T05:00:00Z,21.95,22.24,21.74,21.84,137714
2021-02-03T05:00:00Z,21.7,21.925,21.545,21.88,73239
2021-02-02T05:00:00Z,21.75,21.945,21.55,21.895,65438
2021-02-01T05:00:00Z,20.96,21.62,20.96,21.62,90526
2021-01-29T05:00:00Z,20.95,21.3,20.68,21.12,100514
2021-01-28T05:00:00Z,20.73,21.48,20.64,21.21,153109
2021-01-27T05:00:00Z,21.04,21.1,20.63,20.66,152333
2021-01-26T05:00:00Z,21.44,21.47,21.145,21.2,81510
2021-01-25T05:00:00Z,21.47,21.73,21.35,21.39,93913
2021-01-22T05:00:00Z,21.41,21.46,21.255,21.46,163106
2021-01-21T05:00:00Z,21.96,21.96,21.565,21.7,168449
2021-01-20T05:00:00Z,21.305,22.12,21.3,22.02,163087
2021-01-19T05:00:00Z,21.55,21.6,21.11,21.345,82554
2021-01-15T05:00:00Z,20.96,21.29,20.85,21.205,67082
2021-01-14T05:00:00Z,21.36,21.36,20.93,21.005,57455
2021-01-13T05:00:00Z,20.77,21.24,20.77,21.185,144531
2021-01-12T05:00:00Z,20.89,20.89,20.39,20.695,165657
2021-01-11T05:00:00Z,21.035,21.31,20.735,20.85,376160
2021-01-08T05:00:00Z,20.57,21.1,20.56,21.05,567734
2021-01-07T05:00:00Z,20.09,20.66,19.94,20.48,1009287
2021-01-06T05:00:00Z,20.95,21.155,20.79,20.995,91751
2021-01-05T05:00:00Z,20.88,21.12,20.87,20.875,109340
2021-01-04T05:00:00Z,21.81,21.84,20.825,20.865,111033
2020-12-31T05:00:00Z,21.54,21.85,21.47,21.805,31418
2020-12-30T05:00:00Z,21.79,21.86,21.6,21.615,116288
2020-12-29T05:00:00Z,21.69,21.85,21.495,21.69,78321
2020-12-28T05:00:00Z,21.84,21.85,21.505,21.645,156446
2020-12-24T05:00:00Z,21.65,21.735,21.46,21.725,66461
2020-12-23T05:00:00Z,21.685,21.955,21.625,21.695,194542
2020-12-22T05:00:00Z,21.01,21.585,20.96,21.565,144069
2020-12-21T05:00:00Z,20.84,21.08,20.73,20.97,143660
2020-12-18T05:00:00Z,21.23,21.49,21.005,21.12,237988
2020-12-17T05:00:00Z,21.35,21.42,21,21.12,219389
2020-12-16T05:00:00Z,21.47,21.54,21.2,21.28,193396
2020-12-15T05:00:00Z,21.01,21.345,20.785,21.345,256718
2020-12-14T05:00:00Z,20.83,20.995,20.68,20.8,77497
2020-12-11T05:00:00Z,20.4,20.735,20.385,20.665,113892
2020-12-10T05:00:00Z,20.45,20.625,20.21,20.48,108273
2020-12-09T05:00:00Z,20.615,20.665,20.42,20.59,160676
2020-12-08T05:00:00Z,20.74,20.88,20.7,20.85,132210
2020-12-07T05:00:00Z,20.57,20.91,20.49,20.74,142380
2020-12-04T05:00:00Z,20.07,20.555,20.06,20.55,141635
2020-12-03T05:00:00Z,19.59,20.08,19.55,19.97,339719
2020-12-02T05:00:00Z,19.68,19.83,19.53,19.605,84017
2020-12-01T05:00:00Z,19.54,19.8,19.455,19.69,119500
2020-11-30T05:00:00Z,19.52,19.645,19.325,19.42,269131
2020-11-27T05:00:00Z,19.68,19.68,19.435,19.56,81086
2020-11-25T05:00:00Z,19.79,19.81,19.51,19.76,186390
2020-11-24T05:00:00Z,19.695,19.94,19.6,19.79,102608
2020-11-23T05:00:00Z,19.55,19.63,19.335,19.435,99967
2020-11-20T05:00:00Z,19.13,19.415,19.04,19.415,136936
2020-11-19T05:00:00Z,18.77,19.255,18.62,19.255,147833
2020-11-18T05:00:00Z,19.33,19.48,18.905,18.94,281613
2020-11-17T05:00:00Z,19.32,19.58,19.2,19.37,96185
2020-11-16T05:00:00Z,19.87,19.87,19.335,19.47,120846
2020-11-13T05:00:00Z,19.19,19.415,19.14,19.4,126528
2020-11-12T05:00:00Z,19.24,19.255,18.735,18.85,90694
2020-11-11T05:00:00Z,19.545,19.605,19.26,19.395,121494
2020-11-10T05:00:00Z,19.35,19.545,19.11,19.45,170935
2020-11-09T05:00:00Z,19.9,21.305,19.085,19.115,579916
2020-11-06T05:00:00Z,18.805,19.255,18.735,18.775,108591
2020-11-05T05:00:00Z,19.17,19.17,18.74,18.785,55066
2020-11-04T05:00:00Z,18.93,19.2,18.845,18.905,81280
2020-11-03T05:00:00Z,18.86,19.135,18.66,19.065,143549
2020-11-02T05:00:00Z,18,18.61,17.89,18.605,115635
2020-10-30T04:00:00Z,17.99,18.02,17.52,17.835,260393
2020-10-29T04:00:00Z,17.215,18.22,17.13,18.13,182870
2020-10-28T04:00:00Z,17.57,17.78,17.195,17.195,73964
2020-10-27T04:00:00Z,18.13,18.325,17.915,17.915,117368
2020-10-26T04:00:00Z,18.08,18.22,17.95,18.185,118180
2020-10-23T04:00:00Z,18.08,18.3,17.94,18.295,52499
2020-10-22T04:00:00Z,17.835,17.96,17.71,17.945,68106
2020-10-21T04:00:00Z,17.85,17.935,17.63,17.84,121583
2020-10-20T04:00:00Z,17.9,18.135,17.83,17.93,71120
2020-10-19T04:00:00Z,18.155,18.155,17.65,17.675,125033
2020-10-16T04:00:00Z,18.28,18.29,17.9,18.055,49972
2020-10-15T04:00:00Z,18.07,18.56,18.01,18.31,74969
2020-10-14T04:00:00Z,18.54,18.555,18.2,18.245,89251
2020-10-13T04:00:00Z,18.53,18.7,18.385,18.605,123510
2020-10-12T04:00:00Z,18.65,18.79,18.54,18.73,105490
2020-10-09T04:00:00Z,18.91,18.93,18.5,18.595,137158
2020-10-08T04:00:00Z,18.4,18.705,18.39,18.7,98995
2020-10-07T04:00:00Z,18.64,18.67,18.265,18.375,109837
2020-10-06T04:00:00Z,18.75,18.975,18.475,18.62,206531
2020-10-05T04:00:00Z,18.69,18.74,18.235,18.695,126971
2020-10-02T04:00:00Z,17.75,18.615,17.73,18.58,158866
2020-10-01T04:00:00Z,17.64,18.19,17.58,18.19,145520
2020-09-30T04:00:00Z,17.68,17.895,17.425,17.65,185886
2020-09-29T04:00:00Z,17.45,17.605,17.275,17.605,135311
2020-09-28T04:00:00Z,17.485,17.64,17.22,17.605,86801
2020-09-25T04:00:00Z,16.815,17.17,16.735,17.15,132577
2020-09-24T04:00:00Z,16.25,17.07,16.25,16.895,195547
2020-09-23T04:00:00Z,16.67,16.67,16.1,16.245,213234
2020-09-22T04:00:00Z,16.895,17.03,16.665,16.695,130239
2020-09-21T04:00:00Z,16.81,16.955,16.33,16.775,72683
2020-09-18T04:00:00Z,17.47,17.48,16.965,17.015,117397
2020-09-17T04:00:00Z,17.81,18.03,17.53,17.545,102534
2020-09-16T04:00:00Z,18.36,18.475,18.065,18.085,94794
2020-09-15T04:00:00Z,18.49,18.645,18.255,18.305,109455
2020-09-14T04:00:00Z,18.345,18.555,18.215,18.35,94298
2020-09-11T04:00:00Z,18.445,18.445,18.06,18.23,40729
2020-09-10T04:00:00Z,18.31,18.635,18.28,18.375,171229
2020-09-09T04:00:00Z,18.23,18.425,17.99,18.32,135904
2020-09-08T04:00:00Z,18.415,18.525,18.19,18.225,153037
2020-09-04T04:00:00Z,18.5,18.66,18.095,18.375,160907
2020-09-03T04:00:00Z,18.81,18.835,18.395,18.475,87136
2020-09-02T04:00:00Z,18.5,18.715,18.445,18.645,97392
2020-09-01T04:00:00Z,18.485,18.72,18.27,18.54,93175
2020-08-31T04:00:00Z,18.53,18.665,18.465,18.565,118857
2020-08-28T04:00:00Z,18.66,18.72,18.515,18.565,85111
2020-08-27T04:00:00Z,18.53,18.83,18.53,18.665,87507
2020-08-26T04:00:00Z,18.77,18.805,18.295,18.355,84940
2020-08-25T04:00:00Z,18.81,18.87,18.57,18.835,49893
2020-08-24T04:00:00Z,18.525,18.785,18.395,18.785,113948
2020-08-21T04:00:00Z,18.73,18.73,18.255,18.385,118177
2020-08-20T04:00:00Z,18.44,18.865,18.44,18.705,141697
2020-08-19T04:00:00Z,19.235,19.27,18.575,18.605,70882
2020-08-18T04:00:00Z,19.215,19.35,19.07,19.295,79195
2020-08-17T04:00:00Z,19.23,19.475,19.175,19.32,56710
2020-08-14T04:00:00Z,19.06,19.33,19.035,19.195,38806
2020-08-13T04:00:00Z,19.385,19.685,19.045,19.075,37237
2020-08-12T04:00:00Z,19.57,19.64,19.335,19.515,43719
2020-08-11T04:00:00Z,20.13,20.165,19.44,19.54,67080
2020-08-10T04:00:00Z,19.91,20.185,19.815,19.885,62601
2020-08-07T04:00:00Z,19.75,20.135,19.705,19.865,94074
2020-08-06T04:00:00Z,19.775,20.1,19.68,19.69,95981
2020-08-05T04:00:00Z,20.105,20.17,19.725,19.81,24458
2020-08-04T04:00:00Z,19.88,20.175,19.79,19.98,34279
2020-08-03T04:00:00Z,19.99,19.99,19.675,19.905,27338
2020-07-31T04:00:00Z,20.35,20.36,19.535,20.1,72707
2020-07-30T04:00:00Z,20.2,20.71,20.05,20.57,146190
2020-07-29T04:00:00Z,20.04,20.31,19.86,20.305,106985
2020-07-28T04:00:00Z,19.36,19.805,19.145,19.685,92948
2020-07-27T04:00:00Z,18.8,19.335,18.77,19.315,91636
