2024-06-14T04:00:00Z,72.06,73.44,71.71,73.28,158108
2024-06-13T04:00:00Z,74.6,75.665,71.65,72.83,219865
2024-06-12T04:00:00Z,71.55,73.39,71.53,73.375,242422
2024-06-11T04:00:00Z,69.19,70.77,68.64,70.37,160768
2024-06-10T04:00:00Z,67.12,69.86,67.12,69.48,222487
2024-06-07T04:00:00Z,67.915,68.95,67.55,67.975,152076
2024-06-06T04:00:00Z,69.575,69.85,67.865,68.05,157163
2024-06-05T04:00:00Z,67.31,69.89,67.14,69.81,332073
2024-06-04T04:00:00Z,67.72,67.72,66.105,66.35,188914
2024-06-03T04:00:00Z,70.19,71.145,67.11,68.245,213028
2024-05-31T04:00:00Z,76.07,76.07,67.07,68.84,904160
2024-05-30T04:00:00Z,75.425,77.435,75.12,76.805,386744
2024-05-29T04:00:00Z,76.875,77.27,75.72,75.72,142842
2024-05-28T04:00:00Z,77.23,78.38,76.11,78.32,413031
2024-05-24T04:00:00Z,75.75,77.94,75.64,76.69,259490
2024-05-23T04:00:00Z,75.77,76.175,73.21,75.06,427668
2024-05-22T04:00:00Z,73.68,74.03,72.78,73.69,213519
2024-05-21T04:00:00Z,72.82,73.925,72.43,73.24,175273
2024-05-20T04:00:00Z,72.12,74.735,71.83,74.5,203797
2024-05-17T04:00:00Z,73.58,74.015,71.9,71.915,161100
2024-05-16T04:00:00Z,70.925,74.53,70.83,73.03,432857
2024-05-15T04:00:00Z,68.75,70.15,68.19,70.15,218005
2024-05-14T04:00:00Z,68.405,68.98,66.995,67.965,217989
2024-05-13T04:00:00Z,68.9,70.5,68.9,68.98,75833
2024-05-10T04:00:00Z,68.43,69.34,67.86,68.44,79076
2024-05-09T04:00:00Z,67.92,68.87,67.515,67.63,124686
2024-05-08T04:00:00Z,68.03,68.685,67.55,68.13,138316
2024-05-07T04:00:00Z,69.87,69.96,68.64,68.675,91887
2024-05-06T04:00:00Z,69.05,69.94,68.85,69.84,146513
2024-05-03T04:00:00Z,69.13,69.2,67.61,68.535,103353
2024-05-02T04:00:00Z,65.32,67.055,64.925,66.69,177132
2024-05-01T04:00:00Z,64.49,66.82,63.35,63.86,203930
2024-04-30T04:00:00Z,67.66,68.505,65.76,65.91,215519
2024-04-29T04:00:00Z,69.64,70.02,68.215,68.8,204786
2024-04-26T04:00:00Z,68.6,69.73,67.8,69.63,270404
2024-04-25T04:00:00Z,65.54,68.025,65.54,67.54,320591
2024-04-24T04:00:00Z,65.05,65.615,63.66,64.84,237409
2024-04-23T04:00:00Z,63.445,64.65,62.98,63.9,134671
2024-04-22T04:00:00Z,63.07,63.36,61.74,62.87,176613
2024-04-19T04:00:00Z,64.755,65.64,61.95,62.13,411711
2024-04-18T04:00:00Z,65.655,66.36,64.4,65.27,319055
2024-04-17T04:00:00Z,68.45,69.34,66.4,66.5,198196
2024-04-16T04:00:00Z,67.26,68.965,67.26,68.28,245155
2024-04-15T04:00:00Z,71.14,71.73,67.735,67.88,395162
2024-04-12T04:00:00Z,70.135,72.32,69.96,70.195,413016
2024-04-11T04:00:00Z,72.14,73.99,68.58,71.5,947585
2024-04-10T04:00:00Z,72.3,74.005,70.46,71.43,375287
2024-04-09T04:00:00Z,73.28,74.08,71.84,73.33,249285
2024-04-08T04:00:00Z,73.045,73.46,71.385,71.9,218908
2024-04-05T04:00:00Z,71.435,72.71,71.12,72.65,257568
2024-04-04T04:00:00Z,75.01,76.215,70.44,70.89,347177
2024-04-03T04:00:00Z,73.155,75.51,72.47,73.03,345214
2024-04-02T04:00:00Z,71.995,73.705,71.51,73.62,355260
2024-04-01T04:00:00Z,71.755,73.89,71.755,73.2,280273
2024-03-28T04:00:00Z,71.84,72.46,70.54,70.89,270170
2024-03-27T04:00:00Z,71.635,72.76,70.395,72.285,657886
2024-03-26T04:00:00Z,67.18,68.92,67.18,68.22,287955
2024-03-25T04:00:00Z,65.44,67.05,64.5,66.09,360598
2024-03-22T04:00:00Z,66.415,67.235,65.79,66.54,203723
2024-03-21T04:00:00Z,67.98,68.55,66.46,66.57,420645
2024-03-20T04:00:00Z,64.985,66.02,64.63,65.52,344119
2024-03-19T04:00:00Z,64.95,66.04,63.485,65.06,611491
2024-03-18T04:00:00Z,67.695,68.17,66.475,67.19,265753
2024-03-15T04:00:00Z,65.69,68.215,65.34,66.83,324975
2024-03-14T04:00:00Z,67.24,67.46,65.225,66.06,681796
2024-03-13T04:00:00Z,70.575,70.61,67.31,67.67,897822
2024-03-12T04:00:00Z,73.105,73.175,71.285,71.79,459424
2024-03-11T04:00:00Z,74.05,74.05,70.92,72.36,449670
2024-03-08T05:00:00Z,81.005,81.4,75.38,75.44,865184
2024-03-07T05:00:00Z,80.99,85.75,80.99,84.91,460988
2024-03-06T05:00:00Z,81.615,82.495,79.79,81.38,314625
2024-03-05T05:00:00Z,78.19,79.55,77.735,78.75,271433
2024-03-04T05:00:00Z,78.75,80.07,77.16,79.35,275531
2024-03-01T05:00:00Z,73.99,78.07,73.46,77.59,539934
2024-02-29T05:00:00Z,69.005,71.785,68.68,71.68,265119
2024-02-28T05:00:00Z,68.11,68.375,67.25,67.555,256545
2024-02-27T05:00:00Z,69.61,71.16,69.135,69.15,330109
2024-02-26T05:00:00Z,68.33,68.87,67.97,68.575,113412
2024-02-23T05:00:00Z,69.9,70.36,67.55,67.59,172325
2024-02-22T05:00:00Z,68.84,70.37,68.31,69.81,386479
2024-02-21T05:00:00Z,64.42,65.545,63.89,65.54,230162
2024-02-20T05:00:00Z,65.58,66.05,63.53,65.07,215762
2024-02-16T05:00:00Z,67.44,68.115,65.965,66.31,248487
2024-02-15T05:00:00Z,68.49,68.63,66.575,67.41,291178
2024-02-14T05:00:00Z,69.34,69.5,68.08,68.94,224957
2024-02-13T05:00:00Z,67.735,69.655,67.14,68.065,270137
2024-02-12T05:00:00Z,68.96,72.69,68.96,70.41,356941
2024-02-09T05:00:00Z,68.195,69.42,67.01,68.8,408542
2024-02-08T05:00:00Z,70.365,72.855,69.96,71.03,430830
2024-02-07T05:00:00Z,67.58,69.73,66.01,69.36,318021
2024-02-06T05:00:00Z,67.1,67.45,65.88,67.1,235863
2024-02-05T05:00:00Z,67.82,67.99,65.77,66.99,171528
2024-02-02T05:00:00Z,67.25,68.625,66.775,67.495,312353
2024-02-01T05:00:00Z,68.19,68.2,65.55,66.87,325088
2024-01-31T05:00:00Z,67.16,69.36,66.7,67.69,279952
2024-01-30T05:00:00Z,69.96,70.76,68.38,68.83,250114
2024-01-29T05:00:00Z,68.51,70.155,68.205,70.13,154826
2024-01-26T05:00:00Z,68.53,69.52,67.79,68.015,492595
2024-01-25T05:00:00Z,73.4,73.415,69.93,69.99,459562
2024-01-24T05:00:00Z,71.71,73.235,71.19,72.3,329251
2024-01-23T05:00:00Z,70.05,70.685,68.89,70.58,237620
2024-01-22T05:00:00Z,72,72.53,68.94,70.12,695259
2024-01-19T05:00:00Z,69,71.21,68.7,71.1,360270
2024-01-18T05:00:00Z,67.56,69.87,67.43,68.2,607305
2024-01-17T05:00:00Z,64.5,65.435,63.3,65.39,289428
2024-01-16T05:00:00Z,65.55,66.97,64.7,65.57,249137
2024-01-12T05:00:00Z,65.88,67.1,65.445,65.695,305660
2024-01-11T05:00:00Z,63.645,66.045,62.94,65.88,409520
2024-01-10T05:00:00Z,63.81,64.29,62.25,63.44,245761
2024-01-09T05:00:00Z,63.235,63.97,63.09,63.46,239158
2024-01-08T05:00:00Z,60.01,64.455,59.98,64.09,690522
2024-01-05T05:00:00Z,58.69,61.145,58.53,59.92,638338
2024-01-04T05:00:00Z,56.03,59.04,55.68,58.06,563253
2024-01-03T05:00:00Z,56.54,57.39,56.395,56.74,190057
2024-01-02T05:00:00Z,59.43,59.69,57.555,58.19,247205
2023-12-29T05:00:00Z,61.29,61.54,60.07,60.31,112529
2023-12-28T05:00:00Z,61.42,61.77,60.91,61.32,89680
2023-12-27T05:00:00Z,61.45,61.675,60.92,61.28,71759
2023-12-26T05:00:00Z,60.75,61.485,60.6,61.16,84189
2023-12-22T05:00:00Z,60.46,60.67,59.72,60.26,81947
2023-12-21T05:00:00Z,59.09,60.355,59.09,60.25,157028
2023-12-20T05:00:00Z,59.14,60.57,57.51,57.53,184985
2023-12-19T05:00:00Z,59.645,59.89,59.08,59.67,149224
2023-12-18T05:00:00Z,59.51,59.925,58.37,59.72,252282
2023-12-15T05:00:00Z,59.69,60.27,59.1,59.58,214874
2023-12-14T05:00:00Z,57.91,59.925,57.89,59.28,615229
2023-12-13T05:00:00Z,54.32,57.34,54.23,57.21,531710
2023-12-12T05:00:00Z,53.85,54.31,53.5,54.285,199629
2023-12-11T05:00:00Z,53.725,54.605,52.9,54.51,518607
2023-12-08T05:00:00Z,51.745,53.115,51.745,52.88,180792
2023-12-07T05:00:00Z,50.6,52.445,50.6,52.19,252728
2023-12-06T05:00:00Z,51.53,51.85,50.355,50.445,223669
2023-12-05T05:00:00Z,51.16,51.46,50.5,50.71,347470
2023-12-04T05:00:00Z,51.88,52.06,50.635,52.01,317303
2023-12-01T05:00:00Z,52.1,53.83,50.54,52.82,964313
2023-11-30T05:00:00Z,56.87,56.87,55.27,55.71,397092
2023-11-29T05:00:00Z,56.525,57.235,55.905,56.13,207496
2023-11-28T05:00:00Z,55.62,55.635,54.66,55.57,264868
2023-11-27T05:00:00Z,55.66,56.395,55.4,55.91,157496
2023-11-24T05:00:00Z,55.4,56.21,55.4,56.02,135957
2023-11-22T05:00:00Z,55.355,56.33,55.17,55.5,196296
2023-11-21T05:00:00Z,55.59,55.59,54.26,54.71,321780
2023-11-20T05:00:00Z,55.69,56.6,55.45,56.4,251314
2023-11-17T05:00:00Z,54.755,55.78,54.755,55.59,166802
2023-11-16T05:00:00Z,55.17,55.2,53.475,54.64,541952
2023-11-15T05:00:00Z,57.465,58.11,56.76,57.18,227565
2023-11-14T05:00:00Z,55.49,57.42,55.39,57.02,492927
2023-11-13T05:00:00Z,54.11,54.115,52.46,53.44,203405
2023-11-10T05:00:00Z,53.14,54.93,52.54,54.59,312732
2023-11-09T05:00:00Z,51.96,54.49,51.96,52.51,466240
2023-11-08T05:00:00Z,51.37,51.775,51.14,51.575,174157
2023-11-07T05:00:00Z,51.37,51.65,50.94,51.2,127541
2023-11-06T05:00:00Z,51.58,52.015,50.815,51.24,196519
2023-11-03T04:00:00Z,49.56,51.83,49.42,51.32,261284
2023-11-02T04:00:00Z,49.245,49.36,48.47,48.88,195478
2023-11-01T04:00:00Z,47.05,47.765,46.35,47.69,215673
2023-10-31T04:00:00Z,46.94,47.27,46.1,47.22,105206
2023-10-30T04:00:00Z,47.21,47.765,46.215,46.85,159087
2023-10-27T04:00:00Z,47.25,47.825,46.765,47.27,270212
2023-10-26T04:00:00Z,47.54,48.14,46.445,46.59,187414
2023-10-25T04:00:00Z,48.96,49.16,47.14,47.57,233096
2023-10-24T04:00:00Z,49.65,49.8,48.935,49.485,279233
2023-10-23T04:00:00Z,49.255,49.855,48.16,49.06,293542
2023-10-20T04:00:00Z,50.61,50.93,49.335,49.49,371331
2023-10-19T04:00:00Z,52.01,52.41,50.475,50.68,225095
2023-10-18T04:00:00Z,52.12,52.42,51.205,51.46,342395
2023-10-17T04:00:00Z,52.38,53.88,51.87,53.18,200816
2023-10-16T04:00:00Z,52.495,53.77,52.38,53.63,174456
2023-10-13T04:00:00Z,54.645,54.645,52.37,52.64,321949
2023-10-12T04:00:00Z,55.2,55.695,54.09,54.605,171844
2023-10-11T04:00:00Z,55.39,55.96,54.24,55.12,171531
2023-10-10T04:00:00Z,54.64,55.865,54.285,55.03,195212
2023-10-09T04:00:00Z,53.95,54.625,53.38,54.28,75081
2023-10-06T04:00:00Z,52.32,54.945,52.32,54.48,158647
2023-10-05T04:00:00Z,53.08,53.52,52.31,53.07,114039
2023-10-04T04:00:00Z,52.94,53.37,52.37,53.26,114472
2023-10-03T04:00:00Z,53.72,54.49,52.06,52.59,168190
2023-10-02T04:00:00Z,54.095,55.235,53.86,54.56,175473
2023-09-29T04:00:00Z,54.98,55.42,54.01,54.12,291397
2023-09-28T04:00:00Z,52.465,54.725,52.305,54,295221
2023-09-27T04:00:00Z,52.29,53.055,51.565,52.56,159907
2023-09-26T04:00:00Z,51.95,52.345,51.445,51.73,147216
2023-09-25T04:00:00Z,52.01,52.8,51.69,52.62,189727
2023-09-22T04:00:00Z,52.32,53.365,52.06,52.29,204290
2023-09-21T04:00:00Z,54.39,55.35,51.79,51.84,520808
2023-09-20T04:00:00Z,54.3,54.72,52.92,52.94,140658
2023-09-19T04:00:00Z,54.585,54.585,53.41,54.09,175489
2023-09-18T04:00:00Z,53.93,55.06,53.735,54.8,226390
2023-09-15T04:00:00Z,55.5,55.7,54.165,54.51,250081
2023-09-14T04:00:00Z,56.425,56.425,55.38,55.84,136730
2023-09-13T04:00:00Z,55.7,56.465,55.36,55.64,162423
2023-09-12T04:00:00Z,56.01,56.985,55.66,55.665,131599
2023-09-11T04:00:00Z,56.745,56.745,54.78,56.315,260515
2023-09-08T04:00:00Z,56.25,56.68,55.405,55.74,299066
2023-09-07T04:00:00Z,55.205,57.015,54.6,56.58,357934
2023-09-06T04:00:00Z,57.73,58.16,56.605,56.75,215001
2023-09-05T04:00:00Z,57.715,58.41,57.305,57.9,148876
2023-09-01T04:00:00Z,58.89,59.23,57.425,57.945,277462
2023-08-31T04:00:00Z,57.51,58.645,57.48,58.22,194933
2023-08-30T04:00:00Z,56.1,57.935,55.865,57.34,287983
2023-08-29T04:00:00Z,54.9,56.44,54.625,56.11,243795
2023-08-28T04:00:00Z,53.69,55.25,53.575,55.17,513735
2023-08-25T04:00:00Z,54.455,55.075,52.265,53.515,942947
2023-08-24T04:00:00Z,64.02,64.15,56.95,57.27,665184
2023-08-23T04:00:00Z,59.45,61.745,59.18,61.49,309439
2023-08-22T04:00:00Z,60.91,61.66,59.38,59.62,306606
2023-08-21T04:00:00Z,57.82,60.13,57.8,60.02,286625
2023-08-18T04:00:00Z,57.725,57.87,56.635,57.595,318542
2023-08-17T04:00:00Z,57.87,58.09,56.93,57.57,224341
2023-08-16T04:00:00Z,58.985,58.985,57.25,57.31,213125
2023-08-15T04:00:00Z,59.3,59.91,58.775,59.15,203296
2023-08-14T04:00:00Z,56.56,59.725,56.42,59.57,225850
2023-08-11T04:00:00Z,58.15,58.15,56.725,57.12,204138
2023-08-10T04:00:00Z,60,60.995,58.2,58.93,239155
2023-08-09T04:00:00Z,61.865,62.08,59.695,59.96,243408
2023-08-08T04:00:00Z,62.25,62.29,60.81,61.97,143183
2023-08-07T04:00:00Z,63.28,63.58,62.465,63.525,72587
2023-08-04T04:00:00Z,62.28,63.77,61.68,62.71,173918
2023-08-03T04:00:00Z,61.455,62.985,61.3,62.31,200341
2023-08-02T04:00:00Z,64.985,64.985,60.99,62.12,223526
2023-08-01T04:00:00Z,64.9,66.285,64.26,65.925,99170
2023-07-31T04:00:00Z,65.15,66.19,64.755,65.165,110688
2023-07-28T04:00:00Z,65.39,65.41,64.255,64.89,196066
2023-07-27T04:00:00Z,65.48,66.23,63.32,63.905,297604
2023-07-26T04:00:00Z,63.17,64.095,62.36,63.75,236516
2023-07-25T04:00:00Z,63.38,64.695,63.33,63.86,282250
2023-07-24T04:00:00Z,63.455,63.76,62.485,63.14,241061
2023-07-21T04:00:00Z,64.125,64.65,63.22,63.39,247578
2023-07-20T04:00:00Z,64.685,65.005,62.8,63.23,265930
2023-07-19T04:00:00Z,66.05,66.79,64.865,65.63,369040
2023-07-18T04:00:00Z,65.365,66.045,64.33,65.75,227650
2023-07-17T04:00:00Z,63.625,64.925,63.01,64.52,275503
2023-07-14T04:00:00Z,64.41,65.07,63.19,63.47,275735
2023-07-13T04:00:00Z,63.785,65.485,63.1,65.34,342429
2023-07-12T04:00:00Z,63.24,63.66,61.96,62.82,291186
2023-07-11T04:00:00Z,61.83,62.19,60.45,62.165,320199
2023-07-10T04:00:00Z,58.9,60.49,58.87,60.29,245111
2023-07-07T04:00:00Z,59.875,60.26,58.98,59.15,209819
2023-07-06T04:00:00Z,58.51,58.955,57.48,58.805,258732
2023-07-05T04:00:00Z,60.905,61.145,59.8,59.805,224007
2023-07-03T04:00:00Z,60.52,61.37,60.325,61.36,161236
2023-06-30T04:00:00Z,59.435,60.095,59.24,59.785,223596
2023-06-29T04:00:00Z,60.34,60.38,58.14,58.39,376786
2023-06-28T04:00:00Z,58.63,61.445,58.63,60.105,262839
2023-06-27T04:00:00Z,57.955,60.76,57.775,60.59,209773
2023-06-26T04:00:00Z,57.98,59.115,57.695,57.75,165405
2023-06-23T04:00:00Z,57.805,58.24,56.625,57.8,289636
2023-06-22T04:00:00Z,58.25,59.72,58.04,59.14,161918
2023-06-21T04:00:00Z,60.62,60.875,58.73,58.87,204096
2023-06-20T04:00:00Z,60.605,61.995,60.34,60.8,377109
2023-06-16T04:00:00Z,62.72,63.045,60.825,61.14,437983
2023-06-15T04:00:00Z,62.27,62.82,61.58,62.08,223179
2023-06-14T04:00:00Z,62.64,62.99,60.89,62.96,429563
2023-06-13T04:00:00Z,63.32,63.33,61.84,63.06,229499
2023-06-12T04:00:00Z,60.88,62.28,60.86,62.05,347409
2023-06-09T04:00:00Z,60.82,62.02,59.58,60.01,389490
2023-06-08T04:00:00Z,58.99,60.27,58.43,59.71,234984
2023-06-07T04:00:00Z,62.22,63.59,59.105,59.34,420837
2023-06-06T04:00:00Z,58.145,60.3,58.05,59.14,633069
2023-06-05T04:00:00Z,59.6,59.6,57.28,58.055,500593
2023-06-02T04:00:00Z,62.225,62.45,59.19,60.18,386945
2023-06-01T04:00:00Z,59.43,62.095,58.64,61.11,683081
2023-05-31T04:00:00Z,61.75,63.08,58.35,58.53,762875
2023-05-30T04:00:00Z,67.44,67.99,61.32,63.42,1290454
2023-05-26T04:00:00Z,58.64,65.705,58.62,65.66,2765142
2023-05-25T04:00:00Z,48.995,49.725,46.705,49.43,1382443
2023-05-24T04:00:00Z,45.42,46.06,45,45.95,397670
2023-05-23T04:00:00Z,45.99,47.285,45.99,46.63,381942
2023-05-22T04:00:00Z,45.09,46.585,45.09,46.47,342027
2023-05-19T04:00:00Z,44.93,45.51,44.71,45.46,256826
2023-05-18T04:00:00Z,43.555,45.05,43.53,44.75,413191
2023-05-17T04:00:00Z,42.3,43.9,42.035,43.56,499291
2023-05-16T04:00:00Z,41.83,42.315,41.58,41.69,462402
2023-05-15T04:00:00Z,40.27,42.07,40.21,42.07,293769
2023-05-12T04:00:00Z,39.88,40.125,39.23,40.1,247597
2023-05-11T04:00:00Z,40.335,40.51,39.325,39.75,359533
2023-05-10T04:00:00Z,40.54,40.895,39.97,40.435,581759
2023-05-09T04:00:00Z,40.235,40.355,39.77,40,621158
2023-05-08T04:00:00Z,40.8,41.165,40.495,41.02,193481
2023-05-05T04:00:00Z,39.84,41.265,39.5,40.95,531612
2023-05-04T04:00:00Z,39.125,39.635,38.655,39.36,269542
2023-05-03T04:00:00Z,39.31,40.28,39.015,39.52,313959
2023-05-02T04:00:00Z,39.825,39.96,38.91,39.5,640540
2023-05-01T04:00:00Z,39.62,40.225,39.49,39.99,331797
2023-04-28T04:00:00Z,38.775,39.5,38.565,39.49,323326
2023-04-27T04:00:00Z,38.1,38.865,37.705,38.625,644433
2023-04-26T04:00:00Z,37.66,38.135,37.42,38.095,279408
2023-04-25T04:00:00Z,38.03,38.21,36.9,36.92,278235
2023-04-24T04:00:00Z,39,39.39,38.425,38.78,193164
2023-04-21T04:00:00Z,39.01,39.095,37.97,39.03,283179
2023-04-20T04:00:00Z,40,40.725,39.17,39.47,354569
2023-04-19T04:00:00Z,41.475,41.87,41.005,41.03,326746
2023-04-18T04:00:00Z,41.2,42.585,41.01,42.285,500896
2023-04-17T04:00:00Z,39.66,40.615,39.42,40.47,102609
2023-04-14T04:00:00Z,40.34,41.165,39.89,40.28,173841
2023-04-13T04:00:00Z,39.93,40.685,39.74,40.385,122644
2023-04-12T04:00:00Z,40.715,40.92,39.47,39.53,249312
2023-04-11T04:00:00Z,40.36,40.56,39.87,40.12,340817
2023-04-10T04:00:00Z,38.75,40.385,38.44,40.355,232005
2023-04-06T04:00:00Z,39.45,39.93,38.86,39.23,330258
2023-04-05T04:00:00Z,39.965,40.14,39.215,40.1,294668
2023-04-04T04:00:00Z,42.1,42.1,40.205,40.49,335516
2023-04-03T04:00:00Z,43.045,43.26,41.68,41.955,326437
2023-03-31T04:00:00Z,42.98,43.35,42.715,43.29,224997
2023-03-30T04:00:00Z,43.575,43.865,42.865,43.24,451952
2023-03-29T04:00:00Z,41.425,43.06,41.4,42.74,337576
2023-03-28T04:00:00Z,41.13,41.13,39.58,40.48,333385
2023-03-27T04:00:00Z,41.47,41.68,40.925,41.18,189618
2023-03-24T04:00:00Z,41.55,41.79,40.395,41.08,315538
2023-03-23T04:00:00Z,41.06,43.305,41.02,42.24,386084
2023-03-22T04:00:00Z,40.98,42.06,40.1,40.1,212051
2023-03-21T04:00:00Z,40.98,41.77,40.59,41.12,258840
2023-03-20T04:00:00Z,39.875,40.415,39.55,40.35,266654
2023-03-17T04:00:00Z,40.28,40.41,39.5,39.98,275255
2023-03-16T04:00:00Z,37.62,40.525,37.51,40.33,736176
2023-03-15T04:00:00Z,38.05,38.095,36.765,37.645,565438
2023-03-14T04:00:00Z,38.915,39.4,38.01,38.62,398050
2023-03-13T04:00:00Z,38.03,38.84,36.655,38,963084
2023-03-10T05:00:00Z,40.86,40.86,38.15,38.66,678513
2023-03-09T05:00:00Z,43.03,43.65,40.845,40.91,476486
2023-03-08T05:00:00Z,41.22,43.175,41.11,43.175,666839
2023-03-07T05:00:00Z,42.07,42.205,40.88,41.11,423621
2023-03-06T05:00:00Z,44.4,44.59,41.79,42.27,641175
2023-03-03T05:00:00Z,41.29,44.265,41.1,44.015,1927614
2023-03-02T05:00:00Z,44.87,46.59,44.09,46.19,570596
2023-03-01T05:00:00Z,45.36,46.34,45.115,45.37,274635
2023-02-28T05:00:00Z,44.16,45.68,44.12,45.13,202552
2023-02-27T05:00:00Z,44.87,44.935,44.23,44.33,294268
2023-02-24T05:00:00Z,44.485,44.81,43.59,43.86,186848
2023-02-23T05:00:00Z,45.12,45.365,43.635,45.2,391047
2023-02-22T05:00:00Z,42.64,43.425,42.15,42.975,227588
2023-02-21T05:00:00Z,43.52,43.99,42.37,42.63,186600
2023-02-17T05:00:00Z,45.125,45.27,43.605,44.13,260949
2023-02-16T05:00:00Z,45.81,47.13,45.645,45.66,290133
2023-02-15T05:00:00Z,46.72,47.04,45.5,46.74,325274
2023-02-14T05:00:00Z,45.03,47.5,44.855,47.21,245341
2023-02-13T05:00:00Z,44.915,45.89,44.23,45.63,211925
2023-02-10T05:00:00Z,44.54,44.755,43.555,44.56,270600
2023-02-09T05:00:00Z,46.03,46.47,44.605,45.12,221436
2023-02-08T05:00:00Z,46.26,46.855,45.07,45.08,265992
2023-02-07T05:00:00Z,45.365,47.06,44.67,46.77,345533
2023-02-06T05:00:00Z,45.65,46.68,44.855,45.03,407375
2023-02-03T05:00:00Z,46.69,48.29,46.51,46.57,460836
2023-02-02T05:00:00Z,47.065,49.465,46.765,48.76,598737
2023-02-01T05:00:00Z,43.43,46.475,43.26,46.14,603597
2023-01-31T05:00:00Z,42.045,43.18,41.835,43.15,400196
2023-01-30T05:00:00Z,43.44,43.53,41.96,41.98,401482
2023-01-27T05:00:00Z,43.585,44.795,43.565,44.27,343114
2023-01-26T05:00:00Z,43.855,44.46,42.805,44.39,434370
2023-01-25T05:00:00Z,41.48,42.78,40.78,42.76,343644
2023-01-24T05:00:00Z,42.06,43.28,41.98,42.52,386883
2023-01-23T05:00:00Z,40.2,42.835,40.12,42.74,612698
2023-01-20T05:00:00Z,38.94,39.555,38.11,39.48,561269
2023-01-19T05:00:00Z,40.03,40.23,38.54,38.56,300995
2023-01-18T05:00:00Z,41.7,41.895,40.05,40.49,328979
2023-01-17T05:00:00Z,40.645,41.15,40.09,41.03,468158
2023-01-13T05:00:00Z,38.65,40.76,38.59,40.66,502015
2023-01-12T05:00:00Z,38.35,40.13,37.45,39.3,557901
2023-01-11T05:00:00Z,37.23,38.505,36.96,38.42,389448
2023-01-10T05:00:00Z,36.5,37.33,36.06,37.02,228761
2023-01-09T05:00:00Z,37.13,38.025,36.76,36.93,358077
2023-01-06T05:00:00Z,35.16,36.435,33.75,36.07,854776
2023-01-05T05:00:00Z,35.885,35.94,34.68,34.7,448095
2023-01-04T05:00:00Z,36.9,36.9,35.645,36.62,398394
2023-01-03T05:00:00Z,37.94,38.1,35.78,35.98,293683
2022-12-30T05:00:00Z,35.88,37.08,35.59,37.04,241840
2022-12-29T05:00:00Z,36.09,37.21,35.89,36.74,195214
2022-12-28T05:00:00Z,35.715,36.22,35.09,35.39,189360
2022-12-27T05:00:00Z,36.735,36.735,35.86,36.02,384183
2022-12-23T05:00:00Z,36.745,37.57,36.35,37.23,158602
2022-12-22T05:00:00Z,37.87,38.02,36.37,37.09,333384
2022-12-21T05:00:00Z,38.16,38.945,38.16,38.855,205675
2022-12-20T05:00:00Z,37.56,38.1,36.9,37.83,273266
2022-12-19T05:00:00Z,38.93,39.04,38,38.44,309608
2022-12-16T05:00:00Z,39.59,40,38.31,39.01,422896
2022-12-15T05:00:00Z,41.34,41.68,39.975,40.05,575532
2022-12-14T05:00:00Z,43.475,44.265,42.03,42.63,598106
2022-12-13T05:00:00Z,45.32,45.96,42.35,43.48,804870
2022-12-12T05:00:00Z,41.47,42.865,41.055,42.57,400161
2022-12-09T05:00:00Z,41.645,42.77,41.32,41.53,330536
2022-12-08T05:00:00Z,40.54,42.02,40.155,41.7,317469
2022-12-07T05:00:00Z,40.61,41.12,39.92,40.39,231146
2022-12-06T05:00:00Z,42.95,43.17,40.755,41.09,268512
2022-12-05T05:00:00Z,44.145,45.07,42.345,42.97,359412
2022-12-02T05:00:00Z,42.055,44.89,41.02,44.74,1153845
2022-12-01T05:00:00Z,47.15,47.32,44.83,45.38,581492
2022-11-30T05:00:00Z,43.27,46.61,42.67,46.55,487508
2022-11-29T05:00:00Z,42.86,43.55,42.24,42.92,157002
2022-11-28T05:00:00Z,42.33,44.07,42.26,42.71,429956
2022-11-25T05:00:00Z,43.23,43.78,42.9,43.01,98089
2022-11-23T05:00:00Z,42.88,44.14,42.88,43.69,238751
2022-11-22T05:00:00Z,41.845,42.915,41.31,42.915,317281
2022-11-21T05:00:00Z,43.05,43.31,41.44,41.56,444552
2022-11-18T05:00:00Z,44.81,45.015,43.77,43.99,326302
2022-11-17T05:00:00Z,41.055,43.97,40.92,43.95,416078
2022-11-16T05:00:00Z,43.53,43.82,41.9,42.27,396968
2022-11-15T05:00:00Z,45.625,46.16,43.92,44.73,451059
2022-11-14T05:00:00Z,43.015,43.415,41.84,43.105,396694
2022-11-11T05:00:00Z,42.415,43.805,41.94,43.33,442610
2022-11-10T05:00:00Z,39.2,42.71,39.2,42.65,423719
2022-11-09T05:00:00Z,38.64,38.82,36.72,36.72,353910
2022-11-08T05:00:00Z,40.76,40.95,38.965,39.77,318755
2022-11-07T05:00:00Z,39.42,39.71,38.485,39.535,580674
2022-11-04T04:00:00Z,38.65,39.97,37.985,38.98,458764
2022-11-03T04:00:00Z,38.26,39.49,37.2,37.26,611848
2022-11-02T04:00:00Z,40.56,41.98,39.005,39.005,451103
2022-11-01T04:00:00Z,40.93,40.93,39.41,39.74,387293
2022-10-31T04:00:00Z,40.44,40.69,39.235,39.68,284904
2022-10-28T04:00:00Z,39.76,41.11,39.105,40.985,284635
2022-10-27T04:00:00Z,40.5,42.59,40.04,40.05,703604
2022-10-26T04:00:00Z,39.75,40.57,38.51,38.75,352595
2022-10-25T04:00:00Z,38.61,41.385,38.58,40.6,437554
2022-10-24T04:00:00Z,39.71,39.715,36.9,38.41,510398
2022-10-21T04:00:00Z,38.07,39.615,37.595,39.515,278445
2022-10-20T04:00:00Z,38.425,39.915,37.91,38.07,411655
2022-10-19T04:00:00Z,37.25,38.58,37.11,38.1,232191
2022-10-18T04:00:00Z,39.46,39.76,36.985,37.76,552609
2022-10-17T04:00:00Z,38.5,39.21,37.615,37.88,338674
2022-10-14T04:00:00Z,39.815,40.02,36.935,37.02,385702
2022-10-13T04:00:00Z,36.06,39.99,35.3,39.13,734551
2022-10-12T04:00:00Z,38.27,38.52,37.42,37.98,578770
2022-10-11T04:00:00Z,39.86,40.095,38.015,38.68,551241
2022-10-10T04:00:00Z,42.09,42.09,39.22,40.3,585478
2022-10-07T04:00:00Z,46.11,46.385,42.24,42.35,557926
2022-10-06T04:00:00Z,48.305,49.3,47.66,47.97,380678
2022-10-05T04:00:00Z,45.88,49.06,45.64,48.39,589558
2022-10-04T04:00:00Z,46.115,47.195,46.115,47.06,295394
2022-10-03T04:00:00Z,43.57,45.07,43.505,44.51,293879
2022-09-30T04:00:00Z,42.375,44.83,42.35,42.93,286401
2022-09-29T04:00:00Z,43.58,43.89,42.115,42.87,337989
2022-09-28T04:00:00Z,42.755,44.845,42.755,44.54,253264
2022-09-27T04:00:00Z,43.8,44.07,42.585,43.37,396326
2022-09-26T04:00:00Z,43.27,44.32,42.56,42.59,243899
2022-09-23T04:00:00Z,42.94,43.425,42.31,43.27,335170
2022-09-22T04:00:00Z,45.43,45.43,43.41,43.52,538503
2022-09-21T04:00:00Z,45.66,48.18,45.36,45.46,367097
2022-09-20T04:00:00Z,45.6,46.15,45.085,45.3,158722
2022-09-19T04:00:00Z,45.74,46.72,45.49,46.16,206752
2022-09-16T04:00:00Z,45.41,46.49,44.97,46.33,446304
2022-09-15T04:00:00Z,47.71,48.69,46.18,46.68,228148
2022-09-14T04:00:00Z,48.44,49.45,47.61,48.41,206184
2022-09-13T04:00:00Z,47.76,48.945,47.37,48.03,406816
2022-09-12T04:00:00Z,50.11,50.595,49.44,50.245,277280
2022-09-09T04:00:00Z,48.98,50.095,48.835,49.74,570876
2022-09-08T04:00:00Z,46.24,48.5,45.75,48.13,332674
2022-09-07T04:00:00Z,45.51,47.1,45.04,46.75,652922
2022-09-06T04:00:00Z,46.08,46.08,44.83,45.1,719829
2022-09-02T04:00:00Z,46.73,47.21,45.41,45.745,467043
2022-09-01T04:00:00Z,45.4,46.09,43.66,45.97,641233
2022-08-31T04:00:00Z,47.645,48.075,46.35,46.81,278869
2022-08-30T04:00:00Z,49.58,49.76,47.23,48.035,283515
2022-08-29T04:00:00Z,49.68,50.87,48.91,48.95,395090
2022-08-26T04:00:00Z,54.21,54.26,49.99,50.15,1194120
2022-08-25T04:00:00Z,51.28,55.17,51.28,55.105,541269
2022-08-24T04:00:00Z,51.485,52.53,51.24,52.24,289919
2022-08-23T04:00:00Z,51.165,52.475,51.1,51.58,202573
2022-08-22T04:00:00Z,51.38,52.2,50.555,50.93,245349
2022-08-19T04:00:00Z,53.4,54.03,52.6,53.14,233241
2022-08-18T04:00:00Z,53.06,55.76,52.81,54.53,338994
2022-08-17T04:00:00Z,53.42,53.52,51.67,52.64,385199
2022-08-16T04:00:00Z,55.21,55.21,53.73,54.36,206318
2022-08-15T04:00:00Z,54.9,55.86,54.425,55.45,173662
2022-08-12T04:00:00Z,54.66,55.575,54.22,55.37,215505
2022-08-11T04:00:00Z,55.82,56.62,53.605,53.71,434694
2022-08-10T04:00:00Z,53.48,55.33,52.405,54.985,562834
2022-08-09T04:00:00Z,54.11,54.11,50.425,51.29,900855
2022-08-08T04:00:00Z,55.68,56.49,53.32,55.61,673841
2022-08-05T04:00:00Z,56.145,57.575,56.02,56.92,365370
2022-08-04T04:00:00Z,58.26,58.37,56.59,57.35,442105
2022-08-03T04:00:00Z,55.57,58.415,55.57,58.2,428771
2022-08-02T04:00:00Z,54.565,56.86,54.53,55.69,160996
2022-08-01T04:00:00Z,55.025,55.87,53.97,55.34,431647
2022-07-29T04:00:00Z,53.51,55.755,53.39,55.67,427627
2022-07-28T04:00:00Z,53.37,54.07,52.235,53.75,207376
2022-07-27T04:00:00Z,51.25,53.58,50.755,52.97,458389
2022-07-26T04:00:00Z,50.16,50.93,48.97,49.48,412750
2022-07-25T04:00:00Z,51.6,51.75,49.75,50.72,399651
2022-07-22T04:00:00Z,54.38,54.38,51.37,52.02,407283
2022-07-21T04:00:00Z,53.93,54.695,52.71,54.57,303580
2022-07-20T04:00:00Z,52.17,54.04,51.665,53.68,504380
2022-07-19T04:00:00Z,49.71,52.315,49.58,52.07,605968
2022-07-18T04:00:00Z,49.14,50.89,48.455,48.61,461890
2022-07-15T04:00:00Z,47.785,48.325,47,48.23,271773
2022-07-14T04:00:00Z,45.76,47.22,44.83,47.08,298140
2022-07-13T04:00:00Z,44.6,46.57,44.23,46.135,272905
2022-07-12T04:00:00Z,45.69,46.4,45.23,45.54,219164
2022-07-11T04:00:00Z,45.87,46.28,45.04,45.25,177714
2022-07-08T04:00:00Z,45.45,47.385,45.16,46.99,288121
2022-07-07T04:00:00Z,45.075,47,45.075,46.58,464052
2022-07-06T04:00:00Z,42.905,44.445,42.51,43.79,330563
2022-07-05T04:00:00Z,41.49,42.94,41.115,42.94,523585
2022-07-01T04:00:00Z,42.74,43.53,41.75,42.56,350372
2022-06-30T04:00:00Z,43.79,45,42.58,43.55,534317
2022-06-29T04:00:00Z,44.565,44.58,43.27,44.32,416237
2022-06-28T04:00:00Z,47.61,48.58,45.27,45.34,487119
2022-06-27T04:00:00Z,49.045,49.07,47.39,47.66,260675
2022-06-24T04:00:00Z,47.31,49.04,46.88,48.2,405042
2022-06-23T04:00:00Z,47.1,47.13,45.23,46.25,501050
2022-06-22T04:00:00Z,45.86,47.39,45.8,46.37,301057
2022-06-21T04:00:00Z,47.03,48.36,46.905,47.04,559599
2022-06-17T04:00:00Z,45.31,46.2,43.69,46.07,601988
2022-06-16T04:00:00Z,47.31,47.57,44.33,45.04,594732
2022-06-15T04:00:00Z,48.72,50.46,47.73,49.22,484286
2022-06-14T04:00:00Z,49.73,49.75,47.63,48.53,310173
2022-06-13T04:00:00Z,50.83,51.25,48.66,48.76,535582
2022-06-10T04:00:00Z,55.11,55.25,52.94,53.09,424687
2022-06-09T04:00:00Z,58.885,59.815,56.45,56.45,478286
2022-06-08T04:00:00Z,60.24,61.07,58.765,59.36,200228
2022-06-07T04:00:00Z,58.975,61.21,58.65,61.02,192317
2022-06-06T04:00:00Z,60.585,61.18,59.405,59.74,293930
2022-06-03T04:00:00Z,59.92,61.04,58.8,58.96,376663
2022-06-02T04:00:00Z,57.22,61.47,57.22,61.43,491883
2022-06-01T04:00:00Z,59.4,60.1,56.66,58.05,279446
2022-05-31T04:00:00Z,60.59,60.99,58.5,59.14,432181
2022-05-27T04:00:00Z,60,61.39,58.57,60.85,1213831
2022-05-26T04:00:00Z,53.305,57.22,53.16,56.99,573448
2022-05-25T04:00:00Z,51.72,54.47,51.68,53.97,396418
2022-05-24T04:00:00Z,53.51,53.51,51.6,52.37,322450
2022-05-23T04:00:00Z,53.16,54.93,52.89,54.89,278392
2022-05-20T04:00:00Z,55.79,55.89,51.12,54.09,567368
2022-05-19T04:00:00Z,54.45,56.31,53.56,54.26,434792
2022-05-18T04:00:00Z,57.37,59,54.705,55.03,326596
2022-05-17T04:00:00Z,57.37,58.96,56.7,58.31,317476
2022-05-16T04:00:00Z,57.1,57.31,55.015,55.19,385817
2022-05-13T04:00:00Z,53.8,58.03,53.49,57.59,707190
2022-05-12T04:00:00Z,51.33,53.64,50.44,52.4,515944
2022-05-11T04:00:00Z,54.41,55.64,52.37,52.53,348088
2022-05-10T04:00:00Z,55.65,56.53,52.88,55.13,405252
2022-05-09T04:00:00Z,56.48,57.63,53.565,53.73,417702
2022-05-06T04:00:00Z,58.22,60.5,55.72,57.77,443778
2022-05-05T04:00:00Z,61.9,61.96,57.34,58.46,392246
2022-05-04T04:00:00Z,60.76,63.08,57.8,62.96,373769
2022-05-03T04:00:00Z,60.15,60.68,59.24,60.42,207093
2022-05-02T04:00:00Z,57.95,60.09,57.39,60.09,231682
2022-04-29T04:00:00Z,60.03,62.69,58.03,58.06,219946
2022-04-28T04:00:00Z,58.34,61.875,57.25,61.13,475313
2022-04-27T04:00:00Z,57.1,59.57,56.585,56.73,296085
2022-04-26T04:00:00Z,59.87,60.41,57.88,57.88,276310
2022-04-25T04:00:00Z,58.48,60.76,58.23,60.71,205240
2022-04-22T04:00:00Z,59.715,60.51,58.33,58.46,245924
2022-04-21T04:00:00Z,64,65.13,59.5,59.96,348339
2022-04-20T04:00:00Z,64.44,65.06,62.53,62.9,261075
2022-04-19T04:00:00Z,61.04,63.9,60.55,63.74,407461
2022-04-18T04:00:00Z,60.63,62.45,60.16,61.73,248038
2022-04-14T04:00:00Z,63.53,63.53,60.92,60.94,189271
2022-04-13T04:00:00Z,60.76,63.745,60.09,63.3,387581
2022-04-12T04:00:00Z,62.9,63.23,59.76,60.14,284592
2022-04-11T04:00:00Z,61.83,62.305,60.47,60.73,688516
2022-04-08T04:00:00Z,65.44,65.44,63,63.12,412652
2022-04-07T04:00:00Z,66.105,67.11,63.54,65.67,410350
2022-04-06T04:00:00Z,66.72,67.72,64.94,66.43,573740
2022-04-05T04:00:00Z,72.26,72.26,68.21,68.31,321784
2022-04-04T04:00:00Z,71.78,73,70.76,72.96,261126
2022-04-01T04:00:00Z,72.24,72.63,69.42,71.11,344702
2022-03-31T04:00:00Z,73.15,73.75,71.62,71.63,304880
2022-03-30T04:00:00Z,74.97,75.45,72.27,73.06,251794
2022-03-29T04:00:00Z,75.93,76.59,74.35,76.16,389585
2022-03-28T04:00:00Z,73.65,74.4,71.99,74.3,260769
2022-03-25T04:00:00Z,73.715,74.84,73.03,74.39,311789
2022-03-24T04:00:00Z,69.98,73.86,69.31,73.86,338114
2022-03-23T04:00:00Z,70.2,71.99,68.93,68.93,268833
2022-03-22T04:00:00Z,70.57,72.81,70.38,71.33,226090
2022-03-21T04:00:00Z,70.745,71.71,69.16,70.72,290010
2022-03-18T04:00:00Z,69.105,71.765,68.13,71.33,371202
2022-03-17T04:00:00Z,68.045,69.45,67.09,69.41,238185
2022-03-16T04:00:00Z,67.49,69.33,65.06,68.97,495985
2022-03-15T04:00:00Z,61.34,65.96,61.02,65.77,630213
2022-03-14T04:00:00Z,62.88,63,58.85,60.24,525191
2022-03-11T05:00:00Z,65.93,66.51,62.94,63.13,259678
2022-03-10T05:00:00Z,65.16,66.65,64.38,65.23,309600
2022-03-09T05:00:00Z,66.43,67.27,65.04,66.57,302041
2022-03-08T05:00:00Z,61.47,68.125,60.845,64.54,510299
2022-03-07T05:00:00Z,64.46,66.53,60.98,61.27,643379
2022-03-04T05:00:00Z,63.87,68.4,62.37,63.42,798882
2022-03-03T05:00:00Z,68.33,68.8,64.705,65.29,696649
2022-03-02T05:00:00Z,66.425,68.48,65.29,67.68,528060
2022-03-01T05:00:00Z,68.47,68.51,64.14,65.01,423345
2022-02-28T05:00:00Z,68.05,69.38,66.28,68.28,348605
2022-02-25T05:00:00Z,67.94,69.3,66.325,68.745,272697
2022-02-24T05:00:00Z,61.41,68.07,61,67.8,541914
2022-02-23T05:00:00Z,67.65,68.71,64.67,64.78,315595
2022-02-22T05:00:00Z,66.77,68.84,65.77,66.67,264975
2022-02-18T05:00:00Z,68.19,69.015,66.3,67.28,246156
2022-02-17T05:00:00Z,70.55,71,67.185,67.51,471747
2022-02-16T05:00:00Z,72.365,72.785,70.6,72.04,244326
2022-02-15T05:00:00Z,70.01,74.215,70.01,74.18,492222
2022-02-14T05:00:00Z,68.01,69.83,66.65,67.76,358156
2022-02-11T05:00:00Z,73.63,74.77,67.49,68.02,561472
2022-02-10T05:00:00Z,74.92,78.17,73.21,73.88,348452
2022-02-09T05:00:00Z,77.2,77.94,75.34,77.74,317541
2022-02-08T05:00:00Z,71.23,76.755,71.16,76.53,413145
2022-02-07T05:00:00Z,71.37,73.19,71.28,71.55,246701
2022-02-04T05:00:00Z,68.66,71.94,68.66,71.24,270611
2022-02-03T05:00:00Z,71.02,72.52,68.37,68.58,292222
2022-02-02T05:00:00Z,74.11,75.085,71.94,74.08,642195
2022-02-01T05:00:00Z,71.96,72.61,69.34,72.37,541141
2022-01-31T05:00:00Z,66.98,71.42,66.94,71.42,719868
2022-01-28T05:00:00Z,64.9,66.33,62.58,66.33,349386
2022-01-27T05:00:00Z,69.41,70.18,64.74,64.865,679538
2022-01-26T05:00:00Z,70.09,72.185,66.97,67.71,973858
2022-01-25T05:00:00Z,69.605,70.09,66.96,66.96,607505
2022-01-24T05:00:00Z,71,72.2,66.99,72.14,720376
2022-01-21T05:00:00Z,72.915,76.11,72.23,72.43,541151
2022-01-20T05:00:00Z,77.47,78.62,73.79,73.88,372764
2022-01-19T05:00:00Z,78.36,79.24,75.78,76.86,634566
2022-01-18T05:00:00Z,80.85,81.5,77.44,77.63,381936
2022-01-14T05:00:00Z,77.95,83.11,77.905,83.07,749902
2022-01-13T05:00:00Z,85.91,86.62,78.525,78.64,608787
2022-01-12T05:00:00Z,87.33,87.39,84.47,84.95,315645
2022-01-11T05:00:00Z,81.16,86.415,80.895,86.23,782828
2022-01-10T05:00:00Z,81.05,82.29,77.41,82.235,572597
2022-01-07T05:00:00Z,85.55,85.86,82.61,83.15,415113
2022-01-06T05:00:00Z,82.27,86.24,82.13,85.53,442998
2022-01-05T05:00:00Z,87.38,89.67,84.01,84.06,348261
2022-01-04T05:00:00Z,90.52,91.74,86.48,88.32,402667
2022-01-03T05:00:00Z,88.25,90.02,87.87,89.37,162245
2021-12-31T05:00:00Z,87.55,88.54,87.45,87.56,138668
2021-12-30T05:00:00Z,88.54,88.96,87.295,87.46,122013
2021-12-29T05:00:00Z,88.29,88.94,87.72,88.54,118629
2021-12-28T05:00:00Z,90.89,91.03,87.76,87.865,267545
2021-12-27T05:00:00Z,88.29,91.16,88.27,90.91,247008
2021-12-23T05:00:00Z,88.4,89.5,87.53,87.6,184070
2021-12-22T05:00:00Z,86.14,88.4,85.69,88.31,240495
2021-12-21T05:00:00Z,86.635,87.16,84.46,86.32,564618
2021-12-20T05:00:00Z,82.58,84.51,82.58,84.145,241410
2021-12-17T05:00:00Z,81.86,85.36,81.6,84.02,340718
2021-12-16T05:00:00Z,89.795,89.795,82.67,83.59,609935
2021-12-15T05:00:00Z,85.145,88.8,84.065,88.7,456491
2021-12-14T05:00:00Z,84.76,86.6,84.39,85.33,301803
2021-12-13T05:00:00Z,89.18,89.55,86.5,86.51,194755
2021-12-10T05:00:00Z,91.33,92.185,88.23,89.04,371396
2021-12-09T05:00:00Z,90.62,92.76,89.73,89.96,368928
2021-12-08T05:00:00Z,90.74,93.83,89.54,91.29,443686
2021-12-07T05:00:00Z,87.455,92.4,86.91,91.61,892085
2021-12-06T05:00:00Z,83.13,85.98,80.45,85.56,593554
2021-12-03T05:00:00Z,85.885,88.39,80.54,83.68,2040381
2021-12-02T05:00:00Z,70.14,72.125,69.38,71.03,565211
2021-12-01T05:00:00Z,72.745,75.01,70.83,70.92,331838
2021-11-30T05:00:00Z,74.705,75.14,71.05,71.17,472594
2021-11-29T05:00:00Z,73.355,75.25,73.05,75.05,288813
2021-11-26T05:00:00Z,72.54,74.055,71.55,71.98,151017
2021-11-24T05:00:00Z,72.46,73.98,71.955,73.85,156913
2021-11-23T05:00:00Z,72.955,73.96,71.305,73.26,180442
2021-11-22T05:00:00Z,75.05,76.11,72.46,72.72,306851
2021-11-19T05:00:00Z,75.19,75.77,74.37,74.6,209595
2021-11-18T05:00:00Z,74.72,75.24,74.24,75.22,321365
2021-11-17T05:00:00Z,73.975,74.325,73.16,73.64,199501
2021-11-16T05:00:00Z,72.53,74.09,72,73.77,217060
2021-11-15T05:00:00Z,73.63,73.63,71.53,72.96,130945
2021-11-12T05:00:00Z,73.81,74.465,72.605,73.49,182733
2021-11-11T05:00:00Z,71.59,73.51,71.57,73.46,207221
2021-11-10T05:00:00Z,71.94,73.25,70.64,70.93,314747
2021-11-09T05:00:00Z,73.77,73.95,72.235,72.99,201995
2021-11-08T05:00:00Z,72.2,73.735,71.84,73.01,180316
2021-11-05T04:00:00Z,72.11,72.92,71.38,71.92,221270
2021-11-04T04:00:00Z,69.76,71.62,68.885,71.58,283967
2021-11-03T04:00:00Z,69.625,69.665,68.82,69.24,117217
2021-11-02T04:00:00Z,68.91,71.385,68.91,69.91,330039
2021-11-01T04:00:00Z,68.75,68.97,67.78,68.97,224593
2021-10-29T04:00:00Z,67.8,68.88,67.8,68.52,234766
2021-10-28T04:00:00Z,68.13,68.575,67.675,68.475,118306
2021-10-27T04:00:00Z,67.425,68.55,67.26,67.71,506106
2021-10-26T04:00:00Z,68.635,69.09,67.67,67.73,288588
2021-10-25T04:00:00Z,66.625,67.95,66.38,67.71,149211
2021-10-22T04:00:00Z,67.415,67.66,65.89,66.29,132590
2021-10-21T04:00:00Z,66.3,67.11,65.96,67.06,204482
2021-10-20T04:00:00Z,67.81,67.98,66.65,67.19,129161
2021-10-19T04:00:00Z,67.35,68.115,66.64,67.82,214120
2021-10-18T04:00:00Z,65.29,67.2,65.11,67.17,222124
2021-10-15T04:00:00Z,65.895,66.28,65.37,65.705,165349
2021-10-14T04:00:00Z,64.97,66.105,64.54,65.27,480334
2021-10-13T04:00:00Z,64.61,64.63,63.23,63.38,351637
2021-10-12T04:00:00Z,64.2,64.44,62.53,63.56,187810
2021-10-11T04:00:00Z,64.16,64.865,63.4,63.4,176789
2021-10-08T04:00:00Z,65.39,65.59,64.34,64.64,171300
2021-10-07T04:00:00Z,65.03,67.18,64.51,65.17,458860
2021-10-06T04:00:00Z,58.8,64.27,58.62,63.8,813700
2021-10-05T04:00:00Z,58.37,60.03,58.37,59.38,282536
2021-10-04T04:00:00Z,59.33,59.41,56.87,57.6,203801
2021-10-01T04:00:00Z,60.46,60.47,58.36,59.8,239280
2021-09-30T04:00:00Z,60.41,61.625,60.26,60.32,151401
2021-09-29T04:00:00Z,61.06,61.805,60.09,60.1,168625
2021-09-28T04:00:00Z,61.6,61.855,60.69,60.75,242912
2021-09-27T04:00:00Z,62.74,63.58,62.07,63.08,189706
2021-09-24T04:00:00Z,63.03,63.93,62.79,63.625,67294
2021-09-23T04:00:00Z,62.89,63.97,62.83,63.46,123033
2021-09-22T04:00:00Z,61.55,62.84,61.28,62.73,144023
2021-09-21T04:00:00Z,61.01,61.46,60.17,61.02,54365
2021-09-20T04:00:00Z,60.59,61.24,59.41,60.73,146935
2021-09-17T04:00:00Z,63.14,63.14,61.775,62.1,365313
2021-09-16T04:00:00Z,61.855,63.32,61.7,63.23,245836
2021-09-15T04:00:00Z,62.32,62.905,61.835,62.455,127760
2021-09-14T04:00:00Z,62.62,62.99,61.885,62.29,95386
2021-09-13T04:00:00Z,61.735,62.45,61.06,62.45,184068
2021-09-10T04:00:00Z,61.89,62.57,61.12,61.16,135897
2021-09-09T04:00:00Z,60.85,61.825,60.66,61.21,99349
2021-09-08T04:00:00Z,60.9,61.33,59.91,60.37,84296
2021-09-07T04:00:00Z,61.66,62.025,61.21,61.21,113245
2021-09-03T04:00:00Z,61.265,62.175,61.1,61.5,57708
2021-09-02T04:00:00Z,61.21,61.49,60.79,61.3,100750
2021-09-01T04:00:00Z,61.565,61.63,60.62,60.72,147104
2021-08-31T04:00:00Z,61.97,61.97,61.14,61.19,201754
2021-08-30T04:00:00Z,61.53,63.07,61.48,61.97,282710
2021-08-27T04:00:00Z,61.54,62.22,60.125,61.34,583811
2021-08-26T04:00:00Z,63.55,64.03,62.85,63.2,193923
2021-08-25T04:00:00Z,62.99,63.44,62.48,63.21,150491
2021-08-24T04:00:00Z,62.32,62.81,61.95,62.575,188714
2021-08-23T04:00:00Z,60.7,62.19,60.36,62.005,187129
2021-08-20T04:00:00Z,59.45,59.91,58.77,59.87,130008
2021-08-19T04:00:00Z,57.35,59.42,57.12,58.97,212385
2021-08-18T04:00:00Z,58.33,59.09,57.78,57.78,102972
2021-08-17T04:00:00Z,58.34,58.76,57.61,58.535,262687
2021-08-16T04:00:00Z,60.16,60.225,58.7,59.185,164166
2021-08-13T04:00:00Z,59.86,60.45,59.53,60.42,94365
2021-08-12T04:00:00Z,59.03,60.87,58.61,59.855,165218
2021-08-11T04:00:00Z,59.87,60.35,59.12,59.73,123765
2021-08-10T04:00:00Z,60.64,60.81,59.495,59.7,160933
2021-08-09T04:00:00Z,60.87,60.96,60.12,60.45,55174
2021-08-06T04:00:00Z,60.61,61.055,60.38,60.58,158269
2021-08-05T04:00:00Z,62.17,62.71,60.86,61.09,193369
2021-08-04T04:00:00Z,61.5,62.615,61.38,61.91,409860
2021-08-03T04:00:00Z,60.06,61.42,59.345,61.38,210259
2021-08-02T04:00:00Z,60.98,61.48,60.4,60.57,127152
2021-07-30T04:00:00Z,59.71,60.59,59.52,60.52,191981
2021-07-29T04:00:00Z,59.29,60.38,59.115,60.33,126476
2021-07-28T04:00:00Z,58.14,59.125,58.115,59.02,82557
2021-07-27T04:00:00Z,58.875,58.875,56.495,57.995,143162
2021-07-26T04:00:00Z,58.65,59.23,58.6,58.99,67256
2021-07-23T04:00:00Z,58.37,59.27,57.88,58.92,95774
2021-07-22T04:00:00Z,57.47,58.05,57.45,58,57796
2021-07-21T04:00:00Z,56.69,58.36,56.42,58.36,98712
2021-07-20T04:00:00Z,54.875,57.025,54.6,56.565,103642
2021-07-19T04:00:00Z,53.11,54.95,52.79,54.77,236887
2021-07-16T04:00:00Z,55.59,56.08,53.775,53.955,222418
2021-07-15T04:00:00Z,56.225,57.02,55.37,55.685,161590
2021-07-14T04:00:00Z,57.425,57.45,55.91,55.95,165527
2021-07-13T04:00:00Z,57.13,57.45,56.515,56.77,249780
2021-07-12T04:00:00Z,57.05,57.41,56.57,57.33,154984
2021-07-09T04:00:00Z,56.28,57.315,55.86,56.98,248888
2021-07-08T04:00:00Z,55,56.63,55,56.19,147176
2021-07-07T04:00:00Z,58.085,58.13,56.115,56.67,252038
2021-07-06T04:00:00Z,57.555,57.82,56.835,57.49,175444
2021-07-02T04:00:00Z,57.435,57.67,56.71,57.405,133268
2021-07-01T04:00:00Z,57.975,57.975,56.875,57.41,201446
2021-06-30T04:00:00Z,58.575,58.87,58.07,58.35,130299
2021-06-29T04:00:00Z,58.18,58.93,57.905,58.77,227247
2021-06-28T04:00:00Z,57.325,58.865,57.12,58.625,497404
2021-06-25T04:00:00Z,56.33,56.435,55.92,56.36,154305
2021-06-24T04:00:00Z,55.03,56.28,54.8,56.16,224101
2021-06-23T04:00:00Z,54.315,54.83,54.315,54.545,174194
2021-06-22T04:00:00Z,55.02,55.02,53.955,54.36,247122
2021-06-21T04:00:00Z,54.28,55.29,53.7,54.865,190439
2021-06-18T04:00:00Z,54.59,55.25,54.14,54.14,237009
2021-06-17T04:00:00Z,53.89,55.395,53.85,55.14,233173
2021-06-16T04:00:00Z,53.87,54.525,53.22,54.1,235741
2021-06-15T04:00:00Z,53.64,53.88,53.12,53.58,122518
2021-06-14T04:00:00Z,52.33,54,52.245,53.78,237943
2021-06-11T04:00:00Z,51.65,52.08,51.24,52.065,253869
2021-06-10T04:00:00Z,50.4,51.915,50.33,51.825,346410
2021-06-09T04:00:00Z,50.58,51.295,50.15,50.35,291800
2021-06-08T04:00:00Z,51.17,52.6,49.41,50.73,964393
2021-06-07T04:00:00Z,48.68,48.85,48.16,48.335,242096
2021-06-04T04:00:00Z,47.65,48.775,47.65,48.71,118538
2021-06-03T04:00:00Z,46.96,47.88,46.81,47.17,188254
2021-06-02T04:00:00Z,47.67,48,47.275,47.55,100840
2021-06-01T04:00:00Z,48.56,48.94,47.6,47.76,134772
2021-05-28T04:00:00Z,48.44,49.19,48.235,48.315,193036
2021-05-27T04:00:00Z,48.35,48.665,47.855,48.4,177033
2021-05-26T04:00:00Z,48.36,48.77,47.85,48.63,395275
2021-05-25T04:00:00Z,47.95,48.4,47.545,48.045,248962
2021-05-24T04:00:00Z,46.71,47.86,46.63,47.6,190806
2021-05-21T04:00:00Z,46.675,46.69,45.93,46.23,333619
2021-05-20T04:00:00Z,44.79,46.42,44.79,46.29,693292
2021-05-19T04:00:00Z,41.45,44.82,41.275,44.55,409256
2021-05-18T04:00:00Z,43.045,43.2,42.35,42.47,160705
2021-05-17T04:00:00Z,42.85,43.26,42.26,42.81,95761
2021-05-14T04:00:00Z,42.34,43.8,41.93,43.29,193508
2021-05-13T04:00:00Z,42.03,42.74,40.8,41.575,181359
2021-05-12T04:00:00Z,42.91,43.07,41.17,41.51,423342
2021-05-11T04:00:00Z,42.63,44.565,42.08,44.26,304065
2021-05-10T04:00:00Z,45.33,45.835,44.3,44.3,192038
2021-05-07T04:00:00Z,45.895,46.575,45.54,45.95,90074
2021-05-06T04:00:00Z,44.41,45.655,44.07,45.55,146574
2021-05-05T04:00:00Z,44.94,45.625,44.405,44.77,162112
2021-05-04T04:00:00Z,43.45,44.5,42.685,44.5,399308
2021-05-03T04:00:00Z,45.54,45.54,44.13,44.3,185156
2021-04-30T04:00:00Z,46.35,46.71,45.06,45.18,210370
2021-04-29T04:00:00Z,47.295,47.445,46.2,47.255,118433
2021-04-28T04:00:00Z,45.89,47.015,45.57,46.8,306271
2021-04-27T04:00:00Z,47.475,47.63,45.84,45.91,267290
2021-04-26T04:00:00Z,46.395,47.39,46.335,47.3,277973
2021-04-23T04:00:00Z,45.44,46.46,45.305,46.12,232611
2021-04-22T04:00:00Z,47.61,47.61,45.045,45.065,491315
2021-04-21T04:00:00Z,45.63,47.485,45.26,47.47,177779
2021-04-20T04:00:00Z,46.49,47.11,45.675,45.78,469424
2021-04-19T04:00:00Z,47.44,47.79,46.12,46.635,208634
2021-04-16T04:00:00Z,48.68,48.85,47.43,47.89,419087
2021-04-15T04:00:00Z,48.62,49.005,48.175,48.8,210527
2021-04-14T04:00:00Z,48.8,49.305,47.82,48.05,205905
2021-04-13T04:00:00Z,49.815,49.96,48.175,48.74,147093
2021-04-12T04:00:00Z,49.29,50.05,48.715,49.635,427509
2021-04-09T04:00:00Z,49.64,50.13,49.3,49.58,326137
2021-04-08T04:00:00Z,51.03,51.47,49.93,50.375,291568
2021-04-07T04:00:00Z,50.67,50.92,50.12,50.33,237162
2021-04-06T04:00:00Z,50.55,51.2,50.115,50.8,246052
2021-04-05T04:00:00Z,50.405,51.205,50.12,51.07,332607
2021-04-01T04:00:00Z,49.82,49.9,48.825,49.71,439630
2021-03-31T04:00:00Z,48.06,49.59,47.9,49,341955
2021-03-30T04:00:00Z,46.28,47.5,45.96,47.34,334272
2021-03-29T04:00:00Z,46.75,47.12,45.92,46.5,350778
2021-03-26T04:00:00Z,44.53,47.06,44.49,47.03,454935
2021-03-25T04:00:00Z,44.145,45.06,43.67,44.74,437358
2021-03-24T04:00:00Z,46.89,47.43,45.225,45.225,635577
2021-03-23T04:00:00Z,47.69,47.77,45.95,46.15,403620
2021-03-22T04:00:00Z,47.89,48.54,47.33,47.725,281573
2021-03-19T04:00:00Z,45.91,47.235,45.54,47.06,449638
2021-03-18T04:00:00Z,47.2,47.42,45.5,45.54,331335
2021-03-17T04:00:00Z,46.68,48.49,46.33,48.115,329438
2021-03-16T04:00:00Z,48.74,49.18,47.59,47.96,359529
2021-03-15T04:00:00Z,47.34,48.37,47.16,48.37,298098
2021-03-12T05:00:00Z,44.96,47.465,44.91,47.105,457322
2021-03-11T05:00:00Z,44.59,46.635,44.29,46.31,707437
2021-03-10T05:00:00Z,44.81,44.86,42.745,42.745,681877
2021-03-09T05:00:00Z,42.16,44.485,41.67,43.84,866094
2021-03-08T05:00:00Z,42.38,42.92,39.975,40.1,675871
2021-03-05T05:00:00Z,40.69,41.63,37.95,41.5,744696
2021-03-04T05:00:00Z,43.11,43.57,39.905,40.05,1512793
2021-03-03T05:00:00Z,47,47.54,45.33,45.46,476207
2021-03-02T05:00:00Z,49.8,49.8,47.79,47.79,288822
2021-03-01T05:00:00Z,49.11,49.535,48.215,49.535,227719
2021-02-26T05:00:00Z,47.32,48.56,46.64,48.325,381364
2021-02-25T05:00:00Z,48.82,49.36,46.14,46.535,323629
2021-02-24T05:00:00Z,48.44,49.28,47.48,49.27,363821
2021-02-23T05:00:00Z,48.17,49.395,46.69,48.81,426733
2021-02-22T05:00:00Z,51.2,51.35,49.48,49.715,298223
2021-02-19T05:00:00Z,51.16,52.22,50.82,51.83,434695
2021-02-18T05:00:00Z,49.96,50.98,49.26,50.46,430943
2021-02-17T05:00:00Z,52.09,52.27,50.105,50.475,335574
2021-02-16T05:00:00Z,54.53,54.54,52.62,52.94,308319
2021-02-12T05:00:00Z,52.09,54.125,51.565,53.8,382681
2021-02-11T05:00:00Z,51.205,52.235,50.85,52.12,307108
2021-02-10T05:00:00Z,51.29,51.38,49.86,50.545,219318
2021-02-09T05:00:00Z,51.21,51.74,51.015,51.23,147179
2021-02-08T05:00:00Z,50.48,51.61,50.41,51.59,195966
2021-02-05T05:00:00Z,50.66,50.66,49.62,50.05,306288
2021-02-04T05:00:00Z,51.2,51.23,49.95,50.125,188169
2021-02-03T05:00:00Z,52.9,52.97,50.735,51.05,272168
2021-02-02T05:00:00Z,53.95,53.95,51.87,52.805,198231
2021-02-01T05:00:00Z,52.06,53.055,51.61,52.84,224115
2021-01-29T05:00:00Z,52.115,52.48,51.05,51.44,243844
2021-01-28T05:00:00Z,51.63,53.05,51.585,52.155,285633
2021-01-27T05:00:00Z,53.1,53.57,50.95,51.09,458817
2021-01-26T05:00:00Z,54.635,54.93,53.2,54.04,192919
2021-01-25T05:00:00Z,53.36,54.87,52.52,54.49,351312
2021-01-22T05:00:00Z,52.85,53.36,52.605,52.605,208060
2021-01-21T05:00:00Z,54.555,54.555,52.91,53.385,287060
2021-01-20T05:00:00Z,55.19,55.67,54.03,54.03,392435
2021-01-19T05:00:00Z,51.7,54.35,51.7,53.81,460770
2021-01-15T05:00:00Z,51.45,51.7,50.275,50.78,267835
2021-01-14T05:00:00Z,50.21,51.93,50,51.275,516971
2021-01-13T05:00:00Z,50.65,50.69,49.45,50.235,165834
2021-01-12T05:00:00Z,51.02,51.23,50.07,50.675,188702
2021-01-11T05:00:00Z,48.73,50.535,48.45,50.285,369556
2021-01-08T05:00:00Z,49.92,50.63,48.42,49.075,479833
2021-01-07T05:00:00Z,47.325,49.115,47.325,49.045,375749
2021-01-06T05:00:00Z,46.78,47.575,46.38,46.52,208876
2021-01-05T05:00:00Z,46.02,47.59,46.02,47.565,202975
2021-01-04T05:00:00Z,47.82,48.55,45.845,46.285,484294
2020-12-31T05:00:00Z,47.53,47.765,47.09,47.59,130545
2020-12-30T05:00:00Z,46.6,47.635,46.57,47.515,170395
2020-12-29T05:00:00Z,47.39,47.39,45.66,46.225,299825
2020-12-28T05:00:00Z,47.9,48.01,46.765,46.99,205028
2020-12-24T05:00:00Z,46.7,47.07,46.26,47.025,187781
2020-12-23T05:00:00Z,47.23,47.45,46.37,46.38,283940
2020-12-22T05:00:00Z,47.43,47.68,46.505,47.13,147373
2020-12-21T05:00:00Z,47.09,47.68,46.44,47.27,410240
2020-12-18T05:00:00Z,47.16,48.42,47.12,47.54,419834
2020-12-17T05:00:00Z,45.89,47.23,45.87,47.145,526678
2020-12-16T05:00:00Z,45.08,45.36,44.495,45.325,337926
2020-12-15T05:00:00Z,45.03,45.425,44.52,45.12,213337
2020-12-14T05:00:00Z,43.95,45.01,43.71,44.325,376724
2020-12-11T05:00:00Z,42.865,43.32,42.105,42.93,211212
2020-12-10T05:00:00Z,42.35,43.335,42.2,42.93,170855
2020-12-09T05:00:00Z,43.835,44.32,42.43,42.59,173374
2020-12-08T05:00:00Z,44.08,44.12,43.33,43.685,290456
2020-12-07T05:00:00Z,43.475,44.185,43.16,44.15,272555
2020-12-04T05:00:00Z,44.31,44.77,42.85,43.35,911640
2020-12-03T05:00:00Z,45.86,45.975,45.015,45.5,482456
2020-12-02T05:00:00Z,46.415,46.655,45.455,45.6,226345
2020-12-01T05:00:00Z,46.65,47.18,46.23,46.655,267200
2020-11-30T05:00:00Z,45.57,46.375,44.56,46.335,262984
2020-11-27T05:00:00Z,44.93,45.555,44.93,45.13,70975
2020-11-25T05:00:00Z,44.88,45.18,44.38,44.575,146262
2020-11-24T05:00:00Z,44.72,44.85,43.78,44.835,146287
2020-11-23T05:00:00Z,44.18,44.76,43.525,44.6,192370
2020-11-20T05:00:00Z,44.34,44.81,43.95,43.95,188619
2020-11-19T05:00:00Z,43.05,44.4,42.79,44.185,161413
2020-11-18T05:00:00Z,42.86,43.595,42.75,43.11,212940
2020-11-17T05:00:00Z,43.15,43.45,42.57,42.99,178439
2020-11-16T05:00:00Z,43.54,43.82,42.69,43.265,326602
2020-11-13T05:00:00Z,43.05,43.94,42.695,43.295,374022
2020-11-12T05:00:00Z,42.175,42.44,41.31,41.59,234214
2020-11-11T05:00:00Z,41.19,42.91,41.075,42.255,388466
2020-11-10T05:00:00Z,41.88,42.06,39.42,40.32,632516
2020-11-09T05:00:00Z,45.61,45.61,42.135,42.145,1406896
2020-11-06T05:00:00Z,41.425,45.805,41,45.12,1234384
2020-11-05T05:00:00Z,40.14,41.535,39.87,41.515,940634
2020-11-04T05:00:00Z,37.86,39.475,37.4,39.18,394848
2020-11-03T05:00:00Z,37.175,37.635,37.02,37.19,441039
2020-11-02T05:00:00Z,37.9,37.9,36.52,36.88,517612
2020-10-30T04:00:00Z,38.255,38.65,37.01,37.53,877748
2020-10-29T04:00:00Z,36.1,39.64,35.315,38.215,1109357
2020-10-28T04:00:00Z,40.61,40.76,39.52,39.52,275963
2020-10-27T04:00:00Z,41.22,41.795,40.85,41.505,212512
2020-10-26T04:00:00Z,41,41.89,40.41,40.9,186675
2020-10-23T04:00:00Z,41.28,41.46,40.485,41.44,201883
2020-10-22T04:00:00Z,40.53,41.24,39.85,41.055,193935
2020-10-21T04:00:00Z,41.59,41.76,40.35,40.42,268685
2020-10-20T04:00:00Z,42.24,42.32,41.38,41.685,180363
2020-10-19T04:00:00Z,43.25,43.615,41.79,41.82,271440
2020-10-16T04:00:00Z,43.62,43.71,42.955,42.97,198729
2020-10-15T04:00:00Z,42.555,43.145,42.555,42.96,145857
2020-10-14T04:00:00Z,43.99,44.08,43.04,43.34,186987
2020-10-13T04:00:00Z,44.06,44.235,43.31,43.77,248611
2020-10-12T04:00:00Z,44.93,44.93,43.015,43.505,294094
2020-10-09T04:00:00Z,43.82,44.915,43.395,44.62,493209
2020-10-08T04:00:00Z,43.07,43.71,42.54,42.755,534393
2020-10-07T04:00:00Z,43.16,43.66,42.355,42.655,344562
2020-10-06T04:00:00Z,42.08,43.115,41.71,42.2,320558
2020-10-05T04:00:00Z,40.16,41.825,40.1,41.52,301881
2020-10-02T04:00:00Z,39.46,40.44,39.32,39.76,335551
2020-10-01T04:00:00Z,40.39,40.73,39.84,40.31,385631
2020-09-30T04:00:00Z,38.85,39.975,38.83,39.755,216923
2020-09-29T04:00:00Z,39.98,40.53,39.375,39.4,173930
2020-09-28T04:00:00Z,38.665,40.02,38.575,39.9,140486
2020-09-25T04:00:00Z,37.775,38.16,37.22,38.015,123498
2020-09-24T04:00:00Z,37.14,38.56,37.03,37.86,97388
2020-09-23T04:00:00Z,38.85,38.91,37.52,37.565,125139
2020-09-22T04:00:00Z,38.75,38.865,37.695,38.85,127381
2020-09-21T04:00:00Z,37.945,38.415,37.33,38.415,142001
2020-09-18T04:00:00Z,39.03,39.09,37.995,38.475,141249
2020-09-17T04:00:00Z,37.07,38.89,36.78,38.72,183330
2020-09-16T04:00:00Z,39,39.27,38.02,38.025,210811
2020-09-15T04:00:00Z,39.64,39.64,38.805,39.005,160895
2020-09-14T04:00:00Z,39.55,39.825,39.16,39.225,120057
2020-09-11T04:00:00Z,39.175,39.35,38.16,38.785,160200
2020-09-10T04:00:00Z,40.05,40.5,38.39,38.58,152040
2020-09-09T04:00:00Z,38.3,39.62,37.86,39.51,264103
2020-09-08T04:00:00Z,36.775,38.56,36.51,37.555,251438
2020-09-04T04:00:00Z,37.59,38.445,35.975,37.365,341511
2020-09-03T04:00:00Z,39.76,39.96,37.87,38.305,398206
2020-09-02T04:00:00Z,39.96,41.335,39.115,41.22,234955
2020-09-01T04:00:00Z,39.1,40.205,38.87,39.17,352284
2020-08-31T04:00:00Z,38.12,39.225,37.8,38.865,180874
2020-08-28T04:00:00Z,36.67,38.375,36.03,38.27,574356
2020-08-27T04:00:00Z,36,36.595,35.36,35.935,283983
2020-08-26T04:00:00Z,35.44,35.8,35.16,35.605,121202
2020-08-25T04:00:00Z,34.72,35.265,34.59,35.22,213630
2020-08-24T04:00:00Z,34.39,34.73,33.9,34.72,301336
2020-08-21T04:00:00Z,32.9,33.45,32.715,33.45,148716
2020-08-20T04:00:00Z,32.815,32.975,32.545,32.795,169879
2020-08-19T04:00:00Z,33.43,33.55,33.03,33.115,129495
2020-08-18T04:00:00Z,33.97,34.09,33.32,33.365,122587
2020-08-17T04:00:00Z,33.73,33.935,33.325,33.795,102319
2020-08-14T04:00:00Z,34.485,34.765,33.345,33.57,235667
2020-08-13T04:00:00Z,35.18,35.18,34.43,34.695,168390
2020-08-12T04:00:00Z,34.92,35.705,34.91,35.265,75993
2020-08-11T04:00:00Z,35.41,35.43,34.62,34.7,189388
2020-08-10T04:00:00Z,36.12,36.245,35.24,35.3,214091
2020-08-07T04:00:00Z,36.65,36.735,35.37,36.09,399432
2020-08-06T04:00:00Z,37.355,37.355,36.245,36.555,165248
2020-08-05T04:00:00Z,37.6,37.815,36.925,37.795,106128
2020-08-04T04:00:00Z,37.48,37.58,36.905,37.51,113582
2020-08-03T04:00:00Z,37.09,37.575,37,37.46,600844
2020-07-31T04:00:00Z,36.345,36.635,35.91,36.465,239293
2020-07-30T04:00:00Z,34.72,36.04,34.475,35.925,264313
2020-07-29T04:00:00Z,35.03,35.215,34.785,35.12,125039
2020-07-28T04:00:00Z,35.2,35.505,34.905,34.975,104753
2020-07-27T04:00:00Z,35.475,35.845,35.26,35.57,140301
