2024-06-14T04:00:00Z,7.28,7.335,6.935,7.02,121397
2024-06-13T04:00:00Z,7.61,7.62,7.17,7.23,134902
2024-06-12T04:00:00Z,7.775,7.85,7.665,7.7,27604
2024-06-11T04:00:00Z,7.7,7.735,7.495,7.67,161988
2024-06-10T04:00:00Z,7.7,7.9,7.65,7.77,23405
2024-06-07T04:00:00Z,7.575,7.755,7.545,7.72,63003
2024-06-06T04:00:00Z,7.72,7.79,7.54,7.63,42197
2024-06-05T04:00:00Z,7.8,7.94,7.66,7.715,24665
2024-06-04T04:00:00Z,7.7,7.99,7.58,7.86,88136
2024-06-03T04:00:00Z,7.95,7.95,7.645,7.765,46334
2024-05-31T04:00:00Z,7.935,8.08,7.86,8.02,33307
2024-05-30T04:00:00Z,7.86,8.085,7.74,7.96,107856
2024-05-29T04:00:00Z,7.9,8.06,7.7,7.7,98105
2024-05-28T04:00:00Z,8.21,8.22,7.88,7.995,58587
2024-05-24T04:00:00Z,8.165,8.52,8.13,8.17,86759
2024-05-23T04:00:00Z,8.88,8.91,8.1,8.12,195696
2024-05-22T04:00:00Z,9.1,9.195,8.84,8.855,136163
2024-05-21T04:00:00Z,9.12,9.22,8.87,9.19,98997
2024-05-20T04:00:00Z,9.69,9.69,8.905,8.985,190990
2024-05-17T04:00:00Z,9.945,9.945,9.42,9.605,173389
2024-05-16T04:00:00Z,9.68,10.485,9.65,9.765,392035
2024-05-15T04:00:00Z,9.6,9.75,9.47,9.595,48291
2024-05-14T04:00:00Z,9.43,9.78,9.25,9.67,86006
2024-05-13T04:00:00Z,9.21,9.52,9.075,9.42,116150
2024-05-10T04:00:00Z,9.26,9.37,8.91,9.31,88702
2024-05-09T04:00:00Z,9.195,9.445,9.1,9.35,117191
2024-05-08T04:00:00Z,8.81,9.12,8.775,8.985,68469
2024-05-07T04:00:00Z,9.44,9.6,8.76,8.875,273542
2024-05-06T04:00:00Z,9.71,9.94,9.32,9.325,114034
2024-05-03T04:00:00Z,9.805,9.945,9.485,9.635,113301
2024-05-02T04:00:00Z,9.73,10.055,9.535,9.685,139140
2024-05-01T04:00:00Z,10.965,10.965,9.48,9.535,537521
2024-04-30T04:00:00Z,8.8,11.36,8.79,11.31,629643
2024-04-29T04:00:00Z,8.67,9.17,8.395,9.005,104919
2024-04-26T04:00:00Z,8.41,8.88,8.41,8.785,111231
2024-04-25T04:00:00Z,8.68,8.78,8.37,8.39,151675
2024-04-24T04:00:00Z,8.795,9.015,8.61,8.86,102649
2024-04-23T04:00:00Z,8.645,8.86,8.64,8.75,65332
2024-04-22T04:00:00Z,8.79,8.84,8.45,8.58,122523
2024-04-19T04:00:00Z,9.05,9.235,8.73,8.755,138112
2024-04-18T04:00:00Z,9.52,9.525,9.08,9.27,69300
2024-04-17T04:00:00Z,8.95,9.58,8.845,9.515,186442
2024-04-16T04:00:00Z,8.755,9.045,8.575,8.94,80796
2024-04-15T04:00:00Z,8.97,9.05,8.64,8.96,108019
2024-04-12T04:00:00Z,9.64,9.64,8.635,8.955,281675
2024-04-11T04:00:00Z,9.81,9.9,9.33,9.705,139512
2024-04-10T04:00:00Z,9.8,10.06,9.68,9.74,73814
2024-04-09T04:00:00Z,10,10.145,9.76,10.12,63273
2024-04-08T04:00:00Z,10.085,10.25,9.9,10.115,70734
2024-04-05T04:00:00Z,9.59,10.15,9.49,10.115,184274
2024-04-04T04:00:00Z,10.49,10.95,9.25,9.52,388147
2024-04-03T04:00:00Z,10.015,10.55,9.97,10.51,142950
2024-04-02T04:00:00Z,10.32,10.415,10.075,10.09,155578
2024-04-01T04:00:00Z,9.97,10.42,9.9,10.355,128182
2024-03-28T04:00:00Z,10.12,10.355,9.74,9.99,168738
2024-03-27T04:00:00Z,9.5,10.265,9.2,10.13,244396
2024-03-26T04:00:00Z,9.07,9.555,9.07,9.415,64313
2024-03-25T04:00:00Z,9.62,9.75,9.035,9.05,160020
2024-03-22T04:00:00Z,9.63,9.87,9.415,9.585,129752
2024-03-21T04:00:00Z,9,9.8,8.785,9.77,227277
2024-03-20T04:00:00Z,9.13,9.175,8.955,8.98,103263
2024-03-19T04:00:00Z,9.25,9.355,8.985,9.115,206321
2024-03-18T04:00:00Z,9.2,9.495,8.955,9.48,212709
2024-03-15T04:00:00Z,8.1,8.94,8.05,8.85,333189
2024-03-14T04:00:00Z,7.71,7.86,7.565,7.735,110113
2024-03-13T04:00:00Z,7.52,7.77,7.49,7.74,165607
2024-03-12T04:00:00Z,7.615,7.67,7.3,7.425,185377
2024-03-11T04:00:00Z,7.85,7.95,7.37,7.45,153407
2024-03-08T05:00:00Z,8.02,8.17,7.875,8.11,149959
2024-03-07T05:00:00Z,7.94,8.08,7.585,7.71,128894
2024-03-06T05:00:00Z,8.43,8.51,7.9,7.94,207508
2024-03-05T05:00:00Z,8.53,8.92,8.24,8.56,73506
2024-03-04T05:00:00Z,8.76,8.87,8.56,8.59,37123
2024-03-01T05:00:00Z,8.635,8.96,8.56,8.87,73589
2024-02-29T05:00:00Z,8.86,9.15,8.525,8.595,134737
2024-02-28T05:00:00Z,8.84,9.105,8.67,8.75,80518
2024-02-27T05:00:00Z,9.17,9.265,8.81,8.81,99661
2024-02-26T05:00:00Z,9.63,9.66,9.025,9.175,129795
2024-02-23T05:00:00Z,9.2,9.63,9.145,9.58,172077
2024-02-22T05:00:00Z,8.86,9.2,8.85,9.18,115846
2024-02-21T05:00:00Z,8.8,8.92,8.66,8.82,45416
2024-02-20T05:00:00Z,8.78,8.945,8.625,8.84,51850
2024-02-16T05:00:00Z,9.01,9.105,8.68,9.05,61854
2024-02-15T05:00:00Z,8.765,9.25,8.765,9,89825
2024-02-14T05:00:00Z,8.7,8.73,8.29,8.59,82226
2024-02-13T05:00:00Z,8.59,9.07,8.44,8.53,132086
2024-02-12T05:00:00Z,9.73,9.73,8.785,8.835,171260
2024-02-09T05:00:00Z,9.64,9.87,9.59,9.62,71811
2024-02-08T05:00:00Z,9.96,10.055,9.56,9.825,133266
2024-02-07T05:00:00Z,10.165,10.42,10.12,10.13,41645
2024-02-06T05:00:00Z,9.93,10.625,9.915,10.39,197394
2024-02-05T05:00:00Z,10.26,10.26,9.81,9.935,51414
2024-02-02T05:00:00Z,10.19,10.635,9.795,10.39,349994
2024-02-01T05:00:00Z,9.38,10.16,9.38,10.06,170511
2024-01-31T05:00:00Z,9.475,9.615,9.145,9.38,85016
2024-01-30T05:00:00Z,9.385,9.69,9.245,9.46,123106
2024-01-29T05:00:00Z,9.03,9.34,8.835,9.34,49257
2024-01-26T05:00:00Z,9.35,9.36,9.11,9.145,92799
2024-01-25T05:00:00Z,9.01,9.285,8.845,9.205,85616
2024-01-24T05:00:00Z,8.615,9.235,8.595,9,144478
2024-01-23T05:00:00Z,8.47,8.615,8.435,8.47,31467
2024-01-22T05:00:00Z,8.53,8.745,8.37,8.65,79476
2024-01-19T05:00:00Z,8.04,8.56,7.71,8.445,72159
2024-01-18T05:00:00Z,8.5,8.5,7.93,7.98,72117
2024-01-17T05:00:00Z,8.61,8.63,8.355,8.42,89960
2024-01-16T05:00:00Z,8.74,9.045,8.325,8.705,226092
2024-01-12T05:00:00Z,7.595,8.215,7.55,8.19,227659
2024-01-11T05:00:00Z,7.095,7.47,7.095,7.425,163991
2024-01-10T05:00:00Z,7.555,7.555,7.06,7.09,177383
2024-01-09T05:00:00Z,7.65,7.675,7.39,7.575,84670
2024-01-08T05:00:00Z,7.925,8.04,7.68,7.81,63736
2024-01-05T05:00:00Z,7.285,8.12,7.11,7.94,108832
2024-01-04T05:00:00Z,7.15,7.54,7.15,7.385,192156
2024-01-03T05:00:00Z,6.73,7.21,6.63,7.155,168559
2024-01-02T05:00:00Z,6.94,7.07,6.595,6.78,42726
2023-12-29T05:00:00Z,6.925,7.035,6.77,7,63513
2023-12-28T05:00:00Z,6.9,7.17,6.9,6.995,58886
2023-12-27T05:00:00Z,7.12,7.145,6.86,6.955,113992
2023-12-26T05:00:00Z,6.495,7.36,6.43,7.16,130375
2023-12-22T05:00:00Z,6.18,6.615,6.07,6.55,76652
2023-12-21T05:00:00Z,6.18,6.2,5.995,6.015,74946
2023-12-20T05:00:00Z,6.2,6.255,6.145,6.16,20345
2023-12-19T05:00:00Z,6.31,6.405,6.205,6.215,48498
2023-12-18T05:00:00Z,6.585,6.665,6.32,6.34,73976
2023-12-15T05:00:00Z,6.42,6.675,6.375,6.64,50036
2023-12-14T05:00:00Z,6.49,6.53,6.22,6.47,118368
2023-12-13T05:00:00Z,6.21,6.53,6.04,6.475,52369
2023-12-12T05:00:00Z,7.01,7.025,6.1,6.105,206857
2023-12-11T05:00:00Z,7.46,7.535,7.02,7.03,77980
2023-12-08T05:00:00Z,7.56,7.59,7.295,7.46,68012
2023-12-07T05:00:00Z,7.54,7.675,7.515,7.585,103056
2023-12-06T05:00:00Z,7.29,7.69,7.265,7.63,224885
2023-12-05T05:00:00Z,7.28,7.335,7.13,7.255,135555
2023-12-04T05:00:00Z,6.86,7.53,6.82,7.24,124219
2023-12-01T05:00:00Z,6.72,6.955,6.71,6.93,25047
2023-11-30T05:00:00Z,6.63,6.86,6.63,6.785,21315
2023-11-29T05:00:00Z,6.92,7.03,6.78,6.78,28636
2023-11-28T05:00:00Z,6.745,6.99,6.685,6.94,73991
2023-11-27T05:00:00Z,6.73,6.88,6.66,6.865,46569
2023-11-24T05:00:00Z,6.86,6.89,6.685,6.74,22098
2023-11-22T05:00:00Z,6.75,6.92,6.69,6.89,78416
2023-11-21T05:00:00Z,6.55,6.92,6.47,6.83,67057
2023-11-20T05:00:00Z,6.825,6.88,6.565,6.66,91363
2023-11-17T05:00:00Z,6.45,6.91,6.39,6.905,65250
2023-11-16T05:00:00Z,6.63,6.69,6.27,6.41,68082
2023-11-15T05:00:00Z,6.71,6.86,6.565,6.705,71676
2023-11-14T05:00:00Z,6.935,7.005,6.595,6.63,79998
2023-11-13T05:00:00Z,6.53,6.955,6.415,6.77,78794
2023-11-10T05:00:00Z,6.25,6.6,6.15,6.57,118253
2023-11-09T05:00:00Z,6.25,6.315,5.955,6.09,27079
2023-11-08T05:00:00Z,6.165,6.36,6.005,6.185,40952
2023-11-07T05:00:00Z,5.94,6.015,5.84,6,56002
2023-11-06T05:00:00Z,5.945,5.975,5.725,5.865,31371
2023-11-03T04:00:00Z,5.83,5.945,5.605,5.885,43253
2023-11-02T04:00:00Z,5.595,5.865,5.575,5.705,116387
2023-11-01T04:00:00Z,5.61,5.61,5.345,5.42,42798
2023-10-31T04:00:00Z,5.1,5.655,5.065,5.61,92880
2023-10-30T04:00:00Z,5.22,5.22,4.92,5.04,423059
2023-10-27T04:00:00Z,5.66,5.66,5.13,5.19,123533
2023-10-26T04:00:00Z,5.91,5.96,5.58,5.63,58069
2023-10-25T04:00:00Z,6.4,6.4,5.925,6.025,94274
2023-10-24T04:00:00Z,6.5,6.63,6.28,6.495,159644
2023-10-23T04:00:00Z,6.62,6.705,6.46,6.49,49516
2023-10-20T04:00:00Z,6.75,6.815,6.6,6.675,92683
2023-10-19T04:00:00Z,6.76,6.99,6.75,6.845,43862
2023-10-18T04:00:00Z,7.3,7.66,6.75,6.8,312739
2023-10-17T04:00:00Z,6.94,7.55,6.88,7.39,209485
2023-10-16T04:00:00Z,6.9,7.18,6.9,7.06,112838
2023-10-13T04:00:00Z,6.99,7.275,6.875,7.03,142945
2023-10-12T04:00:00Z,6.865,7.275,6.76,6.94,121216
2023-10-11T04:00:00Z,7.195,7.195,6.87,6.96,53725
2023-10-10T04:00:00Z,7,7.305,6.97,7.26,144497
2023-10-09T04:00:00Z,7.05,7.16,6.935,7.09,79534
2023-10-06T04:00:00Z,7,7.385,6.95,7.11,107125
2023-10-05T04:00:00Z,7.3,7.3,6.925,6.975,71106
2023-10-04T04:00:00Z,7.41,7.59,7.105,7.14,183470
2023-10-03T04:00:00Z,7.89,7.92,7.54,7.55,43211
2023-10-02T04:00:00Z,8.05,8.14,7.74,8.03,44368
2023-09-29T04:00:00Z,8.13,8.32,7.77,7.95,85881
2023-09-28T04:00:00Z,8.01,8.255,7.695,8.04,78204
2023-09-27T04:00:00Z,8.41,8.78,7.945,8.01,275091
2023-09-26T04:00:00Z,8.05,8.43,7.94,8.09,293830
2023-09-25T04:00:00Z,8.2,8.74,7.91,7.93,130786
2023-09-22T04:00:00Z,7.78,8.08,7.78,8.05,55889
2023-09-21T04:00:00Z,7.975,8.04,7.64,7.795,74748
2023-09-20T04:00:00Z,8.19,8.49,8.12,8.24,45105
2023-09-19T04:00:00Z,8.445,8.62,7.99,8.1,172950
2023-09-18T04:00:00Z,8.9,9.02,8.52,8.835,69394
2023-09-15T04:00:00Z,9.84,9.85,8.92,9.09,313391
2023-09-14T04:00:00Z,8.815,9.2,8.66,8.95,138919
2023-09-13T04:00:00Z,8.645,8.995,8.14,8.45,204655
2023-09-12T04:00:00Z,9.11,9.11,8.095,8.51,213183
2023-09-11T04:00:00Z,8.82,9.265,8.71,9.145,317274
2023-09-08T04:00:00Z,8.205,9.045,8,8.27,518635
2023-09-07T04:00:00Z,8.21,8.57,7.775,8.095,381568
2023-09-06T04:00:00Z,8.56,8.56,7.895,7.92,619681
2023-09-05T04:00:00Z,7.155,8.11,7.05,8.08,337687
2023-09-01T04:00:00Z,6.96,7.26,6.66,6.88,243495
2023-08-31T04:00:00Z,6.245,7.22,6.06,6.75,315884
2023-08-30T04:00:00Z,4.825,6.46,4.815,5.815,607537
2023-08-29T04:00:00Z,4.85,5.02,4.82,4.845,49343
2023-08-28T04:00:00Z,4.82,4.835,4.8,4.815,13663
2023-08-25T04:00:00Z,4.83,4.895,4.81,4.895,22194
2023-08-24T04:00:00Z,4.88,4.9,4.795,4.81,14598
2023-08-23T04:00:00Z,4.975,4.985,4.9,4.955,5597
2023-08-22T04:00:00Z,5.04,5.04,4.98,4.99,11682
2023-08-21T04:00:00Z,4.955,5.075,4.955,5.02,23778
2023-08-18T04:00:00Z,4.95,5.01,4.95,4.98,24894
2023-08-17T04:00:00Z,4.93,5.02,4.93,4.96,14853
2023-08-16T04:00:00Z,4.9,4.97,4.88,4.895,15033
2023-08-15T04:00:00Z,4.91,4.98,4.845,4.9,12987
2023-08-14T04:00:00Z,4.97,5,4.86,4.92,49902
2023-08-11T04:00:00Z,5.09,5.095,4.96,5.025,24690
2023-08-10T04:00:00Z,5.125,5.155,4.99,5.12,288926
2023-08-09T04:00:00Z,5.38,5.38,5.165,5.18,68910
2023-08-08T04:00:00Z,5.28,5.43,5.23,5.43,14660
2023-08-07T04:00:00Z,5.31,5.34,5.22,5.27,35593
2023-08-04T04:00:00Z,5.42,5.42,5.34,5.36,14894
2023-08-03T04:00:00Z,5.37,5.5,5.34,5.42,11765
2023-08-02T04:00:00Z,5.445,5.495,5.39,5.39,36853
2023-08-01T04:00:00Z,5.53,5.58,5.45,5.535,14515
2023-07-31T04:00:00Z,5.42,5.545,5.41,5.53,11856
2023-07-28T04:00:00Z,5.21,5.38,5.2,5.375,27151
2023-07-27T04:00:00Z,5.125,5.2,5.12,5.15,2858
2023-07-26T04:00:00Z,5.28,5.295,5.08,5.13,19316
2023-07-25T04:00:00Z,5.3,5.3,5.135,5.14,39496
2023-07-24T04:00:00Z,5.37,5.39,5.22,5.22,23745
2023-07-21T04:00:00Z,5.51,5.52,5.34,5.34,70815
2023-07-20T04:00:00Z,5.58,5.62,5.365,5.54,56225
2023-07-19T04:00:00Z,5.59,5.755,5.58,5.615,5733
2023-07-18T04:00:00Z,5.72,5.73,5.645,5.65,33973
2023-07-17T04:00:00Z,5.98,5.98,5.66,5.7,34809
2023-07-14T04:00:00Z,6.14,6.14,5.98,6,23058
2023-07-13T04:00:00Z,6.04,6.35,5.89,6.18,47321
2023-07-12T04:00:00Z,6.18,6.19,5.89,5.97,46135
2023-07-11T04:00:00Z,6.15,6.245,6.09,6.245,19427
2023-07-10T04:00:00Z,6.43,6.43,6.115,6.12,64974
2023-07-07T04:00:00Z,5.72,6.25,5.72,6.22,83975
2023-07-06T04:00:00Z,5.84,6.01,5.74,5.78,33679
2023-07-05T04:00:00Z,5.94,6.04,5.83,5.85,52365
2023-07-03T04:00:00Z,5.59,6.09,5.59,5.92,103842
2023-06-30T04:00:00Z,5.55,5.65,5.51,5.54,37279
2023-06-29T04:00:00Z,5.48,5.53,5.44,5.49,40176
2023-06-28T04:00:00Z,5.48,5.53,5.45,5.53,3924
2023-06-27T04:00:00Z,5.5,5.6,5.5,5.55,84297
2023-06-26T04:00:00Z,5.53,5.555,5.45,5.455,3872
2023-06-23T04:00:00Z,5.63,5.655,5.505,5.515,55323
2023-06-22T04:00:00Z,5.61,5.73,5.61,5.69,7124
2023-06-21T04:00:00Z,5.595,5.87,5.54,5.68,170595
2023-06-20T04:00:00Z,5.52,5.625,5.51,5.6,58343
2023-06-16T04:00:00Z,5.55,5.84,5.47,5.47,205363
2023-06-15T04:00:00Z,5.44,5.59,5.365,5.475,21634
2023-06-14T04:00:00Z,5.38,5.47,5.34,5.45,15535
2023-06-13T04:00:00Z,5.44,5.44,5.32,5.32,10189
2023-06-12T04:00:00Z,5.55,5.56,5.39,5.405,11487
2023-06-09T04:00:00Z,5.59,5.59,5.5,5.54,39901
2023-06-08T04:00:00Z,5.55,5.72,5.5,5.51,55053
2023-06-07T04:00:00Z,5.47,5.89,5.4,5.57,141012
2023-06-06T04:00:00Z,5.395,5.4,5.32,5.33,5801
2023-06-05T04:00:00Z,5.39,5.41,5.27,5.29,14310
2023-06-02T04:00:00Z,5.46,5.47,5.35,5.37,7215
2023-06-01T04:00:00Z,5.48,5.49,5.39,5.39,8707
2023-05-31T04:00:00Z,5.545,5.71,5.5,5.5,47134
2023-05-30T04:00:00Z,5.39,5.73,5.39,5.67,46019
2023-05-26T04:00:00Z,5.44,5.44,5.34,5.375,11865
2023-05-25T04:00:00Z,5.78,5.79,5.47,5.51,6988
2023-05-24T04:00:00Z,5.59,5.67,5.51,5.67,4931
2023-05-23T04:00:00Z,5.41,5.655,5.41,5.55,17100
2023-05-22T04:00:00Z,5.38,5.54,5.37,5.475,20968
2023-05-19T04:00:00Z,5.49,5.49,5.33,5.355,13408
2023-05-18T04:00:00Z,5.52,5.67,5.505,5.57,14571
2023-05-17T04:00:00Z,5.49,5.56,5.42,5.45,11906
2023-05-16T04:00:00Z,5.5,5.595,5.415,5.42,13571
2023-05-15T04:00:00Z,5.28,5.385,5.265,5.38,27419
2023-05-12T04:00:00Z,5.29,5.33,5.075,5.25,42999
2023-05-11T04:00:00Z,5.79,5.79,5.26,5.26,191468
2023-05-10T04:00:00Z,6.02,6.04,5.79,5.795,34876
2023-05-09T04:00:00Z,6.13,6.2,5.95,5.99,36742
2023-05-08T04:00:00Z,6.21,6.26,5.96,6.26,26573
2023-05-05T04:00:00Z,6.16,6.355,5.92,6.18,84419
2023-05-04T04:00:00Z,5.35,6.06,5.35,5.82,86285
2023-05-03T04:00:00Z,5.58,5.58,5.33,5.33,13352
2023-05-02T04:00:00Z,5.47,5.695,5.355,5.65,37433
2023-05-01T04:00:00Z,5.5,5.76,5.5,5.63,53283
2023-04-28T04:00:00Z,5.64,5.64,5.45,5.49,17355
2023-04-27T04:00:00Z,6.005,6.005,5.515,5.59,55455
2023-04-26T04:00:00Z,5.15,5.27,5.12,5.19,40996
2023-04-25T04:00:00Z,5.25,5.26,5.13,5.14,8284
2023-04-24T04:00:00Z,5.21,5.28,5.06,5.25,30431
2023-04-21T04:00:00Z,5.16,5.19,5.13,5.14,21540
2023-04-20T04:00:00Z,5.38,5.41,5.17,5.17,32201
2023-04-19T04:00:00Z,5.34,5.45,5.31,5.45,5198
2023-04-18T04:00:00Z,5.485,5.485,5.32,5.35,8422
2023-04-17T04:00:00Z,5.395,5.46,5.36,5.43,19923
2023-04-14T04:00:00Z,5.525,5.525,5.28,5.33,67309
2023-04-13T04:00:00Z,5.485,5.625,5.485,5.51,30859
2023-04-12T04:00:00Z,5.29,5.44,5.29,5.42,23355
2023-04-11T04:00:00Z,5.38,5.38,5.22,5.23,6158
2023-04-10T04:00:00Z,5.35,5.37,5.25,5.345,6588
2023-04-06T04:00:00Z,5.305,5.5,5.28,5.37,16969
2023-04-05T04:00:00Z,5.29,5.29,5.105,5.21,27439
2023-04-04T04:00:00Z,5.44,5.52,5.31,5.31,15070
2023-04-03T04:00:00Z,5.67,5.67,5.45,5.45,21029
2023-03-31T04:00:00Z,5.73,5.775,5.65,5.69,9693
2023-03-30T04:00:00Z,5.87,5.87,5.76,5.78,12504
2023-03-29T04:00:00Z,5.825,5.9,5.825,5.9,1337
2023-03-28T04:00:00Z,5.81,5.9,5.81,5.88,2468
2023-03-27T04:00:00Z,5.735,5.865,5.55,5.825,10949
2023-03-24T04:00:00Z,5.89,5.89,5.755,5.81,13150
2023-03-23T04:00:00Z,6.115,6.135,5.86,5.86,32778
2023-03-22T04:00:00Z,6.15,6.175,6.02,6.06,15862
2023-03-21T04:00:00Z,6.2,6.25,5.925,6.165,29574
2023-03-20T04:00:00Z,6.26,6.33,6.04,6.09,41988
2023-03-17T04:00:00Z,6.29,6.39,6.2,6.3,7471
2023-03-16T04:00:00Z,6.3,6.73,6.26,6.325,57356
2023-03-15T04:00:00Z,6.26,6.3,6.195,6.26,107384
2023-03-14T04:00:00Z,6.505,6.515,6.38,6.435,7229
2023-03-13T04:00:00Z,6.3,6.395,6.3,6.36,15282
2023-03-10T05:00:00Z,6.52,6.58,6.45,6.48,15607
2023-03-09T05:00:00Z,6.81,6.81,6.57,6.58,21715
2023-03-08T05:00:00Z,6.89,6.89,6.7,6.855,23083
2023-03-07T05:00:00Z,6.915,7.05,6.74,7.04,20423
2023-03-06T05:00:00Z,6.98,7.08,6.79,6.84,10071
2023-03-03T05:00:00Z,6.88,6.96,6.84,6.92,7990
2023-03-02T05:00:00Z,6.5,6.89,6.495,6.78,28707
2023-03-01T05:00:00Z,6.34,6.63,6.34,6.56,37906
2023-02-28T05:00:00Z,6.5,6.6,6.5,6.51,9679
2023-02-27T05:00:00Z,6.71,6.71,6.46,6.46,12961
2023-02-24T05:00:00Z,6.6,6.625,6.535,6.6,18582
2023-02-23T05:00:00Z,6.74,6.74,6.61,6.65,13372
2023-02-22T05:00:00Z,6.87,6.87,6.73,6.73,28245
2023-02-21T05:00:00Z,6.87,6.93,6.71,6.88,22721
2023-02-17T05:00:00Z,7.07,7.155,6.97,7.125,9774
2023-02-16T05:00:00Z,6.87,7.24,6.87,7.17,116027
2023-02-15T05:00:00Z,6.8,7,6.8,6.99,20166
2023-02-14T05:00:00Z,6.64,6.93,6.64,6.93,18229
2023-02-13T05:00:00Z,6.77,6.81,6.61,6.66,13737
2023-02-10T05:00:00Z,6.48,6.805,6.48,6.725,20897
2023-02-09T05:00:00Z,6.77,6.77,6.47,6.48,54101
2023-02-08T05:00:00Z,6.85,6.86,6.705,6.705,18531
2023-02-07T05:00:00Z,6.9,6.92,6.725,6.84,12838
2023-02-06T05:00:00Z,6.985,6.99,6.865,6.93,9589
2023-02-03T05:00:00Z,6.83,7.075,6.83,6.95,38806
2023-02-02T05:00:00Z,7.03,7.09,6.835,6.835,29946
2023-02-01T05:00:00Z,6.63,7.085,6.575,6.88,55658
2023-01-31T05:00:00Z,6.39,6.92,6.39,6.67,90853
2023-01-30T05:00:00Z,6.43,6.485,6.375,6.38,32397
2023-01-27T05:00:00Z,6.31,6.46,6.26,6.45,14675
2023-01-26T05:00:00Z,6.53,6.53,6.09,6.18,139065
2023-01-25T05:00:00Z,6.61,6.64,6.41,6.44,41514
2023-01-24T05:00:00Z,6.72,6.735,6.635,6.645,34392
2023-01-23T05:00:00Z,6.88,6.88,6.725,6.74,17210
2023-01-20T05:00:00Z,6.925,6.925,6.775,6.87,13841
2023-01-19T05:00:00Z,6.98,6.98,6.76,6.8,37673
2023-01-18T05:00:00Z,7.28,7.3,6.98,7.02,29670
2023-01-17T05:00:00Z,7.1,7.265,7.09,7.21,17961
2023-01-13T05:00:00Z,6.96,7.09,6.95,7.025,6578
2023-01-12T05:00:00Z,6.96,7.18,6.89,7.08,9339
2023-01-11T05:00:00Z,7.07,7.2,6.92,6.99,20882
2023-01-10T05:00:00Z,6.88,6.96,6.87,6.885,10925
2023-01-09T05:00:00Z,7.22,7.23,6.855,6.9,60008
2023-01-06T05:00:00Z,7.23,7.325,7.085,7.105,23054
2023-01-05T05:00:00Z,7.04,7.25,7.02,7.24,16365
2023-01-04T05:00:00Z,6.89,7.13,6.81,7.11,26230
2023-01-03T05:00:00Z,7.085,7.26,6.775,6.89,69625
2022-12-30T05:00:00Z,6.73,7.03,6.66,6.965,49015
2022-12-29T05:00:00Z,6.75,7.035,6.71,7,35469
2022-12-28T05:00:00Z,6.77,6.98,6.37,6.49,73240
2022-12-27T05:00:00Z,7.09,7.11,6.64,6.71,50336
2022-12-23T05:00:00Z,6.71,7.26,6.675,7.19,81169
2022-12-22T05:00:00Z,6.86,6.92,6.64,6.66,73586
2022-12-21T05:00:00Z,6.905,7.03,6.53,6.85,84695
2022-12-20T05:00:00Z,7.08,7.53,6.81,6.825,223554
2022-12-19T05:00:00Z,8.63,8.63,7.2,7.32,336388
2022-12-16T05:00:00Z,8.3,9.13,8.3,8.8,86350
2022-12-15T05:00:00Z,8.58,9.08,8.1,8.1,71699
2022-12-14T05:00:00Z,9.02,9.02,8.475,8.475,109022
2022-12-13T05:00:00Z,9.75,9.78,8.98,8.995,118736
2022-12-12T05:00:00Z,10.09,10.3,9.395,9.455,96703
2022-12-09T05:00:00Z,10.14,10.55,10.06,10.215,74695
2022-12-08T05:00:00Z,11.03,11.03,10.055,10.14,129197
2022-12-07T05:00:00Z,11.57,11.62,10.98,11.205,171953
2022-12-06T05:00:00Z,13.52,13.52,11.715,12.04,342156
2022-12-05T05:00:00Z,13.695,14.59,13.23,13.64,373411
2022-12-02T05:00:00Z,12.39,13.46,12.18,13.21,182024
2022-12-01T05:00:00Z,11.88,12.91,11.75,12.69,155954
2022-11-30T05:00:00Z,11.63,12.03,11.63,11.92,29914
2022-11-29T05:00:00Z,11.73,11.91,11.65,11.78,48265
2022-11-28T05:00:00Z,11.87,12.03,11.555,11.79,42114
2022-11-25T05:00:00Z,12,12.17,11.92,12.14,39750
2022-11-23T05:00:00Z,11.505,12.05,11.505,12.04,123114
2022-11-22T05:00:00Z,11.27,11.56,11.22,11.54,35843
2022-11-21T05:00:00Z,11.61,11.61,11.15,11.3,103324
2022-11-18T05:00:00Z,12.37,12.37,11.59,11.71,56691
2022-11-17T05:00:00Z,12.335,12.335,12,12.23,49056
2022-11-16T05:00:00Z,12.02,12.33,11.7,12.29,22334
2022-11-15T05:00:00Z,11.86,12.195,11.59,12.1,63838
2022-11-14T05:00:00Z,11.67,12.285,11.39,11.66,100657
2022-11-11T05:00:00Z,11.33,11.62,11.24,11.58,54053
2022-11-10T05:00:00Z,11.39,11.82,11.3,11.34,60573
2022-11-09T05:00:00Z,11,11.63,11,11.13,80063
2022-11-08T05:00:00Z,10.61,11.34,10.54,10.97,78316
2022-11-07T05:00:00Z,10.92,10.94,10.47,10.51,46719
2022-11-04T04:00:00Z,10.97,11.06,10.71,11,44485
2022-11-03T04:00:00Z,10.19,10.84,10.13,10.62,42590
2022-11-02T04:00:00Z,10.56,10.61,10.155,10.24,48355
2022-11-01T04:00:00Z,10.97,10.99,10.66,10.67,38153
2022-10-31T04:00:00Z,10.32,11.42,10.09,11.05,169646
2022-10-28T04:00:00Z,10.39,10.41,10.18,10.3,30597
2022-10-27T04:00:00Z,10.68,10.69,10.345,10.35,37545
2022-10-26T04:00:00Z,10.86,11.04,10.535,10.73,51853
2022-10-25T04:00:00Z,10.74,11.25,10.61,10.73,68120
2022-10-24T04:00:00Z,10.88,10.89,10.49,10.5,21385
2022-10-21T04:00:00Z,10.89,11.1,10.78,10.99,21022
2022-10-20T04:00:00Z,10.58,10.97,10.57,10.89,37589
2022-10-19T04:00:00Z,10.33,10.89,10.25,10.5,48540
2022-10-18T04:00:00Z,10.12,10.355,10.02,10.32,16340
2022-10-17T04:00:00Z,9.81,10.08,9.61,9.97,54249
2022-10-14T04:00:00Z,10.115,10.115,9.485,9.53,48956
2022-10-13T04:00:00Z,9.47,10.06,9.41,10.04,61425
2022-10-12T04:00:00Z,10.05,10.15,9.805,9.86,42386
2022-10-11T04:00:00Z,10.94,10.94,9.92,10.05,102435
2022-10-10T04:00:00Z,11.845,11.95,10.79,10.99,97355
2022-10-07T04:00:00Z,12.78,13.09,11.34,11.75,335373
2022-10-06T04:00:00Z,9.1,12.805,8.81,12.155,367799
2022-10-05T04:00:00Z,9.29,9.29,8.98,9.07,18269
2022-10-04T04:00:00Z,9.54,9.66,9.345,9.39,64928
2022-10-03T04:00:00Z,9.055,9.3,9.03,9.29,30176
2022-09-30T04:00:00Z,8.88,9.06,8.7,8.92,23223
2022-09-29T04:00:00Z,9,9,8.8,8.8,25839
2022-09-28T04:00:00Z,8.9,9.39,8.9,9.21,15332
2022-09-27T04:00:00Z,9.28,9.28,8.805,8.855,53150
2022-09-26T04:00:00Z,9.52,9.65,9.005,9.01,30071
2022-09-23T04:00:00Z,9.93,9.93,9.325,9.4,30111
2022-09-22T04:00:00Z,10.315,10.43,10.04,10.04,8208
2022-09-21T04:00:00Z,10.63,10.84,10.585,10.585,13646
2022-09-20T04:00:00Z,10.725,10.755,10.48,10.48,51438
2022-09-19T04:00:00Z,10.9,10.93,10.64,10.68,85294
2022-09-16T04:00:00Z,11.005,11.07,10.855,10.98,32194
2022-09-15T04:00:00Z,11.32,11.51,11.12,11.175,4812
2022-09-14T04:00:00Z,11.175,11.37,11.175,11.22,24623
2022-09-13T04:00:00Z,11.64,11.75,11.055,11.165,54276
2022-09-12T04:00:00Z,12.57,12.585,11.95,12.05,53152
2022-09-09T04:00:00Z,12.275,12.705,12.275,12.47,52797
2022-09-08T04:00:00Z,12.2,12.315,12.03,12.185,28766
2022-09-07T04:00:00Z,12.52,12.52,12.24,12.42,11469
2022-09-06T04:00:00Z,12.84,12.88,12.34,12.37,44077
2022-09-02T04:00:00Z,12.88,13.165,12.75,12.95,33011
2022-09-01T04:00:00Z,12.72,12.78,12.45,12.64,26351
2022-08-31T04:00:00Z,12.96,13.06,12.68,12.99,21011
2022-08-30T04:00:00Z,13.635,13.76,13.055,13.06,40654
2022-08-29T04:00:00Z,13.025,13.81,12.955,13.58,64343
2022-08-26T04:00:00Z,13.45,13.47,12.85,12.98,29901
2022-08-25T04:00:00Z,12.62,13.465,12.62,13.31,63592
2022-08-24T04:00:00Z,11.62,12.58,11.62,12.54,69209
2022-08-23T04:00:00Z,11.89,11.89,11.58,11.58,4376
2022-08-22T04:00:00Z,11.68,11.78,11.54,11.575,62107
2022-08-19T04:00:00Z,11.97,12.01,11.78,11.85,25480
2022-08-18T04:00:00Z,11.66,12.205,11.65,12.15,29866
2022-08-17T04:00:00Z,12.05,12.06,11.65,11.67,25458
2022-08-16T04:00:00Z,12.01,12.26,11.94,12.19,21557
2022-08-15T04:00:00Z,12.085,12.18,11.915,11.99,12095
2022-08-12T04:00:00Z,11.98,12.085,11.85,12.08,8748
2022-08-11T04:00:00Z,12.08,12.315,11.99,12.115,22925
2022-08-10T04:00:00Z,11.81,12.07,11.67,11.95,17183
2022-08-09T04:00:00Z,11.82,11.865,11.545,11.765,20756
2022-08-08T04:00:00Z,11.74,12.285,11.71,11.83,19650
2022-08-05T04:00:00Z,11.19,11.7,11.19,11.7,16715
2022-08-04T04:00:00Z,11.945,12.01,11.265,11.34,14913
2022-08-03T04:00:00Z,11.81,11.87,11.7,11.7,7278
2022-08-02T04:00:00Z,11.61,11.99,11.43,11.82,23176
2022-08-01T04:00:00Z,11.81,11.93,11.34,11.39,17205
2022-07-29T04:00:00Z,11.7,11.74,11.525,11.64,35464
2022-07-28T04:00:00Z,11.71,11.92,11.505,11.83,9806
2022-07-27T04:00:00Z,12.17,12.17,11.62,11.83,33081
2022-07-26T04:00:00Z,12.53,12.53,11.88,12.11,15263
2022-07-25T04:00:00Z,12.55,12.73,12.41,12.6,13594
2022-07-22T04:00:00Z,12.62,12.89,12.28,12.6,13965
2022-07-21T04:00:00Z,12.35,12.69,11.86,12.69,20599
2022-07-20T04:00:00Z,12.04,12.97,12.04,12.19,78132
2022-07-19T04:00:00Z,11.51,11.86,11.415,11.83,38378
2022-07-18T04:00:00Z,11.66,11.78,11.285,11.44,36458
2022-07-15T04:00:00Z,11.73,11.73,11.22,11.44,41509
2022-07-14T04:00:00Z,10.62,11.77,10.615,11.66,95636
2022-07-13T04:00:00Z,10.7,11.18,10.7,10.85,12791
2022-07-12T04:00:00Z,10.76,10.98,10.63,10.78,15050
2022-07-11T04:00:00Z,10.87,10.87,10.68,10.69,7281
2022-07-08T04:00:00Z,11.37,11.545,11.09,11.1,17458
2022-07-07T04:00:00Z,11.33,11.57,11.24,11.44,26947
2022-07-06T04:00:00Z,11.02,11.36,10.92,11.13,18502
2022-07-05T04:00:00Z,10.25,11.24,10.18,11.05,34280
2022-07-01T04:00:00Z,10.365,10.48,10.345,10.36,17982
2022-06-30T04:00:00Z,10.56,10.56,10.08,10.34,52915
2022-06-29T04:00:00Z,10.97,11.04,10.595,10.62,40906
2022-06-28T04:00:00Z,11.35,11.39,10.85,11.01,41072
2022-06-27T04:00:00Z,11.38,11.53,11.3,11.34,22031
2022-06-24T04:00:00Z,11.37,11.7,11.29,11.31,42208
2022-06-23T04:00:00Z,11.13,11.25,10.82,11.2,85350
2022-06-22T04:00:00Z,11.27,11.345,10.91,11.325,29683
2022-06-21T04:00:00Z,11.94,11.96,11.28,11.35,23630
2022-06-17T04:00:00Z,11.9,12.03,11.57,11.57,14873
2022-06-16T04:00:00Z,11.91,12.035,11.74,11.815,10739
2022-06-15T04:00:00Z,12.02,12.31,11.87,12.19,23974
2022-06-14T04:00:00Z,12.38,12.39,11.735,11.945,21713
2022-06-13T04:00:00Z,13.03,13.29,12.27,12.41,59097
2022-06-10T04:00:00Z,13.01,13.67,12.93,13.38,28324
2022-06-09T04:00:00Z,13.63,13.695,13.14,13.205,83962
2022-06-08T04:00:00Z,14.11,14.17,13.61,13.635,34505
2022-06-07T04:00:00Z,13.94,14.14,13.93,14.07,18677
2022-06-06T04:00:00Z,13.81,14.15,13.725,14.1,47068
2022-06-03T04:00:00Z,13.9,13.915,13.72,13.845,12050
2022-06-02T04:00:00Z,13.84,14.07,13.79,13.95,14939
2022-06-01T04:00:00Z,14.16,14.31,13.65,13.68,55357
2022-05-31T04:00:00Z,13.74,14.09,13.575,14.09,78215
2022-05-27T04:00:00Z,13.86,13.86,13.31,13.71,118997
2022-05-26T04:00:00Z,13.95,14.44,13.89,13.89,34631
2022-05-25T04:00:00Z,13.78,14.16,13.77,13.9,29391
2022-05-24T04:00:00Z,13.92,13.93,13.59,13.85,57198
2022-05-23T04:00:00Z,14.61,14.65,14.27,14.36,20656
2022-05-20T04:00:00Z,14,14.65,13.5,14.65,36286
2022-05-19T04:00:00Z,13.49,13.91,13.38,13.85,47909
2022-05-18T04:00:00Z,13.89,13.97,13.23,13.47,64206
2022-05-17T04:00:00Z,14.41,14.53,13.885,13.885,43068
2022-05-16T04:00:00Z,14.165,14.495,14.02,14.16,32784
2022-05-13T04:00:00Z,13.83,14.335,13.64,14.25,89166
2022-05-12T04:00:00Z,13.25,13.96,13.24,13.6,42738
2022-05-11T04:00:00Z,13.4,13.96,13.365,13.525,53129
2022-05-10T04:00:00Z,14.15,14.16,13.39,13.71,57700
2022-05-09T04:00:00Z,14.15,14.28,13.66,13.84,20686
2022-05-06T04:00:00Z,13.7,14.76,13.18,14.76,61891
2022-05-05T04:00:00Z,14.595,14.595,13.73,14,89214
2022-05-04T04:00:00Z,15.025,15.025,14.33,14.71,54324
2022-05-03T04:00:00Z,15.3,15.55,14.78,14.78,32317
2022-05-02T04:00:00Z,15.145,15.44,14.89,15.34,37504
2022-04-29T04:00:00Z,15.805,16.31,15.27,15.285,66066
2022-04-28T04:00:00Z,15.99,16.09,15.16,16.04,74647
2022-04-27T04:00:00Z,16.85,16.88,15.735,15.84,93086
2022-04-26T04:00:00Z,16.96,16.97,16.69,16.75,43287
2022-04-25T04:00:00Z,17.07,17.12,16.75,17.01,53487
2022-04-22T04:00:00Z,17.34,17.6,17.07,17.165,65844
2022-04-21T04:00:00Z,18.18,18.18,17.11,17.42,47834
2022-04-20T04:00:00Z,18.205,18.205,17.82,17.87,39243
2022-04-19T04:00:00Z,17.62,18.09,17.37,18.08,44903
2022-04-18T04:00:00Z,18.38,18.38,17.565,17.74,63729
2022-04-14T04:00:00Z,18.9,18.9,18.34,18.44,53181
2022-04-13T04:00:00Z,18.76,19.08,18.56,18.82,37606
2022-04-12T04:00:00Z,19.52,19.52,18.57,18.65,7233
2022-04-11T04:00:00Z,19.3,19.97,19.07,19.16,44451
2022-04-08T04:00:00Z,19.66,20.045,19.51,19.75,24273
2022-04-07T04:00:00Z,19.58,19.875,18.715,19.87,36839
2022-04-06T04:00:00Z,20.02,20.02,19.31,19.605,38092
2022-04-05T04:00:00Z,20.69,20.69,19.88,20.26,22052
2022-04-04T04:00:00Z,21.11,21.315,20.65,20.65,14917
2022-04-01T04:00:00Z,21,21.49,20.87,21.01,39779
2022-03-31T04:00:00Z,20.74,20.89,20.52,20.85,37431
2022-03-30T04:00:00Z,20.48,21.06,20.39,20.78,11883
2022-03-29T04:00:00Z,20.42,20.85,20.22,20.75,19993
2022-03-28T04:00:00Z,20.39,20.47,19.63,20.34,46495
2022-03-25T04:00:00Z,21.015,21.44,20.37,20.81,131045
2022-03-24T04:00:00Z,20.13,21.15,20.01,20.43,78156
2022-03-23T04:00:00Z,20.82,20.84,20.225,20.3,25214
2022-03-22T04:00:00Z,20.67,20.99,20.65,20.68,8843
2022-03-21T04:00:00Z,20.75,20.79,20.14,20.6,21253
2022-03-18T04:00:00Z,19.76,20.83,19.76,20.66,34088
2022-03-17T04:00:00Z,19.05,19.85,19.05,19.7,34001
2022-03-16T04:00:00Z,18.43,19.05,18.16,18.94,35640
2022-03-15T04:00:00Z,18.09,18.09,17.695,18.02,73584
2022-03-14T04:00:00Z,18.76,18.76,17.77,17.8,39036
2022-03-11T05:00:00Z,19.36,19.36,18.445,18.59,8402
2022-03-10T05:00:00Z,18.665,19.24,18.55,19.085,16678
2022-03-09T05:00:00Z,19.37,19.64,18.92,18.92,54988
2022-03-08T05:00:00Z,18.19,19.46,18.07,18.76,30548
2022-03-07T05:00:00Z,19.34,19.34,18.36,18.44,22281
2022-03-04T05:00:00Z,19.64,19.975,19.28,19.32,96933
2022-03-03T05:00:00Z,20.38,20.38,19.695,19.78,38262
2022-03-02T05:00:00Z,20.525,20.785,20.32,20.37,41409
2022-03-01T05:00:00Z,21.425,21.64,20.11,20.615,84031
2022-02-28T05:00:00Z,21.32,21.84,21.135,21.625,97389
2022-02-25T05:00:00Z,21.86,21.94,21.1,21.5,29101
2022-02-24T05:00:00Z,20.4,22.02,20.3,21.91,41067
2022-02-23T05:00:00Z,22.74,22.8,21.37,21.5,29442
2022-02-22T05:00:00Z,22.83,22.83,21.98,22.24,37093
2022-02-18T05:00:00Z,23.505,23.83,22.97,23.3,38553
2022-02-17T05:00:00Z,24.28,24.28,23.85,23.98,18786
2022-02-16T05:00:00Z,24.53,25.255,24.53,24.8,42096
2022-02-15T05:00:00Z,24.7,24.72,24.295,24.72,13347
2022-02-14T05:00:00Z,24.25,24.86,23.845,24.24,10065
2022-02-11T05:00:00Z,24.21,25.015,23.68,24.19,62126
2022-02-10T05:00:00Z,23.92,25.625,23.83,24.04,129750
2022-02-09T05:00:00Z,23.04,24.33,23,24.33,28010
2022-02-08T05:00:00Z,22.54,22.83,22.37,22.76,18435
2022-02-07T05:00:00Z,22.335,23.04,22.15,22.68,45259
2022-02-04T05:00:00Z,21.13,22.9,21.1,22.08,124478
2022-02-03T05:00:00Z,21.44,21.92,20.91,20.97,72326
2022-02-02T05:00:00Z,22.73,22.73,21.79,22.18,40126
2022-02-01T05:00:00Z,21.25,22.75,20.99,22.59,63838
2022-01-31T05:00:00Z,20.31,21.305,20.24,21.03,45159
2022-01-28T05:00:00Z,19.9,20.2,19.68,19.99,43082
2022-01-27T05:00:00Z,21.34,21.34,20.14,20.21,60292
2022-01-26T05:00:00Z,21.59,22.04,20.605,21.02,15108
2022-01-25T05:00:00Z,21.135,21.69,20.68,21.36,9026
2022-01-24T05:00:00Z,21.02,21.6,19.63,21.6,49237
2022-01-21T05:00:00Z,22.08,22.25,21.21,21.355,87087
2022-01-20T05:00:00Z,23.69,23.69,22.235,22.275,24588
2022-01-19T05:00:00Z,23.99,24,23.085,23.475,51459
2022-01-18T05:00:00Z,24.09,24.49,23.95,23.95,25331
2022-01-14T05:00:00Z,24.32,24.36,23.83,24.35,31765
2022-01-13T05:00:00Z,24.84,24.84,24.345,24.53,5894
2022-01-12T05:00:00Z,24.94,25.11,24.33,24.77,8460
2022-01-11T05:00:00Z,24.29,24.77,24.17,24.63,4424
2022-01-10T05:00:00Z,24.19,24.48,23.92,24.39,19308
2022-01-07T05:00:00Z,24.05,24.545,23.8,24.42,15255
2022-01-06T05:00:00Z,23.47,23.92,23.255,23.83,12556
2022-01-05T05:00:00Z,24.28,24.385,23.245,23.34,20190
2022-01-04T05:00:00Z,25.83,25.83,24.75,24.75,12223
2022-01-03T05:00:00Z,26.22,26.49,25.73,25.75,19905
2021-12-31T05:00:00Z,25.36,25.56,25.16,25.54,26155
2021-12-30T05:00:00Z,25.11,25.745,25.08,25.45,14673
2021-12-29T05:00:00Z,24.87,25.19,24.23,24.99,47465
2021-12-28T05:00:00Z,25.29,25.32,24.39,24.77,25094
2021-12-27T05:00:00Z,25.455,25.68,25.24,25.24,4010
2021-12-23T05:00:00Z,24.67,25.545,24.65,25.36,28593
2021-12-22T05:00:00Z,23.59,24.625,23.36,24.58,34282
2021-12-21T05:00:00Z,23.57,23.73,23.385,23.49,11003
2021-12-20T05:00:00Z,23.54,23.54,23.1,23.23,18965
2021-12-17T05:00:00Z,23.64,24.39,23.49,24.03,25609
2021-12-16T05:00:00Z,24.39,24.5,23.72,23.96,37312
2021-12-15T05:00:00Z,23.94,24.595,23.685,24.52,11506
2021-12-14T05:00:00Z,24.73,24.73,24.06,24.34,23369
2021-12-13T05:00:00Z,25.77,25.77,24.58,24.78,93095
2021-12-10T05:00:00Z,26.24,26.34,25.765,25.95,12426
2021-12-09T05:00:00Z,26.42,26.71,26,26.47,21474
2021-12-08T05:00:00Z,25.22,26.82,24.98,26.735,28235
2021-12-07T05:00:00Z,25.61,25.87,25.12,25.15,90443
2021-12-06T05:00:00Z,26.04,27.1,24.86,24.865,124757
2021-12-03T05:00:00Z,26.74,27.16,26.165,26.7,145561
2021-12-02T05:00:00Z,25.63,26.41,25.26,26.4,49256
2021-12-01T05:00:00Z,26.58,26.58,25.11,25.5,101421
2021-11-30T05:00:00Z,27.28,27.64,26.085,26.42,29543
2021-11-29T05:00:00Z,28.09,28.09,27.3,27.355,28568
2021-11-26T05:00:00Z,27.97,28.755,27.55,28.465,31093
2021-11-24T05:00:00Z,27.96,28.93,27.77,28.66,29880
2021-11-23T05:00:00Z,27.165,28.16,26.75,28.11,57797
2021-11-22T05:00:00Z,28.505,28.505,26.92,27.27,33169
2021-11-19T05:00:00Z,28.905,28.95,28.335,28.48,9841
2021-11-18T05:00:00Z,29.635,29.635,27.83,29.03,78568
2021-11-17T05:00:00Z,30.22,30.54,29.47,29.73,25997
2021-11-16T05:00:00Z,30.84,30.99,30.08,30.3,103131
2021-11-15T05:00:00Z,33.12,33.77,31,31.065,124534
2021-11-12T05:00:00Z,31.11,32.275,31.1,31.99,111440
2021-11-11T05:00:00Z,28.935,30.65,28.9,30.095,81942
2021-11-10T05:00:00Z,29.68,29.77,28.415,28.68,59138
2021-11-09T05:00:00Z,30.065,30.25,29.09,29.475,99127
2021-11-08T05:00:00Z,29.99,31.49,29.78,29.92,113781
2021-11-05T04:00:00Z,25.77,28.675,25.77,28.4,115468
2021-11-04T04:00:00Z,26.615,26.67,25.715,25.76,71982
2021-11-03T04:00:00Z,26.795,26.795,26.23,26.53,104957
2021-11-02T04:00:00Z,27.36,27.4,26.835,26.835,16411
2021-11-01T04:00:00Z,27.03,27.71,27.03,27.695,7949
2021-10-29T04:00:00Z,27.025,27.11,26.805,27.11,25208
2021-10-28T04:00:00Z,27.145,27.39,27.09,27.12,24627
2021-10-27T04:00:00Z,28,28.02,26.98,27.09,7879
2021-10-26T04:00:00Z,28.32,28.33,27.745,27.79,2758
2021-10-25T04:00:00Z,28.33,28.66,28.3,28.32,11203
2021-10-22T04:00:00Z,29.36,29.36,28.35,28.435,9978
2021-10-21T04:00:00Z,29.86,29.925,29.26,29.33,2549
2021-10-20T04:00:00Z,29.4,29.69,29.4,29.53,1927
2021-10-19T04:00:00Z,27.97,29.54,27.97,29.52,45626
2021-10-18T04:00:00Z,28.43,28.44,27.86,27.895,7094
2021-10-15T04:00:00Z,28.89,29.18,28.47,28.57,6216
2021-10-14T04:00:00Z,29.88,29.92,28.97,29.07,7571
2021-10-13T04:00:00Z,29.79,29.79,29.44,29.44,2062
2021-10-12T04:00:00Z,30.24,30.24,29.73,29.93,5856
2021-10-11T04:00:00Z,30.26,30.26,30.26,30.26,202
2021-10-08T04:00:00Z,30.88,30.88,30.19,30.34,9837
2021-10-07T04:00:00Z,31.1,31.215,30.84,30.84,1517
2021-10-06T04:00:00Z,30.41,30.76,30.41,30.71,2192
2021-10-05T04:00:00Z,30.78,30.87,30.355,30.87,20243
2021-10-04T04:00:00Z,31.05,31.05,30.215,30.26,6570
2021-10-01T04:00:00Z,31.355,31.44,31.24,31.28,9258
2021-09-30T04:00:00Z,30.93,31.53,30.42,31.43,7913
2021-09-29T04:00:00Z,32.01,32.04,31.11,31.125,19036
2021-09-28T04:00:00Z,32.045,32.55,31.61,32.515,18863
2021-09-27T04:00:00Z,32.24,32.76,32.145,32.655,10332
2021-09-24T04:00:00Z,31.195,32.38,30.76,32.31,47960
2021-09-23T04:00:00Z,31.815,32.635,31.54,31.61,36146
2021-09-22T04:00:00Z,31.07,31.94,31.005,31.61,27428
2021-09-21T04:00:00Z,29.85,30.495,29.265,30.39,20033
2021-09-20T04:00:00Z,30.47,30.47,29.635,29.675,27526
2021-09-17T04:00:00Z,31.225,31.29,30.82,31.2,6386
2021-09-16T04:00:00Z,30.79,31.465,30.32,31.425,28415
2021-09-15T04:00:00Z,29.395,30.85,29.135,30.71,13078
2021-09-14T04:00:00Z,29.66,29.68,29.19,29.29,3597
2021-09-13T04:00:00Z,29.875,29.89,29.41,29.84,10299
2021-09-10T04:00:00Z,30.19,30.27,29.96,30,4122
2021-09-09T04:00:00Z,31.39,31.395,30.58,30.85,8164
2021-09-08T04:00:00Z,31.98,32,31.4,31.52,21813
2021-09-07T04:00:00Z,32.94,32.94,32.27,32.27,1376
2021-09-03T04:00:00Z,32.73,33.19,32.73,33.19,11447
2021-09-02T04:00:00Z,32.63,32.63,32.41,32.5,870
2021-09-01T04:00:00Z,32.71,32.93,32.475,32.475,3309
2021-08-31T04:00:00Z,32.58,32.69,32.58,32.67,1142
2021-08-30T04:00:00Z,32.8,32.905,32.6,32.6,1285
2021-08-27T04:00:00Z,32.74,33.01,32.74,32.94,2507
2021-08-26T04:00:00Z,33.3,33.3,32.54,32.585,2391
2021-08-25T04:00:00Z,33.3,33.32,33.1,33.22,5204
2021-08-24T04:00:00Z,33.03,33.24,32.86,33.24,6336
2021-08-23T04:00:00Z,32.45,32.565,32.27,32.555,3671
2021-08-20T04:00:00Z,32.41,32.41,31.915,32.03,20930
2021-08-19T04:00:00Z,32.94,32.94,32.295,32.66,15679
2021-08-18T04:00:00Z,33.18,33.98,33.18,33.58,13085
2021-08-17T04:00:00Z,33.58,33.665,32.77,33.1,13157
2021-08-16T04:00:00Z,34.03,34.13,33.86,33.86,6119
2021-08-13T04:00:00Z,35.86,35.86,34.76,34.76,1871
2021-08-12T04:00:00Z,35.915,36.01,35.73,35.73,2496
2021-08-11T04:00:00Z,36.89,36.89,36.12,36.245,2042
2021-08-10T04:00:00Z,37.245,37.26,36.915,37.04,3095
2021-08-09T04:00:00Z,37.145,37.28,37.05,37.115,3503
2021-08-06T04:00:00Z,36.82,36.84,36.725,36.77,4085
2021-08-05T04:00:00Z,35.735,36.83,35.735,36.83,13629
2021-08-04T04:00:00Z,35.76,36.16,35.6,35.6,7477
2021-08-03T04:00:00Z,36.21,36.21,36.07,36.07,632
2021-08-02T04:00:00Z,35.975,36.34,35.88,36.34,6709
2021-07-30T04:00:00Z,35.57,35.7,35.255,35.64,5094
2021-07-29T04:00:00Z,35.865,35.97,35.825,35.825,1970
2021-07-28T04:00:00Z,35.695,35.9,35.57,35.86,10754
2021-07-27T04:00:00Z,35.07,35.14,34.95,34.96,6431
2021-07-26T04:00:00Z,36.17,36.44,35.72,35.83,18317
2021-07-23T04:00:00Z,36.57,36.57,36.37,36.37,747
2021-07-22T04:00:00Z,37.28,37.28,36.78,37.07,6716
2021-07-21T04:00:00Z,37.01,37.77,37.01,37.49,9028
2021-07-20T04:00:00Z,36.07,36.88,36.07,36.86,4145
2021-07-19T04:00:00Z,35.85,36.15,35.245,36.03,21582
2021-07-16T04:00:00Z,37.78,37.89,37.16,37.48,6746
2021-07-15T04:00:00Z,38.5,38.5,37.23,38.055,30429
2021-07-14T04:00:00Z,41,41,38.8,38.84,63586
2021-07-13T04:00:00Z,40.61,41.38,40.18,40.18,33200
2021-07-12T04:00:00Z,40.54,40.54,40.11,40.31,11701
2021-07-09T04:00:00Z,39.92,40.56,39.92,40.56,10314
2021-07-08T04:00:00Z,38.76,39.68,38.68,39.47,6081
2021-07-07T04:00:00Z,40.35,40.62,39.99,40.06,40965
2021-07-06T04:00:00Z,40.03,40.14,39.5,39.78,21837
2021-07-02T04:00:00Z,41.175,41.175,40.08,40.55,40357
2021-07-01T04:00:00Z,40.16,41.32,40.16,41.135,88678
2021-06-30T04:00:00Z,39.89,39.89,39.36,39.49,54774
2021-06-29T04:00:00Z,40.11,40.19,39.48,39.835,64658
2021-06-28T04:00:00Z,40.35,40.59,40.05,40.11,4965
2021-06-25T04:00:00Z,40.275,40.36,39.86,40.12,13468
2021-06-24T04:00:00Z,39.99,40.29,39.9,40.2,12522
2021-06-23T04:00:00Z,37.69,39.03,37.69,39,6664
2021-06-22T04:00:00Z,37.98,37.99,37.37,37.54,6082
2021-06-21T04:00:00Z,37.585,37.9,37.525,37.81,7658
2021-06-18T04:00:00Z,38.12,38.12,37.59,37.63,4679
2021-06-17T04:00:00Z,38.53,38.64,38.07,38.19,13638
2021-06-16T04:00:00Z,38.69,38.95,38.34,38.68,2659
2021-06-15T04:00:00Z,39.705,39.76,38.46,38.7,8044
2021-06-14T04:00:00Z,40.43,40.43,39.63,39.74,10724
2021-06-11T04:00:00Z,40.3,40.42,40.07,40.19,3573
2021-06-10T04:00:00Z,40.61,40.65,40.36,40.43,2917
2021-06-09T04:00:00Z,40.96,41.12,40.61,40.61,905
2021-06-08T04:00:00Z,41.51,41.51,40.92,40.93,7755
2021-06-07T04:00:00Z,40.99,41.24,40.89,41.17,17938
2021-06-04T04:00:00Z,40.91,40.94,40.73,40.94,1950
2021-06-03T04:00:00Z,41.19,41.23,40.92,41.15,8759
2021-06-02T04:00:00Z,41.41,41.55,41.11,41.55,18057
2021-06-01T04:00:00Z,41.79,41.84,41.14,41.14,4959
2021-05-28T04:00:00Z,41.77,41.81,41.53,41.54,6488
2021-05-27T04:00:00Z,41.33,41.59,40.84,41.5,2717
2021-05-26T04:00:00Z,40.61,41.1,40.61,41.1,3877
2021-05-25T04:00:00Z,40.05,40.75,40,40.25,4578
2021-05-24T04:00:00Z,40.29,40.29,39.94,40.08,2049
2021-05-21T04:00:00Z,40.04,40.1,39.46,39.59,5040
2021-05-20T04:00:00Z,39.55,39.92,39.55,39.88,13020
2021-05-19T04:00:00Z,39.53,39.82,39.22,39.51,9705
2021-05-18T04:00:00Z,40.8,40.93,40.43,40.58,2765
2021-05-17T04:00:00Z,40.66,41.03,40.44,40.91,15270
2021-05-14T04:00:00Z,39.82,40.53,39.82,40.53,12539
2021-05-13T04:00:00Z,40.25,40.27,38.59,39.15,16212
2021-05-12T04:00:00Z,41.34,41.43,39.8,40.21,9999
2021-05-11T04:00:00Z,40.05,41.57,39.62,41.44,18524
2021-05-10T04:00:00Z,42.81,42.81,41.38,41.38,9424
2021-05-07T04:00:00Z,42.5,42.71,42.38,42.53,10121
2021-05-06T04:00:00Z,42.5,42.82,41.46,41.8,2589
2021-05-05T04:00:00Z,42.97,43.29,42.6,42.74,11947
2021-05-04T04:00:00Z,42.82,42.84,41.32,42.68,20661
2021-05-03T04:00:00Z,43.52,44.11,43.25,43.56,31742
2021-04-30T04:00:00Z,40.84,42.655,40.8,42.64,28644
2021-04-29T04:00:00Z,41.88,41.88,40.96,40.96,5974
2021-04-28T04:00:00Z,40.68,41.86,40.68,41.555,12619
2021-04-27T04:00:00Z,40.37,40.71,40.325,40.7,3348
2021-04-26T04:00:00Z,40.1,40.235,39.875,40.04,7360
2021-04-23T04:00:00Z,39.96,39.96,39.63,39.66,4568
2021-04-22T04:00:00Z,40.23,40.23,38.975,38.975,838
2021-04-21T04:00:00Z,38,39.66,37.96,39.48,11335
2021-04-20T04:00:00Z,39.89,39.89,37.63,37.63,8442
2021-04-19T04:00:00Z,39.88,40.64,38.68,39.49,14905
2021-04-16T04:00:00Z,40.12,40.2,39.6,40.02,49672
2021-04-15T04:00:00Z,40.92,41.13,40,40.27,5955
2021-04-14T04:00:00Z,41.02,41.21,40.83,40.94,2249
2021-04-13T04:00:00Z,41,41.415,41,41.09,6286
2021-04-12T04:00:00Z,41.69,41.74,40.37,41.17,7712
2021-04-09T04:00:00Z,41.99,41.99,41.7,41.97,2088
2021-04-08T04:00:00Z,42.08,42.21,42.01,42.19,1335
2021-04-07T04:00:00Z,43.01,43.03,41.79,41.79,11744
2021-04-06T04:00:00Z,43.08,43.11,42.56,42.86,6388
2021-04-05T04:00:00Z,43.88,44.31,43.07,43.07,6753
2021-04-01T04:00:00Z,43.72,44.65,42.65,42.83,57936
2021-03-31T04:00:00Z,40.84,42.59,40.79,42.48,75844
2021-03-30T04:00:00Z,40.27,40.27,38.83,39.355,40890
2021-03-29T04:00:00Z,42.69,42.69,40.62,40.71,12635
2021-03-26T04:00:00Z,43.52,43.725,42.04,42.19,12651
2021-03-25T04:00:00Z,42.24,43.04,41.43,43.04,13173
2021-03-24T04:00:00Z,44.685,44.685,42.86,43.55,10842
2021-03-23T04:00:00Z,45.39,45.4,43.23,43.89,24076
2021-03-22T04:00:00Z,47.25,47.34,45.79,45.79,8626
2021-03-19T04:00:00Z,47.38,47.42,46.68,46.68,13448
2021-03-18T04:00:00Z,48,49.18,47.21,47.3,41425
2021-03-17T04:00:00Z,46.575,47.8,45.98,47.8,8577
2021-03-16T04:00:00Z,48.71,48.71,46.595,47.24,20053
2021-03-15T04:00:00Z,47.58,48.69,47.39,48.13,23657
2021-03-12T05:00:00Z,44.78,47.015,44.78,46.96,12128
2021-03-11T05:00:00Z,44.74,46.18,44.51,46.18,13669
2021-03-10T05:00:00Z,46.2,46.2,43.31,43.83,19802
2021-03-09T05:00:00Z,44,45.69,44,45.67,55534
2021-03-08T05:00:00Z,45.17,45.17,43.06,43.06,13060
2021-03-05T05:00:00Z,46.06,46.06,40.85,44.82,35075
2021-03-04T05:00:00Z,48.8,48.8,44.03,45.86,36155
2021-03-03T05:00:00Z,50.4,50.405,48.67,48.72,17759
2021-03-02T05:00:00Z,49.28,50.23,49.18,50.19,14295
2021-03-01T05:00:00Z,48.97,50.675,48.81,48.97,17013
2021-02-26T05:00:00Z,48.33,48.73,46.385,47.89,22243
2021-02-25T05:00:00Z,50.48,50.48,47.78,48.31,60882
2021-02-24T05:00:00Z,50.55,51.04,50.15,50.43,6163
2021-02-23T05:00:00Z,49.04,50.6,46.3,50.6,58096
2021-02-22T05:00:00Z,51.13,51.52,50.91,50.96,11216
2021-02-19T05:00:00Z,50.42,52.15,50.42,51.98,34693
2021-02-18T05:00:00Z,51.36,51.36,49.59,49.59,13037
2021-02-17T05:00:00Z,51.91,52.21,50.57,51.41,18687
2021-02-16T05:00:00Z,52.63,53.38,52.52,52.91,37642
2021-02-12T05:00:00Z,50.695,53.17,50.695,51.77,57275
2021-02-11T05:00:00Z,54.41,54.41,50.56,51.47,56963
2021-02-10T05:00:00Z,55.135,55.87,52.26,55.17,61747
2021-02-09T05:00:00Z,52.23,53.43,52.175,53.42,25511
2021-02-08T05:00:00Z,50.32,51.42,50.32,51.42,64954
2021-02-05T05:00:00Z,49.78,50.06,49.15,49.17,22705
2021-02-04T05:00:00Z,48.12,48.925,47.34,48.925,62618
2021-02-03T05:00:00Z,47.49,48.43,46.64,47.01,63175
2021-02-02T05:00:00Z,44.36,45.9,44.36,45.84,43351
2021-02-01T05:00:00Z,42.55,43.49,42.13,43.43,7176
2021-01-29T05:00:00Z,42.65,43,41.12,41.77,21729
2021-01-28T05:00:00Z,41.24,42.47,41.085,42.47,12182
2021-01-27T05:00:00Z,41.21,42.015,40.36,40.91,36371
2021-01-26T05:00:00Z,45.16,45.16,43.55,43.6,11241
2021-01-25T05:00:00Z,46.37,46.37,44.9,45.21,14459
2021-01-22T05:00:00Z,45.29,45.95,44.93,45.95,3039
2021-01-21T05:00:00Z,45.73,45.97,45.26,45.97,4378
2021-01-20T05:00:00Z,45.5,45.97,45.485,45.525,14219
2021-01-19T05:00:00Z,45.97,46.05,44.69,45.15,13865
2021-01-15T05:00:00Z,47.06,47.06,44.49,44.82,17890
2021-01-14T05:00:00Z,46.16,47.52,46.09,46.12,39618
2021-01-13T05:00:00Z,43.58,45.25,43.49,45.14,54822
2021-01-12T05:00:00Z,43.2,43.61,42.89,43.18,64036
2021-01-11T05:00:00Z,41.58,43.33,41.275,43.06,21754
2021-01-08T05:00:00Z,42.23,42.23,40.77,41.575,10075
2021-01-07T05:00:00Z,43.025,43.025,41.12,41.76,72273
2021-01-06T05:00:00Z,41.465,42.16,40.37,40.52,53889
2021-01-05T05:00:00Z,37.89,38.53,37.82,38.22,10574
2021-01-04T05:00:00Z,36.78,37.84,36.78,37.8,7478
2020-12-31T05:00:00Z,36.73,36.74,36.27,36.45,2006
2020-12-30T05:00:00Z,36.51,36.58,36.47,36.58,966
2020-12-29T05:00:00Z,38.62,38.715,36.125,36.32,23740
2020-12-28T05:00:00Z,37.35,38.39,37.18,37.62,23874
2020-12-24T05:00:00Z,36.15,36.51,36.15,36.51,3624
2020-12-23T05:00:00Z,35.98,36.03,35.98,36.015,401
2020-12-22T05:00:00Z,35.4,35.85,35.4,35.8,2227
2020-12-21T05:00:00Z,35.01,35.3,34.53,35.28,1260
2020-12-18T05:00:00Z,35.2,35.53,35.2,35.4,3079
2020-12-17T05:00:00Z,35.31,35.45,35.14,35.36,2907
2020-12-16T05:00:00Z,34.14,35.18,34.14,35.11,1864
2020-12-15T05:00:00Z,34.01,34.09,33.97,34.06,2434
2020-12-14T05:00:00Z,34.52,34.52,33.89,33.89,694
2020-12-11T05:00:00Z,34.22,34.22,34.03,34.03,1670
2020-12-10T05:00:00Z,34.02,34.07,34.02,34.07,430
2020-12-09T05:00:00Z,34.33,34.33,33.51,33.75,1651
2020-12-08T05:00:00Z,33.77,34.31,33.675,34.31,975
2020-12-07T05:00:00Z,35.165,35.26,34.44,34.46,2132
2020-12-04T05:00:00Z,34.33,34.94,34.24,34.94,4356
2020-12-03T05:00:00Z,33.98,34.43,33.98,34.205,2691
2020-12-02T05:00:00Z,33.035,33.98,33.035,33.98,3141
2020-12-01T05:00:00Z,34.06,34.06,33.27,33.27,2525
2020-11-30T05:00:00Z,33.275,33.825,32.49,33.815,6633
2020-11-27T05:00:00Z,32.01,32.585,31.89,32.585,3056
2020-11-25T05:00:00Z,30.44,31.86,30.22,31.66,4592
2020-11-24T05:00:00Z,30.66,30.79,30.6,30.76,6310
2020-11-23T05:00:00Z,29.62,29.97,29.62,29.97,11099
2020-11-20T05:00:00Z,30.18,30.18,29.39,29.39,1551
2020-11-19T05:00:00Z,30.525,30.58,29.97,30.21,3999
2020-11-18T05:00:00Z,30.7,31.11,30.53,30.64,3975
2020-11-17T05:00:00Z,29.9,30.37,29.9,30.3,2167
2020-11-16T05:00:00Z,30.03,30.17,29.87,30.09,3239
2020-11-13T05:00:00Z,29.61,29.79,29.52,29.78,1847
2020-11-12T05:00:00Z,29.45,29.82,29.19,29.4,1167
2020-11-11T05:00:00Z,29.41,29.41,28.97,28.99,3697
2020-11-10T05:00:00Z,28.81,29.26,28.56,29.2,989
2020-11-09T05:00:00Z,31.99,31.99,30.25,30.25,3337
2020-11-06T05:00:00Z,29.26,30.11,29.26,29.71,4476
2020-11-05T05:00:00Z,27.48,28.75,27.48,28.75,2025
2020-11-04T05:00:00Z,26.63,26.975,26.63,26.975,800
2020-11-03T05:00:00Z,26.88,26.88,26.49,26.49,1109
2020-10-28T04:00:00Z,24.37,24.43,24.37,24.42,695
2020-10-27T04:00:00Z,25.46,25.5,25.46,25.485,1400
2020-10-26T04:00:00Z,25.97,25.97,25.97,25.97,236
2020-10-23T04:00:00Z,26.205,26.205,26.205,26.205,510
2020-10-22T04:00:00Z,26.12,26.12,26.12,26.12,232
2020-10-21T04:00:00Z,25.885,25.99,25.74,25.97,2739
2020-10-20T04:00:00Z,25.62,25.62,25.62,25.62,100
