2024-06-14T04:00:00Z,141.68,142.48,139.8,141.37,297414
2024-06-13T04:00:00Z,142.65,144.17,140.35,143.08,248363
2024-06-12T04:00:00Z,138.255,141.7,136.94,140.84,225664
2024-06-11T04:00:00Z,134.99,135.82,131.92,135.07,177763
2024-06-10T04:00:00Z,129.78,135.63,129.78,134.81,145411
2024-06-07T04:00:00Z,130.18,132.49,129.72,130.93,135389
2024-06-06T04:00:00Z,133.98,134.08,129.18,130.07,311554
2024-06-05T04:00:00Z,128.915,133.86,127.76,133.67,417485
2024-06-04T04:00:00Z,127.15,127.71,125.465,126.64,255110
2024-06-03T04:00:00Z,128.215,128.83,125.19,128.16,300939
2024-05-31T04:00:00Z,126.21,127.12,121.04,125.06,386842
2024-05-30T04:00:00Z,130.13,131.6,125.79,126.27,229355
2024-05-29T04:00:00Z,130.095,132.96,129.96,131.54,176298
2024-05-28T04:00:00Z,131.76,133.2,129.4,132.66,195569
2024-05-24T04:00:00Z,127.45,130.385,126.695,129.5,283988
2024-05-23T04:00:00Z,131.8,131.9,124.72,126.27,442256
2024-05-22T04:00:00Z,127.87,127.87,125.25,126.29,245155
2024-05-21T04:00:00Z,123.94,128.81,123.3,127.46,293372
2024-05-20T04:00:00Z,127.085,130.96,126.76,129.01,279365
2024-05-17T04:00:00Z,128.21,128.98,124.9,125.33,257912
2024-05-16T04:00:00Z,128.14,130.1,127.06,127.82,200509
2024-05-15T04:00:00Z,126.27,127.945,125.51,127.85,266929
2024-05-14T04:00:00Z,122.86,125.02,121.72,124.93,156119
2024-05-13T04:00:00Z,123.055,124.05,121.73,123.01,241685
2024-05-10T04:00:00Z,120.08,121.78,119.18,121.24,212605
2024-05-09T04:00:00Z,119.125,119.31,117.455,117.83,109503
2024-05-08T04:00:00Z,118.29,120.4,118.29,119.3,165898
2024-05-07T04:00:00Z,120.02,121.37,119.195,119.2,171585
2024-05-06T04:00:00Z,119.82,121.25,118.1,120.15,413049
2024-05-03T04:00:00Z,114.955,115.46,113.46,114.7,205912
2024-05-02T04:00:00Z,112.03,112.38,109.48,112.35,183203
2024-05-01T04:00:00Z,110.11,113.71,108.8,109.72,245862
2024-04-30T04:00:00Z,114.77,116.195,112.99,112.99,220330
2024-04-29T04:00:00Z,113.545,114.645,112.15,114.36,222346
2024-04-26T04:00:00Z,111.87,115.03,111.64,114.8,379585
2024-04-25T04:00:00Z,109.09,113,108.08,111.7,282310
2024-04-24T04:00:00Z,112.65,113.92,109.295,111.765,324915
2024-04-23T04:00:00Z,109.77,112.85,108.96,112.42,349471
2024-04-22T04:00:00Z,107.365,110.225,106.66,109.14,263511
2024-04-19T04:00:00Z,109.37,110.83,105.775,106.71,550015
2024-04-18T04:00:00Z,116.125,117.6,111.505,111.91,578921
2024-04-17T04:00:00Z,122.21,124.39,116.2,116.32,396910
2024-04-16T04:00:00Z,119.245,122.53,118.395,121.71,295719
2024-04-15T04:00:00Z,123.65,124.67,120.64,121.37,246310
2024-04-12T04:00:00Z,125.37,125.96,121.845,122.57,509904
2024-04-11T04:00:00Z,122.74,127.56,122.14,127.515,323544
2024-04-10T04:00:00Z,120.21,124.47,120.21,122.18,461945
2024-04-09T04:00:00Z,124.9,126.095,121.35,122.68,258170
2024-04-08T04:00:00Z,129.095,129.655,122.61,123,419583
2024-04-05T04:00:00Z,124.255,124.52,121.31,123.57,554157
2024-04-04T04:00:00Z,130,130.42,123.66,124.08,487226
2024-04-03T04:00:00Z,122.13,128.23,121.35,128.2,515278
2024-04-02T04:00:00Z,122.34,123.65,120.93,122.83,334579
2024-04-01T04:00:00Z,119.195,127.35,119.19,124.28,629029
2024-03-28T04:00:00Z,119.41,119.54,117.36,117.86,416884
2024-03-27T04:00:00Z,119.375,120.06,117.14,119.27,576027
2024-03-26T04:00:00Z,118.99,122.44,118.21,118.8,862921
2024-03-25T04:00:00Z,110.255,121.37,110.255,117.12,1008312
2024-03-22T04:00:00Z,109.15,111.325,107.06,110.195,424592
2024-03-21T04:00:00Z,113.365,113.47,108.855,109.82,2222904
2024-03-20T04:00:00Z,95.06,96.67,93.625,96.33,684587
2024-03-19T04:00:00Z,92.74,94.15,91.06,94.02,642327
2024-03-18T04:00:00Z,96.77,97.08,93.695,93.77,504783
2024-03-15T04:00:00Z,92.545,94.7,92.06,93.29,573865
2024-03-14T04:00:00Z,93.28,93.37,90.3,91.44,436114
2024-03-13T04:00:00Z,95.29,95.29,93.15,94.16,413728
2024-03-12T04:00:00Z,95.045,97.49,93.675,97.42,427349
2024-03-11T04:00:00Z,95.89,96.42,93.545,94.56,450583
2024-03-08T05:00:00Z,99.985,101.85,97.33,97.63,561533
2024-03-07T05:00:00Z,99,99.675,97.48,98.98,608776
2024-03-06T05:00:00Z,95.145,96.43,94.58,95.55,498245
2024-03-05T05:00:00Z,94.115,95.36,93.28,94.49,238292
2024-03-04T05:00:00Z,96.97,97.37,94.71,95.81,506033
2024-03-01T05:00:00Z,92.055,96.05,92.04,95.08,519289
2024-02-29T05:00:00Z,90.76,90.78,88.835,90.52,289489
2024-02-28T05:00:00Z,90.455,90.75,89.325,89.74,437935
2024-02-27T05:00:00Z,91.89,92.74,90.52,91.86,687299
2024-02-26T05:00:00Z,89.77,92.34,88.93,89.42,776507
2024-02-23T05:00:00Z,86.65,86.74,85.075,86.01,325352
2024-02-22T05:00:00Z,84.925,86.305,83.95,85.87,442790
2024-02-21T05:00:00Z,80.79,81.5,79.95,81.5,198993
2024-02-20T05:00:00Z,79.35,80.76,79.16,80.72,288988
2024-02-16T05:00:00Z,80.98,81.32,79.26,79.52,408195
2024-02-15T05:00:00Z,82.17,82.7,81.52,81.64,344142
2024-02-14T05:00:00Z,82.03,83.17,81.5,81.825,292643
2024-02-13T05:00:00Z,82.54,82.935,80.77,81.515,565631
2024-02-12T05:00:00Z,85.705,86.89,85.555,85.73,286111
2024-02-09T05:00:00Z,84.835,85.62,83.97,85.55,450005
2024-02-08T05:00:00Z,85.19,86.025,84.54,84.905,282029
2024-02-07T05:00:00Z,84.07,85.28,82.48,85.19,316508
2024-02-06T05:00:00Z,86.79,87.16,83.73,84.615,400667
2024-02-05T05:00:00Z,86.7,87.22,85.62,86.98,154898
2024-02-02T05:00:00Z,85.175,86.59,85.05,86.46,273304
2024-02-01T05:00:00Z,85.985,86.18,84.63,85.63,259252
2024-01-31T05:00:00Z,85.04,86.91,84.8,85.735,330634
2024-01-30T05:00:00Z,88.15,88.76,85.78,86.12,332220
2024-01-29T05:00:00Z,88.7,89.53,88.035,89.04,207428
2024-01-26T05:00:00Z,87.18,88.495,86.41,88.055,414474
2024-01-25T05:00:00Z,89.22,90.04,88.505,89.18,339060
2024-01-24T05:00:00Z,88.53,88.53,86.63,88.095,561902
2024-01-23T05:00:00Z,88.92,88.92,86.9,87.54,409816
2024-01-22T05:00:00Z,88.23,89.94,88.01,89.225,537277
2024-01-19T05:00:00Z,86.045,87.785,85.625,87.52,470612
2024-01-18T05:00:00Z,85.34,85.82,84.065,84.83,579361
2024-01-17T05:00:00Z,83.785,83.94,82.63,83.25,318559
2024-01-16T05:00:00Z,82.52,85.21,82.37,84.665,271642
2024-01-12T05:00:00Z,82.695,83.04,81.715,82.385,232760
2024-01-11T05:00:00Z,82.8,83.44,81.84,83.41,194244
2024-01-10T05:00:00Z,82.98,82.98,81.685,82.39,287331
2024-01-09T05:00:00Z,83.09,84.175,82.93,83.32,316941
2024-01-08T05:00:00Z,83.98,85.495,83.905,84.93,373083
2024-01-05T05:00:00Z,81.5,83.52,81.03,83.52,433925
2024-01-04T05:00:00Z,83.47,84.24,82.615,82.69,350188
2024-01-03T05:00:00Z,80.86,82.57,80.585,82.23,381216
2024-01-02T05:00:00Z,83.88,84.075,81.76,82.38,299886
2023-12-29T05:00:00Z,85.84,86.09,85.075,85.34,134547
2023-12-28T05:00:00Z,86.48,86.53,85.85,86.01,173656
2023-12-27T05:00:00Z,87.41,87.41,86.24,86.67,154913
2023-12-26T05:00:00Z,86.75,87.865,86.45,87.045,232591
2023-12-22T05:00:00Z,86.07,87.46,85.655,86.51,311573
2023-12-21T05:00:00Z,84.8,85.97,83.15,85.5,1122619
2023-12-20T05:00:00Z,81.59,81.61,78.64,78.72,557546
2023-12-19T05:00:00Z,81.69,82.26,81.22,82.18,238549
2023-12-18T05:00:00Z,81.68,81.85,80.85,81.58,241930
2023-12-15T05:00:00Z,82.9,82.98,81.12,81.39,382276
2023-12-14T05:00:00Z,80.885,82.39,80.83,82.23,649373
2023-12-13T05:00:00Z,78.39,80.26,78.045,79.79,323822
2023-12-12T05:00:00Z,77.455,78.18,77.105,78.16,275966
2023-12-11T05:00:00Z,77.17,78.505,76.965,77.8,446717
2023-12-08T05:00:00Z,73.69,75.34,73.625,74.94,374670
2023-12-07T05:00:00Z,73.97,74.18,73,73.63,188574
2023-12-06T05:00:00Z,75.35,75.375,72.94,73.16,231293
2023-12-05T05:00:00Z,73.42,73.95,73.06,73.71,235933
2023-12-04T05:00:00Z,75.46,75.56,73.34,74.28,317551
2023-12-01T05:00:00Z,76.04,76.525,75.09,75.91,342823
2023-11-30T05:00:00Z,76.95,76.95,74.97,76.07,414050
2023-11-29T05:00:00Z,77.605,79.01,76.375,76.68,463143
2023-11-28T05:00:00Z,75.08,76.205,73.995,76.15,549417
2023-11-27T05:00:00Z,77.07,78.285,76.69,77.5,251626
2023-11-24T05:00:00Z,76.78,76.96,76.45,76.89,88231
2023-11-22T05:00:00Z,77.41,78.45,76.85,77.12,160798
2023-11-21T05:00:00Z,77.82,77.82,76.305,76.72,434036
2023-11-20T05:00:00Z,77.28,78.89,77.2,78.64,240963
2023-11-17T05:00:00Z,76.67,77.9,76.47,77.51,323193
2023-11-16T05:00:00Z,76.87,77.48,76.5,76.69,352042
2023-11-15T05:00:00Z,77.44,77.44,76.35,77.15,282990
2023-11-14T05:00:00Z,76.075,77.435,75.955,77.2,384689
2023-11-13T05:00:00Z,74.19,75.185,73.42,74.785,255368
2023-11-10T05:00:00Z,74.335,75.795,73.565,75.37,307572
2023-11-09T05:00:00Z,73.575,76.09,73.5,73.56,400496
2023-11-08T05:00:00Z,72.69,72.73,71.76,72.29,168915
2023-11-07T05:00:00Z,72.37,73.12,71.72,72.82,179702
2023-11-06T05:00:00Z,72.575,72.98,72.05,72.95,227243
2023-11-03T04:00:00Z,71.22,73.18,71.22,72.55,443880
2023-11-02T04:00:00Z,70.35,71.02,69.81,70.43,301936
2023-11-01T04:00:00Z,67.52,69.64,67.46,69.38,467487
2023-10-31T04:00:00Z,66.01,67.02,65.28,66.86,222398
2023-10-30T04:00:00Z,66.45,67.52,65.22,66.06,413847
2023-10-27T04:00:00Z,65.19,66.2,64.905,65.68,268716
2023-10-26T04:00:00Z,66.42,67.43,63.88,64.51,462902
2023-10-25T04:00:00Z,68.71,69.2,65.9,66.52,269791
2023-10-24T04:00:00Z,67.39,68.345,67.19,68.06,177656
2023-10-23T04:00:00Z,66.77,68.16,66.26,66.84,232846
2023-10-20T04:00:00Z,67.53,68.45,67.14,67.22,342026
2023-10-19T04:00:00Z,69.62,69.75,67.2,67.49,617312
2023-10-18T04:00:00Z,68.05,69.55,68.05,69.12,429000
2023-10-17T04:00:00Z,68.08,69.62,67.63,69.01,351042
2023-10-16T04:00:00Z,68.83,70.02,68.16,69.02,299067
2023-10-13T04:00:00Z,69.93,70.06,69.095,69.21,294016
2023-10-12T04:00:00Z,70.37,70.71,69.33,69.75,223976
2023-10-11T04:00:00Z,69.805,70.27,68.94,70.23,331082
2023-10-10T04:00:00Z,69.64,70.11,68.93,69.06,227745
2023-10-09T04:00:00Z,69.76,69.94,68.59,69.48,144921
2023-10-06T04:00:00Z,68.85,70.325,68.04,69.97,256581
2023-10-05T04:00:00Z,68.68,69.48,68.395,69.03,235675
2023-10-04T04:00:00Z,68.31,68.47,67.135,68.075,189947
2023-10-03T04:00:00Z,67.17,69.63,67.17,67.84,256518
2023-10-02T04:00:00Z,68.3,69.265,67.07,67.96,376423
2023-09-29T04:00:00Z,66.45,68.72,66.45,68.03,754189
2023-09-28T04:00:00Z,66.06,67.055,63.86,65.2,1175383
2023-09-27T04:00:00Z,68.18,68.85,66.77,68.25,529754
2023-09-26T04:00:00Z,67.985,69,67.61,67.97,241048
2023-09-25T04:00:00Z,68.32,69.185,67.62,68.585,407682
2023-09-22T04:00:00Z,68.67,69.74,67.8,68.93,465039
2023-09-21T04:00:00Z,68.95,69.29,67.835,67.88,344755
2023-09-20T04:00:00Z,71.275,72.29,69.66,69.66,307165
2023-09-19T04:00:00Z,70.62,71.05,69.995,70.72,242071
2023-09-18T04:00:00Z,70.61,71.04,69.975,70.46,247433
2023-09-15T04:00:00Z,71.28,71.615,69.655,69.9,298104
2023-09-14T04:00:00Z,71.565,72.23,71.31,71.83,245947
2023-09-13T04:00:00Z,71.08,71.835,70.385,70.85,292012
2023-09-12T04:00:00Z,69.955,71.665,69.79,70.32,306850
2023-09-11T04:00:00Z,70.81,70.81,69.325,70.06,209534
2023-09-08T04:00:00Z,69.795,70.59,69.67,70.22,160591
2023-09-07T04:00:00Z,69.63,70.28,69.1,69.89,245577
2023-09-06T04:00:00Z,70.06,70.655,69.65,70.44,171320
2023-09-05T04:00:00Z,69.91,71.15,69.57,70.26,164009
2023-09-01T04:00:00Z,70.18,70.59,69.56,70.36,186379
2023-08-31T04:00:00Z,68.11,70.49,68.11,69.98,374976
2023-08-30T04:00:00Z,67.12,68.695,66.52,68.09,312511
2023-08-29T04:00:00Z,65,67.025,64.95,66.67,378193
2023-08-28T04:00:00Z,65.765,66.105,64.68,65.31,229944
2023-08-25T04:00:00Z,63.525,64.38,62.64,63.7,204225
2023-08-24T04:00:00Z,66.14,66.24,63.38,63.65,237286
2023-08-23T04:00:00Z,63.465,65.61,63.17,65.19,335304
2023-08-22T04:00:00Z,64.23,65.08,63.305,63.41,233615
2023-08-21T04:00:00Z,63.61,64.18,62.92,63.96,205883
2023-08-18T04:00:00Z,62.2,63.85,61.81,63.59,315299
2023-08-17T04:00:00Z,64.57,64.7,63.415,63.53,194595
2023-08-16T04:00:00Z,64.915,65.195,64.1,64.18,224363
2023-08-15T04:00:00Z,67.41,67.42,65.36,65.36,370088
2023-08-14T04:00:00Z,64.33,68.48,64.26,68.275,537976
2023-08-11T04:00:00Z,64.85,65.305,64.09,64.4,392652
2023-08-10T04:00:00Z,67.1,67.46,64.93,65.42,337216
2023-08-09T04:00:00Z,67.8,67.955,66.63,66.69,201306
2023-08-08T04:00:00Z,68.565,68.58,66.965,67.66,340124
2023-08-07T04:00:00Z,69.82,70.215,68.83,69.37,284915
2023-08-04T04:00:00Z,69.485,70.925,69.135,69.93,304892
2023-08-03T04:00:00Z,67.655,69.385,67.175,69.185,361630
2023-08-02T04:00:00Z,69.73,69.79,67.35,68.18,384010
2023-08-01T04:00:00Z,70.93,71.065,69.965,70.74,255329
2023-07-31T04:00:00Z,71.14,71.75,70.91,71.36,273472
2023-07-28T04:00:00Z,71.59,72.105,70.67,71.21,319262
2023-07-27T04:00:00Z,70.49,72.335,69.965,71.07,672200
2023-07-26T04:00:00Z,65.08,67.87,65.08,67.39,282719
2023-07-25T04:00:00Z,65.42,65.99,65.1,65.65,250140
2023-07-24T04:00:00Z,65.37,66.63,65.225,65.49,340990
2023-07-21T04:00:00Z,65.325,66.155,64.35,65.62,324749
2023-07-20T04:00:00Z,64.37,65.545,64.26,64.69,344179
2023-07-19T04:00:00Z,65.61,65.74,64.83,64.97,220559
2023-07-18T04:00:00Z,64.63,65.115,63.765,64.94,283865
2023-07-17T04:00:00Z,63.9,65.67,63.355,65.16,256864
2023-07-14T04:00:00Z,64.24,65.48,63.69,64.07,249159
2023-07-13T04:00:00Z,64.1,64.61,63.59,64.51,233208
2023-07-12T04:00:00Z,64.63,64.67,63.15,63.8,231941
2023-07-11T04:00:00Z,62.58,63.665,62.34,63.6,355689
2023-07-10T04:00:00Z,60.76,62.825,60.58,62.46,577223
2023-07-07T04:00:00Z,61.4,61.45,60.63,60.655,472258
2023-07-06T04:00:00Z,60.95,61.77,60.5,61.27,421040
2023-07-05T04:00:00Z,63.54,63.71,62.03,62.05,404400
2023-07-03T04:00:00Z,63.53,64.31,63.26,63.92,307447
2023-06-30T04:00:00Z,64.49,65.07,62.9,63.09,947282
2023-06-29T04:00:00Z,67.82,67.91,63.58,64.36,1922552
2023-06-28T04:00:00Z,65.5,67.715,65.5,67.11,561273
2023-06-27T04:00:00Z,65.185,66.83,63.81,66.83,452704
2023-06-26T04:00:00Z,65.66,66.68,65.43,65.44,416306
2023-06-23T04:00:00Z,65.35,65.955,64.845,65.26,301721
2023-06-22T04:00:00Z,65.62,66.66,65.57,66.27,317667
2023-06-21T04:00:00Z,66.75,67.18,65.355,65.77,194453
2023-06-20T04:00:00Z,67.41,67.58,65.8,66.895,247628
2023-06-16T04:00:00Z,70.17,70.465,66.085,67.63,855665
2023-06-15T04:00:00Z,68.74,69.51,68.42,68.81,321655
2023-06-14T04:00:00Z,67.665,69.17,67.57,69.115,317948
2023-06-13T04:00:00Z,68.615,68.87,67.605,67.87,280293
2023-06-12T04:00:00Z,65.925,67.53,65.815,67.46,395576
2023-06-09T04:00:00Z,66.095,66.36,64.465,65.43,401105
2023-06-08T04:00:00Z,66.5,66.5,64.02,65.325,929212
2023-06-07T04:00:00Z,68.42,68.65,66.96,67.085,423736
2023-06-06T04:00:00Z,67.01,68.83,66.82,67.52,572817
2023-06-05T04:00:00Z,69.44,69.44,67.52,67.74,593344
2023-06-02T04:00:00Z,70.16,70.52,68.29,69.14,263528
2023-06-01T04:00:00Z,68.925,69.78,68.14,69.08,605352
2023-05-31T04:00:00Z,68.91,69.785,67.92,68.23,883752
2023-05-30T04:00:00Z,74.65,74.65,71.59,71.695,843662
2023-05-26T04:00:00Z,70,74.58,69.825,73.92,1046417
2023-05-25T04:00:00Z,69.74,69.87,67.515,69.595,761111
2023-05-24T04:00:00Z,64.96,66.725,64.95,66.52,319007
2023-05-23T04:00:00Z,65.77,67.55,65.72,66.04,391988
2023-05-22T04:00:00Z,65.76,66.745,64.8,66.23,759745
2023-05-19T04:00:00Z,67.605,68.39,66.44,68.16,373676
2023-05-18T04:00:00Z,65.91,68.56,65.1,67.555,1382769
2023-05-17T04:00:00Z,64.61,65.305,63.445,64.905,272089
2023-05-16T04:00:00Z,64.565,65.22,63.31,63.725,362810
2023-05-15T04:00:00Z,62.26,64.85,61.8,64.67,648108
2023-05-12T04:00:00Z,62,62.18,60.16,60.905,399516
2023-05-11T04:00:00Z,60.57,61.81,60.11,61.6,440567
2023-05-10T04:00:00Z,61.93,62.285,59.8,59.95,397079
2023-05-09T04:00:00Z,59.87,61.39,59.58,60.92,346967
2023-05-08T04:00:00Z,61.23,61.31,60.32,60.865,217064
2023-05-05T04:00:00Z,60.68,61.73,60.16,61.2,339032
2023-05-04T04:00:00Z,60.41,60.96,59.93,60.51,362772
2023-05-03T04:00:00Z,61.5,62.15,60.815,60.94,330010
2023-05-02T04:00:00Z,62.24,62.57,61.245,61.9,246401
2023-05-01T04:00:00Z,63.92,64.1,62.305,62.32,404035
2023-04-28T04:00:00Z,62.56,64.43,62.33,64.36,583458
2023-04-27T04:00:00Z,60.77,61.955,60.15,61.87,421291
2023-04-26T04:00:00Z,59.65,61.165,59.35,61.03,1368049
2023-04-25T04:00:00Z,59.13,59.335,58.03,58.16,594293
2023-04-24T04:00:00Z,60.1,60.845,59.355,59.52,386217
2023-04-21T04:00:00Z,61.05,61.43,60.735,61.15,200709
2023-04-20T04:00:00Z,59.88,61.945,59.88,61.465,355769
2023-04-19T04:00:00Z,60.82,61.17,60.405,60.65,287333
2023-04-18T04:00:00Z,63.31,63.43,61.48,61.93,421421
2023-04-17T04:00:00Z,62.175,62.725,61.975,62.525,335988
2023-04-14T04:00:00Z,63.19,63.19,61.8,62.64,322326
2023-04-13T04:00:00Z,61.55,63.365,60.815,63.005,754655
2023-04-12T04:00:00Z,64.3,64.34,61.865,61.96,430790
2023-04-11T04:00:00Z,63.65,64.24,63.05,63.57,746709
2023-04-10T04:00:00Z,61.23,63.755,61.01,63.28,694705
2023-04-06T04:00:00Z,56.95,59.15,56.8,58.555,540565
2023-04-05T04:00:00Z,56.82,57.1,56.025,57.04,418525
2023-04-04T04:00:00Z,59.645,60.025,56.98,57.225,866005
2023-04-03T04:00:00Z,59.73,59.8,57.91,59.62,608075
2023-03-31T04:00:00Z,60.34,61.655,59.9,60.33,954289
2023-03-30T04:00:00Z,64.05,64.1,62.49,63.09,646762
2023-03-29T04:00:00Z,60.92,64.41,60.89,63.56,1480830
2023-03-28T04:00:00Z,59.815,59.815,57.835,59.3,513032
2023-03-27T04:00:00Z,61.16,61.4,59.195,59.78,472054
2023-03-24T04:00:00Z,60.54,61.395,60.5,61.18,592415
2023-03-23T04:00:00Z,59.215,61.78,59.215,61.34,720262
2023-03-22T04:00:00Z,58.4,60.375,58.1,58.17,331866
2023-03-21T04:00:00Z,58.38,59.505,57.625,58.61,332593
2023-03-20T04:00:00Z,56.625,57.86,56.11,57.615,258332
2023-03-17T04:00:00Z,56.85,57.71,56.22,56.68,395581
2023-03-16T04:00:00Z,53.695,56.71,53.695,56.56,385555
2023-03-15T04:00:00Z,53.38,54.25,52.9,54.14,367226
2023-03-14T04:00:00Z,55.01,55.415,53.715,54.26,426761
2023-03-13T04:00:00Z,53.985,54.54,52.79,53.9,534224
2023-03-10T05:00:00Z,55.75,56.51,54.53,54.94,413942
2023-03-09T05:00:00Z,56.63,57.53,55.55,55.59,221194
2023-03-08T05:00:00Z,55.76,56.91,55.375,56.89,368505
2023-03-07T05:00:00Z,56.58,56.71,55.325,55.59,526148
2023-03-06T05:00:00Z,57.25,58.64,56.555,56.85,416554
2023-03-03T05:00:00Z,56.46,56.87,55.46,56.78,434383
2023-03-02T05:00:00Z,55.45,56.69,54.725,56.405,696356
2023-03-01T05:00:00Z,58,58.48,57.23,57.35,191056
2023-02-28T05:00:00Z,57.68,58.735,57.46,57.815,223587
2023-02-27T05:00:00Z,59.15,59.48,57.835,57.9,335300
2023-02-24T05:00:00Z,57.61,58.355,57.39,58.185,282960
2023-02-23T05:00:00Z,59.15,59.74,57.445,58.73,477635
2023-02-22T05:00:00Z,57.73,58.55,56.83,56.985,284011
2023-02-21T05:00:00Z,58.38,59.68,57.51,57.63,397631
2023-02-17T05:00:00Z,59.82,60.13,58.535,59.01,324199
2023-02-16T05:00:00Z,60.78,61.345,59.87,60.04,281773
2023-02-15T05:00:00Z,61.45,61.935,60.49,61.86,231363
2023-02-14T05:00:00Z,59.535,62.305,59.03,62.05,368529
2023-02-13T05:00:00Z,59.73,60.27,58.84,60.12,297902
2023-02-10T05:00:00Z,60.35,60.74,59.27,59.81,364551
2023-02-09T05:00:00Z,61.18,61.79,59.705,60.18,238878
2023-02-08T05:00:00Z,61.46,62.3,60.23,60.25,265222
2023-02-07T05:00:00Z,60.15,62.38,59.72,62.11,365994
2023-02-06T05:00:00Z,61.04,61.18,59.745,59.98,377455
2023-02-03T05:00:00Z,61.935,63.79,61.935,62.39,332585
2023-02-02T05:00:00Z,63.47,63.89,61.88,63.17,521359
2023-02-01T05:00:00Z,60.63,63.23,60.4,62.61,618726
2023-01-31T05:00:00Z,59.07,60.315,58.67,60.29,774767
2023-01-30T05:00:00Z,62.79,63.205,61.71,61.71,868815
2023-01-27T05:00:00Z,62.12,64.33,62,63.85,586581
2023-01-26T05:00:00Z,62.7,63.05,61.31,62.8,374229
2023-01-25T05:00:00Z,60.55,61.66,60.42,61.56,491117
2023-01-24T05:00:00Z,61.29,61.71,60.9,61.26,272882
2023-01-23T05:00:00Z,58.885,61.88,58.87,61.82,744897
2023-01-20T05:00:00Z,57.5,58.565,56.76,58.45,468905
2023-01-19T05:00:00Z,55.78,57.06,55.28,56.37,306657
2023-01-18T05:00:00Z,57.57,58.035,56.38,56.52,403815
2023-01-17T05:00:00Z,57.22,58.59,56.55,56.85,471640
2023-01-13T05:00:00Z,56.745,56.97,56.13,56.93,335072
2023-01-12T05:00:00Z,58.105,58.19,56.43,57.29,622997
2023-01-11T05:00:00Z,57.48,58.46,56.925,58.085,889995
2023-01-10T05:00:00Z,56.245,57.28,55.87,57.25,267021
2023-01-09T05:00:00Z,56.92,57.51,55.66,56.36,622829
2023-01-06T05:00:00Z,55.53,57.29,54.07,56.74,694096
2023-01-05T05:00:00Z,53.93,55.365,53.9,54.71,624217
2023-01-04T05:00:00Z,53.12,54.49,52.75,54.2,878535
2023-01-03T05:00:00Z,50.74,50.94,49.58,50.37,407384
2022-12-30T05:00:00Z,49.42,50.02,49.135,50,287147
2022-12-29T05:00:00Z,49.485,50.91,49.35,50.65,360650
2022-12-28T05:00:00Z,49.82,51.08,48.85,49.12,442764
2022-12-27T05:00:00Z,49.61,50.305,48.525,50.03,633005
2022-12-23T05:00:00Z,48.985,50.535,48.985,50.2,618603
2022-12-22T05:00:00Z,49.43,49.97,48.44,49.44,1924164
2022-12-21T05:00:00Z,50.93,51.745,50.76,51.17,516514
2022-12-20T05:00:00Z,51.295,51.96,50.45,50.69,557738
2022-12-19T05:00:00Z,52.245,52.27,51.105,51.73,595747
2022-12-16T05:00:00Z,51.79,52.505,51.62,52.07,495410
2022-12-15T05:00:00Z,53.59,53.67,51.85,52.07,709736
2022-12-14T05:00:00Z,55.26,56.09,54.13,54.57,446387
2022-12-13T05:00:00Z,57.19,57.85,54.66,55.19,704394
2022-12-12T05:00:00Z,53.61,55.37,53.35,55.36,520549
2022-12-09T05:00:00Z,54.83,55.85,54.535,54.87,359973
2022-12-08T05:00:00Z,54.64,55.69,54.07,55.2,452527
2022-12-07T05:00:00Z,53.05,54.24,52.47,53.835,470879
2022-12-06T05:00:00Z,53.835,54.61,53.245,53.66,465411
2022-12-05T05:00:00Z,54.31,55.25,53.745,54.05,400251
2022-12-02T05:00:00Z,54.3,55.4,53.41,54.7,728128
2022-12-01T05:00:00Z,57.83,57.92,55.13,55.49,1116243
2022-11-30T05:00:00Z,53.64,57.66,52.62,57.66,1131231
2022-11-29T05:00:00Z,55.795,56.505,54.78,55.13,550977
2022-11-28T05:00:00Z,57.43,57.74,55.47,55.75,561627
2022-11-25T05:00:00Z,58.6,59.13,58.4,58.45,161986
2022-11-23T05:00:00Z,58.42,59.01,57.78,58.95,355326
2022-11-22T05:00:00Z,57.55,58.67,56.99,58.61,254729
2022-11-21T05:00:00Z,57.855,58.02,56.83,57.17,301913
2022-11-18T05:00:00Z,59.57,59.62,58.1,58.58,394944
2022-11-17T05:00:00Z,57.31,58.97,56.53,58.74,849456
2022-11-16T05:00:00Z,60.42,61.36,58.13,58.87,735019
2022-11-15T05:00:00Z,63.635,64.44,62.44,63.13,644714
2022-11-14T05:00:00Z,61.88,62.75,61,61.8,361719
2022-11-11T05:00:00Z,60.8,63.18,59.935,62.5,623196
2022-11-10T05:00:00Z,58.6,60.375,58.075,60.23,909765
2022-11-09T05:00:00Z,56.33,56.635,55.52,55.98,714085
2022-11-08T05:00:00Z,57.48,57.865,56.485,57.47,677453
2022-11-07T05:00:00Z,56.39,56.8,55.465,56.56,395427
2022-11-04T04:00:00Z,55.3,56.885,54.835,56.19,531550
2022-11-03T04:00:00Z,52.7,54.35,51.93,53.48,515507
2022-11-02T04:00:00Z,54.81,56.26,53.42,53.425,417213
2022-11-01T04:00:00Z,55.09,55.43,54.15,54.86,250329
2022-10-31T04:00:00Z,53.95,54.89,53.17,54.08,477899
2022-10-28T04:00:00Z,51.905,54.43,51.48,54.03,713334
2022-10-27T04:00:00Z,55.47,56.23,52.125,52.23,750762
2022-10-26T04:00:00Z,55.985,57.415,54.98,55.45,882786
2022-10-25T04:00:00Z,56.635,57.02,55.34,55.865,647309
2022-10-24T04:00:00Z,56.23,56.77,55.11,56.24,482134
2022-10-21T04:00:00Z,53.52,56.28,53.42,56.06,567075
2022-10-20T04:00:00Z,53.445,55.095,53.23,53.69,399704
2022-10-19T04:00:00Z,52.11,53.42,52.11,53.04,489432
2022-10-18T04:00:00Z,55,55.08,51.69,52.59,818998
2022-10-17T04:00:00Z,54.595,54.95,52.86,53.49,701356
2022-10-14T04:00:00Z,55.245,55.44,52.61,52.74,619669
2022-10-13T04:00:00Z,51.23,55.92,50.78,54.88,902611
2022-10-12T04:00:00Z,53.62,53.77,52.39,52.74,793767
2022-10-11T04:00:00Z,50.57,54.76,50.33,53.73,1104797
2022-10-10T04:00:00Z,53.02,53.12,50.785,51.38,559462
2022-10-07T04:00:00Z,53.5,54.64,52.515,52.91,842728
2022-10-06T04:00:00Z,54.61,55.1,53.3,54.61,602185
2022-10-05T04:00:00Z,52.825,55.2,52.17,54.73,729117
2022-10-04T04:00:00Z,53.565,54.8,52.665,53.97,892404
2022-10-03T04:00:00Z,51.01,53.085,50.725,51.73,1030176
2022-09-30T04:00:00Z,50.51,52.06,49.83,50.1,1407184
2022-09-29T04:00:00Z,50.05,50.265,49.23,50.06,677527
2022-09-28T04:00:00Z,50.13,51.185,50.11,50.98,729699
2022-09-27T04:00:00Z,49.87,50.65,49.405,50.58,524339
2022-09-26T04:00:00Z,49.925,50.45,48.83,48.89,534259
2022-09-23T04:00:00Z,49.32,50.135,48.46,50.1,849719
2022-09-22T04:00:00Z,49.78,50.36,49.355,49.64,772972
2022-09-21T04:00:00Z,49.74,52.47,49.74,50.1,678046
2022-09-20T04:00:00Z,51.54,51.59,50.63,50.8,509333
2022-09-19T04:00:00Z,51.9,52.73,51.89,52.09,458464
2022-09-16T04:00:00Z,51.91,52.99,51.49,52.82,544265
2022-09-15T04:00:00Z,52.69,53.44,52,52.69,445510
2022-09-14T04:00:00Z,53.95,54.215,52.46,53.11,779554
2022-09-13T04:00:00Z,55.61,56.17,53.155,53.62,806793
2022-09-12T04:00:00Z,57.515,58.11,57.06,57.97,330755
2022-09-09T04:00:00Z,56.25,57.665,56.21,57.46,342046
2022-09-08T04:00:00Z,54.49,55.89,53.75,55.37,681258
2022-09-07T04:00:00Z,55.25,55.71,54.02,55,565308
2022-09-06T04:00:00Z,56.18,56.67,55.125,55.24,390395
2022-09-02T04:00:00Z,58.29,58.79,56.03,56.33,445132
2022-09-01T04:00:00Z,55.18,57.4,54.795,57.31,652700
2022-08-31T04:00:00Z,56.02,57.155,55.84,56.51,423243
2022-08-30T04:00:00Z,57.58,57.8,55.58,56.32,484466
2022-08-29T04:00:00Z,57.36,57.98,56.545,56.99,367573
2022-08-26T04:00:00Z,61.12,61.13,57.61,57.64,558432
2022-08-25T04:00:00Z,58.6,61.27,58.58,61.21,346796
2022-08-24T04:00:00Z,57.84,58.56,57.36,58.315,346357
2022-08-23T04:00:00Z,58.515,59.29,57.76,57.87,665029
2022-08-22T04:00:00Z,59.53,59.53,57.97,58.34,460073
2022-08-19T04:00:00Z,61.805,62.25,60.29,60.51,894638
2022-08-18T04:00:00Z,61.8,63.41,61.27,63,395976
2022-08-17T04:00:00Z,62.78,62.78,60.785,61.62,698073
2022-08-16T04:00:00Z,64.12,64.53,63.225,63.85,341758
2022-08-15T04:00:00Z,64.865,65.09,63.905,64.67,284549
2022-08-12T04:00:00Z,62.66,65.415,62.24,65.04,574505
2022-08-11T04:00:00Z,62.03,64.09,62.03,62.33,798092
2022-08-10T04:00:00Z,60.065,61.53,59.41,61.39,642497
2022-08-09T04:00:00Z,58.99,60.53,57.75,59.17,1254168
2022-08-08T04:00:00Z,61.99,62.6,60.995,61.46,452369
2022-08-05T04:00:00Z,62.78,63.215,61.795,62.46,517207
2022-08-04T04:00:00Z,64.085,64.975,63.67,64.87,462298
2022-08-03T04:00:00Z,62.57,64.51,62.465,64.3,539378
2022-08-02T04:00:00Z,61.72,63.28,60.92,62.47,343398
2022-08-01T04:00:00Z,62.38,63.97,62,62.54,525739
2022-07-29T04:00:00Z,61.34,62.09,60.78,61.85,395525
2022-07-28T04:00:00Z,62.22,62.265,60.195,62.08,369611
2022-07-27T04:00:00Z,60.53,62.38,59.65,61.88,551344
2022-07-26T04:00:00Z,60.22,60.665,59.56,59.66,474549
2022-07-25T04:00:00Z,61.27,61.79,59.71,60.16,671919
2022-07-22T04:00:00Z,61.47,62.9,61.015,61.29,1184957
2022-07-21T04:00:00Z,62.71,63.68,61.93,63.63,429710
2022-07-20T04:00:00Z,62.21,63.52,61.86,63.3,712376
2022-07-19T04:00:00Z,61.6,62.745,61.41,62.37,598546
2022-07-18T04:00:00Z,61.94,62.31,60.15,60.46,390769
2022-07-15T04:00:00Z,61.465,61.7,59.45,61.52,651488
2022-07-14T04:00:00Z,57.92,59.66,57.33,59.35,526499
2022-07-13T04:00:00Z,57.375,59.41,57.375,58.86,499141
2022-07-12T04:00:00Z,58.41,60.08,58.2,59.15,1096378
2022-07-11T04:00:00Z,58.09,58.56,57.715,57.82,494348
2022-07-08T04:00:00Z,58.33,60.425,58.15,59.14,1141054
2022-07-07T04:00:00Z,59.05,59.31,57.84,58.85,1119272
2022-07-06T04:00:00Z,56.94,58.12,56.465,57.38,967959
2022-07-05T04:00:00Z,52.16,56.88,52.11,56.75,1244331
2022-07-01T04:00:00Z,53.39,53.93,51.42,53.65,1689011
2022-06-30T04:00:00Z,54.98,56.4,54.24,55.46,863518
2022-06-29T04:00:00Z,57.195,57.46,55.35,56.02,763956
2022-06-28T04:00:00Z,58.93,60.58,57.81,57.86,755865
2022-06-27T04:00:00Z,59.63,60.045,58.41,58.79,572767
2022-06-24T04:00:00Z,57.18,58.97,57.15,58.46,592104
2022-06-23T04:00:00Z,56.63,56.81,54.96,56.22,484851
2022-06-22T04:00:00Z,55.9,57.06,55.635,56.32,561844
2022-06-21T04:00:00Z,56.91,57.91,56.375,56.8,563143
2022-06-17T04:00:00Z,55.89,56.02,53.61,55.74,1139787
2022-06-16T04:00:00Z,56.925,56.95,54.25,55.04,908522
2022-06-15T04:00:00Z,59.305,60.075,57.56,59.11,1085891
2022-06-14T04:00:00Z,59.36,59.865,57.725,58.7,1029938
2022-06-13T04:00:00Z,59.88,60.96,58.59,58.835,984939
2022-06-10T04:00:00Z,64.82,65.525,62.285,62.645,1000773
2022-06-09T04:00:00Z,67.95,68.64,66,66.01,564818
2022-06-08T04:00:00Z,69.86,70.39,67.785,68.61,678234
2022-06-07T04:00:00Z,68.63,70.85,68.14,70.76,561653
2022-06-06T04:00:00Z,71.06,72.1,70.035,70.43,452321
2022-06-03T04:00:00Z,71.6,71.69,69.12,69.95,856903
2022-06-02T04:00:00Z,73.19,75.4,73.16,75.38,373877
2022-06-01T04:00:00Z,74.43,75.37,72.58,73.54,448983
2022-05-31T04:00:00Z,73.37,74.465,71.94,73.84,516100
2022-05-27T04:00:00Z,71.76,73.43,71.665,73.32,435572
2022-05-26T04:00:00Z,66.46,71.03,66.46,70.58,455208
2022-05-25T04:00:00Z,65.925,68.845,65.9,67.88,488946
2022-05-24T04:00:00Z,68.32,68.4,66.02,66.57,813360
2022-05-23T04:00:00Z,68.77,70.17,68.61,69.59,318883
2022-05-20T04:00:00Z,70.25,70.41,66.14,68.91,820224
2022-05-19T04:00:00Z,70.6,71.67,69.06,69.385,765607
2022-05-18T04:00:00Z,73.12,74.21,70.2,71.06,925190
2022-05-17T04:00:00Z,72.25,74.72,72.19,74.49,545274
2022-05-16T04:00:00Z,71.41,72.02,70.33,70.47,369323
2022-05-13T04:00:00Z,69.13,72.59,68.08,71.9,532536
2022-05-12T04:00:00Z,65.98,68.88,65.89,67.76,1275018
2022-05-11T04:00:00Z,68.64,70.87,66.835,66.98,385773
2022-05-10T04:00:00Z,69.47,70.56,67.61,68.91,414214
2022-05-09T04:00:00Z,69.11,71.34,67.51,67.88,631733
2022-05-06T04:00:00Z,70.62,71.9,69.11,70.38,410421
2022-05-05T04:00:00Z,72.25,72.52,70.38,71.47,469742
2022-05-04T04:00:00Z,71.75,73.9,70.175,73.62,536729
2022-05-03T04:00:00Z,70.36,71.95,70.2,71.28,492421
2022-05-02T04:00:00Z,68.09,70.72,67.58,70.59,396424
2022-04-29T04:00:00Z,69.39,71.32,68.03,68.18,475825
2022-04-28T04:00:00Z,67.78,70.81,67.07,70.19,501029
2022-04-27T04:00:00Z,66.18,68.48,65.88,66.47,348304
2022-04-26T04:00:00Z,68.885,69.07,67.04,67.06,347691
2022-04-25T04:00:00Z,68.27,70.17,67.93,70.13,376071
2022-04-22T04:00:00Z,70.4,70.92,69.31,69.37,323063
2022-04-21T04:00:00Z,73.915,74.465,70.66,70.94,651566
2022-04-20T04:00:00Z,73.8,76.2,72.92,73.18,487946
2022-04-19T04:00:00Z,70.97,73.4,70.8,72.72,574193
2022-04-18T04:00:00Z,70.25,72.09,70.17,71.15,490114
2022-04-14T04:00:00Z,72.635,72.76,70.09,70.12,392731
2022-04-13T04:00:00Z,72.4,73.74,71.915,72.38,731448
2022-04-12T04:00:00Z,72.82,73.58,71.58,71.96,378217
2022-04-11T04:00:00Z,70.61,72.89,70.115,72.015,579486
2022-04-08T04:00:00Z,72.54,72.84,70.86,72.16,346211
2022-04-07T04:00:00Z,73.66,74.62,72.14,73.3,537508
2022-04-06T04:00:00Z,73.16,74.87,71.47,73.78,896780
2022-04-05T04:00:00Z,76.73,78.01,74.3,74.64,511103
2022-04-04T04:00:00Z,76.79,78.15,76.52,77.68,617578
2022-04-01T04:00:00Z,78.21,78.9,74.08,76.22,865380
2022-03-31T04:00:00Z,77.6,79.95,76.83,77.89,711296
2022-03-30T04:00:00Z,84.32,86.19,78.6,79.17,1977507
2022-03-29T04:00:00Z,82.145,82.54,79.3,82.16,1325331
2022-03-28T04:00:00Z,78.53,80.15,77.27,79.86,684735
2022-03-25T04:00:00Z,78.23,78.23,75.15,78.08,704067
2022-03-24T04:00:00Z,75.78,78.535,75.38,78.2,568427
2022-03-23T04:00:00Z,77.84,78.21,75.08,75.67,943222
2022-03-22T04:00:00Z,77.7,79.69,77.51,79.13,524914
2022-03-21T04:00:00Z,78.99,79.88,75.54,78.345,1127902
2022-03-18T04:00:00Z,79.07,81.17,78.13,79.39,765582
2022-03-17T04:00:00Z,78.045,80.57,77.215,80.52,655969
2022-03-16T04:00:00Z,76.51,79.695,76.15,79.675,1281297
2022-03-15T04:00:00Z,70.04,73.51,68.39,73.11,941788
2022-03-14T04:00:00Z,71.86,72.44,68.96,69.39,920810
2022-03-11T05:00:00Z,76.695,76.695,72.65,72.82,848112
2022-03-10T05:00:00Z,77.38,77.46,73.85,75.72,519754
2022-03-09T05:00:00Z,79.97,80.475,77.62,79.42,592374
2022-03-08T05:00:00Z,76.25,80.25,73.95,77.16,963803
2022-03-07T05:00:00Z,81.76,82.925,75.63,75.69,747578
2022-03-04T05:00:00Z,87.42,87.42,80.52,81.91,1324410
2022-03-03T05:00:00Z,91.62,92.19,88.4,89.17,652087
2022-03-02T05:00:00Z,87.36,94.07,87.03,93.3,1108007
2022-03-01T05:00:00Z,88.19,89.81,84.75,86.27,461639
2022-02-28T05:00:00Z,88.43,89.71,87.17,88.89,408837
2022-02-25T05:00:00Z,88.07,90.46,87.32,90.14,386793
2022-02-24T05:00:00Z,84.17,88.92,83.79,88.83,599645
2022-02-23T05:00:00Z,91.63,91.85,87.1,87.35,513018
2022-02-22T05:00:00Z,89.945,93.93,88.71,90.57,626898
2022-02-18T05:00:00Z,94.595,94.595,88.91,90.74,528874
2022-02-17T05:00:00Z,95.04,95.98,93.53,93.78,512916
2022-02-16T05:00:00Z,94.465,96.49,93.59,96.05,423506
2022-02-15T05:00:00Z,91.035,96.5,91.035,96.02,1003700
2022-02-14T05:00:00Z,92.03,93.11,88.71,89.85,465625
2022-02-11T05:00:00Z,91.345,94.55,88.975,89.81,782478
2022-02-10T05:00:00Z,89.23,94.63,88.51,91.03,1123451
2022-02-09T05:00:00Z,84.64,88.76,83.57,88.12,789849
2022-02-08T05:00:00Z,81.07,84.395,81.015,84.15,505794
2022-02-07T05:00:00Z,81.75,82.02,80.49,80.88,200612
2022-02-04T05:00:00Z,81.2,82.175,79.86,81.17,458929
2022-02-03T05:00:00Z,82.81,85.175,81.715,82.01,644066
2022-02-02T05:00:00Z,82.925,84.68,82.545,84.59,544351
2022-02-01T05:00:00Z,82.22,82.27,80.42,81.46,368350
2022-01-31T05:00:00Z,79.025,82.305,78.1,82.295,565868
2022-01-28T05:00:00Z,77.37,79.28,75.52,79.28,703215
2022-01-27T05:00:00Z,83.41,83.65,78.44,78.71,539499
2022-01-26T05:00:00Z,83.14,84.76,80.63,81.99,593905
2022-01-25T05:00:00Z,80.9,82.42,79.725,80.7,454048
2022-01-24T05:00:00Z,80.28,83.03,77.66,82.96,691012
2022-01-21T05:00:00Z,84.22,85.125,81.53,81.91,1067095
2022-01-20T05:00:00Z,90.31,90.31,84.94,85.02,809815
2022-01-19T05:00:00Z,93.74,94.78,89.78,89.99,555410
2022-01-18T05:00:00Z,95.49,95.93,92.575,92.87,396406
2022-01-14T05:00:00Z,94.495,97.43,94.4,97.37,361453
2022-01-13T05:00:00Z,96.5,98.095,95.34,95.62,623710
2022-01-12T05:00:00Z,95.125,96.22,93.81,95.12,291211
2022-01-11T05:00:00Z,92.535,94.25,91.72,94.22,281310
2022-01-10T05:00:00Z,94.29,95.6,91.09,93.89,494566
2022-01-07T05:00:00Z,96.13,97.19,93.95,94.43,410654
2022-01-06T05:00:00Z,95.1,96.7,94.15,95.68,709933
2022-01-05T05:00:00Z,95.4,98.44,94.37,94.39,762150
2022-01-04T05:00:00Z,95.625,96.59,93.54,96.35,465895
2022-01-03T05:00:00Z,93.97,95.83,93.51,95.73,467054
2021-12-31T05:00:00Z,94.08,94.4,93.03,93.15,191622
2021-12-30T05:00:00Z,94.39,95.5,93.54,93.82,371777
2021-12-29T05:00:00Z,93.96,96.74,93.95,96.17,835986
2021-12-28T05:00:00Z,93.76,93.84,92.08,92.95,381879
2021-12-27T05:00:00Z,93.83,94.92,92.73,94.43,321525
2021-12-23T05:00:00Z,90.66,94.98,90.38,94.33,942429
2021-12-22T05:00:00Z,89.91,90.45,88.95,90.33,437665
2021-12-21T05:00:00Z,88.975,91.14,87.38,90.66,1511980
2021-12-20T05:00:00Z,82.1,83.225,80.91,82,562698
2021-12-17T05:00:00Z,81.28,83.225,80.95,83.1,488376
2021-12-16T05:00:00Z,85.94,86.11,82.16,82.69,367871
2021-12-15T05:00:00Z,83.365,85.76,82.07,85.76,354620
2021-12-14T05:00:00Z,83.03,84.75,82.94,83.325,230413
2021-12-13T05:00:00Z,86.655,87.35,84.23,84.32,290821
2021-12-10T05:00:00Z,84.48,85.67,84.18,85.55,351813
2021-12-09T05:00:00Z,85.18,86.53,84.64,84.94,216137
2021-12-08T05:00:00Z,85.38,86.33,84.09,86.03,330800
2021-12-07T05:00:00Z,84.41,87.02,84.37,85.815,584317
2021-12-06T05:00:00Z,81.875,83.22,80.53,82.45,422335
2021-12-03T05:00:00Z,83.67,84.42,80.64,81.63,483051
2021-12-02T05:00:00Z,82.6,83.57,81.37,82.89,691666
2021-12-01T05:00:00Z,86.52,89.045,85,85.01,1028319
2021-11-30T05:00:00Z,85.57,86.92,83.96,83.99,808793
2021-11-29T05:00:00Z,84.47,86.26,84.22,86.23,512066
2021-11-26T05:00:00Z,83.1,84.03,81.98,83.44,639714
2021-11-24T05:00:00Z,84.65,87.15,84.625,86.29,598886
2021-11-23T05:00:00Z,85.03,87.69,84.34,85.415,629814
2021-11-22T05:00:00Z,83.69,87.65,83.69,83.79,798364
2021-11-19T05:00:00Z,79.09,83.82,79.08,83.02,1253390
2021-11-18T05:00:00Z,76.89,77.49,75.75,77.03,420670
2021-11-17T05:00:00Z,76.38,76.535,75.195,75.48,348921
2021-11-16T05:00:00Z,76.52,77.13,75.8,76.805,417245
2021-11-15T05:00:00Z,77.77,78.25,76.61,76.77,423125
2021-11-12T05:00:00Z,74.99,78.015,74.97,77.3,748060
2021-11-11T05:00:00Z,74,74.96,73.63,74.55,469269
2021-11-10T05:00:00Z,74.165,75.13,73.205,73.39,496857
2021-11-09T05:00:00Z,75.09,76.27,74.58,75.61,557711
2021-11-08T05:00:00Z,73.32,75.02,73.13,74.555,538845
2021-11-05T04:00:00Z,73.01,73.71,72.375,72.91,375437
2021-11-04T04:00:00Z,72.37,72.45,71.04,72.25,559576
2021-11-03T04:00:00Z,70.6,71.33,70.285,71.25,222064
2021-11-02T04:00:00Z,70.41,70.845,70.06,70.78,252767
2021-11-01T04:00:00Z,68.94,70.97,68.94,70.715,438341
2021-10-29T04:00:00Z,68.38,69.55,68.04,69.09,367683
2021-10-28T04:00:00Z,69.395,70.34,69.235,69.59,514958
2021-10-27T04:00:00Z,68.58,68.685,67.46,68.26,355365
2021-10-26T04:00:00Z,69.285,69.805,68.48,68.94,570219
2021-10-25T04:00:00Z,69.625,71.12,68.545,68.705,609505
2021-10-22T04:00:00Z,68.47,69.065,67.085,67.49,582373
2021-10-21T04:00:00Z,67.855,68.7,67.67,68.66,317114
2021-10-20T04:00:00Z,67.09,69.2,67.01,68.25,457663
2021-10-19T04:00:00Z,67.35,67.885,66.645,67.57,496219
2021-10-18T04:00:00Z,67.01,67.6,66.32,67.26,324631
2021-10-15T04:00:00Z,68.09,68.42,67.48,67.7,348338
2021-10-14T04:00:00Z,67.3,68.065,66.82,67.8,550949
2021-10-13T04:00:00Z,66.76,67.4,66.23,66.4,356629
2021-10-12T04:00:00Z,69.37,69.37,65.67,66.73,931668
2021-10-11T04:00:00Z,69.75,70.32,69.18,69.19,508513
2021-10-08T04:00:00Z,70.89,70.94,69.71,70.13,329266
2021-10-07T04:00:00Z,70.31,71.67,70.13,70.505,591389
2021-10-06T04:00:00Z,69.71,70.36,69.05,69.95,599979
2021-10-05T04:00:00Z,71.11,71.11,69.635,70.46,355533
2021-10-04T04:00:00Z,70.53,71.56,70.4,70.64,473453
2021-10-01T04:00:00Z,71.18,71.525,70.12,70.95,453169
2021-09-30T04:00:00Z,72.16,72.58,70.88,70.97,415552
2021-09-29T04:00:00Z,71.06,73.31,70.24,71.68,1056729
2021-09-28T04:00:00Z,74.52,74.99,73.07,73.17,772873
2021-09-27T04:00:00Z,73.59,75.86,73.525,75.14,639325
2021-09-24T04:00:00Z,73.35,74.485,73.08,74.03,523390
2021-09-23T04:00:00Z,73.61,74.78,73.28,74.04,537717
2021-09-22T04:00:00Z,73.09,74.57,72.67,73.98,477879
2021-09-21T04:00:00Z,72.99,73.13,71.66,72.12,283165
2021-09-20T04:00:00Z,72.55,72.7,71.205,72.45,714989
2021-09-17T04:00:00Z,74.29,74.5,73.345,74.37,422339
2021-09-16T04:00:00Z,73.35,74.955,72.81,74.62,556281
2021-09-15T04:00:00Z,72.94,73.93,71.81,73.82,360670
2021-09-14T04:00:00Z,73.84,74.11,72.93,73.54,395272
2021-09-13T04:00:00Z,74.515,75.17,73.53,74.335,388678
2021-09-10T04:00:00Z,74.02,75.615,73.47,73.5,520403
2021-09-09T04:00:00Z,71.68,73.265,71.42,72.87,483241
2021-09-08T04:00:00Z,73.12,73.21,71.155,72.265,538718
2021-09-07T04:00:00Z,73.775,74.48,73.17,73.64,409023
2021-09-03T04:00:00Z,74.14,74.65,73.64,73.8,258806
2021-09-02T04:00:00Z,73.29,74,72.34,73.975,335024
2021-09-01T04:00:00Z,74.21,74.21,73.03,73.66,487517
2021-08-31T04:00:00Z,73.715,74.6,73.33,73.66,395143
2021-08-30T04:00:00Z,74.04,74.715,72.85,73.16,393234
2021-08-27T04:00:00Z,72.62,74.15,72.25,74,463685
2021-08-26T04:00:00Z,73.215,73.23,71.71,72.77,573504
2021-08-25T04:00:00Z,72.84,77,72.18,74.05,984201
2021-08-24T04:00:00Z,72.14,72.68,71.72,72.01,555872
2021-08-23T04:00:00Z,70.98,71.88,68.91,71.72,434587
2021-08-20T04:00:00Z,70.28,71.01,69.59,70.22,409753
2021-08-19T04:00:00Z,70,70.81,69.08,70.34,517810
2021-08-18T04:00:00Z,71.185,71.87,70.6,70.61,436786
2021-08-17T04:00:00Z,70.04,71.435,69.645,70.79,501552
2021-08-16T04:00:00Z,70.26,71.73,69.93,70.94,518799
2021-08-13T04:00:00Z,70.24,71.23,69.9,70.93,1448185
2021-08-12T04:00:00Z,72.15,72.19,68.82,70.27,2849125
2021-08-11T04:00:00Z,76.04,76.04,73.73,75.03,1162388
2021-08-10T04:00:00Z,79.74,79.74,75.775,75.91,1264456
2021-08-09T04:00:00Z,81.78,81.97,80.1,80.19,363457
2021-08-06T04:00:00Z,81.105,82.86,81.05,81.985,380759
2021-08-05T04:00:00Z,82.28,83.04,81.165,81.46,330683
2021-08-04T04:00:00Z,80.45,83.09,79.55,82.03,884983
2021-08-03T04:00:00Z,78.94,81.05,77.96,80.855,742540
2021-08-02T04:00:00Z,78.865,79.47,77.47,77.64,501645
2021-07-30T04:00:00Z,76.2,78.11,76.16,77.56,370776
2021-07-29T04:00:00Z,76.13,77.11,75.95,77.09,519169
2021-07-28T04:00:00Z,74.49,76.005,74.41,75.52,482194
2021-07-27T04:00:00Z,74.4,74.645,72.52,74.23,687795
2021-07-26T04:00:00Z,75.91,77.43,75.52,76.285,329092
2021-07-23T04:00:00Z,75.91,76.03,74.9,76.01,312429
2021-07-22T04:00:00Z,76.23,76.23,74.475,75.53,572241
2021-07-21T04:00:00Z,75.45,77.22,75.36,77.165,389803
2021-07-20T04:00:00Z,74.68,75.92,73.79,75.39,406721
2021-07-19T04:00:00Z,73.52,74.67,73.245,74.57,696246
2021-07-16T04:00:00Z,77.18,77.6,74.845,74.995,646140
2021-07-15T04:00:00Z,78.33,78.39,76.35,76.905,494280
2021-07-14T04:00:00Z,79.29,80.715,78.33,78.4,353286
2021-07-13T04:00:00Z,79.32,79.48,78.12,78.46,470501
2021-07-12T04:00:00Z,78.795,79.72,77.73,79.56,395300
2021-07-09T04:00:00Z,77.39,78.945,76.78,78.765,281748
2021-07-08T04:00:00Z,76.13,77.87,75.98,77.12,530756
2021-07-07T04:00:00Z,81.69,81.81,77.955,78.225,477031
2021-07-06T04:00:00Z,80.89,81.51,79.77,81.04,377721
2021-07-02T04:00:00Z,80.62,80.86,78.895,80.345,525032
2021-07-01T04:00:00Z,82.2,82.24,79.925,80.075,1339010
2021-06-30T04:00:00Z,84.88,85.39,83.43,85.015,1126734
2021-06-29T04:00:00Z,83.54,83.82,81.88,82.93,569061
2021-06-28T04:00:00Z,82.65,83.59,82.16,83.375,603343
2021-06-25T04:00:00Z,81.64,82.83,81.1,82.025,535619
2021-06-24T04:00:00Z,80.4,80.89,79.94,80.58,337060
2021-06-23T04:00:00Z,78.105,79.87,78.105,79.025,418571
2021-06-22T04:00:00Z,77.5,78.265,77.075,77.685,509161
2021-06-21T04:00:00Z,76.87,77.28,75.715,77.09,695717
2021-06-18T04:00:00Z,78.82,79.25,76.14,76.975,939032
2021-06-17T04:00:00Z,79.8,81.43,79.4,80.615,432156
2021-06-16T04:00:00Z,82.8,83.095,80.125,80.49,565111
2021-06-15T04:00:00Z,80.65,82.9,79.975,82.08,687501
2021-06-14T04:00:00Z,79.53,80.94,79.37,80.49,432934
2021-06-11T04:00:00Z,80.06,80.72,79.21,79.35,449787
2021-06-10T04:00:00Z,79.35,80.82,78.53,79.28,906975
2021-06-09T04:00:00Z,80.23,80.5,78.53,78.69,700256
2021-06-08T04:00:00Z,84.94,84.94,80.015,80.55,816632
2021-06-07T04:00:00Z,83.19,84.225,82.7,84.025,276794
2021-06-04T04:00:00Z,83.02,84.37,82.86,83.82,579051
2021-06-03T04:00:00Z,83.52,84.04,81.905,82.025,468670
2021-06-02T04:00:00Z,84.25,84.8,83.47,84.405,348226
2021-06-01T04:00:00Z,84.97,85.725,83.66,84.1,451092
2021-05-28T04:00:00Z,84.21,84.725,83.25,84.16,278526
2021-05-27T04:00:00Z,82.46,84.74,82.34,84.035,983678
2021-05-26T04:00:00Z,81.59,82.41,81.03,82.3,474323
2021-05-25T04:00:00Z,83.61,83.69,79.75,81.265,1053222
2021-05-24T04:00:00Z,81.46,83.62,81.38,82.88,510948
2021-05-21T04:00:00Z,81.77,81.975,80.4,80.7,528919
2021-05-20T04:00:00Z,80.59,81.48,79.54,81.11,641098
2021-05-19T04:00:00Z,77.25,80.26,76.19,79.96,949457
2021-05-18T04:00:00Z,80.55,80.9,78.81,78.81,782953
2021-05-17T04:00:00Z,79.16,80.41,77.75,80.405,444496
2021-05-14T04:00:00Z,78.64,80.135,77.16,79.66,525703
2021-05-13T04:00:00Z,77.9,78.85,76.55,77.13,666438
2021-05-12T04:00:00Z,79.06,79.95,76.45,76.81,856270
2021-05-11T04:00:00Z,77.27,80.745,76.835,80.73,742886
2021-05-10T04:00:00Z,84.99,84.99,80.81,80.83,828886
2021-05-07T04:00:00Z,85.89,86.32,85.01,86.03,405558
2021-05-06T04:00:00Z,84.89,85.1,83.29,84.88,386841
2021-05-05T04:00:00Z,85.47,85.935,84.06,85.15,422432
2021-05-04T04:00:00Z,84.07,84.86,82.04,84.41,636271
2021-05-03T04:00:00Z,86.92,86.92,83.89,85,494040
2021-04-30T04:00:00Z,86.76,88.46,85.57,86.07,371082
2021-04-29T04:00:00Z,87.6,88.055,85.56,88.035,476085
2021-04-28T04:00:00Z,87.66,87.76,85.35,86.04,725662
2021-04-27T04:00:00Z,89.33,90.15,88.03,89.49,538881
2021-04-26T04:00:00Z,86.21,88.27,86.12,87.86,499931
2021-04-23T04:00:00Z,85.15,86.45,84.58,86.03,442130
2021-04-22T04:00:00Z,88.12,88.36,83.93,84.71,1192957
2021-04-21T04:00:00Z,87.18,89.555,86.37,89.48,564084
2021-04-20T04:00:00Z,88.35,88.94,86.55,87.44,574548
2021-04-19T04:00:00Z,90.68,90.68,86.535,88.44,653777
2021-04-16T04:00:00Z,90.47,91.33,90.095,90.63,286830
2021-04-15T04:00:00Z,91.75,91.75,89.45,90.36,808000
2021-04-14T04:00:00Z,91.68,92.51,89.52,90.67,649291
2021-04-13T04:00:00Z,96.455,96.76,91.59,92.125,382321
2021-04-12T04:00:00Z,95.16,96.95,94.835,95.59,416152
2021-04-09T04:00:00Z,94.21,95.37,93.59,95.37,330302
2021-04-08T04:00:00Z,94.97,96.39,93.78,95.3,449229
2021-04-07T04:00:00Z,94.26,95.045,92.55,93.97,335994
2021-04-06T04:00:00Z,93.82,96.09,92.67,93.505,546710
2021-04-05T04:00:00Z,93.875,94.63,92.49,93.74,413450
2021-04-01T04:00:00Z,93.11,94.36,91.26,92.5,737280
2021-03-31T04:00:00Z,87.44,89.07,86.74,88.235,616363
2021-03-30T04:00:00Z,86.355,87.21,85.44,86.62,352152
2021-03-29T04:00:00Z,87.755,88.23,85.77,86.55,428951
2021-03-26T04:00:00Z,84.16,88.115,84.085,88.04,605440
2021-03-25T04:00:00Z,81.24,84.41,80.5,84.06,506107
2021-03-24T04:00:00Z,87.025,87.12,82.925,82.99,914981
2021-03-23T04:00:00Z,91.03,91.03,84.975,85.315,732536
2021-03-22T04:00:00Z,91.915,92.42,89.72,91.315,364621
2021-03-19T04:00:00Z,90.52,92.67,88.93,90.44,568117
2021-03-18T04:00:00Z,92.99,93.47,89.415,89.87,611390
2021-03-17T04:00:00Z,91.17,95.48,90.14,94.815,771527
2021-03-16T04:00:00Z,90.84,94.66,90.3,91.43,757948
2021-03-15T04:00:00Z,87.69,88.875,86.145,88.875,339180
2021-03-12T05:00:00Z,87.72,88.53,86.46,87.69,444166
2021-03-11T05:00:00Z,87.59,90.21,86.88,89.25,556279
2021-03-10T05:00:00Z,89.87,89.9,85.33,85.36,591349
2021-03-09T05:00:00Z,87.885,90.16,86.36,89.3,446441
2021-03-08T05:00:00Z,88.57,89.72,84.89,84.89,501045
2021-03-05T05:00:00Z,87.635,89.31,83.32,88.915,1136944
2021-03-04T05:00:00Z,88.81,89.72,81.87,84.35,977275
2021-03-03T05:00:00Z,90.63,93.32,88.42,89.04,1008216
2021-03-02T05:00:00Z,93.675,94.87,90.92,90.935,578342
2021-03-01T05:00:00Z,94.345,95.73,92.6,94.87,567087
2021-02-26T05:00:00Z,89.71,92.94,88.26,91.55,605956
2021-02-25T05:00:00Z,91.52,93.08,87.6,88.07,713983
2021-02-24T05:00:00Z,88.29,92.59,87.76,92.59,671816
2021-02-23T05:00:00Z,85.14,89.195,82.455,88.16,966794
2021-02-22T05:00:00Z,89.55,90.49,85.94,86.305,543184
2021-02-19T05:00:00Z,90.01,91.49,88.815,90.93,583572
2021-02-18T05:00:00Z,86.555,88.72,85.96,88.58,700490
2021-02-17T05:00:00Z,86.51,87.27,84.93,86.06,478225
2021-02-16T05:00:00Z,88.995,89.15,87.07,87.745,481316
2021-02-12T05:00:00Z,86.04,88.28,85.55,88.06,517297
2021-02-11T05:00:00Z,84.21,86.63,84,86.53,837427
2021-02-10T05:00:00Z,83.97,84.43,81.32,82.35,316950
2021-02-09T05:00:00Z,83.37,83.94,82.42,83.32,341410
2021-02-08T05:00:00Z,81.77,84.015,81.675,83.98,353512
2021-02-05T05:00:00Z,81.84,82.01,80.72,81.11,337580
2021-02-04T05:00:00Z,79.15,81.2,78.96,81.2,355076
2021-02-03T05:00:00Z,81.845,82.53,78.98,79.11,581043
2021-02-02T05:00:00Z,81.33,81.73,79.95,81.63,432473
2021-02-01T05:00:00Z,79.585,81.08,78.535,80.49,491665
2021-01-29T05:00:00Z,78.285,79.37,77,78.23,808663
2021-01-28T05:00:00Z,77.055,80.18,76.76,78.28,849733
2021-01-27T05:00:00Z,77.03,77.49,74.34,75.08,935803
2021-01-26T05:00:00Z,81.83,81.93,79.03,79.49,372791
2021-01-25T05:00:00Z,83.18,83.28,78.93,81.33,611034
2021-01-22T05:00:00Z,84.02,84.89,82.23,82.41,682658
2021-01-21T05:00:00Z,83.91,85.07,82.57,84.92,715374
2021-01-20T05:00:00Z,85.98,87.21,83.25,83.61,739631
2021-01-19T05:00:00Z,81.24,85.67,80.99,85.5,605996
2021-01-15T05:00:00Z,81.24,81.84,79.56,80.76,361952
2021-01-14T05:00:00Z,80.04,82.205,79.59,81.3,585704
2021-01-13T05:00:00Z,79.06,80.37,78.55,79.965,573588
2021-01-12T05:00:00Z,79.19,79.56,77.85,79.475,926445
2021-01-11T05:00:00Z,76.59,79.79,76.49,78.68,646726
2021-01-08T05:00:00Z,82.59,84.14,77.07,77.4,1442139
2021-01-07T05:00:00Z,78.11,80.05,78.05,79.19,974134
2021-01-06T05:00:00Z,76.31,78.45,76.1,77.09,855565
2021-01-05T05:00:00Z,76.41,78.685,76.06,77.29,749523
2021-01-04T05:00:00Z,76.48,78.59,73.75,74.07,952635
2020-12-31T05:00:00Z,72.5,75.66,72.395,75.27,512086
2020-12-30T05:00:00Z,70.47,72.64,70.43,71.905,230379
2020-12-29T05:00:00Z,71.08,71.39,69.15,70.2,220225
2020-12-28T05:00:00Z,71.79,72.1,70.475,70.69,188969
2020-12-24T05:00:00Z,70.31,70.615,69.78,70.615,118491
2020-12-23T05:00:00Z,70.48,71.035,69.9,69.9,285244
2020-12-22T05:00:00Z,71.555,71.74,69.77,70.44,251057
2020-12-21T05:00:00Z,70.01,71.69,69.7,71.48,413414
2020-12-18T05:00:00Z,72.71,73.44,71.08,71.525,410204
2020-12-17T05:00:00Z,73.68,73.73,71.77,72.3,293437
2020-12-16T05:00:00Z,74.19,74.345,72.625,72.97,453404
2020-12-15T05:00:00Z,72.89,73.37,72.34,73.13,277363
2020-12-14T05:00:00Z,71.4,72.19,71.05,71.51,454873
2020-12-11T05:00:00Z,70.37,71.29,69.405,70.525,333463
2020-12-10T05:00:00Z,70.1,71.945,69.7,71.285,484251
2020-12-09T05:00:00Z,73.12,74.605,70.8,71.37,630167
2020-12-08T05:00:00Z,72,73.53,71.99,73.19,294065
2020-12-07T05:00:00Z,73.29,73.37,71.52,72.65,417746
2020-12-04T05:00:00Z,71.105,74.34,70.545,73.325,745681
2020-12-03T05:00:00Z,70.85,71.11,69.55,69.83,708763
2020-12-02T05:00:00Z,67.68,69.385,66.8,69.105,650725
2020-12-01T05:00:00Z,65.4,68.62,65.15,67.06,1003861
2020-11-30T05:00:00Z,64.455,65.21,63.6,64.11,481092
2020-11-27T05:00:00Z,63.8,64.79,63.51,64.225,153498
2020-11-25T05:00:00Z,63.72,64,62.62,63.395,309262
2020-11-24T05:00:00Z,64.23,64.24,62.895,63.97,494704
2020-11-23T05:00:00Z,62.85,64.49,62.64,64.275,535577
2020-11-20T05:00:00Z,61.92,62.62,61.355,61.385,395051
2020-11-19T05:00:00Z,60.02,61.96,59.69,61.93,393769
2020-11-18T05:00:00Z,61.67,62.02,60.635,60.75,750166
2020-11-17T05:00:00Z,61,62.2,60.32,62.025,584493
2020-11-16T05:00:00Z,59.715,61.905,59.665,61.755,1141035
2020-11-13T05:00:00Z,56.8,58.185,56.76,57.93,522649
2020-11-12T05:00:00Z,56.57,56.93,55.905,56.23,383640
2020-11-11T05:00:00Z,55.97,56.93,55.86,56.315,362882
2020-11-10T05:00:00Z,55.03,55.93,54.36,55.47,582043
2020-11-09T05:00:00Z,56.58,57.815,55.89,55.89,962052
2020-11-06T05:00:00Z,54.44,55.4,54.34,55.155,539163
2020-11-05T05:00:00Z,52.88,54.77,52.785,54.645,545406
2020-11-04T05:00:00Z,51.75,52.5,50.97,51.96,461422
2020-11-03T05:00:00Z,50.15,51.585,50.01,51.07,436297
2020-11-02T05:00:00Z,50.73,50.73,49.44,49.685,558788
2020-10-30T04:00:00Z,49.985,50.41,49.31,50.34,610393
2020-10-29T04:00:00Z,49.73,50.905,49.42,50.465,399152
2020-10-28T04:00:00Z,50.71,50.84,49.57,49.92,742705
2020-10-27T04:00:00Z,52.1,52.32,51.54,51.97,352723
2020-10-26T04:00:00Z,52.525,52.88,51.41,52.12,439638
2020-10-23T04:00:00Z,54.08,54.08,52.4,52.845,566642
2020-10-22T04:00:00Z,53.29,54.85,53.085,54.38,517434
2020-10-21T04:00:00Z,53.37,53.94,53.18,53.295,483386
2020-10-20T04:00:00Z,53.12,54.195,52.8,53.53,813797
2020-10-19T04:00:00Z,51.92,54,51.315,52.61,1172045
2020-10-16T04:00:00Z,52.29,52.545,51.58,51.61,527230
2020-10-15T04:00:00Z,50.82,51.97,50.33,51.95,678083
2020-10-14T04:00:00Z,52.005,52.25,51.37,51.64,475398
2020-10-13T04:00:00Z,51.9,52.75,51.655,51.805,972341
2020-10-12T04:00:00Z,50.52,50.84,50.08,50.68,576318
2020-10-09T04:00:00Z,50.25,50.59,49.33,49.865,453920
2020-10-08T04:00:00Z,48.89,49.99,48.23,49.9,654601
2020-10-07T04:00:00Z,48.32,48.99,48.32,48.385,562994
2020-10-06T04:00:00Z,47.59,48.83,47.22,47.33,602475
2020-10-05T04:00:00Z,47.01,47.73,47,47.59,1150517
2020-10-02T04:00:00Z,46.78,47.51,46.505,46.545,749729
2020-10-01T04:00:00Z,47.23,48.18,47.07,47.92,974564
2020-09-30T04:00:00Z,48.95,49.26,46.83,46.95,1004927
2020-09-29T04:00:00Z,49.65,51.37,49.625,50.745,541161
2020-09-28T04:00:00Z,49.635,49.76,48.135,49.69,662965
2020-09-25T04:00:00Z,49.5,49.51,47.785,49.115,267312
2020-09-24T04:00:00Z,49.41,50.355,49.11,49.435,218606
2020-09-23T04:00:00Z,50.9,51.59,49.65,49.85,329454
2020-09-22T04:00:00Z,49.245,49.775,48.81,49.715,234405
2020-09-21T04:00:00Z,49.78,49.78,47.895,49.165,313427
2020-09-18T04:00:00Z,51.57,52.155,49.98,50.745,390360
2020-09-17T04:00:00Z,49.085,51.265,48.81,50.945,407193
2020-09-16T04:00:00Z,49.3,51.2,48.96,50.18,952698
2020-09-15T04:00:00Z,49.46,49.64,48.705,49.11,232458
2020-09-14T04:00:00Z,48.35,49.58,48.35,49.035,661290
2020-09-11T04:00:00Z,45.155,46.46,44.98,46.12,347161
2020-09-10T04:00:00Z,45.47,45.855,44.75,44.885,149466
2020-09-09T04:00:00Z,45.735,45.735,44.46,45.13,306792
2020-09-08T04:00:00Z,44.99,46.21,44.54,45.05,219527
2020-09-04T04:00:00Z,46.13,46.945,44.95,46.55,234106
2020-09-03T04:00:00Z,47.67,47.77,45.875,46.35,227024
2020-09-02T04:00:00Z,46.31,48.185,46.31,47.785,569146
2020-09-01T04:00:00Z,45.43,45.78,45.055,45.78,267933
2020-08-31T04:00:00Z,45.385,45.82,45.18,45.6,238251
2020-08-28T04:00:00Z,44.67,45.775,44.42,45.685,225422
2020-08-27T04:00:00Z,44.54,44.81,43.7,44.61,201296
2020-08-26T04:00:00Z,45.62,45.81,44.7,44.95,303081
2020-08-25T04:00:00Z,44.85,45.53,44.605,45.095,466493
2020-08-24T04:00:00Z,43.17,43.815,42.92,43.705,320449
2020-08-21T04:00:00Z,42.93,43.04,42.4,42.665,299557
2020-08-20T04:00:00Z,42.65,43.645,42.25,42.995,703706
2020-08-19T04:00:00Z,44.3,44.68,43.88,44.08,487356
2020-08-18T04:00:00Z,45.01,45.16,44.055,44.395,565216
2020-08-17T04:00:00Z,45.86,45.905,44.745,45.205,428420
2020-08-14T04:00:00Z,45.55,46.07,45.3,45.59,368632
2020-08-13T04:00:00Z,47,47.125,45.955,46.045,843072
2020-08-12T04:00:00Z,48.33,48.725,47.67,48.465,464893
2020-08-11T04:00:00Z,48.955,49.73,47.65,47.75,362282
2020-08-10T04:00:00Z,48.825,49.66,48.28,49.12,260877
2020-08-07T04:00:00Z,48.6,49.15,48.055,48.715,145060
2020-08-06T04:00:00Z,50,50.02,48.325,48.67,840680
2020-08-05T04:00:00Z,51.06,51.275,50.675,51.065,369703
2020-08-04T04:00:00Z,50.35,51.47,50.345,51.295,158300
2020-08-03T04:00:00Z,50.36,50.6,50.025,50.395,190785
2020-07-31T04:00:00Z,50.65,50.67,49.27,49.995,277686
2020-07-30T04:00:00Z,49.75,50.745,49.11,50.72,313145
2020-07-29T04:00:00Z,50.265,50.615,49.805,50.35,163859
2020-07-28T04:00:00Z,51.2,51.225,50.05,50.14,175657
2020-07-27T04:00:00Z,50.67,51.7,50.495,51.605,166507
