2024-06-14T04:00:00Z,653.415,675.38,653.32,669.65,88058
2024-06-13T04:00:00Z,644.44,655.005,643.64,653.66,42511
2024-06-12T04:00:00Z,652.99,655.7,643.91,649.815,51074
2024-06-11T04:00:00Z,642.35,650.17,640.965,648.16,75770
2024-06-10T04:00:00Z,640.935,644.63,635.91,644.63,55011
2024-06-07T04:00:00Z,647.79,649.52,640.45,641.63,35105
2024-06-06T04:00:00Z,646.69,657.675,645.21,648.465,60979
2024-06-05T04:00:00Z,632.71,651.17,628.41,650.11,72599
2024-06-04T04:00:00Z,633.38,635.1,627.23,631.34,104969
2024-06-03T04:00:00Z,645.59,645.59,627.47,633.96,74753
2024-05-31T04:00:00Z,647.81,648.255,628.92,641.74,99629
2024-05-30T04:00:00Z,653.43,656.22,645.055,648,71688
2024-05-29T04:00:00Z,647.84,664.005,647.84,654.7,82714
2024-05-28T04:00:00Z,646.815,649.635,643.26,648.54,64639
2024-05-24T04:00:00Z,637.61,651.75,637.61,646.63,66429
2024-05-23T04:00:00Z,641.73,642.695,630.29,635.97,65806
2024-05-22T04:00:00Z,648.5,649.01,638.29,640.08,63717
2024-05-21T04:00:00Z,636.48,650.795,635.245,650.68,100269
2024-05-20T04:00:00Z,620.78,644.09,619.84,640.745,159112
2024-05-17T04:00:00Z,616.57,625,614.985,621,105021
2024-05-16T04:00:00Z,612.35,618.25,609.22,610.96,123023
2024-05-15T04:00:00Z,618.78,623.5,609.36,613.15,222331
2024-05-14T04:00:00Z,615.48,621.31,608.63,613.67,70786
2024-05-13T04:00:00Z,615,618.04,607,616.67,59753
2024-05-10T04:00:00Z,619.12,623.83,605.225,610.72,82919
2024-05-09T04:00:00Z,613.8,615.685,606.415,611.91,51580
2024-05-08T04:00:00Z,602,617.95,602,609.46,104834
2024-05-07T04:00:00Z,594.885,605.82,591.57,605.72,116268
2024-05-06T04:00:00Z,581.13,597.24,581.13,597,124755
2024-05-03T04:00:00Z,565.625,580.01,565.625,579.45,94390
2024-05-02T04:00:00Z,555.66,565.4,555.66,565.17,93544
2024-05-01T04:00:00Z,546.78,560.25,544.59,551.845,103297
2024-04-30T04:00:00Z,557.145,558.9,549.5,550.62,98430
2024-04-29T04:00:00Z,556.71,559.525,554.48,559.335,89255
2024-04-26T04:00:00Z,558.71,562.78,553.65,561.37,169160
2024-04-25T04:00:00Z,548.55,566.49,545.705,564.71,97548
2024-04-24T04:00:00Z,574.64,576.73,551.46,554.75,184788
2024-04-23T04:00:00Z,556.18,579.01,556.18,577.45,120891
2024-04-22T04:00:00Z,550.99,558.33,542.285,554.6,307210
2024-04-19T04:00:00Z,567.49,578.675,552.355,555.23,466650
2024-04-18T04:00:00Z,613.83,619.24,605.82,610.615,174913
2024-04-17T04:00:00Z,619.905,620.16,608.14,613.79,117098
2024-04-16T04:00:00Z,608.975,622.23,608.885,617,103235
2024-04-15T04:00:00Z,628.15,628.22,604.225,607.4,99741
2024-04-12T04:00:00Z,628.57,632.85,619.18,622.75,69933
2024-04-11T04:00:00Z,621.89,631.52,617.5,628.46,86358
2024-04-10T04:00:00Z,609.935,619.725,609.935,617.95,73872
2024-04-09T04:00:00Z,629.71,629.71,615.875,618.1,74863
2024-04-08T04:00:00Z,636.55,638.41,628.18,628.35,58388
2024-04-05T04:00:00Z,624.21,637.755,622.71,636.02,77571
2024-04-04T04:00:00Z,633.53,637.66,616.675,617.43,110222
2024-04-03T04:00:00Z,612.745,630.06,611.91,630.06,94119
2024-04-02T04:00:00Z,610.35,615.02,605.77,614.5,48414
2024-04-01T04:00:00Z,607.84,615.03,606.45,614.11,66205
2024-03-28T04:00:00Z,613.03,613.17,602,607.39,166350
2024-03-27T04:00:00Z,630.5,630.5,610.8,613.56,79288
2024-03-26T04:00:00Z,625.595,634.135,619.505,629.36,72206
2024-03-25T04:00:00Z,625.695,630.14,623.64,627.58,41953
2024-03-22T04:00:00Z,621.63,629,621.55,627.775,62024
2024-03-21T04:00:00Z,632.62,633.4,622.47,622.525,70613
2024-03-20T04:00:00Z,619.34,629.455,618.89,627.46,81258
2024-03-19T04:00:00Z,614.52,621.19,608.07,620.63,71540
2024-03-18T04:00:00Z,612.19,626.98,610.98,618.05,85873
2024-03-15T04:00:00Z,622.27,622.27,604.08,606.17,102210
2024-03-14T04:00:00Z,613.13,620.58,607.54,612.92,84298
2024-03-13T04:00:00Z,612.985,614.03,607.75,609.56,64395
2024-03-12T04:00:00Z,600.37,614.98,597.1,611.02,149153
2024-03-11T04:00:00Z,607.92,610.79,600.55,600.55,135021
2024-03-08T05:00:00Z,608.4,615.76,601.3,604.69,112755
2024-03-07T05:00:00Z,599.255,610.53,596.73,608.22,81119
2024-03-06T05:00:00Z,604.79,607.74,594.71,597.52,63581
2024-03-05T05:00:00Z,610.125,610.125,592.34,598.53,108759
2024-03-04T05:00:00Z,623.01,624.24,615.3,615.79,103308
2024-03-01T05:00:00Z,600,620.15,600,619.34,94215
2024-02-29T05:00:00Z,604.15,604.49,595.4,602.29,97345
2024-02-28T05:00:00Z,595.19,598,590.05,596.61,76101
2024-02-27T05:00:00Z,595.845,605.1,592.61,601.74,141855
2024-02-26T05:00:00Z,584.73,590.46,583.35,587.49,85786
2024-02-23T05:00:00Z,588.725,592.42,579.855,583.64,65356
2024-02-22T05:00:00Z,584.71,590.67,579.14,588.23,106950
2024-02-21T05:00:00Z,574.19,575.04,567.36,573.4,68342
2024-02-20T05:00:00Z,580.535,585.455,569.85,575.21,84912
2024-02-16T05:00:00Z,596.11,596.11,578.515,584.14,129061
2024-02-15T05:00:00Z,582.76,593.755,580.63,593.55,136294
2024-02-14T05:00:00Z,565.68,581.15,564.78,579.265,199474
2024-02-13T05:00:00Z,549,559.16,549,554.31,110630
2024-02-12T05:00:00Z,559.64,567.7,557.035,557.89,104463
2024-02-09T05:00:00Z,565.5,565.98,558.28,561.195,73671
2024-02-08T05:00:00Z,559.33,563.68,556,558.46,120892
2024-02-07T05:00:00Z,558.295,567.67,555.04,559.43,144499
2024-02-06T05:00:00Z,564.77,566.17,554.56,556.07,115932
2024-02-05T05:00:00Z,562.935,575.555,557.39,561.9,125825
2024-02-02T05:00:00Z,564.9,567.61,562.62,564.4,103079
2024-02-01T05:00:00Z,567.7,572.24,563.83,567.45,94016
2024-01-31T05:00:00Z,562.85,571.61,562.36,564,86490
2024-01-30T05:00:00Z,568.12,570.74,560.945,562.8,147006
2024-01-29T05:00:00Z,571.025,578.26,562.69,575.72,128067
2024-01-26T05:00:00Z,562.28,579.63,559.05,570.24,387068
2024-01-25T05:00:00Z,551.5,563.23,548.62,562.08,273424
2024-01-24T05:00:00Z,538.49,562.315,537.54,544.885,466359
2024-01-23T05:00:00Z,492,493.65,481.56,491.12,285319
2024-01-22T05:00:00Z,487.62,489,480.23,485.84,100375
2024-01-19T05:00:00Z,484.735,484.735,476.43,482.915,146933
2024-01-18T05:00:00Z,482,485.65,478.18,485.22,116523
2024-01-17T05:00:00Z,485.19,485.61,475.37,480.38,131106
2024-01-16T05:00:00Z,490.25,493.91,478.2,481.37,112702
2024-01-12T05:00:00Z,500.08,500.08,490.7,492.08,100566
2024-01-11T05:00:00Z,492.91,502.85,484.09,492.23,185052
2024-01-10T05:00:00Z,482.095,486.72,472.97,478.46,126111
2024-01-09T05:00:00Z,478,485.04,474.1,482.03,81139
2024-01-08T05:00:00Z,475,485.165,474.29,484.92,126440
2024-01-05T05:00:00Z,476.86,479.11,471.9,473.94,73394
2024-01-04T05:00:00Z,472.445,480.69,468.07,474.95,85758
2024-01-03T05:00:00Z,466.97,475,466.15,470.05,83129
2024-01-02T05:00:00Z,482.46,484.19,461.94,468.465,179017
2023-12-29T05:00:00Z,490.54,491.95,481.935,486.98,72716
2023-12-28T05:00:00Z,491.98,492.54,489.25,490.62,48644
2023-12-27T05:00:00Z,491.725,493.95,489.48,491.89,62039
2023-12-26T05:00:00Z,489.82,491.29,486.72,491.15,53605
2023-12-22T05:00:00Z,493.83,495,485.45,486.9,96743
2023-12-21T05:00:00Z,492.75,494.25,487.53,491.53,70692
2023-12-20T05:00:00Z,492.11,500.72,488.47,489.22,158653
2023-12-19T05:00:00Z,488.545,495.78,484.27,495.085,103895
2023-12-18T05:00:00Z,476.8,491.62,475.24,486.22,185546
2023-12-15T05:00:00Z,468.1,472.87,467.625,471.905,112569
2023-12-14T05:00:00Z,480.17,480.76,464.945,470,150040
2023-12-13T05:00:00Z,462.615,481.16,462.615,479.96,243420
2023-12-12T05:00:00Z,465.105,465.31,459.43,462.89,113399
2023-12-11T05:00:00Z,459.73,470.55,458,459.93,200746
2023-12-08T05:00:00Z,451.57,455.47,451.57,453.48,78928
2023-12-07T05:00:00Z,450,452.835,448.52,451.83,147830
2023-12-06T05:00:00Z,458.335,459.43,445.8,446.62,135554
2023-12-05T05:00:00Z,452.3,456.305,450,455.26,97714
2023-12-04T05:00:00Z,460.78,461.01,451.31,453.85,199991
2023-12-01T05:00:00Z,472.64,474.92,464.85,465.61,130086
2023-11-30T05:00:00Z,475.645,478.48,470.46,474.07,93775
2023-11-29T05:00:00Z,477.78,480.88,474.71,477.22,83959
2023-11-28T05:00:00Z,479.315,480.065,475.96,479.01,70334
2023-11-27T05:00:00Z,479,481.54,475.49,479.13,85636
2023-11-24T05:00:00Z,475.93,480.03,475.23,479.34,27738
2023-11-22T05:00:00Z,477.15,482.5,476.89,477.85,66883
2023-11-21T05:00:00Z,472.59,476.96,471.23,474.87,73024
2023-11-20T05:00:00Z,466.49,476.58,466.49,474.64,101928
2023-11-17T05:00:00Z,466.185,467.6,463.18,465.73,74197
2023-11-16T05:00:00Z,461.98,467.22,459.91,466.92,109119
2023-11-15T05:00:00Z,452.86,462.69,452.73,461.91,173703
2023-11-14T05:00:00Z,448.01,453.825,446.01,448.59,128526
2023-11-13T05:00:00Z,446.895,448.32,442.88,444.53,72470
2023-11-10T05:00:00Z,436.41,447.31,435.91,447.14,118166
2023-11-09T05:00:00Z,438.04,440.24,434.39,435.35,78935
2023-11-08T05:00:00Z,435.345,437.955,433.75,436.715,91011
2023-11-07T05:00:00Z,436.22,437.53,431.29,434.69,76989
2023-11-06T05:00:00Z,433.385,434.93,429.85,434.91,95722
2023-11-03T04:00:00Z,429.37,434.73,425.76,432.43,85241
2023-11-02T04:00:00Z,421.38,426.52,417.25,424.63,102535
2023-11-01T04:00:00Z,415.945,420.57,414.365,420.09,144784
2023-10-31T04:00:00Z,408.66,412.48,404.78,411.64,222757
2023-10-30T04:00:00Z,402.2,412.72,400.1,409.99,313822
2023-10-27T04:00:00Z,407,410.1,396,397.98,148144
2023-10-26T04:00:00Z,411.625,416.87,401.59,403.74,219973
2023-10-25T04:00:00Z,416.155,418.385,410.22,411.35,180681
2023-10-24T04:00:00Z,409.72,416.49,408.71,413.64,231549
2023-10-23T04:00:00Z,403.985,407.52,398.53,406.85,226016
2023-10-20T04:00:00Z,406.11,410.35,398.24,400.94,274267
2023-10-19T04:00:00Z,404.49,407.695,392.545,401.75,633457
2023-10-18T04:00:00Z,351.68,354.64,344.795,346.28,359458
2023-10-17T04:00:00Z,361.08,362.18,354.06,355.68,222961
2023-10-16T04:00:00Z,356.38,363.03,355.01,360.72,114177
2023-10-13T04:00:00Z,354.75,358.555,352.22,355.72,169895
2023-10-12T04:00:00Z,366.86,368.695,359.17,361.17,157588
2023-10-11T04:00:00Z,372.25,377.7,365.41,365.95,256865
2023-10-10T04:00:00Z,385.84,388.395,372.355,373.2,189461
2023-10-09T04:00:00Z,378.78,386.94,378,385.94,71644
2023-10-06T04:00:00Z,368.01,382.495,367.97,381.52,91982
2023-10-05T04:00:00Z,377.22,378.11,367.42,372.38,108123
2023-10-04T04:00:00Z,377.44,380.11,373.67,376.77,109830
2023-10-03T04:00:00Z,377.95,394.87,372.89,376.88,276922
2023-10-02T04:00:00Z,377.63,384.34,377.63,380.275,58805
2023-09-29T04:00:00Z,380.4,381.97,375.49,377.56,66369
2023-09-28T04:00:00Z,375.21,378.87,371.18,376.44,117410
2023-09-27T04:00:00Z,381.915,384.14,376.365,377.72,121862
2023-09-26T04:00:00Z,382.87,384.505,377.46,379.35,169980
2023-09-25T04:00:00Z,382.99,386.34,380.925,384.77,123781
2023-09-22T04:00:00Z,385.53,386.81,378.41,379.73,48997
2023-09-21T04:00:00Z,386.75,395.655,383.585,383.95,148886
2023-09-20T04:00:00Z,397.27,397.81,386.16,386.34,84446
2023-09-19T04:00:00Z,393.685,397.97,390.44,396.12,94947
2023-09-18T04:00:00Z,394.47,399.37,392.6,394.36,111904
2023-09-15T04:00:00Z,400.475,404.29,395.04,396.88,164796
2023-09-14T04:00:00Z,410.8,410.8,400.01,400.41,356200
2023-09-13T04:00:00Z,436.89,438.21,410.78,412.28,411807
2023-09-12T04:00:00Z,443.3,445.37,434.13,434.76,132673
2023-09-11T04:00:00Z,443.33,449.205,442.93,445.39,64116
2023-09-08T04:00:00Z,443.41,446.76,439.26,442.97,61240
2023-09-07T04:00:00Z,439.635,444.55,436.82,443.29,65942
2023-09-06T04:00:00Z,448.61,450.83,440.52,445.9,68745
2023-09-05T04:00:00Z,438.72,453.4,438.46,448.61,173319
2023-09-01T04:00:00Z,438.21,445.305,436.29,439.61,102694
2023-08-31T04:00:00Z,431.84,437.02,431.765,433.74,104624
2023-08-30T04:00:00Z,429.91,438.03,428.48,434.605,114654
2023-08-29T04:00:00Z,416.455,432.12,414.99,430.08,111893
2023-08-28T04:00:00Z,418.465,419.29,413.82,418.25,43571
2023-08-25T04:00:00Z,412.355,419.1,408.06,415.99,96371
2023-08-24T04:00:00Z,425.455,427.5,406.35,406.73,144295
2023-08-23T04:00:00Z,418.48,436.885,417.9,427.005,298446
2023-08-22T04:00:00Z,408.775,415.59,408.65,413.09,128052
2023-08-21T04:00:00Z,402.805,409.6,399.73,408.185,97778
2023-08-18T04:00:00Z,398.54,406.45,398.54,404.345,95650
2023-08-17T04:00:00Z,414.52,414.76,401.59,402.91,210523
2023-08-16T04:00:00Z,423.895,424.51,415.25,415.33,162085
2023-08-15T04:00:00Z,425.27,429.07,421.23,423.63,100757
2023-08-14T04:00:00Z,422.155,428.75,419.35,427.72,114008
2023-08-11T04:00:00Z,429.105,430.385,421.43,421.51,84980
2023-08-10T04:00:00Z,431.91,438.035,428.81,429.855,193773
2023-08-09T04:00:00Z,439.06,440.35,427.71,429.04,86208
2023-08-08T04:00:00Z,439.9,443.54,435.28,438.44,75277
2023-08-07T04:00:00Z,435.89,441.07,429.1,440.875,79572
2023-08-04T04:00:00Z,433.49,436.275,427.19,431.53,108214
2023-08-03T04:00:00Z,428.53,441.675,428.53,431.15,158729
2023-08-02T04:00:00Z,435.125,435.37,426.95,429.8,136891
2023-08-01T04:00:00Z,436.66,445.03,431.42,438.81,174640
2023-07-31T04:00:00Z,427.055,439.09,426.775,439.075,121439
2023-07-28T04:00:00Z,415.825,427.39,413.81,425.68,178556
2023-07-27T04:00:00Z,426.875,427.23,411.91,413.09,235596
2023-07-26T04:00:00Z,424.27,424.495,415.62,422.74,241691
2023-07-25T04:00:00Z,427.27,430.78,426.43,427.53,119958
2023-07-24T04:00:00Z,424.765,428.57,419.31,428.29,163297
2023-07-21T04:00:00Z,437.21,438.05,423.37,427.37,433959
2023-07-20T04:00:00Z,446.14,448.25,432.02,437.75,688940
2023-07-19T04:00:00Z,476.89,483.35,470.15,477.085,449909
2023-07-18T04:00:00Z,451.36,478.11,448.935,474.77,372455
2023-07-17T04:00:00Z,445.795,456.54,445.29,449.91,200460
2023-07-14T04:00:00Z,452.68,456.35,439.85,441.77,183453
2023-07-13T04:00:00Z,446.92,451.54,441.22,450.29,170460
2023-07-12T04:00:00Z,444.41,445.37,437.89,443.88,160919
2023-07-11T04:00:00Z,439.31,440.655,431.07,440.285,151579
2023-07-10T04:00:00Z,438.6,444.12,436.87,441.5,112178
2023-07-07T04:00:00Z,438.78,442.14,436.02,438.13,99118
2023-07-06T04:00:00Z,440.13,442.24,430.8,438.86,136281
2023-07-05T04:00:00Z,445.86,450.59,439.76,445.84,125178
2023-07-03T04:00:00Z,439.275,441.435,431.79,441.3,97476
2023-06-30T04:00:00Z,431.62,444.08,431.48,440.445,164546
2023-06-29T04:00:00Z,435.17,437.56,426.2,428.25,159894
2023-06-28T04:00:00Z,423.32,437.255,423.27,429.78,229566
2023-06-27T04:00:00Z,417.215,420.795,411.51,417.15,175697
2023-06-26T04:00:00Z,421.34,430.8,415,415.95,138700
2023-06-23T04:00:00Z,419.52,425.55,418.06,423.89,119067
2023-06-22T04:00:00Z,420,424.59,418.94,422.59,158015
2023-06-21T04:00:00Z,433.42,434.48,422.69,424.45,141397
2023-06-20T04:00:00Z,430.41,439.75,430.41,434.525,106403
2023-06-16T04:00:00Z,445.2,447.24,430.91,431.78,326861
2023-06-15T04:00:00Z,443.98,448.38,439.52,445.375,191488
2023-06-14T04:00:00Z,435.01,447.18,433.97,440.8,175406
2023-06-13T04:00:00Z,430.905,437.19,428.58,435.8,159936
2023-06-12T04:00:00Z,418.96,424.58,416.92,424.07,146663
2023-06-09T04:00:00Z,423.59,425.82,414.81,420.28,302994
2023-06-08T04:00:00Z,400.73,409.52,396.58,409.25,120421
2023-06-07T04:00:00Z,410.385,418.06,399.25,399.87,271096
2023-06-06T04:00:00Z,404.675,404.675,396.97,399.19,140495
2023-06-05T04:00:00Z,400.96,413.84,400.77,403.58,184343
2023-06-02T04:00:00Z,402.88,406.49,396.025,400.465,203780
2023-06-01T04:00:00Z,397.27,407.36,393.31,403.02,215374
2023-05-31T04:00:00Z,391.27,396.21,389.03,395.53,208127
2023-05-30T04:00:00Z,397.705,405.1,385.84,393.045,423356
2023-05-26T04:00:00Z,360.98,383.68,356.04,378.93,245766
2023-05-25T04:00:00Z,360.08,367.43,357.53,358.745,239221
2023-05-24T04:00:00Z,357.5,367.09,357.5,364.61,182455
2023-05-23T04:00:00Z,359.59,364.16,354.55,355.97,248310
2023-05-22T04:00:00Z,364.9,371.82,362.51,363.14,133505
2023-05-19T04:00:00Z,368.62,369.005,363.82,365.39,166429
2023-05-18T04:00:00Z,347.235,375.87,346.58,371.44,509963
2023-05-17T04:00:00Z,331.41,341.315,329.905,340.03,103178
2023-05-16T04:00:00Z,333.68,335.12,332,333.87,127522
2023-05-15T04:00:00Z,340.83,341.775,335.54,335.9,86032
2023-05-12T04:00:00Z,344.63,348.065,337.41,339.94,190914
2023-05-11T04:00:00Z,335.51,345.46,331.92,344.975,168532
2023-05-10T04:00:00Z,335.09,337.07,329.62,335.455,107171
2023-05-09T04:00:00Z,330.69,336.26,329.85,332.16,137840
2023-05-08T04:00:00Z,322.94,332.5,322.29,331.11,175609
2023-05-05T04:00:00Z,323.61,324.065,319.8,322.705,170949
2023-05-04T04:00:00Z,320.255,323.53,317.95,320.82,157211
2023-05-03T04:00:00Z,317.53,324.59,316.15,319.31,206309
2023-05-02T04:00:00Z,325.12,325.64,315.72,317.48,120135
2023-05-01T04:00:00Z,329.815,329.815,318.15,324.09,165435
2023-04-28T04:00:00Z,325.48,330.77,324.3,329.88,131570
2023-04-27T04:00:00Z,324.23,327.32,317.49,325.91,174852
2023-04-26T04:00:00Z,321.36,325.7,320.535,321.155,142520
2023-04-25T04:00:00Z,328.655,328.655,321.19,322.69,165569
2023-04-24T04:00:00Z,329.95,334.66,326.87,329.12,146616
2023-04-21T04:00:00Z,323.02,328.24,319.53,328.07,187407
2023-04-20T04:00:00Z,320.645,331.38,318.35,325.25,265996
2023-04-19T04:00:00Z,323.285,325.48,316.28,323.16,548913
2023-04-18T04:00:00Z,335.165,337.145,330.52,334,445602
2023-04-17T04:00:00Z,337.85,338.31,327.56,332.77,230547
2023-04-14T04:00:00Z,342.57,344.74,336.48,338.62,222568
2023-04-13T04:00:00Z,340.38,346.39,338.8,346.15,242360
2023-04-12T04:00:00Z,341.365,342.65,330.09,330.98,168696
2023-04-11T04:00:00Z,343.1,347.1,337.68,338.23,117387
2023-04-10T04:00:00Z,335.25,339.86,333.62,338.87,84641
2023-04-06T04:00:00Z,339.24,340.335,332.63,339.3,215805
2023-04-05T04:00:00Z,345.04,345.04,336.345,342.31,128283
2023-04-04T04:00:00Z,348.645,349.63,344.02,346.7,164607
2023-04-03T04:00:00Z,341.92,348.53,340.5,348.31,172464
2023-03-31T04:00:00Z,340,345.82,337.5,345.57,172823
2023-03-30T04:00:00Z,339.97,342.97,335.35,338.46,208284
2023-03-29T04:00:00Z,325.73,332.69,325.73,332.06,533410
2023-03-28T04:00:00Z,325.97,333.145,321.355,323.51,175081
2023-03-27T04:00:00Z,327.55,336.23,324.505,327.56,255750
2023-03-24T04:00:00Z,320.92,331.815,320.92,328.115,333559
2023-03-23T04:00:00Z,304.215,322.69,304.165,320.3,638679
2023-03-22T04:00:00Z,306.24,306.26,293.6,293.66,279112
2023-03-21T04:00:00Z,306.49,307.61,300.67,305.63,181313
2023-03-20T04:00:00Z,299.79,307.5,296.09,305,188429
2023-03-17T04:00:00Z,309.87,310.39,300.04,303.35,176224
2023-03-16T04:00:00Z,304.19,316.57,301.9,309.93,391480
2023-03-15T04:00:00Z,292.69,306.3,292.69,303.54,319772
2023-03-14T04:00:00Z,296.51,297.23,290.38,294.91,245474
2023-03-13T04:00:00Z,287.42,298.94,285.37,293.5,253750
2023-03-10T05:00:00Z,297.905,298.66,289,292.72,260827
2023-03-09T05:00:00Z,311.315,312.25,294.97,297.7,255797
2023-03-08T05:00:00Z,309.36,311.73,306.23,311.73,123471
2023-03-07T05:00:00Z,312.94,314.03,306.72,308.41,171736
2023-03-06T05:00:00Z,317.645,323.23,311.97,312,202492
2023-03-03T05:00:00Z,315.94,317.27,310.94,315.18,192143
2023-03-02T05:00:00Z,311.2,315.16,310.38,311.84,174641
2023-03-01T05:00:00Z,322.065,326.375,312.36,313.5,243319
2023-02-28T05:00:00Z,324.1,327.36,321.315,322.16,124807
2023-02-27T05:00:00Z,323.87,329.78,322.175,323.1,185557
2023-02-24T05:00:00Z,319.28,320.845,314.56,317.12,254607
2023-02-23T05:00:00Z,331.2,331.2,314.45,323.67,731043
2023-02-22T05:00:00Z,336.42,341.77,332.88,334.82,148113
2023-02-21T05:00:00Z,343.155,344.09,336.625,337.35,258027
2023-02-17T05:00:00Z,347.66,348.75,342.755,347.9,169948
2023-02-16T05:00:00Z,355,361.38,350.41,350.59,130775
2023-02-15T05:00:00Z,356.63,362.76,354.45,361.345,141620
2023-02-14T05:00:00Z,357.09,363.52,353.4,359.83,157730
2023-02-13T05:00:00Z,349.465,359.655,344.51,358.46,233488
2023-02-10T05:00:00Z,358.88,362.09,347.28,347.33,325880
2023-02-09T05:00:00Z,372.64,373.585,361.79,362.38,263315
2023-02-08T05:00:00Z,359.68,368.14,359.22,366.85,257921
2023-02-07T05:00:00Z,358.98,364.07,354.24,362.8,173182
2023-02-06T05:00:00Z,364.03,367.87,360.83,361.52,153565
2023-02-03T05:00:00Z,359.475,379.26,359.475,365.98,296338
2023-02-02T05:00:00Z,365.22,368.27,358.57,366.93,269651
2023-02-01T05:00:00Z,355.72,365.35,350.055,361.9,392644
2023-01-31T05:00:00Z,349.07,355.95,349.07,353.94,183401
2023-01-30T05:00:00Z,357.25,360.47,352.87,353.19,232474
2023-01-27T05:00:00Z,363.13,365.645,360.68,360.71,262802
2023-01-26T05:00:00Z,368.42,369.02,361.85,364.78,260186
2023-01-25T05:00:00Z,359.91,368.79,358.57,368.09,327254
2023-01-24T05:00:00Z,357.53,365.5,355.505,363.87,325778
2023-01-23T05:00:00Z,341.715,362.2,340.72,357.38,498816
2023-01-20T05:00:00Z,336.94,342.95,332.67,342.51,855035
2023-01-19T05:00:00Z,322.67,324.75,313.88,315.705,568832
2023-01-18T05:00:00Z,327.13,330.08,321.25,326.515,400849
2023-01-17T05:00:00Z,331.17,332,323.86,326.23,292137
2023-01-13T05:00:00Z,329.95,336.57,329.395,332.78,238488
2023-01-12T05:00:00Z,332.35,332.81,323.18,330.09,294868
2023-01-11T05:00:00Z,326.31,328.87,321.51,327.13,408329
2023-01-10T05:00:00Z,311.27,329.31,311.27,327.49,517993
2023-01-09T05:00:00Z,316.87,321.65,313.445,315.21,277144
2023-01-06T05:00:00Z,311.93,316.675,303.79,315.61,271195
2023-01-05T05:00:00Z,306.91,314.14,304.84,309.66,260061
2023-01-04T05:00:00Z,297.955,310.93,295.73,309.44,314228
2023-01-03T05:00:00Z,298.06,298.33,288.79,294.89,244699
2022-12-30T05:00:00Z,285.31,295.01,283.63,294.88,210907
2022-12-29T05:00:00Z,283.405,295.43,281.565,291.12,359501
2022-12-28T05:00:00Z,281.91,284.97,273.6,277.02,257277
2022-12-27T05:00:00Z,293.45,293.45,282.375,284.17,144045
2022-12-23T05:00:00Z,296.25,298.18,291.98,294.87,141745
2022-12-22T05:00:00Z,296.93,298.55,290.99,297.88,231379
2022-12-21T05:00:00Z,289.21,300.65,286.6,297.95,241311
2022-12-20T05:00:00Z,281.24,289.17,280.985,288.19,213680
2022-12-19T05:00:00Z,289.66,292.19,286.32,288.31,258273
2022-12-16T05:00:00Z,289.5,294.51,289.43,290.4,325303
2022-12-15T05:00:00Z,302.53,303.39,286.62,290.54,699023
2022-12-14T05:00:00Z,318.67,324.55,315.14,317.79,216966
2022-12-13T05:00:00Z,327.95,332.56,317.27,320.34,474149
2022-12-12T05:00:00Z,319.87,323.04,308.85,315.19,290539
2022-12-09T05:00:00Z,321.68,328.94,319.56,320,431339
2022-12-08T05:00:00Z,309.2,312.3,305.265,310.23,248207
2022-12-07T05:00:00Z,305.48,309.5,302.22,308.31,238331
2022-12-06T05:00:00Z,311.105,313.14,303.23,305.53,296159
2022-12-05T05:00:00Z,316.34,322.76,310.95,312.76,239368
2022-12-02T05:00:00Z,310.495,321.96,310.01,320.44,362066
2022-12-01T05:00:00Z,303.6,319.66,303.6,316.9,529369
2022-11-30T05:00:00Z,281.22,308.17,280.63,305.4,381860
2022-11-29T05:00:00Z,282,282.82,276.13,280.99,162328
2022-11-28T05:00:00Z,283.805,289.31,280.6,281.36,129903
2022-11-25T05:00:00Z,288.71,288.76,284.24,285.71,84555
2022-11-23T05:00:00Z,285.91,292.39,284.07,291.37,156270
2022-11-22T05:00:00Z,284.99,286.94,277.48,286.72,194632
2022-11-21T05:00:00Z,290.77,291.49,282.725,285.12,244770
2022-11-18T05:00:00Z,297.49,297.49,287,288.07,310506
2022-11-17T05:00:00Z,294.69,299.8,291,295.34,336399
2022-11-16T05:00:00Z,309.165,310.39,303.75,306.13,216691
2022-11-15T05:00:00Z,309.68,312.71,302.81,310.29,364107
2022-11-14T05:00:00Z,288.77,310.885,288.35,299.23,544999
2022-11-11T05:00:00Z,274.535,290.63,271.67,290.05,435013
2022-11-10T05:00:00Z,265.99,275.32,260.19,274.915,396514
2022-11-09T05:00:00Z,259.71,260.49,254.27,254.63,345495
2022-11-08T05:00:00Z,259.735,265.94,256.98,263.5,336871
2022-11-07T05:00:00Z,261.155,261.155,252.19,258.69,334394
2022-11-04T04:00:00Z,272.03,274.71,255.5,260.85,545953
2022-11-03T04:00:00Z,271.25,276.12,268.81,269.08,276237
2022-11-02T04:00:00Z,286.6,286.87,272.9,272.92,394886
2022-11-01T04:00:00Z,295.93,299.47,286.5,286.72,221648
2022-10-31T04:00:00Z,295.48,297.39,289.55,291.89,248628
2022-10-28T04:00:00Z,297.85,301.09,292.4,295.75,318878
2022-10-27T04:00:00Z,298.33,305.05,294.88,297.16,416133
2022-10-26T04:00:00Z,290.04,305.57,288.22,298.61,493263
2022-10-25T04:00:00Z,286.41,297.58,285.91,291.07,489615
2022-10-24T04:00:00Z,290.32,290.38,280.42,282.54,459325
2022-10-21T04:00:00Z,268.73,290.69,265.765,289.54,680145
2022-10-20T04:00:00Z,272.685,278.35,266.53,268.02,631215
2022-10-19T04:00:00Z,265,279.22,263,272.385,1393351
2022-10-18T04:00:00Z,250.37,250.37,237.98,241,758942
2022-10-17T04:00:00Z,234.64,249.84,234.64,245.2,558271
2022-10-14T04:00:00Z,237.97,238.64,229.54,230.16,431822
2022-10-13T04:00:00Z,212.965,234.44,211.82,232.53,571534
2022-10-12T04:00:00Z,214.03,223.49,212.785,220.79,334851
2022-10-11T04:00:00Z,226.05,230.18,213.77,214.34,432727
2022-10-10T04:00:00Z,226.43,233.73,224.31,229.92,294040
2022-10-07T04:00:00Z,236.31,236.84,224.28,224.84,290529
2022-10-06T04:00:00Z,238.51,244.19,234.15,240.02,261310
2022-10-05T04:00:00Z,239.05,241.38,227.46,236.86,425826
2022-10-04T04:00:00Z,244.925,245.64,233.35,240.85,373534
2022-10-03T04:00:00Z,237.85,241.5,233.03,239.08,233237
2022-09-30T04:00:00Z,236.92,242.37,233.36,235.46,420680
2022-09-29T04:00:00Z,241.89,246.95,235.71,239.82,560556
2022-09-28T04:00:00Z,229.15,246.65,227.65,245.21,495956
2022-09-27T04:00:00Z,228.53,230.605,220.8,224.35,235685
2022-09-26T04:00:00Z,225.6,232.59,223.07,224.11,330869
2022-09-23T04:00:00Z,235.25,236.25,221.48,226.42,392091
2022-09-22T04:00:00Z,235.06,240.42,231.81,237.05,335734
2022-09-21T04:00:00Z,242.51,248.2,236.69,236.84,313064
2022-09-20T04:00:00Z,240.56,250.39,239.71,242.9,543324
2022-09-19T04:00:00Z,244.985,244.985,235.76,243.66,553767
2022-09-16T04:00:00Z,231.46,241.35,227.83,240.2,522014
2022-09-15T04:00:00Z,230.47,242.2,229.41,235.38,504597
2022-09-14T04:00:00Z,219.86,227.94,215.88,224.14,296297
2022-09-13T04:00:00Z,226.21,227.6,217.75,218.11,253213
2022-09-12T04:00:00Z,233.65,239.35,233.45,236.51,194385
2022-09-09T04:00:00Z,230.29,234.69,230.29,233.57,192486
2022-09-08T04:00:00Z,224.39,228.66,221.41,227.51,206209
2022-09-07T04:00:00Z,220.2,229.33,218.525,228.97,186454
2022-09-06T04:00:00Z,225.54,225.54,214.76,218.49,211354
2022-09-02T04:00:00Z,231.63,233.82,225.11,226.12,213979
2022-09-01T04:00:00Z,220.72,230.37,219.55,230.24,200464
2022-08-31T04:00:00Z,226.63,233.84,223.49,223.52,313438
2022-08-30T04:00:00Z,226.86,229.675,218.8,220.69,152711
2022-08-29T04:00:00Z,221.77,229.86,221.715,224.51,199451
2022-08-26T04:00:00Z,233.715,236.6,223.2,223.2,154458
2022-08-25T04:00:00Z,230.32,234.13,229.12,233.94,102036
2022-08-24T04:00:00Z,225.44,234.08,224.11,229.59,162757
2022-08-23T04:00:00Z,226.44,229.51,224.32,224.5,174298
2022-08-22T04:00:00Z,232.45,233.365,224.59,226.68,240174
2022-08-19T04:00:00Z,240.77,243.26,235.89,241.21,338073
2022-08-18T04:00:00Z,241.89,246.46,239.51,245.13,327424
2022-08-17T04:00:00Z,241.55,244.21,237.6,241.17,255364
2022-08-16T04:00:00Z,247.26,249.11,244.15,245.67,220852
2022-08-15T04:00:00Z,248.4,251.98,247.61,248.9,215461
2022-08-12T04:00:00Z,245.22,249.39,243.98,249.27,310772
2022-08-11T04:00:00Z,245.34,251.45,241.58,242.67,457174
2022-08-10T04:00:00Z,238,244.53,237.14,244.1,321056
2022-08-09T04:00:00Z,231.47,232.17,224.88,230.05,208975
2022-08-08T04:00:00Z,227.39,241.84,226.76,233.49,448757
2022-08-05T04:00:00Z,225.01,228.52,223.02,226.78,224570
2022-08-04T04:00:00Z,227.51,231.85,225.25,229.91,306280
2022-08-03T04:00:00Z,224,228.065,222.57,226.71,268139
2022-08-02T04:00:00Z,222.57,228.16,220.9,221.45,300407
2022-08-01T04:00:00Z,223.2,228.315,221.01,226.19,187330
2022-07-29T04:00:00Z,223.355,230.65,222.55,224.9,280684
2022-07-28T04:00:00Z,224.42,228.05,219.75,226.02,351447
2022-07-27T04:00:00Z,217.16,227.71,214.64,226.74,413649
2022-07-26T04:00:00Z,216.68,219.31,211.685,213.9,309674
2022-07-25T04:00:00Z,220.86,225.21,216.48,218.53,456584
2022-07-22T04:00:00Z,221.78,229.29,218.48,220.45,687001
2022-07-21T04:00:00Z,214.09,224.29,211.56,223.905,593311
2022-07-20T04:00:00Z,208.19,216.93,200.265,216.53,1504795
2022-07-19T04:00:00Z,193.39,201.9,188.74,201.63,695890
2022-07-18T04:00:00Z,192.705,199.65,189.8,190.85,431527
2022-07-15T04:00:00Z,175.63,189.21,174.85,189.04,438293
2022-07-14T04:00:00Z,175.73,177.36,171.895,174.78,279876
2022-07-13T04:00:00Z,170.665,179.04,169.84,176.55,406202
2022-07-12T04:00:00Z,177.47,179.63,173.44,174.44,263756
2022-07-11T04:00:00Z,184.74,184.74,176.92,177.25,209570
2022-07-08T04:00:00Z,185.72,189.87,182.825,186.93,181416
2022-07-07T04:00:00Z,184.76,190.2,183.68,189.24,248009
2022-07-06T04:00:00Z,185.125,186.13,180.91,184.06,280077
2022-07-05T04:00:00Z,176.29,185.92,172.91,185.89,269215
2022-07-01T04:00:00Z,176.17,180.09,174.34,179.96,211094
2022-06-30T04:00:00Z,176.81,179.38,170.34,174.85,301987
2022-06-29T04:00:00Z,179.45,180.52,175.225,178.36,267255
2022-06-28T04:00:00Z,189.2,192.16,179.38,179.63,272632
2022-06-27T04:00:00Z,190.96,191.67,182.49,189.14,243271
2022-06-24T04:00:00Z,183.35,190.99,181.93,190.87,369806
2022-06-23T04:00:00Z,180.5,182.76,175.93,181.57,375737
2022-06-22T04:00:00Z,170.96,182.6,170.24,178.87,641301
2022-06-21T04:00:00Z,178.23,178.49,169.82,170.92,588109
2022-06-17T04:00:00Z,173.94,179.57,173.61,175.49,416175
2022-06-16T04:00:00Z,173.59,176.22,171.61,173.39,313545
2022-06-15T04:00:00Z,169.07,183.76,168.53,180.15,486765
2022-06-14T04:00:00Z,169.86,172.01,164.28,167.64,440089
2022-06-13T04:00:00Z,176.41,178.8,168.985,169.86,366287
2022-06-10T04:00:00Z,182.26,185.75,180.92,182.96,621786
2022-06-09T04:00:00Z,200.53,201.58,192.565,192.78,256111
2022-06-08T04:00:00Z,197.95,207.33,197.745,202.81,284494
2022-06-07T04:00:00Z,194.9,199.53,193.04,198.56,167008
2022-06-06T04:00:00Z,202.18,203.72,195.44,197.21,193350
2022-06-03T04:00:00Z,200.16,202.86,198.12,198.97,263113
2022-06-02T04:00:00Z,192.715,205.46,192.2,205.17,405708
2022-06-01T04:00:00Z,198.7,202.46,191.73,192.97,316522
2022-05-31T04:00:00Z,197.28,199.95,191.02,197.51,267954
2022-05-27T04:00:00Z,193.4,195.22,190.38,195.18,305999
2022-05-26T04:00:00Z,186.71,192.24,183.29,191.34,257494
2022-05-25T04:00:00Z,180.42,188.83,180.42,187.76,309780
2022-05-24T04:00:00Z,181.74,183.97,177.21,180.34,321299
2022-05-23T04:00:00Z,186.4,187.57,178.06,187.43,258150
2022-05-20T04:00:00Z,186.68,190.13,179.84,186.43,409928
2022-05-19T04:00:00Z,178.17,186.26,175.71,183.43,468095
2022-05-18T04:00:00Z,186.63,187.37,176.35,177.23,366194
2022-05-17T04:00:00Z,190.86,191.2,185.22,190.54,372697
2022-05-16T04:00:00Z,193.12,195.86,185.73,186.46,418602
2022-05-13T04:00:00Z,177.095,187.76,176.14,187.67,448370
2022-05-12T04:00:00Z,163.96,177.52,162.77,174.39,769127
2022-05-11T04:00:00Z,176.14,180.83,165.56,166.4,479700
2022-05-10T04:00:00Z,177.17,181.785,170.7,177.62,465347
2022-05-09T04:00:00Z,177.5,183.1,172.32,173.07,512323
2022-05-06T04:00:00Z,186.61,186.97,176,181.01,598334
2022-05-05T04:00:00Z,199.92,200.48,186.16,188.44,558745
2022-05-04T04:00:00Z,197.7,204.33,191.02,204.04,426836
2022-05-03T04:00:00Z,198.59,203.05,194.89,199.85,353885
2022-05-02T04:00:00Z,191.65,200.19,190.14,199.45,652237
2022-04-29T04:00:00Z,198.63,204.625,190,190.35,528899
2022-04-28T04:00:00Z,191.705,201.425,185.65,199.39,608251
2022-04-27T04:00:00Z,193.68,199.98,187.81,188.55,876991
2022-04-26T04:00:00Z,208.69,208.95,198.28,198.33,503838
2022-04-25T04:00:00Z,213.915,216.5,204.63,209.93,772667
2022-04-22T04:00:00Z,220.2,226.14,210.11,215.42,1091631
2022-04-21T04:00:00Z,220.25,227.66,211.55,218.29,1719095
2022-04-20T04:00:00Z,245.4,248,212.66,226.025,5563157
2022-04-19T04:00:00Z,333.485,351.59,333.485,348.72,588592
2022-04-18T04:00:00Z,340.75,340.925,331.69,337.87,265992
2022-04-14T04:00:00Z,350.57,350.57,339.97,341.14,210569
2022-04-13T04:00:00Z,343.64,351.9,341.33,350.31,138490
2022-04-12T04:00:00Z,355.8,358.99,342.6,343.99,196512
2022-04-11T04:00:00Z,350.03,354.26,345.45,347.96,209955
2022-04-08T04:00:00Z,361.79,362.4,354.915,355.68,214291
2022-04-07T04:00:00Z,364.36,368.54,353.84,362.21,295369
2022-04-06T04:00:00Z,374.12,375.71,362.89,368.3,190467
2022-04-05T04:00:00Z,388.92,389.83,377.4,380.24,198903
2022-04-04T04:00:00Z,373.55,395.91,373.55,391.59,320396
2022-04-01T04:00:00Z,376.715,380,368.53,373.46,219351
2022-03-31T04:00:00Z,383.5,383.5,373.77,375,210875
2022-03-30T04:00:00Z,388.52,392.31,378.69,381.5,184138
2022-03-29T04:00:00Z,384.73,396.39,380.58,391.52,276098
2022-03-28T04:00:00Z,375.5,380,366.82,378.54,161717
2022-03-25T04:00:00Z,374.75,377.1,366.5,374.04,151620
2022-03-24T04:00:00Z,378.2,379.08,369.01,375.7,206716
2022-03-23T04:00:00Z,379.21,381.98,374.77,374.91,162990
2022-03-22T04:00:00Z,371.6,386.535,366.91,382.67,163900
2022-03-21T04:00:00Z,377.53,381.31,369.07,374.59,295533
2022-03-18T04:00:00Z,372.49,381.73,368.55,380.7,373340
2022-03-17T04:00:00Z,355.47,373.19,355.24,371.36,275349
2022-03-16T04:00:00Z,347.91,359.81,343.235,357.52,521158
2022-03-15T04:00:00Z,335.1,345.24,332.49,343.49,324384
2022-03-14T04:00:00Z,338.8,341.23,329.88,330.82,438242
2022-03-11T05:00:00Z,360.58,362.63,340,340.39,271058
2022-03-10T05:00:00Z,355.34,366.46,353.52,356.71,214374
2022-03-09T05:00:00Z,356.4,364.04,351.205,358.79,390514
2022-03-08T05:00:00Z,349.8,358.795,340.87,341.85,347896
2022-03-07T05:00:00Z,359.465,361.755,350.2,350.22,388654
2022-03-04T05:00:00Z,368.08,374.165,357.41,361.97,322443
2022-03-03T05:00:00Z,385.775,385.775,364.71,368.035,421863
2022-03-02T05:00:00Z,388.75,388.75,375.32,380.06,304160
2022-03-01T05:00:00Z,392.01,394.98,383.85,386.47,214887
2022-02-28T05:00:00Z,387.8,397.65,382.28,394.54,216652
2022-02-25T05:00:00Z,387.19,391.29,375.58,390.88,256835
2022-02-24T05:00:00Z,355.03,390.65,354.94,390.09,355127
2022-02-23T05:00:00Z,382.24,385.83,366.96,367.46,191449
2022-02-22T05:00:00Z,388.82,392.18,373.1,377.38,359995
2022-02-18T05:00:00Z,392.53,402.67,389.22,391.32,336110
2022-02-17T05:00:00Z,393.8,399.07,385.7,387,212042
2022-02-16T05:00:00Z,401.135,401.135,390.55,398.24,224337
2022-02-15T05:00:00Z,404.035,409.06,401.06,407.57,228033
2022-02-14T05:00:00Z,388.99,409.19,388.99,396.45,238192
2022-02-11T05:00:00Z,405.75,411.2,387.77,391,373718
2022-02-10T05:00:00Z,403.06,407.94,396.45,406.49,599142
2022-02-09T05:00:00Z,408.95,412.96,398.91,412.92,360167
2022-02-08T05:00:00Z,398.63,406.51,396,402.99,365186
2022-02-07T05:00:00Z,410.575,411.77,393.75,402.42,366754
2022-02-04T05:00:00Z,407.31,412.58,397.15,410.13,357817
2022-02-03T05:00:00Z,420.71,428.93,404.44,405.95,512329
2022-02-02T05:00:00Z,447.92,451.44,426.595,429.39,688512
2022-02-01T05:00:00Z,432.91,458.415,425.64,457.34,956378
2022-01-31T05:00:00Z,401.97,427.7,398.4,427.14,846021
2022-01-28T05:00:00Z,386.76,386.95,372.18,384.28,551545
2022-01-27T05:00:00Z,382.51,394.55,378.4,386.35,925200
2022-01-26T05:00:00Z,378.55,382.5,356.8,359.99,540059
2022-01-25T05:00:00Z,379.29,387.34,365.15,366.46,894259
2022-01-24T05:00:00Z,384.15,387.09,351.53,387.09,1636435
2022-01-21T05:00:00Z,400.405,408.47,380,397.29,2640124
2022-01-20T05:00:00Z,520.16,525.935,507.085,508.605,402440
2022-01-19T05:00:00Z,515.575,522.93,510.81,515.94,178086
2022-01-18T05:00:00Z,520.08,521.68,508.77,510.98,222221
2022-01-14T05:00:00Z,517.92,538.24,512.18,525.7,391499
2022-01-13T05:00:00Z,537.12,540.555,518.35,518.96,209657
2022-01-12T05:00:00Z,543.845,544.06,532.1,536.91,187049
2022-01-11T05:00:00Z,536.265,543.44,530.12,540.44,148207
2022-01-10T05:00:00Z,538.49,543.36,526.82,539.68,225213
2022-01-07T05:00:00Z,551.125,551.99,538.385,540.99,141223
2022-01-06T05:00:00Z,554.34,563.36,542.25,553,299711
2022-01-05T05:00:00Z,591.58,592.06,566.92,566.94,229646
2022-01-04T05:00:00Z,599.565,599.84,581.84,590.91,232262
2022-01-03T05:00:00Z,605.9,608.84,590.62,597.2,143084
2021-12-31T05:00:00Z,610.01,613.91,602.11,602.6,82787
2021-12-30T05:00:00Z,612.17,620.4,611.42,611.98,55021
2021-12-29T05:00:00Z,610.57,612.95,605.04,610.68,59844
2021-12-28T05:00:00Z,614.96,617.9,609.715,610.74,142688
2021-12-27T05:00:00Z,614.365,614.745,609.53,613.17,65381
2021-12-23T05:00:00Z,615.5,616.8,607.965,613.9,63672
2021-12-22T05:00:00Z,603.29,614.54,602.93,614.26,98620
2021-12-21T05:00:00Z,597.32,607.27,594.175,604.96,100425
2021-12-20T05:00:00Z,586.15,602.77,584.36,593.61,150661
2021-12-17T05:00:00Z,591.03,592.82,581.9,585.96,161939
2021-12-16T05:00:00Z,597.09,602.19,588.22,591.03,134175
2021-12-15T05:00:00Z,599.06,605.625,584.545,605.24,179091
2021-12-14T05:00:00Z,598.635,601.8,588.53,598.19,143053
2021-12-13T05:00:00Z,612.585,612.585,599.87,604.14,181300
2021-12-10T05:00:00Z,616,616.87,606.21,611.62,107852
2021-12-09T05:00:00Z,627.83,630.14,610.66,610.96,156556
2021-12-08T05:00:00Z,630,632.29,624,627.99,65187
2021-12-07T05:00:00Z,620.64,628.77,611.87,625.38,123717
2021-12-06T05:00:00Z,606.425,616.875,601.25,612.895,201834
2021-12-03T05:00:00Z,623.5,623.835,594.345,602.66,241524
2021-12-02T05:00:00Z,618.07,624.62,613.11,615.73,131235
2021-12-01T05:00:00Z,648.34,653.725,617.32,617.32,170823
2021-11-30T05:00:00Z,669.5,674.96,640.24,642.06,445050
2021-11-29T05:00:00Z,663.2,667.96,658.93,663.88,105346
2021-11-26T05:00:00Z,675.405,676.36,662.3,665.71,87733
2021-11-24T05:00:00Z,652.78,660.79,652.66,658.2,64502
2021-11-23T05:00:00Z,657.19,664.715,646.49,654.5,91864
2021-11-22T05:00:00Z,676.99,679.37,657.2,658.72,160360
2021-11-19T05:00:00Z,693.22,693.33,675.28,678.62,105111
2021-11-18T05:00:00Z,691.38,691.38,680.13,681.7,81391
2021-11-17T05:00:00Z,690.14,700.445,686.44,691.59,108676
2021-11-16T05:00:00Z,678.835,688.29,676.9,687.4,112913
2021-11-15T05:00:00Z,679.85,685.14,672.01,679.4,109515
2021-11-12T05:00:00Z,660.22,683.23,654.42,682.75,180779
2021-11-11T05:00:00Z,649.725,665.59,649.725,657.53,128984
2021-11-10T05:00:00Z,654.23,659.88,642.48,646.82,86238
2021-11-09T05:00:00Z,652.81,660.25,650.98,656.1,78217
2021-11-08T05:00:00Z,650.5,655.38,643.88,651.17,84558
2021-11-05T04:00:00Z,663.25,665.36,645.21,645.37,174929
2021-11-04T04:00:00Z,685.27,685.83,665.54,668.36,231721
2021-11-03T04:00:00Z,678.7,689.38,677.54,688.085,85232
2021-11-02T04:00:00Z,682.865,687.33,674.17,677.59,192461
2021-11-01T04:00:00Z,688.04,688.85,676.56,681.17,151891
2021-10-29T04:00:00Z,674.38,690.845,672.47,690.49,188663
2021-10-28T04:00:00Z,672.35,676.41,668.54,673.975,143728
2021-10-27T04:00:00Z,668.81,671.18,661.86,663.03,118774
2021-10-26T04:00:00Z,673.93,676.22,662.97,668.64,137184
2021-10-25T04:00:00Z,663.69,675.66,657.34,671.5,194581
2021-10-22T04:00:00Z,652.5,665.43,652.06,664.87,218940
2021-10-21T04:00:00Z,629.18,653.98,629.18,653.3,322821
2021-10-20T04:00:00Z,625.9,637.22,617.365,625.35,390604
2021-10-19T04:00:00Z,637.38,640.21,632.55,639.27,208702
2021-10-18T04:00:00Z,631.855,638.35,620.89,638.23,203169
2021-10-15T04:00:00Z,638.945,638.955,625.35,627.38,203702
2021-10-14T04:00:00Z,634,636.85,627.46,633.25,123752
2021-10-13T04:00:00Z,629.35,630.54,622.135,629.82,72730
2021-10-12T04:00:00Z,633.71,637.38,622.06,624.86,119736
2021-10-11T04:00:00Z,634.025,639.32,626.89,626.89,137496
2021-10-08T04:00:00Z,633.35,643.35,631.02,632.92,105656
2021-10-07T04:00:00Z,642.78,646.47,630.66,631.16,132993
2021-10-06T04:00:00Z,627.89,639.68,626.45,639.55,156209
2021-10-05T04:00:00Z,607.68,640.32,607.44,634.89,367459
2021-10-04T04:00:00Z,613.82,625.99,594.99,603.815,237986
2021-10-01T04:00:00Z,605.945,614.96,597.505,613.04,131533
2021-09-30T04:00:00Z,608.33,618.65,608.33,610.46,270857
2021-09-29T04:00:00Z,589,609.58,589,599.16,269109
2021-09-28T04:00:00Z,588.35,599.46,580.64,583.87,214774
2021-09-27T04:00:00Z,587.95,593.35,576.98,592.68,116482
2021-09-24T04:00:00Z,592.15,592.98,583.76,592.83,63771
2021-09-23T04:00:00Z,590.5,599.23,589.765,593.63,97196
2021-09-22T04:00:00Z,580.46,595.24,580.105,590.52,117036
2021-09-21T04:00:00Z,578.25,581.1,569.38,573.19,101713
2021-09-20T04:00:00Z,587.66,591.5,568.16,575.65,143225
2021-09-17T04:00:00Z,587.765,590.22,581.2,589.39,190579
2021-09-16T04:00:00Z,583.95,587.4,577.92,586.59,69579
2021-09-15T04:00:00Z,580.01,584.57,575.635,582.74,141195
2021-09-14T04:00:00Z,585.85,587.13,575.75,577.69,197040
2021-09-13T04:00:00Z,597.16,597.59,582.945,589.42,131398
2021-09-10T04:00:00Z,598.22,609.365,593.67,599,173314
2021-09-09T04:00:00Z,607.42,609.19,596.59,597.16,148284
2021-09-08T04:00:00Z,604.76,615.3,595.9,606.09,194441
2021-09-07T04:00:00Z,594.43,613.44,594.115,606.68,215998
2021-09-03T04:00:00Z,585.84,591.68,583.2,590.505,77366
2021-09-02T04:00:00Z,584.8,598.56,584.67,588.73,225313
2021-09-01T04:00:00Z,569.5,590.84,569.5,582.2,206534
2021-08-31T04:00:00Z,563.57,569.48,561.95,569.29,98223
2021-08-30T04:00:00Z,556.95,567.08,556.95,566.04,66789
2021-08-27T04:00:00Z,549.725,563.68,549.475,558.66,96020
2021-08-26T04:00:00Z,547.325,552.6,546.28,549.89,79850
2021-08-25T04:00:00Z,550.08,552.69,545.525,547.49,117558
2021-08-24T04:00:00Z,552.15,555.29,549.27,553.23,101868
2021-08-23T04:00:00Z,545.28,555.49,544.08,553.29,88844
2021-08-20T04:00:00Z,544.77,551.325,539.72,546.8,156014
2021-08-19T04:00:00Z,522.34,548.33,522.34,543.47,331028
2021-08-18T04:00:00Z,519.63,526.02,518.85,521.76,80239
2021-08-17T04:00:00Z,514.685,520.76,514.38,518.85,74964
2021-08-16T04:00:00Z,515.57,523.18,512.46,517.76,84022
2021-08-13T04:00:00Z,512.62,521.19,511.845,515.97,100321
2021-08-12T04:00:00Z,511.78,512.88,507.335,510.55,100291
2021-08-11T04:00:00Z,516.98,519.52,509.83,512.25,97730
2021-08-10T04:00:00Z,519.99,520.47,513.02,515.81,86253
2021-08-09T04:00:00Z,521.555,522.64,518.13,520.2,63805
2021-08-06T04:00:00Z,525.24,526.06,519.44,520.47,123678
2021-08-05T04:00:00Z,517.22,525.37,514.82,525.08,112282
2021-08-04T04:00:00Z,512.635,517.93,510.6,517.57,154716
2021-08-03T04:00:00Z,514.235,515.51,505.485,510.455,105535
2021-08-02T04:00:00Z,519.145,519.69,510.62,515.065,106040
2021-07-30T04:00:00Z,511.66,519.79,511.5,517.57,99740
2021-07-29T04:00:00Z,520.38,520.67,513.95,514.31,91083
2021-07-28T04:00:00Z,523.48,524.33,517.62,519.41,77695
2021-07-27T04:00:00Z,518.01,521.81,512.34,518.87,108552
2021-07-26T04:00:00Z,514.42,520.99,510.05,516.54,113407
2021-07-23T04:00:00Z,513.16,517.33,504.665,515.43,130772
2021-07-22T04:00:00Z,510.68,513.4,507.045,511.72,183297
2021-07-21T04:00:00Z,526.35,530.15,505.9,513.98,462332
2021-07-20T04:00:00Z,527.63,536.47,520.73,530.78,184834
2021-07-19T04:00:00Z,525.66,534.62,522.515,531.49,123721
2021-07-16T04:00:00Z,541.74,543.73,527.1,530.02,128470
2021-07-15T04:00:00Z,554.81,557.41,538.59,543.1,252779
2021-07-14T04:00:00Z,542.17,554.09,542.17,547.86,294913
2021-07-13T04:00:00Z,536.17,545.1,536.17,540.6,91683
2021-07-12T04:00:00Z,538.76,539.59,532.93,537.12,69548
2021-07-09T04:00:00Z,531.14,538.15,528.7,535.97,94250
2021-07-08T04:00:00Z,531.135,535.5,529.275,530.47,113813
2021-07-07T04:00:00Z,544.3,544.3,531.66,536.21,174148
2021-07-06T04:00:00Z,533,542.76,533,541.65,136912
2021-07-02T04:00:00Z,536.16,538.28,529.56,533.63,79732
2021-07-01T04:00:00Z,526.8,536.88,526.56,533.54,112847
2021-06-30T04:00:00Z,533.2,534.27,526.89,528.2,150173
2021-06-29T04:00:00Z,532.32,536,528.72,533.39,101760
2021-06-28T04:00:00Z,528.12,533.87,524.68,533.05,146189
2021-06-25T04:00:00Z,528.01,532.99,525.01,527.42,212391
2021-06-24T04:00:00Z,518.21,520.73,514.62,517.95,196329
2021-06-23T04:00:00Z,508.51,516.4,508.2,512.68,165025
2021-06-22T04:00:00Z,498.36,513.46,495.84,508.76,460361
2021-06-21T04:00:00Z,501.815,501.82,492.28,497.37,667835
2021-06-18T04:00:00Z,497.045,504.44,495.33,500.54,356243
2021-06-17T04:00:00Z,490.66,501.715,490.15,498.28,171666
2021-06-16T04:00:00Z,494.135,496.18,486.42,492.2,143268
2021-06-15T04:00:00Z,500,500.17,490.57,491.7,126082
2021-06-14T04:00:00Z,489.99,502.94,487.17,499.76,228525
2021-06-11T04:00:00Z,490,491.32,487.88,488.51,336646
2021-06-10T04:00:00Z,486.67,490.21,482.25,487.215,470971
2021-06-09T04:00:00Z,494.55,495.88,484.73,485.66,151511
2021-06-08T04:00:00Z,495.75,498.72,489.51,492.33,148543
2021-06-07T04:00:00Z,493.1,496.65,490.65,494.65,254737
2021-06-04T04:00:00Z,491.31,501.62,491.18,494.375,175252
2021-06-03T04:00:00Z,495.23,496.66,487.25,489.38,195040
2021-06-02T04:00:00Z,499.83,503.2,496,499.37,88358
2021-06-01T04:00:00Z,504.01,505.27,497.95,498.77,138562
2021-05-28T04:00:00Z,504.27,511.76,502.63,502.785,168647
2021-05-27T04:00:00Z,501.74,504.95,499,504.045,87265
2021-05-26T04:00:00Z,502.22,504.08,500.5,502.66,212508
2021-05-25T04:00:00Z,505.22,506.19,499.35,501.37,177877
2021-05-24T04:00:00Z,501.09,504.21,499.82,502.73,137321
2021-05-21T04:00:00Z,502.78,505.23,497.44,497.62,161614
2021-05-20T04:00:00Z,489.51,502.67,489.01,501.67,208220
2021-05-19T04:00:00Z,481.625,488.21,478.6,487.62,267925
2021-05-18T04:00:00Z,488.395,493.28,486.35,486.405,125983
2021-05-17T04:00:00Z,485.52,492.57,483.13,489.055,241793
2021-05-14T04:00:00Z,487.93,494.8,486.93,493.6,190920
2021-05-13T04:00:00Z,488.41,490.65,482.82,486.9,185231
2021-05-12T04:00:00Z,486.14,493.1,482.8,484.875,367233
2021-05-11T04:00:00Z,480,497.7,479.09,495.1,179703
2021-05-10T04:00:00Z,502.41,502.99,486.16,486.79,296027
2021-05-07T04:00:00Z,504.805,508.35,501.475,503.99,215467
2021-05-06T04:00:00Z,496.08,499.44,491.55,499.3,230376
2021-05-05T04:00:00Z,505.44,507.57,494.75,496.06,179840
2021-05-04T04:00:00Z,508.17,508.67,496.99,503.28,176926
2021-05-03T04:00:00Z,512.9,518.22,505.31,509.13,209120
2021-04-30T04:00:00Z,506.92,514.34,506.31,513.69,229377
2021-04-29T04:00:00Z,507.03,509.21,499.06,509,315781
2021-04-28T04:00:00Z,505.47,508.37,503.4,506.77,163125
2021-04-27T04:00:00Z,512.735,512.735,504.66,505.76,232097
2021-04-26T04:00:00Z,506.87,510.455,503.17,510.41,202474
2021-04-23T04:00:00Z,509.25,509.25,500.78,505.505,299800
2021-04-22T04:00:00Z,513.61,513.61,500.7,509.475,488579
2021-04-21T04:00:00Z,506.9,515.315,503.65,508.69,1190502
2021-04-20T04:00:00Z,554.42,563.39,546.6,549.36,313136
2021-04-19T04:00:00Z,546.08,555.99,545.64,554.33,182501
2021-04-16T04:00:00Z,551,551.74,539.72,546.51,161971
2021-04-15T04:00:00Z,543.97,553.42,543.18,548.85,132154
2021-04-14T04:00:00Z,554.235,554.32,538.67,539.79,185935
2021-04-13T04:00:00Z,556.905,559.56,550.5,553.89,99875
2021-04-12T04:00:00Z,552.06,557.5,550.12,552.88,262447
2021-04-09T04:00:00Z,551.965,556.64,547.27,555.3,158209
2021-04-08T04:00:00Z,551.23,556.65,547.81,555.05,186418
2021-04-07T04:00:00Z,543.11,549.6,541.85,546.74,95181
2021-04-06T04:00:00Z,544.52,553.83,543.52,544.29,127178
2021-04-05T04:00:00Z,540.95,542.745,529.575,540.63,161372
2021-04-01T04:00:00Z,530.05,540.25,527.48,539.79,282530
2021-03-31T04:00:00Z,515.675,528.01,515.44,522.13,188598
2021-03-30T04:00:00Z,511.11,514.38,507.15,513.605,108521
2021-03-29T04:00:00Z,506.67,517.89,504.52,513.67,153330
2021-03-26T04:00:00Z,504,508.67,496.81,508.61,174565
2021-03-25T04:00:00Z,515.31,518.36,497.14,502.86,231521
2021-03-24T04:00:00Z,533.78,533.78,520,521.03,166959
2021-03-23T04:00:00Z,529.98,543.06,529.98,535.17,286844
2021-03-22T04:00:00Z,510.9,529.22,510.9,522.88,163642
2021-03-19T04:00:00Z,505.345,513.1,501.8,512.12,181922
2021-03-18T04:00:00Z,515.54,517.475,504.03,504.89,210648
2021-03-17T04:00:00Z,520.36,528.235,514.525,524.225,187716
2021-03-16T04:00:00Z,524.25,533.3,523.46,524.02,184548
2021-03-15T04:00:00Z,515.705,520.51,508.31,520.22,145812
2021-03-12T05:00:00Z,513.5,525.36,506.86,517.91,183914
2021-03-11T05:00:00Z,512.36,530.07,510.94,522.94,207293
2021-03-10T05:00:00Z,513.6,518.66,504.27,504.54,165404
2021-03-09T05:00:00Z,506.92,513.08,504,506.28,187349
2021-03-08T05:00:00Z,514.44,518.5,492.92,492.92,268210
2021-03-05T05:00:00Z,511.98,517.64,499.29,515.97,270341
2021-03-04T05:00:00Z,521.73,531.2,507.89,510.75,277643
2021-03-03T05:00:00Z,547.41,547.99,517.97,520.88,295800
2021-03-02T05:00:00Z,553.77,556.17,546.5,547.55,141206
2021-03-01T05:00:00Z,545.94,552.08,542.06,550.54,155788
2021-02-26T05:00:00Z,547.51,552.955,538.08,539.44,175591
2021-02-25T05:00:00Z,550.91,556.42,535.8,546.865,198828
2021-02-24T05:00:00Z,541.11,556.83,540.93,553.54,151222
2021-02-23T05:00:00Z,526.02,548.3,518.48,545.9,213692
2021-02-22T05:00:00Z,535,541.58,530.96,533.58,223266
2021-02-19T05:00:00Z,548.97,548.97,538.885,540.27,150638
2021-02-18T05:00:00Z,548.79,549.75,538.33,547.7,140090
2021-02-17T05:00:00Z,551.045,554.44,543.32,551.44,109027
2021-02-16T05:00:00Z,555.56,563.28,552.73,557.38,128847
2021-02-12T05:00:00Z,556.79,560.79,551.33,556.77,151135
2021-02-11T05:00:00Z,565.32,565.41,554.34,557.98,113586
2021-02-10T05:00:00Z,562.8,566.15,554.13,563.92,180157
2021-02-09T05:00:00Z,545.5,566,543.36,558.99,151115
2021-02-08T05:00:00Z,554.5,554.57,543.9,547.38,113667
2021-02-05T05:00:00Z,552.675,554.44,545.79,550.9,104541
2021-02-04T05:00:00Z,540.67,559.06,537.51,552.2,249259
2021-02-03T05:00:00Z,550.17,550.17,539.08,539.31,178311
2021-02-02T05:00:00Z,542.01,555.445,539.26,547.77,202171
2021-02-01T05:00:00Z,537.14,545,532.31,539.04,155430
2021-01-29T05:00:00Z,538.59,540.85,530.53,532.06,230943
2021-01-28T05:00:00Z,536,552.99,532.01,538.31,357206
2021-01-27T05:00:00Z,550.59,555.93,516.41,519.86,443435
2021-01-26T05:00:00Z,554.73,567.97,554.38,561.7,229574
2021-01-25T05:00:00Z,567.76,569.45,549.09,556.97,262320
2021-01-22T05:00:00Z,579.99,583.66,564.43,565.12,239444
2021-01-21T05:00:00Z,583.1,588.6,570.54,580.07,480876
2021-01-20T05:00:00Z,564.56,593.07,557.21,586.995,870902
2021-01-19T05:00:00Z,501.32,508.95,493.85,501.88,268081
2021-01-15T05:00:00Z,501.9,506.1,495.19,498.13,273811
2021-01-14T05:00:00Z,507.78,514.41,499.66,500.98,157742
2021-01-13T05:00:00Z,495.28,512.2,493.14,507.8,223152
2021-01-12T05:00:00Z,500.065,501,485.87,494.53,791090
2021-01-11T05:00:00Z,508.29,510.59,498.01,499.21,140434
2021-01-08T05:00:00Z,510.555,512.605,504.66,510.76,130309
2021-01-07T05:00:00Z,508.475,516.04,506.51,508.335,184957
2021-01-06T05:00:00Z,511,512.965,499.64,499.89,234610
2021-01-05T05:00:00Z,521.98,526.74,516.02,520.81,115497
2021-01-04T05:00:00Z,539.385,540.69,515.13,522.58,166070
2020-12-31T05:00:00Z,526.38,545.42,523.76,541.4,157315
2020-12-30T05:00:00Z,531.515,533.21,523.71,524.7,80149
2020-12-29T05:00:00Z,519.565,536.49,515.88,531.04,148451
2020-12-28T05:00:00Z,516.28,523.65,507.14,519.04,127670
2020-12-24T05:00:00Z,515.21,519.1,512.31,513.84,45018
2020-12-23T05:00:00Z,525.72,525.72,514.42,514.58,108899
2020-12-22T05:00:00Z,527.94,530.085,520.55,527.36,92614
2020-12-21T05:00:00Z,529.955,532.47,521.51,528.86,108679
2020-12-18T05:00:00Z,534.04,535.66,526.26,534.5,96242
2020-12-17T05:00:00Z,529.01,535.26,526.505,533.14,123860
2020-12-16T05:00:00Z,520.26,527.28,518.14,524.94,122427
2020-12-15T05:00:00Z,518.03,524.6,513.93,519.7,91792
2020-12-14T05:00:00Z,505.44,524.15,502.43,522.67,193644
2020-12-11T05:00:00Z,495.575,503.2,494.905,503.2,112472
2020-12-10T05:00:00Z,494.43,503.77,493.08,500.78,105790
2020-12-09T05:00:00Z,511.42,514.4,491.36,494.45,171395
2020-12-08T05:00:00Z,517.83,521.39,505.72,512.63,112895
2020-12-07T05:00:00Z,500.05,517.38,497.78,516,160246
2020-12-04T05:00:00Z,497.63,504.44,494.35,498.31,86501
2020-12-03T05:00:00Z,501.04,508.64,496.22,496.86,111786
2020-12-02T05:00:00Z,501.86,506.73,493.63,503.4,155998
2020-12-01T05:00:00Z,492.48,509.33,492.21,504.58,217233
2020-11-30T05:00:00Z,490.245,492.5,481.505,490.9,162728
2020-11-27T05:00:00Z,487.3,493.14,482,491.58,89949
2020-11-25T05:00:00Z,486,486.79,479,484.86,107036
2020-11-24T05:00:00Z,477.64,484.02,475.89,482.93,140420
2020-11-23T05:00:00Z,490.5,490.62,475.9,476.65,240238
2020-11-20T05:00:00Z,485.17,494.71,481.61,488.27,141121
2020-11-19T05:00:00Z,481.49,487.73,480.85,484.76,99951
2020-11-18T05:00:00Z,481.94,488.215,477.87,481.65,182605
2020-11-17T05:00:00Z,480.555,487.39,479.4,481.07,114366
2020-11-16T05:00:00Z,481.79,485.23,477.38,479.11,177272
2020-11-13T05:00:00Z,486.66,488.94,477.84,483.16,162980
2020-11-12T05:00:00Z,490.63,496.48,480.46,486.58,343452
2020-11-11T05:00:00Z,483.08,491.61,478.415,491.15,282426
2020-11-10T05:00:00Z,469.655,484.48,463.685,480.5,524075
2020-11-09T05:00:00Z,485.56,495.48,467.535,470.33,701649
2020-11-06T05:00:00Z,514.58,515.21,502.57,514.76,124015
2020-11-05T05:00:00Z,506.37,518.66,503.75,513.78,208490
2020-11-04T05:00:00Z,496.04,507.69,494.32,496.48,244641
2020-11-03T05:00:00Z,485.045,495.305,479.45,487.06,162474
2020-11-02T05:00:00Z,479.6,486.17,475.08,484.28,177442
2020-10-30T04:00:00Z,501.5,505.8,472.3,476.13,327280
2020-10-29T04:00:00Z,488.95,513.325,479.405,504.15,625813
2020-10-28T04:00:00Z,486.5,493.98,483.37,485.84,287450
2020-10-27T04:00:00Z,489.75,489.89,483.06,488.9,195488
2020-10-26T04:00:00Z,487.24,496.66,479,488.56,310376
2020-10-23T04:00:00Z,488.16,489.94,481.35,487.94,198976
2020-10-22T04:00:00Z,495.14,495.14,482,485.255,350833
2020-10-21T04:00:00Z,501.03,506.8,488.35,488.97,914719
2020-10-20T04:00:00Z,528.4,533.63,522.38,525.5,442812
2020-10-19T04:00:00Z,536.48,541.65,525.74,530.7,344925
2020-10-16T04:00:00Z,550.25,554.12,530.155,530.7,273189
2020-10-15T04:00:00Z,545.07,551.22,535.11,542.02,235631
2020-10-14T04:00:00Z,562.78,572.32,541.11,541.13,430205
2020-10-13T04:00:00Z,540.985,557.61,537.55,554.305,298882
2020-10-12T04:00:00Z,547.41,551.63,538.545,539.39,287143
2020-10-09T04:00:00Z,537.345,544.23,535.1,539.37,262440
2020-10-08T04:00:00Z,533.84,534.95,524.24,532.18,229612
2020-10-07T04:00:00Z,517.755,536.37,516,534.76,288975
2020-10-06T04:00:00Z,519,521.04,504.2,505.77,131983
2020-10-05T04:00:00Z,506.62,520.94,501.94,520.76,145481
2020-10-02T04:00:00Z,516.24,526.05,502.7,503.13,180722
2020-10-01T04:00:00Z,505.56,529.52,503.61,527.98,267826
2020-09-30T04:00:00Z,492.66,504.47,489.59,500.05,104726
2020-09-29T04:00:00Z,489.79,495.98,486.64,493.57,90006
2020-09-28T04:00:00Z,489.325,491.525,477.99,490.49,127904
2020-09-25T04:00:00Z,474.4,484.635,468.28,482.95,177822
2020-09-24T04:00:00Z,470.61,476.71,468.265,473.03,73508
2020-09-23T04:00:00Z,490.13,490.7,469.14,470.72,62597
2020-09-22T04:00:00Z,489.31,491.68,479.675,491.16,112778
2020-09-21T04:00:00Z,468.67,487.72,466.87,487.72,112561
2020-09-18T04:00:00Z,473.51,479.31,458.76,469.9,108329
2020-09-17T04:00:00Z,475.06,478.115,463.63,470.21,100659
2020-09-16T04:00:00Z,499.99,504.14,483.52,483.52,143493
2020-09-15T04:00:00Z,484.7,497.385,481.89,496.1,111601
2020-09-14T04:00:00Z,481.455,488.76,471.465,475.88,115079
2020-09-11T04:00:00Z,486.55,493.28,477.28,482.045,148657
2020-09-10T04:00:00Z,502.75,506.045,478.93,480.43,156196
2020-09-09T04:00:00Z,518.32,518.32,492.97,500.3,263138
2020-09-08T04:00:00Z,497.42,521.92,495.19,506.22,136901
2020-09-04T04:00:00Z,519.19,526.91,486,515.64,238639
2020-09-03T04:00:00Z,544.23,553.43,521.675,525.75,286442
2020-09-02T04:00:00Z,553.87,556.44,537.72,552.67,144887
2020-09-01T04:00:00Z,532.545,557.18,532.52,556.83,253812
2020-08-31T04:00:00Z,522.83,531.64,517.72,530.12,78322
2020-08-28T04:00:00Z,532.42,538.48,522,523.78,58210
2020-08-27T04:00:00Z,538.25,540.89,522.21,526.41,312079
2020-08-26T04:00:00Z,492.5,548.99,492.5,547.64,548164
2020-08-25T04:00:00Z,486.81,492.33,485.53,490.24,45794
2020-08-24T04:00:00Z,494.01,500.26,484.06,488.49,49777
2020-08-21T04:00:00Z,496.81,497.02,490.555,492.45,40746
2020-08-20T04:00:00Z,484.83,498.9,484.165,497.87,105550
2020-08-19T04:00:00Z,493.2,494.25,483.7,484.42,62412
2020-08-18T04:00:00Z,484.24,495.145,482.8,491.65,56874
2020-08-17T04:00:00Z,483.99,486.13,479.445,482.58,61225
2020-08-14T04:00:00Z,482.94,488.01,480.61,482.34,46764
2020-08-13T04:00:00Z,478.66,484.45,476.86,481.36,44050
2020-08-12T04:00:00Z,471.25,482.41,470.525,475.25,344635
2020-08-11T04:00:00Z,479.575,480.905,466.7,466.93,334251
2020-08-10T04:00:00Z,493.91,496.79,478.69,483.27,115320
2020-08-07T04:00:00Z,505.76,507.68,486.92,494.9,144819
2020-08-06T04:00:00Z,503.725,510.725,498.955,509.1,54647
2020-08-05T04:00:00Z,508.065,509.64,501.43,502.51,56730
2020-08-04T04:00:00Z,500.145,510.33,499.5,509.8,71391
2020-08-03T04:00:00Z,491.71,502.96,490.435,498.28,77787
2020-07-31T04:00:00Z,488.54,494.12,484.7,488.81,84341
2020-07-30T04:00:00Z,482.28,488.3,477.68,485.5,78623
2020-07-29T04:00:00Z,492.49,494.62,484.2,484.46,101759
2020-07-28T04:00:00Z,497.165,497.165,487.84,488.05,52233
2020-07-27T04:00:00Z,484.375,496.71,482.44,496.01,116303
