2024-06-14T04:00:00Z,93.81,94.695,93.31,93.36,243783
2024-06-13T04:00:00Z,94.04,94.45,93.79,94.18,209142
2024-06-12T04:00:00Z,96.43,96.43,93.5,93.64,407391
2024-06-11T04:00:00Z,95.755,95.985,94.58,95.87,286453
2024-06-10T04:00:00Z,95.92,96.955,95.715,95.99,183664
2024-06-07T04:00:00Z,95.48,97.92,95.34,96.53,306551
2024-06-06T04:00:00Z,94.81,96.78,94.01,95.725,269687
2024-06-05T04:00:00Z,95.11,95.32,93.7,94.27,167282
2024-06-04T04:00:00Z,94.305,95.11,93.42,94.77,271146
2024-06-03T04:00:00Z,94.78,95.2,94.1,94.4,268267
2024-05-31T04:00:00Z,93.535,95.07,93.08,95.05,164552
2024-05-30T04:00:00Z,92.26,93.845,91.98,93.45,197106
2024-05-29T04:00:00Z,91.665,92.69,91.46,91.625,228690
2024-05-28T04:00:00Z,91.7,92.505,91.35,91.91,308976
2024-05-24T04:00:00Z,91.72,92.17,91.49,91.76,374299
2024-05-23T04:00:00Z,91.93,92.56,91.17,91.4,541381
2024-05-22T04:00:00Z,92.145,92.75,91.65,92.5,264704
2024-05-21T04:00:00Z,91.695,92.84,91.5,92.82,164541
2024-05-20T04:00:00Z,91.94,92.685,90.86,91.8,276167
2024-05-17T04:00:00Z,92,92.29,91.36,92.18,548069
2024-05-16T04:00:00Z,91.85,92.795,91.72,91.77,533022
2024-05-15T04:00:00Z,91.9,92.54,90.87,91.69,428592
2024-05-14T04:00:00Z,93.3,94.275,92.62,92.835,154094
2024-05-13T04:00:00Z,91.195,92.77,91.19,92.77,216694
2024-05-10T04:00:00Z,93.135,93.135,90.91,90.92,344394
2024-05-09T04:00:00Z,93.6,93.97,93.04,93.405,165601
2024-05-08T04:00:00Z,93.045,93.63,92.75,93.63,112851
2024-05-07T04:00:00Z,94.035,94.315,93.24,93.78,149402
2024-05-06T04:00:00Z,92.785,93.365,92.5,93.365,149996
2024-05-03T04:00:00Z,93.37,93.58,91.91,92.17,114519
2024-05-02T04:00:00Z,91.175,92.43,90.93,92.425,144803
2024-05-01T04:00:00Z,91.8,91.83,90.095,90.32,697071
2024-04-30T04:00:00Z,93.05,93.49,92.26,92.26,195370
2024-04-29T04:00:00Z,94.43,94.78,93.71,94.07,138133
2024-04-26T04:00:00Z,94.52,95.395,93.915,94.155,103588
2024-04-25T04:00:00Z,93.95,94.77,92.46,93.97,159869
2024-04-24T04:00:00Z,94.16,95.185,94.16,94.64,142741
2024-04-23T04:00:00Z,94.14,94.7,93.91,94,194383
2024-04-22T04:00:00Z,94.625,95.04,93.89,94.22,214684
2024-04-19T04:00:00Z,95.84,96.2,94.51,94.545,280086
2024-04-18T04:00:00Z,95.21,95.875,94.55,95.73,332983
2024-04-17T04:00:00Z,94.61,95.04,93.67,94.83,343214
2024-04-16T04:00:00Z,93.09,94.14,91.7,93.38,289167
2024-04-15T04:00:00Z,93.53,93.9,92.54,93.1,470634
2024-04-12T04:00:00Z,92,92.87,91.13,92.01,364892
2024-04-11T04:00:00Z,91.155,92.41,90.855,92,572319
2024-04-10T04:00:00Z,89.9,90.08,88.79,88.985,170008
2024-04-09T04:00:00Z,90.03,91.145,89.93,91,174611
2024-04-08T04:00:00Z,89.11,90.25,88.805,90,304103
2024-04-05T04:00:00Z,89.11,90.23,88.8,88.84,298582
2024-04-04T04:00:00Z,90.955,90.995,88.89,89.065,262529
2024-04-03T04:00:00Z,91.19,91.44,90.31,90.33,255382
2024-04-02T04:00:00Z,91.68,91.845,90.65,90.97,278197
2024-04-01T04:00:00Z,93.765,93.88,91.695,92.52,437982
2024-03-28T04:00:00Z,94.72,94.8,93.435,94.02,209056
2024-03-27T04:00:00Z,93.27,94.095,92.32,94.095,269180
2024-03-26T04:00:00Z,93.74,93.74,92.43,92.59,224348
2024-03-25T04:00:00Z,94.08,95.43,92.82,93.77,311551
2024-03-22T04:00:00Z,93.845,95.135,91.76,93.75,1242737
2024-03-21T04:00:00Z,100.3,101.92,99.8,100.83,361351
2024-03-20T04:00:00Z,99.425,100.42,99.03,100.195,147348
2024-03-19T04:00:00Z,98.595,100.04,98.455,99.94,183272
2024-03-18T04:00:00Z,98.95,99.65,98.55,98.73,189520
2024-03-15T04:00:00Z,100.06,101.105,99.35,99.64,266262
2024-03-14T04:00:00Z,102.04,102.37,100.1,100.27,218057
2024-03-13T04:00:00Z,100.75,101.99,100.39,101.38,186802
2024-03-12T04:00:00Z,100.53,101.365,99.66,100.17,138447
2024-03-11T04:00:00Z,99.52,101.71,99.52,101.08,227303
2024-03-08T05:00:00Z,98.42,99.315,98.07,99.17,188753
2024-03-07T05:00:00Z,97.91,98.37,97.68,98.205,260658
2024-03-06T05:00:00Z,100.09,100.09,97.08,97.6,305301
2024-03-05T05:00:00Z,98.99,99.12,98.005,98.31,415773
2024-03-04T05:00:00Z,101.72,101.72,99.01,99.52,410705
2024-03-01T05:00:00Z,103.47,103.68,101.845,101.895,214530
2024-02-29T05:00:00Z,104.79,105.5,103.685,103.84,181521
2024-02-28T05:00:00Z,104.08,105.44,103.74,104.34,86530
2024-02-27T05:00:00Z,104.77,105.24,104,105.17,143620
2024-02-26T05:00:00Z,105.33,106,103.78,104.53,109670
2024-02-23T05:00:00Z,105.21,106.59,105.21,105.62,140305
2024-02-22T05:00:00Z,105.805,105.87,104.08,105.08,152127
2024-02-21T05:00:00Z,103.485,105.51,102.935,105.28,236469
2024-02-20T05:00:00Z,102.65,103.83,102.17,103.33,259172
2024-02-16T05:00:00Z,104.64,104.665,101.65,103.5,395771
2024-02-15T05:00:00Z,107.17,107.28,105.85,106.045,226474
2024-02-14T05:00:00Z,104.985,106.41,104.47,106.32,202963
2024-02-13T05:00:00Z,105.01,105.75,104.26,105.085,160972
2024-02-12T05:00:00Z,104.71,107.385,104.71,107.19,242762
2024-02-09T05:00:00Z,103.79,104.94,103.38,104.5,153994
2024-02-08T05:00:00Z,104.52,104.94,103.075,103.77,196577
2024-02-07T05:00:00Z,102.52,104.28,102.42,103.82,261744
2024-02-06T05:00:00Z,99.485,102.61,99.165,102.61,314508
2024-02-05T05:00:00Z,100.36,100.395,99.07,99.72,285965
2024-02-02T05:00:00Z,100.565,101.39,99.52,100.735,209580
2024-02-01T05:00:00Z,101.885,102.24,100.62,101.75,212493
2024-01-31T05:00:00Z,104.075,104.26,101.145,101.55,428040
2024-01-30T05:00:00Z,103.38,104.3,103.2,104.2,140787
2024-01-29T05:00:00Z,102.9,103.99,101.35,103.875,213288
2024-01-26T05:00:00Z,101.555,103.255,101.31,102.755,268985
2024-01-25T05:00:00Z,101.53,101.73,100.105,100.77,264707
2024-01-24T05:00:00Z,101.755,101.8,100.7,100.75,158164
2024-01-23T05:00:00Z,101.695,102.12,101.25,101.89,128094
2024-01-22T05:00:00Z,101.735,101.795,100.095,100.515,278245
2024-01-19T05:00:00Z,100.745,102.18,99.71,101.79,161829
2024-01-18T05:00:00Z,101.095,101.4,100.09,100.945,188677
2024-01-17T05:00:00Z,101.015,101.3,100.25,100.855,216666
2024-01-16T05:00:00Z,103.865,104.2,101.37,101.725,358510
2024-01-12T05:00:00Z,105.71,106.31,104.775,105.065,176538
2024-01-11T05:00:00Z,104.34,106.01,103.73,105.89,252779
2024-01-10T05:00:00Z,102.64,103.82,102.38,103.82,158849
2024-01-09T05:00:00Z,103.28,103.35,102.515,102.73,257393
2024-01-08T05:00:00Z,102.07,103.675,101.75,103.61,215988
2024-01-05T05:00:00Z,102.425,103.67,101.91,102.07,200672
2024-01-04T05:00:00Z,102.485,103.61,102.32,102.34,241009
2024-01-03T05:00:00Z,105.61,105.73,104.01,104.04,275761
2024-01-02T05:00:00Z,107.6,107.8,106.465,106.485,185193
2023-12-29T05:00:00Z,109.11,109.87,108.1,108.54,124552
2023-12-28T05:00:00Z,107.08,109.395,106.82,108.86,171193
2023-12-27T05:00:00Z,108.35,108.535,106.855,107.13,208158
2023-12-26T05:00:00Z,108.27,108.595,107.495,108.01,208193
2023-12-22T05:00:00Z,108.365,110.8,107.475,108.02,1160013
2023-12-21T05:00:00Z,122.355,123.275,121.31,122.46,424866
2023-12-20T05:00:00Z,121.27,123.38,121.055,121.43,186853
2023-12-19T05:00:00Z,121.695,123.24,121.695,122.645,227920
2023-12-18T05:00:00Z,121.13,121.82,120.88,121.125,209450
2023-12-15T05:00:00Z,121.02,122.05,120.76,121.46,122875
2023-12-14T05:00:00Z,121.34,122.56,119.94,121,222901
2023-12-13T05:00:00Z,119.55,121.43,119.255,121.135,219394
2023-12-12T05:00:00Z,119.53,119.975,118.59,119.63,196765
2023-12-11T05:00:00Z,117.73,119.42,117.46,118.62,164092
2023-12-08T05:00:00Z,114.78,116.27,114.52,115.9,142010
2023-12-07T05:00:00Z,114.28,116,114.235,114.82,187430
2023-12-06T05:00:00Z,116.08,117.12,115.6,116.18,180618
2023-12-05T05:00:00Z,114.745,116.02,114.64,115.41,133697
2023-12-04T05:00:00Z,113.395,115.31,113.3,115.11,263768
2023-12-01T05:00:00Z,110.39,113.535,109.75,113.46,199015
2023-11-30T05:00:00Z,110.46,110.5,109.02,110.23,160359
2023-11-29T05:00:00Z,110.81,112.125,110.155,110.38,281531
2023-11-28T05:00:00Z,108.47,109.87,108.19,108.68,156443
2023-11-27T05:00:00Z,107.67,108.2,106.91,107.995,119301
2023-11-24T05:00:00Z,107.56,107.88,107.42,107.68,43585
2023-11-22T05:00:00Z,107.285,108.015,106.9,107.88,238641
2023-11-21T05:00:00Z,106.14,106.7,105.395,106.565,210770
2023-11-20T05:00:00Z,106.04,106.525,105.115,106.34,168206
2023-11-17T05:00:00Z,108.12,108.12,105.53,105.95,152123
2023-11-16T05:00:00Z,107.05,107.99,107.01,107.63,219073
2023-11-15T05:00:00Z,106.86,109.025,106.73,107.835,331843
2023-11-14T05:00:00Z,105.56,107.025,105.43,105.74,257684
2023-11-13T05:00:00Z,105.37,105.675,104.19,104.195,270583
2023-11-10T05:00:00Z,107.47,107.81,105.62,106.05,275194
2023-11-09T05:00:00Z,109.85,109.87,106.92,107.04,264042
2023-11-08T05:00:00Z,109.32,110.67,108.935,109.325,246316
2023-11-07T05:00:00Z,107.41,109.355,107.41,109.355,174042
2023-11-06T05:00:00Z,107.16,107.515,106.43,107.23,74177
2023-11-03T04:00:00Z,106.61,107.61,106.07,107.06,133503
2023-11-02T04:00:00Z,102.175,105.48,101.935,105.07,165274
2023-11-01T04:00:00Z,102.515,102.64,100,100.9,183935
2023-10-31T04:00:00Z,101.605,102.93,101.605,102.78,162152
2023-10-30T04:00:00Z,99.175,102.03,99,101.82,257772
2023-10-27T04:00:00Z,99.78,100.27,97.82,98.01,316327
2023-10-26T04:00:00Z,102.535,102.535,99.98,99.98,319633
2023-10-25T04:00:00Z,104.65,105.035,103.495,103.505,278455
2023-10-24T04:00:00Z,103.73,105.63,103.73,105.265,359074
2023-10-23T04:00:00Z,102.15,103.745,101.85,102.82,149996
2023-10-20T04:00:00Z,103.38,103.75,102.58,102.63,192110
2023-10-19T04:00:00Z,103.825,104.34,102.855,103.09,352566
2023-10-18T04:00:00Z,103.285,103.895,102.96,103.855,230239
2023-10-17T04:00:00Z,102.07,103.57,102.07,103,274396
2023-10-16T04:00:00Z,99.88,102.56,99.85,102.02,252276
2023-10-13T04:00:00Z,99.625,100.83,99.52,99.91,293468
2023-10-12T04:00:00Z,99.435,100.045,98.53,99.24,299268
2023-10-11T04:00:00Z,98.36,98.94,98.04,98.65,327791
2023-10-10T04:00:00Z,97.37,98.85,97.29,97.62,236462
2023-10-09T04:00:00Z,96.88,97.1,95.96,96.88,162792
2023-10-06T04:00:00Z,95.8,97.7,95.07,97.1,207637
2023-10-05T04:00:00Z,95.8,96.22,95.29,95.79,294235
2023-10-04T04:00:00Z,95.815,96.255,95.14,95.86,233584
2023-10-03T04:00:00Z,94.19,96.04,94.19,95.09,338491
2023-10-02T04:00:00Z,96.15,96.34,93.745,94.48,322453
2023-09-29T04:00:00Z,99.115,99.41,94.65,95.655,867467
2023-09-28T04:00:00Z,89.08,89.77,88.69,89.63,443224
2023-09-27T04:00:00Z,90.58,90.7,89.21,89.425,203907
2023-09-26T04:00:00Z,90.035,90.68,89.84,90.17,204037
2023-09-25T04:00:00Z,89.93,90.8,89.86,90.54,170355
2023-09-22T04:00:00Z,91.595,92.29,90.59,90.86,212055
2023-09-21T04:00:00Z,93.45,93.45,91.515,91.605,147297
2023-09-20T04:00:00Z,94.34,95.38,93.865,94.06,214015
2023-09-19T04:00:00Z,95.02,95.455,94.425,94.615,245628
2023-09-18T04:00:00Z,95.99,96.35,95.28,95.52,197045
2023-09-15T04:00:00Z,98.15,98.15,96.13,96.31,85123
2023-09-14T04:00:00Z,96.8,97.65,95.915,97.19,174103
2023-09-13T04:00:00Z,96.1,97.185,95.66,96.1,187132
2023-09-12T04:00:00Z,97.11,97.125,96.2,96.32,145148
2023-09-11T04:00:00Z,98.35,98.37,96.59,96.76,362168
2023-09-08T04:00:00Z,98.08,98.08,97.285,97.72,95895
2023-09-07T04:00:00Z,98.42,98.71,97.66,97.93,209577
2023-09-06T04:00:00Z,99.73,100.295,99.03,100.22,142368
2023-09-05T04:00:00Z,101.58,101.74,100.235,100.31,108999
2023-09-01T04:00:00Z,101.93,102.94,101.6,102.33,128721
2023-08-31T04:00:00Z,102.65,102.83,101.61,101.71,146131
2023-08-30T04:00:00Z,101.85,102.78,101.555,102.09,149543
2023-08-29T04:00:00Z,100.09,102.155,99.73,101.77,324487
2023-08-28T04:00:00Z,99.725,100.01,98.865,99.625,166473
2023-08-25T04:00:00Z,98.47,99.045,97.88,98.8,148721
2023-08-24T04:00:00Z,98.86,99.18,97.56,97.65,268747
2023-08-23T04:00:00Z,97.155,99.12,96.55,98.74,903280
2023-08-22T04:00:00Z,101.09,102.35,100.74,101.49,300324
2023-08-21T04:00:00Z,105.33,105.395,102.675,102.87,178796
2023-08-18T04:00:00Z,103.8,104.99,103.78,104.83,128136
2023-08-17T04:00:00Z,107.8,107.8,104.83,105.05,86571
2023-08-16T04:00:00Z,106.5,108.35,106.5,106.54,124637
2023-08-15T04:00:00Z,106.12,106.81,105.66,106.57,166779
2023-08-14T04:00:00Z,107.88,108.29,107.07,107.595,163682
2023-08-11T04:00:00Z,108.85,109.47,107.865,108.095,106176
2023-08-10T04:00:00Z,110.54,111.94,108.55,109.035,157556
2023-08-09T04:00:00Z,109.83,110.005,108.32,109.69,178641
2023-08-08T04:00:00Z,109.655,109.72,107.36,109.705,101072
2023-08-07T04:00:00Z,109.76,110.88,109.3,110.51,75261
2023-08-04T04:00:00Z,108.75,110.305,108.28,108.78,127472
2023-08-03T04:00:00Z,107.05,109.085,106.8,108.64,193111
2023-08-02T04:00:00Z,108.33,108.465,107.45,107.45,141291
2023-08-01T04:00:00Z,110.14,110.31,109.2,109.41,99012
2023-07-31T04:00:00Z,109.385,110.85,109.09,110.43,127377
2023-07-28T04:00:00Z,108.085,108.87,107.635,108.63,127780
2023-07-27T04:00:00Z,109.85,110.075,107.415,107.68,122733
2023-07-26T04:00:00Z,108.16,109.57,107.96,109.3,142680
2023-07-25T04:00:00Z,108.33,108.83,107.42,108.29,305639
2023-07-24T04:00:00Z,110.335,110.5,108.52,108.78,194373
2023-07-21T04:00:00Z,107.81,109.26,107.54,109.11,220820
2023-07-20T04:00:00Z,109.555,109.99,107.48,107.5,172814
2023-07-19T04:00:00Z,109.06,110.24,108.6,109.89,136292
2023-07-18T04:00:00Z,108.58,110.3,108.4,109.73,134367
2023-07-17T04:00:00Z,107.535,109.08,106.86,108.715,118747
2023-07-14T04:00:00Z,107.91,108.63,107.19,107.93,142339
2023-07-13T04:00:00Z,109,109.05,107.695,107.82,110770
2023-07-12T04:00:00Z,108.28,109.01,107.235,107.71,253943
2023-07-11T04:00:00Z,105.845,107.565,105.72,107.38,138492
2023-07-10T04:00:00Z,104.47,106.28,104.29,105.77,135876
2023-07-07T04:00:00Z,104.77,105.47,104.06,104.47,249728
2023-07-06T04:00:00Z,105.28,106.07,103.68,105.1,278505
2023-07-05T04:00:00Z,108.465,108.87,106.54,107.11,326421
2023-07-03T04:00:00Z,110.83,111.16,109.12,109.12,142443
2023-06-30T04:00:00Z,112,112.2,109.95,110.38,691304
2023-06-29T04:00:00Z,113.47,114.25,112.62,113.36,309378
2023-06-28T04:00:00Z,113.49,113.74,112.14,113.02,295165
2023-06-27T04:00:00Z,112.7,114.17,112.46,113.615,197738
2023-06-26T04:00:00Z,109.67,112.17,109.67,111.73,222220
2023-06-23T04:00:00Z,107.59,110.26,107.39,109.52,239225
2023-06-22T04:00:00Z,110.705,111.24,109.78,110.43,305003
2023-06-21T04:00:00Z,109.135,110.35,108.72,109.99,223787
2023-06-20T04:00:00Z,111.34,112.77,108.975,109.57,272569
2023-06-16T04:00:00Z,113.85,114.74,113.19,113.585,207071
2023-06-15T04:00:00Z,111.72,112.815,110.17,112.34,239118
2023-06-14T04:00:00Z,107.865,113.4,107.75,112.82,401845
2023-06-13T04:00:00Z,107.36,107.425,106.305,106.7,239163
2023-06-12T04:00:00Z,106.32,106.84,104.61,106.81,282935
2023-06-09T04:00:00Z,105.99,106.28,105.36,105.85,161452
2023-06-08T04:00:00Z,107.2,107.52,105.685,106.205,190542
2023-06-07T04:00:00Z,106.03,108.23,105.46,107.075,356454
2023-06-06T04:00:00Z,105.595,106.74,105.22,106.17,270754
2023-06-05T04:00:00Z,107.63,107.78,105.19,105.21,221762
2023-06-02T04:00:00Z,107.26,108.415,106.17,107.78,379354
2023-06-01T04:00:00Z,104.09,104.56,102.98,103.625,545486
2023-05-31T04:00:00Z,105.685,106.12,104.95,105.38,345372
2023-05-30T04:00:00Z,108.385,108.88,106.3,106.55,418820
2023-05-26T04:00:00Z,107.09,108.44,107.09,107.51,320430
2023-05-25T04:00:00Z,108.33,108.95,107.43,107.48,170119
2023-05-24T04:00:00Z,108.97,108.97,107.265,108.28,435190
2023-05-23T04:00:00Z,109.61,111,108.2,108.78,379009
2023-05-22T04:00:00Z,112.835,112.835,110.03,110.2,502858
2023-05-19T04:00:00Z,114.75,115.48,113.12,114.77,371418
2023-05-18T04:00:00Z,117.49,119.145,116.88,118.87,280559
2023-05-17T04:00:00Z,116.43,117.11,115.265,116.99,270472
2023-05-16T04:00:00Z,117.47,117.76,116.12,116.5,313880
2023-05-15T04:00:00Z,119.93,119.95,118.01,119.8,230487
2023-05-12T04:00:00Z,120.75,121.195,119.04,120.22,325530
2023-05-11T04:00:00Z,123.695,123.74,121.905,122.21,184678
2023-05-10T04:00:00Z,126.25,126.285,122.185,123.505,191716
2023-05-09T04:00:00Z,125.46,125.65,124.18,125.09,124795
2023-05-08T04:00:00Z,127.55,127.605,126.01,126.87,67053
2023-05-05T04:00:00Z,126.29,127.025,125.25,126.515,163247
2023-05-04T04:00:00Z,125.075,125.075,122.86,123.62,213101
2023-05-03T04:00:00Z,125.5,128.28,123.705,126.73,169703
2023-05-02T04:00:00Z,126.99,127.565,125.21,127.28,123921
2023-05-01T04:00:00Z,127.115,128.68,127.115,127.91,94434
2023-04-28T04:00:00Z,125.105,126.99,125.03,126.7,104519
2023-04-27T04:00:00Z,124.24,125.99,123.17,125.67,89639
2023-04-26T04:00:00Z,124.23,124.91,123.33,123.87,122042
2023-04-25T04:00:00Z,126.69,126.73,124.055,124.67,173514
2023-04-24T04:00:00Z,125.9,127.125,125.145,127.09,122198
2023-04-21T04:00:00Z,124.4,125.675,123.625,125.54,119729
2023-04-20T04:00:00Z,124.84,125.315,123.73,124.45,250658
2023-04-19T04:00:00Z,125.835,126.075,125.03,125.7,139080
2023-04-18T04:00:00Z,127.165,127.165,125.05,126.2,141852
2023-04-17T04:00:00Z,126.05,126.46,125.15,126.175,79664
2023-04-14T04:00:00Z,126.99,127.45,125.495,125.94,259924
2023-04-13T04:00:00Z,124.65,126.67,124.52,126.41,153563
2023-04-12T04:00:00Z,124.43,124.82,123.25,123.65,119828
2023-04-11T04:00:00Z,122.11,124.07,122.11,123.31,127947
2023-04-10T04:00:00Z,119.52,121.91,119.32,121.91,93963
2023-04-06T04:00:00Z,119.54,120.48,117.88,120.21,145058
2023-04-05T04:00:00Z,123.16,123.24,120.56,120.9,97892
2023-04-04T04:00:00Z,121.49,123.945,121.47,123.7,219675
2023-04-03T04:00:00Z,122.69,122.83,120.83,121.63,152922
2023-03-31T04:00:00Z,120.77,122.69,120.77,122.575,112405
2023-03-30T04:00:00Z,121.29,121.44,119.39,120.08,191260
2023-03-29T04:00:00Z,118.77,120.56,118.52,120.48,163325
2023-03-28T04:00:00Z,118.01,118.25,116.855,117.88,175556
2023-03-27T04:00:00Z,121.07,121.07,117.635,117.8,178097
2023-03-24T04:00:00Z,120.315,120.95,119.315,120.705,200872
2023-03-23T04:00:00Z,120.46,123.26,119.47,121.02,213237
2023-03-22T04:00:00Z,123.76,125.18,119.34,119.55,516673
2023-03-21T04:00:00Z,123.63,126.06,122.98,125.565,339282
2023-03-20T04:00:00Z,121.09,122.67,119.89,121.15,207191
2023-03-17T04:00:00Z,121.01,121.56,118.675,120.345,212508
2023-03-16T04:00:00Z,116.9,120.81,116.635,120.63,172514
2023-03-15T04:00:00Z,116.36,118.625,115.84,118.19,181548
2023-03-14T04:00:00Z,119.135,119.47,117.31,118.94,204811
2023-03-13T04:00:00Z,115.915,118.205,115.87,116.875,220310
2023-03-10T05:00:00Z,118.73,118.93,116.65,117.47,235090
2023-03-09T05:00:00Z,120.09,121.84,117.65,117.95,211295
2023-03-08T05:00:00Z,119.39,120.005,118.75,119.86,138124
2023-03-07T05:00:00Z,120.05,120.98,119.245,119.58,126403
2023-03-06T05:00:00Z,121.225,121.98,119.99,120.17,208689
2023-03-03T05:00:00Z,120.08,121.03,119.175,120.94,97780
2023-03-02T05:00:00Z,117.55,119.95,117.55,119.57,102263
2023-03-01T05:00:00Z,118.48,119.76,117.845,118.58,132794
2023-02-28T05:00:00Z,118.72,120.355,117.92,118.7,215995
2023-02-27T05:00:00Z,119.465,119.775,118.32,118.54,208620
2023-02-24T05:00:00Z,117.96,118.69,117.35,118.01,133026
2023-02-23T05:00:00Z,120.37,120.53,118.61,119.98,120173
2023-02-22T05:00:00Z,121.165,121.32,119.645,119.915,115484
2023-02-21T05:00:00Z,123.19,123.93,120.99,121.1,113427
2023-02-17T05:00:00Z,123.435,124.88,123.435,124.8,247529
2023-02-16T05:00:00Z,125.735,127.175,124.13,124.38,165477
2023-02-15T05:00:00Z,125.105,127.48,125.1,127.38,161221
2023-02-14T05:00:00Z,124.21,126.335,123.89,126.18,144087
2023-02-13T05:00:00Z,122.91,125.69,122.62,125.12,249886
2023-02-10T05:00:00Z,121.42,122.6,120.645,122.205,132357
2023-02-09T05:00:00Z,124.75,124.95,121.5,122.21,148346
2023-02-08T05:00:00Z,123.51,124.06,121.81,122.9,200498
2023-02-07T05:00:00Z,124.08,125.91,123.31,125.32,121297
2023-02-06T05:00:00Z,125.54,126.06,124.33,125.79,116129
2023-02-03T05:00:00Z,126.72,129.41,126.53,127.61,135637
2023-02-02T05:00:00Z,130.52,131.12,127.94,129.04,201063
2023-02-01T05:00:00Z,127.79,130.195,126.245,129.53,216330
2023-01-31T05:00:00Z,126.65,127.845,126.04,127.33,157315
2023-01-30T05:00:00Z,126.5,127.45,126.235,126.39,183230
2023-01-27T05:00:00Z,127.04,128.57,126.77,127.52,188904
2023-01-26T05:00:00Z,128.36,128.94,126.02,127.48,207147
2023-01-25T05:00:00Z,125.79,127.01,124.86,126.8,382517
2023-01-24T05:00:00Z,117.98,128.005,117.98,126.79,200038
2023-01-23T05:00:00Z,127.05,128.74,126.545,128.29,201427
2023-01-20T05:00:00Z,124.2,126.64,124.14,126.61,147901
2023-01-19T05:00:00Z,124.76,125.43,123.615,124.53,190665
2023-01-18T05:00:00Z,127.92,128.555,126.01,126.45,164802
2023-01-17T05:00:00Z,127.9,129.04,127.835,128.12,226090
2023-01-13T05:00:00Z,127.04,129.2,126.835,128.86,260830
2023-01-12T05:00:00Z,128.31,128.32,126.51,127.93,311014
2023-01-11T05:00:00Z,126.28,128.24,126.07,127.92,222829
2023-01-10T05:00:00Z,124.995,126.25,124.89,125.79,159898
2023-01-09T05:00:00Z,124.99,126.6,124.58,124.86,361056
2023-01-06T05:00:00Z,121.99,125.35,121.77,124.51,454155
2023-01-05T05:00:00Z,120.32,122.32,120.12,120.6,185235
2023-01-04T05:00:00Z,120.05,122.2,119.64,121.2,209229
2023-01-03T05:00:00Z,118.77,119.48,117.47,118.74,269275
2022-12-30T05:00:00Z,116.44,117.24,115.805,117.01,126833
2022-12-29T05:00:00Z,115.8,118.04,115.8,117.33,146956
2022-12-28T05:00:00Z,117.5,118.17,114.96,114.96,122176
2022-12-27T05:00:00Z,116.385,118.195,115.91,117.56,138857
2022-12-23T05:00:00Z,116.205,117.16,115.78,116.215,149151
2022-12-22T05:00:00Z,114.25,116.81,114.13,116.71,594667
2022-12-21T05:00:00Z,116.97,119.14,115.375,115.77,933946
2022-12-20T05:00:00Z,102.975,103.395,101.73,103.23,360615
2022-12-19T05:00:00Z,105.24,105.47,102.45,103.03,371205
2022-12-16T05:00:00Z,106.57,107.52,105.13,105.86,284075
2022-12-15T05:00:00Z,109.14,109.43,107.765,108.52,195433
2022-12-14T05:00:00Z,113.78,113.93,110.31,111.435,245781
2022-12-13T05:00:00Z,115.605,116.43,111.275,112.9,300654
2022-12-12T05:00:00Z,110.095,112.1,109.785,112.06,186838
2022-12-09T05:00:00Z,110.27,111.37,109.31,109.44,226461
2022-12-08T05:00:00Z,108.69,111.48,108.6,111.36,221116
2022-12-07T05:00:00Z,107.415,109.06,107.19,108.35,268842
2022-12-06T05:00:00Z,109.65,110.5,106.75,107.96,242862
2022-12-05T05:00:00Z,110.52,111.05,109.205,109.55,299468
2022-12-02T05:00:00Z,108.34,112.71,108.34,112.18,204373
2022-12-01T05:00:00Z,110.16,111.855,109.56,111.16,316877
2022-11-30T05:00:00Z,107.08,109.64,105.46,109.625,352864
2022-11-29T05:00:00Z,105.29,106.805,105.26,106.22,202323
2022-11-28T05:00:00Z,105.32,106.28,104.73,104.97,170317
2022-11-25T05:00:00Z,106.55,107.17,105.57,105.91,116497
2022-11-23T05:00:00Z,106.015,106.955,105.37,106.69,173493
2022-11-22T05:00:00Z,104.535,106.14,103.865,105.96,196760
2022-11-21T05:00:00Z,104.5,105.44,103.66,103.84,200082
2022-11-18T05:00:00Z,107.565,107.565,104.21,105.49,242063
2022-11-17T05:00:00Z,104.06,105.37,102.92,105.37,226159
2022-11-16T05:00:00Z,105.36,106.56,104.855,105.24,282921
2022-11-15T05:00:00Z,107.78,109.24,105.56,106.71,307342
2022-11-14T05:00:00Z,105.325,106.42,104.34,104.42,226074
2022-11-11T05:00:00Z,100.22,107.2,100.22,106.1,505364
2022-11-10T05:00:00Z,96.72,99.66,96.4,99.46,374917
2022-11-09T05:00:00Z,92.53,93.86,91.98,92.12,313681
2022-11-08T05:00:00Z,94.38,96.02,92.95,93.78,312166
2022-11-07T05:00:00Z,96.46,96.85,92.685,93.43,239506
2022-11-04T04:00:00Z,94.45,98.215,93.975,95.83,446682
2022-11-03T04:00:00Z,89.82,91.61,88.745,90.36,209303
2022-11-02T04:00:00Z,93.03,94.43,90.2,90.27,322531
2022-11-01T04:00:00Z,95.62,96.44,92.97,93.75,308541
2022-10-31T04:00:00Z,93.1,93.87,92.7,92.78,407712
2022-10-28T04:00:00Z,90.79,93.875,90.48,93.83,181586
2022-10-27T04:00:00Z,92.93,93.46,90.22,90.52,344060
2022-10-26T04:00:00Z,90.82,94.35,90.8,92.45,362302
2022-10-25T04:00:00Z,88.37,91.9,88.29,91.73,361242
2022-10-24T04:00:00Z,88.05,88.83,86.27,88.03,322931
2022-10-21T04:00:00Z,87,88.775,86.73,88.56,320390
2022-10-20T04:00:00Z,89,90.56,86.61,86.88,440486
2022-10-19T04:00:00Z,88.17,89.7,87.8,88.59,201564
2022-10-18T04:00:00Z,92.725,92.85,89.155,89.71,274291
2022-10-17T04:00:00Z,89.465,90.68,88.77,90.06,259646
2022-10-14T04:00:00Z,90.48,90.78,87.5,87.6,341986
2022-10-13T04:00:00Z,86.335,89.81,86.145,89.57,480550
2022-10-12T04:00:00Z,87.98,88.83,87.31,88.54,314415
2022-10-11T04:00:00Z,86.14,88.25,85.795,88,598211
2022-10-10T04:00:00Z,87.6,87.72,85.08,86.65,305753
2022-10-07T04:00:00Z,88.33,88.67,86.69,87.15,331786
2022-10-06T04:00:00Z,90.905,92.54,89.86,90.18,342362
2022-10-05T04:00:00Z,87.4,91.65,87.4,91.1,469000
2022-10-04T04:00:00Z,87.74,89.06,87.16,88.64,621832
2022-10-03T04:00:00Z,83.13,86.45,82.25,85.39,651383
2022-09-30T04:00:00Z,83.3,86.2,82.5,83.12,1778415
2022-09-29T04:00:00Z,97.785,97.785,94.49,95.34,663054
2022-09-28T04:00:00Z,97.1,99.41,96.93,98.69,493468
2022-09-27T04:00:00Z,97.03,97.68,95,96.29,367348
2022-09-26T04:00:00Z,96.04,97.65,95.725,96.13,536994
2022-09-23T04:00:00Z,96.76,97.35,95.35,97.05,397659
2022-09-22T04:00:00Z,99.955,100.115,97.88,98.6,440211
2022-09-21T04:00:00Z,102.75,103.52,99.77,99.77,288516
2022-09-20T04:00:00Z,103.88,104.43,101.72,102.41,421533
2022-09-19T04:00:00Z,103.65,107.335,103.57,107.21,236238
2022-09-16T04:00:00Z,103.79,105.29,103.25,104.135,239777
2022-09-15T04:00:00Z,106.41,108.12,104.85,105.53,198598
2022-09-14T04:00:00Z,106,107.335,105.265,107.03,149464
2022-09-13T04:00:00Z,108.74,108.74,105.44,105.69,237129
2022-09-12T04:00:00Z,111.55,113.32,111.49,112.4,194538
2022-09-09T04:00:00Z,109.38,111.665,109.355,110.96,283019
2022-09-08T04:00:00Z,106.87,108.79,106.22,108.73,165693
2022-09-07T04:00:00Z,105.105,108.52,105.105,108.49,220328
2022-09-06T04:00:00Z,105.46,106.37,103.69,105.25,410907
2022-09-02T04:00:00Z,107.44,108.15,105.07,105.745,182463
2022-09-01T04:00:00Z,105.69,106.55,103.86,106.5,207845
2022-08-31T04:00:00Z,108,108,105.83,106.46,285509
2022-08-30T04:00:00Z,108.97,110,107.13,107.87,183400
2022-08-29T04:00:00Z,106.67,108.54,106.46,107.89,227077
2022-08-26T04:00:00Z,113.62,113.7,108.24,108.3,234633
2022-08-25T04:00:00Z,111.49,113.255,111.455,113.22,210695
2022-08-24T04:00:00Z,110.755,112.38,110.07,111.38,292163
2022-08-23T04:00:00Z,110.895,112.83,110.57,110.69,222372
2022-08-22T04:00:00Z,110.95,111.64,109.865,110.37,179464
2022-08-19T04:00:00Z,115.495,115.59,113.05,113.16,179227
2022-08-18T04:00:00Z,116.15,116.64,115.35,116.01,149117
2022-08-17T04:00:00Z,116.79,117.92,116.42,117.04,218850
2022-08-16T04:00:00Z,116.105,118.46,115.98,118.08,302704
2022-08-15T04:00:00Z,115.54,116.58,114.87,116.31,161491
2022-08-12T04:00:00Z,114.51,116.125,113.78,116.07,182676
2022-08-11T04:00:00Z,114.98,116.72,113.78,114.09,346501
2022-08-10T04:00:00Z,112.97,113.82,111.915,113.1,334424
2022-08-09T04:00:00Z,111.29,111.6,108.85,110.11,446791
2022-08-08T04:00:00Z,114.2,115.565,113.35,114.01,261010
2022-08-05T04:00:00Z,112.72,114.3,112.62,113.85,157498
2022-08-04T04:00:00Z,114.6,115.31,113.87,114.46,125600
2022-08-03T04:00:00Z,113.45,115.1,112.58,114.25,241278
2022-08-02T04:00:00Z,113.53,113.53,111.7,111.77,320146
2022-08-01T04:00:00Z,114.065,115.545,113.34,114.26,170270
2022-07-29T04:00:00Z,112.95,115.2,111.51,114.95,359114
2022-07-28T04:00:00Z,109.55,112.37,108.04,112.18,385494
2022-07-27T04:00:00Z,106.68,108.38,105.76,107.86,274874
2022-07-26T04:00:00Z,107.37,107.71,104.58,105.19,318197
2022-07-25T04:00:00Z,109.5,109.5,107.765,109.28,227555
2022-07-22T04:00:00Z,111.88,111.88,108.76,109.12,238313
2022-07-21T04:00:00Z,110.64,111.655,110.105,111.63,177403
2022-07-20T04:00:00Z,109.27,111.63,108.88,111.095,239475
2022-07-19T04:00:00Z,105.64,109.56,105.515,109.14,307412
2022-07-18T04:00:00Z,106.1,106.645,103.7,103.92,331212
2022-07-15T04:00:00Z,104.74,105.6,103.95,104.64,288526
2022-07-14T04:00:00Z,103.71,103.77,101.87,103.22,287977
2022-07-13T04:00:00Z,101.83,105.87,101.56,105.1,205598
2022-07-12T04:00:00Z,105.275,105.82,103.17,103.83,340342
2022-07-11T04:00:00Z,106.685,106.99,104.88,105.13,159323
2022-07-08T04:00:00Z,106.99,108.61,106.535,107.92,516380
2022-07-07T04:00:00Z,105.56,108.26,105.31,108.13,349487
2022-07-06T04:00:00Z,104.95,105.69,103.48,104.23,279574
2022-07-05T04:00:00Z,100.45,104.38,100.22,104.35,439227
2022-07-01T04:00:00Z,101.705,102.485,99.56,101.19,347783
2022-06-30T04:00:00Z,101.935,103.36,100.82,102.27,348228
2022-06-29T04:00:00Z,103.02,105.565,101.66,103.27,531332
2022-06-28T04:00:00Z,107.8,113.95,102.76,102.81,1132856
2022-06-27T04:00:00Z,112.36,113.2,109.88,110.49,517777
2022-06-24T04:00:00Z,109.935,112.94,109.67,112.905,473917
2022-06-23T04:00:00Z,105.34,108.09,104.45,108,435045
2022-06-22T04:00:00Z,105.455,106.89,104.65,104.86,490412
2022-06-21T04:00:00Z,108.61,109.815,108.17,108.68,243718
2022-06-17T04:00:00Z,106.455,108.55,105.86,107.39,351888
2022-06-16T04:00:00Z,109.36,109.85,105.74,107.31,390795
2022-06-15T04:00:00Z,111.93,114.69,111.21,113.39,256306
2022-06-14T04:00:00Z,110.825,111.84,110.01,110.77,179552
2022-06-13T04:00:00Z,110.5,111.92,109.235,110.47,270797
2022-06-10T04:00:00Z,116.51,116.87,114.3,114.73,213135
2022-06-09T04:00:00Z,121.64,121.72,118.59,118.59,151231
2022-06-08T04:00:00Z,120.615,123.77,120.615,122.36,156440
2022-06-07T04:00:00Z,118.725,121.96,118.46,121.64,172471
2022-06-06T04:00:00Z,121.39,122.13,119.49,120.31,101256
2022-06-03T04:00:00Z,120.69,122.51,120.69,120.94,214419
2022-06-02T04:00:00Z,119.565,123.58,119.52,123.36,269569
2022-06-01T04:00:00Z,119.82,120.68,117.7,118.69,243928
2022-05-31T04:00:00Z,117.54,119.78,114.48,118.955,520721
2022-05-27T04:00:00Z,114.85,116.01,114.02,116.01,230217
2022-05-26T04:00:00Z,110.33,113.44,110.25,112.97,262502
2022-05-25T04:00:00Z,103.64,108.8,103.47,108.19,263761
2022-05-24T04:00:00Z,107.06,107.87,104.75,107.3,423141
2022-05-23T04:00:00Z,107.52,108.73,105.91,108.61,246608
2022-05-20T04:00:00Z,108.605,109.68,105.1,108,283769
2022-05-19T04:00:00Z,108.96,109.06,106.3,106.42,353787
2022-05-18T04:00:00Z,112.745,113.35,108.8,109.45,410433
2022-05-17T04:00:00Z,115.64,117.06,113.07,115.9,292811
2022-05-16T04:00:00Z,112.9,113.41,111.595,112.71,316289
2022-05-13T04:00:00Z,110.375,113.095,108.735,113.09,258935
2022-05-12T04:00:00Z,105.6,109.81,105.04,107.97,740260
2022-05-11T04:00:00Z,110.72,110.98,107.63,107.92,382797
2022-05-10T04:00:00Z,113.06,113.26,108.39,109.53,310478
2022-05-09T04:00:00Z,112.91,114.37,110.6,111.235,406676
2022-05-06T04:00:00Z,114.18,115.84,110.705,114.5,599400
2022-05-05T04:00:00Z,124.61,124.68,116.53,118.64,478477
2022-05-04T04:00:00Z,122.39,126.155,120.12,126,297402
2022-05-03T04:00:00Z,125.385,125.395,120.22,122.91,387369
2022-05-02T04:00:00Z,124.76,126.17,122.82,126.16,275897
2022-04-29T04:00:00Z,125.94,128.425,124.28,124.71,277072
2022-04-28T04:00:00Z,122.94,127.93,122.64,127.06,425811
2022-04-27T04:00:00Z,121.65,123.97,121.11,121.23,316497
2022-04-26T04:00:00Z,127.05,127.54,120.49,120.49,302835
2022-04-25T04:00:00Z,127.76,128.77,124.89,127.94,265436
2022-04-22T04:00:00Z,134.385,134.89,128.75,129.08,281867
2022-04-21T04:00:00Z,138.53,139.07,135.09,135.58,267112
2022-04-20T04:00:00Z,138.34,138.64,135.675,135.87,230353
2022-04-19T04:00:00Z,133.155,137.48,133.15,137.07,238898
2022-04-18T04:00:00Z,132.19,133.37,130.32,131.56,195302
2022-04-14T04:00:00Z,129.29,134.34,129.1,133.49,560220
2022-04-13T04:00:00Z,125.11,127.85,125.11,127.47,204737
2022-04-12T04:00:00Z,125.24,128.08,124.35,125.04,293328
2022-04-11T04:00:00Z,125.08,126.835,124.32,125.02,236242
2022-04-08T04:00:00Z,129.52,129.89,127.91,128.175,213871
2022-04-07T04:00:00Z,127.435,129.95,127.1,129.35,194482
2022-04-06T04:00:00Z,130.29,130.29,126.355,128.36,309484
2022-04-05T04:00:00Z,134.03,134.65,132.02,132.29,191937
2022-04-04T04:00:00Z,133.195,135.16,132.97,134.36,179805
2022-04-01T04:00:00Z,134.71,135.19,132.75,133.53,292475
2022-03-31T04:00:00Z,137.93,138.53,134.525,134.54,251454
2022-03-30T04:00:00Z,138.8,139.775,137.58,138.52,262985
2022-03-29T04:00:00Z,137.74,139.73,137,139.015,399944
2022-03-28T04:00:00Z,134.28,134.86,132.225,134.79,379010
2022-03-25T04:00:00Z,133.05,133.775,131.76,133.7,239125
2022-03-24T04:00:00Z,133.78,134.13,131.22,132.11,228176
2022-03-23T04:00:00Z,132.4,135.4,131.21,133,363096
2022-03-22T04:00:00Z,137.11,138.97,132.99,133.11,756890
2022-03-21T04:00:00Z,129.66,132.26,128.65,130.015,482765
2022-03-18T04:00:00Z,127.1,131.45,126.74,131.22,368722
2022-03-17T04:00:00Z,124.95,127.39,123.7,127.38,218338
2022-03-16T04:00:00Z,122.905,126.065,121.99,125.17,392565
2022-03-15T04:00:00Z,119.84,120.37,117.78,119.53,347596
2022-03-14T04:00:00Z,121.03,122.42,116.82,117.53,542883
2022-03-11T05:00:00Z,127.16,127.82,122.515,122.64,204842
2022-03-10T05:00:00Z,124.76,126.59,124.04,126.01,333723
2022-03-09T05:00:00Z,127.625,129.62,126.65,126.875,430309
2022-03-07T05:00:00Z,130.92,131,124.19,124.45,506582
2022-03-04T05:00:00Z,132.53,133.58,130.73,131.19,286536
2022-03-03T05:00:00Z,136.8,136.8,133.465,133.99,192333
2022-03-02T05:00:00Z,132.925,136.59,132.85,135.73,260279
2022-03-01T05:00:00Z,136.515,136.67,131.21,132.22,343674
2022-02-28T05:00:00Z,137.02,138.32,135.05,136.49,236512
2022-02-25T05:00:00Z,137.84,139.19,136.19,138.74,281550
2022-02-24T05:00:00Z,131.74,137.42,131.72,137.16,421041
2022-02-23T05:00:00Z,139.58,140.88,136.52,136.795,266668
2022-02-22T05:00:00Z,141.45,141.49,136.21,138.21,284252
2022-02-18T05:00:00Z,143.58,143.83,141.82,142.91,259709
2022-02-17T05:00:00Z,145.73,146.77,142.65,142.79,183391
2022-02-16T05:00:00Z,145.11,146.93,144.68,146.44,166635
2022-02-15T05:00:00Z,144.25,146.25,144.16,145.54,162603
2022-02-14T05:00:00Z,140.18,143.205,139.8,141.59,250558
2022-02-11T05:00:00Z,144.69,144.97,139.59,140.21,251984
2022-02-10T05:00:00Z,143.96,147.53,143.9,144.81,186405
2022-02-09T05:00:00Z,145.95,147.33,145.67,146.19,130853
2022-02-08T05:00:00Z,144.76,144.99,142.3,143.595,163428
2022-02-07T05:00:00Z,145.34,146.05,144.245,145.14,121971
2022-02-04T05:00:00Z,145.44,146.42,143.66,145.5,139690
2022-02-03T05:00:00Z,147.33,148.435,145,145.125,209337
2022-02-02T05:00:00Z,148.69,149.37,147.55,148.72,336212
2022-02-01T05:00:00Z,149.32,149.49,146.82,148.11,288317
2022-01-31T05:00:00Z,146.3,148.18,145.255,148.03,359683
2022-01-28T05:00:00Z,144.44,145.96,140.69,145.96,241055
2022-01-27T05:00:00Z,145.305,147.32,143.61,144.67,210454
2022-01-26T05:00:00Z,147.9,148.94,142.87,144.07,249678
2022-01-25T05:00:00Z,145.09,147.91,142.53,145.44,365388
2022-01-24T05:00:00Z,140.835,142.13,139.58,141.82,92048
2022-01-21T05:00:00Z,144.26,146.24,142.87,142.9,245537
2022-01-20T05:00:00Z,145.4,147.34,142.51,142.73,168991
2022-01-19T05:00:00Z,147.88,149.065,145.04,145.1,218196
2022-01-18T05:00:00Z,147.94,148.8,146.34,146.99,219656
2022-01-14T05:00:00Z,148.53,148.83,146.96,148.16,220371
2022-01-13T05:00:00Z,153.155,153.52,149.045,149.5,219072
2022-01-12T05:00:00Z,152.2,153.435,150.76,152.125,262703
2022-01-11T05:00:00Z,150.73,150.8,147.68,150.24,387423
2022-01-10T05:00:00Z,150.8,151.295,148.79,150.45,454236
2022-01-07T05:00:00Z,161.09,161.09,156.89,156.925,178770
2022-01-06T05:00:00Z,161.97,163.13,159.06,161.09,168146
2022-01-05T05:00:00Z,166.95,166.95,162.14,162.17,171629
2022-01-04T05:00:00Z,165.755,167.16,165,166.37,198844
2022-01-03T05:00:00Z,167.82,167.91,163.33,164.65,131490
2021-12-31T05:00:00Z,167.425,167.58,166.31,166.68,83481
2021-12-30T05:00:00Z,168.85,170.09,167.2,167.47,105108
2021-12-29T05:00:00Z,166.71,169.735,166.71,168.74,166159
2021-12-28T05:00:00Z,167.69,168.22,166.31,166.37,71940
2021-12-27T05:00:00Z,166.7,167.675,165.55,167.57,155367
2021-12-23T05:00:00Z,166.27,167.13,165.57,165.71,139446
2021-12-22T05:00:00Z,167.33,168.89,164.09,165.4,200143
2021-12-21T05:00:00Z,166.99,170.97,164.72,166.57,469741
2021-12-20T05:00:00Z,159.33,159.46,155.5,156.94,243486
2021-12-17T05:00:00Z,161.62,162.84,160.69,161.33,145474
2021-12-16T05:00:00Z,163.1,165.87,162.535,162.65,209676
2021-12-15T05:00:00Z,165.16,165.66,161.86,163.92,338884
2021-12-14T05:00:00Z,166.4,167.01,164.28,165.38,122661
2021-12-13T05:00:00Z,168.93,169.31,165.265,166.92,154916
2021-12-10T05:00:00Z,168.76,170.17,167.34,169.13,196821
2021-12-09T05:00:00Z,169.63,171.115,168,168.06,203258
2021-12-08T05:00:00Z,171.16,171.735,169.85,170.23,328372
2021-12-07T05:00:00Z,171,173.29,170.41,171.295,232205
2021-12-06T05:00:00Z,171,171.155,168.16,168.94,226431
2021-12-03T05:00:00Z,170.59,172.02,166.825,170.24,260026
2021-12-02T05:00:00Z,167.435,170.54,167,169.995,156630
2021-12-01T05:00:00Z,170.89,173.32,166.71,166.805,213674
2021-11-30T05:00:00Z,168.69,171.48,167.54,169.25,219356
2021-11-29T05:00:00Z,170.18,171.11,169.26,169.84,174753
2021-11-26T05:00:00Z,168.27,169.59,167.58,167.975,249579
2021-11-24T05:00:00Z,168.44,172.42,167.81,172.04,186799
2021-11-23T05:00:00Z,173.07,173.345,170.54,172.12,238430
2021-11-22T05:00:00Z,175,177.74,174.27,174.27,243803
2021-11-19T05:00:00Z,171.78,177.185,170.78,174.88,262458
2021-11-18T05:00:00Z,172.08,173.2,170.365,171.36,175846
2021-11-17T05:00:00Z,171.695,172.67,170.33,171.78,296465
2021-11-16T05:00:00Z,169.38,173.93,169.38,171.82,213737
2021-11-15T05:00:00Z,169.73,170.34,168.54,168.85,105735
2021-11-12T05:00:00Z,167.49,169.66,167.49,169.1,148699
2021-11-11T05:00:00Z,169.5,169.5,166.64,166.94,200168
2021-11-10T05:00:00Z,171.11,172.14,167.55,168.31,287608
2021-11-09T05:00:00Z,171.2,173.925,170.96,173.76,164190
2021-11-08T05:00:00Z,176.35,176.535,170.375,171.88,419073
2021-11-05T04:00:00Z,175.495,179.09,175.495,177.58,159580
2021-11-04T04:00:00Z,172.12,175.59,172.12,175.59,155887
2021-11-03T04:00:00Z,169.02,172.84,168.775,172.46,342027
2021-11-02T04:00:00Z,166.67,168.15,166.43,167.85,198655
2021-11-01T04:00:00Z,167.835,168.69,165.9,166.35,181976
2021-10-29T04:00:00Z,163.275,167.62,163.12,167.25,167171
2021-10-28T04:00:00Z,163,164.59,162.92,164.48,146354
2021-10-27T04:00:00Z,163.74,164,161.69,162.35,128561
2021-10-26T04:00:00Z,164.885,165.42,163.16,163.78,147098
2021-10-22T04:00:00Z,162.29,164.51,162.29,163.46,202636
2021-10-21T04:00:00Z,158.49,162.3,158.32,162.3,230135
2021-10-20T04:00:00Z,158.18,158.71,157.35,158.5,152310
2021-10-19T04:00:00Z,159.59,159.59,156.805,157.82,309417
2021-10-18T04:00:00Z,157.3,159.44,156.01,159.44,195890
2021-10-15T04:00:00Z,157.93,158.2,156.57,158.02,184470
2021-10-14T04:00:00Z,158.305,158.46,156.38,157.15,196442
2021-10-13T04:00:00Z,154.34,156.67,153.17,156.29,336765
2021-10-12T04:00:00Z,152.395,153.48,151.32,153.37,284853
2021-10-11T04:00:00Z,152.36,153.34,150.06,150.29,188624
2021-10-08T04:00:00Z,152.37,152.86,150.71,152.49,240060
2021-10-07T04:00:00Z,150.46,153.555,150.39,151.84,226960
2021-10-06T04:00:00Z,148.025,149.42,147.51,148.82,282069
2021-10-05T04:00:00Z,148.26,150.98,147.89,149.52,420826
2021-10-04T04:00:00Z,147,147.6,145.76,147.19,426191
2021-10-01T04:00:00Z,145.03,148,144.5,146.925,218821
2021-09-30T04:00:00Z,145.93,147.4,144.46,145.31,441859
2021-09-29T04:00:00Z,145.8,147.9,145.75,146.01,283130
2021-09-28T04:00:00Z,147.3,147.5,145.01,145.31,398424
2021-09-27T04:00:00Z,149.59,149.71,147.3,148.05,409229
2021-09-24T04:00:00Z,150.795,151.8,148,149.57,1185718
2021-09-23T04:00:00Z,158.745,160.25,158.28,159.655,462774
2021-09-22T04:00:00Z,156.72,157.97,155.69,157.43,262576
2021-09-21T04:00:00Z,155.01,156.09,153.63,155.05,235941
2021-09-20T04:00:00Z,153.78,155.23,152.345,154.29,233005
2021-09-17T04:00:00Z,157.96,160.335,156.08,156.45,201616
2021-09-16T04:00:00Z,157.8,158.99,157.28,157.54,188278
2021-09-15T04:00:00Z,157.59,158.3,155.67,157.86,287446
2021-09-14T04:00:00Z,158.71,159.36,157.09,158.72,154336
2021-09-13T04:00:00Z,161.7,162.9,158.35,159.56,295584
2021-09-10T04:00:00Z,164.345,165.66,163.45,163.6,180217
2021-09-09T04:00:00Z,165.04,166.09,163.26,163.37,193905
2021-09-08T04:00:00Z,161.79,162.075,159.82,160.71,172224
2021-09-07T04:00:00Z,163.69,163.69,161.93,162.68,144540
2021-09-03T04:00:00Z,163.31,164.16,162.255,163.24,198374
2021-09-02T04:00:00Z,165.28,165.43,162.83,163.62,141211
2021-09-01T04:00:00Z,165.02,166.595,164.1,164.455,236333
2021-08-31T04:00:00Z,167.55,167.55,164.22,164.73,151571
2021-08-30T04:00:00Z,167.86,168.37,166.63,168.05,146169
2021-08-27T04:00:00Z,167.48,168.06,166.33,167.54,136792
2021-08-26T04:00:00Z,169.38,169.46,166.3,166.93,187785
2021-08-25T04:00:00Z,169.98,170.67,169.55,169.89,94039
2021-08-24T04:00:00Z,169.67,170.85,168.92,169.98,91014
2021-08-23T04:00:00Z,169.4,170.86,169.19,169.72,119080
2021-08-20T04:00:00Z,166.295,167.99,165.45,167.78,106145
2021-08-19T04:00:00Z,166.71,167.48,164.395,165.545,410399
2021-08-18T04:00:00Z,169.72,171.77,168.71,168.73,92629
2021-08-17T04:00:00Z,171.2,171.2,169.46,170.58,151804
2021-08-16T04:00:00Z,170.89,172.38,169.73,172.38,96597
2021-08-13T04:00:00Z,170.375,171.71,168.82,171.69,118507
2021-08-12T04:00:00Z,170.83,171.32,169.48,170.67,135497
2021-08-11T04:00:00Z,171.885,173.18,170.96,171.23,143090
2021-08-10T04:00:00Z,171.83,173.93,171.61,172.23,98109
2021-08-09T04:00:00Z,172.42,173.02,171.635,171.755,85057
2021-08-06T04:00:00Z,174.345,174.345,172.71,172.89,147531
2021-08-05T04:00:00Z,171.27,173.92,171.27,173.88,118137
2021-08-04T04:00:00Z,171.72,172.28,170.985,171.97,144166
2021-08-03T04:00:00Z,169.34,171.5,168.56,171.26,189659
2021-08-02T04:00:00Z,169.07,169.91,168.075,168.76,240172
2021-07-30T04:00:00Z,166.56,167.87,166.365,167.5,257277
2021-07-29T04:00:00Z,165.845,167,165.5,167,115090
2021-07-28T04:00:00Z,164.63,165.875,164.1,165.47,157976
2021-07-27T04:00:00Z,165.34,165.51,162.93,164.57,154784
2021-07-26T04:00:00Z,165.81,166.33,163.84,165,185039
2021-07-23T04:00:00Z,164.01,166.43,164.01,166.39,163543
2021-07-22T04:00:00Z,161.21,163.71,161.01,163.66,143403
2021-07-21T04:00:00Z,160.12,161.41,160.11,161.06,178252
2021-07-20T04:00:00Z,157.69,160.41,156.61,159.75,158866
2021-07-19T04:00:00Z,158.21,158.68,156.62,157.66,320228
2021-07-16T04:00:00Z,161.7,161.7,159.64,159.87,182652
2021-07-15T04:00:00Z,160.79,162.2,160.41,161.69,181771
2021-07-14T04:00:00Z,161.89,162.7,161.41,161.57,190195
2021-07-13T04:00:00Z,161.25,162.27,161.01,161.58,251029
2021-07-12T04:00:00Z,161.52,162.42,160.715,161.8,130950
2021-07-09T04:00:00Z,161.46,161.9,160.51,160.94,198934
2021-07-08T04:00:00Z,158.29,160.76,157.945,160.54,159673
2021-07-07T04:00:00Z,160.32,160.83,158.29,160.18,161719
2021-07-06T04:00:00Z,159.93,160.43,157.89,160.19,199765
2021-07-02T04:00:00Z,158.26,159.95,157.665,159.79,252432
2021-07-01T04:00:00Z,153.955,158.205,153.93,157.98,336779
2021-06-30T04:00:00Z,154.79,155.23,153.54,154.555,372382
2021-06-29T04:00:00Z,153.26,156.385,152.93,155.93,408411
2021-06-28T04:00:00Z,153.97,153.98,151.54,152.345,515748
2021-06-25T04:00:00Z,152.37,154.555,150.54,154.36,1598524
2021-06-24T04:00:00Z,133.96,134.77,132.9,133.595,371120
2021-06-23T04:00:00Z,132.72,133.69,132.23,133.08,209367
2021-06-22T04:00:00Z,130.725,132.675,130.19,132.5,270238
2021-06-21T04:00:00Z,129.355,130.76,128.76,130.05,211822
2021-06-18T04:00:00Z,126.98,129.01,126.98,128.44,325082
2021-06-17T04:00:00Z,129.24,129.875,127.89,128.87,372695
2021-06-16T04:00:00Z,130.61,131.165,129.66,130.34,336869
2021-06-15T04:00:00Z,131.55,131.69,129.85,130.2,255970
2021-06-14T04:00:00Z,131.81,132.04,130.13,131.315,221981
2021-06-11T04:00:00Z,131.67,131.975,130.53,131.91,125844
2021-06-10T04:00:00Z,131.53,132.55,130.195,130.96,251556
2021-06-09T04:00:00Z,134.42,134.89,131.48,131.83,177982
2021-06-08T04:00:00Z,134.58,134.69,132.42,133.37,110444
2021-06-07T04:00:00Z,133.94,135.18,133.46,133.93,122153
2021-06-04T04:00:00Z,134.63,134.87,132.3,133.69,132448
2021-06-03T04:00:00Z,133.23,134.685,132.55,134.13,197608
2021-06-02T04:00:00Z,134.45,135.465,133.54,134.15,173998
2021-06-01T04:00:00Z,137.65,137.97,134.22,134.475,211361
2021-05-28T04:00:00Z,136.43,137.33,136.12,136.43,124001
2021-05-27T04:00:00Z,137.4,138.31,136.585,136.585,174575
2021-05-26T04:00:00Z,135.17,137.91,135.14,136.915,201545
2021-05-25T04:00:00Z,134.85,135.15,133.86,134.32,120076
2021-05-24T04:00:00Z,132.98,134.33,132.92,134.06,117993
2021-05-21T04:00:00Z,133.99,134.1,132.43,132.66,124023
2021-05-20T04:00:00Z,133.36,134.05,132.21,133.26,135650
2021-05-19T04:00:00Z,133.585,133.94,131.97,132.96,165531
2021-05-18T04:00:00Z,136.45,137.425,135.48,135.48,156565
2021-05-17T04:00:00Z,136.21,137.01,135.54,136.39,115012
2021-05-14T04:00:00Z,134.26,136.67,134.115,135.93,143862
2021-05-13T04:00:00Z,133.75,134.94,132.55,133.62,216406
2021-05-12T04:00:00Z,135.715,136.82,133.36,133.36,192840
2021-05-11T04:00:00Z,137.76,138.21,135.04,137.12,359879
2021-05-10T04:00:00Z,138.145,138.87,136.38,136.425,189599
2021-05-07T04:00:00Z,134.87,139.345,134.72,137.78,289700
2021-05-06T04:00:00Z,132.62,133.81,131.96,133.52,249140
2021-05-05T04:00:00Z,132.56,134.19,132.08,132.08,285687
2021-05-04T04:00:00Z,132.16,132.5,130.475,131.47,302061
2021-05-03T04:00:00Z,133.27,134.43,132.6,132.985,248567
2021-04-30T04:00:00Z,132.515,133.85,132.09,132.62,145787
2021-04-29T04:00:00Z,131.56,134.09,131.275,133.26,311357
2021-04-28T04:00:00Z,132.165,132.165,130.355,130.715,599640
2021-04-27T04:00:00Z,132,132.76,131.42,132.11,186592
2021-04-26T04:00:00Z,130.42,131.68,129.365,131.58,290415
2021-04-23T04:00:00Z,128.91,130.645,128.47,130.24,316504
2021-04-22T04:00:00Z,129.88,130.25,127.985,129.19,439640
2021-04-21T04:00:00Z,127.49,130.28,127.41,129.87,297004
2021-04-20T04:00:00Z,129.19,129.85,125.775,127.12,672726
2021-04-16T04:00:00Z,134.68,134.76,133.75,134.25,215515
2021-04-15T04:00:00Z,133.1,134.05,132.74,133.64,188784
2021-04-14T04:00:00Z,133.54,134.14,131.825,132.17,391986
2021-04-13T04:00:00Z,135.81,135.86,133.4,133.45,243869
2021-04-12T04:00:00Z,134.65,136.75,134.27,136.645,236385
2021-04-09T04:00:00Z,133.91,135.47,133.56,135.45,168205
2021-04-08T04:00:00Z,137.09,137.16,133.405,133.66,400592
2021-04-07T04:00:00Z,137.06,138.19,136.38,136.565,204371
2021-04-06T04:00:00Z,135.3,137.69,134.985,137.12,205354
2021-04-05T04:00:00Z,133.45,135.67,133.12,135.14,141961
2021-04-01T04:00:00Z,134.44,134.58,132.23,132.59,240318
2021-03-31T04:00:00Z,132.7,134.145,131.96,133.03,196101
2021-03-30T04:00:00Z,132.83,133.34,131.26,132.89,255467
2021-03-29T04:00:00Z,132.87,133.9,130.72,133.52,303596
2021-03-26T04:00:00Z,131.555,133.18,129.79,133.02,326089
2021-03-25T04:00:00Z,126.89,129.35,125.49,128.65,772846
2021-03-24T04:00:00Z,136.96,137.9,132.905,133.21,441312
2021-03-23T04:00:00Z,138.61,140.6,136.57,137.22,222159
2021-03-22T04:00:00Z,137.75,138.81,136.05,138.25,267236
2021-03-19T04:00:00Z,139.92,140.33,135.54,137.67,984835
2021-03-18T04:00:00Z,144.5,146.615,142.57,143.33,410813
2021-03-17T04:00:00Z,143.9,146.09,143.35,144.76,222413
2021-03-16T04:00:00Z,146.08,146.08,143.86,144.66,293136
2021-03-15T04:00:00Z,140.67,145,140.67,144.97,261505
2021-03-12T05:00:00Z,140.04,140.83,138.61,140.48,179172
2021-03-11T05:00:00Z,139.15,142.16,138.56,141.18,234601
2021-03-10T05:00:00Z,136.51,138.2,136.3,137.61,261396
2021-03-09T05:00:00Z,135.77,137.97,135.45,136.06,247527
2021-03-08T05:00:00Z,133.765,135.62,132.42,134.54,322833
2021-03-05T05:00:00Z,133.575,133.65,129.22,133.3,204117
2021-03-04T05:00:00Z,133.9,135.13,130.21,131.82,319312
2021-03-03T05:00:00Z,136.84,137.355,134.16,134.205,264190
2021-03-02T05:00:00Z,138.13,138.13,135.66,137.02,132399
2021-03-01T05:00:00Z,135.675,139.145,135.675,137.73,262193
2021-02-26T05:00:00Z,136.09,136.31,133.37,134.82,273053
2021-02-25T05:00:00Z,137.26,139.1,134.54,135.56,237545
2021-02-24T05:00:00Z,135.57,135.955,133.965,135.79,282396
2021-02-23T05:00:00Z,136.155,136.81,131.63,136.16,432782
2021-02-22T05:00:00Z,141.63,142.43,136.27,136.67,471167
2021-02-19T05:00:00Z,145.45,145.45,141.52,141.96,256052
2021-02-18T05:00:00Z,143.19,145.35,141.255,144.99,392401
2021-02-17T05:00:00Z,141.16,144.54,140.25,143.95,208824
2021-02-16T05:00:00Z,143.13,143.2,141.05,141.72,203393
2021-02-12T05:00:00Z,143.22,143.32,141.425,142.15,134207
2021-02-11T05:00:00Z,142.825,144.335,142.47,143.585,168675
2021-02-10T05:00:00Z,142.49,142.55,140.96,142.49,150434
2021-02-09T05:00:00Z,143.64,144.21,141.7,141.7,147103
2021-02-08T05:00:00Z,145.17,145.39,142.8,143.4,196011
2021-02-05T05:00:00Z,141.4,145.48,141.4,145.11,213247
2021-02-04T05:00:00Z,139.425,141.035,138.93,140.68,177696
2021-02-03T05:00:00Z,139.9,139.96,138.045,138.74,179470
2021-02-02T05:00:00Z,136.89,139.805,136.75,139.53,207473
2021-02-01T05:00:00Z,135.225,136.03,133.37,135.76,149306
2021-01-29T05:00:00Z,133.85,135.01,132.19,133.65,215075
2021-01-28T05:00:00Z,132.15,136.35,131.51,134.64,307547
2021-01-27T05:00:00Z,132.33,132.79,130.29,130.92,380551
2021-01-26T05:00:00Z,137.63,137.63,134.72,135.12,394430
2021-01-25T05:00:00Z,138.805,139.18,134.75,137.51,253919
2021-01-22T05:00:00Z,141.265,141.68,139.355,139.355,126587
2021-01-21T05:00:00Z,142.8,143.775,141.14,141.56,120336
2021-01-20T05:00:00Z,140.445,143.2,140.01,142.85,113217
2021-01-19T05:00:00Z,141,141.125,138.49,139.27,190610
2021-01-15T05:00:00Z,140.58,142.335,140.03,140.73,161017
2021-01-14T05:00:00Z,143.3,144.8,140.96,141.26,174355
2021-01-13T05:00:00Z,144.745,145.09,142.48,143.06,127294
2021-01-12T05:00:00Z,146.64,146.8,144.38,145.18,160739
2021-01-11T05:00:00Z,145.775,147.1,144.86,147.08,282753
2021-01-08T05:00:00Z,145.5,146.74,144.94,146.35,163736
2021-01-07T05:00:00Z,143.4,145.64,143.15,144.985,153076
2021-01-06T05:00:00Z,141.385,143.54,139.96,142.37,222681
2021-01-05T05:00:00Z,139,141.62,138.95,141.23,133956
2021-01-04T05:00:00Z,142.58,142.97,138.36,140.04,166733
2020-12-31T05:00:00Z,141.32,141.79,140.39,141.66,108004
2020-12-30T05:00:00Z,142.095,142.61,140.73,141.57,129386
2020-12-29T05:00:00Z,142.995,143.05,140.53,141.59,119233
2020-12-28T05:00:00Z,142.47,142.91,141.06,142.45,185312
2020-12-24T05:00:00Z,141.44,142.17,141.27,141.59,79565
2020-12-23T05:00:00Z,142.98,143.41,141.79,141.8,113459
2020-12-22T05:00:00Z,143.08,143.47,141.115,142.425,148133
2020-12-21T05:00:00Z,144.2,147.89,142.58,144.01,480173
2020-12-18T05:00:00Z,141.09,141.1,137.18,139.09,311376
2020-12-17T05:00:00Z,140.03,140.725,138.77,140.5,335882
2020-12-16T05:00:00Z,139.24,140.44,137.47,138.36,218791
2020-12-15T05:00:00Z,137.655,139.41,137.275,139.38,283577
2020-12-14T05:00:00Z,138.615,138.73,136.27,136.27,311421
2020-12-11T05:00:00Z,137.39,138.12,136.3,137.38,178951
2020-12-10T05:00:00Z,138.375,139.095,137.245,137.57,278735
2020-12-09T05:00:00Z,140.53,140.57,138.31,138.8,120048
2020-12-08T05:00:00Z,138.29,140.42,137.7,139.19,208243
2020-12-07T05:00:00Z,137.05,138.85,136.99,138.81,167463
2020-12-04T05:00:00Z,137.095,137.365,135.66,137.12,131645
2020-12-03T05:00:00Z,135.22,137.92,135.2,136.92,269686
2020-12-02T05:00:00Z,135.65,136.32,134.7,135.58,169979
2020-12-01T05:00:00Z,136.345,136.45,134.78,135.48,190966
2020-11-30T05:00:00Z,133.94,135.16,132.79,134.61,202933
2020-11-27T05:00:00Z,136.04,136.11,133.36,134.27,117215
2020-11-25T05:00:00Z,134.32,135.76,133.77,135.5,143190
2020-11-24T05:00:00Z,135.05,135.955,134.32,134.74,171980
2020-11-23T05:00:00Z,134.38,134.8,133.1,134.215,176530
2020-11-20T05:00:00Z,133.05,133.52,131.96,133,200686
2020-11-19T05:00:00Z,131.92,132.095,129.98,131.94,238373
2020-11-18T05:00:00Z,133.04,133.94,131.57,131.66,201286
2020-11-17T05:00:00Z,130.365,132.57,129.18,132.21,444270
2020-11-16T05:00:00Z,129.4,130.29,127.37,130.165,295044
2020-11-13T05:00:00Z,127.77,128.58,126.83,128.3,180341
2020-11-12T05:00:00Z,126.75,127.76,125.63,126.65,266756
2020-11-11T05:00:00Z,128.735,129.77,127.27,127.61,273182
2020-11-10T05:00:00Z,130.115,130.115,126.28,127.69,319992
2020-11-09T05:00:00Z,135.06,136.35,128.82,128.97,338910
2020-11-06T05:00:00Z,129.8,129.82,128.365,128.93,216209
2020-11-05T05:00:00Z,129.3,130.38,128.47,129.71,239662
2020-11-04T05:00:00Z,125.36,128.93,125.35,127.45,230309
2020-11-03T05:00:00Z,124.075,125.46,123.26,124.68,140454
2020-11-02T05:00:00Z,122.17,124.09,121.145,122.36,301958
2020-10-30T04:00:00Z,123.49,123.63,118.815,120.17,333303
2020-10-29T04:00:00Z,122.16,124.17,121.15,122.95,310624
2020-10-28T04:00:00Z,125.375,126.39,121.11,121.88,425223
2020-10-27T04:00:00Z,128.78,129.44,127.91,127.98,155640
2020-10-26T04:00:00Z,129.01,129.59,126.705,128.325,185272
2020-10-23T04:00:00Z,130.045,130.54,128.65,129.99,165361
2020-10-22T04:00:00Z,129.41,130.21,128.88,130,182591
2020-10-21T04:00:00Z,128.62,131.37,128.56,129.35,194460
2020-10-20T04:00:00Z,128.01,129.87,127.79,128.56,217334
2020-10-19T04:00:00Z,129.045,129.76,127.08,127.405,191538
2020-10-16T04:00:00Z,129.645,130.19,127.55,128.01,233374
2020-10-15T04:00:00Z,126.52,129.09,126.31,128.985,183130
2020-10-14T04:00:00Z,129.46,129.58,127.04,127.625,181745
2020-10-13T04:00:00Z,128.03,129.86,128.02,129.2,188133
2020-10-12T04:00:00Z,131.15,131.18,129.26,129.41,228836
2020-10-09T04:00:00Z,129.97,131.15,129.34,130.94,201523
2020-10-08T04:00:00Z,130.5,130.89,129.55,129.74,252944
2020-10-07T04:00:00Z,128.95,130.4,128.4,130.12,251989
2020-10-06T04:00:00Z,128.345,130.43,127.28,127.83,337065
2020-10-05T04:00:00Z,127.38,128.49,126.58,127.92,264155
2020-10-02T04:00:00Z,124.35,126.77,123.66,126.65,312612
2020-10-01T04:00:00Z,126.965,127,125.38,126.73,273820
2020-09-30T04:00:00Z,126.19,127.28,125.175,125.51,205114
2020-09-29T04:00:00Z,124.265,127.1,124.025,126.4,246247
2020-09-28T04:00:00Z,125.1,126.18,123.97,124.06,204743
2020-09-25T04:00:00Z,123.975,124.725,122.31,124.22,249357
2020-09-24T04:00:00Z,126.32,127.54,123.355,124.85,537659
2020-09-23T04:00:00Z,130.28,130.28,125.365,127.005,676866
2020-09-22T04:00:00Z,113.24,117.17,112.9,116.965,225289
2020-09-21T04:00:00Z,112.75,114.025,111.825,113.33,251145
2020-09-18T04:00:00Z,115.98,117.83,114.635,114.635,274899
2020-09-17T04:00:00Z,117.11,118.54,115.81,116.36,292298
2020-09-16T04:00:00Z,118.31,119.635,118.21,118.5,180668
2020-09-15T04:00:00Z,119.71,120.465,119.23,119.23,186234
2020-09-14T04:00:00Z,118.82,119.875,118.19,119.4,154830
2020-09-11T04:00:00Z,116.69,119.205,116.45,118.165,153664
2020-09-10T04:00:00Z,115.83,118.15,114,114.82,112244
2020-09-09T04:00:00Z,113.085,116.19,112.97,114.87,163870
2020-09-08T04:00:00Z,111.18,113.81,110.73,112.67,82438
2020-09-04T04:00:00Z,113.26,113.7,110.37,112.42,112504
2020-09-03T04:00:00Z,116.79,116.82,112.11,112.85,94108
2020-09-02T04:00:00Z,115.08,117.37,114.53,116.84,126430
2020-09-01T04:00:00Z,111.9,114.88,111.87,114.87,98978
2020-08-31T04:00:00Z,112.395,112.495,111.17,112,57772
2020-08-28T04:00:00Z,111.3,112.66,110.6,112.295,92041
2020-08-27T04:00:00Z,111.93,112.79,110.52,110.87,81810
2020-08-26T04:00:00Z,111.79,112.07,111.305,111.46,341887
2020-08-25T04:00:00Z,111.97,112.225,111.1,111.54,212482
2020-08-24T04:00:00Z,109.94,111.96,109.94,111.79,252190
2020-08-21T04:00:00Z,108.025,109.765,107.77,109.75,120767
2020-08-20T04:00:00Z,107.41,108.72,107.41,108.1,270228
2020-08-19T04:00:00Z,107.52,109.69,107.48,108.41,234579
2020-08-18T04:00:00Z,106.35,106.99,105.49,106.96,130300
2020-08-17T04:00:00Z,106.26,106.31,105.115,105.64,88951
2020-08-14T04:00:00Z,106.155,106.735,105.47,106.37,65492
2020-08-13T04:00:00Z,105.265,106.99,105.24,106.575,119731
2020-08-12T04:00:00Z,105.75,105.815,103.38,105.29,180211
2020-08-11T04:00:00Z,106.84,107.22,104.925,105.14,119066
2020-08-10T04:00:00Z,102.53,106.78,102.53,105.395,402337
2020-08-07T04:00:00Z,100.78,101.89,99.93,101.83,116639
2020-08-06T04:00:00Z,100.725,101.06,100.05,100.46,166907
2020-08-05T04:00:00Z,98.03,101.235,98.03,100.99,164924
2020-08-04T04:00:00Z,97.9,97.9,96.59,97.26,353379
2020-08-03T04:00:00Z,97.91,99.2,97.82,98.34,144194
2020-07-31T04:00:00Z,96.775,97.635,96.305,97.635,127006
2020-07-30T04:00:00Z,96.4,97.2,95.84,96.79,124122
2020-07-29T04:00:00Z,96.5,97.545,96.3,96.935,154759
2020-07-28T04:00:00Z,97.43,97.43,96.17,96.255,136017
2020-07-27T04:00:00Z,97.07,98.365,97.07,97.21,81212
