2024-06-14T04:00:00Z,14.43,14.86,13.505,14.395,130607
2024-06-13T04:00:00Z,16,16.01,14.97,15.045,44681
2024-06-12T04:00:00Z,16.8,16.99,15.635,15.83,78152
2024-06-11T04:00:00Z,15.73,16.945,15.71,16.725,75813
2024-06-10T04:00:00Z,17.825,17.825,15.405,16,136932
2024-06-07T04:00:00Z,18.8,19.495,17.39,18.16,197509
2024-06-06T04:00:00Z,23.72,23.8,19.36,19.55,733059
2024-06-05T04:00:00Z,17.825,22.21,17.825,20.955,385665
2024-06-04T04:00:00Z,18.045,18.4,17.16,17.75,212598
2024-06-03T04:00:00Z,14.955,18.3,14.955,18.235,176858
2024-05-31T04:00:00Z,15.145,15.36,14.205,15.04,81841
2024-05-30T04:00:00Z,15.12,15.66,14.74,15.235,142576
2024-05-29T04:00:00Z,14.96,15.56,14.82,15.1,182146
2024-05-28T04:00:00Z,15.23,15.685,13.505,15.525,91113
2024-05-24T04:00:00Z,15.37,15.955,15.25,15.495,106730
2024-05-23T04:00:00Z,16.015,16.015,14.86,15.16,148067
2024-05-22T04:00:00Z,14.87,17.38,14.84,15.715,593138
2024-05-21T04:00:00Z,14.325,15.68,14.1,14.915,138332
2024-05-20T04:00:00Z,13.07,14.8,12.695,14.79,163004
2024-05-17T04:00:00Z,14.14,14.14,12.955,12.995,146642
2024-05-16T04:00:00Z,12.35,14.735,12.03,14.375,340195
2024-05-15T04:00:00Z,13.175,13.69,11.35,12.89,264012
2024-05-14T04:00:00Z,13.41,14.96,12.57,13.49,896266
2024-05-13T04:00:00Z,9.76,13.96,9.54,13.1,1294262
2024-05-10T04:00:00Z,9.98,11,8.61,8.895,1432969
2024-05-09T04:00:00Z,4.49,4.55,4.43,4.465,71579
2024-05-08T04:00:00Z,4.51,4.54,4.43,4.475,49814
2024-05-07T04:00:00Z,4.76,4.8,4.48,4.605,52070
2024-05-06T04:00:00Z,4.905,5.04,4.725,4.75,91657
2024-05-03T04:00:00Z,4.86,4.935,4.69,4.91,97114
2024-05-02T04:00:00Z,4.69,4.76,4.605,4.715,64740
2024-05-01T04:00:00Z,4.445,4.8,4.375,4.665,94301
2024-04-30T04:00:00Z,4.25,4.465,4.25,4.325,64523
2024-04-29T04:00:00Z,4.16,4.32,4.14,4.28,47998
2024-04-26T04:00:00Z,4,4.13,3.995,4.07,76112
2024-04-25T04:00:00Z,4.03,4.05,3.91,3.945,52558
2024-04-24T04:00:00Z,4.23,4.23,4.105,4.15,41037
2024-04-23T04:00:00Z,4.19,4.35,4.165,4.205,60166
2024-04-22T04:00:00Z,3.975,4.13,3.915,4.08,38074
2024-04-19T04:00:00Z,3.91,3.995,3.865,3.99,65579
2024-04-18T04:00:00Z,3.815,3.985,3.815,3.895,45971
2024-04-17T04:00:00Z,3.98,4.045,3.88,3.9,66687
2024-04-16T04:00:00Z,4.02,4.09,3.955,3.99,82843
2024-04-15T04:00:00Z,4.37,4.38,4.1,4.13,63590
2024-04-12T04:00:00Z,4.32,4.47,4.24,4.285,71286
2024-04-11T04:00:00Z,4.3,4.32,4.245,4.32,42230
2024-04-10T04:00:00Z,4.3,4.31,4.22,4.265,71646
2024-04-09T04:00:00Z,4.47,4.64,4.4,4.44,55543
2024-04-08T04:00:00Z,4.39,4.47,4.36,4.43,53428
2024-04-05T04:00:00Z,4.4,4.535,4.36,4.43,114975
2024-04-04T04:00:00Z,4.61,4.725,4.44,4.44,65151
2024-04-03T04:00:00Z,4.47,4.57,4.4,4.55,76596
2024-04-02T04:00:00Z,4.65,4.65,4.46,4.52,103734
2024-04-01T04:00:00Z,4.79,4.85,4.61,4.66,107363
2024-03-28T04:00:00Z,4.87,4.93,4.76,4.76,75255
2024-03-27T04:00:00Z,4.77,4.845,4.69,4.84,65731
2024-03-26T04:00:00Z,4.885,4.885,4.7,4.71,95151
2024-03-25T04:00:00Z,4.665,4.91,4.665,4.815,74328
2024-03-22T04:00:00Z,4.645,4.77,4.645,4.71,56938
2024-03-21T04:00:00Z,4.88,5.02,4.705,4.72,52611
2024-03-20T04:00:00Z,4.8,4.9,4.65,4.835,112161
2024-03-19T04:00:00Z,5.08,5.14,4.92,4.93,83407
2024-03-18T04:00:00Z,5.24,5.345,5.105,5.15,80752
2024-03-15T04:00:00Z,5.04,5.39,4.975,5.31,124741
2024-03-14T04:00:00Z,5.255,5.27,4.925,4.99,96339
2024-03-13T04:00:00Z,5.17,5.29,5.115,5.27,93579
2024-03-12T04:00:00Z,5.14,5.21,4.98,5.06,79673
2024-03-11T04:00:00Z,5.37,5.61,5.12,5.14,117035
2024-03-08T05:00:00Z,5.69,5.98,5.43,5.45,144935
2024-03-07T05:00:00Z,5.78,5.81,5.565,5.605,101659
2024-03-06T05:00:00Z,5.73,5.79,5.415,5.61,173849
2024-03-05T05:00:00Z,5.42,5.995,5.42,5.55,346271
2024-03-04T05:00:00Z,5.47,5.57,5.1,5.495,188270
2024-03-01T05:00:00Z,5.065,5.495,4.76,5.39,439926
2024-02-29T05:00:00Z,4.4,5.1,4.39,4.915,256102
2024-02-28T05:00:00Z,4.675,4.675,4.23,4.39,526206
2024-02-27T05:00:00Z,5.66,6.045,5.53,6.025,354881
2024-02-26T05:00:00Z,5.3,5.73,5.3,5.5,283899
2024-02-23T05:00:00Z,5.06,5.46,4.91,5.305,279160
2024-02-22T05:00:00Z,4.43,5.455,4.38,4.88,530643
2024-02-21T05:00:00Z,4.13,4.2,3.925,3.98,65081
2024-02-20T05:00:00Z,4.18,4.22,4.08,4.13,65343
2024-02-16T05:00:00Z,4.2,4.3,4.115,4.14,89281
2024-02-15T05:00:00Z,4.15,4.345,4.145,4.28,111264
2024-02-14T05:00:00Z,3.955,4.145,3.88,4.09,50886
2024-02-13T05:00:00Z,3.945,4.03,3.81,3.895,85282
2024-02-12T05:00:00Z,4.04,4.34,4.04,4.16,111058
2024-02-09T05:00:00Z,3.79,4.14,3.76,4.035,89211
2024-02-08T05:00:00Z,3.68,3.8,3.605,3.795,96729
2024-02-07T05:00:00Z,3.86,3.865,3.75,3.77,88309
2024-02-06T05:00:00Z,3.755,3.95,3.745,3.935,63741
2024-02-05T05:00:00Z,3.825,3.825,3.545,3.765,126382
2024-02-02T05:00:00Z,3.985,3.985,3.825,3.92,102878
2024-02-01T05:00:00Z,4.03,4.09,4.01,4.03,52279
2024-01-31T05:00:00Z,4,4.23,3.955,4.02,110200
2024-01-30T05:00:00Z,4.16,4.16,4.02,4.04,145359
2024-01-29T05:00:00Z,4.015,4.195,4.015,4.19,179588
2024-01-26T05:00:00Z,4.17,4.22,3.99,4.045,80300
2024-01-25T05:00:00Z,4.08,4.18,4.05,4.105,123130
2024-01-24T05:00:00Z,4.3,4.34,4.02,4.04,113422
2024-01-23T05:00:00Z,4.32,4.36,4.12,4.27,99049
2024-01-22T05:00:00Z,4.025,4.285,4.025,4.19,62944
2024-01-19T05:00:00Z,4.06,4.08,3.99,4.03,96575
2024-01-18T05:00:00Z,4.11,4.15,4.02,4.11,98054
2024-01-17T05:00:00Z,4.2,4.235,4.15,4.205,69578
2024-01-16T05:00:00Z,4.45,4.465,4.285,4.34,57626
2024-01-12T05:00:00Z,4.635,4.71,4.53,4.59,70742
2024-01-11T05:00:00Z,4.7,4.73,4.55,4.56,106992
2024-01-10T05:00:00Z,4.865,4.9,4.72,4.835,100154
2024-01-09T05:00:00Z,5.06,5.075,4.64,4.8,190566
2024-01-08T05:00:00Z,4.92,5.185,4.885,5.15,95940
2024-01-05T05:00:00Z,5.05,5.1,4.87,4.99,109730
2024-01-04T05:00:00Z,4.855,5.2,4.82,5.15,109214
2024-01-03T05:00:00Z,4.935,4.95,4.78,4.88,157810
2024-01-02T05:00:00Z,4.785,5.335,4.78,5.03,120248
2023-12-29T05:00:00Z,4.88,5.015,4.8,4.8,165400
2023-12-28T05:00:00Z,4.98,5.02,4.84,4.91,158980
2023-12-27T05:00:00Z,5.07,5.07,4.89,4.95,208362
2023-12-26T05:00:00Z,5.14,5.15,5.03,5.03,118200
2023-12-22T05:00:00Z,5.035,5.165,4.975,5.06,213112
2023-12-21T05:00:00Z,4.99,5.105,4.93,4.945,121714
2023-12-20T05:00:00Z,5.08,5.15,4.855,4.92,163895
2023-12-19T05:00:00Z,5.185,5.315,5.185,5.215,167114
2023-12-18T05:00:00Z,5.345,5.355,5.07,5.155,196552
2023-12-15T05:00:00Z,5.715,5.825,5.385,5.405,215929
2023-12-14T05:00:00Z,5.515,5.87,5.46,5.675,709893
2023-12-13T05:00:00Z,5.245,5.415,5.06,5.375,341674
2023-12-12T05:00:00Z,5.48,5.495,5.195,5.305,165512
2023-12-11T05:00:00Z,5.59,5.77,5.52,5.56,339260
2023-12-08T05:00:00Z,5.48,5.62,5.45,5.56,170153
2023-12-07T05:00:00Z,5.53,5.555,5.42,5.52,157498
2023-12-06T05:00:00Z,5.59,5.815,5.56,5.59,159780
2023-12-05T05:00:00Z,5.79,6.045,5.58,5.58,202196
2023-12-04T05:00:00Z,5.53,5.845,5.53,5.745,114896
2023-12-01T05:00:00Z,5.45,5.6,5.33,5.565,225276
2023-11-30T05:00:00Z,5.675,5.705,5.44,5.505,165241
2023-11-29T05:00:00Z,5.77,5.92,5.55,5.555,183076
2023-11-28T05:00:00Z,5.46,5.795,5.44,5.735,163449
2023-11-27T05:00:00Z,5.49,5.57,5.395,5.445,120386
2023-11-24T05:00:00Z,5.49,5.79,5.47,5.575,66094
2023-11-22T05:00:00Z,5.4,5.45,5.3,5.405,130777
2023-11-21T05:00:00Z,5.6,5.61,5.33,5.34,76434
2023-11-20T05:00:00Z,5.67,5.725,5.57,5.68,147965
2023-11-17T05:00:00Z,5.73,5.945,5.655,5.72,219531
2023-11-16T05:00:00Z,6.085,6.09,5.77,5.84,80462
2023-11-15T05:00:00Z,6.3,6.47,6.19,6.205,86066
2023-11-14T05:00:00Z,6.475,6.5,6.17,6.23,182947
2023-11-13T05:00:00Z,6.25,6.28,6.09,6.26,90131
2023-11-10T05:00:00Z,6.54,6.54,5.955,6.22,182413
2023-11-09T05:00:00Z,6.935,7.47,6.715,6.725,161516
2023-11-08T05:00:00Z,7.12,7.12,6.7,6.83,119229
2023-11-07T05:00:00Z,7.02,7.14,6.855,7.08,65436
2023-11-06T05:00:00Z,7.12,7.12,6.78,6.91,92084
2023-11-03T04:00:00Z,7.3,7.45,7.035,7.04,88935
2023-11-02T04:00:00Z,6.9,7.215,6.82,7.145,146811
2023-11-01T04:00:00Z,6.765,7.045,6.72,7.01,122782
2023-10-31T04:00:00Z,6.38,6.825,6.37,6.67,214539
2023-10-30T04:00:00Z,6.32,6.68,6.32,6.515,107656
2023-10-27T04:00:00Z,6.465,6.48,6.305,6.37,189460
2023-10-26T04:00:00Z,6.21,6.48,6.155,6.445,122580
2023-10-25T04:00:00Z,6.2,6.415,6.16,6.295,85502
2023-10-24T04:00:00Z,6.34,6.48,6.09,6.26,86824
2023-10-23T04:00:00Z,6.4,6.57,6.095,6.155,104137
2023-10-20T04:00:00Z,6.25,6.59,6.03,6.435,108429
2023-10-19T04:00:00Z,6.525,6.525,6,6.11,124719
2023-10-18T04:00:00Z,6.42,6.55,6.345,6.48,111575
2023-10-17T04:00:00Z,6.6,6.76,6.405,6.44,170203
2023-10-16T04:00:00Z,6.97,7.14,6.38,6.62,282012
2023-10-13T04:00:00Z,7.395,7.4,6.82,7.05,175736
2023-10-12T04:00:00Z,7.61,7.61,7.2,7.48,79806
2023-10-11T04:00:00Z,7.52,8.1,7.52,7.64,123093
2023-10-10T04:00:00Z,7.33,7.45,7.25,7.41,115957
2023-10-09T04:00:00Z,7.44,7.505,7.155,7.2,52282
2023-10-06T04:00:00Z,7.11,7.72,7.11,7.635,72949
2023-10-05T04:00:00Z,7.165,7.31,6.92,7.115,62596
2023-10-04T04:00:00Z,7.74,7.74,6.975,7.31,129130
2023-10-03T04:00:00Z,7.07,8.125,6.73,7.7,500133
2023-10-02T04:00:00Z,7.21,7.305,7.05,7.11,61042
2023-09-29T04:00:00Z,7.36,7.68,7.16,7.245,245422
2023-09-28T04:00:00Z,7.155,7.26,7.005,7.17,58403
2023-09-27T04:00:00Z,7.195,7.365,7.03,7.19,70968
2023-09-26T04:00:00Z,7.36,7.535,7.05,7.105,343483
2023-09-25T04:00:00Z,6.955,7.56,6.925,7.325,108623
2023-09-22T04:00:00Z,6.84,7.16,6.84,7.15,108969
2023-09-21T04:00:00Z,6.86,7.03,6.74,6.79,92407
2023-09-20T04:00:00Z,7.7,7.74,6.95,7.06,180058
2023-09-19T04:00:00Z,7.405,7.75,7.37,7.67,272153
2023-09-18T04:00:00Z,7.765,7.85,7.395,7.405,147459
2023-09-15T04:00:00Z,7.89,8.08,7.67,7.71,303999
2023-09-14T04:00:00Z,7.32,8.015,7.32,7.965,462305
2023-09-13T04:00:00Z,7.84,7.93,7.34,7.34,229311
2023-09-12T04:00:00Z,7.835,8.275,7.455,7.895,191392
2023-09-11T04:00:00Z,8.82,8.995,7.735,7.815,235075
2023-09-08T04:00:00Z,9,9.695,8.91,8.96,263600
2023-09-07T04:00:00Z,9.79,9.91,8.705,9.135,376399
2023-09-06T04:00:00Z,9.07,10.265,9.07,9.735,316962
2023-09-05T04:00:00Z,8.26,9.27,8.26,9.045,329610
2023-09-01T04:00:00Z,8.05,8.465,8.05,8.205,194326
2023-08-31T04:00:00Z,8.31,8.565,8,8,100941
2023-08-30T04:00:00Z,8.3,8.585,8.2,8.355,97983
2023-08-29T04:00:00Z,8.27,8.44,8.18,8.295,122267
2023-08-28T04:00:00Z,8.25,9.03,8.09,8.355,367086
2023-08-25T04:00:00Z,8.04,8.275,8.005,8.04,100547
2023-08-24T04:00:00Z,8.94,8.96,7.955,8.225,138407
2023-08-23T04:00:00Z,9.01,9.495,8.75,9,184759
2023-08-22T04:00:00Z,8.3,9.55,8.22,9.15,281972
2023-08-21T04:00:00Z,7.23,8.49,6.98,8.06,138068
2023-08-18T04:00:00Z,7.28,7.53,7.07,7.13,55732
2023-08-17T04:00:00Z,7.16,7.615,7.16,7.38,151269
2023-08-16T04:00:00Z,7.12,7.41,7.085,7.11,81626
2023-08-15T04:00:00Z,7.165,7.3,7.04,7.235,109538
2023-08-14T04:00:00Z,7.315,7.335,7.01,7.235,91723
2023-08-11T04:00:00Z,7.67,7.715,7.34,7.35,101575
2023-08-10T04:00:00Z,7.13,8.12,7.13,7.685,289545
2023-08-09T04:00:00Z,7.42,7.665,6.85,7.14,181460
2023-08-08T04:00:00Z,8.15,8.805,7.1,7.23,559737
2023-08-07T04:00:00Z,7.74,7.84,7.29,7.53,172710
2023-08-04T04:00:00Z,8.24,8.27,8.005,8.06,54664
2023-08-03T04:00:00Z,8.43,8.815,8.21,8.21,39337
2023-08-02T04:00:00Z,8.71,8.71,7.865,8.41,98907
2023-08-01T04:00:00Z,9.14,9.21,8.65,8.74,48218
2023-07-31T04:00:00Z,8.21,9.33,8.21,9.3,48845
2023-07-28T04:00:00Z,8.03,8.305,7.925,8.21,35624
2023-07-27T04:00:00Z,8.28,8.38,7.84,7.86,62513
2023-07-26T04:00:00Z,8.03,8.275,7.96,8.22,32541
2023-07-25T04:00:00Z,8.01,8.28,7.99,8.01,35202
2023-07-24T04:00:00Z,8.17,8.28,7.82,7.98,34115
2023-07-21T04:00:00Z,8.05,8.185,7.7,8.15,43714
2023-07-20T04:00:00Z,8.13,8.25,7.9,8.05,33602
2023-07-19T04:00:00Z,8.13,8.32,8.035,8.115,71727
2023-07-18T04:00:00Z,8.15,8.66,7.94,8.1,54087
2023-07-17T04:00:00Z,8.64,8.715,8.145,8.165,80609
2023-07-14T04:00:00Z,9,9.04,8.515,8.68,43565
2023-07-13T04:00:00Z,9.31,9.445,9.18,9.23,42325
2023-07-12T04:00:00Z,9.89,9.89,9.285,9.35,62372
2023-07-11T04:00:00Z,9.12,10.18,8.86,9.6,179741
2023-07-10T04:00:00Z,7.32,9.53,7.315,9.34,265164
2023-07-07T04:00:00Z,7.14,7.32,7.13,7.25,39228
2023-07-06T04:00:00Z,7.2,7.33,6.9,7.06,55828
2023-07-05T04:00:00Z,7.24,7.445,7.24,7.37,30434
2023-07-03T04:00:00Z,7.535,7.575,7.23,7.4,16958
2023-06-30T04:00:00Z,7.565,7.755,7.395,7.43,26904
2023-06-29T04:00:00Z,7.515,7.82,7.49,7.6,72977
2023-06-28T04:00:00Z,7.18,7.585,7.18,7.54,56667
2023-06-27T04:00:00Z,6.67,7.115,6.62,7.09,34749
2023-06-26T04:00:00Z,6.71,6.82,6.59,6.69,71682
2023-06-23T04:00:00Z,7.11,7.12,6.615,6.71,97332
2023-06-22T04:00:00Z,7.3,7.345,7.07,7.17,78843
2023-06-21T04:00:00Z,7.465,7.69,7.185,7.435,45069
2023-06-20T04:00:00Z,7.99,7.99,7.235,7.47,96226
2023-06-16T04:00:00Z,8.24,8.265,7.91,8.065,39329
2023-06-15T04:00:00Z,7.73,8.405,7.73,8.045,58694
2023-06-14T04:00:00Z,8.1,8.29,7.695,7.73,75279
2023-06-13T04:00:00Z,8.035,8.505,7.91,8.04,95140
2023-06-12T04:00:00Z,7.55,7.96,7.465,7.78,82427
2023-06-09T04:00:00Z,7.71,8.185,7.47,7.47,38617
2023-06-08T04:00:00Z,7.66,7.895,7.3,7.68,45578
2023-06-07T04:00:00Z,7.2,7.785,7.1,7.65,66930
2023-06-06T04:00:00Z,7.59,7.59,7.11,7.21,93840
2023-06-05T04:00:00Z,7.77,8.17,7.71,7.84,48624
2023-06-02T04:00:00Z,7.87,7.87,7.505,7.615,48853
2023-06-01T04:00:00Z,7.99,8.17,7.57,7.71,50255
2023-05-31T04:00:00Z,7.62,8.12,7.545,8.045,98817
2023-05-30T04:00:00Z,7.26,7.51,7.1,7.44,69612
2023-05-26T04:00:00Z,6.84,7.23,6.81,7.21,38742
2023-05-25T04:00:00Z,7.14,7.29,6.64,6.92,71348
2023-05-24T04:00:00Z,8.17,8.17,7.25,7.31,58037
2023-05-23T04:00:00Z,7.5,8.255,7.5,7.995,91929
2023-05-22T04:00:00Z,7.18,7.61,7.105,7.54,34376
2023-05-19T04:00:00Z,7.32,7.4,7.1,7.155,139754
2023-05-18T04:00:00Z,7.615,7.75,7.33,7.42,65328
2023-05-17T04:00:00Z,7.685,7.79,7.43,7.73,44074
2023-05-16T04:00:00Z,7.96,8.055,7.575,7.63,54363
2023-05-15T04:00:00Z,8.375,8.465,8.06,8.105,79247
2023-05-12T04:00:00Z,8.99,9.32,8.395,8.455,100166
2023-05-11T04:00:00Z,8.82,9.34,8.6,8.9,86632
2023-05-10T04:00:00Z,10.01,10.01,8.9,8.98,158857
2023-05-09T04:00:00Z,8.955,11.3,8.955,9.51,491368
2023-05-08T04:00:00Z,7.48,7.64,7.28,7.45,58542
2023-05-05T04:00:00Z,7.55,8.085,7.55,7.695,58660
2023-05-04T04:00:00Z,7.08,7.61,7.08,7.57,33827
2023-05-03T04:00:00Z,6.96,7.285,6.91,7.15,51184
2023-05-02T04:00:00Z,7.67,7.74,7.035,7.035,56847
2023-05-01T04:00:00Z,7.615,7.75,7.445,7.71,46318
2023-04-28T04:00:00Z,7.5,7.765,7.33,7.65,38462
2023-04-27T04:00:00Z,7.52,7.855,7.36,7.55,61385
2023-04-26T04:00:00Z,7.7,7.71,7.42,7.54,25479
2023-04-25T04:00:00Z,8.33,8.33,7.625,7.635,53099
2023-04-24T04:00:00Z,8.46,8.62,8.04,8.09,58689
2023-04-21T04:00:00Z,8.32,8.885,8.32,8.66,39593
2023-04-20T04:00:00Z,8.55,8.55,8.025,8.23,66528
2023-04-19T04:00:00Z,9.09,9.295,8.705,8.935,51790
2023-04-18T04:00:00Z,9.44,9.44,8.515,9.295,112093
2023-04-17T04:00:00Z,9.1,9.63,8.95,9.44,38117
2023-04-14T04:00:00Z,9.305,9.51,9.015,9.185,58885
2023-04-13T04:00:00Z,9.22,9.525,8.97,9.5,100068
2023-04-12T04:00:00Z,9.17,9.33,8.745,9.1,76223
2023-04-11T04:00:00Z,8.33,9.09,8.14,9.085,72530
2023-04-10T04:00:00Z,8.57,8.57,7.65,8.02,134976
2023-04-06T04:00:00Z,7.62,8.95,7.605,8.49,117641
2023-04-05T04:00:00Z,7.37,7.82,7.09,7.605,70646
2023-04-04T04:00:00Z,7.395,7.45,7.125,7.37,80801
2023-04-03T04:00:00Z,6.88,7.475,6.87,7.425,79598
2023-03-31T04:00:00Z,6.65,7.12,6.65,6.975,56295
2023-03-30T04:00:00Z,6.79,6.79,6.52,6.57,36190
2023-03-29T04:00:00Z,6.27,6.71,6.27,6.655,62227
2023-03-28T04:00:00Z,6.18,6.18,6.06,6.15,61555
2023-03-27T04:00:00Z,6.02,6.14,5.81,6.11,65605
2023-03-24T04:00:00Z,5.76,6.125,5.74,6.075,42836
2023-03-23T04:00:00Z,5.86,6.085,5.61,5.76,112157
2023-03-22T04:00:00Z,5.975,6.14,5.77,5.77,68264
2023-03-21T04:00:00Z,5.925,6.35,5.925,6.01,49304
2023-03-20T04:00:00Z,5.82,5.995,5.7,5.96,106695
2023-03-17T04:00:00Z,5.97,5.99,5.77,5.93,163956
2023-03-16T04:00:00Z,5.81,6.05,5.68,5.985,67084
2023-03-15T04:00:00Z,6.13,6.355,5.85,5.91,101136
2023-03-14T04:00:00Z,6.935,7.04,6.23,6.275,139328
2023-03-13T04:00:00Z,6.46,7.22,6.45,6.865,154300
2023-03-10T05:00:00Z,6.51,6.72,6.26,6.525,81466
2023-03-09T05:00:00Z,6.895,6.9,6.56,6.585,41520
2023-03-08T05:00:00Z,6.91,6.93,6.765,6.91,153999
2023-03-07T05:00:00Z,7.25,7.25,6.93,6.955,66012
2023-03-06T05:00:00Z,7.48,7.7,7.17,7.28,91004
2023-03-03T05:00:00Z,6.97,7.9,6.795,7.71,116662
2023-03-02T05:00:00Z,6.69,7.3,6.66,6.92,240934
2023-03-01T05:00:00Z,6.83,7.145,6.65,6.84,465787
2023-02-28T05:00:00Z,8.71,9.395,8.61,9.26,159959
2023-02-27T05:00:00Z,8.88,8.885,8.52,8.68,88826
2023-02-24T05:00:00Z,8.79,8.905,8.685,8.82,60378
2023-02-23T05:00:00Z,9.11,9.195,8.65,9.06,71177
2023-02-22T05:00:00Z,9.32,9.45,8.95,9.085,73821
2023-02-21T05:00:00Z,9.76,9.785,9.245,9.375,79639
2023-02-17T05:00:00Z,10,10.025,9.705,10.01,31532
2023-02-16T05:00:00Z,10.07,10.195,9.88,9.98,28579
2023-02-15T05:00:00Z,10,10.24,9.9,10.175,30481
2023-02-14T05:00:00Z,9.815,10.03,9.545,9.92,40719
2023-02-13T05:00:00Z,10.03,10.19,9.58,9.77,68675
2023-02-10T05:00:00Z,9.61,10.13,9.5,9.88,60219
2023-02-09T05:00:00Z,10.525,10.535,9.735,9.79,64121
2023-02-08T05:00:00Z,10.79,11.04,10.435,10.44,42774
2023-02-07T05:00:00Z,11.08,11.15,10.63,10.87,94278
2023-02-06T05:00:00Z,11.1,11.42,10.975,11.09,42095
2023-02-03T05:00:00Z,11.695,12.22,11.19,11.235,94433
2023-02-02T05:00:00Z,11.615,12.495,11.55,12.015,160984
2023-02-01T05:00:00Z,10.74,11.305,10.155,11.23,113698
2023-01-31T05:00:00Z,10.72,10.92,10.47,10.905,120982
2023-01-30T05:00:00Z,11.195,11.245,10.45,10.665,105440
2023-01-27T05:00:00Z,10.85,11.49,10.82,11.3,135081
2023-01-26T05:00:00Z,11.3,11.35,10.75,11,176635
2023-01-25T05:00:00Z,11.24,11.385,10.92,11.11,135834
2023-01-24T05:00:00Z,11.77,12.26,11.49,11.555,108578
2023-01-23T05:00:00Z,11.64,12.64,11.59,11.88,139312
2023-01-20T05:00:00Z,11.74,11.855,11.38,11.54,63382
2023-01-19T05:00:00Z,12.28,12.31,11.38,11.61,114776
2023-01-18T05:00:00Z,12.74,13.665,12.35,12.48,109506
2023-01-17T05:00:00Z,12.17,12.645,11.85,12.45,89471
2023-01-13T05:00:00Z,11.66,13.08,11.66,12.3,138324
2023-01-12T05:00:00Z,11.84,11.9,10.98,11.795,123768
2023-01-11T05:00:00Z,12.48,12.485,11.665,11.85,142662
2023-01-10T05:00:00Z,12.14,12.63,11.855,12.405,59474
2023-01-09T05:00:00Z,11.81,12.85,11.52,12.28,276101
2023-01-06T05:00:00Z,11.71,11.71,10.76,11,99514
2023-01-05T05:00:00Z,11.04,12.02,10.58,11.73,135721
2023-01-04T05:00:00Z,10.08,11.46,9.99,11.34,249197
2023-01-03T05:00:00Z,10.6,11.11,9.725,9.81,103643
2022-12-30T05:00:00Z,9.56,10.29,9.41,10.27,78760
2022-12-29T05:00:00Z,9.16,10.54,9.16,9.7,152377
2022-12-28T05:00:00Z,9,9.16,8.77,9.04,82070
2022-12-27T05:00:00Z,9.56,9.56,8.8,8.86,79165
2022-12-23T05:00:00Z,10.26,10.54,9.56,9.65,101016
2022-12-22T05:00:00Z,10.26,10.32,9.71,10.27,88599
2022-12-21T05:00:00Z,10.64,10.71,10.22,10.39,128165
2022-12-20T05:00:00Z,10.12,10.94,10.12,10.505,142488
2022-12-19T05:00:00Z,11.11,11.16,9.88,10.32,149612
2022-12-16T05:00:00Z,9.59,11.15,9.37,11.005,1140342
2022-12-15T05:00:00Z,14.14,14.14,11.11,11.32,1989278
2022-12-14T05:00:00Z,17,18.2,16.66,17.23,75245
2022-12-13T05:00:00Z,17.17,18.55,16.88,17.18,161302
2022-12-12T05:00:00Z,16.605,16.69,16.03,16.35,64769
2022-12-09T05:00:00Z,17.37,17.52,16.49,16.5,45109
2022-12-08T05:00:00Z,17.12,17.8,16.46,17.34,118720
2022-12-07T05:00:00Z,17.13,17.78,16.92,17.225,86110
2022-12-06T05:00:00Z,17.35,17.42,15.87,16.795,181629
2022-12-05T05:00:00Z,16.76,17.95,16.59,17.62,122836
2022-12-02T05:00:00Z,16.4,16.52,15.53,16.52,117689
2022-12-01T05:00:00Z,16.35,17.46,16.35,16.89,85651
2022-11-30T05:00:00Z,17.08,17.2,15.6,16.515,141147
2022-11-29T05:00:00Z,17.02,18.03,16.41,16.8,178310
2022-11-28T05:00:00Z,16.45,17.335,16.43,16.66,97175
2022-11-25T05:00:00Z,16.77,16.97,16.36,16.53,61068
2022-11-23T05:00:00Z,17.05,17.58,16.65,17.02,66035
2022-11-22T05:00:00Z,18.37,18.44,16.495,16.9,125323
2022-11-21T05:00:00Z,19.27,19.37,18.6,18.96,58949
2022-11-18T05:00:00Z,21.295,21.295,19.37,19.66,95443
2022-11-17T05:00:00Z,20.74,21.24,20.32,20.81,76864
2022-11-16T05:00:00Z,23.12,23.25,21.04,21.445,86256
2022-11-15T05:00:00Z,23.94,25.65,23.135,23.21,119105
2022-11-14T05:00:00Z,24.885,25.4,23.035,23.06,79191
2022-11-11T05:00:00Z,21.43,25.145,21.42,25.02,140130
2022-11-10T05:00:00Z,19.95,22.44,19.32,22.11,136895
2022-11-09T05:00:00Z,19.92,21.845,18.58,18.615,174057
2022-11-08T05:00:00Z,18.76,20.23,18.68,19.635,174756
2022-11-07T05:00:00Z,19.95,19.99,18.26,19.41,130790
2022-11-04T04:00:00Z,20.83,20.83,18.68,19.385,100898
2022-11-03T04:00:00Z,19.12,21.58,18.66,20.13,140730
2022-11-02T04:00:00Z,21.9,22.37,20.44,20.47,95919
2022-11-01T04:00:00Z,23.11,25.22,21.885,21.97,147613
2022-10-31T04:00:00Z,22.76,23.34,22.22,22.24,68547
2022-10-28T04:00:00Z,22.035,23.1,21.82,23,49477
2022-10-27T04:00:00Z,22.63,23.34,22.21,22.3,68787
2022-10-26T04:00:00Z,22.69,24.62,22.56,22.78,104381
2022-10-25T04:00:00Z,20.88,22.785,20.88,22.62,126329
2022-10-24T04:00:00Z,19.35,20.9,18.46,20.82,112699
2022-10-21T04:00:00Z,17.32,19.44,17.32,19.335,162510
2022-10-20T04:00:00Z,17.67,18.28,16.85,17.205,126086
2022-10-19T04:00:00Z,18.42,19.65,17.765,17.93,191121
2022-10-18T04:00:00Z,20.82,21.13,18.44,18.64,91966
2022-10-17T04:00:00Z,19.9,20.85,19.81,20.28,85625
2022-10-14T04:00:00Z,21.565,21.565,19.58,19.67,144012
2022-10-13T04:00:00Z,19.42,21.78,18.8,21.28,176578
2022-10-12T04:00:00Z,19.12,20.325,17.63,20.215,140848
2022-10-11T04:00:00Z,17.8,21.795,16.92,18.96,286173
2022-10-10T04:00:00Z,16.435,18.28,16.07,17.78,122370
2022-10-07T04:00:00Z,17.46,17.82,16.255,16.3,80822
2022-10-06T04:00:00Z,18.61,19.1,17.62,18.08,52071
2022-10-05T04:00:00Z,18.64,18.995,17.46,18.7,52614
2022-10-04T04:00:00Z,19.28,19.705,18.85,19.4,72210
2022-10-03T04:00:00Z,18.46,18.91,17.15,18.605,79741
2022-09-30T04:00:00Z,18.56,19.515,18.16,18.22,77964
2022-09-29T04:00:00Z,19.22,19.24,17.885,18.585,82312
2022-09-28T04:00:00Z,20.03,20.48,19.185,19.63,109511
2022-09-27T04:00:00Z,19.92,21.62,19.53,20.035,155633
2022-09-26T04:00:00Z,20.84,21.88,18.8,18.85,142918
2022-09-23T04:00:00Z,21.87,22.355,20.47,21,118335
2022-09-22T04:00:00Z,24.59,24.59,21.84,22.4,239559
2022-09-21T04:00:00Z,27.41,27.85,25.85,25.85,105598
2022-09-20T04:00:00Z,27.615,29.44,27.22,27.48,77388
2022-09-19T04:00:00Z,29.82,29.82,27.37,28.42,85382
2022-09-16T04:00:00Z,32.25,32.28,30.285,30.42,112347
2022-09-15T04:00:00Z,31.82,33.34,31.82,32.56,75386
2022-09-14T04:00:00Z,30.845,32.9,30.32,32.545,91063
2022-09-13T04:00:00Z,30.87,31.45,29.56,30.76,104489
2022-09-12T04:00:00Z,32.03,33.06,31.63,33.03,72690
2022-09-09T04:00:00Z,30.26,32.05,30.26,31.725,64517
2022-09-08T04:00:00Z,29.46,30.76,29.46,30.3,175789
2022-09-07T04:00:00Z,28.4,30.71,28.4,30.64,94616
2022-09-06T04:00:00Z,30.01,30.01,28.4,28.55,124201
2022-09-02T04:00:00Z,32.015,32.04,30.34,30.42,139557
2022-09-01T04:00:00Z,32.68,32.86,30.74,31.99,114228
2022-08-31T04:00:00Z,36,36.15,32.63,33.03,89813
2022-08-30T04:00:00Z,36.65,36.965,34.9,35.21,82118
2022-08-29T04:00:00Z,34.9,37.23,34.9,36.24,74875
2022-08-26T04:00:00Z,37.2,37.74,34.84,35.23,48588
2022-08-25T04:00:00Z,37.42,37.42,35.53,37.26,67735
2022-08-24T04:00:00Z,36.73,37.91,35.97,37.09,79279
2022-08-23T04:00:00Z,35.9,36.76,34.64,36.55,81185
2022-08-22T04:00:00Z,35.49,36.57,34.68,35.45,73218
2022-08-19T04:00:00Z,36.54,37.38,35.81,36.26,87288
2022-08-18T04:00:00Z,39.67,39.67,36.915,37.21,133365
2022-08-17T04:00:00Z,42.07,42.49,39.32,39.37,95474
2022-08-16T04:00:00Z,42.17,44,41.4,42.88,146685
2022-08-15T04:00:00Z,42.47,43.13,40.82,42.29,154679
2022-08-12T04:00:00Z,40.9,42.88,40.72,41.44,88612
2022-08-11T04:00:00Z,42.5,44.56,40.29,40.3,110561
2022-08-10T04:00:00Z,40.13,41.92,38.18,41.325,160368
2022-08-09T04:00:00Z,39.62,44.05,38.81,40.27,526812
2022-08-08T04:00:00Z,59.91,62.68,56.92,57.325,178439
2022-08-05T04:00:00Z,60.79,61.49,58.75,60.22,103906
2022-08-04T04:00:00Z,62.08,63.07,60.03,61.91,79923
2022-08-03T04:00:00Z,59.23,62.43,59.15,61.1,94124
2022-08-02T04:00:00Z,53.18,59.14,53.18,57.4,92307
2022-08-01T04:00:00Z,54.21,56.23,52.91,54,49967
2022-07-29T04:00:00Z,56.76,57.98,54.155,54.49,99826
2022-07-28T04:00:00Z,55.79,57.18,52.25,57.1,132904
2022-07-27T04:00:00Z,56.77,56.77,53.63,56.35,63619
2022-07-26T04:00:00Z,55.5,58.7,54.18,56.5,105203
2022-07-25T04:00:00Z,55.11,56.19,53.11,55.49,81172
2022-07-22T04:00:00Z,59.37,59.72,54.29,54.83,87301
2022-07-21T04:00:00Z,59.2,61.62,58.06,58.92,67581
2022-07-20T04:00:00Z,57.99,64.36,57.44,59.54,161980
2022-07-19T04:00:00Z,52.77,59.68,51.925,57.96,236556
2022-07-18T04:00:00Z,55.14,56.61,51.3,51.985,107430
2022-07-15T04:00:00Z,52.035,54.77,47.77,54.45,279358
2022-07-14T04:00:00Z,67.15,68.27,50.06,51.615,545059
2022-07-13T04:00:00Z,68.36,73.63,67.58,69.975,114854
2022-07-12T04:00:00Z,64.27,71.93,63.45,69.69,140571
2022-07-11T04:00:00Z,73.89,75.18,66.945,67.165,220538
2022-07-08T04:00:00Z,72.03,76.66,70.65,76.12,192714
2022-07-07T04:00:00Z,62.88,73.51,62.88,73.14,192214
2022-07-06T04:00:00Z,64.36,66.22,61.8,63.515,87810
2022-07-05T04:00:00Z,56.76,64.55,56.37,64.29,140284
2022-07-01T04:00:00Z,52.185,57.54,50.91,57.11,162570
2022-06-30T04:00:00Z,51.74,52.9,49.39,51.455,82720
2022-06-29T04:00:00Z,49.85,53.1,49.05,51.88,150143
2022-06-28T04:00:00Z,52.56,54.745,50.29,51.1,105565
2022-06-27T04:00:00Z,51.73,55.36,50.21,53.81,127746
2022-06-24T04:00:00Z,51.935,51.96,48.56,51.63,94475
2022-06-23T04:00:00Z,45.28,51.87,44.8,51.78,116439
2022-06-22T04:00:00Z,39.92,46.56,39.92,45.51,115385
2022-06-21T04:00:00Z,41.16,43.39,40.79,41.32,88231
2022-06-17T04:00:00Z,38.05,41.25,37.695,40.21,116768
2022-06-16T04:00:00Z,39.87,40.15,36.12,37.66,140985
2022-06-15T04:00:00Z,38.02,42.03,37.98,41.22,153229
2022-06-14T04:00:00Z,36.635,39.49,35.35,38.72,125885
2022-06-13T04:00:00Z,38.76,39.83,34.93,36.3,118427
2022-06-10T04:00:00Z,41.38,42.95,39.015,40.61,130076
2022-06-09T04:00:00Z,48.23,50.77,41.165,41.46,271225
2022-06-08T04:00:00Z,52.475,52.76,46.21,50.1,418577
2022-06-06T04:00:00Z,45.27,48.54,43.72,47.56,121336
2022-06-03T04:00:00Z,50.5,50.555,41.16,44.75,381449
2022-06-02T04:00:00Z,52.8,56.29,50.83,55.99,125104
2022-06-01T04:00:00Z,55.7,57.48,52.27,53.63,102432
2022-05-31T04:00:00Z,54.395,57.39,53.14,55.35,138653
2022-05-27T04:00:00Z,47.1,56.495,46.27,55.25,165519
2022-05-26T04:00:00Z,45.72,47.63,44.98,47.04,81334
2022-05-25T04:00:00Z,46.7,47.35,44.48,46.14,104374
2022-05-24T04:00:00Z,50.165,50.165,46,46.54,80155
2022-05-23T04:00:00Z,52.8,53.62,50.86,51.44,82499
2022-05-20T04:00:00Z,55.74,56.82,48.95,53.475,155210
2022-05-19T04:00:00Z,53.74,60.53,52.92,58.47,155821
2022-05-18T04:00:00Z,50.23,53.21,49.66,52.11,168215
2022-05-17T04:00:00Z,49.32,52.3,47.63,51.91,95420
2022-05-16T04:00:00Z,50.67,53.37,47.92,47.92,138792
2022-05-13T04:00:00Z,49.42,52.74,48.62,52,222358
2022-05-12T04:00:00Z,42.92,47.99,41.47,47.97,245958
2022-05-11T04:00:00Z,52.17,52.77,42.61,42.9,209227
2022-05-10T04:00:00Z,42.37,55.27,41.8,53.84,463617
2022-05-09T04:00:00Z,57.31,60.32,52.8,53.31,224715
2022-05-06T04:00:00Z,58.66,58.66,54.19,57.36,146925
2022-05-05T04:00:00Z,61.7,63.09,57.405,58.76,145854
2022-05-04T04:00:00Z,59.23,62.72,56.175,62.68,241602
2022-05-03T04:00:00Z,53.605,58.9,52.38,58.9,349401
2022-05-02T04:00:00Z,44.8,53.78,44.71,53.76,217329
2022-04-29T04:00:00Z,45.99,52.38,44.91,45.07,225319
2022-04-28T04:00:00Z,46.27,47.48,42.18,44.2,158612
2022-04-27T04:00:00Z,47.22,48.7,45.65,46.41,97734
2022-04-26T04:00:00Z,50,50.85,47.065,47.41,91246
2022-04-25T04:00:00Z,46.285,50.47,46.285,50.18,141420
2022-04-22T04:00:00Z,47.37,49.03,46.07,46.61,188614
2022-04-21T04:00:00Z,53.81,54.62,48.73,48.81,129716
2022-04-20T04:00:00Z,53.7,56.925,51.79,53.715,162426
2022-04-19T04:00:00Z,53.29,55.28,50.31,54.605,173792
2022-04-18T04:00:00Z,58.8,59.19,53.85,55.2,114410
2022-04-14T04:00:00Z,61.51,63.21,58.26,58.55,93326
2022-04-13T04:00:00Z,58.43,62.92,57.56,62.19,76015
2022-04-12T04:00:00Z,57.81,61.4,57.59,58.09,214056
2022-04-11T04:00:00Z,59.315,61.15,56.74,57.49,126274
2022-04-08T04:00:00Z,59.5,63.53,58.6,60.73,93669
2022-04-07T04:00:00Z,61.9,62.64,56.86,59.5,153862
2022-04-06T04:00:00Z,64.66,64.73,59.22,62.38,143736
2022-04-05T04:00:00Z,74.53,74.61,64.645,65.24,224839
2022-04-04T04:00:00Z,74.95,77.65,73.57,75.22,102498
2022-04-01T04:00:00Z,73.64,76.12,72.61,74.27,88880
2022-03-31T04:00:00Z,76.4,76.4,72.95,73.66,83216
2022-03-30T04:00:00Z,79.26,82.2,74.565,74.66,103615
2022-03-29T04:00:00Z,74.64,80.15,73.58,78.85,143895
2022-03-28T04:00:00Z,74.88,77.66,71.065,73.84,50850
2022-03-25T04:00:00Z,81.26,81.26,73.275,74.1,120410
2022-03-24T04:00:00Z,80.17,82.22,77.06,81.44,69416
2022-03-23T04:00:00Z,82.4,83.5,79.04,80.18,114634
2022-03-22T04:00:00Z,77.79,85.355,75.495,83.73,188543
2022-03-21T04:00:00Z,82.875,83.42,77.15,78.62,96835
2022-03-18T04:00:00Z,79.675,85.54,79.465,82.25,187484
2022-03-17T04:00:00Z,77.465,82.2,75.81,79.24,149204
2022-03-16T04:00:00Z,74.42,78.48,72.72,77.36,209003
2022-03-15T04:00:00Z,73.4,74.2,68.15,73.835,141811
2022-03-14T04:00:00Z,72.69,83.2,70.54,71.87,221009
2022-03-11T05:00:00Z,78.3,80.38,72.66,72.92,81092
2022-03-10T05:00:00Z,77,79.695,75.33,77.74,98975
2022-03-09T05:00:00Z,74.2,79.87,74.2,79,84200
2022-03-08T05:00:00Z,67.8,74.72,65.95,72.755,141029
2022-03-07T05:00:00Z,70,74.1,66.005,69.695,176823
2022-03-04T05:00:00Z,79.96,81.77,70.92,71.68,121966
2022-03-03T05:00:00Z,84.8,85.185,79.27,80.495,146287
2022-03-02T05:00:00Z,83.665,87,79.24,86.32,170890
2022-03-01T05:00:00Z,79.06,90.98,79.06,83.74,289862
2022-02-28T05:00:00Z,80.91,83.4,77.76,83.3,128076
2022-02-25T05:00:00Z,79.99,82.06,75.57,81.69,101231
2022-02-24T05:00:00Z,69.64,79.94,69.64,79.93,162307
2022-02-23T05:00:00Z,80.62,80.62,72.68,73.48,146230
2022-02-22T05:00:00Z,79.47,82.555,77.215,79.33,94972
2022-02-18T05:00:00Z,83.27,84.83,78.93,81.9,86851
2022-02-17T05:00:00Z,85.85,88.78,82.69,83.35,69367
2022-02-16T05:00:00Z,85.74,86.96,82.94,86.5,117021
2022-02-15T05:00:00Z,81.58,88.72,80.88,87.14,124084
2022-02-14T05:00:00Z,86.95,88.5,80.005,80.14,100234
2022-02-11T05:00:00Z,90.295,94.21,88.31,90.45,111533
2022-02-10T05:00:00Z,87.1,95.18,86.725,88.01,133668
2022-02-09T05:00:00Z,84.08,92.29,83.63,91.75,117524
2022-02-08T05:00:00Z,85.2,87.08,79.415,83.52,182516
2022-02-07T05:00:00Z,90.37,101.38,89.645,94.8,158511
2022-02-04T05:00:00Z,88.4,91.64,87.54,89.41,90600
2022-02-03T05:00:00Z,88.5,92.92,86.83,88.505,109457
2022-02-02T05:00:00Z,92.9,93.96,85.01,89.48,134915
2022-02-01T05:00:00Z,97.5,98.775,91.9,95.25,181038
2022-01-31T05:00:00Z,87.95,94.58,85.44,93.74,271752
2022-01-28T05:00:00Z,74.82,83.04,70.66,83.04,359408
2022-01-27T05:00:00Z,81.35,81.35,71.79,72.85,127622
2022-01-26T05:00:00Z,81.29,87.47,77.74,79.06,251742
2022-01-25T05:00:00Z,78.08,86.95,75.6,77.24,207044
2022-01-24T05:00:00Z,81.03,81.03,66.6,79.435,471303
2022-01-21T05:00:00Z,87.8,90.97,84.56,84.56,204932
2022-01-20T05:00:00Z,94.72,98.38,89.17,90.27,204247
2022-01-19T05:00:00Z,100.12,103.48,91.8,92.29,175772
2022-01-18T05:00:00Z,106.23,107.41,98.02,98.33,204647
2022-01-14T05:00:00Z,103.27,112.08,102.48,110.99,326357
2022-01-13T05:00:00Z,126.39,128.18,111.36,112.36,167907
2022-01-12T05:00:00Z,131.1,135.54,127.79,130.16,91612
2022-01-11T05:00:00Z,134.1,134.61,128.05,130.68,122746
2022-01-10T05:00:00Z,126.57,137.57,124.2,134.94,162224
2022-01-07T05:00:00Z,121.46,132.47,119.55,126.69,169779
2022-01-06T05:00:00Z,123.06,125.55,113.24,121.445,167442
2022-01-05T05:00:00Z,137.16,139.58,118.57,122.42,279617
2022-01-04T05:00:00Z,140.11,141.38,134.25,138.4,138982
2022-01-03T05:00:00Z,143.52,144.83,135.57,142.97,178844
2021-12-31T05:00:00Z,151.56,156.79,141.66,142.93,171153
2021-12-30T05:00:00Z,154.68,158.99,149.01,154.8,118013
2021-12-29T05:00:00Z,153.03,154.83,144.87,153.37,136085
2021-12-28T05:00:00Z,153.11,175.77,153.11,155.595,234851
2021-12-27T05:00:00Z,168.27,169.06,155.285,157.73,133264
2021-12-23T05:00:00Z,185.45,186.24,172.72,177.26,160798
2021-12-22T05:00:00Z,191.32,192.12,180.36,183.34,101788
2021-12-21T05:00:00Z,192.57,198.47,178,191.105,176868
2021-12-20T05:00:00Z,230.23,235.845,195.63,201.99,320508
2021-12-17T05:00:00Z,204.55,220.49,198.63,217.32,291052
2021-12-16T05:00:00Z,178.8,197.32,175.66,194.91,225066
2021-12-15T05:00:00Z,171.05,181.15,167.675,179.32,82685
2021-12-14T05:00:00Z,167.36,170.97,157.97,168.445,72934
2021-12-13T05:00:00Z,168.68,176.47,167.76,168.8,84933
2021-12-10T05:00:00Z,170.355,175.37,165.35,166.68,69007
2021-12-09T05:00:00Z,179.75,187.72,177.5,177.5,53008
2021-12-08T05:00:00Z,176.25,185.73,172.56,181.51,80274
2021-12-07T05:00:00Z,153.81,183.59,149.355,182.87,164518
2021-12-06T05:00:00Z,151.585,151.79,138.29,141.425,233603
2021-12-03T05:00:00Z,168.52,168.52,156.27,160.85,139772
2021-12-02T05:00:00Z,182.59,188.69,156.935,161.9,353206
2021-12-01T05:00:00Z,196.37,203.35,191.36,192.58,119210
2021-11-30T05:00:00Z,195.8,211.79,189.31,208.86,118201
2021-11-29T05:00:00Z,228.74,229,188.03,193.84,232864
2021-11-26T05:00:00Z,213.8,221.54,213.51,217.79,171034
2021-11-24T05:00:00Z,197.58,201.52,186.1,200.1,79365
2021-11-23T05:00:00Z,202.01,203.685,195.16,200.73,162125
2021-11-22T05:00:00Z,199.27,210.96,195.08,208,277308
2021-11-19T05:00:00Z,193.75,196.8,187.84,192.2,79855
2021-11-18T05:00:00Z,187.34,192.11,184.24,190.94,155621
2021-11-17T05:00:00Z,172.51,190,171.9,184,142800
2021-11-16T05:00:00Z,167.65,171.74,166.76,170.475,47948
2021-11-15T05:00:00Z,171.7,174.47,168.72,172.45,63848
2021-11-12T05:00:00Z,170.67,174.62,168.12,169.93,70142
2021-11-11T05:00:00Z,166.5,172.87,166,169.25,58200
2021-11-10T05:00:00Z,165.9,173.7,161.68,164.11,82838
2021-11-09T05:00:00Z,168.2,171.66,163.33,169.47,91472
2021-11-08T05:00:00Z,162.86,173.08,161.01,173.03,113205
2021-11-05T04:00:00Z,160,165.99,146.18,159.29,497641
2021-11-04T04:00:00Z,183.01,187.77,175.35,179.2,158694
2021-11-03T04:00:00Z,198.15,201.48,185.52,195.1,206853
2021-11-02T04:00:00Z,181.5,199.31,175.48,195.13,299824
2021-11-01T04:00:00Z,159.31,173.75,153.53,172.44,265107
2021-10-29T04:00:00Z,152.18,152.38,144.88,149,78571
2021-10-28T04:00:00Z,144.48,152.11,141.3,150.625,85040
2021-10-27T04:00:00Z,150.88,156,140.33,141.75,181895
2021-10-26T04:00:00Z,135.33,135.35,130.81,135,56220
2021-10-25T04:00:00Z,132.84,135.99,130.97,135.29,97047
2021-10-22T04:00:00Z,138.48,138.48,130.79,134.58,95589
2021-10-21T04:00:00Z,138.13,143.25,136.56,138.68,112544
2021-10-20T04:00:00Z,123,147.3,121.42,136.84,689216
2021-10-19T04:00:00Z,168.79,173.45,160.4,160.5,82215
2021-10-18T04:00:00Z,161.89,167.79,161.17,166.23,187583
2021-10-15T04:00:00Z,169.77,169.77,160.42,161.95,98927
2021-10-14T04:00:00Z,171.75,174.62,168.53,169.29,70121
2021-10-13T04:00:00Z,163.96,173.045,163.96,166.26,97704
2021-10-12T04:00:00Z,165.675,167.39,160.81,163.15,54610
2021-10-11T04:00:00Z,161.07,170.78,159.72,165.37,56709
2021-10-08T04:00:00Z,164.96,170.98,162.24,163.99,66162
2021-10-07T04:00:00Z,162.51,169.9,159,165.59,50833
2021-10-06T04:00:00Z,164.53,168.54,159.38,161.93,117809
2021-10-05T04:00:00Z,182.44,184.95,169.955,169.975,102767
2021-10-04T04:00:00Z,166.62,181.1,166.62,178.235,123745
2021-10-01T04:00:00Z,190.1,191.74,154.29,181.85,449201
2021-09-30T04:00:00Z,203.17,211.2,201.44,207.29,66311
2021-09-29T04:00:00Z,211.615,215.46,198.4,203.48,73944
2021-09-28T04:00:00Z,228.04,231.22,202.6,204.815,225957
2021-09-27T04:00:00Z,248.6,248.6,227.6,230.95,158678
2021-09-24T04:00:00Z,257.3,257.3,246.36,248.13,65215
2021-09-23T04:00:00Z,234.05,260.5,234.05,257.43,139071
2021-09-22T04:00:00Z,230.94,234,224.28,232.05,47671
2021-09-21T04:00:00Z,228.16,231.8,223.03,230.51,58617
2021-09-20T04:00:00Z,225.19,233.11,222.33,226.89,52500
2021-09-17T04:00:00Z,237.945,238.65,228.24,237.45,74611
2021-09-16T04:00:00Z,230.61,239.03,230.49,237.27,42359
2021-09-15T04:00:00Z,234.62,236.19,223.05,232.28,60541
2021-09-14T04:00:00Z,234.21,242.5,232.58,234.3,62599
2021-09-13T04:00:00Z,247.15,247.87,230.25,233.71,83230
2021-09-10T04:00:00Z,247.34,252.82,240.5,242.37,127902
2021-09-09T04:00:00Z,268.82,273.735,250.99,258.94,161723
2021-09-08T04:00:00Z,273.27,277.75,261.28,266.55,88547
2021-09-07T04:00:00Z,256.79,271.84,256.79,270.56,152093
2021-09-03T04:00:00Z,255.01,255.01,242.67,251.5,80604
2021-09-02T04:00:00Z,252.5,261.23,251.35,258.92,99944
2021-09-01T04:00:00Z,238.435,258.77,235.68,251.96,172026
2021-08-31T04:00:00Z,235.32,244.85,232.6,238.45,87814
2021-08-30T04:00:00Z,223.555,237.99,223.555,233.36,95103
2021-08-27T04:00:00Z,230.62,230.62,222.47,226.67,74302
2021-08-26T04:00:00Z,238.76,242.21,227.75,230.2,66930
2021-08-25T04:00:00Z,229.12,245.5,229.12,238.19,83093
2021-08-24T04:00:00Z,243.13,243.13,228.2,233.16,127524
2021-08-23T04:00:00Z,234.82,250.99,231.485,250.99,109427
2021-08-20T04:00:00Z,221.725,231.13,219.65,230.9,153798
2021-08-19T04:00:00Z,220.2,230.15,217.01,217.31,76360
2021-08-18T04:00:00Z,235.9,237.63,223.81,226.86,65221
2021-08-17T04:00:00Z,216.18,238.58,213.14,234.54,107351
2021-08-16T04:00:00Z,248.6,248.635,221.36,229.35,138677
2021-08-13T04:00:00Z,253,260,244.19,257,183922
2021-08-12T04:00:00Z,244.075,247.38,229.76,247.27,179249
2021-08-11T04:00:00Z,237.25,249.36,219.51,234.32,325556
2021-08-10T04:00:00Z,219.8,247.8,219.8,230.27,330260
2021-08-09T04:00:00Z,194.685,216.74,192.83,213.09,225445
2021-08-06T04:00:00Z,200,202.59,186.12,189.83,591573
2021-08-05T04:00:00Z,229.8,246.57,228.12,236.13,343535
2021-08-04T04:00:00Z,206.03,231.06,202.58,223.79,418779
2021-08-03T04:00:00Z,181.22,188.5,179,188.5,66877
2021-08-02T04:00:00Z,183.09,186.4,177.32,182.515,85590
2021-07-30T04:00:00Z,182.99,186.22,178.13,179.31,60107
2021-07-29T04:00:00Z,194.28,194.28,182.41,184.03,67547
2021-07-28T04:00:00Z,183.72,189.42,180.42,189,75644
2021-07-27T04:00:00Z,187.54,191.49,172.07,179.1,148495
2021-07-26T04:00:00Z,200.25,205,192.55,193.41,64764
2021-07-23T04:00:00Z,212.07,215,198.09,203.16,85300
2021-07-22T04:00:00Z,213.57,216.19,206.4,209.71,84643
2021-07-21T04:00:00Z,202.82,214.79,197.88,210.275,114560
2021-07-20T04:00:00Z,213.52,230.825,198.89,207.07,233135
2021-07-19T04:00:00Z,186.72,219.32,186.72,210.27,179770
2021-07-16T04:00:00Z,182,191.05,179.52,186.72,61087
2021-07-15T04:00:00Z,178.35,184.98,176.22,179.33,54816
2021-07-14T04:00:00Z,184.21,188.96,176.42,177.85,69292
2021-07-13T04:00:00Z,186.49,187.8,182.41,184.2,34862
2021-07-12T04:00:00Z,188.03,190.99,184.99,188,106924
2021-07-09T04:00:00Z,189.69,191.53,184.77,188.54,176332
2021-07-08T04:00:00Z,179.29,196,177.37,189.82,129384
2021-07-07T04:00:00Z,215.59,215.59,185.51,185.94,173596
2021-07-06T04:00:00Z,217.5,221.59,213.17,215.1,82128
2021-07-02T04:00:00Z,215.52,222.31,209.58,217.21,146796
2021-07-01T04:00:00Z,214.7,215.98,208.16,215.735,109864
2021-06-30T04:00:00Z,208.92,217.68,208.31,212.28,95752
2021-06-29T04:00:00Z,195.62,210,193.99,208.78,91694
2021-06-28T04:00:00Z,195,198.43,188.03,194.31,118327
2021-06-25T04:00:00Z,194.19,202.3,189.77,189.96,263846
2021-06-24T04:00:00Z,193.9,197.98,189.11,192.33,61421
2021-06-23T04:00:00Z,196.48,198.54,187.27,192.14,95501
2021-06-22T04:00:00Z,181.12,195.57,181.12,194.15,129735
2021-06-21T04:00:00Z,173.895,183.96,173.37,181,135691
2021-06-18T04:00:00Z,176.93,179.49,170.55,174.23,103718
2021-06-17T04:00:00Z,183.67,184.68,178.42,180.03,123072
2021-06-16T04:00:00Z,182.62,189.19,169.115,176.38,251949
2021-06-15T04:00:00Z,200.1,201.64,186,187.03,199853
2021-06-14T04:00:00Z,225.01,229.29,201.22,207.91,402498
2021-06-11T04:00:00Z,204.63,211.08,202,209.57,88078
2021-06-10T04:00:00Z,205.12,212.245,197.26,204.95,174550
2021-06-09T04:00:00Z,199.99,214.31,199.99,209.86,149523
2021-06-08T04:00:00Z,197.5,203.91,185.59,198.78,121023
2021-06-07T04:00:00Z,185.75,198.78,182.56,195.12,146906
2021-06-04T04:00:00Z,176,186.07,173.86,183.03,94550
2021-06-03T04:00:00Z,165.45,177.26,164.8,173.54,113571
2021-06-02T04:00:00Z,143.955,175.4,141.18,171.24,242881
2021-06-01T04:00:00Z,148.78,150.17,142.785,145.44,114809
2021-05-28T04:00:00Z,151.3,154.03,147.24,147.67,98607
2021-05-27T04:00:00Z,153.36,157.8,147.32,150.78,127691
2021-05-26T04:00:00Z,146.29,151.67,145.29,150.85,66266
2021-05-25T04:00:00Z,147.71,148.57,143.67,147.59,82440
2021-05-24T04:00:00Z,144.515,150.73,143,146.08,61910
2021-05-21T04:00:00Z,149.13,149.13,142.64,142.87,84513
2021-05-20T04:00:00Z,144.45,147.85,142.14,146.26,89775
2021-05-19T04:00:00Z,139.03,146.32,138.49,142.14,100804
2021-05-18T04:00:00Z,140.88,151,140.88,144.5,97626
2021-05-17T04:00:00Z,132.9,140.67,128.68,140.13,89322
2021-05-14T04:00:00Z,121.24,136.3,118.755,131.68,153135
2021-05-13T04:00:00Z,129.38,132.67,117.6,120.885,197486
2021-05-12T04:00:00Z,132.005,139.32,125.77,127.68,181429
2021-05-11T04:00:00Z,134.265,146.5,122.07,138.2,266675
2021-05-10T04:00:00Z,172.48,173.68,158.05,160.405,153213
2021-05-07T04:00:00Z,177.99,178.99,170.25,176.03,79826
2021-05-06T04:00:00Z,156,176.13,155.02,172.4,180231
2021-05-05T04:00:00Z,186.5,194.57,160.1,171.64,163706
2021-05-04T04:00:00Z,184.75,191.48,170.01,181.03,257146
2021-05-03T04:00:00Z,238.5,238.5,190.1,195.29,230011
2021-04-30T04:00:00Z,239.57,248.88,235.17,236.58,95379
2021-04-29T04:00:00Z,247.15,251.49,231.42,237.34,78462
2021-04-28T04:00:00Z,253.01,253.01,235.49,244.285,157275
2021-04-27T04:00:00Z,221.92,263.43,220.57,257.77,257883
2021-04-26T04:00:00Z,208.1,225.2,204.91,221.88,83562
2021-04-23T04:00:00Z,207.01,213.44,203.3,207.77,65441
2021-04-22T04:00:00Z,214.03,216.87,203.22,207.68,96219
2021-04-21T04:00:00Z,204.94,217.05,201.44,213.1,92694
2021-04-20T04:00:00Z,218.07,221.94,200.2,208.34,78702
2021-04-19T04:00:00Z,219,227.65,212.52,220.08,135748
2021-04-16T04:00:00Z,202.47,227.99,200.52,227.18,170991
2021-04-15T04:00:00Z,202.9,207.08,195.91,201.91,69883
2021-04-14T04:00:00Z,197.5,210.75,196.51,201.38,171998
2021-04-13T04:00:00Z,184.6,200.97,182.93,194.84,160079
2021-04-12T04:00:00Z,182.75,184.73,172.49,175.75,62395
2021-04-09T04:00:00Z,174.04,183.64,174.04,179.47,78134
2021-04-08T04:00:00Z,173.47,179.05,173.14,176.32,71135
2021-04-07T04:00:00Z,177.585,178.67,170.61,171.33,65021
2021-04-06T04:00:00Z,175.35,182.66,173.31,178.41,56638
2021-04-05T04:00:00Z,190.82,190.82,176,177.39,105953
2021-04-01T04:00:00Z,183.73,189.28,180.89,185.77,102174
2021-03-31T04:00:00Z,177.22,184.87,174.1,181.305,113320
2021-03-30T04:00:00Z,170.69,176.68,166.35,173.26,64800
2021-03-29T04:00:00Z,173.09,176.65,165.25,173.59,110450
2021-03-26T04:00:00Z,185.52,196.97,176,181.18,123790
2021-03-25T04:00:00Z,188.01,202.07,159.45,178.07,259175
2021-03-24T04:00:00Z,221.88,225.2,198.63,200.5,78281
2021-03-23T04:00:00Z,237.11,238.85,218.98,219.8,73476
2021-03-22T04:00:00Z,230.615,241.45,225.42,237.55,66598
2021-03-19T04:00:00Z,217.21,229.25,214.04,228.1,58395
2021-03-18T04:00:00Z,220,229.94,213.89,217.14,92776
2021-03-17T04:00:00Z,214.05,226.12,210.75,225.72,56746
2021-03-16T04:00:00Z,220.965,234.7,216.02,222.935,121804
2021-03-15T04:00:00Z,202.77,218.5,196.93,217.26,113341
2021-03-12T05:00:00Z,213.62,217.14,192.49,202.855,229152
2021-03-11T05:00:00Z,176.505,188.16,176.505,187.735,61923
2021-03-10T05:00:00Z,173.05,175,167.91,172.48,37975
2021-03-09T05:00:00Z,168.08,171.7,162.125,169.92,105318
2021-03-08T05:00:00Z,180.03,187.23,156.29,157.89,100513
2021-03-05T05:00:00Z,166.05,175.655,149.325,174.86,155226
2021-03-04T05:00:00Z,175.47,188.055,147.66,157.7,235231
2021-03-03T05:00:00Z,199.97,204.44,183.36,183.69,98762
2021-03-02T05:00:00Z,226.93,227.81,198.27,205.89,116795
2021-03-01T05:00:00Z,238.5,242.135,228.12,240.22,67958
2021-02-26T05:00:00Z,224.65,232.66,218.85,231.195,66415
2021-02-25T05:00:00Z,239.75,247.74,220.99,221.42,71059
2021-02-24T05:00:00Z,243.135,247.11,235.06,240.045,38990
2021-02-23T05:00:00Z,231.14,244.75,213.62,243.74,61616
2021-02-22T05:00:00Z,268,276.35,241.295,245.2,129912
2021-02-19T05:00:00Z,283.495,291.99,275.76,277.735,102012
2021-02-18T05:00:00Z,271.74,280.51,262.74,265.47,59453
2021-02-17T05:00:00Z,249.22,274.95,247.66,273.9,80863
2021-02-16T05:00:00Z,290.66,296.59,260,261.92,170911
2021-02-12T05:00:00Z,294.16,303.97,286.65,289.82,63508
2021-02-11T05:00:00Z,304.64,305.58,292.01,298.61,77089
2021-02-10T05:00:00Z,316.055,323.18,283.35,298.58,77807
2021-02-09T05:00:00Z,323.11,331.03,312.25,315.54,120175
2021-02-08T05:00:00Z,295.02,329.46,293.01,319.58,228625
2021-02-05T05:00:00Z,284.495,299.95,280.45,290.08,136129
2021-02-04T05:00:00Z,283.66,290.09,277.015,280.23,158855
2021-02-03T05:00:00Z,255.03,296.695,249.59,284.34,197796
2021-02-02T05:00:00Z,269.48,271.17,248.01,265.3,234914
2021-02-01T05:00:00Z,242.715,274.97,238.91,267.94,489701
2021-01-29T05:00:00Z,190.42,235.44,172.485,220.83,1083130
2021-01-28T05:00:00Z,130.25,140.3,129.57,134.13,149723
2021-01-27T05:00:00Z,124.33,136.18,122.06,131.15,116820
2021-01-26T05:00:00Z,131.86,131.93,127.02,127.26,62229
2021-01-25T05:00:00Z,126.87,131.44,125.49,131.41,93492
2021-01-22T05:00:00Z,123.5,127.17,121.56,127.17,93299
2021-01-21T05:00:00Z,125.22,129.54,122.205,122.31,74036
2021-01-20T05:00:00Z,130.04,131.99,121.45,125.145,81675
2021-01-19T05:00:00Z,128.97,136.73,127.36,128,137892
2021-01-15T05:00:00Z,129.51,135.49,127.01,127.26,81026
2021-01-14T05:00:00Z,127.685,131.18,124.13,129.95,60722
2021-01-13T05:00:00Z,124.23,132.97,124,126.25,74337
2021-01-12T05:00:00Z,117.64,124.79,116.06,124.04,108442
2021-01-11T05:00:00Z,118.815,120.71,113.81,116.47,112552
2021-01-08T05:00:00Z,129.88,137.34,121.06,121.54,167893
2021-01-07T05:00:00Z,124.82,129.83,124.61,128.39,80887
2021-01-06T05:00:00Z,115.33,124.16,114.61,123.78,78909
2021-01-05T05:00:00Z,113.14,119.15,110,116.25,94974
2021-01-04T05:00:00Z,112.67,114.49,109.255,113.05,89297
2020-12-31T05:00:00Z,119.3,119.3,110.98,111.49,71786
2020-12-30T05:00:00Z,124.22,125.16,117,118.95,65710
2020-12-29T05:00:00Z,117.83,121.72,114.17,120.11,56854
2020-12-28T05:00:00Z,128.74,129.69,116.7,116.87,89656
2020-12-24T05:00:00Z,126.29,132.07,122.51,129.3,71696
2020-12-23T05:00:00Z,111.7,129.92,107.1,127.735,121708
2020-12-22T05:00:00Z,123.66,123.72,109,115.43,124844
2020-12-21T05:00:00Z,125.37,130.42,123.18,123.98,64051
2020-12-18T05:00:00Z,130.96,130.96,123.03,124.92,101317
2020-12-17T05:00:00Z,124.67,132.44,123.82,131.98,116607
2020-12-16T05:00:00Z,121.65,121.99,113.68,120.81,99623
2020-12-15T05:00:00Z,130.8,130.8,120.8,126.52,61079
2020-12-14T05:00:00Z,130.45,135.22,127.54,129.69,80677
2020-12-11T05:00:00Z,118.99,129.58,118.81,124.79,115807
2020-12-10T05:00:00Z,112.115,116.785,111.93,115.025,109431
2020-12-09T05:00:00Z,123.52,123.69,106.45,115.275,237798
2020-12-08T05:00:00Z,124.6,125.895,117.39,120.08,105044
2020-12-07T05:00:00Z,127.43,130.5,122.9,123.03,95576
2020-12-04T05:00:00Z,129.21,130.49,125.86,126.08,57782
2020-12-03T05:00:00Z,126.92,131.245,125.14,129.14,100662
2020-12-02T05:00:00Z,120.485,127.495,116.07,125.28,39337
2020-12-01T05:00:00Z,150.11,150.11,120.56,123.55,194415
2020-11-30T05:00:00Z,119.4,147.23,118.83,139.34,406683
2020-11-27T05:00:00Z,108.05,131.96,107.59,125.71,204390
2020-11-25T05:00:00Z,95.38,103.85,95.145,102.48,99803
2020-11-24T05:00:00Z,95.05,97.405,91.48,95.19,89930
2020-11-23T05:00:00Z,89,98.36,88.19,93.85,265843
2020-11-20T05:00:00Z,86.75,88.71,85.93,86.56,74927
2020-11-19T05:00:00Z,88.85,90.28,85.8,86.49,93678
2020-11-18T05:00:00Z,91.02,93.35,87.26,89.82,98468
2020-11-17T05:00:00Z,89.95,94.32,88.13,92.8,89246
2020-11-16T05:00:00Z,95.7,95.96,84.64,90.62,176610
2020-11-13T05:00:00Z,93.45,98.19,91.46,96.52,188106
2020-11-12T05:00:00Z,86.15,95.35,86.15,90.98,271188
2020-11-11T05:00:00Z,80.36,88.1,80.36,84.9,236331
2020-11-10T05:00:00Z,85.46,85.62,76.68,78.75,214411
2020-11-09T05:00:00Z,94.73,101.2,89.875,90.32,292221
2020-11-06T05:00:00Z,92.65,92.65,88.4,89.92,88617
2020-11-05T05:00:00Z,89.24,93.38,87.93,93.06,92939
2020-11-04T05:00:00Z,85.16,88.6,84.87,87.19,85114
2020-11-03T05:00:00Z,83.73,84.35,80.74,83.52,81176
2020-11-02T05:00:00Z,82.44,85.44,80.82,82.29,50030
2020-10-30T04:00:00Z,86.28,86.89,78.62,80.62,106463
2020-10-29T04:00:00Z,83.01,89.27,80.85,87.68,98738
2020-10-28T04:00:00Z,87.95,88,81.07,81.25,114681
2020-10-27T04:00:00Z,87.55,93.51,87.49,89.54,127247
2020-10-26T04:00:00Z,91.09,93.79,86.54,87.21,92555
2020-10-23T04:00:00Z,92.94,93.185,86.6,93.07,131217
2020-10-22T04:00:00Z,89.02,95.41,89.02,93.64,81802
2020-10-21T04:00:00Z,97.75,97.91,90.93,91.17,113700
2020-10-20T04:00:00Z,102.7,103.15,95.88,98.47,133283
2020-10-19T04:00:00Z,107.8,107.8,100.44,102.08,91278
2020-10-16T04:00:00Z,111.65,112.01,106.04,107.11,90155
2020-10-15T04:00:00Z,109.56,112.82,106.7,111.33,77892
2020-10-14T04:00:00Z,119.72,121.7,111.77,111.81,104771
2020-10-13T04:00:00Z,111.14,120.59,110.95,117.225,184472
2020-10-12T04:00:00Z,111.07,112.35,109.59,110.09,83491
2020-10-09T04:00:00Z,112.1,115.6,111.08,111.11,72792
2020-10-08T04:00:00Z,111,114.35,109.2,111,99015
2020-10-07T04:00:00Z,108.52,110.225,107.46,109.91,71284
2020-10-06T04:00:00Z,110.69,112.98,106.25,107.42,94595
2020-10-05T04:00:00Z,105.4,110.49,104.11,110.145,106180
2020-10-02T04:00:00Z,101.6,107.85,100.55,103.75,83042
2020-10-01T04:00:00Z,109.25,109.3,103.185,104.825,109793
2020-09-30T04:00:00Z,109.49,116.16,107.51,108.455,52126
2020-09-29T04:00:00Z,107.42,109.47,105.17,107.93,33710
2020-09-28T04:00:00Z,115.23,117.235,106.66,111.08,93612
2020-09-25T04:00:00Z,107.61,117.085,106.04,113.53,79282
2020-09-24T04:00:00Z,98,106.46,97.13,102.36,33297
2020-09-23T04:00:00Z,110.95,112.055,101.26,101.45,97901
2020-09-22T04:00:00Z,110.25,112.23,106.69,111.56,36083
2020-09-21T04:00:00Z,102.82,110.525,102.82,110.115,30962
2020-09-18T04:00:00Z,114.65,114.65,104.94,108.47,98078
2020-09-17T04:00:00Z,118.19,125.56,112.12,115.37,44422
2020-09-16T04:00:00Z,109.43,126.52,109.39,120.14,79381
2020-09-15T04:00:00Z,110,112.08,106.27,110.3,68927
2020-09-14T04:00:00Z,96.5,106.39,94.58,105.83,66800
2020-09-11T04:00:00Z,94.71,97.9,92.39,95.32,44814
2020-09-10T04:00:00Z,90.63,99.16,90.63,92.96,61907
2020-09-09T04:00:00Z,88.2,91.8,86.51,90.75,33264
2020-09-08T04:00:00Z,86.51,92,83.74,85.395,65902
2020-09-04T04:00:00Z,101.79,103.1,87.04,92.78,55202
2020-09-03T04:00:00Z,112.55,113.09,102.66,102.98,57880
2020-09-02T04:00:00Z,98.99,105.22,94.65,102.88,68550
2020-09-01T04:00:00Z,108.325,109.395,102.36,104.99,45791
2020-08-31T04:00:00Z,115.275,117.02,106.88,110.35,46090
2020-08-28T04:00:00Z,106.59,109.905,102.96,107.6,22606
2020-08-27T04:00:00Z,114.65,115.485,107.18,107.25,24523
2020-08-26T04:00:00Z,107.005,122.49,106.91,114.605,103063
2020-08-25T04:00:00Z,107.475,117.73,97.4,113.14,224669
2020-08-24T04:00:00Z,131.03,132.27,117.155,119.34,97470
2020-08-21T04:00:00Z,142.64,145.67,133.71,137.54,34581
2020-08-20T04:00:00Z,142.95,148.67,142.72,143.045,36900
2020-08-19T04:00:00Z,140.73,148.895,140.39,147.01,52634
2020-08-18T04:00:00Z,152.73,153.87,138.55,146.225,62487
2020-08-17T04:00:00Z,149.18,155.64,145.81,155.4,29406
2020-08-14T04:00:00Z,142.63,150.335,138.02,146.535,89332
2020-08-13T04:00:00Z,127.14,140.58,127.14,133.11,191850
2020-08-12T04:00:00Z,146.97,146.97,112.97,124.65,249242
2020-08-11T04:00:00Z,168.36,168.36,144.17,149.44,210938
2020-08-10T04:00:00Z,175.85,181.475,173.21,178.84,43556
2020-08-07T04:00:00Z,169.055,178.24,166.51,169.99,89588
2020-08-06T04:00:00Z,178.035,178.035,160.46,167.63,103286
2020-08-05T04:00:00Z,181.5,189.1,165.51,173.32,189433
2020-08-04T04:00:00Z,155.05,157.02,151.01,157.02,33617
2020-08-03T04:00:00Z,145.68,159.875,145.075,155.83,49775
2020-07-31T04:00:00Z,146.16,148.3,142.085,143.18,29785
2020-07-30T04:00:00Z,140.99,148.67,140.71,146.6,34034
2020-07-29T04:00:00Z,152.795,154.29,144.21,145.5,55453
2020-07-28T04:00:00Z,139.49,150.8,136.53,148.46,38327
2020-07-27T04:00:00Z,132.75,141.01,132.595,139.56,44302
