2024-06-14T04:00:00Z,139.13,139.805,137.415,138.11,279167
2024-06-13T04:00:00Z,140.59,142.37,138.99,139.78,318426
2024-06-12T04:00:00Z,134.14,140.945,134.14,140.44,499580
2024-06-11T04:00:00Z,124.14,124.82,122.34,123.88,241419
2024-06-10T04:00:00Z,125.81,126.88,124.1,124.49,230723
2024-06-07T04:00:00Z,123.91,126.215,123.34,125.92,119186
2024-06-06T04:00:00Z,122.88,124.235,122.54,123.53,149203
2024-06-05T04:00:00Z,121.44,122.79,120.58,122.63,131926
2024-06-04T04:00:00Z,119.16,120.36,118.725,120.09,145680
2024-06-03T04:00:00Z,117.54,119.32,117.54,119.32,143047
2024-05-31T04:00:00Z,116.545,117.4,114.56,117.18,445893
2024-05-30T04:00:00Z,120.135,121.31,117.04,117.14,355472
2024-05-29T04:00:00Z,123.25,123.915,122.78,123.66,101989
2024-05-28T04:00:00Z,123.26,124.8,123.175,124.48,209912
2024-05-24T04:00:00Z,123.08,123.51,121.44,122.88,169286
2024-05-23T04:00:00Z,126.235,126.235,123.165,124.085,117677
2024-05-22T04:00:00Z,124.84,125.08,123.33,124.665,98439
2024-05-21T04:00:00Z,124.33,125.34,124.05,124.62,135634
2024-05-20T04:00:00Z,123.61,124.63,123.3,124.53,118478
2024-05-17T04:00:00Z,123.44,123.575,122.13,123.48,76322
2024-05-16T04:00:00Z,121.92,122.42,121.41,122.22,90537
2024-05-15T04:00:00Z,120.38,122.07,119.67,121.62,118092
2024-05-14T04:00:00Z,116.36,122.525,116.33,120.87,553193
2024-05-13T04:00:00Z,117.13,117.13,116.215,116.26,174151
2024-05-10T04:00:00Z,117.115,117.54,115.93,116.64,119047
2024-05-09T04:00:00Z,117.615,117.715,116.52,116.61,52115
2024-05-08T04:00:00Z,117.43,117.96,117.11,117.37,142529
2024-05-07T04:00:00Z,117.835,119.08,117.37,117.87,123346
2024-05-06T04:00:00Z,116.33,118.325,116.19,118.31,109862
2024-05-03T04:00:00Z,115.825,116.16,115.165,115.795,93830
2024-05-02T04:00:00Z,115.31,115.81,114.3,114.96,117363
2024-05-01T04:00:00Z,113.88,116.69,113.69,114.63,122149
2024-04-30T04:00:00Z,115.385,115.5,113.725,113.76,147731
2024-04-29T04:00:00Z,116.92,117.21,115.35,116.46,153808
2024-04-26T04:00:00Z,116.605,119.17,116.17,117.155,177771
2024-04-25T04:00:00Z,113.61,114.95,112.93,114.855,190368
2024-04-24T04:00:00Z,115.335,115.725,113.905,115.395,257728
2024-04-23T04:00:00Z,115.22,115.57,114.775,115.08,132140
2024-04-22T04:00:00Z,116.115,116.24,114.34,114.515,168376
2024-04-19T04:00:00Z,116.34,116.73,114.48,114.9,280372
2024-04-18T04:00:00Z,118.64,118.67,115.73,115.97,171490
2024-04-17T04:00:00Z,120.96,120.99,118.62,118.65,181610
2024-04-16T04:00:00Z,120.35,121.39,119.775,120.615,213033
2024-04-15T04:00:00Z,122.07,122.455,119.475,119.86,117809
2024-04-12T04:00:00Z,121.63,121.83,120.48,121.12,160673
2024-04-11T04:00:00Z,121.76,123.755,121.52,123.25,159435
2024-04-10T04:00:00Z,121.46,123.08,121.38,121.73,107349
2024-04-09T04:00:00Z,124.65,124.65,121.275,123.27,159456
2024-04-08T04:00:00Z,124.77,125.055,123.82,124.41,108374
2024-04-05T04:00:00Z,124.675,125.97,124.19,124.92,91510
2024-04-04T04:00:00Z,127.65,127.98,124.045,124.21,199504
2024-04-03T04:00:00Z,124.31,126.39,124.115,126.3,134536
2024-04-02T04:00:00Z,124.55,124.81,123.44,124.44,88042
2024-04-01T04:00:00Z,125.71,126.22,124.57,125.47,110265
2024-03-28T04:00:00Z,125.54,126.15,125.255,125.57,125453
2024-03-27T04:00:00Z,127.66,127.66,124.47,125.25,219358
2024-03-26T04:00:00Z,126.58,126.925,125.84,126.48,198250
2024-03-25T04:00:00Z,127.65,127.65,126.07,126.08,214057
2024-03-22T04:00:00Z,129.165,129.165,127.58,127.83,176601
2024-03-21T04:00:00Z,130.33,132.75,128.95,129,985694
2024-03-20T04:00:00Z,129.93,130.525,128.29,129.14,281472
2024-03-19T04:00:00Z,127.615,129.195,126.5,129.09,287047
2024-03-18T04:00:00Z,127.3,128.87,126.985,127.84,211418
2024-03-15T04:00:00Z,124.135,125.895,123.84,125.6,301747
2024-03-14T04:00:00Z,127.71,127.715,124.985,125.57,370233
2024-03-13T04:00:00Z,128.085,128.74,124.83,125.58,286586
2024-03-12T04:00:00Z,126.41,129.355,124.725,127.515,1040346
2024-03-11T04:00:00Z,111.47,114.75,111.2,114.11,246659
2024-03-08T05:00:00Z,113.97,114.31,111.56,112.49,249395
2024-03-07T05:00:00Z,113.29,114.795,112.33,114.54,262141
2024-03-06T05:00:00Z,111.67,113.02,110.69,112.27,133968
2024-03-05T05:00:00Z,113.13,113.13,110.375,110.96,198240
2024-03-04T05:00:00Z,113.71,114.54,113.52,114.04,108581
2024-03-01T05:00:00Z,111.57,113.93,111.57,113.75,149643
2024-02-29T05:00:00Z,111.55,112.38,110.68,111.56,132990
2024-02-28T05:00:00Z,111.15,112.015,111.15,111.71,85034
2024-02-27T05:00:00Z,110.56,111.5,109.81,111.425,138789
2024-02-26T05:00:00Z,112.025,112.52,110.93,110.93,185551
2024-02-23T05:00:00Z,111.875,113.37,111.72,111.9,186695
2024-02-22T05:00:00Z,111.6,111.885,109.69,111.02,190898
2024-02-21T05:00:00Z,106.76,108.36,106.635,108.15,161790
2024-02-20T05:00:00Z,110.54,110.765,107.72,108.41,262618
2024-02-16T05:00:00Z,112.94,112.94,111.245,111.27,203424
2024-02-15T05:00:00Z,114.01,114.01,112.58,112.76,204062
2024-02-14T05:00:00Z,114.51,114.7,113.58,114.26,117906
2024-02-13T05:00:00Z,113.76,114.18,113.06,113.7,160169
2024-02-12T05:00:00Z,115.69,117.07,115.445,115.86,145058
2024-02-09T05:00:00Z,117.175,117.295,115.73,116.65,158716
2024-02-08T05:00:00Z,117.015,117.775,115.98,116.67,166179
2024-02-07T05:00:00Z,115.835,117.59,115.45,117.27,143984
2024-02-06T05:00:00Z,116.68,116.71,115,115.31,82607
2024-02-05T05:00:00Z,115.53,116.71,114.79,116.4,94698
2024-02-02T05:00:00Z,115.7,116.485,115.18,115.79,186668
2024-02-01T05:00:00Z,112.75,115.775,112.63,115.54,191912
2024-01-31T05:00:00Z,113.66,114.17,111.67,111.67,135228
2024-01-30T05:00:00Z,113.27,114.39,112.66,114.19,214352
2024-01-29T05:00:00Z,114.17,114.5,113.02,113.75,267152
2024-01-26T05:00:00Z,114.6,115.46,114.31,114.64,115907
2024-01-25T05:00:00Z,115.27,116.18,114.365,115.03,174687
2024-01-24T05:00:00Z,113.42,115.39,113.375,114.295,362212
2024-01-23T05:00:00Z,110.29,112.675,109.575,111.83,271018
2024-01-22T05:00:00Z,110.09,110.61,109.27,110.13,147410
2024-01-19T05:00:00Z,109.31,110.21,109.08,109.63,210646
2024-01-18T05:00:00Z,106.935,108.875,106.62,108.68,263240
2024-01-17T05:00:00Z,106.8,107.455,105.72,106.41,162509
2024-01-16T05:00:00Z,106.42,106.66,105.44,106.62,206117
2024-01-12T05:00:00Z,105.22,106.63,104.98,106.63,205564
2024-01-11T05:00:00Z,104.39,104.835,103.575,104.76,167224
2024-01-10T05:00:00Z,103.24,104.065,102.75,103.91,153832
2024-01-09T05:00:00Z,104.04,104.46,103.29,103.64,294117
2024-01-08T05:00:00Z,103.1,104.765,102.13,104.655,271184
2024-01-05T05:00:00Z,102.53,103.69,102.32,102.76,138617
2024-01-04T05:00:00Z,102.84,103.25,102.45,102.61,189156
2024-01-03T05:00:00Z,103.21,103.38,101.765,102.435,268202
2024-01-02T05:00:00Z,104.35,104.53,102.495,104.07,231888
2023-12-29T05:00:00Z,106.7,106.86,104.8,105.43,91751
2023-12-28T05:00:00Z,105.97,106.595,105.58,106.32,150545
2023-12-27T05:00:00Z,106.23,106.23,105.57,105.96,104131
2023-12-26T05:00:00Z,106.48,106.5,105.355,106.19,89624
2023-12-22T05:00:00Z,105.7,106.48,105.46,106.21,110490
2023-12-21T05:00:00Z,104.71,105.91,104.52,105.81,285488
2023-12-20T05:00:00Z,106,106.09,104.06,104.16,232034
2023-12-19T05:00:00Z,105.06,106.31,104.82,106.27,223042
2023-12-18T05:00:00Z,103.16,106.15,102.98,105,361487
2023-12-15T05:00:00Z,99.69,103.965,99.43,103.25,553827
2023-12-14T05:00:00Z,102.04,102.18,99.88,100.265,671317
2023-12-13T05:00:00Z,101.03,103.04,99.27,102.99,759843
2023-12-12T05:00:00Z,102.65,104.815,100.695,100.8,1457261
2023-12-11T05:00:00Z,113.64,115.34,113.64,115.08,523995
2023-12-08T05:00:00Z,112.095,113.635,111.64,113.61,190176
2023-12-07T05:00:00Z,112.225,113.02,111.825,112.88,165053
2023-12-06T05:00:00Z,114.6,114.95,111.94,111.97,242646
2023-12-05T05:00:00Z,114.565,115.19,113.83,114.56,166879
2023-12-04T05:00:00Z,116.29,116.68,114.57,115.77,250708
2023-12-01T05:00:00Z,116.085,117.34,115.265,117.14,180015
2023-11-30T05:00:00Z,116.76,117.19,115.19,116.15,149479
2023-11-29T05:00:00Z,117,117.555,115.985,116.26,132368
2023-11-28T05:00:00Z,116.395,116.765,115.92,116.3,128251
2023-11-27T05:00:00Z,116.02,116.76,115.53,116.48,216637
2023-11-24T05:00:00Z,116.32,116.32,115.35,116.14,32734
2023-11-22T05:00:00Z,116.9,117.23,115.54,116.25,102825
2023-11-21T05:00:00Z,117.16,117.55,115.69,116.05,158786
2023-11-20T05:00:00Z,115.69,117.145,115.63,116.92,107578
2023-11-17T05:00:00Z,114.66,115.6,114.33,115.33,109973
2023-11-16T05:00:00Z,113.68,115.86,113.63,114.625,299158
2023-11-15T05:00:00Z,116.17,116.255,113.925,114.01,184231
2023-11-14T05:00:00Z,114.86,116.455,114.5,116.13,221169
2023-11-13T05:00:00Z,112.99,114.49,112.81,114.14,118840
2023-11-10T05:00:00Z,111.95,113.175,111.14,113.065,121610
2023-11-09T05:00:00Z,112.315,113.3,111.68,112.21,220632
2023-11-08T05:00:00Z,109.435,112.56,109.3,112.35,429735
2023-11-07T05:00:00Z,109.87,110.255,108.61,108.99,151478
2023-11-06T05:00:00Z,108.02,109.205,107.44,109.13,122433
2023-11-03T04:00:00Z,107.25,109.05,106.655,108.03,132113
2023-11-02T04:00:00Z,106.49,107.195,105.595,106.87,131260
2023-11-01T04:00:00Z,103.93,106.19,103.84,105.73,254143
2023-10-31T04:00:00Z,102.005,103.505,101.135,103.37,145791
2023-10-30T04:00:00Z,101.37,102.36,100.84,101.67,91141
2023-10-27T04:00:00Z,101.37,102.04,100.6,100.96,109274
2023-10-26T04:00:00Z,101.71,102.33,99.89,100.38,155451
2023-10-25T04:00:00Z,103.48,103.62,101.03,101.465,151875
2023-10-24T04:00:00Z,103.9,104.46,102.52,103.16,150381
2023-10-23T04:00:00Z,102.62,104.68,102.07,103.6,394751
2023-10-20T04:00:00Z,106.81,106.81,100.7,101.83,931793
2023-10-19T04:00:00Z,109.01,110.21,108.225,108.32,226089
2023-10-18T04:00:00Z,108.62,109.715,107.86,108.21,197201
2023-10-17T04:00:00Z,107.51,109.765,106.905,109.065,116710
2023-10-16T04:00:00Z,109.01,109.59,108.43,108.7,206310
2023-10-13T04:00:00Z,109.22,109.44,107.795,108.29,215979
2023-10-12T04:00:00Z,109.91,110.915,108.92,109.1,254815
2023-10-11T04:00:00Z,109.5,110.04,108.84,109.62,176735
2023-10-10T04:00:00Z,110.21,111.05,109.625,109.735,183851
2023-10-09T04:00:00Z,110.75,110.915,109.5,110.36,191050
2023-10-06T04:00:00Z,108.31,110.51,107.715,109.99,209467
2023-10-05T04:00:00Z,107.08,108.435,106.21,108.35,417456
2023-10-04T04:00:00Z,104.51,107.295,104.5,107.05,209634
2023-10-03T04:00:00Z,106.42,106.42,103.63,104.49,291966
2023-10-02T04:00:00Z,105.83,106.73,105.295,106.69,152366
2023-09-29T04:00:00Z,107.11,107.35,105.38,105.97,168812
2023-09-28T04:00:00Z,104.03,106.6,103.355,106.16,180360
2023-09-27T04:00:00Z,105,105.19,103.36,104.62,176048
2023-09-26T04:00:00Z,107.14,107.175,104.34,104.87,321886
2023-09-25T04:00:00Z,108.32,108.65,107.52,108.29,316516
2023-09-22T04:00:00Z,109.99,110.49,108.54,109.09,325208
2023-09-21T04:00:00Z,112.01,112.33,109.36,109.43,353784
2023-09-20T04:00:00Z,112.82,114.68,112.465,112.86,180999
2023-09-19T04:00:00Z,112.32,113.59,111.72,112.79,200149
2023-09-18T04:00:00Z,113.56,114.39,111.625,112.22,293803
2023-09-15T04:00:00Z,114.09,115.18,112.51,113.89,319174
2023-09-14T04:00:00Z,113.62,115.115,111.99,113.66,400663
2023-09-13T04:00:00Z,108.32,112.93,108.22,111.835,813826
2023-09-12T04:00:00Z,112.25,113.17,107.305,109.615,1757979
2023-09-11T04:00:00Z,126.93,127.4,124.74,126.72,537375
2023-09-08T04:00:00Z,124.67,126.67,124.485,126.33,277039
2023-09-07T04:00:00Z,124,125.945,122.61,125.1,201445
2023-09-06T04:00:00Z,123.15,124.565,122.97,124.33,97350
2023-09-05T04:00:00Z,122.24,124.23,121.32,123.98,311516
2023-09-01T04:00:00Z,120.95,121.69,120.125,120.91,134480
2023-08-31T04:00:00Z,121.23,121.96,120.16,120.4,126412
2023-08-30T04:00:00Z,121.01,121.725,120.165,121.14,130270
2023-08-29T04:00:00Z,120.885,121.18,118.54,120.65,324286
2023-08-28T04:00:00Z,116.57,117.7,115.72,116.905,107499
2023-08-25T04:00:00Z,112.99,116.14,112.75,116.08,297169
2023-08-24T04:00:00Z,119.345,119.5,112.43,112.91,451946
2023-08-23T04:00:00Z,117.34,120.43,112.29,117.755,437967
2023-08-22T04:00:00Z,117.54,117.63,115.74,116.565,135471
2023-08-21T04:00:00Z,117.02,117.28,115.21,116.59,175385
2023-08-18T04:00:00Z,114.5,116.96,113.985,116.46,185896
2023-08-17T04:00:00Z,115.92,116.765,114.365,114.88,294186
2023-08-16T04:00:00Z,117.16,117.78,115.285,115.31,151948
2023-08-15T04:00:00Z,115.51,118.035,114.935,117.3,304058
2023-08-14T04:00:00Z,113.25,115.8,113.25,115.545,123698
2023-08-11T04:00:00Z,112.185,113.47,111.14,113.07,98123
2023-08-10T04:00:00Z,113.925,115.05,112.5,113.015,101364
2023-08-09T04:00:00Z,115.56,115.63,112.37,113.13,123269
2023-08-08T04:00:00Z,115.215,115.56,114.23,115.2,93429
2023-08-07T04:00:00Z,115.47,116.37,115.07,116.115,165878
2023-08-04T04:00:00Z,115.34,116.38,114.255,114.48,117348
2023-08-03T04:00:00Z,115.685,116.165,114.28,114.6,124909
2023-08-02T04:00:00Z,116.825,116.89,114.38,115.71,203569
2023-08-01T04:00:00Z,116.77,118.02,116.475,117.89,128597
2023-07-31T04:00:00Z,116.3,117.22,115.83,117.205,276226
2023-07-28T04:00:00Z,116.94,117.27,115.66,115.96,262826
2023-07-27T04:00:00Z,117.57,117.6,115.66,116.41,246981
2023-07-26T04:00:00Z,117.44,117.555,115.025,115.46,235579
2023-07-25T04:00:00Z,118.405,118.505,116.85,117.95,269870
2023-07-24T04:00:00Z,117.99,118.51,116.81,118.08,240443
2023-07-21T04:00:00Z,116.46,119.25,116.33,117.64,325176
2023-07-20T04:00:00Z,117.34,119,115.27,115.91,465363
2023-07-19T04:00:00Z,120.67,121.33,118.49,118.68,314566
2023-07-18T04:00:00Z,118.69,121.27,117.87,120.76,286494
2023-07-17T04:00:00Z,119.205,119.945,118.27,118.88,178052
2023-07-14T04:00:00Z,118.14,119.965,117.68,119.285,204294
2023-07-13T04:00:00Z,117.08,118.53,116.76,117.45,258769
2023-07-12T04:00:00Z,115.82,118.05,115.65,115.975,228506
2023-07-11T04:00:00Z,114.195,114.99,113.475,114.88,173726
2023-07-10T04:00:00Z,114.465,114.97,113.67,114.375,179450
2023-07-07T04:00:00Z,114.81,115.975,114.505,114.605,179773
2023-07-06T04:00:00Z,114.89,115.8,114.66,115.49,191764
2023-07-05T04:00:00Z,116.49,117,115.42,115.99,247162
2023-07-03T04:00:00Z,117.96,118.21,116.835,117.18,97113
2023-06-30T04:00:00Z,119.535,121.72,119.07,119.085,325281
2023-06-29T04:00:00Z,115.78,117.745,114.645,117.745,248593
2023-06-28T04:00:00Z,116.835,118.6,116.41,116.52,340063
2023-06-27T04:00:00Z,116.51,118.44,116.35,117.83,338084
2023-06-26T04:00:00Z,118.04,119.39,116.73,116.775,308713
2023-06-23T04:00:00Z,119.53,119.8,118.15,118.58,459028
2023-06-22T04:00:00Z,121.68,122.59,120.085,120.54,337022
2023-06-21T04:00:00Z,121.94,123.35,120.36,122.13,588320
2023-06-20T04:00:00Z,124.82,125.1,121.975,122.05,409235
2023-06-16T04:00:00Z,127.1,127.19,125.16,125.4,293440
2023-06-15T04:00:00Z,121.99,127.45,121.7,126.57,816223
2023-06-14T04:00:00Z,116.5,122.5,115.8,122.25,637030
2023-06-13T04:00:00Z,123.25,123.95,116.025,116.675,1329257
2023-06-12T04:00:00Z,114.54,117.5,114.365,116.48,979798
2023-06-09T04:00:00Z,107.84,110.13,107.44,109.88,393184
2023-06-08T04:00:00Z,105.69,107.78,105.41,107.485,210063
2023-06-07T04:00:00Z,106.895,108.34,104.835,105.26,432691
2023-06-06T04:00:00Z,106.74,107.44,106.3,107.09,230374
2023-06-05T04:00:00Z,105.95,107.57,105.54,106.93,218706
2023-06-02T04:00:00Z,106.49,106.76,105.78,105.86,390920
2023-06-01T04:00:00Z,105.07,106.61,104.79,105.99,223793
2023-05-31T04:00:00Z,104.42,106.4,104.22,105.97,245688
2023-05-30T04:00:00Z,104.94,105.93,104.25,105.195,259983
2023-05-26T04:00:00Z,104.6,106.21,104.03,104.06,509935
2023-05-25T04:00:00Z,99.2,104.66,98.81,104.28,456092
2023-05-24T04:00:00Z,97.79,98.86,97.31,98.28,124945
2023-05-23T04:00:00Z,100.83,101.41,98.465,98.54,240943
2023-05-22T04:00:00Z,102.505,103.1,101.755,101.755,191055
2023-05-19T04:00:00Z,102.33,103.065,101.925,102.83,244608
2023-05-18T04:00:00Z,99.82,102.455,99.765,102.345,310337
2023-05-17T04:00:00Z,98.9,100.4,98.44,99.74,220821
2023-05-16T04:00:00Z,96.965,98.805,96.95,98.26,141716
2023-05-15T04:00:00Z,97.935,97.945,97.095,97.215,75202
2023-05-12T04:00:00Z,97.68,97.91,96.955,97.845,159694
2023-05-11T04:00:00Z,97.55,97.595,96.36,97.44,108613
2023-05-10T04:00:00Z,96.89,97.655,96.27,97.53,119729
2023-05-09T04:00:00Z,96.59,96.88,96.1,96.15,139371
2023-05-08T04:00:00Z,97.04,97.23,96.445,96.79,182722
2023-05-05T04:00:00Z,95.02,97.285,94.87,96.93,164505
2023-05-04T04:00:00Z,95.11,95.12,94.43,94.98,170020
2023-05-03T04:00:00Z,95.21,95.415,94.545,94.81,251277
2023-05-02T04:00:00Z,94.94,95.215,93.85,94.795,177377
2023-05-01T04:00:00Z,94.945,95.725,94.725,94.85,184375
2023-04-28T04:00:00Z,94.37,95.395,94.25,94.69,160983
2023-04-27T04:00:00Z,94.355,95.085,93.3,95.065,123070
2023-04-26T04:00:00Z,93.845,94.78,93.455,93.74,133470
2023-04-25T04:00:00Z,95.14,95.67,94.02,94.05,138709
2023-04-24T04:00:00Z,95.6,96.045,94.99,95.44,120451
2023-04-21T04:00:00Z,95.075,95.3,94.275,95.18,229628
2023-04-20T04:00:00Z,96,96.08,94.6,94.81,147955
2023-04-19T04:00:00Z,96.15,96.41,95.61,95.83,149716
2023-04-18T04:00:00Z,95.86,96.725,95.78,96.49,214136
2023-04-17T04:00:00Z,95.74,95.975,95.33,95.6,180835
2023-04-14T04:00:00Z,95.46,95.97,94.68,95.715,233182
2023-04-13T04:00:00Z,94.13,95.745,93.99,95.54,171951
2023-04-12T04:00:00Z,94.34,95.32,93.62,93.91,244640
2023-04-11T04:00:00Z,93.385,94.125,93.36,93.97,235588
2023-04-10T04:00:00Z,94.68,95.11,93.57,93.74,247825
2023-04-06T04:00:00Z,94.24,96.07,94.07,95.935,305065
2023-04-05T04:00:00Z,93.62,95.105,93.62,94.86,308211
2023-04-04T04:00:00Z,93.92,94.01,92.94,94.005,291437
2023-04-03T04:00:00Z,92.33,93.99,92.13,93.92,383676
2023-03-31T04:00:00Z,90.515,92.995,90.515,92.93,322675
2023-03-30T04:00:00Z,90.865,91.16,89.72,90.515,160124
2023-03-29T04:00:00Z,90.2,90.65,89.82,90.64,188426
2023-03-28T04:00:00Z,90.25,90.88,89.505,89.86,166704
2023-03-27T04:00:00Z,88.55,90.495,88.55,90.13,275323
2023-03-24T04:00:00Z,87.87,88.48,87.51,88.02,181950
2023-03-23T04:00:00Z,88.93,89.61,87.65,87.77,430920
2023-03-22T04:00:00Z,87.51,89.14,87.505,87.91,285514
2023-03-21T04:00:00Z,87.415,87.835,86.67,87.54,341773
2023-03-20T04:00:00Z,85.28,87.51,85.28,86.93,298567
2023-03-17T04:00:00Z,85.1,85.98,84.66,85.24,210344
2023-03-16T04:00:00Z,82.73,85.105,82.14,84.805,471611
2023-03-15T04:00:00Z,83.135,83.21,82.12,82.99,448143
2023-03-14T04:00:00Z,85.79,85.79,83.46,84.565,256798
2023-03-13T04:00:00Z,83.285,85.515,82.07,84.92,349569
2023-03-10T05:00:00Z,84.87,84.92,82.9,84.08,783443
2023-03-09T05:00:00Z,88.33,89.61,86.54,86.89,262879
2023-03-08T05:00:00Z,88.59,89.08,88.15,88.465,213513
2023-03-07T05:00:00Z,89.955,90.06,88.05,88.35,170043
2023-03-06T05:00:00Z,89.4,90.645,89.18,89.745,200445
2023-03-03T05:00:00Z,87.385,89.29,87.34,89.22,206732
2023-03-02T05:00:00Z,86.45,87.245,85.91,86.92,143467
2023-03-01T05:00:00Z,86.78,87.18,86,86.34,171461
2023-02-28T05:00:00Z,87.84,87.98,87.19,87.42,137310
2023-02-27T05:00:00Z,88.97,88.97,87.37,87.96,199456
2023-02-24T05:00:00Z,87.2,88.88,87.18,88.62,184656
2023-02-23T05:00:00Z,87.145,89.48,87.085,88.57,310390
2023-02-22T05:00:00Z,86.64,87.18,86.005,86.285,158330
2023-02-21T05:00:00Z,86.775,86.92,86.155,86.19,125177
2023-02-17T05:00:00Z,86.91,87.385,86.57,87.265,80845
2023-02-16T05:00:00Z,87.17,88.26,87.02,87.72,135812
2023-02-15T05:00:00Z,88.9,89.18,88.035,88.33,137816
2023-02-14T05:00:00Z,89.12,89.375,87.74,89.11,316288
2023-02-13T05:00:00Z,87.275,89.44,87.21,89.43,167281
2023-02-10T05:00:00Z,86.58,87.375,86.36,87.135,165581
2023-02-09T05:00:00Z,87.17,87.9,86.33,86.66,143527
2023-02-08T05:00:00Z,87.03,87.905,86.53,86.71,170332
2023-02-07T05:00:00Z,87.82,88.015,86.32,87.75,241364
2023-02-06T05:00:00Z,89.56,89.56,88.42,88.54,145571
2023-02-03T05:00:00Z,88.47,90.255,88.31,89.62,274202
2023-02-02T05:00:00Z,90.84,91.065,88.99,89.37,408838
2023-02-01T05:00:00Z,88.325,90.63,88.21,90.06,217605
2023-01-31T05:00:00Z,87.82,88.45,87.365,88.45,154625
2023-01-30T05:00:00Z,88.405,88.54,86.995,87.375,308027
2023-01-27T05:00:00Z,89.4,89.72,88.985,89,272614
2023-01-26T05:00:00Z,89.8,90.46,89.1,89.82,250902
2023-01-25T05:00:00Z,88.585,89.85,87.74,89.63,220882
2023-01-24T05:00:00Z,88.575,90.095,88.325,89.785,528589
2023-01-23T05:00:00Z,87.17,89.12,87,89,313693
2023-01-20T05:00:00Z,85.98,87.375,85.495,87.25,252863
2023-01-19T05:00:00Z,86.5,86.94,85.26,85.92,177131
2023-01-18T05:00:00Z,88.47,88.6,86.61,86.71,309956
2023-01-17T05:00:00Z,89.32,89.425,88.43,88.61,333471
2023-01-13T05:00:00Z,87.85,89.445,87.72,89.205,211193
2023-01-12T05:00:00Z,88.72,89.195,88.225,88.81,221065
2023-01-11T05:00:00Z,87.485,88.65,87.12,88.61,383688
2023-01-10T05:00:00Z,86.09,86.57,85.61,86.47,219363
2023-01-09T05:00:00Z,86.92,87.59,86.215,86.44,234078
2023-01-06T05:00:00Z,84.76,86.33,83.9,85.66,189077
2023-01-05T05:00:00Z,84.9,85.4,83.225,84.325,365600
2023-01-04T05:00:00Z,84.08,85.16,83.655,84.48,452824
2023-01-03T05:00:00Z,82.32,83.83,82.28,83.71,350340
2022-12-30T05:00:00Z,81.19,81.92,80.805,81.74,256461
2022-12-29T05:00:00Z,80.96,81.8,80.725,81.38,144861
2022-12-28T05:00:00Z,81.045,81.63,80.2,80.34,186260
2022-12-27T05:00:00Z,80.95,81.465,80.65,80.98,126714
2022-12-23T05:00:00Z,80.34,80.87,80.025,80.83,159592
2022-12-22T05:00:00Z,80.975,81.095,79.455,80.52,251398
2022-12-21T05:00:00Z,81.33,82.135,80.97,81.515,198692
2022-12-20T05:00:00Z,80.67,81.44,80.36,80.94,252798
2022-12-19T05:00:00Z,79.885,81.095,79.71,80.5,286500
2022-12-16T05:00:00Z,79.94,80.445,79.485,79.57,481311
2022-12-15T05:00:00Z,80.865,81,79.465,80.1,347297
2022-12-14T05:00:00Z,81.025,82.85,80.57,81.81,479998
2022-12-13T05:00:00Z,85.02,85.49,79.715,80.61,1245223
2022-12-12T05:00:00Z,80.425,81.395,79.94,81.245,717231
2022-12-09T05:00:00Z,79.715,80.355,79.59,79.895,265517
2022-12-08T05:00:00Z,79.23,80.195,78.545,80.075,284641
2022-12-07T05:00:00Z,78.76,79.43,78.61,78.78,164150
2022-12-06T05:00:00Z,79.48,79.82,78.07,78.88,285815
2022-12-05T05:00:00Z,82.22,82.32,79.41,79.42,391874
2022-12-02T05:00:00Z,83.105,83.61,82.59,83.35,184478
2022-12-01T05:00:00Z,83.04,84.53,82.36,84.15,322720
2022-11-30T05:00:00Z,80.46,83.175,80.43,83.02,216425
2022-11-29T05:00:00Z,81.1,81.45,80.53,80.85,144124
2022-11-28T05:00:00Z,81.8,82.09,81.075,81.4,274979
2022-11-25T05:00:00Z,83,83.48,82.545,82.73,127251
2022-11-23T05:00:00Z,81.84,82.895,81.82,82.59,288494
2022-11-22T05:00:00Z,80.05,82.205,79.85,82.12,364891
2022-11-21T05:00:00Z,79.77,80.095,78.94,79.85,141093
2022-11-18T05:00:00Z,80.06,80.23,78.87,79.75,242622
2022-11-17T05:00:00Z,78.78,79.565,78.24,79.2,236852
2022-11-16T05:00:00Z,79,80.225,78.995,79.9,194702
2022-11-15T05:00:00Z,78.96,80.67,78.11,79.22,345312
2022-11-14T05:00:00Z,77.63,79.52,77.41,78.54,227165
2022-11-11T05:00:00Z,77.11,77.885,76.575,77.79,300509
2022-11-10T05:00:00Z,77.88,78.47,76.715,77.02,463110
2022-11-09T05:00:00Z,75.44,76.53,75.35,75.68,379596
2022-11-08T05:00:00Z,76.99,77.09,75.04,75.68,336160
2022-11-07T05:00:00Z,76.17,77.085,75.495,76.8,257327
2022-11-04T04:00:00Z,76.08,76.64,74.24,76,325837
2022-11-03T04:00:00Z,74.56,75.66,74.06,74.985,294475
2022-11-02T04:00:00Z,76.74,77.42,75.01,75.1,308222
2022-11-01T04:00:00Z,78.79,79.22,76.35,77.16,370628
2022-10-31T04:00:00Z,76.58,78.33,76.44,78.08,581320
2022-10-28T04:00:00Z,75.63,77.67,75.54,77.37,333325
2022-10-27T04:00:00Z,75.19,75.87,74.555,75.18,270818
2022-10-26T04:00:00Z,72.76,75.705,72.76,74.84,417736
2022-10-25T04:00:00Z,73.44,74.08,72.615,73.15,326087
2022-10-24T04:00:00Z,73.145,73.68,71.795,72.98,464995
2022-10-21T04:00:00Z,71.24,72.79,70.47,72.71,769217
2022-10-20T04:00:00Z,67.57,69.9,67.335,69.23,762467
2022-10-19T04:00:00Z,66.52,67.18,65.795,66.32,251490
2022-10-18T04:00:00Z,68.46,68.49,66.33,67.08,316617
2022-10-17T04:00:00Z,65.94,67.55,65.92,67.05,482035
2022-10-14T04:00:00Z,65.59,66.6,64.22,64.39,455355
2022-10-13T04:00:00Z,62.52,65.7,62.27,65.22,474711
2022-10-12T04:00:00Z,62.51,64.255,62.4,63.785,316321
2022-10-11T04:00:00Z,62,63.095,61.655,62.35,380737
2022-10-10T04:00:00Z,63.86,63.86,62.03,62.58,266729
2022-10-07T04:00:00Z,64.51,64.565,62.745,63.28,280211
2022-10-06T04:00:00Z,66.415,66.8,65.24,65.28,237490
2022-10-05T04:00:00Z,65.32,67.15,65.22,66.66,348827
2022-10-04T04:00:00Z,63.92,65.82,63.9,65.68,496957
2022-10-03T04:00:00Z,61.24,63.22,60.82,63.08,347094
2022-09-30T04:00:00Z,61.18,62.12,61.06,61.14,260290
2022-09-29T04:00:00Z,62.365,62.59,60.79,61.43,414072
2022-09-28T04:00:00Z,62.55,63.34,62.27,63.03,336374
2022-09-27T04:00:00Z,64.2,64.395,62.04,62.42,428200
2022-09-26T04:00:00Z,64.28,64.88,63.415,63.47,235599
2022-09-23T04:00:00Z,65.32,65.39,63.88,64.57,344457
2022-09-22T04:00:00Z,66.85,66.895,65.85,66.015,295991
2022-09-21T04:00:00Z,68.87,68.87,66.745,66.745,405952
2022-09-20T04:00:00Z,68.24,68.45,67.46,68.09,270794
2022-09-19T04:00:00Z,68.45,69.12,67.905,69.075,363387
2022-09-16T04:00:00Z,69.66,69.66,68.255,68.84,794475
2022-09-15T04:00:00Z,71.53,72.09,69.75,70.2,585569
2022-09-14T04:00:00Z,75.77,75.87,71.77,72.125,1000947
2022-09-13T04:00:00Z,76.58,79.405,75.79,76.07,1774196
2022-09-12T04:00:00Z,76.69,77.37,76.27,77.085,782299
2022-09-09T04:00:00Z,74.84,76,74.445,75.92,297322
2022-09-08T04:00:00Z,74.02,74.79,73.62,74.66,346656
2022-09-07T04:00:00Z,73.66,74.66,73.42,74.47,252361
2022-09-06T04:00:00Z,74.7,75.195,73.55,73.87,341125
2022-09-02T04:00:00Z,75.725,76.77,74.5,74.68,569150
2022-09-01T04:00:00Z,74.325,75.33,73.53,75.29,323751
2022-08-31T04:00:00Z,74.52,75.14,74.05,74.2,229902
2022-08-30T04:00:00Z,74.55,74.59,73.49,74.145,199221
2022-08-29T04:00:00Z,74.12,74.85,74.095,74.2,173014
2022-08-26T04:00:00Z,77.01,77.22,74.58,74.66,231558
2022-08-25T04:00:00Z,76.35,76.91,76.01,76.91,137718
2022-08-24T04:00:00Z,76.44,76.56,76.06,76.18,181844
2022-08-23T04:00:00Z,76.53,77.01,76.41,76.42,187901
2022-08-22T04:00:00Z,77.83,77.83,76.185,76.515,259054
2022-08-19T04:00:00Z,79.03,79.075,78.45,78.67,248686
2022-08-18T04:00:00Z,79.285,79.875,79.025,79.4,176230
2022-08-17T04:00:00Z,79.14,79.77,79,79.24,213672
2022-08-16T04:00:00Z,78.95,79.655,78.87,79.54,283380
2022-08-15T04:00:00Z,78.88,79.4,78.52,79.12,187754
2022-08-12T04:00:00Z,77.94,79.42,77.72,79.14,330974
2022-08-11T04:00:00Z,77.95,77.95,77.1,77.19,268699
2022-08-10T04:00:00Z,77.6,77.93,77.22,77.52,269224
2022-08-09T04:00:00Z,76.31,76.895,75.86,76.8,283801
2022-08-08T04:00:00Z,76.98,77.36,76.28,76.48,196079
2022-08-05T04:00:00Z,76.15,77.4,76.08,77.36,185795
2022-08-04T04:00:00Z,77.335,77.81,77.11,77.435,177767
2022-08-03T04:00:00Z,76.765,77.75,76.31,77.36,250723
2022-08-02T04:00:00Z,76.97,77.22,76.07,76.42,375733
2022-08-01T04:00:00Z,77.19,77.79,76.73,77.45,227350
2022-07-29T04:00:00Z,77.06,78.15,77.02,77.85,299354
2022-07-28T04:00:00Z,75.645,77.27,75.32,77.05,268560
2022-07-27T04:00:00Z,74.36,76.11,74.36,75.9,320733
2022-07-26T04:00:00Z,74.675,75.27,73.705,74.01,493193
2022-07-25T04:00:00Z,75.2,75.42,74.34,74.845,324270
2022-07-22T04:00:00Z,74.89,75.275,74.275,74.94,344382
2022-07-21T04:00:00Z,72.25,74.625,72.14,74.56,365257
2022-07-20T04:00:00Z,72.52,73.08,72.16,72.59,297158
2022-07-19T04:00:00Z,70.68,72.3,70.34,72.17,239280
2022-07-18T04:00:00Z,71.2,71.67,70.15,70.2,225092
2022-07-15T04:00:00Z,70.32,70.86,70.045,70.78,178498
2022-07-14T04:00:00Z,69.06,69.58,68.24,69.48,268196
2022-07-13T04:00:00Z,69.05,70.51,68.91,70.05,291064
2022-07-12T04:00:00Z,71.72,71.9,70.075,70.42,436444
2022-07-11T04:00:00Z,70.985,71.965,70.925,71.58,231255
2022-07-08T04:00:00Z,71.945,72.22,71.37,71.87,256042
2022-07-07T04:00:00Z,71.885,71.98,71.175,71.83,485627
2022-07-06T04:00:00Z,72.39,72.74,71.31,71.64,555945
2022-07-05T04:00:00Z,70.29,72,70.18,72,428835
2022-07-01T04:00:00Z,69.82,70.935,69.82,70.87,441305
2022-06-30T04:00:00Z,68.49,70.25,68.3,69.89,574675
2022-06-29T04:00:00Z,69.13,70.07,68.825,69.19,379115
2022-06-28T04:00:00Z,70.58,71.01,68.54,68.6,296851
2022-06-27T04:00:00Z,69.37,70.85,68.99,70.41,453743
2022-06-24T04:00:00Z,68.67,70.74,67.985,70.68,622860
2022-06-23T04:00:00Z,66.63,67.87,66.36,67.62,452974
2022-06-22T04:00:00Z,67.25,67.51,66.42,66.47,465323
2022-06-21T04:00:00Z,68.665,69.505,67.41,67.67,656214
2022-06-17T04:00:00Z,68.755,69.32,67.42,67.745,551275
2022-06-16T04:00:00Z,68.24,68.95,67.6,68.72,650118
2022-06-15T04:00:00Z,70.68,71.405,68.695,69.65,694832
2022-06-14T04:00:00Z,72.01,72.43,69.03,70.71,1207459
2022-06-13T04:00:00Z,65.765,66.03,63.775,64.04,943050
2022-06-10T04:00:00Z,67.82,68.2,66.965,67.1,629367
2022-06-09T04:00:00Z,70.69,71.13,69.22,69.22,365406
2022-06-08T04:00:00Z,71.94,72.14,70.945,71.37,235902
2022-06-07T04:00:00Z,71.97,73.11,71.785,72.67,330377
2022-06-06T04:00:00Z,72.73,74.84,72.71,72.95,231176
2022-06-03T04:00:00Z,72.68,72.88,71.23,71.75,265989
2022-06-02T04:00:00Z,71.485,73.18,71.015,73.13,295592
2022-06-01T04:00:00Z,72.98,73.24,71.16,71.6,291868
2022-05-31T04:00:00Z,72.25,72.98,71.57,71.93,461352
2022-05-27T04:00:00Z,72.33,72.84,71.6,72.77,365173
2022-05-26T04:00:00Z,69.99,72.11,69.99,71.69,384659
2022-05-25T04:00:00Z,68.9,70.22,68.775,69.85,419792
2022-05-24T04:00:00Z,69.545,70.47,68.335,69.09,398046
2022-05-23T04:00:00Z,69.19,70.465,68.69,70.07,368441
2022-05-20T04:00:00Z,67.95,68.69,66.86,68.65,394752
2022-05-19T04:00:00Z,67.52,67.9,66.73,67.095,455159
2022-05-18T04:00:00Z,70.77,70.84,67.82,68.34,468511
2022-05-17T04:00:00Z,70.985,71.9,70.71,71.89,351108
2022-05-16T04:00:00Z,70.63,70.8,69.39,69.71,500692
2022-05-13T04:00:00Z,70.96,71.94,70.53,71.19,370390
2022-05-12T04:00:00Z,70.66,70.89,68.98,70.79,617177
2022-05-11T04:00:00Z,72.54,73.45,70.88,71.04,416297
2022-05-10T04:00:00Z,72.32,73.61,71.28,72.52,548293
2022-05-09T04:00:00Z,71.795,72.56,71.2,71.54,405670
2022-05-06T04:00:00Z,72.11,72.93,71.63,72.48,288981
2022-05-05T04:00:00Z,74.57,74.69,71.99,72.9,330543
2022-05-04T04:00:00Z,73.5,75.33,72.795,75.2,419466
2022-05-03T04:00:00Z,73.93,74.21,72.82,73.22,287340
2022-05-02T04:00:00Z,73.9,74.58,72.53,74.03,369946
2022-04-29T04:00:00Z,75.125,75.84,73.155,73.37,348544
2022-04-28T04:00:00Z,75.605,76.62,74.62,76.15,560111
2022-04-27T04:00:00Z,74.54,76.02,74.44,74.75,534333
2022-04-26T04:00:00Z,76.57,76.57,74.48,74.5,432306
2022-04-25T04:00:00Z,76.21,77.04,74.71,77.04,456223
2022-04-22T04:00:00Z,79.4,79.4,76.165,76.27,814846
2022-04-21T04:00:00Z,81.49,81.59,79.365,79.5,306996
2022-04-20T04:00:00Z,79.91,81.86,79.91,80.21,656051
2022-04-19T04:00:00Z,78.31,79.77,78.31,79.57,296420
2022-04-18T04:00:00Z,79.04,79.92,77.915,78.23,285743
2022-04-14T04:00:00Z,79.905,80.34,79.33,79.47,396461
2022-04-13T04:00:00Z,79.12,79.955,78.63,79.78,294290
2022-04-12T04:00:00Z,80.005,80.97,79.03,79.33,396670
2022-04-11T04:00:00Z,80.56,81.09,79.71,79.84,265496
2022-04-08T04:00:00Z,81.22,81.82,80.33,80.97,291848
2022-04-07T04:00:00Z,81.47,82.01,80.78,81.57,430943
2022-04-06T04:00:00Z,81.92,82.455,81.47,82.15,298071
2022-04-05T04:00:00Z,83.48,84.52,82.69,82.97,298683
2022-04-04T04:00:00Z,82.34,84.28,82.34,84.08,269498
2022-04-01T04:00:00Z,83.085,83.325,81.49,82.02,255072
2022-03-31T04:00:00Z,83.06,83.91,82.59,82.74,328125
2022-03-30T04:00:00Z,83.91,84.33,83.13,83.37,192392
2022-03-29T04:00:00Z,84.37,84.37,83.135,84.31,361888
2022-03-28T04:00:00Z,81.92,83.705,81.88,83.59,403857
2022-03-25T04:00:00Z,82.21,82.83,81.24,81.73,295616
2022-03-24T04:00:00Z,80.585,82.795,80.585,82.25,295204
2022-03-23T04:00:00Z,81.14,81.38,80.23,80.37,416710
2022-03-22T04:00:00Z,81.32,82.21,80.835,81.89,377199
2022-03-21T04:00:00Z,81.49,81.87,80.27,80.98,393189
2022-03-18T04:00:00Z,79.53,81.93,78.89,81.71,821252
2022-03-17T04:00:00Z,79.85,81.26,79.325,80.595,722931
2022-03-16T04:00:00Z,80.98,81.08,77.77,79.96,1053427
2022-03-15T04:00:00Z,78.01,81.52,77.135,80.61,1247168
2022-03-14T04:00:00Z,77.93,78.52,75.52,77.11,758399
2022-03-11T05:00:00Z,76.7,79.9,74.01,77.81,1374495
2022-03-10T05:00:00Z,75.46,76.67,75.03,76.67,603150
2022-03-09T05:00:00Z,74.92,76.945,74.725,76.08,641068
2022-03-07T05:00:00Z,76.195,76.305,73.46,74.32,778938
2022-03-04T05:00:00Z,77.78,77.88,75.78,76.47,414855
2022-03-03T05:00:00Z,78.77,79.035,77.44,78.25,540063
2022-03-02T05:00:00Z,76.5,78.86,76.36,78.29,492398
2022-03-01T05:00:00Z,75.96,76.47,75.63,75.99,504631
2022-02-28T05:00:00Z,75.58,76.67,75.035,75.94,450522
2022-02-25T05:00:00Z,74.48,76.83,74.32,76.34,589088
2022-02-24T05:00:00Z,71.17,74.945,70.58,74.78,694106
2022-02-23T05:00:00Z,74.15,74.345,72.35,72.49,374702
2022-02-22T05:00:00Z,73.87,74.86,73.625,74.11,375070
2022-02-18T05:00:00Z,75.28,75.71,74.29,74.58,335082
2022-02-17T05:00:00Z,78.77,78.77,75.33,75.55,917669
2022-02-16T05:00:00Z,79.44,79.75,78.22,79.205,306906
2022-02-15T05:00:00Z,79.41,79.92,79.24,79.78,204124
2022-02-14T05:00:00Z,79.6,79.71,78.45,78.93,213309
2022-02-11T05:00:00Z,82.06,82.28,79.54,79.73,370173
2022-02-10T05:00:00Z,82.61,83.76,81.65,81.86,241239
2022-02-09T05:00:00Z,81.69,83.65,81.69,83.43,372066
2022-02-08T05:00:00Z,80.31,80.85,79.85,80.79,269695
2022-02-07T05:00:00Z,82.15,82.15,80.67,80.71,204076
2022-02-04T05:00:00Z,82.06,82.89,81.48,82.14,249406
2022-02-03T05:00:00Z,81.7,82.75,81.7,81.93,387830
2022-02-02T05:00:00Z,81.16,82.875,80.84,82.49,420637
2022-02-01T05:00:00Z,81.19,81.245,79.65,81.02,433765
2022-01-31T05:00:00Z,80.44,81.62,80.2,81.19,422610
2022-01-28T05:00:00Z,79.825,80.5,78.61,80.46,302807
2022-01-27T05:00:00Z,80.07,81.11,79.21,79.8,532022
2022-01-26T05:00:00Z,81.92,82,79.29,79.61,692588
2022-01-25T05:00:00Z,81.3,82.09,80.24,81.02,371160
2022-01-24T05:00:00Z,81.16,82.3,80.42,80.555,93101
2022-01-21T05:00:00Z,83.235,83.25,82.03,82.285,363664
2022-01-20T05:00:00Z,83.95,84.98,82.525,82.71,334147
2022-01-19T05:00:00Z,85.79,86.645,83.24,83.4,376439
2022-01-18T05:00:00Z,86.885,86.93,85.34,85.5,338382
2022-01-14T05:00:00Z,87.56,88.09,86.68,87.69,181674
2022-01-13T05:00:00Z,88.61,88.91,87.56,87.73,197767
2022-01-12T05:00:00Z,88.99,89.495,87.76,88.32,366860
2022-01-11T05:00:00Z,88.905,88.905,87.45,88.49,343576
2022-01-10T05:00:00Z,87.355,89.365,86.98,89.27,442674
2022-01-07T05:00:00Z,86.5,88,86.34,87.5,244500
2022-01-06T05:00:00Z,86.065,87.39,85.58,86.33,302640
2022-01-05T05:00:00Z,88.51,88.51,86.22,86.45,367089
2022-01-04T05:00:00Z,87.92,89.58,87.79,88.92,400244
2022-01-03T05:00:00Z,87.365,87.935,85.78,87.89,342732
2021-12-31T05:00:00Z,88.08,88.08,87.19,87.2,156022
2021-12-30T05:00:00Z,88.465,88.85,87.78,88.02,159793
2021-12-29T05:00:00Z,88.63,89.17,87.73,88.23,130765
2021-12-28T05:00:00Z,89.63,89.66,88.54,88.67,154954
2021-12-27T05:00:00Z,89.755,90.225,89.02,89.54,229632
2021-12-23T05:00:00Z,90.06,90.3,89.08,89.7,182478
2021-12-22T05:00:00Z,91.48,91.84,89.51,89.85,235309
2021-12-21T05:00:00Z,91.64,91.83,89.75,91.51,663542
2021-12-20T05:00:00Z,96.25,96.35,91.53,91.64,687372
2021-12-17T05:00:00Z,97.71,99.9,95.81,96.61,693565
2021-12-16T05:00:00Z,103.15,103.99,102.36,103.16,575219
2021-12-15T05:00:00Z,100.515,103.75,100.32,103.75,1062090
2021-12-14T05:00:00Z,99.995,101.455,99.46,99.88,315558
2021-12-13T05:00:00Z,102.4,104.36,100.55,100.93,773842
2021-12-10T05:00:00Z,104.29,106.18,100.1,102.62,1752164
2021-12-09T05:00:00Z,89.03,89.86,88.24,88.735,492636
2021-12-08T05:00:00Z,90.14,90.145,87.91,88.94,372743
2021-12-07T05:00:00Z,89.96,90.71,89.25,90.01,237508
2021-12-06T05:00:00Z,88.43,89.15,87.88,88.94,578874
2021-12-03T05:00:00Z,90.35,90.78,87.735,88.19,567339
2021-12-02T05:00:00Z,89.39,91.04,89.35,89.99,315838
2021-12-01T05:00:00Z,91.6,92.38,89.69,89.69,441029
2021-11-30T05:00:00Z,92.93,93.52,90.635,90.735,839062
2021-11-29T05:00:00Z,93.15,94.11,92.87,92.93,442181
2021-11-26T05:00:00Z,92.85,93.97,92.11,92.345,159936
2021-11-24T05:00:00Z,92.205,93.69,92.205,93.59,229720
2021-11-23T05:00:00Z,94.25,94.25,92.275,92.92,314844
2021-11-22T05:00:00Z,93.51,95.62,93.51,94.6,186141
2021-11-19T05:00:00Z,94.86,96.92,93.955,93.96,348172
2021-11-18T05:00:00Z,95,95.04,93.64,94.65,245299
2021-11-17T05:00:00Z,95.84,96.13,94.86,95.35,387374
2021-11-16T05:00:00Z,94.21,96.34,94.04,95.585,329347
2021-11-15T05:00:00Z,93.85,94.22,92.93,94.03,165779
2021-11-12T05:00:00Z,94.34,94.44,93.46,93.55,219278
2021-11-11T05:00:00Z,93.94,94.735,93.87,94.03,112519
2021-11-10T05:00:00Z,94.02,94.81,93.36,93.85,196686
2021-11-09T05:00:00Z,95.13,95.55,94.065,94.585,156404
2021-11-08T05:00:00Z,95.13,95.23,94.34,95.14,127201
2021-11-05T04:00:00Z,96.11,96.54,94.1,94.97,216588
2021-11-04T04:00:00Z,96.21,96.57,95.33,95.61,164264
2021-11-03T04:00:00Z,96.56,96.8,94.77,96.15,205785
2021-11-02T04:00:00Z,93.78,95.91,93.78,95.89,165966
2021-11-01T04:00:00Z,95.97,96,93.92,94.4,195340
2021-10-29T04:00:00Z,95.62,96.96,95.62,95.92,230907
2021-10-28T04:00:00Z,96.56,97.675,95.96,96.21,182023
2021-10-27T04:00:00Z,97.06,97.28,96,96.05,164546
2021-10-26T04:00:00Z,98.3,98.555,96.985,96.99,187807
2021-10-22T04:00:00Z,96.27,98.27,96.27,98.25,187299
2021-10-21T04:00:00Z,96.46,96.8,95.725,96.32,313525
2021-10-20T04:00:00Z,97.33,97.95,96.26,96.64,448983
2021-10-19T04:00:00Z,97.03,97.27,96.45,97.06,169301
2021-10-18T04:00:00Z,95.43,96.65,95.1,96.51,197557
2021-10-15T04:00:00Z,95.03,96.02,94.74,95.3,365557
2021-10-14T04:00:00Z,97.05,97.22,94.39,95.28,311717
2021-10-13T04:00:00Z,95.95,96.965,95.95,96.385,733813
2021-10-12T04:00:00Z,95.905,96.5,95.28,95.645,528198
2021-10-11T04:00:00Z,94.315,96.78,94.31,95.38,530056
2021-10-08T04:00:00Z,92.41,95.01,92.39,94.38,540347
2021-10-07T04:00:00Z,91.74,92.85,91.74,92.305,378829
2021-10-06T04:00:00Z,90.48,91.44,89.7,91.35,417070
2021-10-05T04:00:00Z,89.32,91.96,89.22,91.51,443975
2021-10-04T04:00:00Z,89.4,90.4,88.975,89.22,438838
2021-10-01T04:00:00Z,87.78,90.24,87.78,89.6,504812
2021-09-30T04:00:00Z,91.23,91.56,87.125,87.13,736273
2021-09-29T04:00:00Z,91.03,92.075,91.03,91.22,408926
2021-09-28T04:00:00Z,90.575,92.26,90.06,90.5,643922
2021-09-27T04:00:00Z,89.68,91.3,89.15,91.02,404360
2021-09-24T04:00:00Z,89.12,90.05,88.94,89.96,284385
2021-09-23T04:00:00Z,88.88,90.05,88.68,89.43,319369
2021-09-22T04:00:00Z,87.45,88.995,87.24,88.43,337067
2021-09-21T04:00:00Z,86.61,87.65,86.21,86.91,464161
2021-09-20T04:00:00Z,84.98,87.4,84.94,86.17,579606
2021-09-17T04:00:00Z,86.33,87.57,85.96,86.45,1265192
2021-09-16T04:00:00Z,87.66,87.96,86.19,87.225,654273
2021-09-15T04:00:00Z,86.61,88.35,86.17,87.75,737626
2021-09-14T04:00:00Z,86.365,86.93,84.74,86.4,1364393
2021-09-13T04:00:00Z,90.06,90.48,88.23,88.81,814557
2021-09-10T04:00:00Z,89.73,90.545,89.52,89.67,454477
2021-09-09T04:00:00Z,89.63,90.83,89.41,89.56,277807
2021-09-08T04:00:00Z,88.29,89.595,87.97,89.475,387685
2021-09-07T04:00:00Z,89.945,90.64,88.59,88.71,469552
2021-09-03T04:00:00Z,89.42,90.465,89.31,90.03,336294
2021-09-02T04:00:00Z,90.145,90.5,89.42,89.78,297858
2021-09-01T04:00:00Z,89.155,90.16,88.9,89.96,257374
2021-08-31T04:00:00Z,89.18,89.35,88.535,89.12,137271
2021-08-30T04:00:00Z,89.455,89.98,89.3,89.44,132632
2021-08-27T04:00:00Z,88.71,89.52,88.67,89.34,147487
2021-08-26T04:00:00Z,88.68,89.18,88.48,88.75,226542
2021-08-25T04:00:00Z,88.495,88.9,88.07,88.63,130695
2021-08-24T04:00:00Z,89.305,89.64,88.485,88.485,171972
2021-08-23T04:00:00Z,89.14,89.555,88.79,89.13,153804
2021-08-20T04:00:00Z,88.78,89.385,88.32,88.935,183218
2021-08-19T04:00:00Z,88.445,89.37,88.27,88.68,297285
2021-08-18T04:00:00Z,90.47,91.045,88.875,88.91,271922
2021-08-17T04:00:00Z,90.98,91.77,90.37,90.92,301631
2021-08-16T04:00:00Z,89.9,90.82,89.9,90.81,241758
2021-08-13T04:00:00Z,90.49,91.33,89.955,90.38,240493
2021-08-12T04:00:00Z,89.1,89.975,88.71,89.82,146320
2021-08-11T04:00:00Z,89.92,90.41,89.545,89.63,273710
2021-08-10T04:00:00Z,89.125,90.095,89.125,89.64,149325
2021-08-09T04:00:00Z,89.39,90.46,89.38,89.905,177210
2021-08-06T04:00:00Z,89.32,89.88,88.82,89.525,159640
2021-08-05T04:00:00Z,90.19,90.49,88.76,89.445,344205
2021-08-04T04:00:00Z,89.75,90.06,89.33,90.04,217256
2021-08-03T04:00:00Z,87.98,90.165,87.98,89.745,481074
2021-08-02T04:00:00Z,87.33,87.925,87.165,87.58,208673
2021-07-30T04:00:00Z,87.45,88.11,86.89,87.11,333212
2021-07-29T04:00:00Z,87.71,88.23,87.35,87.575,182825
2021-07-28T04:00:00Z,87.57,87.9,87.125,87.175,200536
2021-07-27T04:00:00Z,87.74,88.585,87.12,87.81,265338
2021-07-26T04:00:00Z,87.45,88.09,86.74,87.865,370715
2021-07-23T04:00:00Z,91,91.17,87.135,87.66,431549
2021-07-22T04:00:00Z,90,91.135,89.76,90.695,439434
2021-07-21T04:00:00Z,88.9,90.245,88.455,89.68,321465
2021-07-20T04:00:00Z,87.09,89.035,87.04,88.675,335563
2021-07-19T04:00:00Z,87.25,87.85,86.19,86.92,327284
2021-07-16T04:00:00Z,86.675,88.475,86.52,87.475,406748
2021-07-15T04:00:00Z,88.2,88.705,85.52,86.215,857099
2021-07-14T04:00:00Z,87.095,88.66,86.98,88.25,481273
2021-07-13T04:00:00Z,86.72,87.9,86.575,87.06,308459
2021-07-12T04:00:00Z,87.61,88.84,86.98,87.09,440204
2021-07-09T04:00:00Z,85.895,88.4,85.895,87.77,509444
2021-07-08T04:00:00Z,85.31,86.835,84.675,85.55,1164413
2021-07-07T04:00:00Z,82.96,87.16,82.96,86.09,831761
2021-07-06T04:00:00Z,81.48,83.62,81.48,83.08,540666
2021-07-02T04:00:00Z,79.62,82.26,79.62,81.79,486641
2021-07-01T04:00:00Z,77.96,79.61,77.945,79.52,405802
2021-06-30T04:00:00Z,77.66,78.21,77.58,77.84,302209
2021-06-29T04:00:00Z,78.55,78.55,77.82,78.1,225097
2021-06-28T04:00:00Z,78.57,78.96,78.345,78.475,180221
2021-06-25T04:00:00Z,77.985,78.6,77.58,78.46,395422
2021-06-24T04:00:00Z,78.64,78.92,77.61,77.73,292072
2021-06-23T04:00:00Z,78.78,78.835,78.08,78.1,315116
2021-06-22T04:00:00Z,77.97,79.18,77.68,78.675,372122
2021-06-21T04:00:00Z,76.61,78.09,76.6,78.025,436611
2021-06-18T04:00:00Z,76.74,76.83,75.98,76.245,770825
2021-06-17T04:00:00Z,77.06,77.74,76.57,77.605,730783
2021-06-16T04:00:00Z,77.94,78.5,75.91,77.07,1610729
2021-06-15T04:00:00Z,82.38,82.51,81.355,81.62,1013499
2021-06-14T04:00:00Z,83.09,83.09,82.13,82.6,439630
2021-06-11T04:00:00Z,81.94,83.23,81.91,82.89,469415
2021-06-10T04:00:00Z,84.08,84.455,81.72,82.3,664402
2021-06-09T04:00:00Z,84.58,84.82,84.03,84.51,319048
2021-06-08T04:00:00Z,84.05,85.01,84.05,84.635,406715
2021-06-07T04:00:00Z,82.925,84.235,82.9,83.965,409206
2021-06-04T04:00:00Z,81.5,83.96,81.5,82.87,776931
2021-06-03T04:00:00Z,79.76,81.46,79.66,81.07,336705
2021-06-02T04:00:00Z,79.68,80.925,79.53,80.27,389042
2021-06-01T04:00:00Z,79.31,79.83,78.49,79.585,374954
2021-05-28T04:00:00Z,78.98,79.35,78.675,78.74,380276
2021-05-27T04:00:00Z,79.495,80.045,78.84,79,405361
2021-05-26T04:00:00Z,78.56,79.35,78.56,79.275,573459
2021-05-25T04:00:00Z,79.38,79.48,78.67,78.83,276147
2021-05-24T04:00:00Z,79.33,79.84,79.14,79.355,365411
2021-05-21T04:00:00Z,79.26,79.84,78.98,79.04,505472
2021-05-20T04:00:00Z,78.82,79.32,78.69,78.72,428918
2021-05-19T04:00:00Z,77.8,78.76,77.57,78.72,513554
2021-05-18T04:00:00Z,79.16,79.16,78.39,78.71,374048
2021-05-17T04:00:00Z,78.95,79.52,78.92,79.045,445635
2021-05-14T04:00:00Z,78.55,79.04,78.17,78.88,416134
2021-05-13T04:00:00Z,77.38,78.43,77,78.13,639199
2021-05-12T04:00:00Z,77.605,78.19,76.72,76.74,374510
2021-05-11T04:00:00Z,79.56,79.89,77.255,77.675,520909
2021-05-10T04:00:00Z,78.63,80.72,78.63,80.14,462321
2021-05-07T04:00:00Z,79.86,80.54,78.6,80.41,394516
2021-05-06T04:00:00Z,79,79.96,78.57,79.755,338934
2021-05-05T04:00:00Z,78.855,79.83,78.42,79.19,254114
2021-05-04T04:00:00Z,76.98,78.69,76.98,78.53,504246
2021-05-03T04:00:00Z,76.19,77.47,76.1,77.34,492906
2021-04-30T04:00:00Z,75.57,75.9,75.2,75.73,235918
2021-04-29T04:00:00Z,75.31,75.895,74.65,75.86,314267
2021-04-28T04:00:00Z,75.18,75.25,74.67,74.77,187825
2021-04-27T04:00:00Z,74.45,75.42,74.23,75.21,259346
2021-04-26T04:00:00Z,74.96,75.01,74.22,74.52,466652
2021-04-23T04:00:00Z,74.29,74.995,73.855,74.97,417728
2021-04-22T04:00:00Z,76.04,76.46,74.75,74.88,605166
2021-04-21T04:00:00Z,79.1,79.3,76.53,76.67,600360
2021-04-20T04:00:00Z,78.69,79.405,78.69,79.21,542781
2021-04-16T04:00:00Z,78.2,79.335,77.87,78.96,436832
2021-04-15T04:00:00Z,77.16,78.55,76.83,78.31,451325
2021-04-14T04:00:00Z,76.9,77.36,76.54,76.805,487182
2021-04-13T04:00:00Z,76.11,77.005,76.05,76.725,275895
2021-04-12T04:00:00Z,75.29,76.17,75.29,76.11,269858
2021-04-09T04:00:00Z,75.22,75.685,74.91,75.58,367333
2021-04-08T04:00:00Z,74.3,75.52,74.16,75.29,426222
2021-04-07T04:00:00Z,73.74,74.16,73.455,74.08,338602
2021-04-06T04:00:00Z,73.555,74.615,73.17,74.22,423760
2021-04-05T04:00:00Z,72.22,74.89,72.09,74.25,732541
2021-04-01T04:00:00Z,70.41,71.83,70.355,71.8,403507
2021-03-31T04:00:00Z,70.69,71.07,69.91,70.26,352897
2021-03-30T04:00:00Z,70.75,71.01,69.96,70.56,327233
2021-03-29T04:00:00Z,70.21,72.325,70.21,71.13,714439
2021-03-26T04:00:00Z,68.595,70.355,68.32,70.28,700971
2021-03-25T04:00:00Z,66.94,68.72,66.83,68.64,906840
2021-03-24T04:00:00Z,67.14,67.4,66.74,66.84,461290
2021-03-23T04:00:00Z,66.39,67.9,66.37,67.245,565802
2021-03-22T04:00:00Z,66.23,66.52,65.87,66.33,330923
2021-03-19T04:00:00Z,66.78,66.835,65.955,66.255,515612
2021-03-18T04:00:00Z,66.41,67,66.09,66.72,770318
2021-03-17T04:00:00Z,66.8,66.825,66.165,66.2,466466
2021-03-16T04:00:00Z,68,68.065,66.69,66.85,737406
2021-03-15T04:00:00Z,66.95,67.76,66.935,67.73,310654
2021-03-12T05:00:00Z,67.085,67.835,66.455,67.15,621870
2021-03-11T05:00:00Z,67.17,68.06,65.45,67.4,1487508
2021-03-10T05:00:00Z,73.335,73.58,71.86,72.12,955586
2021-03-09T05:00:00Z,72.355,73.22,72.09,72.62,540715
2021-03-08T05:00:00Z,70.38,72.93,70.34,72.14,961018
2021-03-05T05:00:00Z,67.34,71.7,67.34,69.94,1934286
2021-03-04T05:00:00Z,66.675,67.285,65.32,65.55,995829
2021-03-03T05:00:00Z,66.49,67.53,66.39,66.925,499371
2021-03-02T05:00:00Z,66.175,67.42,66.025,66.65,496175
2021-03-01T05:00:00Z,65.05,66.72,64.77,66.19,412932
2021-02-26T05:00:00Z,65.6,66.25,64.51,64.56,724169
2021-02-25T05:00:00Z,64.61,66.36,64.585,65.32,777420
2021-02-24T05:00:00Z,64.305,65.14,64.095,64.68,568985
2021-02-23T05:00:00Z,64.465,65.21,64.08,64.47,1060335
2021-02-22T05:00:00Z,62.76,64.955,62.3,64.43,1248352
2021-02-19T05:00:00Z,62.205,62.36,61.08,61.13,577759
2021-02-18T05:00:00Z,61.74,62.19,61.665,62.07,348129
2021-02-17T05:00:00Z,61.63,62.15,61.365,62.1,303080
2021-02-16T05:00:00Z,63.15,63.25,62.1,62.16,305339
2021-02-12T05:00:00Z,62.49,63.12,62.32,63.08,215723
2021-02-11T05:00:00Z,63.55,63.925,62.29,62.705,380332
2021-02-10T05:00:00Z,63.85,63.85,62.95,63.24,444178
2021-02-09T05:00:00Z,63.045,63.845,62.95,63.635,351250
2021-02-08T05:00:00Z,63.79,63.85,62.85,63.07,284133
2021-02-05T05:00:00Z,63.51,64.065,63.45,63.595,220222
2021-02-04T05:00:00Z,62.325,63.38,62.325,63.375,282004
2021-02-03T05:00:00Z,62.205,62.73,61.99,62.2,407979
2021-02-02T05:00:00Z,61.83,62.91,61.83,62.38,337179
2021-02-01T05:00:00Z,61.02,62,60.8,61.51,399688
2021-01-29T05:00:00Z,61.17,61.5,60.21,60.445,426294
2021-01-28T05:00:00Z,62.55,63.23,61.235,61.235,498954
2021-01-27T05:00:00Z,61.46,63.18,61.46,62.505,724322
2021-01-26T05:00:00Z,61.105,62.035,60.9,61.82,340175
2021-01-25T05:00:00Z,60.48,60.935,59.8,60.89,238019
2021-01-22T05:00:00Z,61.06,61.13,59.745,60.355,488183
2021-01-21T05:00:00Z,61.66,61.75,60.935,61.22,337901
2021-01-20T05:00:00Z,61.405,62.025,61.15,61.585,227409
2021-01-19T05:00:00Z,62.14,62.27,61.1,61.28,323071
2021-01-15T05:00:00Z,61.65,61.99,61.22,61.81,195217
2021-01-14T05:00:00Z,62.06,62.17,61.51,61.585,283589
2021-01-13T05:00:00Z,62.38,62.53,61.98,62.06,227829
2021-01-12T05:00:00Z,62.91,63.01,62.19,62.42,196062
2021-01-11T05:00:00Z,62.945,63.56,62.86,63.02,230818
2021-01-08T05:00:00Z,63.22,63.54,62.915,63.37,187375
2021-01-07T05:00:00Z,62.885,63.73,62.885,63.085,322819
2021-01-06T05:00:00Z,62.34,63.33,62.005,62.57,326074
2021-01-05T05:00:00Z,63.66,63.76,62.48,62.95,306380
2021-01-04T05:00:00Z,64.69,64.69,63.18,63.7,373671
2020-12-31T05:00:00Z,64.37,64.76,64.01,64.76,261805
2020-12-30T05:00:00Z,64.68,64.9,64.35,64.41,224489
2020-12-29T05:00:00Z,65.155,65.26,64.24,64.46,251976
2020-12-28T05:00:00Z,65.35,65.685,64.75,64.855,205254
2020-12-24T05:00:00Z,65.215,65.58,64.82,64.96,90515
2020-12-23T05:00:00Z,65.22,66.16,65.2,65.29,239112
2020-12-22T05:00:00Z,64.485,66,64.48,65.24,381652
2020-12-21T05:00:00Z,64.13,65.165,64.12,64.595,389537
2020-12-18T05:00:00Z,63.62,65.335,63.62,65.085,544739
2020-12-17T05:00:00Z,62.97,64.025,62.74,63.6,448709
2020-12-16T05:00:00Z,61.91,63.19,61.875,62.755,426922
2020-12-15T05:00:00Z,61.065,62.19,60.94,61.85,511228
2020-12-14T05:00:00Z,60.815,61.655,60.705,60.835,465939
2020-12-11T05:00:00Z,60.91,60.98,59.42,60.595,767515
2020-12-10T05:00:00Z,59.45,59.805,59.04,59.48,499275
2020-12-09T05:00:00Z,58.86,59.905,58.86,59.81,348503
2020-12-08T05:00:00Z,58.99,59.705,58.26,59.05,467339
2020-12-07T05:00:00Z,59.905,60.18,59.645,59.805,320152
2020-12-04T05:00:00Z,59.31,60.55,59.28,59.96,292857
2020-12-03T05:00:00Z,59.175,59.96,59.08,59.23,230997
2020-12-02T05:00:00Z,58.215,59.265,58.215,59.1,306740
2020-12-01T05:00:00Z,58.19,59.27,58.05,58.775,326019
2020-11-30T05:00:00Z,57.6,58.195,57.205,57.75,689225
2020-11-27T05:00:00Z,57.43,57.865,57.17,57.77,236552
2020-11-25T05:00:00Z,57.72,57.72,57.27,57.38,337964
2020-11-24T05:00:00Z,56.55,57.89,56.38,57.565,656389
2020-11-23T05:00:00Z,55.85,56.56,55.78,56.06,294092
2020-11-20T05:00:00Z,56.34,56.41,55.685,55.685,264089
2020-11-19T05:00:00Z,56.125,56.47,55.56,56.455,314223
2020-11-18T05:00:00Z,57.25,57.25,56.26,56.265,343862
2020-11-17T05:00:00Z,56.95,57.39,56.815,57.12,226373
2020-11-16T05:00:00Z,56.995,57.605,56.875,57.13,310581
2020-11-13T05:00:00Z,56.82,57.085,56.57,56.925,191321
2020-11-12T05:00:00Z,57.255,57.265,56.115,56.42,304390
2020-11-11T05:00:00Z,56.985,57.625,56.81,57.18,477440
2020-11-10T05:00:00Z,56.83,57.2,56.21,56.65,479945
2020-11-09T05:00:00Z,58.24,59.05,56.77,56.805,508673
2020-11-06T05:00:00Z,56.52,56.965,56.16,56.81,247881
2020-11-05T05:00:00Z,57.395,57.65,56.42,56.76,371406
2020-11-04T05:00:00Z,58.055,58.07,56.355,56.485,482309
2020-11-03T05:00:00Z,56.86,57.495,56.57,56.84,346182
2020-11-02T05:00:00Z,56.35,57.465,56.115,56.415,397580
2020-10-30T04:00:00Z,55.925,56.62,55.45,56.06,415406
2020-10-29T04:00:00Z,55.32,56.74,55.29,56.055,676895
2020-10-28T04:00:00Z,56.31,56.57,55.53,55.55,439715
2020-10-27T04:00:00Z,57.76,57.97,57.025,57.125,425558
2020-10-26T04:00:00Z,58.12,58.45,56.525,57.485,840633
2020-10-23T04:00:00Z,59.76,60.15,59.71,59.87,299011
2020-10-22T04:00:00Z,59.45,59.865,58.71,59.685,298430
2020-10-21T04:00:00Z,59.41,60.105,59.35,59.695,319569
2020-10-20T04:00:00Z,59.9,60.325,59.635,59.76,306230
2020-10-19T04:00:00Z,60.38,60.735,59.39,59.585,254417
2020-10-16T04:00:00Z,60.74,61.1,60.275,60.275,303724
2020-10-15T04:00:00Z,60.27,60.74,60.08,60.53,431857
2020-10-14T04:00:00Z,61.31,61.515,60.855,60.945,413840
2020-10-13T04:00:00Z,61.565,61.78,60.88,60.97,447340
2020-10-12T04:00:00Z,61.25,61.82,61.25,61.445,398066
2020-10-09T04:00:00Z,61.14,61.38,60.86,61.125,454625
2020-10-08T04:00:00Z,60.74,61.29,60.63,60.895,353445
2020-10-07T04:00:00Z,59.67,60.87,59.665,60.585,421931
2020-10-06T04:00:00Z,59.5,60.53,59.41,59.535,510332
2020-10-05T04:00:00Z,59.21,59.66,59.13,59.545,317085
2020-10-02T04:00:00Z,58.72,59.5,58.58,58.825,477021
2020-10-01T04:00:00Z,60.01,60.24,59.45,59.715,405095
2020-09-30T04:00:00Z,59.52,60.385,59.405,59.735,214080
2020-09-29T04:00:00Z,59.51,60.155,59.43,59.47,198109
2020-09-28T04:00:00Z,60.035,60.52,59.48,59.5,256205
2020-09-25T04:00:00Z,59.27,59.985,58.97,59.79,204447
2020-09-24T04:00:00Z,58.665,59.89,58.3,59.305,227717
2020-09-23T04:00:00Z,60.18,60.475,58.91,58.94,324456
2020-09-22T04:00:00Z,60.525,60.75,59.475,60.625,380605
2020-09-21T04:00:00Z,62.345,62.39,60.035,60.77,928135
2020-09-18T04:00:00Z,60.08,60.23,59.445,59.76,325057
2020-09-17T04:00:00Z,59.28,60.6,59.05,60.15,614654
2020-09-16T04:00:00Z,61.165,61.375,59.65,60.37,425719
2020-09-15T04:00:00Z,60.05,61.67,59.4,61.015,569984
2020-09-14T04:00:00Z,60.81,61.5,59.4,59.495,1487791
2020-09-11T04:00:00Z,60.79,61.84,56.885,57,981961
2020-09-10T04:00:00Z,57.425,58.16,56.76,56.81,867401
2020-09-09T04:00:00Z,56.07,57.395,55.89,56.965,376574
2020-09-08T04:00:00Z,55.285,55.755,54.88,55.26,535125
2020-09-04T04:00:00Z,56.88,57.255,55.17,55.72,249673
2020-09-03T04:00:00Z,58.71,58.96,56.655,57.09,325520
2020-09-02T04:00:00Z,57.815,59.31,57.72,59.07,440827
2020-09-01T04:00:00Z,57.11,58,57.11,57.665,361524
2020-08-31T04:00:00Z,57.27,57.73,57.045,57.22,219184
2020-08-28T04:00:00Z,57.33,58.15,57.22,57.885,253132
2020-08-27T04:00:00Z,57.495,58.42,56.625,57.175,355048
2020-08-26T04:00:00Z,56.35,57.48,56.07,57.445,432392
2020-08-25T04:00:00Z,56.09,56.74,56.075,56.115,218421
2020-08-24T04:00:00Z,55.72,56.105,55.455,55.99,252992
2020-08-21T04:00:00Z,55.27,55.365,54.735,55.17,212099
2020-08-20T04:00:00Z,55.675,55.77,55.095,55.235,298730
2020-08-19T04:00:00Z,55.54,56.79,55.49,56.215,600452
2020-08-18T04:00:00Z,55.57,56.89,54.895,55.17,550912
2020-08-17T04:00:00Z,54.14,54.35,53.66,53.98,267097
2020-08-14T04:00:00Z,54.02,54.55,53.79,54.195,112096
2020-08-13T04:00:00Z,54.06,54.175,53.695,54.015,243086
2020-08-12T04:00:00Z,54.58,54.58,53.98,54.165,325727
2020-08-11T04:00:00Z,55.15,55.425,54.145,54.23,186716
2020-08-10T04:00:00Z,55.36,55.615,54.89,54.895,256459
2020-08-07T04:00:00Z,55.005,55.24,54.77,55.235,263477
2020-08-06T04:00:00Z,55.56,55.59,54.94,55.295,169342
2020-08-05T04:00:00Z,56.255,56.255,55.405,55.505,263400
2020-08-04T04:00:00Z,55.845,55.98,55.535,55.97,119505
2020-08-03T04:00:00Z,55.67,56.09,55.49,56.05,251163
2020-07-31T04:00:00Z,55.19,55.46,54.34,55.46,244535
2020-07-30T04:00:00Z,55.02,55.47,54.895,55.22,190442
2020-07-29T04:00:00Z,55.555,55.875,55.365,55.685,234411
2020-07-28T04:00:00Z,55.225,55.72,55.22,55.34,168459
2020-07-27T04:00:00Z,55.675,55.935,55.325,55.34,235855
