2024-06-14T04:00:00Z,13.655,13.835,13.525,13.6,306509
2024-06-13T04:00:00Z,13.91,13.94,13.6,13.79,327335
2024-06-12T04:00:00Z,14.62,14.62,14.13,14.175,312274
2024-06-11T04:00:00Z,14.68,14.735,14.53,14.58,399446
2024-06-10T04:00:00Z,14.485,14.745,14.455,14.595,427941
2024-06-07T04:00:00Z,15.035,15.11,14.46,14.535,663886
2024-06-06T04:00:00Z,15.165,15.35,15.13,15.17,266560
2024-06-05T04:00:00Z,15.22,15.235,15.06,15.13,187408
2024-06-04T04:00:00Z,15.08,15.16,14.89,15.16,175178
2024-06-03T04:00:00Z,15.445,15.52,15.315,15.44,146668
2024-05-31T04:00:00Z,15.28,15.565,15.235,15.55,260394
2024-05-30T04:00:00Z,15.19,15.515,15.19,15.345,185367
2024-05-29T04:00:00Z,15.095,15.225,14.945,15.14,382229
2024-05-28T04:00:00Z,15.2,15.35,15.11,15.25,309577
2024-05-24T04:00:00Z,14.985,15.025,14.76,14.815,158998
2024-05-23T04:00:00Z,15.225,15.275,14.87,14.885,307233
2024-05-22T04:00:00Z,14.9,15.05,14.81,14.995,269872
2024-05-21T04:00:00Z,15.19,15.195,14.975,15.005,273595
2024-05-20T04:00:00Z,15.155,15.18,15.01,15.11,291949
2024-05-17T04:00:00Z,15.29,15.29,14.98,15.015,459904
2024-05-16T04:00:00Z,15.54,15.56,15.1,15.225,681343
2024-05-15T04:00:00Z,15.275,15.705,15.045,15.55,1719050
2024-05-14T04:00:00Z,16.72,16.9,16.46,16.69,469707
2024-05-13T04:00:00Z,17.285,17.355,17.03,17.045,126332
2024-05-10T04:00:00Z,17.37,17.405,17.065,17.08,260518
2024-05-09T04:00:00Z,16.855,17.28,16.855,17.23,235811
2024-05-08T04:00:00Z,16.84,17.2,16.84,17.13,270625
2024-05-07T04:00:00Z,16.675,17.035,16.675,17.035,875833
2024-05-06T04:00:00Z,16.5,16.765,16.48,16.635,213084
2024-05-03T04:00:00Z,16.815,16.815,16.305,16.445,384157
2024-05-02T04:00:00Z,17.305,17.435,17.165,17.325,363827
2024-05-01T04:00:00Z,17.03,17.07,16.67,16.96,223618
2024-04-30T04:00:00Z,17.03,17.205,16.865,16.965,386344
2024-04-29T04:00:00Z,17.065,17.325,17.005,17.32,231919
2024-04-26T04:00:00Z,16.865,17.145,16.825,17.06,220126
2024-04-25T04:00:00Z,16.81,17.165,16.675,17.04,176207
2024-04-24T04:00:00Z,16.93,16.985,16.73,16.815,268616
2024-04-23T04:00:00Z,16.855,17.045,16.7,16.95,424532
2024-04-22T04:00:00Z,16.465,16.95,16.415,16.95,887494
2024-04-19T04:00:00Z,15.67,16.52,15.67,16.47,760631
2024-04-18T04:00:00Z,15.92,15.99,15.535,15.585,292787
2024-04-17T04:00:00Z,15.73,15.835,15.55,15.695,394171
2024-04-16T04:00:00Z,15.455,15.705,15.34,15.655,312109
2024-04-15T04:00:00Z,15.65,15.82,15.535,15.79,380440
2024-04-12T04:00:00Z,16.03,16.105,15.555,15.73,387457
2024-04-11T04:00:00Z,16.115,16.15,15.95,15.995,235582
2024-04-10T04:00:00Z,15.8,16.165,15.78,16.16,396548
2024-04-09T04:00:00Z,15.885,15.95,15.605,15.88,497702
2024-04-08T04:00:00Z,15.41,15.75,15.265,15.64,321275
2024-04-05T04:00:00Z,15.2,15.57,15.14,15.49,290779
2024-04-04T04:00:00Z,15.805,16.26,15.37,15.51,1439039
2024-04-03T04:00:00Z,15.59,15.68,15.395,15.59,393347
2024-04-02T04:00:00Z,15.38,15.655,15.38,15.63,431793
2024-04-01T04:00:00Z,15.22,15.255,15.055,15.23,203060
2024-03-28T04:00:00Z,14.93,15.25,14.88,15.21,562181
2024-03-27T04:00:00Z,14.75,14.96,14.66,14.93,631110
2024-03-26T04:00:00Z,14.915,14.915,14.73,14.755,345467
2024-03-25T04:00:00Z,14.87,15.05,14.86,14.945,213967
2024-03-22T04:00:00Z,14.595,14.775,14.495,14.695,397098
2024-03-21T04:00:00Z,15.02,15.02,14.595,14.635,463269
2024-03-20T04:00:00Z,14.46,14.995,14.415,14.94,282095
2024-03-19T04:00:00Z,14.575,14.91,14.41,14.515,341055
2024-03-18T04:00:00Z,14.735,14.735,14.215,14.575,393422
2024-03-15T04:00:00Z,14.7,14.735,14.52,14.54,920532
2024-03-14T04:00:00Z,15.01,15.01,14.625,14.73,535949
2024-03-13T04:00:00Z,15.11,15.15,14.795,14.795,434370
2024-03-12T04:00:00Z,14.8,15.12,14.7,15.04,405915
2024-03-11T04:00:00Z,14.595,15.245,14.49,14.56,921886
2024-03-08T05:00:00Z,14.58,15.24,14.33,14.775,2092606
2024-03-07T05:00:00Z,16.67,16.89,16.64,16.69,204373
2024-03-06T05:00:00Z,16.595,16.75,16.595,16.685,183011
2024-03-05T05:00:00Z,16.51,16.61,16.29,16.37,446479
2024-03-04T05:00:00Z,16.75,16.805,16.51,16.52,340668
2024-03-01T05:00:00Z,16.8,16.895,16.655,16.67,368048
2024-02-29T05:00:00Z,16.845,16.85,16.345,16.52,632787
2024-02-28T05:00:00Z,17.69,17.82,16.565,16.715,720579
2024-02-27T05:00:00Z,17.78,17.905,17.59,17.7,130940
2024-02-26T05:00:00Z,17.575,17.74,17.43,17.66,342787
2024-02-23T05:00:00Z,17.365,17.52,17.2,17.36,483188
2024-02-22T05:00:00Z,17.64,17.645,17.35,17.57,423726
2024-02-21T05:00:00Z,17.72,17.82,17.57,17.65,279368
2024-02-20T05:00:00Z,17.84,17.91,17.535,17.665,319030
2024-02-16T05:00:00Z,17.52,17.8,17.51,17.71,323603
2024-02-15T05:00:00Z,16.925,17.46,16.925,17.405,198399
2024-02-14T05:00:00Z,17.05,17.28,16.895,16.91,236268
2024-02-13T05:00:00Z,17.17,17.21,16.855,16.965,187082
2024-02-12T05:00:00Z,17.33,17.53,17.26,17.28,108962
2024-02-09T05:00:00Z,17.315,17.39,17.13,17.18,188899
2024-02-08T05:00:00Z,17.435,17.49,17.2,17.245,163398
2024-02-07T05:00:00Z,17.38,17.42,17.195,17.395,140641
2024-02-06T05:00:00Z,17.225,17.47,17.115,17.235,233957
2024-02-05T05:00:00Z,17.02,17.12,16.74,16.91,726882
2024-02-02T05:00:00Z,17.375,17.41,17,17,309897
2024-02-01T05:00:00Z,17.415,17.74,17.185,17.485,435598
2024-01-31T05:00:00Z,17.105,17.385,16.975,17.07,357705
2024-01-30T05:00:00Z,17.07,17.21,16.965,17.04,317660
2024-01-29T05:00:00Z,17.02,17.215,16.865,17.165,274990
2024-01-26T05:00:00Z,16.715,17.205,16.66,17.06,478842
2024-01-25T05:00:00Z,16.15,16.725,16.085,16.67,624435
2024-01-24T05:00:00Z,16.17,16.25,15.83,15.9,444164
2024-01-23T05:00:00Z,15.68,16.03,15.585,15.945,370324
2024-01-22T05:00:00Z,15.76,15.76,15.59,15.66,141253
2024-01-19T05:00:00Z,15.83,15.835,15.655,15.75,182634
2024-01-18T05:00:00Z,15.9,15.9,15.67,15.81,214495
2024-01-17T05:00:00Z,15.91,16,15.835,15.885,317778
2024-01-16T05:00:00Z,16.29,16.335,16.05,16.085,298540
2024-01-12T05:00:00Z,16.435,16.535,16.295,16.355,219485
2024-01-11T05:00:00Z,16.085,16.265,15.95,16.25,496569
2024-01-10T05:00:00Z,16.12,16.13,15.86,15.935,249793
2024-01-09T05:00:00Z,16.28,16.28,15.98,15.98,447578
2024-01-08T05:00:00Z,16.21,16.28,15.97,16.265,307876
2024-01-05T05:00:00Z,16.605,16.645,16.38,16.545,191030
2024-01-04T05:00:00Z,16.525,16.785,16.355,16.37,314833
2024-01-03T05:00:00Z,16.01,16.64,16.01,16.575,454076
2024-01-02T05:00:00Z,16.105,16.21,15.925,15.995,82956
2023-12-29T05:00:00Z,16.08,16.08,15.91,15.965,68894
2023-12-28T05:00:00Z,16.065,16.14,16.03,16.05,200145
2023-12-27T05:00:00Z,16.18,16.24,16.12,16.19,112452
2023-12-26T05:00:00Z,16.08,16.26,16.005,16.215,176901
2023-12-22T05:00:00Z,15.725,15.895,15.7,15.78,187988
2023-12-21T05:00:00Z,15.615,15.74,15.47,15.555,489862
2023-12-20T05:00:00Z,15.63,15.765,15.495,15.495,458184
2023-12-19T05:00:00Z,15.52,15.63,15.385,15.625,328577
2023-12-18T05:00:00Z,15.285,15.48,15.285,15.36,546280
2023-12-15T05:00:00Z,15.325,15.325,14.91,14.955,178422
2023-12-14T05:00:00Z,15,15.265,14.95,15.18,500563
2023-12-13T05:00:00Z,14.635,14.755,14.43,14.745,398448
2023-12-12T05:00:00Z,14.645,14.645,14.37,14.495,126631
2023-12-11T05:00:00Z,14.78,14.865,14.72,14.755,227873
2023-12-08T05:00:00Z,14.445,14.92,14.445,14.89,458035
2023-12-07T05:00:00Z,14.54,14.7,14.31,14.405,506705
2023-12-06T05:00:00Z,14.675,14.725,14.38,14.425,422030
2023-12-05T05:00:00Z,14.735,14.77,14.545,14.66,424610
2023-12-04T05:00:00Z,15.02,15.11,14.685,14.765,508878
2023-12-01T05:00:00Z,15.21,15.44,15.12,15.215,245336
2023-11-30T05:00:00Z,15.385,15.44,15.04,15.275,543185
2023-11-29T05:00:00Z,15.46,15.465,15.16,15.23,297381
2023-11-28T05:00:00Z,15.42,15.605,15.42,15.485,482534
2023-11-27T05:00:00Z,15.425,15.425,15.11,15.24,217594
2023-11-24T05:00:00Z,15.36,15.74,15.3,15.33,281870
2023-11-22T05:00:00Z,15.175,15.32,14.98,15.29,507033
2023-11-21T05:00:00Z,15.97,15.97,15.715,15.85,250796
2023-11-20T05:00:00Z,16.24,16.38,15.9,16.11,702019
2023-11-17T05:00:00Z,15.705,16.27,15.705,16.04,408582
2023-11-16T05:00:00Z,15.88,15.96,15.45,15.545,342837
2023-11-15T05:00:00Z,15.91,15.925,15.69,15.79,150005
2023-11-14T05:00:00Z,15.73,15.915,15.68,15.83,484332
2023-11-13T05:00:00Z,15.27,15.58,15.22,15.53,297443
2023-11-10T05:00:00Z,15.3,15.355,15.14,15.23,274990
2023-11-09T05:00:00Z,15.2,15.45,15.075,15.185,421408
2023-11-08T05:00:00Z,15.25,15.345,14.85,14.95,502370
2023-11-07T05:00:00Z,15.655,15.655,15.32,15.43,402127
2023-11-06T05:00:00Z,15.905,15.985,15.7,15.715,363307
2023-11-03T04:00:00Z,15.65,15.86,15.57,15.68,274054
2023-11-02T04:00:00Z,15.45,15.75,15.305,15.685,258428
2023-11-01T04:00:00Z,15.18,15.47,15.085,15.335,368744
2023-10-31T04:00:00Z,15,15.13,14.8,14.995,353532
2023-10-30T04:00:00Z,15.505,15.565,15,15.11,517938
2023-10-27T04:00:00Z,15.98,16.05,15.27,15.34,375463
2023-10-26T04:00:00Z,15.39,15.515,15.21,15.475,186258
2023-10-25T04:00:00Z,15.63,15.71,15.46,15.6,292104
2023-10-24T04:00:00Z,15.425,15.67,15.305,15.55,364025
2023-10-23T04:00:00Z,15.725,15.82,15.255,15.355,1469295
2023-10-20T04:00:00Z,16.265,16.385,16.01,16.205,309500
2023-10-19T04:00:00Z,16.26,16.445,16.185,16.36,446260
2023-10-18T04:00:00Z,16.29,16.545,16.26,16.515,629149
2023-10-17T04:00:00Z,15.77,16.22,15.77,16.17,572725
2023-10-16T04:00:00Z,15.495,15.84,15.33,15.81,362271
2023-10-13T04:00:00Z,15.485,15.57,15.385,15.435,377437
2023-10-12T04:00:00Z,15.19,15.295,14.93,15.015,373185
2023-10-11T04:00:00Z,15.09,15.14,14.79,15.075,344913
2023-10-10T04:00:00Z,14.83,15.115,14.79,15.08,327466
2023-10-09T04:00:00Z,14.48,14.825,14.435,14.705,314085
2023-10-06T04:00:00Z,13.665,14.235,13.57,14.1,682781
2023-10-05T04:00:00Z,13.8,13.87,13.65,13.775,204484
2023-10-04T04:00:00Z,14.12,14.14,13.735,13.855,341553
2023-10-03T04:00:00Z,14.57,14.67,14.21,14.3,560080
2023-10-02T04:00:00Z,15.03,15.035,14.585,14.685,230907
2023-09-29T04:00:00Z,15,15.135,14.945,14.995,360314
2023-09-28T04:00:00Z,14.825,14.96,14.77,14.84,476191
2023-09-27T04:00:00Z,14.755,14.94,14.68,14.92,394559
2023-09-26T04:00:00Z,14.9,14.925,14.62,14.655,428779
2023-09-25T04:00:00Z,15.015,15.135,14.955,15.045,271128
2023-09-22T04:00:00Z,15.16,15.26,15.01,15.08,103917
2023-09-21T04:00:00Z,15.07,15.24,14.94,14.985,362633
2023-09-20T04:00:00Z,15.29,15.54,15.28,15.34,272731
2023-09-19T04:00:00Z,15.565,15.58,15.27,15.27,304702
2023-09-18T04:00:00Z,15.49,15.69,15.325,15.385,350048
2023-09-15T04:00:00Z,15.35,15.41,15.19,15.195,344402
2023-09-14T04:00:00Z,15.01,15.39,15.005,15.38,502099
2023-09-13T04:00:00Z,14.885,15.015,14.81,14.81,366008
2023-09-12T04:00:00Z,14.785,14.985,14.785,14.815,162249
2023-09-11T04:00:00Z,14.935,14.985,14.71,14.725,758205
2023-09-08T04:00:00Z,14.835,14.92,14.68,14.685,496157
2023-09-07T04:00:00Z,14.905,14.905,14.51,14.57,330216
2023-09-06T04:00:00Z,14.795,15.12,14.795,14.93,865043
2023-09-05T04:00:00Z,14.235,14.89,14.215,14.815,1197673
2023-09-01T04:00:00Z,14.25,14.5,14.09,14.5,576022
2023-08-31T04:00:00Z,14.38,14.39,13.975,14.06,438746
2023-08-30T04:00:00Z,14.59,14.66,14.54,14.545,169751
2023-08-29T04:00:00Z,14.45,14.63,14.35,14.58,231219
2023-08-28T04:00:00Z,14.28,14.525,14.22,14.51,319216
2023-08-25T04:00:00Z,14.475,14.48,14.21,14.31,371552
2023-08-24T04:00:00Z,14.57,14.665,14.35,14.495,378937
2023-08-23T04:00:00Z,13.99,14.55,13.97,14.535,768786
2023-08-22T04:00:00Z,13.48,13.55,13.37,13.53,311050
2023-08-21T04:00:00Z,13.95,13.985,13.56,13.675,326709
2023-08-18T04:00:00Z,13.62,13.905,13.62,13.895,451305
2023-08-17T04:00:00Z,14.03,14.135,13.74,13.75,303037
2023-08-16T04:00:00Z,13.71,14.06,13.685,13.84,807311
2023-08-15T04:00:00Z,14.035,14.035,13.415,13.43,729105
2023-08-14T04:00:00Z,13.58,13.605,13.39,13.5,370226
2023-08-11T04:00:00Z,13.8,13.905,13.48,13.64,248520
2023-08-10T04:00:00Z,13.59,13.835,13.53,13.68,236674
2023-08-09T04:00:00Z,13.495,13.705,13.47,13.605,406799
2023-08-08T04:00:00Z,13.25,13.6,13.185,13.49,291200
2023-08-07T04:00:00Z,13.48,13.56,13.34,13.465,424620
2023-08-04T04:00:00Z,13.88,13.885,13.23,13.525,482286
2023-08-03T04:00:00Z,14.055,14.12,13.915,14.035,422656
2023-08-02T04:00:00Z,14.035,14.125,13.8,14.06,380699
2023-08-01T04:00:00Z,14.44,14.525,13.93,14.19,363062
2023-07-31T04:00:00Z,14.25,14.71,14.225,14.7,689503
2023-07-28T04:00:00Z,13.88,14.02,13.825,13.93,180480
2023-07-27T04:00:00Z,14.295,14.32,13.655,13.68,603223
2023-07-26T04:00:00Z,14.53,14.65,14.33,14.54,376714
2023-07-25T04:00:00Z,14.3,14.575,14.23,14.565,308277
2023-07-24T04:00:00Z,14.05,14.39,14.045,14.33,476966
2023-07-21T04:00:00Z,13.79,14.04,13.73,13.93,477873
2023-07-20T04:00:00Z,13.575,13.67,13.46,13.61,349134
2023-07-19T04:00:00Z,13.39,13.595,13.31,13.54,742821
2023-07-18T04:00:00Z,13.445,13.55,13.33,13.38,284718
2023-07-17T04:00:00Z,13.025,13.575,13.025,13.495,559507
2023-07-14T04:00:00Z,13.765,13.795,13.51,13.535,563537
2023-07-13T04:00:00Z,13.74,13.87,13.69,13.83,274115
2023-07-12T04:00:00Z,13.765,13.93,13.59,13.615,162004
2023-07-11T04:00:00Z,13.445,13.56,13.31,13.55,155797
2023-07-10T04:00:00Z,13.575,13.69,13.545,13.615,210658
2023-07-07T04:00:00Z,13.735,13.81,13.575,13.62,159274
2023-07-06T04:00:00Z,13.71,13.81,13.35,13.515,214463
2023-07-05T04:00:00Z,13.94,14.01,13.685,13.92,328767
2023-07-03T04:00:00Z,14.005,14.13,13.92,13.97,128203
2023-06-30T04:00:00Z,14.25,14.35,13.77,13.84,419005
2023-06-29T04:00:00Z,14.22,14.35,14.145,14.335,260867
2023-06-28T04:00:00Z,14.17,14.34,14.11,14.175,202458
2023-06-27T04:00:00Z,14.505,14.53,14.105,14.24,329843
2023-06-26T04:00:00Z,14.31,14.535,14.285,14.445,224693
2023-06-23T04:00:00Z,14.44,14.49,14.07,14.095,346230
2023-06-22T04:00:00Z,14.715,14.78,14.52,14.665,576048
2023-06-21T04:00:00Z,14.545,15,14.535,14.935,485468
2023-06-20T04:00:00Z,14.205,14.295,13.93,14.235,509423
2023-06-16T04:00:00Z,13.7,13.945,13.655,13.91,722693
2023-06-15T04:00:00Z,14.22,14.255,13.755,13.795,499788
2023-06-14T04:00:00Z,13.365,13.93,13.335,13.905,722895
2023-06-13T04:00:00Z,13.3,13.43,13.165,13.27,819818
2023-06-12T04:00:00Z,13.755,14.05,13.68,13.99,562033
2023-06-09T04:00:00Z,13.165,13.8,13.135,13.76,550569
2023-06-08T04:00:00Z,13.12,13.175,12.925,13.165,290881
2023-06-07T04:00:00Z,12.985,13.08,12.885,13.015,622682
2023-06-06T04:00:00Z,12.235,12.725,12.21,12.65,343736
2023-06-05T04:00:00Z,12.485,12.5,12.28,12.345,425655
2023-06-02T04:00:00Z,12.27,12.37,12.17,12.235,533269
2023-06-01T04:00:00Z,11.64,12,11.585,11.97,236086
2023-05-31T04:00:00Z,11.52,11.59,11.47,11.54,238765
2023-05-30T04:00:00Z,11.805,11.805,11.59,11.74,342730
2023-05-26T04:00:00Z,11.85,12.03,11.79,11.98,376101
2023-05-25T04:00:00Z,11.85,11.905,11.675,11.755,437828
2023-05-24T04:00:00Z,11.95,12.04,11.78,11.97,267693
2023-05-23T04:00:00Z,11.725,11.96,11.62,11.795,204605
2023-05-22T04:00:00Z,11.78,11.78,11.535,11.56,188487
2023-05-19T04:00:00Z,11.735,11.815,11.665,11.72,617413
2023-05-18T04:00:00Z,11.655,11.735,11.52,11.71,436819
2023-05-17T04:00:00Z,11.86,11.86,11.66,11.755,632629
2023-05-16T04:00:00Z,11.875,12.205,11.765,11.77,622181
2023-05-15T04:00:00Z,11.68,11.765,11.49,11.68,619597
2023-05-12T04:00:00Z,11.56,12.08,11.54,11.855,579666
2023-05-11T04:00:00Z,10.875,11.5,10.77,11.31,954357
2023-05-10T04:00:00Z,11.075,11.185,10.92,11.09,426785
2023-05-09T04:00:00Z,10.74,11.05,10.74,11,354540
2023-05-08T04:00:00Z,10.99,11.075,10.83,10.85,310247
2023-05-05T04:00:00Z,10.475,10.85,10.405,10.81,408640
2023-05-04T04:00:00Z,10.33,10.42,10.04,10.26,278426
2023-05-03T04:00:00Z,10.1,10.29,10.01,10.135,498315
2023-05-02T04:00:00Z,10.5,10.515,10.02,10.125,523029
2023-05-01T04:00:00Z,10.54,10.805,10.48,10.515,329236
2023-04-28T04:00:00Z,10.54,10.82,10.32,10.62,917289
2023-04-27T04:00:00Z,11.94,11.94,11.425,11.495,478724
2023-04-26T04:00:00Z,11.85,11.875,11.69,11.745,356029
2023-04-25T04:00:00Z,11.98,12.03,11.68,11.825,300561
2023-04-24T04:00:00Z,11.79,11.97,11.66,11.955,832238
2023-04-21T04:00:00Z,11.75,11.75,11.55,11.605,256626
2023-04-20T04:00:00Z,11.645,11.915,11.6,11.74,308127
2023-04-19T04:00:00Z,12.045,12.045,11.64,11.65,594011
2023-04-18T04:00:00Z,12.01,12.4,11.96,12.285,529401
2023-04-17T04:00:00Z,12.095,12.14,12,12.095,296107
2023-04-14T04:00:00Z,11.855,12.095,11.855,12.065,404987
2023-04-13T04:00:00Z,11.89,11.975,11.82,11.885,230247
2023-04-12T04:00:00Z,11.7,11.9,11.58,11.76,364783
2023-04-11T04:00:00Z,11.19,11.6,11.15,11.57,377023
2023-04-10T04:00:00Z,10.81,10.95,10.765,10.915,181757
2023-04-06T04:00:00Z,10.79,10.81,10.66,10.68,215478
2023-04-05T04:00:00Z,10.775,10.89,10.495,10.865,378772
2023-04-04T04:00:00Z,10.97,10.98,10.66,10.765,115699
2023-04-03T04:00:00Z,10.62,10.93,10.615,10.925,320637
2023-03-31T04:00:00Z,10.67,10.7,10.345,10.425,312060
2023-03-30T04:00:00Z,10.575,10.595,10.32,10.53,160892
2023-03-29T04:00:00Z,10.245,10.425,10.185,10.39,148307
2023-03-28T04:00:00Z,10.02,10.245,10.02,10.215,287265
2023-03-27T04:00:00Z,9.885,10.005,9.76,9.975,884605
2023-03-24T04:00:00Z,9.59,9.85,9.56,9.705,400648
2023-03-23T04:00:00Z,10.075,10.1,9.605,9.625,511690
2023-03-22T04:00:00Z,9.955,10.13,9.83,9.91,171611
2023-03-21T04:00:00Z,9.92,10.095,9.9,10,317067
2023-03-20T04:00:00Z,9.97,10.005,9.76,9.76,767732
2023-03-17T04:00:00Z,9.95,10.025,9.72,9.99,349523
2023-03-16T04:00:00Z,9.91,10.045,9.8,10.03,448724
2023-03-15T04:00:00Z,10.02,10.08,9.64,9.985,1551359
2023-03-14T04:00:00Z,10.55,10.725,10.215,10.25,470099
2023-03-13T04:00:00Z,10.535,10.76,10.39,10.425,242941
2023-03-10T05:00:00Z,10.95,11.19,10.855,10.88,291515
2023-03-09T05:00:00Z,11.46,11.6,11,11.03,517661
2023-03-08T05:00:00Z,11.205,11.49,11.17,11.29,438302
2023-03-07T05:00:00Z,11.225,11.26,10.865,10.985,357947
2023-03-06T05:00:00Z,11.095,11.43,11.04,11.43,289457
2023-03-03T05:00:00Z,10.73,11.16,10.65,11.16,365263
2023-03-02T05:00:00Z,10.805,11.11,10.64,10.76,514475
2023-03-01T05:00:00Z,10.885,11.1,10.465,11.095,962423
2023-02-28T05:00:00Z,11.69,11.69,11.02,11.095,888047
2023-02-27T05:00:00Z,11.405,11.735,11.325,11.505,840202
2023-02-24T05:00:00Z,11.47,11.6,11.34,11.39,318141
2023-02-23T05:00:00Z,11.54,11.835,11.505,11.69,327689
2023-02-22T05:00:00Z,11.265,11.35,11.195,11.265,167085
2023-02-21T05:00:00Z,11.56,11.64,11.22,11.265,216599
2023-02-17T05:00:00Z,11.49,11.62,11.395,11.545,213272
2023-02-16T05:00:00Z,11.5,11.67,11.5,11.635,199650
2023-02-15T05:00:00Z,11.52,11.645,11.415,11.615,257992
2023-02-14T05:00:00Z,11.6,11.795,11.525,11.63,301983
2023-02-13T05:00:00Z,11.48,11.72,11.43,11.72,358634
2023-02-10T05:00:00Z,11.295,11.57,11.255,11.53,370567
2023-02-09T05:00:00Z,11.17,11.25,11.035,11.055,339954
2023-02-08T05:00:00Z,11.11,11.285,10.98,11.2,288391
2023-02-07T05:00:00Z,11.19,11.27,10.905,11.055,348081
2023-02-06T05:00:00Z,10.89,11.21,10.72,11.19,576775
2023-02-03T05:00:00Z,10.93,11.115,10.725,10.835,426179
2023-02-02T05:00:00Z,11.49,11.53,10.82,10.92,821307
2023-02-01T05:00:00Z,11.59,11.755,11.165,11.415,607361
2023-01-31T05:00:00Z,11.345,11.615,11.265,11.59,268253
2023-01-30T05:00:00Z,11.49,11.49,11.235,11.27,250350
2023-01-27T05:00:00Z,11.475,11.54,11.225,11.29,279610
2023-01-26T05:00:00Z,11.92,11.97,11.35,11.655,402087
2023-01-25T05:00:00Z,11.7,11.96,11.475,11.93,340945
2023-01-24T05:00:00Z,10.59,11.97,10.59,11.775,339750
2023-01-23T05:00:00Z,11.575,12.065,11.56,11.74,450682
2023-01-20T05:00:00Z,11.165,11.485,11.1,11.455,270446
2023-01-19T05:00:00Z,11.01,11.385,10.99,11.355,289032
2023-01-18T05:00:00Z,11.5,11.525,10.98,10.98,572324
2023-01-17T05:00:00Z,10.74,11.325,10.74,11.315,338551
2023-01-13T05:00:00Z,10.77,10.92,10.77,10.84,222392
2023-01-12T05:00:00Z,10.61,10.935,10.56,10.895,340001
2023-01-11T05:00:00Z,10.61,10.645,10.46,10.605,526599
2023-01-10T05:00:00Z,10.3,10.47,10.1,10.45,231107
2023-01-09T05:00:00Z,10.185,10.335,10.135,10.24,392138
2023-01-06T05:00:00Z,10.35,10.38,10.175,10.28,310281
2023-01-05T05:00:00Z,9.855,10.205,9.795,10.13,485297
2023-01-04T05:00:00Z,9.46,9.89,9.275,9.705,1191080
2023-01-03T05:00:00Z,9.77,9.915,9.41,9.505,971370
2022-12-30T05:00:00Z,10.68,10.94,10.58,10.63,274391
2022-12-29T05:00:00Z,10.99,11.03,10.58,10.68,454571
2022-12-28T05:00:00Z,10.965,11.055,10.76,10.85,277926
2022-12-27T05:00:00Z,10.705,10.87,10.625,10.85,410983
2022-12-23T05:00:00Z,10.665,11.08,10.665,11.08,392138
2022-12-22T05:00:00Z,10.525,10.665,10.29,10.51,431968
2022-12-21T05:00:00Z,10.13,10.3,9.94,10.295,338199
2022-12-20T05:00:00Z,9.745,10.155,9.74,10,492697
2022-12-19T05:00:00Z,9.405,9.66,9.335,9.66,410429
2022-12-16T05:00:00Z,9.28,9.445,9.19,9.37,404407
2022-12-15T05:00:00Z,9.375,9.58,9.15,9.4,819098
2022-12-14T05:00:00Z,9.75,9.75,8.88,9.135,2609918
2022-12-13T05:00:00Z,10.32,10.5,10.145,10.15,858275
2022-12-12T05:00:00Z,10.26,10.375,9.99,10.335,883935
2022-12-09T05:00:00Z,10.675,10.84,10.665,10.72,274441
2022-12-08T05:00:00Z,11.1,11.18,10.72,10.77,323161
2022-12-07T05:00:00Z,11.19,11.345,10.985,11.08,425971
2022-12-06T05:00:00Z,11.2,11.47,11.025,11.09,386248
2022-12-05T05:00:00Z,11.45,11.475,11.06,11.075,319689
2022-12-02T05:00:00Z,11.595,11.78,11.36,11.395,942584
2022-12-01T05:00:00Z,11.645,11.68,11.27,11.275,361824
2022-11-30T05:00:00Z,11.48,11.715,11.295,11.695,784957
2022-11-29T05:00:00Z,10.945,11.355,10.93,11.135,1423114
2022-11-28T05:00:00Z,10.225,10.6,10.195,10.56,569544
2022-11-25T05:00:00Z,10.41,10.44,10.2,10.29,459353
2022-11-23T05:00:00Z,10.035,10.22,9.97,10.125,1562865
2022-11-22T05:00:00Z,9.8,10.15,9.57,10.145,1909604
2022-11-21T05:00:00Z,11.43,11.505,11.02,11.39,463277
2022-11-18T05:00:00Z,11.295,11.47,11.18,11.35,613943
2022-11-17T05:00:00Z,11.27,11.5,11.18,11.465,834766
2022-11-16T05:00:00Z,11.84,11.925,11.485,11.58,1590382
2022-11-15T05:00:00Z,12.22,12.22,11.835,11.97,442287
2022-11-14T05:00:00Z,11.715,12.06,11.665,11.905,767693
2022-11-11T05:00:00Z,11.11,11.68,11.085,11.545,1354455
2022-11-10T05:00:00Z,11.11,11.3,10.83,11.005,1309567
2022-11-09T05:00:00Z,11.88,11.97,11.565,11.6,491126
2022-11-08T05:00:00Z,11.91,11.97,11.62,11.895,738646
2022-11-07T05:00:00Z,12.45,12.6,11.8,11.845,1669399
2022-11-04T04:00:00Z,13.51,13.54,12.485,12.63,1390379
2022-11-03T04:00:00Z,12.75,13.28,12.715,13.06,1307131
2022-11-02T04:00:00Z,13.05,13.14,12.74,12.755,711680
2022-11-01T04:00:00Z,12.95,13.27,12.795,13.04,1260872
2022-10-31T04:00:00Z,12.505,13.29,12.5,12.825,1832830
2022-10-28T04:00:00Z,13.485,13.59,13.28,13.45,583045
2022-10-27T04:00:00Z,13.685,13.985,13.6,13.695,738751
2022-10-26T04:00:00Z,13.37,13.89,13.28,13.53,628383
2022-10-25T04:00:00Z,13.96,14.225,13.82,13.91,973789
2022-10-24T04:00:00Z,15.36,15.42,14.12,14.185,1539028
2022-10-21T04:00:00Z,15.39,16.32,15.35,16.055,791397
2022-10-20T04:00:00Z,15.195,15.44,15.095,15.44,729556
2022-10-19T04:00:00Z,14.35,14.89,14.35,14.865,401163
2022-10-18T04:00:00Z,14.095,14.385,13.875,14.365,700913
2022-10-17T04:00:00Z,13.995,14.29,13.815,13.975,501539
2022-10-14T04:00:00Z,14.315,14.36,13.935,13.955,268760
2022-10-13T04:00:00Z,13.76,14.75,13.675,14.45,764505
2022-10-12T04:00:00Z,13.95,14,13.68,13.89,378938
2022-10-11T04:00:00Z,14.01,14.335,13.95,14.015,589570
2022-10-10T04:00:00Z,14.47,14.62,14.22,14.245,223450
2022-10-07T04:00:00Z,14.52,14.74,14.275,14.36,292526
2022-10-06T04:00:00Z,14.16,14.505,14.135,14.505,514827
2022-10-05T04:00:00Z,13.72,14.22,13.685,14.105,433949
2022-10-04T04:00:00Z,14.24,14.24,13.605,13.68,1111725
2022-10-03T04:00:00Z,13.735,13.95,13.535,13.915,1112746
2022-09-30T04:00:00Z,12.02,12.575,12.02,12.35,595173
2022-09-29T04:00:00Z,11.99,12.215,11.845,12.14,503314
2022-09-28T04:00:00Z,12.34,12.34,11.95,12.265,873062
2022-09-27T04:00:00Z,12.355,12.495,12.195,12.26,552633
2022-09-26T04:00:00Z,12.34,12.475,12.02,12.14,635876
2022-09-23T04:00:00Z,13.26,13.265,12.47,12.55,1004556
2022-09-22T04:00:00Z,13.585,13.91,13.43,13.83,353801
2022-09-21T04:00:00Z,13.68,13.72,13.35,13.42,419308
2022-09-20T04:00:00Z,13.44,13.685,13.39,13.55,429449
2022-09-19T04:00:00Z,12.88,13.62,12.87,13.525,408257
2022-09-16T04:00:00Z,13.025,13.12,12.86,13.09,804178
2022-09-15T04:00:00Z,13.24,13.4,13.145,13.245,563240
2022-09-14T04:00:00Z,13.4,13.6,13.36,13.42,760182
2022-09-13T04:00:00Z,13.47,13.65,13.21,13.235,954028
2022-09-12T04:00:00Z,14.095,14.155,13.87,13.9,463339
2022-09-09T04:00:00Z,13.915,13.955,13.78,13.805,700729
2022-09-08T04:00:00Z,13.825,14.05,13.485,13.63,943806
2022-09-07T04:00:00Z,13.48,13.9,13.435,13.765,366266
2022-09-06T04:00:00Z,13.91,13.91,13.55,13.745,533791
2022-09-02T04:00:00Z,14.8,14.87,14.355,14.435,304938
2022-09-01T04:00:00Z,14.39,14.5,14.065,14.44,439878
2022-08-31T04:00:00Z,13.79,14.445,13.74,14.29,673295
2022-08-30T04:00:00Z,14.8,14.825,14.09,14.23,474431
2022-08-29T04:00:00Z,14.9,15.45,14.81,15.125,582282
2022-08-26T04:00:00Z,14.41,14.755,14.34,14.73,465013
2022-08-25T04:00:00Z,14.82,14.82,14.25,14.585,528124
2022-08-24T04:00:00Z,14.47,14.875,14.395,14.69,470618
2022-08-23T04:00:00Z,14.26,14.655,14.26,14.635,711062
2022-08-22T04:00:00Z,13.46,14.01,13.29,13.925,607523
2022-08-19T04:00:00Z,14.04,14.05,13.58,13.665,381818
2022-08-18T04:00:00Z,14.33,14.4,14.07,14.21,383255
2022-08-17T04:00:00Z,13.58,14.095,13.52,14.075,481386
2022-08-16T04:00:00Z,13.65,13.75,13.54,13.725,292114
2022-08-15T04:00:00Z,13.12,13.855,13.08,13.68,587327
2022-08-12T04:00:00Z,12.64,13.715,12.61,13.615,1438753
2022-08-11T04:00:00Z,15.77,15.82,15.015,15.09,909476
2022-08-10T04:00:00Z,15.59,15.72,15.46,15.54,672434
2022-08-09T04:00:00Z,15.56,15.655,15.335,15.455,1023920
2022-08-08T04:00:00Z,14.88,15.365,14.805,15.35,655404
2022-08-05T04:00:00Z,14.02,14.54,13.99,14.44,519392
2022-08-04T04:00:00Z,13.82,14.195,13.625,14.145,395922
2022-08-03T04:00:00Z,13.91,13.98,13.705,13.755,475898
2022-08-02T04:00:00Z,14.085,14.19,13.81,13.85,637987
2022-08-01T04:00:00Z,14.07,14.325,13.9,14.1,576793
2022-07-29T04:00:00Z,13.93,14.435,13.92,14.29,816047
2022-07-28T04:00:00Z,13.29,13.47,12.93,13.43,842467
2022-07-27T04:00:00Z,12.75,12.96,12.455,12.95,374219
2022-07-26T04:00:00Z,12.65,12.78,12.425,12.61,349715
2022-07-25T04:00:00Z,11.96,12.385,11.88,12.385,315051
2022-07-22T04:00:00Z,11.605,11.72,11.52,11.625,308467
2022-07-21T04:00:00Z,11.32,11.485,11.12,11.465,301105
2022-07-20T04:00:00Z,11.65,11.76,11.53,11.63,329261
2022-07-19T04:00:00Z,11.57,11.79,11.555,11.665,292259
2022-07-18T04:00:00Z,11.5,11.66,11.43,11.47,233246
2022-07-15T04:00:00Z,10.98,11.24,10.92,11.24,223307
2022-07-14T04:00:00Z,10.92,11.02,10.76,10.89,334062
2022-07-13T04:00:00Z,11.165,11.49,11.16,11.335,399404
2022-07-12T04:00:00Z,11.26,11.375,11.175,11.24,322320
2022-07-11T04:00:00Z,11.595,11.685,11.48,11.555,295018
2022-07-08T04:00:00Z,11.81,11.87,11.59,11.81,382268
2022-07-07T04:00:00Z,11.52,11.65,11.495,11.57,377219
2022-07-06T04:00:00Z,11.185,11.235,10.75,11.1,313865
2022-07-05T04:00:00Z,11.455,11.485,11,11.335,844074
2022-07-01T04:00:00Z,11.535,11.78,11.23,11.76,367914
2022-06-30T04:00:00Z,11.58,11.79,11.455,11.665,235885
2022-06-29T04:00:00Z,12.1,12.18,11.785,11.83,234874
2022-06-28T04:00:00Z,12.16,12.2,11.78,11.895,385223
2022-06-27T04:00:00Z,11.22,11.85,11.16,11.79,474776
2022-06-24T04:00:00Z,11.25,11.33,10.92,10.94,489156
2022-06-23T04:00:00Z,11.61,11.65,10.995,11.095,603050
2022-06-22T04:00:00Z,11.28,11.755,11.2,11.46,433692
2022-06-21T04:00:00Z,11.73,11.85,11.5,11.555,863816
2022-06-17T04:00:00Z,12.095,12.095,11.235,11.615,1433183
2022-06-16T04:00:00Z,12.43,12.43,11.85,12.08,656916
2022-06-15T04:00:00Z,12.86,12.93,12.465,12.775,659013
2022-06-14T04:00:00Z,12.95,12.98,12.57,12.71,484683
2022-06-13T04:00:00Z,12.77,12.88,12.37,12.59,648855
2022-06-10T04:00:00Z,13.05,13.285,12.92,13.22,376355
2022-06-09T04:00:00Z,13.68,13.815,13.5,13.52,856558
2022-06-08T04:00:00Z,13.92,14.04,13.755,13.795,332191
2022-06-07T04:00:00Z,13.915,14.09,13.87,13.9,342829
2022-06-06T04:00:00Z,14.24,14.255,13.92,14.015,178268
2022-06-03T04:00:00Z,13.725,14.185,13.7,14.18,428334
2022-06-02T04:00:00Z,13.825,13.88,13.66,13.745,320951
2022-06-01T04:00:00Z,14,14.1,13.7,13.83,295352
2022-05-31T04:00:00Z,14.17,14.33,13.85,13.89,479179
2022-05-27T04:00:00Z,14.5,14.555,14.21,14.255,687923
2022-05-26T04:00:00Z,14.58,14.88,14.545,14.8,755847
2022-05-25T04:00:00Z,14.26,14.625,14.25,14.54,740620
2022-05-24T04:00:00Z,14.38,14.465,13.955,14.225,728528
2022-05-23T04:00:00Z,15.81,16.295,15.69,16.245,530817
2022-05-20T04:00:00Z,15.26,15.48,15.08,15.415,321406
2022-05-19T04:00:00Z,14.86,15.185,14.785,15.06,411936
2022-05-18T04:00:00Z,15.09,15.13,14.61,14.755,551580
2022-05-17T04:00:00Z,15.11,15.21,14.935,15.17,463923
2022-05-16T04:00:00Z,14.55,14.975,14.55,14.86,458112
2022-05-13T04:00:00Z,14.26,14.62,14.23,14.505,499634
2022-05-12T04:00:00Z,14.06,14.34,13.87,14.13,668401
2022-05-11T04:00:00Z,13.8,14.43,13.795,14.1,529302
2022-05-10T04:00:00Z,13.46,13.61,13.235,13.46,1152496
2022-05-09T04:00:00Z,13.735,13.735,13.2,13.24,619467
2022-05-06T04:00:00Z,13.81,14.2,13.425,14.07,356673
2022-05-05T04:00:00Z,14,14.02,13.25,13.655,714166
2022-05-04T04:00:00Z,13.38,14.085,13.165,14,539206
2022-05-03T04:00:00Z,13.08,13.375,13.04,13.32,819605
2022-05-02T04:00:00Z,13.24,13.25,12.735,13.02,499466
2022-04-29T04:00:00Z,13.94,14.28,13.56,13.56,631797
2022-04-28T04:00:00Z,13.4,13.58,13.225,13.51,311992
2022-04-27T04:00:00Z,13.3,13.465,13.15,13.31,403532
2022-04-26T04:00:00Z,13.48,13.615,13.21,13.27,420785
2022-04-25T04:00:00Z,13.44,13.74,13.155,13.64,393861
2022-04-22T04:00:00Z,14.535,14.55,13.845,13.88,415390
2022-04-21T04:00:00Z,15.21,15.21,14.42,14.58,506068
2022-04-20T04:00:00Z,14.96,15.19,14.8,15.16,257580
2022-04-19T04:00:00Z,14.76,15.05,14.71,14.9,259333
2022-04-18T04:00:00Z,14.725,14.8,14.565,14.66,578567
2022-04-14T04:00:00Z,14.65,14.92,14.55,14.72,1136967
2022-04-13T04:00:00Z,15.84,16.085,15.72,15.97,409023
2022-04-12T04:00:00Z,15.95,15.98,15.635,15.66,457772
2022-04-11T04:00:00Z,15.67,15.67,15.425,15.545,408575
2022-04-08T04:00:00Z,15.37,15.735,15.3,15.68,433965
2022-04-07T04:00:00Z,14.92,15.495,14.92,15.43,670741
2022-04-06T04:00:00Z,14.96,15.06,14.63,14.795,472999
2022-04-05T04:00:00Z,15.135,15.315,14.89,14.9,619785
2022-04-04T04:00:00Z,15.08,15.19,14.875,15.15,426711
2022-04-01T04:00:00Z,15,15.21,14.9,15.1,752351
2022-03-31T04:00:00Z,14.54,14.98,14.52,14.82,470529
2022-03-30T04:00:00Z,14.62,14.735,14.505,14.67,383272
2022-03-29T04:00:00Z,14.53,14.645,14.175,14.49,1044185
2022-03-28T04:00:00Z,14.25,14.33,14.045,14.18,1048659
2022-03-25T04:00:00Z,14.43,14.835,14.43,14.685,672505
2022-03-24T04:00:00Z,14.16,14.555,14.055,14.45,624550
2022-03-23T04:00:00Z,13.98,14.44,13.95,14.19,663194
2022-03-22T04:00:00Z,13.99,14,13.585,13.73,610562
2022-03-21T04:00:00Z,13.55,13.955,13.53,13.8,863964
2022-03-18T04:00:00Z,13.06,13.345,12.93,13.26,1397344
2022-03-17T04:00:00Z,13.15,13.295,12.67,13.005,1823056
2022-03-16T04:00:00Z,13.14,13.27,12.945,13.255,550522
2022-03-15T04:00:00Z,13.08,13.24,12.755,13.07,639495
2022-03-14T04:00:00Z,13.7,13.82,13.3,13.47,554903
2022-03-11T05:00:00Z,14.175,14.23,13.67,13.77,1340231
2022-03-10T05:00:00Z,13.82,14.245,13.745,14.185,749467
2022-03-09T05:00:00Z,13.8,13.975,13.61,13.86,1161241
2022-03-07T05:00:00Z,14.5,14.51,13.265,13.36,2367988
2022-03-04T05:00:00Z,14.69,14.69,14.275,14.52,735600
2022-03-03T05:00:00Z,14.675,15.07,14.675,14.795,761457
2022-03-02T05:00:00Z,14.96,15.1,14.47,14.67,1538300
2022-03-01T05:00:00Z,14.28,15.09,14.28,14.68,1422024
2022-02-28T05:00:00Z,14.16,14.33,13.95,14.29,547426
2022-02-25T05:00:00Z,13.87,14.19,13.725,14.19,997252
2022-02-24T05:00:00Z,14.56,14.61,13.565,13.94,844773
2022-02-23T05:00:00Z,14.63,14.69,14.405,14.55,733188
2022-02-22T05:00:00Z,14.7,14.71,14.15,14.32,840480
2022-02-18T05:00:00Z,13.925,14.04,13.81,14.01,409798
2022-02-17T05:00:00Z,14.065,14.13,13.875,13.98,273868
2022-02-16T05:00:00Z,14.03,14.435,14.03,14.21,552328
2022-02-15T05:00:00Z,13.74,13.775,13.475,13.765,334931
2022-02-14T05:00:00Z,14.16,14.185,13.8,13.99,650588
2022-02-11T05:00:00Z,13.775,14.31,13.68,14.19,950533
2022-02-10T05:00:00Z,13.49,13.915,13.49,13.6,797159
2022-02-09T05:00:00Z,13.41,13.67,13.34,13.42,597212
2022-02-08T05:00:00Z,13.3,13.33,13.08,13.295,789024
2022-02-07T05:00:00Z,13.49,13.645,13.345,13.57,457149
2022-02-04T05:00:00Z,13.53,13.755,13.38,13.56,455497
2022-02-03T05:00:00Z,13.25,13.41,13.11,13.345,947739
2022-02-02T05:00:00Z,13.63,13.66,13.345,13.53,557574
2022-02-01T05:00:00Z,13.295,13.875,13.245,13.83,1225570
2022-01-31T05:00:00Z,13.28,13.45,13.09,13.35,938892
2022-01-28T05:00:00Z,13.78,14.06,13.18,13.39,1015602
2022-01-27T05:00:00Z,13.94,13.985,13.505,13.77,1170889
2022-01-26T05:00:00Z,13.43,13.845,13.385,13.61,1698636
2022-01-25T05:00:00Z,12.57,13.26,12.45,13.15,1470447
2022-01-24T05:00:00Z,12.51,12.595,12.18,12.435,337243
2022-01-21T05:00:00Z,12.67,12.89,12.63,12.66,457603
2022-01-20T05:00:00Z,12.78,12.925,12.625,12.64,1072119
2022-01-19T05:00:00Z,12.65,12.87,12.58,12.61,1034396
2022-01-18T05:00:00Z,12.58,12.64,12.145,12.455,851992
2022-01-14T05:00:00Z,12.26,12.62,12.205,12.605,869775
2022-01-13T05:00:00Z,12.17,12.54,12.15,12.315,1199319
2022-01-12T05:00:00Z,11.72,12.065,11.705,12.03,522268
2022-01-11T05:00:00Z,10.915,11.585,10.915,11.57,736405
2022-01-10T05:00:00Z,10.965,10.98,10.715,10.835,451358
2022-01-07T05:00:00Z,10.87,11.04,10.82,11.01,989452
2022-01-06T05:00:00Z,10.98,11.065,10.78,10.835,601854
2022-01-05T05:00:00Z,11.24,11.285,10.72,10.74,635286
2022-01-04T05:00:00Z,11.11,11.385,11.085,11.28,352055
2022-01-03T05:00:00Z,11,11.215,10.97,11.15,417121
2021-12-31T05:00:00Z,11.05,11.08,10.965,10.97,221946
2021-12-30T05:00:00Z,11.05,11.17,10.99,10.99,285965
2021-12-29T05:00:00Z,10.96,11.085,10.835,10.91,442210
2021-12-28T05:00:00Z,11.07,11.155,11.025,11.105,444878
2021-12-27T05:00:00Z,10.775,11.105,10.715,11.095,632909
2021-12-23T05:00:00Z,10.74,10.85,10.605,10.795,456918
2021-12-22T05:00:00Z,10.55,10.745,10.505,10.7,433540
2021-12-21T05:00:00Z,10.71,10.765,10.555,10.56,433266
2021-12-20T05:00:00Z,10.4,10.64,10.395,10.58,814558
2021-12-17T05:00:00Z,10.905,10.975,10.775,10.795,398532
2021-12-16T05:00:00Z,11.09,11.27,11.03,11.125,477507
2021-12-15T05:00:00Z,10.805,10.905,10.66,10.87,476992
2021-12-14T05:00:00Z,11.135,11.26,10.87,10.89,488043
2021-12-13T05:00:00Z,11.285,11.285,10.985,11.05,423808
2021-12-10T05:00:00Z,11.21,11.305,11.155,11.28,367606
2021-12-09T05:00:00Z,11.02,11.22,11.02,11.2,509120
2021-12-08T05:00:00Z,11.3,11.425,11.255,11.31,750778
2021-12-07T05:00:00Z,10.9,11.165,10.835,11.15,656316
2021-12-06T05:00:00Z,10.675,10.825,10.58,10.75,507922
2021-12-03T05:00:00Z,10.61,10.685,10.38,10.625,903305
2021-12-02T05:00:00Z,9.615,10.5,9.61,10.475,907641
2021-12-01T05:00:00Z,11,11.14,10.65,10.65,890812
2021-11-30T05:00:00Z,10.69,10.83,10.435,10.66,1016416
2021-11-29T05:00:00Z,10.71,10.875,10.445,10.815,684663
2021-11-26T05:00:00Z,10.585,10.585,10.255,10.47,500729
2021-11-24T05:00:00Z,10.25,10.5,10.18,10.5,361348
2021-11-23T05:00:00Z,9.935,10.345,9.915,10.295,448396
2021-11-22T05:00:00Z,9.945,10.135,9.765,9.785,747765
2021-11-19T05:00:00Z,9.82,9.875,9.675,9.73,573218
2021-11-18T05:00:00Z,9.935,10,9.745,9.89,317866
2021-11-17T05:00:00Z,10.24,10.335,9.985,10.05,407015
2021-11-16T05:00:00Z,10.24,10.35,10.07,10.285,572648
2021-11-15T05:00:00Z,10.26,10.415,10.135,10.33,360915
2021-11-12T05:00:00Z,10.055,10.225,9.905,10.225,358377
2021-11-11T05:00:00Z,10.1,10.245,10.065,10.175,424272
2021-11-10T05:00:00Z,10.15,10.235,9.89,10.03,654486
2021-11-09T05:00:00Z,10.07,10.15,9.975,10.08,879935
2021-11-08T05:00:00Z,9.77,9.965,9.765,9.84,314181
2021-11-05T04:00:00Z,9.725,9.865,9.6,9.71,342131
2021-11-04T04:00:00Z,9.88,9.885,9.48,9.535,469214
2021-11-03T04:00:00Z,9.94,10.12,9.83,9.875,591153
2021-11-02T04:00:00Z,10.115,10.115,9.935,10.06,521210
2021-11-01T04:00:00Z,9.97,10.29,9.91,10.185,1076539
2021-10-29T04:00:00Z,10.36,10.39,9.76,9.81,1193149
2021-10-28T04:00:00Z,10.4,10.595,10.365,10.555,697634
2021-10-27T04:00:00Z,10.62,10.65,10.45,10.48,485742
2021-10-26T04:00:00Z,10.58,10.725,10.51,10.535,909979
2021-10-22T04:00:00Z,9.82,10.03,9.365,9.94,1713642
2021-10-21T04:00:00Z,10.32,10.375,9.845,10.05,753121
2021-10-20T04:00:00Z,10.405,10.77,10.375,10.68,738618
2021-10-19T04:00:00Z,10.79,10.8,10.26,10.355,1080733
2021-10-18T04:00:00Z,10.91,11.045,10.83,10.97,471544
2021-10-15T04:00:00Z,10.955,11.145,10.935,11.105,442530
2021-10-14T04:00:00Z,11.18,11.18,10.895,10.935,752318
2021-10-13T04:00:00Z,10.74,11.065,10.725,11.055,685524
2021-10-12T04:00:00Z,10.715,10.915,10.59,10.735,451728
2021-10-11T04:00:00Z,11,11.065,10.725,10.73,660269
2021-10-08T04:00:00Z,10.82,10.995,10.725,10.835,469771
2021-10-07T04:00:00Z,10.64,10.735,10.455,10.655,362185
2021-10-06T04:00:00Z,10.67,10.765,10.52,10.675,453381
2021-10-05T04:00:00Z,10.97,11.08,10.855,10.955,726297
2021-10-04T04:00:00Z,10.685,10.875,10.64,10.81,704528
2021-10-01T04:00:00Z,10.44,10.75,10.44,10.74,573621
2021-09-30T04:00:00Z,10.41,10.5,10.27,10.35,308626
2021-09-29T04:00:00Z,10.31,10.535,10.145,10.38,876647
2021-09-28T04:00:00Z,10.625,10.7,10.165,10.245,1282726
2021-09-27T04:00:00Z,10.48,10.615,10.185,10.45,757314
2021-09-24T04:00:00Z,10.22,10.455,10.195,10.31,385814
2021-09-23T04:00:00Z,10.07,10.405,10.065,10.39,644750
2021-09-22T04:00:00Z,9.96,10.17,9.91,9.99,480507
2021-09-21T04:00:00Z,9.67,9.795,9.465,9.72,384434
2021-09-20T04:00:00Z,9.39,9.535,9.2,9.52,1080988
2021-09-17T04:00:00Z,10,10.04,9.705,9.71,1077879
2021-09-16T04:00:00Z,10.235,10.24,9.97,10.185,694049
2021-09-15T04:00:00Z,10.23,10.405,10.155,10.285,535910
2021-09-14T04:00:00Z,10.32,10.32,10.08,10.17,476417
2021-09-13T04:00:00Z,10.12,10.395,10.085,10.31,483909
2021-09-10T04:00:00Z,10.16,10.245,9.925,9.935,377366
2021-09-09T04:00:00Z,9.8,10.19,9.485,9.98,1604225
2021-09-08T04:00:00Z,10.365,10.485,9.715,9.755,1121817
2021-09-07T04:00:00Z,10.44,10.835,10.44,10.55,793458
2021-09-03T04:00:00Z,10.62,10.645,10.42,10.45,274122
2021-09-02T04:00:00Z,10.65,11,10.555,10.61,1044974
2021-09-01T04:00:00Z,10.675,10.89,10.605,10.755,351784
2021-08-31T04:00:00Z,11.07,11.1,10.735,10.845,675653
2021-08-30T04:00:00Z,11.18,11.255,11,11.03,922975
2021-08-27T04:00:00Z,10.9,11.22,10.865,11.21,698796
2021-08-26T04:00:00Z,10.855,10.95,10.74,10.78,176200
2021-08-25T04:00:00Z,10.78,10.925,10.675,10.905,236748
2021-08-24T04:00:00Z,10.56,10.81,10.535,10.81,265930
2021-08-23T04:00:00Z,10.32,10.46,10.22,10.42,293570
2021-08-20T04:00:00Z,9.8,10.115,9.76,10.1,437838
2021-08-19T04:00:00Z,10.005,10.175,9.915,10.085,332743
2021-08-18T04:00:00Z,10.48,10.555,10.245,10.245,399672
2021-08-17T04:00:00Z,10.49,10.85,10.355,10.56,413248
2021-08-16T04:00:00Z,11.255,11.265,11.045,11.15,459464
2021-08-13T04:00:00Z,11.225,11.47,11.18,11.335,332036
2021-08-12T04:00:00Z,11.255,11.39,11.135,11.255,1098729
2021-08-11T04:00:00Z,11.04,11.34,11.015,11.29,370323
2021-08-10T04:00:00Z,11.11,11.335,11.055,11.12,581192
2021-08-09T04:00:00Z,11.005,11.065,10.735,11.04,526119
2021-08-06T04:00:00Z,11.23,11.235,11.01,11.18,629258
2021-08-05T04:00:00Z,11.26,11.685,11.12,11.28,1235966
2021-08-04T04:00:00Z,10.56,10.56,10.12,10.31,939915
2021-08-03T04:00:00Z,10.29,10.72,10.16,10.71,440595
2021-08-02T04:00:00Z,10.825,11.01,10.605,10.645,399357
2021-07-30T04:00:00Z,11.04,11.125,10.62,10.67,361610
2021-07-29T04:00:00Z,11.12,11.275,11.04,11.185,292080
2021-07-28T04:00:00Z,10.89,11.1,10.755,11.065,505055
2021-07-27T04:00:00Z,10.745,10.865,10.645,10.83,366400
2021-07-26T04:00:00Z,10.58,10.87,10.58,10.86,248008
2021-07-23T04:00:00Z,10.73,10.785,10.49,10.54,309456
2021-07-22T04:00:00Z,10.66,10.755,10.535,10.66,167294
2021-07-21T04:00:00Z,10.495,10.775,10.465,10.705,400557
2021-07-20T04:00:00Z,10.06,10.575,9.99,10.465,685817
2021-07-19T04:00:00Z,10.33,10.41,10.1,10.19,437555
2021-07-16T04:00:00Z,10.955,10.955,10.545,10.68,551996
2021-07-15T04:00:00Z,11.03,11.18,10.78,10.84,628840
2021-07-14T04:00:00Z,11.31,11.385,11.115,11.165,665267
2021-07-13T04:00:00Z,10.975,11.105,10.865,11.055,502279
2021-07-12T04:00:00Z,10.78,11.05,10.705,11.025,235460
2021-07-09T04:00:00Z,10.88,10.965,10.75,10.885,267391
2021-07-08T04:00:00Z,10.74,10.895,10.595,10.775,454151
2021-07-07T04:00:00Z,11.04,11.065,10.78,11.02,717786
2021-07-06T04:00:00Z,11.42,11.51,11.035,11.05,533624
2021-07-02T04:00:00Z,11.83,11.97,11.63,11.915,317923
2021-07-01T04:00:00Z,12.37,12.37,11.765,11.795,609473
2021-06-30T04:00:00Z,11.85,12.28,11.805,12.235,828725
2021-06-29T04:00:00Z,11.88,12.045,11.7,12.045,493282
2021-06-28T04:00:00Z,11.93,11.96,11.74,11.885,578477
2021-06-25T04:00:00Z,12.155,12.245,11.85,11.965,805022
2021-06-24T04:00:00Z,11.985,12.245,11.915,12.165,721931
2021-06-23T04:00:00Z,11.88,12.095,11.76,11.94,569420
2021-06-22T04:00:00Z,11.65,11.915,11.51,11.83,537124
2021-06-21T04:00:00Z,11.54,11.74,11.44,11.69,227192
2021-06-18T04:00:00Z,11.37,11.395,11.2,11.39,878302
2021-06-17T04:00:00Z,11.775,11.82,11.305,11.42,610974
2021-06-16T04:00:00Z,11.74,11.84,11.48,11.805,660311
2021-06-15T04:00:00Z,11.58,11.74,11.43,11.71,322094
2021-06-14T04:00:00Z,11.755,11.84,11.46,11.52,443729
2021-06-11T04:00:00Z,11.66,11.66,11.37,11.46,1372967
2021-06-10T04:00:00Z,11.79,11.875,11.59,11.665,650527
2021-06-09T04:00:00Z,11.735,11.86,11.585,11.705,1408633
2021-06-08T04:00:00Z,11.345,11.76,11.23,11.755,4236798
2021-06-07T04:00:00Z,11.34,11.595,11.245,11.44,928310
2021-06-04T04:00:00Z,11.365,11.61,11.285,11.59,1463800
2021-06-03T04:00:00Z,11.185,11.35,11.08,11.27,2674373
2021-06-02T04:00:00Z,10.52,11.32,10.52,11.32,8520632
2021-06-01T04:00:00Z,10.52,10.645,10.33,10.63,1922692
2021-05-28T04:00:00Z,9.84,10.23,9.805,10.2,996418
2021-05-27T04:00:00Z,9.635,9.635,9.47,9.585,425584
2021-05-26T04:00:00Z,9.39,9.555,9.345,9.545,444698
2021-05-25T04:00:00Z,9.655,9.66,9.385,9.39,259698
2021-05-24T04:00:00Z,9.495,9.635,9.46,9.575,413689
2021-05-21T04:00:00Z,9.54,9.61,9.41,9.415,422568
2021-05-20T04:00:00Z,9.59,9.595,9.415,9.48,522244
2021-05-19T04:00:00Z,9.57,9.66,9.435,9.555,315757
2021-05-18T04:00:00Z,9.81,9.85,9.64,9.72,339700
2021-05-17T04:00:00Z,9.635,9.835,9.62,9.805,264011
2021-05-14T04:00:00Z,9.52,9.72,9.48,9.69,889544
2021-05-13T04:00:00Z,9.17,9.24,8.955,9.24,1007737
2021-05-12T04:00:00Z,9.42,9.46,9.125,9.125,994327
2021-05-11T04:00:00Z,9.075,9.395,9.03,9.345,1231033
2021-05-10T04:00:00Z,9.21,9.335,9.165,9.22,1027418
2021-05-07T04:00:00Z,8.78,9.095,8.74,9.055,443920
2021-05-06T04:00:00Z,8.74,8.78,8.675,8.765,281112
2021-05-05T04:00:00Z,8.47,8.73,8.44,8.675,430573
2021-05-04T04:00:00Z,8.46,8.485,8.25,8.255,262752
2021-05-03T04:00:00Z,8.45,8.555,8.39,8.485,407310
2021-04-30T04:00:00Z,8.53,8.655,8.465,8.485,569468
2021-04-29T04:00:00Z,8.83,8.83,8.475,8.565,361827
2021-04-28T04:00:00Z,8.5,8.8,8.5,8.795,440322
2021-04-27T04:00:00Z,8.565,8.65,8.27,8.31,436934
2021-04-26T04:00:00Z,8.505,8.625,8.465,8.54,294450
2021-04-23T04:00:00Z,8.505,8.53,8.33,8.45,323069
2021-04-22T04:00:00Z,8.48,8.525,8.38,8.49,454690
2021-04-21T04:00:00Z,8.225,8.355,8.195,8.34,331872
2021-04-20T04:00:00Z,8.55,8.57,8.285,8.335,383360
2021-04-16T04:00:00Z,7.98,8.16,7.915,8.125,761746
2021-04-15T04:00:00Z,8.32,8.335,8.09,8.1,415523
2021-04-14T04:00:00Z,8.25,8.56,8.25,8.48,610847
2021-04-13T04:00:00Z,8.215,8.365,8.19,8.355,134467
2021-04-12T04:00:00Z,8.46,8.495,8.23,8.275,319831
2021-04-09T04:00:00Z,8.22,8.3,8.215,8.285,1736535
2021-04-08T04:00:00Z,8.41,8.445,8.255,8.375,818108
2021-04-07T04:00:00Z,8.48,8.525,8.36,8.415,397668
2021-04-06T04:00:00Z,8.44,8.52,8.37,8.4,369979
2021-04-05T04:00:00Z,8.4,8.42,8.275,8.37,241984
2021-04-01T04:00:00Z,8.43,8.485,8.225,8.27,465123
2021-03-31T04:00:00Z,8.24,8.52,8.24,8.485,428228
2021-03-30T04:00:00Z,8.12,8.235,8.115,8.14,270190
2021-03-29T04:00:00Z,8.01,8.18,7.965,8.165,314174
2021-03-26T04:00:00Z,8.185,8.325,7.96,8.105,458731
2021-03-25T04:00:00Z,7.8,8.12,7.74,8.12,859417
2021-03-24T04:00:00Z,8.21,8.38,7.98,8.015,313747
2021-03-23T04:00:00Z,8.26,8.44,8.135,8.16,982861
2021-03-22T04:00:00Z,8.33,8.435,8.205,8.36,291512
2021-03-19T04:00:00Z,8.28,8.605,8.185,8.495,854879
2021-03-18T04:00:00Z,8.36,8.485,8.145,8.23,858182
2021-03-17T04:00:00Z,8.01,8.465,7.99,8.43,434642
2021-03-16T04:00:00Z,8.23,8.28,8.09,8.115,268990
2021-03-15T04:00:00Z,8.13,8.2,8.01,8.19,306209
2021-03-12T05:00:00Z,8.185,8.2,8.035,8.125,524392
2021-03-11T05:00:00Z,8.1,8.33,7.97,8.245,688201
2021-03-10T05:00:00Z,7.605,7.855,7.505,7.845,807505
2021-03-09T05:00:00Z,7.2,7.525,7.065,7.275,1107015
2021-03-08T05:00:00Z,7.63,7.67,7.175,7.21,519578
2021-03-05T05:00:00Z,7.94,7.95,7.62,7.76,858161
2021-03-04T05:00:00Z,7.76,7.925,7.53,7.625,1738697
2021-03-03T05:00:00Z,7.4,7.54,7.16,7.43,2000434
2021-03-02T05:00:00Z,7.51,7.83,7.49,7.73,2089232
2021-03-01T05:00:00Z,7.94,8.215,7.8,7.81,1715509
2021-02-26T05:00:00Z,8.3,8.3,7.855,7.92,780268
2021-02-25T05:00:00Z,8.93,9.035,8.205,8.28,1876149
2021-02-24T05:00:00Z,8.64,8.83,8.575,8.71,1365769
2021-02-23T05:00:00Z,8.45,8.7,8.225,8.515,3143361
2021-02-22T05:00:00Z,7.86,8.095,7.77,7.92,5068000
2021-02-19T05:00:00Z,10.36,10.39,9.94,10.045,1411413
2021-02-18T05:00:00Z,11.05,11.08,10.735,10.815,560518
2021-02-17T05:00:00Z,10.71,10.965,10.48,10.925,577794
2021-02-16T05:00:00Z,10.705,10.85,10.625,10.705,343623
2021-02-12T05:00:00Z,10.36,10.64,10.36,10.555,438214
2021-02-11T05:00:00Z,10.6,10.66,10.435,10.545,363259
2021-02-10T05:00:00Z,10.21,10.53,10.145,10.42,310997
2021-02-09T05:00:00Z,10.38,10.435,10.16,10.26,525184
2021-02-08T05:00:00Z,10.89,11.03,10.48,10.6,1105597
2021-02-05T05:00:00Z,11.3,11.47,10.81,11.07,547691
2021-02-04T05:00:00Z,10.81,10.89,10.64,10.855,188674
2021-02-03T05:00:00Z,10.94,11.045,10.815,10.95,263864
2021-02-02T05:00:00Z,10.99,11.135,10.71,10.83,892379
2021-02-01T05:00:00Z,10.17,10.415,10.06,10.295,635121
2021-01-29T05:00:00Z,10.245,10.315,10.02,10.055,339345
2021-01-28T05:00:00Z,10.655,10.72,10.405,10.54,340340
2021-01-27T05:00:00Z,10.26,10.675,10.03,10.335,1325451
2021-01-26T05:00:00Z,10.41,10.565,10.29,10.36,1100712
2021-01-25T05:00:00Z,10.08,10.1,9.815,10.1,620130
2021-01-22T05:00:00Z,10.14,10.32,10.05,10.185,379142
2021-01-21T05:00:00Z,10.83,10.83,10.445,10.525,318961
2021-01-20T05:00:00Z,11.05,11.07,10.805,10.835,1723138
2021-01-19T05:00:00Z,10.94,10.965,10.7,10.88,261658
2021-01-15T05:00:00Z,11.04,11.135,10.865,10.895,667147
2021-01-14T05:00:00Z,11.235,11.57,11.165,11.505,701722
2021-01-13T05:00:00Z,11.6,11.6,11.16,11.21,1007352
2021-01-12T05:00:00Z,11.56,11.755,11.45,11.71,559659
2021-01-11T05:00:00Z,11.36,11.535,11.275,11.395,249577
2021-01-08T05:00:00Z,11.86,11.875,11.545,11.685,241723
2021-01-07T05:00:00Z,11.78,11.83,11.57,11.69,785421
2021-01-06T05:00:00Z,11.64,11.89,11.515,11.615,884539
2021-01-05T05:00:00Z,10.92,11.635,10.92,11.525,439557
2021-01-04T05:00:00Z,11.43,11.59,11.085,11.205,809965
2020-12-31T05:00:00Z,11.19,11.265,11.145,11.22,329614
2020-12-30T05:00:00Z,11.095,11.245,11.085,11.215,633759
2020-12-29T05:00:00Z,11.1,11.145,10.965,11.055,429922
2020-12-28T05:00:00Z,10.98,11.085,10.915,10.99,196306
2020-12-24T05:00:00Z,10.94,10.965,10.775,10.96,117439
2020-12-23T05:00:00Z,10.875,11.155,10.87,10.94,133214
2020-12-22T05:00:00Z,10.84,10.885,10.725,10.82,207750
2020-12-21T05:00:00Z,10.69,10.94,10.67,10.755,333592
2020-12-18T05:00:00Z,11.33,11.425,11.24,11.305,218154
2020-12-17T05:00:00Z,11.385,11.525,11.315,11.375,342708
2020-12-16T05:00:00Z,11.05,11.33,10.945,11.285,573272
2020-12-15T05:00:00Z,10.985,11.185,10.905,11.145,379748
2020-12-14T05:00:00Z,11.2,11.265,10.87,10.91,229911
2020-12-11T05:00:00Z,11.05,11.16,10.955,11.125,432085
2020-12-10T05:00:00Z,10.75,11.385,10.69,11.27,820730
2020-12-09T05:00:00Z,10.73,10.805,10.43,10.56,326460
2020-12-08T05:00:00Z,10.735,10.95,10.61,10.63,260931
2020-12-07T05:00:00Z,10.96,11.015,10.66,10.785,821152
2020-12-04T05:00:00Z,10.8,11.005,10.77,10.925,794017
2020-12-03T05:00:00Z,10.385,10.775,10.375,10.55,376338
2020-12-02T05:00:00Z,9.98,10.415,9.98,10.185,522962
2020-12-01T05:00:00Z,9.88,10.105,9.865,10.095,318751
2020-11-30T05:00:00Z,9.82,9.935,9.545,9.575,363006
2020-11-27T05:00:00Z,9.73,9.935,9.725,9.925,232101
2020-11-25T05:00:00Z,9.955,10.15,9.84,10.04,1011920
2020-11-24T05:00:00Z,9.835,10.08,9.745,9.995,907893
2020-11-23T05:00:00Z,9.3,9.37,9.21,9.355,566938
2020-11-20T05:00:00Z,9.13,9.21,9.015,9.065,642365
2020-11-19T05:00:00Z,9.13,9.265,9.085,9.205,387041
2020-11-18T05:00:00Z,9.24,9.355,9.075,9.075,311215
2020-11-17T05:00:00Z,8.77,9.27,8.77,9.125,407944
2020-11-16T05:00:00Z,8.97,9.005,8.755,8.825,309886
2020-11-13T05:00:00Z,8.3,8.585,8.3,8.535,377948
2020-11-12T05:00:00Z,8.525,8.625,8.23,8.285,229586
2020-11-11T05:00:00Z,8.63,8.785,8.535,8.785,517558
2020-11-10T05:00:00Z,8.42,8.8,8.38,8.795,1485378
2020-11-09T05:00:00Z,8.34,8.395,7.975,8.19,924225
2020-11-06T05:00:00Z,7.185,7.4,7.135,7.38,373785
2020-11-05T05:00:00Z,7.14,7.24,7.105,7.185,347432
2020-11-04T05:00:00Z,6.845,7.095,6.76,6.985,217306
2020-11-03T05:00:00Z,6.98,6.985,6.765,6.875,548100
2020-11-02T05:00:00Z,6.68,6.775,6.54,6.72,288052
2020-10-30T04:00:00Z,6.635,6.755,6.595,6.625,611321
2020-10-29T04:00:00Z,6.23,6.77,6.15,6.69,761688
2020-10-28T04:00:00Z,6.685,6.76,6.485,6.485,866130
2020-10-27T04:00:00Z,7.02,7.07,6.97,6.985,588908
2020-10-26T04:00:00Z,7.255,7.27,7.08,7.185,267241
2020-10-23T04:00:00Z,7.51,7.52,7.26,7.315,503702
2020-10-22T04:00:00Z,7.205,7.45,7.195,7.44,194087
2020-10-21T04:00:00Z,7.13,7.245,7.065,7.185,242622
2020-10-20T04:00:00Z,7.045,7.265,7.035,7.225,875333
2020-10-19T04:00:00Z,6.9,7.145,6.86,6.955,552211
2020-10-16T04:00:00Z,7.01,7.01,6.855,6.865,186874
2020-10-15T04:00:00Z,6.98,7.075,6.945,7.04,312883
2020-10-14T04:00:00Z,7.27,7.345,7.145,7.16,353986
2020-10-13T04:00:00Z,7.15,7.25,7.06,7.23,158501
2020-10-12T04:00:00Z,7.29,7.32,7.165,7.315,264076
2020-10-09T04:00:00Z,7.35,7.355,7.19,7.245,750411
2020-10-08T04:00:00Z,7.15,7.38,7.11,7.38,250220
2020-10-07T04:00:00Z,7.14,7.185,6.975,7.105,265967
2020-10-06T04:00:00Z,7.49,7.515,7.155,7.175,151403
2020-10-05T04:00:00Z,6.96,7.275,6.885,7.21,443289
2020-10-02T04:00:00Z,6.89,6.995,6.8,6.835,290342
2020-10-01T04:00:00Z,6.97,7.11,6.835,7.065,457582
2020-09-30T04:00:00Z,7.08,7.19,7.035,7.115,637761
2020-09-29T04:00:00Z,7.105,7.215,6.96,6.995,346590
2020-09-28T04:00:00Z,7.555,7.61,7.195,7.195,382776
2020-09-25T04:00:00Z,7.35,7.505,7.33,7.455,701433
2020-09-24T04:00:00Z,7.435,7.7,7.325,7.625,650641
2020-09-23T04:00:00Z,7.71,7.745,7.445,7.455,424494
2020-09-22T04:00:00Z,7.98,8.06,7.755,7.845,179113
2020-09-21T04:00:00Z,7.91,7.95,7.755,7.885,285544
2020-09-18T04:00:00Z,8.41,8.475,8.155,8.21,340284
2020-09-17T04:00:00Z,8.275,8.575,8.255,8.575,798148
2020-09-16T04:00:00Z,8.325,8.545,8.255,8.425,382142
2020-09-15T04:00:00Z,8.365,8.435,8.215,8.275,136676
2020-09-14T04:00:00Z,8.275,8.315,8.105,8.285,151636
2020-09-11T04:00:00Z,8.34,8.445,8.24,8.275,420526
2020-09-10T04:00:00Z,8.605,8.635,8.33,8.34,212754
2020-09-09T04:00:00Z,8.63,8.725,8.585,8.665,128343
2020-09-08T04:00:00Z,8.39,8.475,8.225,8.395,376051
2020-09-04T04:00:00Z,8.86,8.935,8.645,8.805,229185
2020-09-03T04:00:00Z,8.78,8.965,8.685,8.795,251357
2020-09-02T04:00:00Z,8.725,8.74,8.565,8.695,165942
2020-09-01T04:00:00Z,8.46,8.73,8.39,8.685,293913
2020-08-31T04:00:00Z,8.32,8.39,8.155,8.185,196355
2020-08-28T04:00:00Z,8.24,8.535,8.23,8.495,205299
2020-08-27T04:00:00Z,8.235,8.235,8.075,8.185,290802
2020-08-26T04:00:00Z,8.46,8.47,8.06,8.125,231222
2020-08-25T04:00:00Z,8.495,8.51,8.33,8.495,97033
2020-08-24T04:00:00Z,8.38,8.48,8.355,8.445,152021
2020-08-21T04:00:00Z,8.22,8.255,8.145,8.255,112844
2020-08-20T04:00:00Z,8.21,8.435,8.115,8.38,433610
2020-08-19T04:00:00Z,8.66,8.765,8.51,8.515,136927
2020-08-18T04:00:00Z,8.62,8.815,8.61,8.66,145432
2020-08-17T04:00:00Z,8.605,8.645,8.34,8.455,424119
2020-08-14T04:00:00Z,8.65,8.775,8.575,8.615,157921
2020-08-13T04:00:00Z,8.87,8.99,8.67,8.695,178096
2020-08-12T04:00:00Z,8.9,8.9,8.665,8.785,150849
2020-08-11T04:00:00Z,9.045,9.055,8.78,8.785,217316
2020-08-10T04:00:00Z,8.795,8.84,8.555,8.83,350410
2020-08-07T04:00:00Z,8.62,8.675,8.535,8.625,167191
2020-08-06T04:00:00Z,8.995,9.015,8.845,8.895,137223
2020-08-05T04:00:00Z,8.925,9.075,8.825,8.935,290730
2020-08-04T04:00:00Z,8.275,8.52,8.24,8.425,348459
2020-08-03T04:00:00Z,8.595,8.6,8.4,8.4,481166
2020-07-31T04:00:00Z,9.05,9.12,8.655,8.68,446297
2020-07-30T04:00:00Z,9.065,9.09,8.875,9.075,436597
2020-07-29T04:00:00Z,9.205,9.285,9.105,9.275,442092
2020-07-28T04:00:00Z,9.085,9.21,9.065,9.135,214107
2020-07-27T04:00:00Z,8.92,9.305,8.835,9.295,190997
