2024-06-14T04:00:00Z,163.13,164.335,162.555,163.83,81241
2024-06-13T04:00:00Z,162.07,163.43,161.59,163.36,79637
2024-06-12T04:00:00Z,164.81,165.075,162.47,163.8,117599
2024-06-11T04:00:00Z,164.81,165.45,163.59,165.04,213878
2024-06-10T04:00:00Z,170.13,170.13,165.635,165.92,326794
2024-06-07T04:00:00Z,171.66,172.44,170.805,171,93215
2024-06-06T04:00:00Z,174.09,174.335,172.75,173.2,93437
2024-06-05T04:00:00Z,173.97,173.97,172,173.45,103824
2024-06-04T04:00:00Z,171.415,174.3,170.89,173.81,77025
2024-06-03T04:00:00Z,172.62,172.82,171.06,171.22,83126
2024-05-31T04:00:00Z,170.01,172.94,169.72,172.94,134550
2024-05-30T04:00:00Z,171.185,171.705,170.405,170.51,65954
2024-05-29T04:00:00Z,172.24,173.01,170.75,171.22,125117
2024-05-28T04:00:00Z,175.9,176.03,171.9,173.41,202347
2024-05-24T04:00:00Z,179.37,179.37,177.875,177.955,77565
2024-05-23T04:00:00Z,180.84,181.87,179.055,179.25,60412
2024-05-22T04:00:00Z,180.29,182.12,180.025,182.085,70156
2024-05-21T04:00:00Z,181.285,181.55,180.12,181.09,58731
2024-05-20T04:00:00Z,181.89,181.89,179.92,180.34,75317
2024-05-17T04:00:00Z,182.23,182.92,181.835,182.14,89681
2024-05-16T04:00:00Z,179.99,183.35,179.65,183.14,217246
2024-05-15T04:00:00Z,179.29,180.4,179.2,179.46,96284
2024-05-14T04:00:00Z,181.085,181.26,178.6,179.935,95061
2024-05-13T04:00:00Z,180.6,181.3,179.86,180.88,123422
2024-05-10T04:00:00Z,177.845,180.13,177.745,179.77,90281
2024-05-09T04:00:00Z,177.28,178.26,177.13,178.06,39553
2024-05-08T04:00:00Z,178.75,178.76,177.26,177.405,72916
2024-05-07T04:00:00Z,177.015,178.15,176.62,178.105,68031
2024-05-06T04:00:00Z,176.51,176.57,175.2,175.79,55874
2024-05-03T04:00:00Z,175.565,176.43,175.045,176.16,53417
2024-05-02T04:00:00Z,175.45,176.29,174.6,175.48,88122
2024-05-01T04:00:00Z,175.71,176.15,173.79,175.13,81413
2024-04-30T04:00:00Z,176.25,176.26,174.88,175.95,72649
2024-04-29T04:00:00Z,175.65,176.23,175.06,176.11,62538
2024-04-26T04:00:00Z,174.345,178.535,174.345,175.72,88274
2024-04-25T04:00:00Z,178.575,180.6,175.905,176.79,221413
2024-04-24T04:00:00Z,168.68,178.075,167.695,177.4,343351
2024-04-23T04:00:00Z,174.635,174.76,170.19,171.2,395287
2024-04-22T04:00:00Z,174.41,177.19,174.045,176.47,210130
2024-04-19T04:00:00Z,172.16,174.26,171.82,174.1,255078
2024-04-18T04:00:00Z,170.725,172.68,170.485,172.33,337524
2024-04-17T04:00:00Z,169.09,169.68,168.25,169.49,108674
2024-04-16T04:00:00Z,167.07,168.5,166.91,167.47,204819
2024-04-15T04:00:00Z,169.05,169.245,166.04,166.98,166930
2024-04-12T04:00:00Z,167.32,168.5,167.32,168.17,126054
2024-04-11T04:00:00Z,169.38,169.73,167.78,168.32,104438
2024-04-10T04:00:00Z,169.28,169.34,167.82,168.96,96323
2024-04-09T04:00:00Z,170.02,170.7,168.78,170.63,85822
2024-04-08T04:00:00Z,168.99,169.99,168.88,169.62,76745
2024-04-05T04:00:00Z,168.995,169.94,168.07,169.08,164316
2024-04-04T04:00:00Z,170.555,171.69,169.35,169.69,134591
2024-04-03T04:00:00Z,169.99,170.9,168.74,169.71,191934
2024-04-02T04:00:00Z,173.12,173.87,171.38,171.45,113944
2024-04-01T04:00:00Z,175.51,176.23,172.69,172.93,101664
2024-03-28T04:00:00Z,174.44,175.81,174.44,175,141923
2024-03-27T04:00:00Z,174.04,174.675,173.07,173.61,153293
2024-03-26T04:00:00Z,172.43,172.97,171.815,172.81,154174
2024-03-25T04:00:00Z,172.55,173.065,172.295,172.64,112753
2024-03-22T04:00:00Z,172.88,173.08,171.78,171.99,80691
2024-03-21T04:00:00Z,171.72,173.42,171.2,172.46,106736
2024-03-20T04:00:00Z,172.18,173.06,171.12,171.84,140577
2024-03-19T04:00:00Z,171.315,172.58,171.14,171.68,223462
2024-03-18T04:00:00Z,167.01,172.18,167,171.25,317076
2024-03-15T04:00:00Z,164.55,165.28,163.7,164.67,120444
2024-03-14T04:00:00Z,166.01,166.01,164.28,164.82,76736
2024-03-13T04:00:00Z,165.11,166.13,164.81,165.31,86650
2024-03-12T04:00:00Z,164.9,165.4,164.19,164.54,77341
2024-03-11T04:00:00Z,163.755,165.36,163.32,164.73,251997
2024-03-08T05:00:00Z,162.185,164.175,162.17,163.1,144750
2024-03-07T05:00:00Z,163.8,163.83,162.5,163.07,110612
2024-03-06T05:00:00Z,162.1,163.975,162.1,162.96,104669
2024-03-05T05:00:00Z,165.455,165.485,161.82,162.05,151828
2024-03-04T05:00:00Z,164.27,165.65,163.72,165.38,117108
2024-03-01T05:00:00Z,164.85,164.85,163.26,164.55,134756
2024-02-29T05:00:00Z,166.135,166.675,164.91,165.26,79360
2024-02-28T05:00:00Z,168.13,168.245,166.48,167.01,142006
2024-02-27T05:00:00Z,167.82,168.215,167.4,168.19,55392
2024-02-26T05:00:00Z,168.96,169.41,167.735,168.23,108180
2024-02-23T05:00:00Z,168.23,170.24,167.82,169.6,100639
2024-02-22T05:00:00Z,167.675,168.79,166.13,168.16,155124
2024-02-21T05:00:00Z,170.05,170.05,167.88,168.84,120006
2024-02-20T05:00:00Z,167.86,169.49,167.185,168.67,140607
2024-02-16T05:00:00Z,166.99,167.41,165.77,166.33,107051
2024-02-15T05:00:00Z,167.93,168.3,166.72,167.88,97129
2024-02-14T05:00:00Z,168.34,168.45,166.06,167.43,116083
2024-02-13T05:00:00Z,171.125,171.25,167.28,168.91,147045
2024-02-12T05:00:00Z,167.85,170.96,167.21,170.65,188367
2024-02-09T05:00:00Z,171.245,171.245,167.005,167.63,335466
2024-02-08T05:00:00Z,171.6,174.09,171.455,173.9,250488
2024-02-07T05:00:00Z,172.67,172.86,171.4,171.48,105833
2024-02-06T05:00:00Z,170.955,171.82,169.96,171.45,139569
2024-02-05T05:00:00Z,170.365,171.58,169.055,170.92,155280
2024-02-02T05:00:00Z,171.235,171.9,170.12,170.94,102882
2024-02-01T05:00:00Z,168.67,171.8,167.28,171.68,107265
2024-01-31T05:00:00Z,170.04,170.36,167.92,168.48,142475
2024-01-30T05:00:00Z,167.73,169.69,167.35,169.58,129761
2024-01-29T05:00:00Z,167.585,168.7,167.5,168.15,95717
2024-01-26T05:00:00Z,166.99,168.03,166.67,167.8,108431
2024-01-25T05:00:00Z,166.155,166.6,164.94,166.56,153651
2024-01-24T05:00:00Z,167.355,167.655,165.515,165.61,147184
2024-01-23T05:00:00Z,164.43,167.92,164.4,167.61,127001
2024-01-22T05:00:00Z,165.98,166.66,165.03,165.15,159794
2024-01-19T05:00:00Z,167.12,167.12,165.6,165.73,247975
2024-01-18T05:00:00Z,165.115,167.265,165.015,167.14,95851
2024-01-17T05:00:00Z,166.46,166.71,165.475,166.45,116200
2024-01-16T05:00:00Z,167.365,167.49,165.2,166.14,192547
2024-01-12T05:00:00Z,166.37,167.375,165.57,167.23,69282
2024-01-11T05:00:00Z,166.81,166.94,164.93,166.13,103928
2024-01-10T05:00:00Z,166.37,167.95,166.2,166.88,167537
2024-01-09T05:00:00Z,167.67,167.67,165.94,167.16,157207
2024-01-08T05:00:00Z,168.935,169.72,167.81,169.1,115497
2024-01-05T05:00:00Z,171.39,171.395,167.645,168.91,89289
2024-01-04T05:00:00Z,171.79,173.49,170.62,171.49,99827
2024-01-03T05:00:00Z,174.5,174.53,172.725,172.95,77128
2024-01-02T05:00:00Z,169.47,172.99,169.265,172.92,105217
2023-12-29T05:00:00Z,169.3,169.99,169.23,169.87,61372
2023-12-28T05:00:00Z,169.31,169.5,168.74,169.45,65015
2023-12-27T05:00:00Z,168.94,169.48,168.42,169.45,33855
2023-12-26T05:00:00Z,167.765,169.31,167.52,168.91,53555
2023-12-22T05:00:00Z,167.21,168.15,167.04,167.69,57650
2023-12-21T05:00:00Z,166.23,167.09,165.4,166.97,118449
2023-12-20T05:00:00Z,166.62,167.465,165.69,165.72,124562
2023-12-19T05:00:00Z,168.3,168.56,167.485,167.955,97234
2023-12-18T05:00:00Z,168.06,170.23,167.45,168.91,121289
2023-12-15T05:00:00Z,167.62,168.51,166.47,167.01,152059
2023-12-14T05:00:00Z,171.45,171.94,167.94,168.3,199208
2023-12-13T05:00:00Z,168.38,172.04,168.135,172,182621
2023-12-12T05:00:00Z,169.06,169.06,167.77,168.49,138905
2023-12-11T05:00:00Z,167.37,168.02,166.56,167.81,147202
2023-12-08T05:00:00Z,167.01,167.01,165.305,165.64,157446
2023-12-07T05:00:00Z,167.76,168.28,166.74,167.4,99370
2023-12-06T05:00:00Z,168.11,168.25,166.815,167.53,129775
2023-12-05T05:00:00Z,169.235,169.535,167.745,167.98,141390
2023-12-04T05:00:00Z,168.46,169.835,168.225,169.14,101083
2023-12-01T05:00:00Z,168.37,168.715,167.51,168.63,119272
2023-11-30T05:00:00Z,166.01,168.35,164.89,168.29,73833
2023-11-29T05:00:00Z,169.06,169.12,166.655,167.15,104442
2023-11-28T05:00:00Z,168.12,169.74,168.02,168.81,68445
2023-11-27T05:00:00Z,169.39,169.5,168.09,168.34,56926
2023-11-24T05:00:00Z,169.32,169.86,169,169.35,35576
2023-11-22T05:00:00Z,168.31,169.56,168.31,169.22,76215
2023-11-21T05:00:00Z,166.97,167.85,165.95,167.8,90946
2023-11-20T05:00:00Z,166.08,166.77,165.8,166.52,80616
2023-11-17T05:00:00Z,167.93,167.93,165.94,166.71,67182
2023-11-16T05:00:00Z,168.87,169.98,166.425,167.7,189542
2023-11-15T05:00:00Z,168.3,168.45,166.355,167.28,100172
2023-11-14T05:00:00Z,168.135,168.42,166.93,168.13,128397
2023-11-13T05:00:00Z,166.865,168.71,166.465,167.78,150713
2023-11-10T05:00:00Z,167.36,167.53,164.95,166.9,122830
2023-11-09T05:00:00Z,167.245,167.3,165.87,166.18,106898
2023-11-08T05:00:00Z,168.025,168.31,166.66,167.44,87118
2023-11-07T05:00:00Z,166.7,167.665,166.26,167.18,89050
2023-11-06T05:00:00Z,165.66,167.32,165.355,166.74,130804
2023-11-03T04:00:00Z,168.62,168.675,166.71,166.78,59877
2023-11-02T04:00:00Z,165.05,167.15,164.72,166.82,147034
2023-11-01T04:00:00Z,163.825,165.4,162.81,164.83,116054
2023-10-31T04:00:00Z,162.89,163.33,161.71,163.26,126513
2023-10-30T04:00:00Z,161.07,162.57,160.75,162.28,135496
2023-10-27T04:00:00Z,161.41,161.98,158.91,159.62,139109
2023-10-26T04:00:00Z,162.74,163.31,161.31,161.42,150179
2023-10-25T04:00:00Z,162.205,163.45,161.56,162.38,97487
2023-10-24T04:00:00Z,160.18,162.83,159.75,162.2,131713
2023-10-23T04:00:00Z,159.55,161.535,159.08,160.09,222696
2023-10-20T04:00:00Z,161.2,162.19,159.72,160.01,152545
2023-10-19T04:00:00Z,161.85,162.6,160.41,160.64,172548
2023-10-18T04:00:00Z,160.9,163.4,160.9,161.98,251455
2023-10-17T04:00:00Z,160.62,161.6,159.165,160.42,209505
2023-10-16T04:00:00Z,160.95,161.87,159.8,161.03,213397
2023-10-13T04:00:00Z,158.505,160.205,157.95,160.07,268082
2023-10-12T04:00:00Z,162.4,162.46,157.45,158.07,271590
2023-10-11T04:00:00Z,164.97,165.255,161.62,162.62,227293
2023-10-10T04:00:00Z,164.46,165.14,162.09,164.39,351919
2023-10-09T04:00:00Z,160.055,161.34,158.68,161.28,413522
2023-10-06T04:00:00Z,158.89,160.91,155.85,160.29,681832
2023-10-05T04:00:00Z,168.125,168.265,159.875,160.09,299770
2023-10-04T04:00:00Z,168.58,169.11,167.16,168.84,67269
2023-10-03T04:00:00Z,168.63,169.48,167.04,167.76,122526
2023-10-02T04:00:00Z,169.23,169.45,167.39,169.17,95565
2023-09-29T04:00:00Z,170.245,170.685,168.12,169.46,91484
2023-09-28T04:00:00Z,170.03,170.04,168.205,169.49,98819
2023-09-27T04:00:00Z,172.33,172.69,169.03,169.57,160741
2023-09-26T04:00:00Z,172.62,173.165,171.675,172.56,160367
2023-09-25T04:00:00Z,174.83,175.31,173.2,174.375,92664
2023-09-22T04:00:00Z,174.41,176.37,174.41,175.23,73402
2023-09-21T04:00:00Z,178.1,178.25,175.23,175.36,93219
2023-09-20T04:00:00Z,179,179.38,177.57,178.4,100817
2023-09-19T04:00:00Z,179.08,179.08,177.31,178.32,70466
2023-09-18T04:00:00Z,180.85,180.85,178.48,179.39,58390
2023-09-15T04:00:00Z,181.08,181.8,179.67,179.86,81210
2023-09-14T04:00:00Z,179.96,181.69,179.4,181.25,77921
2023-09-13T04:00:00Z,178.415,180.13,178.22,179.69,171744
2023-09-12T04:00:00Z,178.735,178.86,177.82,178.28,84404
2023-09-11T04:00:00Z,177.02,179.41,176.88,178.97,221205
2023-09-08T04:00:00Z,176.03,177.13,175.665,176.28,38761
2023-09-07T04:00:00Z,176.11,177.045,175.225,176.42,99110
2023-09-06T04:00:00Z,174.69,174.98,173.51,174.76,99659
2023-09-05T04:00:00Z,175.28,175.865,173.7,174.16,97482
2023-09-01T04:00:00Z,178.8,178.8,174.65,175.29,190801
2023-08-31T04:00:00Z,179.505,179.615,177.92,177.93,103560
2023-08-30T04:00:00Z,181.66,182.225,180.745,181.11,46645
2023-08-29T04:00:00Z,180.38,181.145,179.015,180.97,75132
2023-08-28T04:00:00Z,180.92,181.07,179.38,180.24,42769
2023-08-25T04:00:00Z,177.955,179.64,177.85,179.4,91331
2023-08-24T04:00:00Z,178.55,180.39,177.14,177.18,65429
2023-08-23T04:00:00Z,177.24,178.2,176.435,178.09,53747
2023-08-22T04:00:00Z,176.27,176.72,175.32,175.71,116526
2023-08-21T04:00:00Z,177.68,177.96,176.24,177.03,68583
2023-08-18T04:00:00Z,178.54,179.55,177.29,178.09,237777
2023-08-17T04:00:00Z,180.71,181.21,178.38,178.42,126531
2023-08-16T04:00:00Z,181.87,182.935,180.97,181.18,48345
2023-08-15T04:00:00Z,183.25,183.285,181.25,181.42,71883
2023-08-14T04:00:00Z,184.64,184.76,183.13,183.61,60617
2023-08-11T04:00:00Z,184.09,184.26,183.335,184.045,84001
2023-08-10T04:00:00Z,184.415,185.53,183.545,183.78,84875
2023-08-09T04:00:00Z,183.745,184.99,182.69,183.99,124723
2023-08-08T04:00:00Z,187.47,187.47,184.05,184.45,68051
2023-08-07T04:00:00Z,185.37,187.2,185.22,186.91,127570
2023-08-04T04:00:00Z,186.85,187.86,184.35,184.59,101516
2023-08-03T04:00:00Z,188.22,189.105,187,187.105,57255
2023-08-02T04:00:00Z,186.61,189.91,186.61,188.38,80617
2023-08-01T04:00:00Z,187.55,188.32,186.46,186.79,39682
2023-07-31T04:00:00Z,189.45,189.495,187.01,187.4,110479
2023-07-28T04:00:00Z,190.255,191.36,189.895,190.27,172453
2023-07-27T04:00:00Z,191.97,192.29,188.41,188.54,137182
2023-07-26T04:00:00Z,191.115,192.36,190.09,191.6,103699
2023-07-25T04:00:00Z,190.66,191.98,190.12,191.365,93890
2023-07-24T04:00:00Z,190.5,191.37,190.14,190.92,115164
2023-07-21T04:00:00Z,189.8,191.46,189.36,190.095,217206
2023-07-20T04:00:00Z,187.54,189.97,186.855,189.35,156155
2023-07-19T04:00:00Z,185.085,186.535,184.465,186.28,131925
2023-07-18T04:00:00Z,185.435,186.75,183.83,184.425,203087
2023-07-17T04:00:00Z,186.32,187,185.43,185.61,221885
2023-07-14T04:00:00Z,187.605,188.58,187.085,188.02,111410
2023-07-13T04:00:00Z,185.835,188.05,183.33,187.55,272757
2023-07-12T04:00:00Z,184.05,184.56,182.975,183.27,176722
2023-07-11T04:00:00Z,184.48,184.7,182.465,184.025,142827
2023-07-10T04:00:00Z,184.3,185.89,183.8,184.34,204848
2023-07-07T04:00:00Z,185.73,185.73,183.035,183.04,142038
2023-07-06T04:00:00Z,185.88,186.73,185.04,186.58,113962
2023-07-05T04:00:00Z,185.03,186.675,185,186.61,102782
2023-07-03T04:00:00Z,184.36,185.63,183.6,185.57,59544
2023-06-30T04:00:00Z,184.18,185.48,184.04,185.22,102109
2023-06-29T04:00:00Z,182.47,183.88,181.43,183.87,158484
2023-06-28T04:00:00Z,186.31,186.74,183.41,183.69,120318
2023-06-27T04:00:00Z,185.18,186.58,184,186.3,110977
2023-06-26T04:00:00Z,185.81,185.81,184.16,184.94,107598
2023-06-23T04:00:00Z,187.68,187.88,185.98,186.05,73588
2023-06-22T04:00:00Z,186.655,187.57,186.035,187.37,54144
2023-06-21T04:00:00Z,185.31,186.67,184.39,185.45,50290
2023-06-20T04:00:00Z,186.77,187.83,185.29,185.35,46430
2023-06-16T04:00:00Z,186.27,187.57,185.74,186.07,74484
2023-06-15T04:00:00Z,184.51,186.14,183.645,185.69,61404
2023-06-14T04:00:00Z,181.95,183.65,181.45,183.18,59075
2023-06-13T04:00:00Z,181.735,182.14,181.08,181.59,54197
2023-06-12T04:00:00Z,182.53,182.58,180.8,181.9,176496
2023-06-09T04:00:00Z,181.325,182.8,181.105,182.39,45074
2023-06-08T04:00:00Z,179.5,182.3,179.37,182.095,160542
2023-06-07T04:00:00Z,180.285,181.74,179.81,180.13,85745
2023-06-06T04:00:00Z,184.985,184.985,180.44,181.55,94788
2023-06-05T04:00:00Z,184.015,186.06,183.72,184.21,61596
2023-06-02T04:00:00Z,182.115,184.26,181.85,184.08,68124
2023-06-01T04:00:00Z,181.9,182.67,180.805,182.22,79756
2023-05-31T04:00:00Z,182.28,184.57,181.56,182.35,155614
2023-05-30T04:00:00Z,182.16,182.83,180.76,181.63,91268
2023-05-26T04:00:00Z,183.39,184.16,182.42,183.52,72134
2023-05-25T04:00:00Z,182.635,184.2,182.03,183.77,105398
2023-05-24T04:00:00Z,186.43,186.58,184.68,184.78,65804
2023-05-23T04:00:00Z,186.415,186.47,184.63,186.09,196074
2023-05-22T04:00:00Z,191.06,191.2,186.42,186.64,243743
2023-05-19T04:00:00Z,192.495,192.76,191.14,191.87,73852
2023-05-18T04:00:00Z,191.29,191.7,190.455,191.64,161122
2023-05-17T04:00:00Z,193.4,193.54,190.85,192.05,93729
2023-05-16T04:00:00Z,192.775,194.25,192.77,193.49,59511
2023-05-15T04:00:00Z,195.255,195.255,194.05,194.25,76798
2023-05-12T04:00:00Z,195.33,196.2,195.04,196.14,56778
2023-05-11T04:00:00Z,194.555,195.505,193.05,195.37,98546
2023-05-10T04:00:00Z,194.41,195.55,192.715,194.26,89504
2023-05-09T04:00:00Z,193.64,194.66,192.91,194.18,60165
2023-05-08T04:00:00Z,193.02,193.99,193.02,193.37,56306
2023-05-05T04:00:00Z,192.77,194.47,192.53,194.21,76304
2023-05-04T04:00:00Z,193.57,193.93,192.21,193.41,121234
2023-05-03T04:00:00Z,192.61,193.215,191.87,192.17,86547
2023-05-02T04:00:00Z,191.51,192.49,189.83,192.27,112617
2023-05-01T04:00:00Z,190.44,192.29,190.29,191.7,56871
2023-04-28T04:00:00Z,189.82,191.55,189.64,190.9,107375
2023-04-27T04:00:00Z,187.8,189.94,187.57,189.69,140188
2023-04-26T04:00:00Z,188.16,189.395,187.96,188.47,139747
2023-04-25T04:00:00Z,186.64,190.14,186.56,189.73,256104
2023-04-24T04:00:00Z,186.23,186.46,185.02,185.62,101919
2023-04-21T04:00:00Z,186.095,186.345,185.155,185.42,84535
2023-04-20T04:00:00Z,184.885,186.01,184.24,185.32,134925
2023-04-19T04:00:00Z,185.14,185.255,184.3,184.745,120591
2023-04-18T04:00:00Z,184.71,185.095,183.78,184.83,73748
2023-04-17T04:00:00Z,184.19,184.74,183.51,184.46,89635
2023-04-14T04:00:00Z,183.44,183.98,182.975,183.5,63095
2023-04-13T04:00:00Z,183.1,184.56,182.12,184.35,98015
2023-04-12T04:00:00Z,182.71,183.77,182.28,182.61,131834
2023-04-11T04:00:00Z,183.32,183.87,182.785,182.94,109755
2023-04-10T04:00:00Z,183.55,183.66,181.73,183.2,62602
2023-04-06T04:00:00Z,183.715,184.72,183.135,184.32,100881
2023-04-05T04:00:00Z,183.49,184.94,183.49,183.58,115372
2023-04-04T04:00:00Z,182.2,183.22,181.14,181.86,111514
2023-04-03T04:00:00Z,181.415,182.75,180.4,182.54,96025
2023-03-31T04:00:00Z,182.1,182.42,181.345,182.275,125582
2023-03-30T04:00:00Z,180.85,181.29,180.1,180.86,90634
2023-03-29T04:00:00Z,180.65,180.89,179.985,180.68,86045
2023-03-28T04:00:00Z,179.74,180.43,179.41,179.45,63669
2023-03-27T04:00:00Z,179.835,180.57,179.34,179.56,79792
2023-03-24T04:00:00Z,176.76,179.34,176.415,179.075,102364
2023-03-23T04:00:00Z,176.71,177.18,175.04,175.6,82762
2023-03-22T04:00:00Z,178.005,179.335,176.47,176.48,106833
2023-03-21T04:00:00Z,177.16,178.15,176.29,178,131398
2023-03-20T04:00:00Z,176.46,177.67,175.75,177.6,106873
2023-03-17T04:00:00Z,176.63,176.63,174.25,175.14,120559
2023-03-16T04:00:00Z,176.63,177,175.355,176.5,172209
2023-03-15T04:00:00Z,173.39,176.66,173.185,176.66,529442
2023-03-14T04:00:00Z,172.63,173.8,171.69,173.52,271776
2023-03-13T04:00:00Z,172.865,177.22,172.84,173.7,249145
2023-03-10T05:00:00Z,172.94,174.195,170.97,172.06,122486
2023-03-09T05:00:00Z,173.96,174.32,171.22,171.82,85225
2023-03-08T05:00:00Z,172.785,173.35,171.82,173.11,81980
2023-03-07T05:00:00Z,173.82,174.255,171.9,172.61,104271
2023-03-06T05:00:00Z,172.49,173.64,172.28,173.53,133376
2023-03-03T05:00:00Z,172.94,173.45,171.38,173.14,98912
2023-03-02T05:00:00Z,170.285,173.64,169.78,173.31,92408
2023-03-01T05:00:00Z,172.01,172.1,169.21,171.33,129992
2023-02-28T05:00:00Z,174.88,175.06,173.23,173.5,114370
2023-02-27T05:00:00Z,177.005,177.23,175.68,175.94,76848
2023-02-24T05:00:00Z,175.26,176.305,174.29,175.975,70677
2023-02-23T05:00:00Z,176.23,176.97,175.01,176.33,110863
2023-02-22T05:00:00Z,176.72,177.43,175.82,176.22,103300
2023-02-21T05:00:00Z,175.835,177.37,174.79,176.21,131888
2023-02-17T05:00:00Z,175.155,176.41,174.87,176.21,81766
2023-02-16T05:00:00Z,175.04,176.9,174.55,175.54,231931
2023-02-15T05:00:00Z,175.02,176.03,174.64,176.02,223321
2023-02-14T05:00:00Z,177.23,177.23,174.81,175.78,142006
2023-02-13T05:00:00Z,176.37,178.21,176.22,177.81,234804
2023-02-10T05:00:00Z,173.35,176.575,172.68,176.2,299352
2023-02-09T05:00:00Z,175.26,176.41,172.07,172.78,358821
2023-02-08T05:00:00Z,170.77,171.33,170.24,171.27,296543
2023-02-07T05:00:00Z,169.96,172.03,169.28,171.56,274787
2023-02-06T05:00:00Z,169.75,172.37,169.74,171.86,257459
2023-02-03T05:00:00Z,171.02,171.02,167.11,169.14,196299
2023-02-02T05:00:00Z,169.27,170.555,168.59,170,217287
2023-02-01T05:00:00Z,170.83,172.32,169.56,171.55,137699
2023-01-31T05:00:00Z,170.38,171.06,169.33,171,137051
2023-01-30T05:00:00Z,169.83,171.41,169.165,169.52,268611
2023-01-27T05:00:00Z,169.775,170.23,168.6,169.63,165681
2023-01-26T05:00:00Z,171.635,171.635,170.04,170.14,202926
2023-01-25T05:00:00Z,170.12,171.975,169.37,171.93,152855
2023-01-24T05:00:00Z,169.585,170.87,168.48,170.68,192825
2023-01-23T05:00:00Z,170.14,170.715,168.73,169.13,183826
2023-01-20T05:00:00Z,168.57,169.86,167.47,169.79,225119
2023-01-19T05:00:00Z,171.255,172.15,169.485,169.64,235843
2023-01-18T05:00:00Z,175.35,175.57,171.35,171.64,232798
2023-01-17T05:00:00Z,176.305,177.52,175.58,176.05,162193
2023-01-13T05:00:00Z,175.34,175.6,174.18,175.21,189972
2023-01-12T05:00:00Z,177.7,178.31,175.33,175.88,123520
2023-01-11T05:00:00Z,179.22,179.65,175.68,178.04,150280
2023-01-10T05:00:00Z,178.955,179.33,177.115,177.86,95487
2023-01-09T05:00:00Z,180.39,182.76,178.89,179.34,107686
2023-01-06T05:00:00Z,178.895,181.81,178.845,180.99,123312
2023-01-05T05:00:00Z,178.345,178.74,176.9,177.15,118890
2023-01-04T05:00:00Z,179.54,180.49,177.645,178.97,147313
2023-01-03T05:00:00Z,180.59,180.7,176.595,179.35,170485
2022-12-30T05:00:00Z,181.45,181.91,179.32,180.65,84533
2022-12-29T05:00:00Z,182.16,182.84,181.91,181.95,72710
2022-12-28T05:00:00Z,184.16,184.31,181.64,181.77,96859
2022-12-27T05:00:00Z,183.06,183.6,182.3,183.08,77589
2022-12-23T05:00:00Z,180.91,182.51,180.49,182.24,59246
2022-12-22T05:00:00Z,181.945,181.945,178.925,181.15,112880
2022-12-21T05:00:00Z,182.07,183.665,181.75,182.48,103086
2022-12-20T05:00:00Z,181.83,182.11,180.66,181.25,67060
2022-12-19T05:00:00Z,180.82,183.46,180.37,181.34,136225
2022-12-16T05:00:00Z,179.715,180.87,178.49,180.35,226924
2022-12-15T05:00:00Z,182.215,182.51,178.44,180.3,195717
2022-12-14T05:00:00Z,184.18,185.88,182.32,183.34,235386
2022-12-13T05:00:00Z,186.78,186.79,182.97,183.86,187107
2022-12-12T05:00:00Z,183.62,184.09,182.37,183.95,276757
2022-12-09T05:00:00Z,184.09,184.09,183.07,183.12,86012
2022-12-08T05:00:00Z,181.65,183.97,181.385,183.76,139170
2022-12-07T05:00:00Z,181.82,182.445,180.69,182.14,149407
2022-12-06T05:00:00Z,184.14,184.14,180.72,181.62,93827
2022-12-05T05:00:00Z,183.46,183.89,182.43,183.13,212969
2022-12-02T05:00:00Z,184,186.27,183.85,185.75,118684
2022-12-01T05:00:00Z,184.92,186.2,184.23,185.93,100360
2022-11-30T05:00:00Z,181.9,185.57,180.305,185.49,130472
2022-11-29T05:00:00Z,182.69,183.405,181.02,182.58,91353
2022-11-28T05:00:00Z,184.555,185.47,183.51,183.91,107933
2022-11-25T05:00:00Z,184.43,185,183.97,184.13,43856
2022-11-23T05:00:00Z,185.275,185.75,184.5,185.12,109161
2022-11-22T05:00:00Z,186.105,186.53,184.39,184.85,116519
2022-11-21T05:00:00Z,182.22,185.11,182.22,184.88,155211
2022-11-18T05:00:00Z,180.97,181.79,180.05,181.41,130011
2022-11-17T05:00:00Z,177.83,180.15,177.83,180.09,142096
2022-11-16T05:00:00Z,178.22,179.575,177.75,178.37,125544
2022-11-15T05:00:00Z,178.235,178.63,175.445,177.22,171109
2022-11-14T05:00:00Z,178.46,179.165,176.51,176.75,189939
2022-11-11T05:00:00Z,181.425,181.49,175.47,178.06,364014
2022-11-10T05:00:00Z,182.45,182.73,178.57,181.63,257567
2022-11-09T05:00:00Z,180.41,181,178.51,178.58,105790
2022-11-08T05:00:00Z,180.35,182.08,178.81,180.63,161529
2022-11-07T05:00:00Z,179.45,180.58,178.83,180.23,125142
2022-11-04T04:00:00Z,177.92,179.79,176.56,178.76,138390
2022-11-03T04:00:00Z,176.885,178.865,176.6,177.84,151717
2022-11-02T04:00:00Z,180.97,183.54,178.17,178.21,188516
2022-11-01T04:00:00Z,180.94,182.67,180.02,180.8,151330
2022-10-31T04:00:00Z,181.345,182.915,180.55,181.58,180289
2022-10-28T04:00:00Z,179.9,182.89,179.75,182.18,252922
2022-10-27T04:00:00Z,180,180.9,178.59,178.96,183033
2022-10-26T04:00:00Z,179.5,180.81,178.375,179.1,202360
2022-10-25T04:00:00Z,178.02,178.87,176.61,178.2,181526
2022-10-24T04:00:00Z,175.045,177.97,174.96,177.69,152772
2022-10-21T04:00:00Z,170.92,173.65,170.7,173.03,134658
2022-10-20T04:00:00Z,173.93,174.36,171.14,171.47,111128
2022-10-19T04:00:00Z,174.93,175.76,172.39,173.4,198806
2022-10-18T04:00:00Z,174.98,176.715,173.44,175.09,155995
2022-10-17T04:00:00Z,171.79,173.555,171.225,172.7,162327
2022-10-14T04:00:00Z,175.82,175.91,170,170.29,221692
2022-10-13T04:00:00Z,166.87,174.97,166.87,174.545,400855
2022-10-12T04:00:00Z,168.54,170.69,166.69,169.37,381332
2022-10-11T04:00:00Z,162.02,164.245,161.87,162.61,200387
2022-10-10T04:00:00Z,161.995,162.975,161.21,161.82,283533
2022-10-07T04:00:00Z,162.86,162.86,161.01,161.61,114344
2022-10-06T04:00:00Z,165.49,165.87,162.5,162.77,189811
2022-10-05T04:00:00Z,166.76,167.065,163.75,166.04,111853
2022-10-04T04:00:00Z,166.75,168.6,165.55,167.14,141989
2022-10-03T04:00:00Z,163.52,165.67,163.12,165.2,161076
2022-09-30T04:00:00Z,167.615,167.93,163.07,163.29,155095
2022-09-29T04:00:00Z,169.08,169.08,165.03,166.69,164195
2022-09-28T04:00:00Z,166.805,169.55,165.31,168.62,179480
2022-09-27T04:00:00Z,168.4,169.99,165.24,166.01,255102
2022-09-26T04:00:00Z,168.33,169.97,167.61,168.45,234356
2022-09-23T04:00:00Z,168.23,168.63,166.63,168.54,144805
2022-09-22T04:00:00Z,168.2,169.88,168.1,168.58,135073
2022-09-21T04:00:00Z,169.805,172.03,168.52,168.58,282060
2022-09-20T04:00:00Z,167.755,169.15,166.9,168.96,214651
2022-09-19T04:00:00Z,167,168.8,166.58,168.75,108801
2022-09-16T04:00:00Z,166.3,167.16,165.28,166.86,211577
2022-09-15T04:00:00Z,168.325,168.36,165.335,165.87,203442
2022-09-14T04:00:00Z,168.115,169.06,167.64,168.68,162501
2022-09-13T04:00:00Z,172.535,172.79,166.95,167.45,205299
2022-09-12T04:00:00Z,173.58,174.41,172.8,173.91,155693
2022-09-09T04:00:00Z,172.595,174.51,171.84,173.2,100086
2022-09-08T04:00:00Z,172.735,173.41,170.58,172.67,114201
2022-09-07T04:00:00Z,170.32,173.775,170.28,173.26,130564
2022-09-06T04:00:00Z,170.81,172.56,169.13,169.52,157301
2022-09-02T04:00:00Z,173.8,174.96,169.9,170.66,200194
2022-09-01T04:00:00Z,170.67,172.97,170.24,172.84,158211
2022-08-31T04:00:00Z,173.81,174.4,172.21,172.21,140248
2022-08-30T04:00:00Z,174.48,174.605,172.34,172.93,173763
2022-08-29T04:00:00Z,174.065,175.23,173.21,174.52,131843
2022-08-26T04:00:00Z,179.81,179.85,174.85,175.02,140032
2022-08-25T04:00:00Z,178.98,179.29,177.41,179.27,112290
2022-08-24T04:00:00Z,178.48,179.465,178.12,179.3,64393
2022-08-23T04:00:00Z,177.72,178.8,177.56,178.38,75439
2022-08-22T04:00:00Z,179.75,180.43,178.02,178.48,75701
2022-08-19T04:00:00Z,179.73,180.96,179.64,180.17,70697
2022-08-18T04:00:00Z,180.74,180.82,179.97,180.415,74554
2022-08-17T04:00:00Z,179.915,181.01,179.82,180.2,58919
2022-08-16T04:00:00Z,179.5,180.7,178.715,180.35,78177
2022-08-15T04:00:00Z,177.52,179.34,176.87,179.29,120363
2022-08-12T04:00:00Z,175.81,177.375,175.53,177.29,63818
2022-08-11T04:00:00Z,176.72,177.05,174.67,175.04,75547
2022-08-10T04:00:00Z,176.42,176.42,174.77,175.91,73140
2022-08-09T04:00:00Z,174.4,175.12,174.085,174.34,69700
2022-08-08T04:00:00Z,175.94,175.94,173.38,173.87,82649
2022-08-05T04:00:00Z,174.46,174.7,172.45,174.55,96178
2022-08-04T04:00:00Z,176.53,176.7,174.645,175.89,101629
2022-08-03T04:00:00Z,174.93,177.03,174.24,176.85,104830
2022-08-02T04:00:00Z,176.82,177.06,175.24,175.61,130286
2022-08-01T04:00:00Z,174.63,177.6,174.63,176.95,119461
2022-07-29T04:00:00Z,173.82,175.285,173.41,174.97,84837
2022-07-28T04:00:00Z,172.18,175.06,171.28,174.8,161573
2022-07-27T04:00:00Z,170.84,171.95,169.085,171.58,148414
2022-07-26T04:00:00Z,170.43,171.98,169.35,171.8,101124
2022-07-25T04:00:00Z,170.135,170.86,169.05,169.85,126265
2022-07-22T04:00:00Z,169.15,170.5,168.49,169.63,141876
2022-07-21T04:00:00Z,168.28,169.18,167.56,168.54,80294
2022-07-20T04:00:00Z,170.295,170.295,167.48,168.24,89063
2022-07-19T04:00:00Z,169.94,170.21,168.63,169.95,150819
2022-07-18T04:00:00Z,171.15,171.24,167.945,168.3,102706
2022-07-15T04:00:00Z,171.585,172.535,170.03,171.11,122197
2022-07-14T04:00:00Z,168.125,171.16,167.785,171.005,153976
2022-07-13T04:00:00Z,168.41,171.43,168.01,170.22,202908
2022-07-12T04:00:00Z,172.94,172.985,168.87,169.55,271828
2022-07-11T04:00:00Z,172.125,172.8,170.05,170.58,263229
2022-07-08T04:00:00Z,170.68,172.63,170.68,171.85,105664
2022-07-07T04:00:00Z,169.51,171.04,169.43,170.395,206413
2022-07-06T04:00:00Z,169.855,171.93,169.775,170.71,172363
2022-07-05T04:00:00Z,168.63,169.1,165.34,169.04,177379
2022-07-01T04:00:00Z,166.43,169.48,165.85,169.4,170480
2022-06-30T04:00:00Z,166.865,167.56,165.64,166.7,249291
2022-06-29T04:00:00Z,166.06,167.56,165.41,166.74,150278
2022-06-28T04:00:00Z,167.15,168.36,163.86,164.05,126068
2022-06-27T04:00:00Z,165.88,167.02,165.34,166.325,120966
2022-06-24T04:00:00Z,165.68,166.165,163.95,166.08,211562
2022-06-23T04:00:00Z,163.505,165.045,163.2,164.1,314259
2022-06-22T04:00:00Z,160.44,162.99,159.735,161.95,153612
2022-06-21T04:00:00Z,158.13,160.87,157.43,160.71,137607
2022-06-17T04:00:00Z,157.22,158.89,156.19,157.07,174490
2022-06-16T04:00:00Z,156.375,158.44,155.17,157.04,242039
2022-06-15T04:00:00Z,157.93,159.81,156.01,157.86,314660
2022-06-14T04:00:00Z,159.84,159.97,154.88,156.1,202318
2022-06-13T04:00:00Z,160.79,162.85,159.11,159.76,199536
2022-06-10T04:00:00Z,160.66,163.9,159.53,162.57,205175
2022-06-09T04:00:00Z,165.82,166.9,162.72,162.78,141328
2022-06-08T04:00:00Z,165.84,166.81,165.14,165.73,111862
2022-06-07T04:00:00Z,165.1,166.84,164.3,166.59,104038
2022-06-06T04:00:00Z,166.33,167.59,164.73,165.51,100342
2022-06-03T04:00:00Z,166.06,166.44,164.37,164.85,146462
2022-06-02T04:00:00Z,165.87,166.75,162.645,166.71,153720
2022-06-01T04:00:00Z,168.38,168.38,163.83,166.49,226302
2022-05-31T04:00:00Z,170.66,170.66,165.41,167.75,366679
2022-05-27T04:00:00Z,170.78,171.8,170.32,171.77,119695
2022-05-26T04:00:00Z,169.66,171,169.13,170.06,231369
2022-05-25T04:00:00Z,167.89,169.47,167.005,169,239679
2022-05-24T04:00:00Z,166.02,168.25,165.165,167.91,294821
2022-05-23T04:00:00Z,164.19,166.91,163.8,165.67,125748
2022-05-20T04:00:00Z,162.41,163.06,159.7,162.29,210453
2022-05-19T04:00:00Z,162.37,162.76,159.7,161.2,289319
2022-05-18T04:00:00Z,173.74,173.87,163.34,163.67,228610
2022-05-17T04:00:00Z,175.465,175.625,172.6,174.51,162110
2022-05-16T04:00:00Z,173.9,176.21,173.9,175.54,273492
2022-05-13T04:00:00Z,170.55,174.12,169.53,173.7,104393
2022-05-12T04:00:00Z,171.18,171.875,168.215,170.4,207806
2022-05-11T04:00:00Z,170.9,172.33,169.96,170.71,206917
2022-05-10T04:00:00Z,173.12,174.475,170.84,171.43,237390
2022-05-09T04:00:00Z,169.67,172.85,168.795,171.76,382173
2022-05-06T04:00:00Z,169.505,170.8,168.795,170.38,206326
2022-05-05T04:00:00Z,172.8,173.03,169.15,170.39,224673
2022-05-04T04:00:00Z,168.425,174.105,167.89,173.83,202250
2022-05-03T04:00:00Z,168.95,169.25,166.58,168,201769
2022-05-02T04:00:00Z,173.2,173.29,165.33,167.74,473282
2022-04-29T04:00:00Z,177.41,177.41,171.43,171.76,186190
2022-04-28T04:00:00Z,174.52,177.61,173.84,177.61,186468
2022-04-27T04:00:00Z,173.63,176.68,173.34,174.85,183099
2022-04-26T04:00:00Z,174.13,175.31,172.76,173,221137
2022-04-25T04:00:00Z,173.175,173.91,171.04,173.7,256033
2022-04-22T04:00:00Z,175.04,175.09,171.97,172.12,175543
2022-04-21T04:00:00Z,175.715,177.21,174.65,174.84,144604
2022-04-20T04:00:00Z,173.81,175.96,173.79,175.48,167792
2022-04-19T04:00:00Z,170.06,173.13,170.06,172.9,116700
2022-04-18T04:00:00Z,171.62,172.295,169.97,170.47,89804
2022-04-14T04:00:00Z,173.54,174.19,171.78,171.9,143184
2022-04-13T04:00:00Z,173.39,173.74,171.74,172.97,148347
2022-04-12T04:00:00Z,173.16,174.58,172.7,173.31,117228
2022-04-11T04:00:00Z,173.71,174.89,172.39,172.58,125252
2022-04-08T04:00:00Z,173.2,173.67,171.65,173.13,77880
2022-04-07T04:00:00Z,172.34,173.28,170.78,172.61,119331
2022-04-06T04:00:00Z,169.905,172.68,169.49,172.34,141308
2022-04-05T04:00:00Z,168.58,171.37,168.58,169.56,88274
2022-04-04T04:00:00Z,169.29,169.38,167.45,169.37,82524
2022-04-01T04:00:00Z,167.925,169.91,167.37,169.74,129600
2022-03-31T04:00:00Z,168.37,169.26,167.34,167.35,127824
2022-03-30T04:00:00Z,168.07,168.13,166.3,167.97,72152
2022-03-29T04:00:00Z,166.89,168.55,166.37,168.26,119246
2022-03-28T04:00:00Z,165.1,165.71,163.73,165.63,81213
2022-03-25T04:00:00Z,164.56,165.87,164.52,165.1,96314
2022-03-24T04:00:00Z,164.12,164.66,163.29,164.5,84190
2022-03-23T04:00:00Z,164.135,165.13,162.655,163.44,135431
2022-03-22T04:00:00Z,162.79,164.74,162.23,164.42,282094
2022-03-21T04:00:00Z,162.5,163.69,161.1,162.56,193436
2022-03-18T04:00:00Z,161.49,162.91,160.13,162.66,234414
2022-03-17T04:00:00Z,159.77,161.58,159.35,160.89,114859
2022-03-16T04:00:00Z,158.5,159.905,157.05,159.77,190638
2022-03-15T04:00:00Z,157.325,159.49,157.15,159,181683
2022-03-14T04:00:00Z,155.13,157.765,154.76,155.9,171099
2022-03-11T05:00:00Z,155.36,156.78,153.48,153.73,140458
2022-03-10T05:00:00Z,155.61,155.92,153.41,154.5,279407
2022-03-09T05:00:00Z,159.875,159.875,156.415,157.33,168593
2022-03-08T05:00:00Z,162.345,163.91,157.7,157.92,195303
2022-03-07T05:00:00Z,164.42,165.15,162.155,162.49,213563
2022-03-04T05:00:00Z,161.84,166.485,161,165.73,286546
2022-03-03T05:00:00Z,163.94,165.12,162.84,163.29,155275
2022-03-02T05:00:00Z,162.925,165.82,162.53,164.51,223660
2022-03-01T05:00:00Z,163.34,164.37,161.32,162.27,191658
2022-02-28T05:00:00Z,164.06,165.145,161.47,163.68,223191
2022-02-25T05:00:00Z,164.29,168.46,164.26,168.34,195121
2022-02-24T05:00:00Z,165.74,166.105,160.31,163.81,312858
2022-02-23T05:00:00Z,168.565,168.87,166.54,166.77,138853
2022-02-22T05:00:00Z,168.55,168.84,166.29,168.39,285529
2022-02-18T05:00:00Z,166.75,168.235,166.26,167.73,156323
2022-02-17T05:00:00Z,165.75,167.93,165.07,166.73,152454
2022-02-16T05:00:00Z,165.84,167.09,164.54,166.36,110880
2022-02-15T05:00:00Z,166.99,168.16,165.27,165.93,186838
2022-02-14T05:00:00Z,169.44,169.675,165.14,166.47,270820
2022-02-11T05:00:00Z,168.22,170.23,167.81,168.52,214271
2022-02-10T05:00:00Z,167.91,171.33,167.39,168.34,231001
2022-02-09T05:00:00Z,172.535,172.715,171.04,171.91,200908
2022-02-08T05:00:00Z,172.54,172.625,170.31,172.03,162586
2022-02-07T05:00:00Z,172.85,172.85,171.22,171.85,155862
2022-02-04T05:00:00Z,173.13,174.8,171.19,172.46,144167
2022-02-03T05:00:00Z,175.27,176.61,174.1,175.43,123966
2022-02-02T05:00:00Z,172.91,175.61,172.91,175.42,138965
2022-02-01T05:00:00Z,173.12,173.165,169.59,172.27,169581
2022-01-31T05:00:00Z,170.92,173.76,170.59,173.49,151326
2022-01-28T05:00:00Z,168.54,172.72,167.23,172.64,276004
2022-01-27T05:00:00Z,170.17,173.255,168.82,169.37,188089
2022-01-26T05:00:00Z,169.45,171.7,166.85,169.6,229017
2022-01-25T05:00:00Z,172.04,172.42,169.775,171.41,166421
2022-01-24T05:00:00Z,175.67,176.37,168.98,173.4,227220
2022-01-21T05:00:00Z,175.15,177.17,174.145,174.16,143795
2022-01-20T05:00:00Z,175.43,176.805,173.84,173.97,184636
2022-01-19T05:00:00Z,174.04,175.96,173.63,175.34,302437
2022-01-18T05:00:00Z,174.12,174.68,173.17,174.03,205318
2022-01-14T05:00:00Z,174.65,175.92,173.6,175.615,122143
2022-01-13T05:00:00Z,173.92,174.65,173.26,174.22,133299
2022-01-12T05:00:00Z,173.855,174.25,173,173.94,107737
2022-01-11T05:00:00Z,173.74,174.23,171.75,174.13,151971
2022-01-10T05:00:00Z,174.35,175.82,173.69,174.21,122707
2022-01-07T05:00:00Z,173.94,174.67,172.64,174.09,159348
2022-01-06T05:00:00Z,173.91,175.56,173.29,173.9,91292
2022-01-05T05:00:00Z,173.355,175.21,173.27,173.86,147009
2022-01-04T05:00:00Z,172.705,174.42,172.23,173.21,98041
2022-01-03T05:00:00Z,172.28,173.09,170.695,172.99,93797
2021-12-31T05:00:00Z,172.535,173.98,172.12,173.74,96780
2021-12-30T05:00:00Z,173.58,173.58,172.325,172.74,44232
2021-12-29T05:00:00Z,172.63,173.45,171.98,172.98,56035
2021-12-28T05:00:00Z,171.26,172.79,171.2,172.41,51704
2021-12-27T05:00:00Z,169.985,171.56,169.845,171.49,70370
2021-12-23T05:00:00Z,169.79,170.57,169.3,169.8,65030
2021-12-22T05:00:00Z,168.81,169.98,168.32,169.93,143545
2021-12-21T05:00:00Z,169.3,169.58,167.85,168.91,89960
2021-12-20T05:00:00Z,166.9,169.49,166.8,169.37,205590
2021-12-17T05:00:00Z,171.42,172.3,168.11,168.19,246313
2021-12-16T05:00:00Z,171.17,173.505,171.07,171.9,230888
2021-12-15T05:00:00Z,169.89,171.78,169.48,171.53,117687
2021-12-14T05:00:00Z,169.8,170.17,168.34,169.43,183106
2021-12-13T05:00:00Z,168.99,171.18,168.09,169.84,134861
2021-12-10T05:00:00Z,167.1,169.105,166.93,168.91,134477
2021-12-09T05:00:00Z,166.02,166.87,164.87,166.36,99794
2021-12-08T05:00:00Z,166.21,166.68,164.08,166.49,93353
2021-12-07T05:00:00Z,166.46,166.955,165.7,166.16,198433
2021-12-06T05:00:00Z,166.14,167.26,165.845,166.42,179197
2021-12-03T05:00:00Z,161.37,164.84,161.34,164.56,189256
2021-12-02T05:00:00Z,160.2,161.68,159.84,160.69,142397
2021-12-01T05:00:00Z,162.47,163.09,160.07,160.1,110768
2021-11-30T05:00:00Z,163.92,163.97,159.67,159.67,138956
2021-11-29T05:00:00Z,162.28,164.57,161.14,164.11,151331
2021-11-26T05:00:00Z,162.915,163.545,160.89,161.04,123969
2021-11-24T05:00:00Z,165.46,165.46,162.66,163.75,61420
2021-11-23T05:00:00Z,163.88,165.62,163.33,165.25,113507
2021-11-22T05:00:00Z,163.18,166.78,163.18,164.17,150037
2021-11-19T05:00:00Z,164.19,164.95,163.45,163.89,64638
2021-11-18T05:00:00Z,162.72,163.51,161.96,163.42,114233
2021-11-17T05:00:00Z,162.97,163.64,162.215,163.32,61620
2021-11-16T05:00:00Z,164.3,164.95,163.27,163.35,109900
2021-11-15T05:00:00Z,162.71,163.82,162.58,163.82,196915
2021-11-12T05:00:00Z,163.01,163.87,162.1,162.63,83669
2021-11-11T05:00:00Z,163.94,163.94,162.58,162.65,68852
2021-11-10T05:00:00Z,164.945,164.95,163.04,164.02,69543
2021-11-09T05:00:00Z,162.3,163.81,162.06,163.53,114879
2021-11-08T05:00:00Z,165.84,165.84,161.24,162.44,101309
2021-11-05T04:00:00Z,165.39,166.38,164.585,166,103041
2021-11-04T04:00:00Z,164.16,164.48,163.52,164.24,80021
2021-11-03T04:00:00Z,162.44,164.375,162.28,164.29,93003
2021-11-02T04:00:00Z,161.55,162.77,161.01,162.77,93503
2021-11-01T04:00:00Z,161.215,161.46,160.215,161.27,80803
2021-10-29T04:00:00Z,161.34,162.1,160.945,161.61,116116
2021-10-28T04:00:00Z,160.595,161.69,160.595,161.56,96022
2021-10-27T04:00:00Z,161.63,161.78,159.575,160.64,86128
2021-10-26T04:00:00Z,159.18,161.38,159.17,161.17,108830
2021-10-25T04:00:00Z,159.7,159.86,158.8,159.2,81591
2021-10-22T04:00:00Z,159.78,160.41,159.57,159.95,160457
2021-10-21T04:00:00Z,161.3,161.38,158.99,159.07,131045
2021-10-20T04:00:00Z,160.21,161.85,160.09,161.24,96924
2021-10-19T04:00:00Z,158.26,160.15,157.54,160.1,139993
2021-10-18T04:00:00Z,158.33,158.65,156.87,158.09,70821
2021-10-15T04:00:00Z,159.5,159.53,157.51,158.8,89543
2021-10-14T04:00:00Z,158.73,159.49,158.73,159.32,178753
2021-10-13T04:00:00Z,157.54,158.035,156.04,158,299861
2021-10-12T04:00:00Z,156.235,157.81,156.235,156.95,91538
2021-10-11T04:00:00Z,156.26,157.18,155.71,156.29,79804
2021-10-08T04:00:00Z,156.625,156.69,155.49,155.94,84446
2021-10-07T04:00:00Z,155.865,157.74,155.595,156.4,160748
2021-10-06T04:00:00Z,150.6,155.15,149.99,154.99,190037
2021-10-05T04:00:00Z,151.3,152.36,150.1,151.025,170744
2021-10-04T04:00:00Z,150.755,152.27,149.51,150.26,215063
2021-10-01T04:00:00Z,151.19,151.58,149.54,150.89,112927
2021-09-30T04:00:00Z,153.235,153.41,150.44,150.44,103238
2021-09-29T04:00:00Z,150.83,153.16,150.79,152.33,88326
2021-09-28T04:00:00Z,152.14,152.47,150.17,151.06,141826
2021-09-27T04:00:00Z,153.74,154.1,152.42,152.74,107576
2021-09-24T04:00:00Z,153.92,154.56,153.58,154.22,60930
2021-09-23T04:00:00Z,153.75,154.87,153.68,154.11,76222
2021-09-22T04:00:00Z,153.94,155.06,153.47,154,76401
2021-09-21T04:00:00Z,154.03,156.1,152.98,153.58,98723
2021-09-20T04:00:00Z,153.52,154.93,152.47,153.6,140043
2021-09-17T04:00:00Z,155,155.12,153.85,154.085,89274
2021-09-16T04:00:00Z,155.16,156.11,153.82,155.53,179765
2021-09-15T04:00:00Z,155.22,156.36,154.85,156.02,78426
2021-09-14T04:00:00Z,156.37,156.62,154.84,155.1,85798
2021-09-13T04:00:00Z,156.07,157.28,155.42,155.83,57552
2021-09-10T04:00:00Z,155.975,156.23,155.01,155.48,53341
2021-09-09T04:00:00Z,156.94,156.94,155.41,155.74,63570
2021-09-08T04:00:00Z,154.66,156.73,154.42,156.73,103947
2021-09-07T04:00:00Z,156.76,156.76,153.75,154.58,105953
2021-09-03T04:00:00Z,156.57,157.39,155.915,157.07,46183
2021-09-02T04:00:00Z,156.81,157.26,155.91,156.95,64423
2021-09-01T04:00:00Z,156.855,158.19,156.52,157.93,105342
2021-08-31T04:00:00Z,155.935,156.455,155.395,156.4,135306
2021-08-30T04:00:00Z,155.21,156.15,155.03,156.04,109495
2021-08-27T04:00:00Z,154.56,155.4,154.22,154.935,78483
2021-08-26T04:00:00Z,155.5,155.5,154.115,154.65,82411
2021-08-25T04:00:00Z,155.45,155.58,154.19,155.22,88803
2021-08-24T04:00:00Z,157.62,157.62,155.69,155.86,91277
2021-08-23T04:00:00Z,157.515,158.45,157.515,157.85,51855
2021-08-20T04:00:00Z,158.86,159.55,158.29,158.32,111074
2021-08-19T04:00:00Z,155.82,159.39,155.82,158.89,187765
2021-08-18T04:00:00Z,157.63,158.19,156.2,156.24,88482
2021-08-17T04:00:00Z,157.87,158.41,157.25,157.89,76919
2021-08-16T04:00:00Z,157.09,158.05,156.745,158.04,82650
2021-08-13T04:00:00Z,154.97,156.66,154.94,156.54,49695
2021-08-12T04:00:00Z,155.23,155.26,154.63,155.07,48103
2021-08-11T04:00:00Z,154.71,156.01,154.5,155.03,140750
2021-08-10T04:00:00Z,154.31,155.26,154.06,154.44,69665
2021-08-09T04:00:00Z,154.7,154.765,153.72,154.37,65996
2021-08-06T04:00:00Z,153.76,154.74,153.65,154.29,105712
2021-08-05T04:00:00Z,154.77,155.145,153.89,154.3,104750
2021-08-04T04:00:00Z,156.185,156.6,153.95,154.07,116399
2021-08-03T04:00:00Z,156.53,157.11,156.41,156.75,98487
2021-08-02T04:00:00Z,157.095,157.11,155.59,156.35,81616
2021-07-30T04:00:00Z,157.43,157.6,156.65,156.86,104538
2021-07-29T04:00:00Z,157.1,157.35,156.22,156.8,118304
2021-07-28T04:00:00Z,157.55,157.91,155.95,156.45,114475
2021-07-27T04:00:00Z,157.26,158.64,157.045,157.97,109334
2021-07-26T04:00:00Z,157.01,157.47,156.04,157.08,127844
2021-07-23T04:00:00Z,155.615,157.75,155.3,157.2,106693
2021-07-22T04:00:00Z,155.085,155.75,153.985,155.23,169529
2021-07-21T04:00:00Z,155.78,156.12,154.575,155.225,125182
2021-07-20T04:00:00Z,156.2,157.265,155.58,155.95,218813
2021-07-19T04:00:00Z,155.7,157.51,154.775,155.68,220079
2021-07-16T04:00:00Z,155.68,156.78,155.12,155.84,148247
2021-07-15T04:00:00Z,154.59,155.35,153.26,155.25,164238
2021-07-14T04:00:00Z,152.9,155.14,152.87,154.53,249052
2021-07-13T04:00:00Z,151.065,153.9,150.77,153,268810
2021-07-12T04:00:00Z,149.55,149.775,148.78,149.59,162282
2021-07-09T04:00:00Z,149.85,150.24,149.18,149.44,133948
2021-07-08T04:00:00Z,149.69,150.65,149.21,149.77,122016
2021-07-07T04:00:00Z,149.06,150.65,149.06,149.76,90481
2021-07-06T04:00:00Z,149.06,149.38,147.82,149.13,147739
2021-07-02T04:00:00Z,148.88,149.72,148.685,148.83,124264
2021-07-01T04:00:00Z,148.06,148.99,147.955,148.22,142268
2021-06-30T04:00:00Z,147.43,148.3,147.21,148.25,201245
2021-06-29T04:00:00Z,147.37,147.41,146.45,146.93,165585
2021-06-28T04:00:00Z,146.695,147.565,146.66,147.065,165950
2021-06-25T04:00:00Z,145.49,146.79,145.29,146.34,95959
2021-06-24T04:00:00Z,145.08,145.93,144.66,145.71,196834
2021-06-23T04:00:00Z,146.06,146.06,144.835,144.85,125813
2021-06-22T04:00:00Z,146.82,147.47,146.305,146.725,70405
2021-06-21T04:00:00Z,146.29,146.73,145.48,146.58,158359
2021-06-18T04:00:00Z,147.465,147.57,145.26,145.305,172560
2021-06-17T04:00:00Z,147.23,148.99,146.95,148.51,288649
2021-06-16T04:00:00Z,148.85,149.27,146.78,147.1,224351
2021-06-15T04:00:00Z,148.91,149.165,148.08,148.62,175977
2021-06-14T04:00:00Z,147.34,148.57,146.825,148.57,148078
2021-06-11T04:00:00Z,147.845,147.88,146.81,147.7,89329
2021-06-10T04:00:00Z,146.325,148,146.14,147.6,102748
2021-06-09T04:00:00Z,147.08,147.56,146.08,146.11,112409
2021-06-08T04:00:00Z,147.87,147.87,145.915,146.37,339950
2021-06-07T04:00:00Z,147.71,148.2,146.735,147.76,140378
2021-06-04T04:00:00Z,148.05,148.56,147.48,147.87,209726
2021-06-03T04:00:00Z,146.32,147.74,146.19,147.72,149793
2021-06-02T04:00:00Z,148.09,148.51,147.26,148.22,128124
2021-06-01T04:00:00Z,148.78,148.81,147.09,147.62,171444
2021-05-28T04:00:00Z,147.395,148.49,147.31,148.02,175704
2021-05-27T04:00:00Z,148.535,148.72,146.55,146.63,155546
2021-05-26T04:00:00Z,148.11,148.66,147.72,148.26,146246
2021-05-25T04:00:00Z,147.865,148.37,147.03,148.33,147496
2021-05-24T04:00:00Z,147.595,148.35,147.01,147.86,115484
2021-05-21T04:00:00Z,147.84,148.2,146.53,147.11,136540
2021-05-20T04:00:00Z,145.21,147.71,145.21,147.22,132825
2021-05-19T04:00:00Z,144.64,145.57,144.13,145.48,127263
2021-05-18T04:00:00Z,146.4,146.935,145.33,145.46,139843
2021-05-17T04:00:00Z,146.91,147.39,145.73,146.1,105529
2021-05-14T04:00:00Z,147.25,147.81,146.42,146.71,149332
2021-05-13T04:00:00Z,144.23,147.1,143.62,146.45,199634
2021-05-12T04:00:00Z,144.76,145.74,143.91,144.23,190950
2021-05-11T04:00:00Z,147.17,147.54,145.02,145.7,165481
2021-05-10T04:00:00Z,146.25,147.98,146.25,146.83,202441
2021-05-07T04:00:00Z,145.06,145.96,144.63,145.57,120434
2021-05-06T04:00:00Z,144.29,145.94,144.18,145.495,150392
2021-05-05T04:00:00Z,143.77,144.555,143.53,143.85,239597
2021-05-04T04:00:00Z,145.79,146.75,143.51,143.94,248669
2021-05-03T04:00:00Z,144.89,146.76,144.14,145.85,154180
2021-04-30T04:00:00Z,143.54,144.18,142.56,144.18,134203
2021-04-29T04:00:00Z,142.01,144.41,141.97,143.95,172943
2021-04-28T04:00:00Z,143.375,143.65,141.73,141.78,151544
2021-04-27T04:00:00Z,142.61,143.085,142.13,142.97,146135
2021-04-26T04:00:00Z,145.66,145.66,143,143.39,167439
2021-04-23T04:00:00Z,145.67,146.34,145.08,145.89,150896
2021-04-22T04:00:00Z,146.505,146.57,145.4,146.03,143344
2021-04-21T04:00:00Z,147.41,147.77,146.21,146.93,243543
2021-04-20T04:00:00Z,144.32,146.63,144.02,145.65,213708
2021-04-19T04:00:00Z,144.37,145.57,143.29,144.65,249921
2021-04-16T04:00:00Z,143.355,144.3,142.53,144.19,157747
2021-04-15T04:00:00Z,141.76,143.1,141.565,142.28,256534
2021-04-14T04:00:00Z,142.41,142.595,141.24,142.15,171724
2021-04-13T04:00:00Z,142.325,143.92,142.32,143.04,136448
2021-04-12T04:00:00Z,142.19,143.41,142.15,143.04,219701
2021-04-09T04:00:00Z,142.235,143.12,141.63,142.53,145931
2021-04-08T04:00:00Z,143.67,144.1,142.05,142.525,218351
2021-04-07T04:00:00Z,143.87,144.04,143.04,143.48,181954
2021-04-06T04:00:00Z,143.03,144.19,142.59,143.65,192515
2021-04-05T04:00:00Z,141.43,144.3,141.43,143.25,137317
2021-04-01T04:00:00Z,141.19,142.3,140.125,141.28,137685
2021-03-31T04:00:00Z,143.06,143.19,141.17,141.45,149633
2021-03-30T04:00:00Z,143.935,144.69,142.14,142.41,152606
2021-03-29T04:00:00Z,142.88,144.93,142.445,144.79,267679
2021-03-26T04:00:00Z,139.57,142.99,139.2,142.86,240177
2021-03-25T04:00:00Z,139.52,140.23,138.38,139.66,204777
2021-03-24T04:00:00Z,139,140.05,138.83,138.83,171773
2021-03-23T04:00:00Z,138.51,140.17,138.37,139.49,294644
2021-03-22T04:00:00Z,135.66,138.18,135.18,137.77,295591
2021-03-19T04:00:00Z,132.31,134.61,132.18,134.55,385405
2021-03-18T04:00:00Z,132.36,133.06,131.43,132.51,224767
2021-03-17T04:00:00Z,134.19,134.55,133.39,133.51,217354
2021-03-16T04:00:00Z,133.08,134.57,132.795,134.05,222165
2021-03-15T04:00:00Z,133.505,133.6,131.97,132.985,240672
2021-03-12T05:00:00Z,133.305,133.76,132.675,133.01,209483
2021-03-11T05:00:00Z,133.345,134.56,133.11,133.26,163433
2021-03-10T05:00:00Z,132.57,134.44,130.56,133.56,509486
2021-03-09T05:00:00Z,132.735,133.9,132.04,132.25,333307
2021-03-08T05:00:00Z,133.33,134.18,131.99,132.015,315510
2021-03-05T05:00:00Z,129.55,133.4,129.28,133.4,516573
2021-03-04T05:00:00Z,129.15,131.735,128.345,128.595,258368
2021-03-03T05:00:00Z,130.01,130.52,129.08,129.08,290796
2021-03-02T05:00:00Z,130.49,132.01,130.38,131.01,248431
2021-03-01T05:00:00Z,130.61,131.93,130.34,130.59,269222
2021-02-26T05:00:00Z,130.78,130.82,128.58,129.34,292792
2021-02-25T05:00:00Z,131.35,132.02,129.8,130,243792
2021-02-24T05:00:00Z,131.52,132.255,131.235,132.125,139139
2021-02-23T05:00:00Z,132.62,134.335,131.34,132.79,258714
2021-02-22T05:00:00Z,132.355,132.595,130.775,131.96,157483
2021-02-19T05:00:00Z,135.11,135.12,132.31,132.47,144632
2021-02-18T05:00:00Z,134.145,135.67,133.94,135.31,137656
2021-02-17T05:00:00Z,134.13,135.07,133.88,134.41,196649
2021-02-16T05:00:00Z,134.21,134.78,133.43,134.48,158358
2021-02-12T05:00:00Z,135.14,135.58,133.45,133.88,242124
2021-02-11T05:00:00Z,138.205,138.205,134.355,135.02,356500
2021-02-10T05:00:00Z,140.56,140.56,136.77,137.55,229453
2021-02-09T05:00:00Z,140.35,140.52,139.5,139.62,103326
2021-02-08T05:00:00Z,141.275,141.8,139.565,140.46,179060
2021-02-05T05:00:00Z,140.36,142.09,140.09,140.97,134140
2021-02-04T05:00:00Z,138.055,139.76,137.86,139.75,158732
2021-02-03T05:00:00Z,138.06,138.94,137.075,138.07,202598
2021-02-02T05:00:00Z,137.31,139.505,136.73,138.49,134068
2021-02-01T05:00:00Z,136.85,137.96,135.92,137.04,202555
2021-01-29T05:00:00Z,138.11,138.435,136.05,136.64,235266
2021-01-28T05:00:00Z,138.665,140.78,137.78,139.08,183862
2021-01-27T05:00:00Z,140.35,142.24,137.59,137.98,262807
2021-01-26T05:00:00Z,141.09,142.075,139.785,141.85,212608
2021-01-25T05:00:00Z,138.09,140.29,137.66,140.14,163522
2021-01-22T05:00:00Z,139.38,139.51,138.235,138.64,140018
2021-01-21T05:00:00Z,140.53,140.53,138.76,139.61,210741
2021-01-20T05:00:00Z,141,141.76,139.96,141.505,199632
2021-01-19T05:00:00Z,142.375,142.56,141.55,142.11,201856
2021-01-15T05:00:00Z,141.45,142.52,140.6,141.39,129128
2021-01-14T05:00:00Z,141.91,142.44,141.15,141.88,232891
2021-01-13T05:00:00Z,141.44,143.13,141.25,142.66,150039
2021-01-12T05:00:00Z,141.615,141.98,139.5,141.465,204767
2021-01-11T05:00:00Z,143.75,144.28,141.75,142.13,113452
2021-01-08T05:00:00Z,142.345,144.4,141.84,144.3,117771
2021-01-07T05:00:00Z,142.72,143.145,141.16,142.39,194634
2021-01-06T05:00:00Z,141.775,143.595,141.67,142.99,267812
2021-01-05T05:00:00Z,143.95,145.15,142.93,144.78,134686
2021-01-04T05:00:00Z,147.01,147.63,141.98,144.23,248983
2020-12-31T05:00:00Z,147.18,148.425,146.69,148.42,44478
2020-12-30T05:00:00Z,147.25,147.96,147.05,147.27,54087
2020-12-29T05:00:00Z,147.65,148.72,146.865,147.45,116882
2020-12-28T05:00:00Z,145.68,147.58,145.67,146.97,73920
2020-12-24T05:00:00Z,144.84,145.07,144.2,145.07,37743
2020-12-23T05:00:00Z,144.69,145.56,144.09,144.39,123386
2020-12-22T05:00:00Z,144.235,144.96,143.475,143.92,105350
2020-12-21T05:00:00Z,144.96,145.65,143.49,145.52,111357
2020-12-18T05:00:00Z,146.11,147,145.51,146.97,120105
2020-12-17T05:00:00Z,145.28,146.2,145.185,145.74,82179
2020-12-16T05:00:00Z,144.32,145.4,143.955,144.85,114918
2020-12-15T05:00:00Z,144.75,145.16,143.93,144.62,101326
2020-12-14T05:00:00Z,145.445,146.46,144.09,144.25,78915
2020-12-11T05:00:00Z,143.63,145.07,143.44,144.94,150277
2020-12-10T05:00:00Z,146.02,146.08,144.445,144.68,227065
2020-12-09T05:00:00Z,145.79,146.06,144.275,145.63,134790
2020-12-08T05:00:00Z,145.19,146.13,144.34,145.43,119858
2020-12-07T05:00:00Z,145.51,146.56,144.67,145.38,130194
2020-12-04T05:00:00Z,144.02,145.95,144.02,145.82,103430
2020-12-03T05:00:00Z,143.1,144.915,143.1,144.43,204822
2020-12-02T05:00:00Z,145.69,146.92,143.895,144.64,181174
2020-12-01T05:00:00Z,144.885,146.62,144.6,146.055,146868
2020-11-30T05:00:00Z,144.24,144.6,142.88,144.31,138729
2020-11-27T05:00:00Z,144.65,145.2,144.2,144.64,54902
2020-11-25T05:00:00Z,144.48,144.91,143.8,144.14,77080
2020-11-24T05:00:00Z,143.31,144.31,142.83,144,132503
2020-11-23T05:00:00Z,143.36,143.64,141.89,143.05,148920
2020-11-20T05:00:00Z,143.63,144.61,143.06,143.31,103827
2020-11-19T05:00:00Z,142.88,143.65,142.35,143.41,202511
2020-11-18T05:00:00Z,145.36,146.53,143.3,143.41,152629
2020-11-17T05:00:00Z,144.675,146.08,144.14,145.21,143260
2020-11-16T05:00:00Z,144.94,146.26,144.695,145.64,148633
2020-11-13T05:00:00Z,143.61,144.85,143.295,144.79,96253
2020-11-12T05:00:00Z,143.57,144.73,142.79,143.76,99228
2020-11-11T05:00:00Z,142.485,144.23,141.61,143.97,135916
2020-11-10T05:00:00Z,136.665,142.415,136.665,141.63,211661
2020-11-09T05:00:00Z,141.82,143.64,138.2,138.31,195363
2020-11-06T05:00:00Z,138.22,139.71,137.39,138.3,114619
2020-11-05T05:00:00Z,139.27,140.21,137.54,137.99,175199
2020-11-04T05:00:00Z,138.58,141.65,137.66,137.78,182760
2020-11-03T05:00:00Z,136.63,138.59,136.3,137.12,128240
2020-11-02T05:00:00Z,135.16,136.16,133.815,135.1,117723
2020-10-30T04:00:00Z,133.01,133.77,131.76,133.49,149830
2020-10-29T04:00:00Z,133.68,135.63,132.3,134,187827
2020-10-28T04:00:00Z,137.05,137.62,133.97,134.12,218562
2020-10-27T04:00:00Z,138.31,139.84,138.31,139.17,130373
2020-10-26T04:00:00Z,138.735,138.98,136.49,138,180292
2020-10-23T04:00:00Z,140.305,140.51,139.045,139.47,96872
2020-10-22T04:00:00Z,139.86,140.11,139.13,139.585,123613
2020-10-21T04:00:00Z,139.46,140.43,139.11,139.57,88399
2020-10-20T04:00:00Z,140.95,141.14,139.43,139.855,148492
2020-10-19T04:00:00Z,141.4,142.49,139.26,139.68,140034
2020-10-16T04:00:00Z,141.8,142.8,141.14,141.72,193310
2020-10-15T04:00:00Z,141.53,141.945,140.645,141.51,186469
2020-10-14T04:00:00Z,143.39,144.085,141.64,142.56,136159
2020-10-13T04:00:00Z,142,143.99,142,143.58,240290
2020-10-12T04:00:00Z,140.66,143.41,139.78,142.18,410509
2020-10-09T04:00:00Z,138.395,139.25,137.9,138.5,197066
2020-10-08T04:00:00Z,137.18,138.09,136.86,137.865,115238
2020-10-07T04:00:00Z,136.39,137.52,135.79,137.11,182141
2020-10-06T04:00:00Z,137.805,138.8,135.2,135.87,245013
2020-10-05T04:00:00Z,138.22,138.22,137.04,137.94,142563
2020-10-02T04:00:00Z,139.325,139.89,136.37,138.1,210953
2020-10-01T04:00:00Z,139.57,140.85,137.51,140.85,345135
2020-09-30T04:00:00Z,138.09,139.16,137.065,138.6,96845
2020-09-29T04:00:00Z,138.65,139.5,137.14,137.18,77723
2020-09-28T04:00:00Z,136.085,138.565,135.76,137.9,108169
2020-09-25T04:00:00Z,130.88,133.795,130.545,133.55,93947
2020-09-24T04:00:00Z,131.23,132.31,130.01,131.57,88849
2020-09-23T04:00:00Z,132.655,132.755,129.87,131,82600
2020-09-22T04:00:00Z,130.96,132.83,130.83,132.1,72981
2020-09-21T04:00:00Z,130.565,131.285,129.375,131.24,161206
2020-09-18T04:00:00Z,133.28,134.72,130.06,131.48,70779
2020-09-17T04:00:00Z,133.29,134.52,131.77,133.24,69963
2020-09-16T04:00:00Z,135.98,136.45,134.795,134.985,78845
2020-09-15T04:00:00Z,136.575,137.205,135.435,135.67,84142
2020-09-14T04:00:00Z,136.735,137.4,135.9,136.72,72132
2020-09-11T04:00:00Z,135.11,136.37,134.32,135.89,65270
2020-09-10T04:00:00Z,136.72,137.535,134.15,134.86,84547
2020-09-09T04:00:00Z,135.4,138.38,135.4,137.08,44181
2020-09-08T04:00:00Z,138.4,138.43,134.5,135.515,89956
2020-09-04T04:00:00Z,139.69,140.215,136.98,138.87,32297
2020-09-03T04:00:00Z,142.765,143.84,138.23,139.5,76203
2020-09-02T04:00:00Z,139.52,143.81,139.52,143.36,100832
2020-09-01T04:00:00Z,140.215,140.22,138.52,139.2,110451
2020-08-31T04:00:00Z,139.4,140.98,139.4,140.3,49827
2020-08-28T04:00:00Z,138.2,139.94,137.29,139.94,48668
2020-08-27T04:00:00Z,138.78,139.92,137.925,138.34,102543
2020-08-26T04:00:00Z,136.66,138.62,136.4,138.54,62427
2020-08-25T04:00:00Z,138.135,138.33,136.715,137.3,63259
2020-08-24T04:00:00Z,136.56,137.605,136.12,137.58,101116
2020-08-21T04:00:00Z,136.34,136.66,135.265,136.48,257860
2020-08-20T04:00:00Z,135.815,137.14,135.815,136.7,44708
2020-08-19T04:00:00Z,138.395,138.78,136.18,136.47,72799
2020-08-18T04:00:00Z,138.43,138.44,137.06,138.1,71648
2020-08-17T04:00:00Z,137.42,138.79,137.06,137.96,55187
2020-08-14T04:00:00Z,137.98,138.16,137.22,137.37,42041
2020-08-13T04:00:00Z,137.79,138.61,137.335,138.05,72261
2020-08-12T04:00:00Z,135.74,138.65,135.74,137.79,57681
2020-08-11T04:00:00Z,137,137.31,134.685,135.13,54974
2020-08-10T04:00:00Z,136.045,136.83,135.47,136.09,38295
2020-08-07T04:00:00Z,135.67,136.745,135.38,136.69,116838
2020-08-06T04:00:00Z,135.69,136.255,135.41,135.89,70599
2020-08-05T04:00:00Z,137.65,138.035,135.83,136.27,95419
2020-08-04T04:00:00Z,136.9,137.57,136.04,137.285,38305
2020-08-03T04:00:00Z,137.01,137.35,136.09,136.73,56255
2020-07-31T04:00:00Z,137.01,137.61,135.285,137.61,67080
2020-07-30T04:00:00Z,137.395,138.135,136.56,137.6,78608
2020-07-29T04:00:00Z,137.635,138.98,137.155,137.97,113213
2020-07-28T04:00:00Z,137.97,138.54,137.22,137.33,123073
2020-07-27T04:00:00Z,135.635,137.735,134.94,137.69,123060
