2024-06-14T04:00:00Z,27.745,28.19,27.445,27.53,682323
2024-06-13T04:00:00Z,27.44,27.715,27.22,27.64,688544
2024-06-12T04:00:00Z,28.215,28.225,27.56,27.65,451738
2024-06-11T04:00:00Z,27.93,28.33,27.91,28.035,606280
2024-06-10T04:00:00Z,28.27,28.27,27.64,28.07,918885
2024-06-07T04:00:00Z,28.75,29.045,28.55,28.57,373665
2024-06-06T04:00:00Z,29.31,29.535,28.79,28.81,979163
2024-06-05T04:00:00Z,29.54,29.615,29.18,29.56,379648
2024-06-04T04:00:00Z,29.28,29.73,29.175,29.5,666125
2024-06-03T04:00:00Z,28.66,29.515,28.66,29.31,445087
2024-05-31T04:00:00Z,28.36,28.75,28.255,28.68,687777
2024-05-30T04:00:00Z,27.91,28.2,27.82,28.2,428026
2024-05-29T04:00:00Z,28.14,28.14,27.69,27.82,520576
2024-05-28T04:00:00Z,28.76,28.79,28.135,28.32,943929
2024-05-24T04:00:00Z,28.695,28.985,28.55,28.88,453728
2024-05-23T04:00:00Z,29.265,29.265,28.67,28.68,675895
2024-05-22T04:00:00Z,28.45,29.625,28.415,29.61,1000176
2024-05-21T04:00:00Z,28.45,28.66,28.32,28.57,412546
2024-05-20T04:00:00Z,28.64,28.705,28.475,28.53,317305
2024-05-17T04:00:00Z,28.84,28.84,28.515,28.64,570162
2024-05-16T04:00:00Z,28.855,29.03,28.675,28.93,433301
2024-05-15T04:00:00Z,28.52,28.98,28.52,28.82,694043
2024-05-14T04:00:00Z,28.525,28.67,28.19,28.35,416368
2024-05-13T04:00:00Z,28.18,28.64,28.18,28.455,719552
2024-05-10T04:00:00Z,28.27,28.27,27.93,28.01,562553
2024-05-09T04:00:00Z,27.72,28.245,27.325,28.2,638080
2024-05-08T04:00:00Z,27.68,28.34,27.55,28.28,657176
2024-05-07T04:00:00Z,28.295,28.485,27.4,27.77,1181998
2024-05-06T04:00:00Z,27.985,28.32,27.98,28.18,1011772
2024-05-03T04:00:00Z,27.84,27.87,27.52,27.825,608415
2024-05-02T04:00:00Z,27.27,27.93,27.145,27.7,1473661
2024-05-01T04:00:00Z,26.35,27.45,26.04,27.175,2028790
2024-04-30T04:00:00Z,25.64,25.82,25.59,25.61,647669
2024-04-29T04:00:00Z,25.645,25.85,25.56,25.64,572606
2024-04-26T04:00:00Z,25.32,25.54,25.215,25.385,798790
2024-04-25T04:00:00Z,26.295,26.42,25.255,25.26,1872011
2024-04-24T04:00:00Z,26.29,26.335,26.045,26.27,432379
2024-04-23T04:00:00Z,26.31,26.46,26.2,26.32,418015
2024-04-22T04:00:00Z,26,26.495,25.93,26.27,721238
2024-04-19T04:00:00Z,25.41,25.995,25.38,25.99,624881
2024-04-18T04:00:00Z,25.305,25.46,25.235,25.38,762007
2024-04-17T04:00:00Z,25.66,25.665,25.26,25.42,999377
2024-04-16T04:00:00Z,25.81,25.98,25.68,25.685,404075
2024-04-15T04:00:00Z,25.87,26.17,25.765,25.9,565389
2024-04-12T04:00:00Z,26.21,26.32,25.835,25.87,652880
2024-04-11T04:00:00Z,26.35,26.435,26.13,26.33,536467
2024-04-10T04:00:00Z,26.47,26.59,26.16,26.3,845176
2024-04-09T04:00:00Z,26.74,27.42,26.65,26.77,1082256
2024-04-08T04:00:00Z,26.54,26.82,26.53,26.59,566425
2024-04-05T04:00:00Z,26.545,26.7,26.36,26.66,816244
2024-04-04T04:00:00Z,27.315,27.395,26.64,26.65,729016
2024-04-03T04:00:00Z,27.51,27.73,27.205,27.23,927172
2024-04-02T04:00:00Z,27.59,27.74,27.41,27.56,737383
2024-04-01T04:00:00Z,27.725,27.835,27.575,27.705,1027227
2024-03-28T04:00:00Z,27.85,28.12,27.72,27.74,779911
2024-03-27T04:00:00Z,27.76,27.935,27.54,27.77,1158654
2024-03-26T04:00:00Z,27.45,27.63,27.31,27.6,832782
2024-03-25T04:00:00Z,27.24,27.475,27.1,27.43,2169223
2024-03-22T04:00:00Z,27.465,27.835,27.345,27.36,628574
2024-03-21T04:00:00Z,27.725,28.02,27.655,27.66,548932
2024-03-20T04:00:00Z,27.4,27.72,27.215,27.71,444030
2024-03-19T04:00:00Z,27.67,27.775,27.33,27.62,629253
2024-03-18T04:00:00Z,28.01,28.01,27.61,27.745,654337
2024-03-15T04:00:00Z,27.93,28.265,27.865,27.96,560334
2024-03-14T04:00:00Z,28.22,28.26,27.77,28.14,843361
2024-03-13T04:00:00Z,28.22,28.69,28.19,28.21,692427
2024-03-12T04:00:00Z,28.33,28.33,27.765,28.01,766719
2024-03-11T04:00:00Z,27.48,28.39,27.45,28.37,1294801
2024-03-08T05:00:00Z,26.87,27.295,26.855,27.23,1238776
2024-03-07T05:00:00Z,27.17,27.31,26.765,26.78,948509
2024-03-06T05:00:00Z,26.885,27.3,26.79,27.19,2690497
2024-03-05T05:00:00Z,25.895,26.415,25.69,26.07,1891384
2024-03-04T05:00:00Z,26.38,26.38,25.62,25.885,2950996
2024-03-01T05:00:00Z,26.795,26.875,26.51,26.59,859583
2024-02-29T05:00:00Z,27.03,27.185,26.55,26.55,860077
2024-02-28T05:00:00Z,26.925,27.23,26.82,27.05,633824
2024-02-27T05:00:00Z,27.13,27.185,26.81,26.9,970711
2024-02-26T05:00:00Z,27.6,27.64,27.07,27.175,541769
2024-02-23T05:00:00Z,27.74,28.085,27.7,27.755,556247
2024-02-22T05:00:00Z,27.64,27.69,27.19,27.54,670502
2024-02-21T05:00:00Z,27.6,27.67,27.355,27.67,426227
2024-02-20T05:00:00Z,27.6,28.135,27.525,27.6,654961
2024-02-16T05:00:00Z,27.51,27.885,27.21,27.63,705860
2024-02-15T05:00:00Z,27.27,27.805,27.27,27.51,870486
2024-02-14T05:00:00Z,27.01,27.165,26.915,27.1,639071
2024-02-13T05:00:00Z,27.58,27.81,26.86,26.97,496229
2024-02-12T05:00:00Z,27.56,28.015,27.525,27.65,579617
2024-02-09T05:00:00Z,27.55,27.59,27.385,27.565,731423
2024-02-08T05:00:00Z,27.495,27.685,27.415,27.57,623053
2024-02-07T05:00:00Z,27.51,27.65,27.295,27.565,862672
2024-02-06T05:00:00Z,26.62,27.725,26.575,27.51,2356094
2024-02-05T05:00:00Z,26.91,26.92,26.525,26.56,929574
2024-02-02T05:00:00Z,27.135,27.195,26.69,26.935,725149
2024-02-01T05:00:00Z,27,27.32,26.73,27.285,867197
2024-01-31T05:00:00Z,27.18,27.51,26.78,27.06,2422822
2024-01-30T05:00:00Z,27.89,28.36,26.95,27.01,2137619
2024-01-29T05:00:00Z,27.48,27.625,27.315,27.5,1696762
2024-01-26T05:00:00Z,27.72,27.905,27.36,27.455,1160461
2024-01-25T05:00:00Z,27.82,27.92,27.445,27.47,1363634
2024-01-24T05:00:00Z,28.53,28.775,28.33,28.335,595481
2024-01-23T05:00:00Z,28.46,28.63,28.16,28.435,613347
2024-01-22T05:00:00Z,28.295,28.615,27.93,28.32,717334
2024-01-19T05:00:00Z,27.99,28.375,27.93,28.28,556143
2024-01-18T05:00:00Z,28.01,28.125,27.605,28.08,874883
2024-01-17T05:00:00Z,28.16,28.53,27.93,28.135,543277
2024-01-16T05:00:00Z,28.65,28.695,28.22,28.305,653411
2024-01-12T05:00:00Z,28.49,28.93,28.46,28.675,711775
2024-01-11T05:00:00Z,28.885,28.9,28.27,28.41,1048260
2024-01-10T05:00:00Z,29.36,29.37,28.88,28.98,825756
2024-01-09T05:00:00Z,29.56,29.855,29.32,29.39,843480
2024-01-08T05:00:00Z,29.35,29.68,29.18,29.585,596402
2024-01-05T05:00:00Z,29.02,29.485,28.76,29.465,650035
2024-01-04T05:00:00Z,29.79,29.95,29.035,29.1,1499639
2024-01-03T05:00:00Z,29.915,30.025,29.41,29.725,881293
2024-01-02T05:00:00Z,28.965,30.275,28.835,29.77,1238568
2023-12-29T05:00:00Z,28.74,28.84,28.55,28.79,472077
2023-12-28T05:00:00Z,28.62,29.03,28.585,28.81,535554
2023-12-27T05:00:00Z,28.48,28.72,28.32,28.62,484057
2023-12-26T05:00:00Z,28.42,28.52,28.255,28.42,365886
2023-12-22T05:00:00Z,28.44,28.79,28.19,28.41,861407
2023-12-21T05:00:00Z,27.85,28.36,27.795,28.325,894258
2023-12-20T05:00:00Z,28.2,28.255,27.61,27.63,1289976
2023-12-19T05:00:00Z,27.31,28.23,27.3,28.15,1587486
2023-12-18T05:00:00Z,26.9,27.29,26.72,27.05,1119439
2023-12-15T05:00:00Z,26.15,26.985,26.105,26.6,1977060
2023-12-14T05:00:00Z,26.79,27.315,26.015,26.14,2848500
2023-12-13T05:00:00Z,26.33,26.725,25.77,26.64,3461114
2023-12-12T05:00:00Z,28.61,28.86,28.36,28.58,1549497
2023-12-11T05:00:00Z,28.715,28.78,28.435,28.64,935032
2023-12-08T05:00:00Z,28.625,28.96,28.595,28.78,941018
2023-12-07T05:00:00Z,28.84,28.89,28.505,28.63,711958
2023-12-06T05:00:00Z,29.1,29.39,28.715,28.795,785439
2023-12-05T05:00:00Z,29.16,29.6,29.07,29.09,1120665
2023-12-04T05:00:00Z,29.13,29.64,29.08,29.26,1217583
2023-12-01T05:00:00Z,29.015,29.4,28.3,28.89,3881591
2023-11-30T05:00:00Z,30.27,30.505,29.965,30.46,888637
2023-11-29T05:00:00Z,29.76,30.215,29.725,30.075,894450
2023-11-28T05:00:00Z,30.105,30.105,29.635,29.7,1140027
2023-11-27T05:00:00Z,30.655,30.74,30.03,30.145,560031
2023-11-24T05:00:00Z,30.41,30.7,30.41,30.52,281753
2023-11-22T05:00:00Z,30.4,30.57,30.145,30.31,556225
2023-11-21T05:00:00Z,30.045,30.36,29.76,30.315,1294468
2023-11-20T05:00:00Z,29.885,30.135,29.77,29.99,622955
2023-11-17T05:00:00Z,29.96,29.99,29.745,29.93,2175377
2023-11-16T05:00:00Z,30.29,30.445,29.475,29.78,1021760
2023-11-15T05:00:00Z,29.24,30.345,29.23,30.19,877232
2023-11-14T05:00:00Z,29.085,29.705,28.995,29.24,802836
2023-11-13T05:00:00Z,29.29,29.35,28.94,28.94,753953
2023-11-10T05:00:00Z,29.74,29.78,29.04,29.4,871440
2023-11-09T05:00:00Z,30.49,30.5,29.63,29.67,730086
2023-11-08T05:00:00Z,31.16,31.295,30.55,30.84,669049
2023-11-07T05:00:00Z,31.17,31.38,30.895,31.245,525358
2023-11-06T05:00:00Z,31.35,31.395,30.96,31.19,508931
2023-11-03T04:00:00Z,30.87,31.385,30.835,31.26,542195
2023-11-02T04:00:00Z,30.43,30.65,30.215,30.5,738739
2023-11-01T04:00:00Z,30.55,31.07,30.47,30.5,604595
2023-10-31T04:00:00Z,30.29,30.82,29.705,30.55,1617000
2023-10-30T04:00:00Z,30.27,30.675,30.12,30.56,1217208
2023-10-27T04:00:00Z,31.02,31.09,30.02,30.1,1577005
2023-10-26T04:00:00Z,30.54,31.36,30.525,31.165,1038894
2023-10-25T04:00:00Z,30.46,31,30.225,30.73,897479
2023-10-24T04:00:00Z,30.87,31.02,30.32,30.43,755477
2023-10-23T04:00:00Z,30.77,31.385,30.55,30.855,926413
2023-10-20T04:00:00Z,31.005,31.065,30.475,30.63,1056775
2023-10-19T04:00:00Z,31.31,31.485,30.91,31.185,740278
2023-10-18T04:00:00Z,32.57,32.67,31.39,31.405,763247
2023-10-17T04:00:00Z,33.05,33.19,32.21,32.76,983677
2023-10-16T04:00:00Z,32.85,33.915,32.59,33.265,1764619
2023-10-13T04:00:00Z,32.93,32.93,32.02,32.13,819740
2023-10-12T04:00:00Z,33.125,33.19,32.77,32.94,574599
2023-10-11T04:00:00Z,33.27,33.27,32.825,33.105,669261
2023-10-10T04:00:00Z,33.08,33.395,33.015,33.18,493471
2023-10-09T04:00:00Z,33.04,33.465,32.78,33.19,420945
2023-10-06T04:00:00Z,33.445,33.555,33.09,33.14,625541
2023-10-05T04:00:00Z,33.45,33.77,33.05,33.465,632186
2023-10-04T04:00:00Z,33.89,34.06,33.01,33.29,857935
2023-10-03T04:00:00Z,33.76,34.11,33.71,33.91,1027392
2023-10-02T04:00:00Z,32.91,33.955,32.77,33.945,1498802
2023-09-29T04:00:00Z,32.34,33.23,32.31,33.17,1140574
2023-09-28T04:00:00Z,32.21,32.3,31.785,32.075,680600
2023-09-27T04:00:00Z,32.35,32.49,31.905,32.12,493873
2023-09-26T04:00:00Z,32.73,32.955,32.37,32.38,618564
2023-09-25T04:00:00Z,32.585,32.98,32.43,32.96,423336
2023-09-22T04:00:00Z,33.08,33.08,32.5,32.69,966992
2023-09-21T04:00:00Z,33.47,33.59,32.83,32.85,870390
2023-09-20T04:00:00Z,34.07,34.07,33.555,33.61,797584
2023-09-19T04:00:00Z,33.655,34.005,33.515,33.995,1027924
2023-09-18T04:00:00Z,34.055,34.08,33.445,33.65,776726
2023-09-15T04:00:00Z,34.11,34.41,33.81,34.04,537992
2023-09-14T04:00:00Z,34.29,34.35,33.98,34.15,607388
2023-09-13T04:00:00Z,34.25,34.62,34,34.08,618149
2023-09-12T04:00:00Z,33.995,34.21,33.755,34.15,421596
2023-09-11T04:00:00Z,34.26,34.26,33.545,33.94,632558
2023-09-08T04:00:00Z,34.16,34.39,34.055,34.235,484647
2023-09-07T04:00:00Z,34.485,34.635,34.04,34.275,775448
2023-09-06T04:00:00Z,35.27,35.27,34.27,34.375,705843
2023-09-05T04:00:00Z,35.94,36.285,35.35,35.39,908478
2023-09-01T04:00:00Z,35.63,36.06,35.61,35.78,491317
2023-08-31T04:00:00Z,35.915,35.98,35.39,35.39,370074
2023-08-30T04:00:00Z,36.18,36.245,35.825,35.91,594063
2023-08-29T04:00:00Z,36.34,36.93,36.005,36.155,704203
2023-08-28T04:00:00Z,36.36,36.49,36.03,36.2,525959
2023-08-25T04:00:00Z,36.13,36.685,35.965,36.385,411877
2023-08-24T04:00:00Z,36.495,36.635,36.075,36.16,557167
2023-08-23T04:00:00Z,37.09,37.13,36.56,36.68,956648
2023-08-22T04:00:00Z,36.97,37.15,36.555,36.845,663069
2023-08-21T04:00:00Z,36.75,37.18,36.645,37.015,863425
2023-08-18T04:00:00Z,36.43,36.85,36.325,36.69,847849
2023-08-17T04:00:00Z,35.64,36.71,35.61,36.49,1031670
2023-08-16T04:00:00Z,35.14,35.645,35,35.505,641587
2023-08-15T04:00:00Z,35.86,35.9,35.365,35.39,546429
2023-08-14T04:00:00Z,35.86,36.5,35.86,36.07,513785
2023-08-11T04:00:00Z,35.62,36.28,35.605,36.05,363380
2023-08-10T04:00:00Z,35.885,36.09,35.6,35.74,413681
2023-08-09T04:00:00Z,35.6,36.055,35.52,35.84,396764
2023-08-08T04:00:00Z,36.25,36.34,35.395,35.625,845177
2023-08-07T04:00:00Z,34.98,35.85,34.9,35.68,691437
2023-08-04T04:00:00Z,34.89,35.335,34.665,35.04,652149
2023-08-03T04:00:00Z,35.19,35.28,34.925,35,500462
2023-08-02T04:00:00Z,35.67,35.88,35.28,35.34,1174938
2023-08-01T04:00:00Z,35.92,36.91,35.37,35.63,1004827
2023-07-31T04:00:00Z,36.155,36.155,35.925,36.06,1026560
2023-07-28T04:00:00Z,36.38,36.425,36.03,36.05,785145
2023-07-27T04:00:00Z,36.855,37,36.18,36.21,1045989
2023-07-26T04:00:00Z,36.84,37.345,36.77,37.22,483932
2023-07-25T04:00:00Z,37.38,37.71,37.045,37.05,525899
2023-07-24T04:00:00Z,37.4,37.79,37.38,37.5,538312
2023-07-21T04:00:00Z,36.81,37.43,36.8,37.42,511935
2023-07-20T04:00:00Z,36.4,37.065,36.36,36.765,493151
2023-07-19T04:00:00Z,36.36,36.7,36.215,36.43,339903
2023-07-18T04:00:00Z,35.895,36.48,35.89,36.26,818505
2023-07-17T04:00:00Z,36.085,36.085,35.78,35.86,430372
2023-07-14T04:00:00Z,36.31,36.485,36.005,36.33,391007
2023-07-13T04:00:00Z,35.985,36.355,35.92,36.06,553871
2023-07-12T04:00:00Z,36.17,36.245,35.925,35.99,361616
2023-07-11T04:00:00Z,35.645,36.04,35.63,36.015,504800
2023-07-10T04:00:00Z,35.585,36,35.55,35.68,331924
2023-07-07T04:00:00Z,35.53,35.765,35.36,35.54,665654
2023-07-06T04:00:00Z,36.2,36.27,35.62,35.64,555859
2023-07-05T04:00:00Z,36.58,36.99,36.395,36.465,540397
2023-07-03T04:00:00Z,36.46,36.745,36.36,36.63,285965
2023-06-30T04:00:00Z,36.225,36.75,36.14,36.68,784617
2023-06-29T04:00:00Z,35.94,36.215,35.765,36.13,858120
2023-06-28T04:00:00Z,36.465,36.465,36.035,36.25,929978
2023-06-27T04:00:00Z,36.96,36.985,36.285,36.41,696772
2023-06-26T04:00:00Z,37.015,37.03,36.16,36.895,2144219
2023-06-23T04:00:00Z,38.675,38.845,38.28,38.31,414827
2023-06-22T04:00:00Z,38.965,38.965,38.41,38.73,413240
2023-06-21T04:00:00Z,39.11,39.24,38.76,38.885,487158
2023-06-20T04:00:00Z,39.83,39.83,39.33,39.335,724475
2023-06-16T04:00:00Z,39.88,40.36,39.88,40.07,678011
2023-06-15T04:00:00Z,39.45,39.825,39.295,39.78,490463
2023-06-14T04:00:00Z,40.29,40.29,39.315,39.355,573903
2023-06-13T04:00:00Z,39.59,40.36,39.455,40.3,730777
2023-06-12T04:00:00Z,39.02,40.06,38.99,39.89,694912
2023-06-09T04:00:00Z,39.17,39.57,38.875,38.98,489909
2023-06-08T04:00:00Z,38.99,39.18,38.75,39.09,587571
2023-06-07T04:00:00Z,38.28,39.06,38.14,38.89,1021500
2023-06-06T04:00:00Z,38.85,38.85,38.295,38.365,998658
2023-06-05T04:00:00Z,38.45,39.015,38.345,38.665,576808
2023-06-02T04:00:00Z,38.325,38.65,38.16,38.36,814428
2023-06-01T04:00:00Z,38.12,38.2,37.725,38.035,549006
2023-05-31T04:00:00Z,37.02,38.2,36.905,38.07,698828
2023-05-30T04:00:00Z,37.3,37.32,36.92,37.02,549204
2023-05-26T04:00:00Z,38.03,38.44,37.565,37.59,703757
2023-05-25T04:00:00Z,38.48,38.48,37.75,37.825,669348
2023-05-24T04:00:00Z,40,40.1,38.6,38.63,718468
2023-05-23T04:00:00Z,38.6,40.14,38,39.65,2261625
2023-05-22T04:00:00Z,36.84,38.865,36.75,38.74,1792580
2023-05-19T04:00:00Z,36.655,36.89,36.53,36.765,596528
2023-05-18T04:00:00Z,36.685,36.775,36.17,36.48,846956
2023-05-17T04:00:00Z,36.985,37.045,36.51,36.73,697168
2023-05-16T04:00:00Z,37.09,37.16,36.84,37.01,666205
2023-05-15T04:00:00Z,37.315,37.355,37.01,37.17,430346
2023-05-12T04:00:00Z,37.7,37.71,37.235,37.35,503189
2023-05-11T04:00:00Z,37.6,37.645,37.205,37.595,1503382
2023-05-10T04:00:00Z,38.69,38.72,38.08,38.29,427641
2023-05-09T04:00:00Z,38.48,38.67,38.395,38.48,370260
2023-05-08T04:00:00Z,38.57,38.72,38.36,38.67,629936
2023-05-05T04:00:00Z,38.425,38.5,38.09,38.5,677867
2023-05-04T04:00:00Z,38.24,38.42,38.025,38.24,398352
2023-05-03T04:00:00Z,39.295,39.345,38.36,38.45,855977
2023-05-02T04:00:00Z,39.475,40.11,38.63,39.04,980462
2023-05-01T04:00:00Z,38.975,39.52,38.885,39.19,599705
2023-04-28T04:00:00Z,38.7,38.9,38.62,38.9,431057
2023-04-27T04:00:00Z,38.63,38.825,38.31,38.745,455180
2023-04-26T04:00:00Z,39.11,39.11,38.41,38.63,548495
2023-04-25T04:00:00Z,39.85,39.895,39.295,39.32,565499
2023-04-24T04:00:00Z,40.155,40.18,39.715,39.9,361916
2023-04-21T04:00:00Z,40.09,40.3,39.91,40.2,272606
2023-04-20T04:00:00Z,40.1,40.19,39.795,39.86,468129
2023-04-19T04:00:00Z,40.38,40.56,40.2,40.245,757955
2023-04-18T04:00:00Z,41.275,41.295,40.53,40.545,430476
2023-04-17T04:00:00Z,41.165,41.275,40.96,41.18,616048
2023-04-14T04:00:00Z,41.53,41.705,40.935,41.205,569355
2023-04-13T04:00:00Z,41.47,41.7,41.3,41.45,781031
2023-04-12T04:00:00Z,41.67,41.785,41.275,41.375,389444
2023-04-11T04:00:00Z,41.8,41.985,41.7,41.78,480235
2023-04-10T04:00:00Z,41.24,41.73,41.15,41.73,384164
2023-04-06T04:00:00Z,41.995,42.045,41.375,41.505,621938
2023-04-05T04:00:00Z,41.23,42.21,41.18,41.545,612864
2023-04-04T04:00:00Z,41.43,41.525,40.765,40.915,457248
2023-04-03T04:00:00Z,40.66,41.465,40.66,41.33,464960
2023-03-31T04:00:00Z,40.6,40.83,40.285,40.795,616092
2023-03-30T04:00:00Z,40.435,40.48,40.25,40.37,282665
2023-03-29T04:00:00Z,40.19,40.26,39.995,40.25,321151
2023-03-28T04:00:00Z,40.19,40.295,39.865,39.985,317115
2023-03-27T04:00:00Z,40.565,40.615,39.975,40.24,445891
2023-03-24T04:00:00Z,40.16,40.455,39.88,40.39,549989
2023-03-23T04:00:00Z,40.17,40.495,40.005,40.175,456697
2023-03-22T04:00:00Z,40.75,40.82,39.99,39.99,447455
2023-03-21T04:00:00Z,40.85,40.91,40.315,40.67,779502
2023-03-20T04:00:00Z,40.11,40.86,39.96,40.815,624984
2023-03-17T04:00:00Z,40.62,40.78,39.995,40.1,684721
2023-03-16T04:00:00Z,40.02,40.49,39.72,40.37,770918
2023-03-15T04:00:00Z,39.75,40.52,39.465,40.3,803889
2023-03-14T04:00:00Z,39.98,40.13,39.525,39.88,555839
2023-03-13T04:00:00Z,39.44,40.5,39.335,39.85,1112448
2023-03-10T05:00:00Z,39.3,39.92,39.24,39.4,572978
2023-03-09T05:00:00Z,40.49,40.555,39.31,39.45,431913
2023-03-08T05:00:00Z,40.355,40.54,39.905,40.12,572857
2023-03-07T05:00:00Z,41.065,41.12,40.11,40.35,677498
2023-03-06T05:00:00Z,40.96,41.255,40.835,41.11,601739
2023-03-03T05:00:00Z,40.98,41.18,40.745,41.14,517051
2023-03-02T05:00:00Z,40.03,40.775,39.83,40.63,434185
2023-03-01T05:00:00Z,40.56,40.755,40.135,40.19,726936
2023-02-28T05:00:00Z,40.56,40.7,40.1,40.57,818256
2023-02-27T05:00:00Z,41.44,41.7,40.74,40.785,1017897
2023-02-24T05:00:00Z,41.99,42.03,41.51,41.75,440490
2023-02-23T05:00:00Z,42.35,42.735,42.225,42.3,722106
2023-02-22T05:00:00Z,42.78,42.88,42.315,42.4,933398
2023-02-21T05:00:00Z,42.83,42.93,42.62,42.7,515658
2023-02-17T05:00:00Z,42.8,43.365,42.59,43.21,534178
2023-02-16T05:00:00Z,43.08,43.175,42.77,42.97,534285
2023-02-15T05:00:00Z,43.485,43.605,43.115,43.33,386812
2023-02-14T05:00:00Z,44.08,44.195,43.58,43.73,350157
2023-02-13T05:00:00Z,43.68,44.01,43.515,44,629412
2023-02-10T05:00:00Z,43.41,43.975,43.265,43.88,467463
2023-02-09T05:00:00Z,44.12,44.325,43.245,43.35,743325
2023-02-08T05:00:00Z,43.57,44.1,43.53,43.99,501268
2023-02-07T05:00:00Z,43.83,43.9,43.26,43.605,757230
2023-02-06T05:00:00Z,44.27,44.27,43.73,43.76,593470
2023-02-03T05:00:00Z,44.34,44.38,43.885,44.055,1010763
2023-02-02T05:00:00Z,43.56,44.455,43.5,44.35,910129
2023-02-01T05:00:00Z,43.905,44.17,43.425,43.98,702145
2023-01-31T05:00:00Z,42.91,44.27,42.715,44.16,1560476
2023-01-30T05:00:00Z,43.82,44.135,43.405,43.54,675167
2023-01-27T05:00:00Z,44.18,44.335,43.78,43.78,747672
2023-01-26T05:00:00Z,44.19,44.29,43.64,44.25,924732
2023-01-25T05:00:00Z,45.03,45.1,44.585,45.08,524476
2023-01-24T05:00:00Z,44.92,44.945,44.15,44.7,423128
2023-01-23T05:00:00Z,45.05,45.31,44.82,44.97,387763
2023-01-20T05:00:00Z,45.22,45.4,44.73,45.1,1155048
2023-01-19T05:00:00Z,44.78,45.265,44.72,44.95,645892
2023-01-18T05:00:00Z,45.54,45.845,44.97,45,1453186
2023-01-17T05:00:00Z,46.47,46.735,45.73,46.085,828625
2023-01-13T05:00:00Z,47.51,48.14,47.51,47.85,557860
2023-01-12T05:00:00Z,47.27,47.72,46.585,47.72,585550
2023-01-11T05:00:00Z,47.675,47.73,46.87,47.44,640229
2023-01-10T05:00:00Z,48.4,48.455,47.385,47.62,701635
2023-01-09T05:00:00Z,50.02,50.26,48.315,48.4,579095
2023-01-06T05:00:00Z,50.2,51.6,49.575,50.9,625338
2023-01-05T05:00:00Z,49.71,49.99,48.92,49.65,694679
2023-01-04T05:00:00Z,50.34,50.625,49.53,50.11,719056
2023-01-03T05:00:00Z,51.04,51.32,50.82,51.25,333635
2022-12-30T05:00:00Z,51.34,51.35,50.75,51.25,214559
2022-12-29T05:00:00Z,51.03,51.66,51,51.34,166131
2022-12-28T05:00:00Z,51.14,51.39,50.75,50.8,311760
2022-12-27T05:00:00Z,51.885,51.93,51.055,51.125,677808
2022-12-23T05:00:00Z,51.555,51.935,51.245,51.83,151781
2022-12-22T05:00:00Z,51.18,51.68,50.95,51.67,404182
2022-12-21T05:00:00Z,51.605,52.16,51.205,51.66,266972
2022-12-20T05:00:00Z,51.29,51.5,50.85,51.33,317597
2022-12-19T05:00:00Z,51.555,51.79,50.72,51.34,447540
2022-12-16T05:00:00Z,52.99,53.13,51.41,51.41,686880
2022-12-15T05:00:00Z,54.12,54.4,53.4,53.615,651438
2022-12-14T05:00:00Z,53.14,54.93,52.92,54.49,1111869
2022-12-13T05:00:00Z,53.1,54.03,52.885,53.12,897095
2022-12-12T05:00:00Z,52.01,52.585,51.755,52.16,952744
2022-12-09T05:00:00Z,51.85,52.83,51.635,51.71,722632
2022-12-08T05:00:00Z,50.16,51.86,50.035,51.8,709826
2022-12-07T05:00:00Z,49.76,51.145,49.76,50.24,461550
2022-12-06T05:00:00Z,50.705,50.84,49.19,49.7,640958
2022-12-05T05:00:00Z,50.965,51.03,50.345,50.73,485786
2022-12-02T05:00:00Z,50.6,51.32,50.49,50.905,339907
2022-12-01T05:00:00Z,50.47,51.14,50.38,51.14,568762
2022-11-30T05:00:00Z,49.605,50.09,49.04,50.08,502541
2022-11-29T05:00:00Z,49.44,49.67,49.1,49.425,889874
2022-11-28T05:00:00Z,49.23,49.71,49.065,49.63,723880
2022-11-25T05:00:00Z,48.97,49.22,48.85,49.19,221257
2022-11-23T05:00:00Z,48.99,49.2,48.53,48.86,301309
2022-11-22T05:00:00Z,48.375,49.24,48.26,49.09,465390
2022-11-21T05:00:00Z,48.26,48.28,47.73,48.19,390397
2022-11-18T05:00:00Z,48.625,48.83,47.88,48.27,523259
2022-11-17T05:00:00Z,47.84,48.495,47.55,48.35,458792
2022-11-16T05:00:00Z,48.84,49.05,48.07,48.07,616235
2022-11-15T05:00:00Z,49.41,49.51,48.185,48.57,912362
2022-11-14T05:00:00Z,48,49.82,47.94,49.28,716204
2022-11-11T05:00:00Z,47.08,47.695,46.32,47.59,874872
2022-11-10T05:00:00Z,47.525,47.74,46.86,47.38,502792
2022-11-09T05:00:00Z,47.15,47.48,46.7,46.74,417729
2022-11-08T05:00:00Z,47.09,47.73,46.76,47.37,692181
2022-11-07T05:00:00Z,47.2,47.65,46.76,47.16,390739
2022-11-04T04:00:00Z,47.46,47.53,46.63,47.25,686402
2022-11-03T04:00:00Z,46.33,46.8,46.195,46.55,928177
2022-11-02T04:00:00Z,47.77,48.17,46.955,47.075,1388017
2022-11-01T04:00:00Z,48.03,48.42,47.4,48.005,1438469
2022-10-31T04:00:00Z,46.97,47.375,46.54,46.585,1038121
2022-10-28T04:00:00Z,46.03,47.52,45.95,47.485,1140977
2022-10-27T04:00:00Z,45.93,46.105,45.69,45.79,379255
2022-10-26T04:00:00Z,45.88,46.645,45.72,46.065,752319
2022-10-25T04:00:00Z,45.23,45.815,44.9,45.62,660631
2022-10-24T04:00:00Z,45,45.86,45,45.54,508479
2022-10-21T04:00:00Z,43.02,45.15,43,44.98,1142556
2022-10-20T04:00:00Z,43.27,43.405,42.825,42.89,461786
2022-10-19T04:00:00Z,43.91,44.055,42.74,43.12,604108
2022-10-18T04:00:00Z,44.05,44.36,43.65,44.11,449010
2022-10-17T04:00:00Z,43.235,43.81,43.21,43.66,388219
2022-10-14T04:00:00Z,42.9,43.37,42.36,42.92,534653
2022-10-13T04:00:00Z,41.75,43.145,41.71,42.97,765051
2022-10-12T04:00:00Z,41.975,43.125,41.96,42.03,706067
2022-10-11T04:00:00Z,41.66,42.57,41.465,41.92,529746
2022-10-10T04:00:00Z,42.39,42.59,41.76,41.77,543040
2022-10-07T04:00:00Z,42.97,43.015,41.925,42.35,522451
2022-10-06T04:00:00Z,43.725,43.735,43.05,43.09,666505
2022-10-05T04:00:00Z,44.1,44.365,43.685,44.125,324156
2022-10-04T04:00:00Z,44.165,44.84,44.12,44.47,431898
2022-10-03T04:00:00Z,44.1,44.275,43.495,44.13,606347
2022-09-30T04:00:00Z,44.28,44.595,43.74,43.84,711915
2022-09-29T04:00:00Z,44.46,44.61,43.96,44.18,563699
2022-09-28T04:00:00Z,44.75,44.75,44.215,44.39,488753
2022-09-27T04:00:00Z,44.22,44.575,43.75,44.14,550525
2022-09-26T04:00:00Z,43.75,44.325,43.68,43.85,523462
2022-09-23T04:00:00Z,44.45,44.52,43.575,44.12,794404
2022-09-22T04:00:00Z,43.68,44.985,43.56,44.56,696090
2022-09-21T04:00:00Z,44.92,44.98,43.91,43.91,703874
2022-09-20T04:00:00Z,45,45.27,44.44,44.78,383769
2022-09-19T04:00:00Z,45.7,45.7,44.78,45.46,428592
2022-09-16T04:00:00Z,45.86,46.62,45.64,46.03,402467
2022-09-15T04:00:00Z,46.16,46.285,45.7,45.93,454523
2022-09-14T04:00:00Z,46.26,46.37,45.785,46.15,487258
2022-09-13T04:00:00Z,47.22,47.32,46.02,46.175,451003
2022-09-12T04:00:00Z,48.14,48.34,47.69,47.8,463300
2022-09-09T04:00:00Z,47.21,47.99,47.12,47.84,517423
2022-09-08T04:00:00Z,46.02,47.115,45.87,47.1,443624
2022-09-07T04:00:00Z,45.78,46.205,45.38,46.15,415179
2022-09-06T04:00:00Z,45.9,46.44,45.54,45.82,478250
2022-09-02T04:00:00Z,46.765,46.77,45.53,45.7,388539
2022-09-01T04:00:00Z,45.3,46.65,45.23,46.625,711867
2022-08-31T04:00:00Z,46.06,46.285,45.135,45.225,589970
2022-08-30T04:00:00Z,46.26,46.34,45.81,45.82,603581
2022-08-29T04:00:00Z,46.38,46.685,46.13,46.25,423761
2022-08-26T04:00:00Z,47.78,47.94,46.71,46.85,402724
2022-08-25T04:00:00Z,47.52,47.95,47.28,47.94,485973
2022-08-24T04:00:00Z,47.89,48.005,47.385,47.48,408416
2022-08-23T04:00:00Z,48.4,48.45,47.77,48.01,390172
2022-08-22T04:00:00Z,49.21,49.385,48.74,48.92,522284
2022-08-19T04:00:00Z,48.81,49.44,48.73,49.17,470453
2022-08-18T04:00:00Z,49.4,49.48,48.385,48.58,513085
2022-08-17T04:00:00Z,49.615,49.855,49.255,49.26,663677
2022-08-16T04:00:00Z,49.54,50.175,49.425,49.87,390862
2022-08-15T04:00:00Z,49.96,50.05,49.39,49.76,325736
2022-08-12T04:00:00Z,48.56,50.38,48.55,50.08,705962
2022-08-11T04:00:00Z,48.445,49.12,47.82,48.295,1611237
2022-08-10T04:00:00Z,49.955,50.04,49.385,49.93,370988
2022-08-09T04:00:00Z,49.74,50.1,49.53,49.78,247333
2022-08-08T04:00:00Z,49.42,49.8,48.95,49.54,461089
2022-08-05T04:00:00Z,49.58,49.96,49.07,49.24,431328
2022-08-04T04:00:00Z,49.92,50.04,49.215,49.87,395074
2022-08-03T04:00:00Z,49.82,50.06,49.35,49.86,425950
2022-08-02T04:00:00Z,50.91,51.465,49.63,49.7,560373
2022-08-01T04:00:00Z,50.295,51.285,50.245,50.62,371794
2022-07-29T04:00:00Z,50.45,50.705,49.29,50.5,880973
2022-07-28T04:00:00Z,50.82,52.32,49.105,50.635,1381921
2022-07-27T04:00:00Z,51.86,52.25,51.19,51.91,734372
2022-07-26T04:00:00Z,51.86,52.84,51.73,52.29,468311
2022-07-25T04:00:00Z,51.41,51.84,51.38,51.76,344806
2022-07-22T04:00:00Z,51.26,51.53,50.96,51.27,454613
2022-07-21T04:00:00Z,50.575,51.13,50.19,51.13,369996
2022-07-20T04:00:00Z,51.42,51.42,50.52,50.815,373865
2022-07-19T04:00:00Z,51.05,51.5,50.635,51.33,411031
2022-07-18T04:00:00Z,51.955,51.97,50.525,50.74,666969
2022-07-15T04:00:00Z,50.95,51.905,50.45,51.72,578721
2022-07-14T04:00:00Z,50.98,51.59,50.66,51.39,553297
2022-07-13T04:00:00Z,51.86,52.3,51.51,51.8,658555
2022-07-12T04:00:00Z,52.65,52.76,51.71,52.07,461883
2022-07-11T04:00:00Z,53.02,53.74,52.75,52.89,524095
2022-07-08T04:00:00Z,53.07,53.915,52.77,53.16,402342
2022-07-07T04:00:00Z,52.93,53.53,52.79,53.4,807414
2022-07-06T04:00:00Z,51.625,52.96,51.62,52.76,1293982
2022-07-05T04:00:00Z,51.69,51.88,50.42,51.65,979022
2022-07-01T04:00:00Z,52.03,52.36,51.26,52.31,647775
2022-06-30T04:00:00Z,51.9,52.885,51.1,52.5,1218774
2022-06-29T04:00:00Z,50.76,51.43,50.665,50.94,630567
2022-06-28T04:00:00Z,51.84,51.95,50.415,50.67,657974
2022-06-27T04:00:00Z,51.44,52.215,51.28,51.89,575271
2022-06-24T04:00:00Z,50.79,51.64,50.3,51.6,758397
2022-06-23T04:00:00Z,49.28,50.165,49.17,50.08,797033
2022-06-22T04:00:00Z,47.99,49.575,47.92,49.06,719580
2022-06-21T04:00:00Z,47.26,48.435,46.97,48.115,634858
2022-06-17T04:00:00Z,47.48,47.96,46.285,46.5,1066248
2022-06-16T04:00:00Z,47.825,47.99,47.055,47.5,918486
2022-06-15T04:00:00Z,47.9,48.97,47.18,48.48,867208
2022-06-14T04:00:00Z,47.7,48.465,47.27,47.97,775041
2022-06-13T04:00:00Z,48.85,49.255,47.71,47.925,1002688
2022-06-10T04:00:00Z,51.32,51.36,49.95,49.97,809685
2022-06-09T04:00:00Z,53.24,53.64,51.73,51.77,556024
2022-06-08T04:00:00Z,54.02,54.55,53.41,53.47,371543
2022-06-07T04:00:00Z,53.225,53.97,53.015,53.95,422512
2022-06-06T04:00:00Z,53.21,53.71,53.01,53.22,672375
2022-06-03T04:00:00Z,52.6,53.525,52.52,53.21,767598
2022-06-02T04:00:00Z,52.3,52.73,51.055,52.71,1104001
2022-06-01T04:00:00Z,53.245,53.245,51.845,52.36,732839
2022-05-31T04:00:00Z,53.4,53.485,51.95,53.1,1431488
2022-05-27T04:00:00Z,53.94,54.395,53.515,53.9,995421
2022-05-26T04:00:00Z,54.05,54.9,53.88,54.01,1021311
2022-05-25T04:00:00Z,53.2,54.05,53.05,53.73,866828
2022-05-24T04:00:00Z,52.78,53.6,52.74,53.45,912305
2022-05-23T04:00:00Z,52.57,53.69,52.56,52.86,704591
2022-05-20T04:00:00Z,51.265,52.695,51.15,52.475,1173131
2022-05-19T04:00:00Z,49.97,50.885,49.6,50.66,743017
2022-05-18T04:00:00Z,51.22,51.39,50.17,50.42,669060
2022-05-17T04:00:00Z,50.96,51.51,50.19,51.34,676239
2022-05-16T04:00:00Z,50.05,51.05,49.97,50.68,860631
2022-05-13T04:00:00Z,50.43,50.78,49.69,49.935,1183440
2022-05-12T04:00:00Z,49.055,50.43,48.9,50.43,1578679
2022-05-11T04:00:00Z,49.06,50.235,49.06,49.46,1993094
2022-05-10T04:00:00Z,49.04,49.89,48.69,49.49,1043269
2022-05-09T04:00:00Z,48.38,49.17,47.78,48.71,843753
2022-05-06T04:00:00Z,48.155,49.21,48.13,49.07,645160
2022-05-05T04:00:00Z,49.475,49.54,47.56,48.6,837224
2022-05-04T04:00:00Z,49.03,49.86,47.91,49.68,691292
2022-05-03T04:00:00Z,48.705,50.04,47.72,49.33,1392064
2022-05-02T04:00:00Z,47.73,48.755,47.69,48.43,1291380
2022-04-29T04:00:00Z,50.02,50.33,49,49.11,1001472
2022-04-28T04:00:00Z,50.43,50.755,49.495,50.56,899129
2022-04-27T04:00:00Z,49.08,49.91,48.22,49.74,1028647
2022-04-26T04:00:00Z,49,50.25,48.93,49.04,625231
2022-04-25T04:00:00Z,47.81,49.185,47.2,48.95,753584
2022-04-22T04:00:00Z,48.92,49.04,47.92,48.15,529212
2022-04-21T04:00:00Z,49.93,50.005,48.925,49.11,619028
2022-04-20T04:00:00Z,50,50.15,49.215,49.75,1376576
2022-04-19T04:00:00Z,51.75,51.82,49.37,50.18,948459
2022-04-18T04:00:00Z,52.6,53.11,51.64,51.86,397177
2022-04-14T04:00:00Z,53.34,53.895,53.05,53.13,457855
2022-04-13T04:00:00Z,53.42,53.8,52.74,53.13,449832
2022-04-12T04:00:00Z,53.25,53.91,52.65,53.1,930943
2022-04-11T04:00:00Z,55.46,56.315,53.78,53.97,726117
2022-04-08T04:00:00Z,54.98,55.58,54.48,55.23,693312
2022-04-07T04:00:00Z,52.57,55.405,52.57,55.17,1271289
2022-04-06T04:00:00Z,51.19,53.085,51.19,52.88,737178
2022-04-05T04:00:00Z,50.83,52.145,50.83,51.3,468234
2022-04-04T04:00:00Z,51.76,51.84,50.39,50.93,553592
2022-04-01T04:00:00Z,51.98,51.99,51.1,51.56,483336
2022-03-31T04:00:00Z,52.1,52.85,51.74,51.77,812251
2022-03-30T04:00:00Z,53.29,53.71,51.995,52.45,1048629
2022-03-29T04:00:00Z,53.92,54.05,52.625,52.72,1587994
2022-03-28T04:00:00Z,52.55,53.56,52.515,53.28,552142
2022-03-25T04:00:00Z,52.54,53.245,52.54,52.77,628372
2022-03-24T04:00:00Z,52.54,52.83,52.3,52.59,667195
2022-03-23T04:00:00Z,53.12,53.47,52.155,52.18,1706510
2022-03-22T04:00:00Z,54.255,54.285,52.5,53.04,960853
2022-03-21T04:00:00Z,54.18,55.29,53.9,54.18,768730
2022-03-18T04:00:00Z,54.38,54.92,53.705,54.44,1277547
2022-03-17T04:00:00Z,52.87,54.25,52.81,54.25,949827
2022-03-16T04:00:00Z,52.5,53.265,52.18,52.9,704234
2022-03-15T04:00:00Z,52.67,52.88,51.19,52.25,888062
2022-03-14T04:00:00Z,50.66,52.91,50.66,52.26,1404735
2022-03-11T05:00:00Z,49,50.88,49,50.27,1081681
2022-03-10T05:00:00Z,48.305,49.29,48.05,49.175,1025410
2022-03-09T05:00:00Z,48.09,49.22,48,48.76,760894
2022-03-07T05:00:00Z,48.34,48.83,47.55,47.975,821956
2022-03-04T05:00:00Z,47.44,48.76,47.415,48.65,873527
2022-03-03T05:00:00Z,47.67,48.58,47.48,47.84,963403
2022-03-02T05:00:00Z,46.165,47.93,46,47.71,960140
2022-03-01T05:00:00Z,46.7,47.13,45.44,45.74,778388
2022-02-28T05:00:00Z,46.81,47.165,46.36,46.93,1028927
2022-02-25T05:00:00Z,45.92,48.02,45.92,47.735,1163788
2022-02-24T05:00:00Z,45.94,46.74,45.43,45.95,879623
2022-02-23T05:00:00Z,47.68,48.16,46.79,46.87,637815
2022-02-22T05:00:00Z,47.96,48.28,47.35,47.52,1183550
2022-02-18T05:00:00Z,48.75,49.51,48.27,48.53,731584
2022-02-17T05:00:00Z,49.83,49.96,48.795,48.89,1228372
2022-02-16T05:00:00Z,49.635,50.775,49.6,49.69,1055597
2022-02-15T05:00:00Z,49.84,50.03,49.21,49.78,807355
2022-02-14T05:00:00Z,50.02,50.5,48.48,49.82,745137
2022-02-11T05:00:00Z,50.38,51.235,50.09,50.8,1060863
2022-02-10T05:00:00Z,51.08,51.37,50.39,50.57,1527414
2022-02-09T05:00:00Z,51.6,51.705,50.9,51.46,1038791
2022-02-08T05:00:00Z,50.44,51.785,49.695,51.7,3070176
2022-02-07T05:00:00Z,53.2,53.575,52.24,53.28,647536
2022-02-04T05:00:00Z,52.99,53.43,52.64,53.05,843854
2022-02-03T05:00:00Z,53.435,53.89,53.11,53.375,645102
2022-02-02T05:00:00Z,52.815,54.12,52.48,53.86,841057
2022-02-01T05:00:00Z,52.76,53.155,52.39,53.06,1095228
2022-01-31T05:00:00Z,54.05,54.05,52.39,52.69,1141856
2022-01-28T05:00:00Z,53.79,54.665,53.11,54.34,600001
2022-01-27T05:00:00Z,53.135,54.57,53.12,53.36,880329
2022-01-26T05:00:00Z,52.61,53.615,52.46,53.03,1112102
2022-01-25T05:00:00Z,51.28,52.825,51.28,52.53,1093219
2022-01-24T05:00:00Z,51.75,52.045,51.09,51.37,532851
2022-01-21T05:00:00Z,54.41,54.86,52.475,52.83,780897
2022-01-20T05:00:00Z,53.93,54.515,53.11,54.06,1512866
2022-01-19T05:00:00Z,53.68,54.465,53.46,53.56,747657
2022-01-18T05:00:00Z,54.54,54.55,53.44,54.14,1006495
2022-01-14T05:00:00Z,54.98,55.335,54.52,54.94,805156
2022-01-13T05:00:00Z,56.54,56.59,55.23,55.49,949736
2022-01-12T05:00:00Z,56.36,57.16,55.92,56.64,1073914
2022-01-11T05:00:00Z,56.75,57.405,55.82,56.72,747363
2022-01-10T05:00:00Z,55.7,56.255,54.77,56.24,557632
2022-01-07T05:00:00Z,55.35,55.765,54.65,55.72,906633
2022-01-06T05:00:00Z,55.12,55.625,54.49,54.83,802851
2022-01-05T05:00:00Z,55.79,56.41,55.39,55.63,1170531
2022-01-04T05:00:00Z,56.2,56.4,53.95,54.54,1426192
2022-01-03T05:00:00Z,58.49,58.525,56.36,56.36,1143500
2021-12-31T05:00:00Z,58.51,59.79,58.45,59.05,373600
2021-12-30T05:00:00Z,57.8,58.735,57.54,58.42,380421
2021-12-29T05:00:00Z,57.32,58,57.19,57.59,584919
2021-12-28T05:00:00Z,59.1,59.42,57.08,58.01,929039
2021-12-27T05:00:00Z,58.86,59.37,58.24,59.22,636104
2021-12-23T05:00:00Z,59.815,60.07,58.315,58.7,746613
2021-12-22T05:00:00Z,59.3,60.535,58.25,59.52,1363014
2021-12-21T05:00:00Z,59.97,60.03,57.165,58.94,1378850
2021-12-20T05:00:00Z,60.52,61.69,59.84,60.93,1177999
2021-12-17T05:00:00Z,60.05,61.18,58.72,59.42,1590692
2021-12-16T05:00:00Z,58.3,61.425,57.79,61.3,3265045
2021-12-15T05:00:00Z,56.11,58.905,56.015,58.8,1916727
2021-12-14T05:00:00Z,54.845,55.935,54.32,55.53,1442659
2021-12-13T05:00:00Z,53.64,55.72,53.63,55.21,1468717
2021-12-10T05:00:00Z,51.25,52.845,51.11,52.79,788819
2021-12-09T05:00:00Z,51.55,52.845,51.55,52.055,666034
2021-12-08T05:00:00Z,52.81,53.08,51.03,51.41,892928
2021-12-07T05:00:00Z,51.51,52.49,50.42,51.705,1080372
2021-12-06T05:00:00Z,53.58,53.88,51.25,51.5,1517413
2021-12-03T05:00:00Z,53.75,54.41,53.13,54.26,1049593
2021-12-02T05:00:00Z,54.14,55.06,52.79,52.97,2337363
2021-12-01T05:00:00Z,52.44,55.165,51.875,54.69,3585481
2021-11-30T05:00:00Z,52.26,54.45,51.91,53.74,1636957
2021-11-29T05:00:00Z,55.11,55.69,52.11,52.365,1824109
2021-11-26T05:00:00Z,53.97,54.94,53.27,54.02,2033559
2021-11-24T05:00:00Z,51.19,51.32,50.71,50.89,453539
2021-11-23T05:00:00Z,50.57,51.44,50.55,51.09,522085
2021-11-22T05:00:00Z,50.96,51.47,50.39,51.2,568894
2021-11-19T05:00:00Z,51.84,52.8,50.69,50.815,1500011
2021-11-18T05:00:00Z,51.02,51.7,50.61,51.405,875371
2021-11-17T05:00:00Z,49.93,51.08,49.685,50.87,1036927
2021-11-16T05:00:00Z,49.5,50.155,48.905,49.56,604631
2021-11-15T05:00:00Z,49.74,50.095,49.38,49.62,498851
2021-11-12T05:00:00Z,50.49,50.49,49.58,49.735,704032
2021-11-11T05:00:00Z,49.23,50.5,48.765,50.18,925910
2021-11-10T05:00:00Z,47.42,49.21,47.42,49.015,1190055
2021-11-09T05:00:00Z,48.25,48.36,47.155,47.28,647115
2021-11-08T05:00:00Z,48.48,48.76,47.6,48.35,997741
2021-11-05T04:00:00Z,48.255,48.8,46.565,48.6,4234966
2021-11-04T04:00:00Z,44.36,44.445,43.31,43.865,704926
2021-11-03T04:00:00Z,45.44,45.99,44.49,44.8,937441
2021-11-02T04:00:00Z,45.04,46.03,43.06,45.45,1570492
2021-11-01T04:00:00Z,44.1,44.29,43.45,43.655,1054179
2021-10-29T04:00:00Z,43.05,43.83,42.86,43.76,542320
2021-10-28T04:00:00Z,43,43.665,42.96,43.17,380411
2021-10-27T04:00:00Z,43.37,43.45,42.68,42.98,483841
2021-10-26T04:00:00Z,43.27,43.76,42.96,43.555,458416
2021-10-22T04:00:00Z,42.85,43.185,42.65,43.15,511768
2021-10-21T04:00:00Z,42.99,43.085,42.44,42.865,636619
2021-10-20T04:00:00Z,42.18,43.1,42.13,42.81,395481
2021-10-19T04:00:00Z,41.59,42.19,41.59,42.1,297970
2021-10-18T04:00:00Z,41.41,41.7,41.05,41.305,330427
2021-10-15T04:00:00Z,41.9,42.005,41.38,41.49,1075802
2021-10-14T04:00:00Z,41.59,41.945,41.52,41.65,386218
2021-10-13T04:00:00Z,41.76,41.87,40.94,41.41,902095
2021-10-12T04:00:00Z,42.195,42.195,41.67,41.85,439164
2021-10-11T04:00:00Z,42.44,42.605,42.015,42.08,285890
2021-10-08T04:00:00Z,42.72,42.895,42.34,42.45,511605
2021-10-07T04:00:00Z,42.4,42.96,42.22,42.74,404578
2021-10-06T04:00:00Z,42.1,42.155,41.7,42.02,697382
2021-10-05T04:00:00Z,42.51,42.76,42.29,42.3,454882
2021-10-04T04:00:00Z,42.92,43.345,42.22,42.4,642845
2021-10-01T04:00:00Z,42.52,43.09,41.73,42.9,750840
2021-09-30T04:00:00Z,43.78,44.03,42.985,43.02,569464
2021-09-29T04:00:00Z,43.29,43.685,43.08,43.51,456250
2021-09-28T04:00:00Z,43.07,43.28,42.445,43.015,777656
2021-09-27T04:00:00Z,43.92,44.125,43.515,43.55,439631
2021-09-24T04:00:00Z,44.13,44.39,43.81,43.94,370088
2021-09-23T04:00:00Z,44.21,44.715,44.155,44.18,560803
2021-09-22T04:00:00Z,43.97,44.385,43.855,43.95,585560
2021-09-21T04:00:00Z,44.3,44.715,43.855,43.9,417683
2021-09-20T04:00:00Z,43.39,44.645,43.39,44.2,788137
2021-09-17T04:00:00Z,44.16,44.44,43.41,43.9,621258
2021-09-16T04:00:00Z,44.88,44.94,44.035,44.49,698212
2021-09-15T04:00:00Z,44.57,45.35,44.48,44.75,671927
2021-09-14T04:00:00Z,44.7,45.25,44.55,44.7,476975
2021-09-13T04:00:00Z,45.64,45.69,44.2,44.57,569020
2021-09-10T04:00:00Z,46.305,46.31,45.515,45.6,394029
2021-09-09T04:00:00Z,46.5,46.71,45.855,46.02,461239
2021-09-08T04:00:00Z,46.63,46.75,46.25,46.51,378237
2021-09-07T04:00:00Z,46.88,47.5,46.55,46.74,484688
2021-09-03T04:00:00Z,46.88,47.03,46.35,46.84,410084
2021-09-02T04:00:00Z,46.48,46.87,46.13,46.82,630550
2021-09-01T04:00:00Z,46.17,46.17,45.43,46.04,600741
2021-08-31T04:00:00Z,46.75,47.13,45.95,46.065,730291
2021-08-30T04:00:00Z,46.19,47.15,46.19,46.76,526850
2021-08-27T04:00:00Z,47.37,47.43,46.53,46.595,1185670
2021-08-26T04:00:00Z,47.74,48.155,47.305,47.38,444199
2021-08-25T04:00:00Z,48.09,48.09,46.95,47.495,1100699
2021-08-24T04:00:00Z,49.97,49.97,48.245,48.375,868171
2021-08-23T04:00:00Z,50.4,51.345,49.63,49.91,1515168
2021-08-20T04:00:00Z,48.98,49.71,48.685,48.72,547386
2021-08-19T04:00:00Z,48.53,49.945,48.31,48.8,1449808
2021-08-18T04:00:00Z,50.19,51.85,49.18,49.28,1720441
2021-08-17T04:00:00Z,48.78,50.49,48.73,50.44,2618730
2021-08-16T04:00:00Z,48.32,48.965,47.56,48.91,886681
2021-08-13T04:00:00Z,47.38,48.5,47.32,48.49,1147298
2021-08-12T04:00:00Z,46.46,47.395,46.37,47.24,787237
2021-08-11T04:00:00Z,47.81,48.07,46.28,46.3,1436224
2021-08-10T04:00:00Z,46.06,48.565,45.91,48.195,2865469
2021-08-09T04:00:00Z,45.22,46.03,45.2,46.005,869489
2021-08-06T04:00:00Z,45.05,45.115,44.635,45.06,717224
2021-08-05T04:00:00Z,44.98,45.12,44.705,45.055,646088
2021-08-04T04:00:00Z,45.59,45.8,45.015,45.19,1684861
2021-08-03T04:00:00Z,44.18,45.81,44.09,45.805,1322374
2021-08-02T04:00:00Z,43.37,44.14,43.265,43.96,2940437
2021-07-30T04:00:00Z,42.84,43.18,42.7,42.82,799907
2021-07-29T04:00:00Z,43.25,43.27,42.635,42.82,733904
2021-07-28T04:00:00Z,42.3,43.735,42.3,43.45,1663152
2021-07-27T04:00:00Z,41.83,42.2,41.59,42.1,1186181
2021-07-26T04:00:00Z,41.63,41.94,41.4,41.82,743950
2021-07-23T04:00:00Z,41.46,41.82,41.44,41.7,586318
2021-07-22T04:00:00Z,41.04,41.545,40.9,41.48,557306
2021-07-21T04:00:00Z,41.17,41.21,40.52,41.02,1054571
2021-07-20T04:00:00Z,40.275,41.705,40.275,41.055,1923714
2021-07-19T04:00:00Z,40.18,40.3,39.685,40.16,835895
2021-07-16T04:00:00Z,40.14,40.35,39.93,40.34,672619
2021-07-15T04:00:00Z,39.93,40.19,39.86,40.08,449000
2021-07-14T04:00:00Z,39.72,40.015,39.665,39.97,493168
2021-07-13T04:00:00Z,39.79,39.79,39.535,39.66,328113
2021-07-12T04:00:00Z,39.66,40.25,39.625,39.76,625044
2021-07-09T04:00:00Z,39.52,40.09,39.47,39.61,569647
2021-07-08T04:00:00Z,39.02,39.31,38.94,39.25,438483
2021-07-07T04:00:00Z,39.22,39.36,38.97,39.35,692562
2021-07-06T04:00:00Z,39.47,39.635,39.045,39.28,479228
2021-07-02T04:00:00Z,39.47,39.83,39.38,39.72,377580
2021-07-01T04:00:00Z,39.16,39.63,39.12,39.57,417297
2021-06-30T04:00:00Z,39.15,39.26,38.82,39.16,492303
2021-06-29T04:00:00Z,39.15,39.28,38.99,39.1,499276
2021-06-28T04:00:00Z,39.07,39.205,38.905,39.105,423122
2021-06-25T04:00:00Z,39.13,39.4,38.9,38.95,513969
2021-06-24T04:00:00Z,39.14,39.33,39.09,39.19,434448
2021-06-23T04:00:00Z,39.64,39.65,38.98,39.06,635991
2021-06-22T04:00:00Z,39.37,39.685,39.27,39.615,483555
2021-06-21T04:00:00Z,38.93,39.475,38.91,39.405,502158
2021-06-18T04:00:00Z,39.33,39.425,38.7,38.82,1007391
2021-06-17T04:00:00Z,39.24,39.59,39.08,39.49,828665
2021-06-16T04:00:00Z,39.64,39.83,39.285,39.3,692594
2021-06-15T04:00:00Z,39.68,39.835,39.39,39.57,790389
2021-06-14T04:00:00Z,40.02,40.065,39.38,39.61,777075
2021-06-11T04:00:00Z,40.66,40.66,39.955,40.15,611384
2021-06-10T04:00:00Z,39.975,40.72,39.965,40.69,896433
2021-06-09T04:00:00Z,38.98,39.84,38.98,39.805,910796
2021-06-08T04:00:00Z,39.07,39.095,38.48,38.85,598622
2021-06-07T04:00:00Z,39.15,39.6,38.985,39,783397
2021-06-04T04:00:00Z,39.14,39.49,39.02,39.14,480462
2021-06-03T04:00:00Z,38.76,39.03,38.64,38.97,344837
2021-06-02T04:00:00Z,38.58,38.925,38.54,38.8,573702
2021-06-01T04:00:00Z,38.92,39,38.49,38.5,623124
2021-05-28T04:00:00Z,38.73,39.02,38.68,38.74,383340
2021-05-27T04:00:00Z,38.98,39.18,38.6,38.6,630316
2021-05-26T04:00:00Z,39.285,39.3,38.79,38.93,966576
2021-05-25T04:00:00Z,39.82,39.85,39.245,39.33,578805
2021-05-24T04:00:00Z,40.07,40.13,39.78,39.81,458794
2021-05-21T04:00:00Z,40.25,40.58,39.915,39.96,597036
2021-05-20T04:00:00Z,39.73,40.25,39.72,40.115,920738
2021-05-19T04:00:00Z,39.9,39.9,39.43,39.84,654783
2021-05-18T04:00:00Z,40.18,40.33,39.835,40.035,544704
2021-05-17T04:00:00Z,40.12,40.395,40.02,40.12,442057
2021-05-14T04:00:00Z,40.23,40.32,39.92,40.01,391853
2021-05-13T04:00:00Z,39.59,40.28,39.54,40.1,838134
2021-05-12T04:00:00Z,39.37,39.91,39.305,39.69,987741
2021-05-11T04:00:00Z,39.77,40.065,39.235,39.35,940891
2021-05-10T04:00:00Z,39.88,40.28,39.86,39.87,888288
2021-05-07T04:00:00Z,39.18,39.85,39.08,39.59,1655730
2021-05-06T04:00:00Z,38.36,39.22,37.97,39.19,1642726
2021-05-05T04:00:00Z,40.185,41.08,38.94,39.98,2173302
2021-05-04T04:00:00Z,39.97,40.17,39.45,39.96,1345510
2021-05-03T04:00:00Z,39.04,39.83,38.965,39.81,1596950
2021-04-30T04:00:00Z,38.51,38.89,38.495,38.67,540371
2021-04-29T04:00:00Z,38.96,38.96,38.31,38.61,553928
2021-04-28T04:00:00Z,38.56,38.94,38.53,38.81,515513
2021-04-27T04:00:00Z,38.52,38.6,38.35,38.43,537725
2021-04-26T04:00:00Z,38.72,38.725,38.5,38.69,533076
2021-04-23T04:00:00Z,38.63,38.825,38.43,38.69,775385
2021-04-22T04:00:00Z,39.5,39.5,38.515,38.65,729787
2021-04-21T04:00:00Z,39.16,39.67,39.14,39.54,698849
2021-04-20T04:00:00Z,38.76,39.24,38.76,39.04,1207917
2021-04-16T04:00:00Z,37.93,38.695,37.81,38.57,959255
2021-04-15T04:00:00Z,37.26,37.74,37.26,37.61,585033
2021-04-14T04:00:00Z,37.14,37.38,36.965,37.17,536940
2021-04-13T04:00:00Z,37.38,37.64,36.96,37.13,593342
2021-04-12T04:00:00Z,36.5,37.03,36.33,36.98,598610
2021-04-09T04:00:00Z,35.91,36.81,35.9,36.595,707384
2021-04-08T04:00:00Z,35.95,36.15,35.875,35.92,523401
2021-04-07T04:00:00Z,36.01,36.235,35.765,35.91,503180
2021-04-06T04:00:00Z,36.25,36.395,36,36.04,447583
2021-04-05T04:00:00Z,36.46,36.565,36.1,36.28,517026
2021-04-01T04:00:00Z,36.29,36.445,36.04,36.305,550597
2021-03-31T04:00:00Z,36.11,36.425,36.045,36.22,606526
2021-03-30T04:00:00Z,36.58,36.625,36.02,36.1,1159773
2021-03-29T04:00:00Z,35.97,36.735,35.91,36.63,758376
2021-03-26T04:00:00Z,35.67,36.285,35.65,36.25,833222
2021-03-25T04:00:00Z,35.65,35.785,35.26,35.68,558962
2021-03-24T04:00:00Z,35.46,35.93,35.37,35.62,685869
2021-03-23T04:00:00Z,35.85,35.91,35.32,35.37,857624
2021-03-22T04:00:00Z,35.47,36,35.36,36,601062
2021-03-19T04:00:00Z,35.75,35.82,35.475,35.57,721313
2021-03-18T04:00:00Z,35.54,35.97,35.52,35.76,830035
2021-03-17T04:00:00Z,35.76,35.955,35.12,35.78,1143536
2021-03-16T04:00:00Z,35.48,35.855,35.32,35.83,657436
2021-03-15T04:00:00Z,35.03,35.425,34.97,35.41,776044
2021-03-12T05:00:00Z,34.53,34.97,34.51,34.94,539245
2021-03-11T05:00:00Z,35.05,35.12,34.66,34.7,702852
2021-03-10T05:00:00Z,34.56,35.135,34.535,34.93,697826
2021-03-09T05:00:00Z,34.54,34.85,34.44,34.44,582296
2021-03-08T05:00:00Z,34.5,34.865,34.34,34.35,819639
2021-03-05T05:00:00Z,34.29,34.535,33.96,34.39,684002
2021-03-04T05:00:00Z,34.27,35.08,33.845,34.19,1408721
2021-03-03T05:00:00Z,33.51,34.445,33.44,34.385,2438201
2021-03-02T05:00:00Z,33.66,33.885,33.51,33.51,688112
2021-03-01T05:00:00Z,33.59,33.93,33.51,33.68,622777
2021-02-26T05:00:00Z,33.82,33.9,33.36,33.535,742841
2021-02-25T05:00:00Z,33.82,34.105,33.545,33.825,867234
2021-02-24T05:00:00Z,33.87,34.05,33.675,33.745,1014642
2021-02-23T05:00:00Z,33.97,34.17,33.68,33.91,902751
2021-02-22T05:00:00Z,34.34,34.345,34.05,34.27,918628
2021-02-19T05:00:00Z,34.64,34.68,34.4,34.41,505841
2021-02-18T05:00:00Z,34.78,34.87,34.52,34.545,692150
2021-02-17T05:00:00Z,34.57,34.99,34.465,34.9,666577
2021-02-16T05:00:00Z,34.83,34.845,34.56,34.7,810415
2021-02-12T05:00:00Z,34.43,34.95,34.39,34.72,768745
2021-02-11T05:00:00Z,34.8,34.8,34.28,34.43,602258
2021-02-10T05:00:00Z,35.01,35.07,34.7,34.735,697048
2021-02-09T05:00:00Z,34.76,35.06,34.76,34.965,632122
2021-02-08T05:00:00Z,35,35.01,34.74,34.82,714052
2021-02-05T05:00:00Z,34.92,35.065,34.79,34.9,636187
2021-02-04T05:00:00Z,34.835,35.07,34.73,34.905,923033
2021-02-03T05:00:00Z,35.01,35.28,34.785,34.84,998098
2021-02-02T05:00:00Z,35.73,35.78,34.27,34.99,4542584
2021-02-01T05:00:00Z,35.93,36.175,35.72,35.8,2452140
2021-01-29T05:00:00Z,36.83,36.83,35.625,35.9,1699468
2021-01-28T05:00:00Z,35.95,36.32,35.86,35.865,887321
2021-01-27T05:00:00Z,36.94,37.04,36.175,36.27,1187253
2021-01-26T05:00:00Z,37.3,37.585,37.175,37.3,755727
2021-01-25T05:00:00Z,36.56,37.28,36.33,37.27,780071
2021-01-22T05:00:00Z,36.32,36.83,36.25,36.55,621028
2021-01-21T05:00:00Z,36.45,36.58,36.155,36.49,902788
2021-01-20T05:00:00Z,36.8,36.8,36.46,36.515,834956
2021-01-19T05:00:00Z,36.8,37,36.625,36.75,793419
2021-01-15T05:00:00Z,36.71,36.77,36.41,36.72,492323
2021-01-14T05:00:00Z,36.805,36.96,36.615,36.785,627767
2021-01-13T05:00:00Z,37.02,37.16,36.64,36.86,857106
2021-01-12T05:00:00Z,37.7,37.78,36.825,37.19,1123932
2021-01-11T05:00:00Z,37.22,37.795,37.165,37.785,1040568
2021-01-08T05:00:00Z,37.18,37.5,36.9,37.12,741246
2021-01-07T05:00:00Z,37.02,37.15,36.675,37.05,692481
2021-01-06T05:00:00Z,36.84,37.475,36.775,36.87,953713
2021-01-05T05:00:00Z,36.76,37.365,36.61,37.2,562601
2021-01-04T05:00:00Z,36.885,36.93,36.28,36.8,436106
2020-12-31T05:00:00Z,36.67,36.91,36.295,36.79,343978
2020-12-30T05:00:00Z,37.03,37.225,36.7,36.75,462844
2020-12-29T05:00:00Z,36.9,37.195,36.81,37.025,425345
2020-12-28T05:00:00Z,37.375,37.54,36.68,36.81,394094
2020-12-24T05:00:00Z,37.4,37.55,37.19,37.29,374204
2020-12-23T05:00:00Z,37.01,37.645,36.88,37.46,767858
2020-12-22T05:00:00Z,37.24,37.31,36.605,36.735,392882
2020-12-21T05:00:00Z,37.27,37.4,36.92,37.4,546002
2020-12-18T05:00:00Z,37.99,38.01,37.5,37.685,554731
2020-12-17T05:00:00Z,37.88,38.115,37.31,38.02,714626
2020-12-16T05:00:00Z,38.205,38.47,37.75,37.845,1031404
2020-12-15T05:00:00Z,39.07,39.16,38.21,38.72,950587
2020-12-14T05:00:00Z,41.62,41.655,39.07,39.23,1377506
2020-12-11T05:00:00Z,41.99,42.05,40.715,41.075,857417
2020-12-10T05:00:00Z,41.82,42.21,41.45,41.735,1582391
2020-12-09T05:00:00Z,43.03,43.03,41.14,41.85,1112027
2020-12-08T05:00:00Z,41.49,42.76,41.355,42.55,1460004
2020-12-07T05:00:00Z,40.61,41.395,40.375,41.265,801889
2020-12-04T05:00:00Z,39.94,40.45,39.94,40.365,659556
2020-12-03T05:00:00Z,40.96,40.96,39.55,40.09,933539
2020-12-02T05:00:00Z,40.61,41.4,40.31,40.795,1437925
2020-12-01T05:00:00Z,39.38,40.495,39.01,39.395,1123187
2020-11-30T05:00:00Z,37.94,38.7,37.6,38.29,1024524
2020-11-27T05:00:00Z,36.77,37.26,36.76,37.205,388657
2020-11-25T05:00:00Z,36.54,36.54,36.245,36.515,459790
2020-11-24T05:00:00Z,36.19,36.74,36.03,36.595,688471
2020-11-23T05:00:00Z,37,37.08,36.21,36.555,844597
2020-11-20T05:00:00Z,36.68,37.305,36.44,36.675,870598
2020-11-19T05:00:00Z,36.6,36.62,35.87,36.215,781220
2020-11-18T05:00:00Z,36.85,37.42,36.3,36.32,1116016
2020-11-17T05:00:00Z,36.44,36.495,35.82,36.05,884409
2020-11-16T05:00:00Z,37.86,37.94,36.85,37.34,1436532
2020-11-13T05:00:00Z,37.85,38.65,37.72,38.625,607164
2020-11-12T05:00:00Z,38.28,38.28,37.24,37.55,1043418
2020-11-11T05:00:00Z,38.98,40.2,37.91,38.51,878649
2020-11-10T05:00:00Z,40.45,40.53,38.48,38.665,1473902
2020-11-09T05:00:00Z,41.88,41.915,38.4,39.145,5595562
2020-11-06T05:00:00Z,36.37,36.715,36.1,36.4,647571
2020-11-05T05:00:00Z,37.24,37.24,36.39,36.39,608370
2020-11-04T05:00:00Z,37.05,38.11,36.96,37.34,929761
2020-11-03T05:00:00Z,36.55,36.6,36.085,36.23,578928
2020-11-02T05:00:00Z,35.98,36.24,35.545,36.22,663363
2020-10-30T04:00:00Z,35.24,35.53,34.85,35.465,579023
2020-10-29T04:00:00Z,35.42,35.635,34.6,35.3,990529
2020-10-28T04:00:00Z,36.75,37.115,35.32,35.43,856446
2020-10-27T04:00:00Z,37.17,38.11,36.87,37.45,1031046
2020-10-26T04:00:00Z,38,38.02,37.48,37.97,849331
2020-10-23T04:00:00Z,37.91,38.28,37.65,38.195,736893
2020-10-22T04:00:00Z,37.09,37.57,37.04,37.425,351627
2020-10-21T04:00:00Z,37.42,37.43,37.06,37.06,483253
2020-10-20T04:00:00Z,37.85,37.87,37.35,37.5,505033
2020-10-19T04:00:00Z,38.47,38.84,37.645,37.785,672615
2020-10-16T04:00:00Z,37.06,38.12,37.03,37.955,936439
2020-10-15T04:00:00Z,36.62,36.72,36.41,36.55,418824
2020-10-14T04:00:00Z,37.01,37.3,36.575,36.86,660563
2020-10-13T04:00:00Z,36.67,37.125,36.66,36.915,891826
2020-10-12T04:00:00Z,36.73,37.175,36.47,36.84,424311
2020-10-09T04:00:00Z,36.87,37.1,36.59,36.785,355596
2020-10-08T04:00:00Z,36.6,37.17,36.515,36.9,498027
2020-10-07T04:00:00Z,36.25,36.59,36.035,36.475,574685
2020-10-06T04:00:00Z,36.97,37,36.095,36.17,505100
2020-10-05T04:00:00Z,36.5,36.88,36.345,36.745,365593
2020-10-02T04:00:00Z,36.07,36.65,36.07,36.385,377442
2020-10-01T04:00:00Z,36.91,37.09,36.17,36.37,498442
2020-09-30T04:00:00Z,36.3,36.955,36.255,36.735,375401
2020-09-29T04:00:00Z,36.36,36.535,36.045,36.17,192513
2020-09-28T04:00:00Z,36.16,36.56,36.16,36.405,408364
2020-09-25T04:00:00Z,35.565,36.145,35.555,36.055,180388
2020-09-24T04:00:00Z,35.895,35.96,35.55,35.785,345973
2020-09-23T04:00:00Z,36.32,36.375,35.97,36.01,339716
2020-09-22T04:00:00Z,35.77,36.325,35.74,36.26,754551
2020-09-21T04:00:00Z,36.44,36.47,35.375,36.015,364100
2020-09-18T04:00:00Z,36.765,37.07,36.575,36.645,294751
2020-09-17T04:00:00Z,36.75,36.95,36.555,36.82,250616
2020-09-16T04:00:00Z,37.205,37.3,36.725,36.795,357012
2020-09-15T04:00:00Z,37.255,37.335,36.815,36.96,320270
2020-09-14T04:00:00Z,36.355,37.525,36.315,37.015,589789
2020-09-11T04:00:00Z,35.74,36.105,35.46,36.085,471103
2020-09-10T04:00:00Z,36.2,36.3,35.605,35.655,282052
2020-09-09T04:00:00Z,36.2,36.65,36.185,36.19,399503
2020-09-08T04:00:00Z,36.58,36.58,35.685,35.915,622193
2020-09-04T04:00:00Z,36.42,36.63,35.875,36.345,434894
2020-09-03T04:00:00Z,37.41,37.48,36.1,36.385,481556
2020-09-02T04:00:00Z,36.69,37.295,36.41,37.195,602679
2020-09-01T04:00:00Z,37.785,37.785,36.52,36.895,827471
2020-08-31T04:00:00Z,37.84,38.015,37.63,37.8,729769
2020-08-28T04:00:00Z,37.865,38.06,37.41,37.875,756928
2020-08-27T04:00:00Z,37.97,38,37.685,37.865,672547
2020-08-26T04:00:00Z,38.23,38.255,37.675,38.055,358912
2020-08-25T04:00:00Z,38.48,38.55,37.95,38.395,338423
2020-08-24T04:00:00Z,38.98,39.01,38.55,38.845,369241
2020-08-21T04:00:00Z,38.82,38.985,38.57,38.89,250751
2020-08-20T04:00:00Z,38.21,38.79,38.14,38.725,765586
2020-08-19T04:00:00Z,38.465,38.595,38.13,38.265,361050
2020-08-18T04:00:00Z,38.405,38.46,38.175,38.365,287496
2020-08-17T04:00:00Z,38.065,38.405,37.945,38.34,164412
2020-08-14T04:00:00Z,38.02,38.385,37.93,38.065,154716
2020-08-13T04:00:00Z,38.06,38.175,37.89,38.175,268241
2020-08-12T04:00:00Z,37.84,38.55,37.83,38.355,333135
2020-08-11T04:00:00Z,38.58,38.58,37.675,37.8,267461
2020-08-10T04:00:00Z,38.53,38.655,38.275,38.395,242098
2020-08-07T04:00:00Z,38.3,38.61,38.165,38.42,393608
2020-08-06T04:00:00Z,38.68,39.085,38.155,38.25,220312
2020-08-05T04:00:00Z,38.485,38.515,38.145,38.455,291964
2020-08-04T04:00:00Z,38.22,38.68,38.115,38.345,374911
2020-08-03T04:00:00Z,38.62,38.65,38.225,38.355,251889
2020-07-31T04:00:00Z,38.58,38.75,37.86,38.475,301616
2020-07-30T04:00:00Z,38.36,38.93,38.22,38.73,715784
2020-07-29T04:00:00Z,39.25,39.45,38.455,39.275,534983
2020-07-28T04:00:00Z,38.56,39.335,38.065,39.015,963075
2020-07-27T04:00:00Z,37.43,37.745,37.27,37.59,426738
