2024-06-14T04:00:00Z,42.32,43.93,42.32,43.51,181805
2024-06-13T04:00:00Z,43.915,44,43.22,43.22,132115
2024-06-12T04:00:00Z,44.275,44.465,43.68,43.87,93313
2024-06-11T04:00:00Z,44.16,44.625,43.59,43.795,184738
2024-06-10T04:00:00Z,44.005,44.14,43.41,44.03,121784
2024-06-07T04:00:00Z,42.905,44.195,42.34,44.11,453443
2024-06-06T04:00:00Z,41.18,42.745,41.095,42.725,409495
2024-06-05T04:00:00Z,40.925,41.31,40.79,41.195,135527
2024-06-04T04:00:00Z,41.275,41.51,40.62,40.71,237190
2024-06-03T04:00:00Z,41.86,41.9,40.93,41.17,303696
2024-05-31T04:00:00Z,41.43,41.505,40.79,41.505,406786
2024-05-30T04:00:00Z,42.005,42.005,41.2,41.37,186623
2024-05-29T04:00:00Z,41.23,42.45,41.09,42.12,262884
2024-05-28T04:00:00Z,41.385,41.82,41.24,41.515,232812
2024-05-24T04:00:00Z,41.445,41.91,41.39,41.44,101477
2024-05-23T04:00:00Z,41.62,41.89,41.07,41.29,171362
2024-05-22T04:00:00Z,41.53,41.57,41.16,41.37,161897
2024-05-21T04:00:00Z,42.355,42.41,41.22,41.49,350702
2024-05-20T04:00:00Z,42.79,43.11,42.51,42.645,208197
2024-05-17T04:00:00Z,42.87,42.95,42.57,42.8,134025
2024-05-16T04:00:00Z,42.35,43.11,42.1,42.78,265391
2024-05-15T04:00:00Z,42.325,42.54,41.675,42.43,268849
2024-05-14T04:00:00Z,41.9,42.265,41.53,42.02,282616
2024-05-13T04:00:00Z,42.345,42.385,41.655,41.89,278115
2024-05-10T04:00:00Z,42.695,42.935,41.99,41.995,247216
2024-05-09T04:00:00Z,42.83,42.845,42.155,42.655,138761
2024-05-08T04:00:00Z,41.86,42.79,41.625,42.62,421817
2024-05-07T04:00:00Z,41.39,42.07,41.08,41.905,227793
2024-05-06T04:00:00Z,40.55,41.39,40.16,41.38,352953
2024-05-03T04:00:00Z,40.82,41.11,40.185,40.39,307334
2024-05-02T04:00:00Z,40.865,41.09,39.54,40.5,430566
2024-05-01T04:00:00Z,39.53,40.975,37.92,40.41,1480069
2024-04-30T04:00:00Z,33.855,34.25,33.37,33.425,328656
2024-04-29T04:00:00Z,33.875,34.38,33.445,33.81,206084
2024-04-26T04:00:00Z,34.31,34.32,33.545,33.965,485919
2024-04-25T04:00:00Z,31.015,33.045,30.63,32.635,555010
2024-04-24T04:00:00Z,33.02,33.535,32.645,32.845,288660
2024-04-23T04:00:00Z,32.98,33.355,32.755,33.02,163813
2024-04-22T04:00:00Z,32.755,32.865,32.17,32.72,200174
2024-04-19T04:00:00Z,32.68,32.995,32.255,32.375,292175
2024-04-18T04:00:00Z,32.78,33.19,32.77,32.925,230637
2024-04-17T04:00:00Z,32.91,33.175,32.645,32.79,237691
2024-04-16T04:00:00Z,32.61,32.885,32.14,32.71,157283
2024-04-15T04:00:00Z,33.38,33.725,32.315,32.57,293082
2024-04-12T04:00:00Z,33.71,33.945,33.125,33.54,318409
2024-04-11T04:00:00Z,33.965,34.245,33.615,34.01,123273
2024-04-10T04:00:00Z,34.22,34.23,33.325,33.495,315566
2024-04-09T04:00:00Z,33.87,34.725,33.585,34.69,218476
2024-04-08T04:00:00Z,34.275,34.325,33.96,33.99,132125
2024-04-05T04:00:00Z,34.565,34.745,34.145,34.275,263195
2024-04-04T04:00:00Z,35.455,35.88,34.48,34.665,195445
2024-04-03T04:00:00Z,35.08,35.49,34.67,35.275,212667
2024-04-02T04:00:00Z,34.66,35.175,34.285,35.13,126477
2024-04-01T04:00:00Z,34.615,35.415,34.57,35.345,166141
2024-03-28T04:00:00Z,34.805,35.05,34.59,34.67,80632
2024-03-27T04:00:00Z,35.86,36.09,34.625,34.88,303837
2024-03-26T04:00:00Z,36.63,37.265,35.445,35.49,526909
2024-03-25T04:00:00Z,33.565,35.335,33.565,34.97,404303
2024-03-22T04:00:00Z,34.31,34.45,33.77,33.87,215597
2024-03-21T04:00:00Z,34.44,34.97,34.07,34.34,252701
2024-03-20T04:00:00Z,34.055,34.48,33.885,34.27,176983
2024-03-19T04:00:00Z,33.95,34.01,33.54,33.885,143845
2024-03-18T04:00:00Z,34.42,34.42,33.715,33.96,192344
2024-03-15T04:00:00Z,34,34.295,33.605,34.19,158569
2024-03-14T04:00:00Z,34.465,34.58,33.635,34.06,236226
2024-03-13T04:00:00Z,34.68,35.26,34.475,34.59,162166
2024-03-12T04:00:00Z,34.51,35.065,34.13,34.87,251252
2024-03-11T04:00:00Z,34.7,34.7,33.875,34.37,312677
2024-03-08T05:00:00Z,35.7,36.45,34.87,34.9,313964
2024-03-07T05:00:00Z,34.96,35.535,34.75,35.515,353856
2024-03-06T05:00:00Z,36.255,36.3,34.335,34.62,494164
2024-03-05T05:00:00Z,35.84,36.085,35.125,35.7,256294
2024-03-04T05:00:00Z,36.04,36.42,35.215,36.42,250316
2024-03-01T05:00:00Z,36.825,37.08,36.27,36.37,225759
2024-02-29T05:00:00Z,36.2,36.725,36.08,36.71,122038
2024-02-28T05:00:00Z,35.96,36.475,35.805,36.12,164603
2024-02-27T05:00:00Z,35.44,36.225,35.395,36.06,546179
2024-02-26T05:00:00Z,35.72,36.02,35.37,35.41,163129
2024-02-23T05:00:00Z,36.05,36.13,35.16,35.845,157089
2024-02-22T05:00:00Z,36.2,36.2,35.43,36.01,286315
2024-02-21T05:00:00Z,34.83,35.49,34.77,35.44,203473
2024-02-20T05:00:00Z,34.85,35.165,34.5,35.14,220069
2024-02-16T05:00:00Z,36.1,36.2,35.16,35.26,334558
2024-02-15T05:00:00Z,35.79,36.705,35.65,36.58,230247
2024-02-14T05:00:00Z,35.915,36.15,35.22,35.81,235122
2024-02-13T05:00:00Z,34.74,36.02,34.55,35.72,313461
2024-02-12T05:00:00Z,37.035,37.035,35.305,35.505,836558
2024-02-09T05:00:00Z,37.06,37.34,35.04,36.865,1440276
2024-02-08T05:00:00Z,40.94,41.26,40.16,40.73,776417
2024-02-07T05:00:00Z,39.79,41.105,39.61,40.82,399842
2024-02-06T05:00:00Z,41.02,41.57,40.58,41.065,415690
2024-02-05T05:00:00Z,39.95,40.95,38.795,39.635,246263
2024-02-02T05:00:00Z,38.955,39.915,37.83,39.78,419461
2024-02-01T05:00:00Z,37.69,38.06,37.16,37.575,217652
2024-01-31T05:00:00Z,37.8,38.315,37.265,37.475,251774
2024-01-30T05:00:00Z,39,39.49,38.475,38.635,300478
2024-01-29T05:00:00Z,38.36,39.195,38.08,39.19,380429
2024-01-26T05:00:00Z,38.025,38.62,37.37,37.69,475152
2024-01-25T05:00:00Z,36.57,37.295,36.5,36.98,168604
2024-01-24T05:00:00Z,37.335,37.45,36.12,36.545,356255
2024-01-23T05:00:00Z,37.23,37.565,36.605,36.96,619001
2024-01-22T05:00:00Z,37.44,37.715,36.915,37.16,206145
2024-01-19T05:00:00Z,37.14,37.36,37.01,37.105,204028
2024-01-18T05:00:00Z,37.53,37.83,36.665,37.095,235459
2024-01-17T05:00:00Z,36.49,36.515,35.705,36.41,340316
2024-01-16T05:00:00Z,36.71,37.085,36.535,36.77,256144
2024-01-12T05:00:00Z,37.65,37.98,37.11,37.12,218251
2024-01-11T05:00:00Z,37.67,38.17,37.3,37.69,155770
2024-01-10T05:00:00Z,38.055,38.63,37.685,37.77,232055
2024-01-09T05:00:00Z,37.445,38.12,37.43,37.8,440706
2024-01-08T05:00:00Z,36.44,37.47,36.42,37.38,316379
2024-01-05T05:00:00Z,35.71,36.51,35.71,35.93,133563
2024-01-04T05:00:00Z,35.93,36.13,35.45,35.78,143554
2024-01-03T05:00:00Z,35.53,36.05,35.37,35.87,156437
2024-01-02T05:00:00Z,36.22,36.48,35.71,36.175,225859
2023-12-29T05:00:00Z,37.245,37.5,36.95,37.045,108912
2023-12-28T05:00:00Z,37.255,37.395,37.14,37.26,72816
2023-12-27T05:00:00Z,37.31,37.445,37.085,37.305,78216
2023-12-26T05:00:00Z,36.89,37.46,36.89,37.17,84147
2023-12-22T05:00:00Z,37.35,37.51,37.14,37.38,131147
2023-12-21T05:00:00Z,37.56,37.745,37.015,37.36,155779
2023-12-20T05:00:00Z,38.005,38.105,37.02,37.14,234669
2023-12-19T05:00:00Z,37.75,38.23,37.65,38.03,151303
2023-12-18T05:00:00Z,37.38,38.09,37.375,37.67,298539
2023-12-15T05:00:00Z,37.125,37.48,36.725,37.35,235613
2023-12-14T05:00:00Z,37.13,37.275,36.58,37.025,314221
2023-12-13T05:00:00Z,36.09,36.87,35.9,36.52,444021
2023-12-12T05:00:00Z,35.28,36.365,35.095,36.14,450974
2023-12-11T05:00:00Z,35.68,35.86,35.17,35.37,247208
2023-12-08T05:00:00Z,34.53,35.36,34.36,34.88,531340
2023-12-07T05:00:00Z,33.415,34.03,33.4,34.025,183547
2023-12-06T05:00:00Z,34.205,34.42,33.5,33.53,192165
2023-12-05T05:00:00Z,34.405,34.66,33.945,34.105,151448
2023-12-04T05:00:00Z,34.38,34.625,33.92,34.49,339178
2023-12-01T05:00:00Z,34.19,35.025,33.955,34.79,540969
2023-11-30T05:00:00Z,34.11,34.805,33.66,34.08,609529
2023-11-29T05:00:00Z,32.71,33.29,32.71,33.29,341105
2023-11-28T05:00:00Z,31.94,32.39,31.82,32.26,233661
2023-11-27T05:00:00Z,31.975,32.745,31.975,32.07,338121
2023-11-24T05:00:00Z,31.59,31.84,31.495,31.72,44579
2023-11-22T05:00:00Z,31.915,31.955,31.47,31.76,132508
2023-11-21T05:00:00Z,31.82,31.95,31.14,31.58,272284
2023-11-20T05:00:00Z,31.47,32.435,31.47,32.14,446613
2023-11-17T05:00:00Z,31.145,31.615,30.965,31.5,288512
2023-11-16T05:00:00Z,31.44,31.595,31.19,31.26,463539
2023-11-15T05:00:00Z,32.27,32.27,31.39,31.67,499386
2023-11-14T05:00:00Z,31.94,32.5,31.9,32.17,498604
2023-11-13T05:00:00Z,31.05,31.615,30.945,31.48,541745
2023-11-10T05:00:00Z,30.7,31.07,30.335,31.055,662865
2023-11-09T05:00:00Z,31.435,31.87,30.955,31.25,237528
2023-11-08T05:00:00Z,30.75,31.59,30.69,31.36,194787
2023-11-07T05:00:00Z,31.01,31.345,30.675,30.96,372657
2023-11-06T05:00:00Z,31.12,31.12,30.32,30.94,371436
2023-11-03T04:00:00Z,30.99,31.355,30.515,30.925,375551
2023-11-02T04:00:00Z,30.63,31.235,30.325,30.7,441031
2023-11-01T04:00:00Z,30.04,30.13,28.92,29.92,709331
2023-10-31T04:00:00Z,29.5,29.97,27.94,29.91,1709958
2023-10-30T04:00:00Z,24.71,25.305,24.475,25.07,544903
2023-10-27T04:00:00Z,24.34,24.585,24.13,24.37,280372
2023-10-26T04:00:00Z,24.98,24.98,23.635,24.105,792688
2023-10-25T04:00:00Z,26.49,26.52,25.25,25.56,435902
2023-10-24T04:00:00Z,27.08,27.375,26.615,26.78,217630
2023-10-23T04:00:00Z,26.665,26.88,26.045,26.64,427029
2023-10-20T04:00:00Z,25.88,26.36,25.62,25.955,522919
2023-10-19T04:00:00Z,27.1,27.35,26.47,26.545,335684
2023-10-18T04:00:00Z,27.495,27.63,26.705,26.82,442504
2023-10-17T04:00:00Z,27.52,28.11,27.45,28,282605
2023-10-16T04:00:00Z,26.535,27.66,26.45,27.515,181497
2023-10-13T04:00:00Z,27.595,27.65,26.6,26.6,410522
2023-10-12T04:00:00Z,28.47,28.52,27.64,27.76,278859
2023-10-11T04:00:00Z,28.635,28.725,28.345,28.455,150053
2023-10-10T04:00:00Z,28.58,29.035,28.45,28.61,432897
2023-10-09T04:00:00Z,27.985,28.715,27.85,28.25,307164
2023-10-06T04:00:00Z,26.835,28.24,26.825,28.09,387315
2023-10-05T04:00:00Z,26.71,27.02,26.485,27.02,327695
2023-10-04T04:00:00Z,26.01,26.475,25.79,26.39,329974
2023-10-03T04:00:00Z,26.935,27.09,25.725,25.95,347761
2023-10-02T04:00:00Z,26.96,27.46,26.92,27.04,302463
2023-09-29T04:00:00Z,26.84,27.1,26.76,27.025,264410
2023-09-28T04:00:00Z,25.95,26.52,25.85,26.49,338125
2023-09-27T04:00:00Z,25.9,26.45,25.9,26.06,296825
2023-09-26T04:00:00Z,26.065,26.425,25.87,25.91,201742
2023-09-25T04:00:00Z,26.6,26.81,25.975,26.06,404773
2023-09-22T04:00:00Z,26.71,27,26.54,26.735,443552
2023-09-21T04:00:00Z,26.935,27.31,26.08,26.45,367900
2023-09-20T04:00:00Z,27.85,28.31,26.825,27.02,1197098
2023-09-19T04:00:00Z,25.205,26.88,24.385,26.2,1368278
2023-09-18T04:00:00Z,25.68,25.85,25.195,25.4,380840
2023-09-15T04:00:00Z,26,26.04,25.385,25.71,488835
2023-09-14T04:00:00Z,26.51,26.81,25.835,26.01,402280
2023-09-13T04:00:00Z,27.72,27.72,26.26,26.29,532682
2023-09-12T04:00:00Z,27.73,28.125,27.53,27.86,125553
2023-09-11T04:00:00Z,27.555,28.035,27.4,27.92,144722
2023-09-08T04:00:00Z,28.16,28.44,27.535,27.555,152083
2023-09-07T04:00:00Z,27.26,28.11,27.26,28.02,205065
2023-09-06T04:00:00Z,28.48,28.48,27.34,27.655,484760
2023-09-05T04:00:00Z,27.56,28.895,27.56,28.78,459917
2023-09-01T04:00:00Z,27.84,28.045,27.62,27.66,122076
2023-08-31T04:00:00Z,27.37,28.155,27.34,27.48,158882
2023-08-30T04:00:00Z,27.415,27.445,26.82,27.31,231257
2023-08-29T04:00:00Z,26.975,27.57,26.93,27.35,210400
2023-08-28T04:00:00Z,27.05,27.46,27.05,27.11,314156
2023-08-25T04:00:00Z,26.78,27.035,26.33,26.92,189141
2023-08-24T04:00:00Z,27.48,27.48,26.63,26.745,185511
2023-08-23T04:00:00Z,27.01,27.48,26.87,27.305,153171
2023-08-22T04:00:00Z,27.17,27.435,26.82,26.99,197209
2023-08-21T04:00:00Z,26.845,27.69,26.82,27.53,517830
2023-08-18T04:00:00Z,26.07,26.56,25.835,26.46,190780
2023-08-17T04:00:00Z,26.48,27.505,26.45,26.71,517982
2023-08-16T04:00:00Z,25.295,26.565,25.23,26.2,640367
2023-08-15T04:00:00Z,25.99,25.99,25.53,25.69,157473
2023-08-14T04:00:00Z,25.62,26.16,25.555,26.16,187691
2023-08-11T04:00:00Z,25.58,25.905,25.41,25.775,193905
2023-08-10T04:00:00Z,26.47,26.785,25.91,25.91,168509
2023-08-09T04:00:00Z,26.79,26.795,26.065,26.16,367765
2023-08-08T04:00:00Z,26.8,26.84,26.11,26.78,281614
2023-08-07T04:00:00Z,26.595,27.42,26.595,27.17,280113
2023-08-04T04:00:00Z,27.4,27.5,26.6,26.665,378194
2023-08-03T04:00:00Z,28.09,28.535,27.015,27.16,503933
2023-08-02T04:00:00Z,28.52,29.065,27.14,27.82,877348
2023-08-01T04:00:00Z,28.6,29,28.11,28.97,727208
2023-07-31T04:00:00Z,28.6,29.315,28.56,29.015,385333
2023-07-28T04:00:00Z,27.215,28.48,27.2,28.47,386065
2023-07-27T04:00:00Z,28.29,28.48,26.705,26.85,349733
2023-07-26T04:00:00Z,26.99,27.83,26.76,27.715,261434
2023-07-25T04:00:00Z,27.785,27.85,27.105,27.2,415194
2023-07-24T04:00:00Z,27.945,28.09,27.34,27.8,339581
2023-07-21T04:00:00Z,28.57,28.8,27.84,27.97,262721
2023-07-20T04:00:00Z,29.23,29.48,28.39,28.45,289596
2023-07-19T04:00:00Z,30.47,30.71,29.625,29.845,380298
2023-07-18T04:00:00Z,30.84,30.84,29.6,30.31,535024
2023-07-17T04:00:00Z,29.08,29.41,28.93,29.16,387511
2023-07-14T04:00:00Z,28.68,28.96,28.565,28.715,103987
2023-07-13T04:00:00Z,28.76,29.085,28.55,28.63,345210
2023-07-12T04:00:00Z,28.95,29.02,28.22,28.78,281452
2023-07-11T04:00:00Z,27.65,28.865,27.605,28.62,276103
2023-07-10T04:00:00Z,27.38,27.53,27.105,27.5,183532
2023-07-07T04:00:00Z,27.43,27.985,27.33,27.45,246800
2023-07-06T04:00:00Z,27.9,28.045,27.175,27.2,199636
2023-07-05T04:00:00Z,26.925,27.825,26.305,27.74,365261
2023-07-03T04:00:00Z,27.38,27.5,26.975,27.25,123673
2023-06-30T04:00:00Z,27.63,27.935,27.305,27.365,158072
2023-06-29T04:00:00Z,28.075,28.075,27.355,27.63,216099
2023-06-28T04:00:00Z,27.47,28.34,27.46,28.135,455424
2023-06-27T04:00:00Z,25.93,26.6,25.785,26.395,285567
2023-06-26T04:00:00Z,25.835,26.585,25.6,25.6,346884
2023-06-23T04:00:00Z,26,26.72,25.94,26.24,312198
2023-06-22T04:00:00Z,24.745,26.16,24.6,26.14,583583
2023-06-21T04:00:00Z,25.095,25.23,24.57,24.9,238900
2023-06-20T04:00:00Z,25.39,25.48,24.77,25.205,250015
2023-06-16T04:00:00Z,24.99,25.44,24.74,25.36,377390
2023-06-15T04:00:00Z,24.23,25.35,24.23,24.95,140914
2023-06-14T04:00:00Z,24.2,24.675,24.15,24.43,123088
2023-06-13T04:00:00Z,24.145,24.295,23.77,24.265,236558
2023-06-12T04:00:00Z,23.86,24.195,23.855,24.11,151630
2023-06-09T04:00:00Z,24.28,24.46,23.745,23.875,219164
2023-06-08T04:00:00Z,23.86,24.25,23.67,23.955,175251
2023-06-07T04:00:00Z,24.62,25.01,24.175,24.385,394426
2023-06-06T04:00:00Z,23.98,25.19,23.8,24.635,318013
2023-06-05T04:00:00Z,23.93,24.67,23.79,24.09,293276
2023-06-02T04:00:00Z,23.845,24.135,23.355,23.465,321505
2023-06-01T04:00:00Z,23.69,23.815,23.475,23.62,275314
2023-05-31T04:00:00Z,24.03,24.03,23.41,23.96,368029
2023-05-30T04:00:00Z,24.45,24.51,23.93,24.415,166874
2023-05-26T04:00:00Z,23.72,24.335,23.69,24.23,358962
2023-05-25T04:00:00Z,24.46,24.49,23.54,23.74,388355
2023-05-24T04:00:00Z,23.5,24.46,23.5,24.315,475755
2023-05-23T04:00:00Z,23.095,24.195,23.09,23.77,907494
2023-05-22T04:00:00Z,22.7,23.565,22.7,23.255,398161
2023-05-19T04:00:00Z,22.4,22.83,22.37,22.715,561099
2023-05-18T04:00:00Z,21.925,22.48,21.92,22.45,398497
2023-05-17T04:00:00Z,21.55,22.205,21.54,21.965,341111
2023-05-16T04:00:00Z,21.955,22.055,21.54,21.575,447428
2023-05-15T04:00:00Z,21.285,22.125,21.255,22.05,499418
2023-05-12T04:00:00Z,21.54,21.6,21.025,21.42,502584
2023-05-11T04:00:00Z,21.61,21.665,21.095,21.485,524161
2023-05-10T04:00:00Z,21.83,22.155,21.23,21.525,489991
2023-05-09T04:00:00Z,21.37,21.685,21.355,21.48,318977
2023-05-08T04:00:00Z,21.015,21.81,20.89,21.585,248160
2023-05-05T04:00:00Z,20.96,21.095,20.755,21.01,461466
2023-05-04T04:00:00Z,20.76,21.265,20.705,20.77,347852
2023-05-03T04:00:00Z,21.32,21.49,20.9,20.9,472914
2023-05-02T04:00:00Z,21.83,21.955,21.045,21.36,440495
2023-05-01T04:00:00Z,23.03,23.07,21.815,22.05,575465
2023-04-28T04:00:00Z,24.36,24.36,22.115,23,2121584
2023-04-27T04:00:00Z,27.59,27.79,26.67,27.275,471329
2023-04-26T04:00:00Z,27.83,27.955,26.41,26.605,248270
2023-04-25T04:00:00Z,27.47,27.95,27.44,27.725,155521
2023-04-24T04:00:00Z,27.415,27.78,27.185,27.62,120152
2023-04-21T04:00:00Z,27.31,27.54,27.145,27.405,180134
2023-04-20T04:00:00Z,27.65,28.355,27.46,27.525,300881
2023-04-19T04:00:00Z,27.855,28.435,27.61,28.23,175871
2023-04-18T04:00:00Z,28.905,28.905,28.18,28.18,216032
2023-04-17T04:00:00Z,28.34,28.64,28.105,28.595,110415
2023-04-14T04:00:00Z,28.36,28.665,28.04,28.585,285959
2023-04-13T04:00:00Z,28.065,28.645,28.065,28.465,154775
2023-04-12T04:00:00Z,28.4,28.55,27.62,27.745,226272
2023-04-11T04:00:00Z,28,28.41,27.725,28.185,178535
2023-04-10T04:00:00Z,27.925,28.03,27.6,27.935,170562
2023-04-06T04:00:00Z,27.355,28.45,27.24,28.24,278020
2023-04-05T04:00:00Z,27.805,28.01,27.14,27.32,302546
2023-04-04T04:00:00Z,27.905,28.18,27.595,27.97,354915
2023-04-03T04:00:00Z,27.8,27.915,27.34,27.725,408800
2023-03-31T04:00:00Z,26.58,27.325,26.58,27.275,238200
2023-03-30T04:00:00Z,26.68,26.845,26.24,26.335,258013
2023-03-29T04:00:00Z,27.035,27.04,26.335,26.515,306084
2023-03-28T04:00:00Z,27.92,27.95,26.795,26.845,437175
2023-03-27T04:00:00Z,28.78,29.255,27.775,28.06,505606
2023-03-24T04:00:00Z,27.55,27.76,27.225,27.475,160018
2023-03-23T04:00:00Z,27.86,28.51,27.225,27.61,375286
2023-03-22T04:00:00Z,27.42,28.21,27.33,27.455,330988
2023-03-21T04:00:00Z,26.94,27.81,26.94,27.525,323360
2023-03-20T04:00:00Z,25.83,26.77,25.83,26.75,230843
2023-03-17T04:00:00Z,26.64,26.8,26.155,26.37,370888
2023-03-16T04:00:00Z,25.07,26.595,25.045,26.52,445378
2023-03-15T04:00:00Z,24.42,25.035,24.13,25.03,233261
2023-03-14T04:00:00Z,24.34,25.245,24.315,24.985,238679
2023-03-13T04:00:00Z,23.76,24.15,22.97,23.7,373788
2023-03-10T05:00:00Z,24.65,24.665,23.645,24.19,356960
2023-03-09T05:00:00Z,25.77,26.1,24.78,24.845,373563
2023-03-08T05:00:00Z,26.275,26.3,25.57,25.77,393936
2023-03-07T05:00:00Z,26.73,27.455,26.595,26.65,221097
2023-03-06T05:00:00Z,26.52,27.545,26.5,26.69,263782
2023-03-03T05:00:00Z,25.54,26.65,25.33,26.41,650295
2023-03-02T05:00:00Z,24.8,25.35,24.69,25.35,365851
2023-03-01T05:00:00Z,25.125,25.125,24.6,24.98,177104
2023-02-28T05:00:00Z,25.145,25.465,24.975,25.1,481816
2023-02-27T05:00:00Z,25.205,25.57,24.805,24.985,356957
2023-02-24T05:00:00Z,24.92,25.275,24.785,25.02,463950
2023-02-23T05:00:00Z,25.35,25.605,24.775,25.495,569533
2023-02-22T05:00:00Z,24.58,25.41,24.58,25.135,333129
2023-02-21T05:00:00Z,23.97,24.63,23.85,24.46,422023
2023-02-17T05:00:00Z,24.6,24.77,24.025,24.425,591810
2023-02-16T05:00:00Z,24.955,25.345,24.81,24.83,377859
2023-02-15T05:00:00Z,24.64,25.4,24.57,25.39,388800
2023-02-14T05:00:00Z,24.41,25.05,24.19,24.7,390246
2023-02-13T05:00:00Z,24.98,25.255,24.565,24.715,397737
2023-02-10T05:00:00Z,24.47,25.075,24.33,24.85,366335
2023-02-09T05:00:00Z,26.125,26.27,24.63,24.71,418874
2023-02-08T05:00:00Z,26.22,26.27,25.46,25.885,736115
2023-02-07T05:00:00Z,27.67,27.96,25.86,26.46,1335197
2023-02-06T05:00:00Z,27.165,28.07,27.115,27.93,699181
2023-02-03T05:00:00Z,28.1,28.865,27.305,27.48,559418
2023-02-02T05:00:00Z,28.25,29.165,28.21,29.13,964136
2023-02-01T05:00:00Z,26.38,26.73,25.37,26.71,436518
2023-01-31T05:00:00Z,26.045,26.445,25.855,26.29,339054
2023-01-30T05:00:00Z,26.26,26.42,25.79,25.925,289016
2023-01-27T05:00:00Z,26.175,27.175,26.15,26.745,316157
2023-01-26T05:00:00Z,26.34,26.97,25.755,26.365,392590
2023-01-25T05:00:00Z,25.4,26.31,25.205,26.135,310335
2023-01-24T05:00:00Z,26.3,26.57,25.63,25.845,428841
2023-01-23T05:00:00Z,26.525,26.905,25.6,26.7,369964
2023-01-20T05:00:00Z,26.285,27.43,26.22,26.6,379432
2023-01-19T05:00:00Z,25.655,26.975,25.595,26.78,388879
2023-01-18T05:00:00Z,26.885,26.955,26.005,26.065,433734
2023-01-17T05:00:00Z,26.55,27.02,26.195,26.595,216907
2023-01-13T05:00:00Z,26.25,26.8,26.055,26.67,231918
2023-01-12T05:00:00Z,26.75,26.875,25.865,26.435,408307
2023-01-11T05:00:00Z,26.02,27.175,25.89,27,604157
2023-01-10T05:00:00Z,24.585,25.985,24.585,25.92,722138
2023-01-09T05:00:00Z,24.835,25.415,24.755,24.86,372402
2023-01-06T05:00:00Z,23.66,24.54,23.3,24.44,291092
2023-01-05T05:00:00Z,23.62,23.765,23.095,23.58,391886
2023-01-04T05:00:00Z,23.15,23.795,22.72,23.785,399270
2023-01-03T05:00:00Z,25.17,25.19,22.575,22.87,685366
2022-12-30T05:00:00Z,23.29,24.285,23.29,24.27,241718
2022-12-29T05:00:00Z,23.06,23.87,22.93,23.83,256999
2022-12-28T05:00:00Z,23.25,23.515,22.795,22.865,322753
2022-12-27T05:00:00Z,24.185,24.185,23.41,23.43,290172
2022-12-23T05:00:00Z,24.55,24.915,24.3,24.54,235606
2022-12-22T05:00:00Z,24.52,24.855,24.085,24.73,595777
2022-12-21T05:00:00Z,24.45,25.385,24.165,25.16,317496
2022-12-20T05:00:00Z,23.945,24.675,23.75,24.45,309232
2022-12-19T05:00:00Z,24.805,24.88,24.13,24.17,277165
2022-12-16T05:00:00Z,25.08,25.295,24.505,24.79,360185
2022-12-15T05:00:00Z,25.55,25.715,24.805,25.15,349290
2022-12-14T05:00:00Z,26.38,26.89,26.035,26.24,590182
2022-12-13T05:00:00Z,25.21,26.78,25.04,26.435,2176848
2022-12-12T05:00:00Z,23.17,23.855,22.93,23.605,365112
2022-12-09T05:00:00Z,22.59,23.615,22.41,23.135,276027
2022-12-08T05:00:00Z,22.92,23.38,22.545,22.625,323271
2022-12-07T05:00:00Z,22.95,22.97,22.09,22.67,385462
2022-12-06T05:00:00Z,24.01,24.105,22.615,22.735,544806
2022-12-05T05:00:00Z,24.665,24.805,23.8,23.96,320679
2022-12-02T05:00:00Z,24.84,25.505,24.715,24.87,342137
2022-12-01T05:00:00Z,25.01,25.685,24.53,25.6,424768
2022-11-30T05:00:00Z,23.95,25.43,23.7,25.42,381902
2022-11-29T05:00:00Z,24.525,24.78,23.99,24,266843
2022-11-28T05:00:00Z,24.6,24.955,24.235,24.35,259791
2022-11-25T05:00:00Z,24.84,25.18,24.78,25.02,129381
2022-11-23T05:00:00Z,24.66,25.23,24.465,25.05,221378
2022-11-22T05:00:00Z,23.66,24.505,23.39,24.485,248607
2022-11-21T05:00:00Z,23.91,24.355,23.475,23.82,314169
2022-11-18T05:00:00Z,25.01,25.055,23.845,24.35,372168
2022-11-17T05:00:00Z,24.615,24.8,24.045,24.5,437317
2022-11-16T05:00:00Z,25.58,25.87,24.635,25.34,677018
2022-11-15T05:00:00Z,25.18,26.37,25.145,26.29,938448
2022-11-14T05:00:00Z,23.79,25,23.77,24.44,527777
2022-11-11T05:00:00Z,23.18,24.315,22.89,24.21,663294
2022-11-10T05:00:00Z,22.8,23.325,22.35,23.14,848528
2022-11-09T05:00:00Z,22.27,22.36,21.065,21.305,687850
2022-11-08T05:00:00Z,22.55,22.985,22.01,22.58,499969
2022-11-07T05:00:00Z,22.855,23.01,22.055,22.585,318633
2022-11-04T04:00:00Z,23.12,23.3,21.695,22.425,498962
2022-11-03T04:00:00Z,22.96,23.56,22.625,22.77,635335
2022-11-02T04:00:00Z,24.19,24.74,23.43,23.455,476861
2022-11-01T04:00:00Z,25,25.185,24.185,24.2,442629
2022-10-31T04:00:00Z,24.8,25.595,24.55,24.605,659328
2022-10-28T04:00:00Z,24.45,25.36,23.475,24.905,1503532
2022-10-27T04:00:00Z,21.65,22.275,20.875,21.9,1154528
2022-10-26T04:00:00Z,21.7,22.595,21.63,22.05,562954
2022-10-25T04:00:00Z,22.17,22.87,21.875,22.605,758996
2022-10-24T04:00:00Z,21.41,22.05,20.625,21.98,426519
2022-10-21T04:00:00Z,21.56,21.9,20.715,21.49,1031712
2022-10-20T04:00:00Z,23.02,24.14,22.52,22.98,474802
2022-10-19T04:00:00Z,22.94,23.32,22.66,23.04,423688
2022-10-18T04:00:00Z,23.355,23.56,22.715,23.31,432551
2022-10-17T04:00:00Z,22.25,22.925,22.18,22.56,350631
2022-10-14T04:00:00Z,22.59,22.79,21.37,21.38,417767
2022-10-13T04:00:00Z,21.925,22.64,21.52,22.215,338028
2022-10-12T04:00:00Z,22.99,23.285,22.165,23.06,273608
2022-10-11T04:00:00Z,24.3,24.37,22.76,23,537820
2022-10-10T04:00:00Z,25.05,25.33,24.275,24.64,228960
2022-10-07T04:00:00Z,25.44,25.61,24.61,25.12,336837
2022-10-06T04:00:00Z,26.1,26.285,25.39,25.83,739061
2022-10-05T04:00:00Z,24.42,24.76,23.82,24.605,276704
2022-10-04T04:00:00Z,24.39,24.895,24.12,24.895,358306
2022-10-03T04:00:00Z,23.78,24.085,23.33,23.725,276679
2022-09-30T04:00:00Z,23.07,23.85,23.03,23.315,320883
2022-09-29T04:00:00Z,23.2,23.41,22.64,23.22,188014
2022-09-28T04:00:00Z,22.56,24,22.555,23.85,393004
2022-09-27T04:00:00Z,23.37,23.51,22.235,22.65,275382
2022-09-26T04:00:00Z,22.65,23.615,22.65,22.82,369959
2022-09-23T04:00:00Z,22.94,23.32,22.135,22.57,466600
2022-09-22T04:00:00Z,24,24.43,23.2,23.2,656945
2022-09-21T04:00:00Z,24.97,25.14,23.8,23.925,565892
2022-09-20T04:00:00Z,25.425,25.58,24.515,24.8,499741
2022-09-19T04:00:00Z,24.7,25.555,24.5,25.41,461048
2022-09-16T04:00:00Z,25,25.395,24.515,24.9,536908
2022-09-15T04:00:00Z,24.36,25.91,24.36,25.59,709982
2022-09-14T04:00:00Z,24.54,24.79,23.63,24.785,543935
2022-09-13T04:00:00Z,24.37,24.92,23.86,24.575,458440
2022-09-12T04:00:00Z,25.47,25.75,25.195,25.67,386694
2022-09-09T04:00:00Z,24.75,25.56,24.46,25.56,665986
2022-09-08T04:00:00Z,23.045,24.435,22.87,23.98,481305
2022-09-07T04:00:00Z,23.34,23.915,22.76,23.465,539491
2022-09-06T04:00:00Z,21.97,22.405,21.24,22.08,306191
2022-09-02T04:00:00Z,22.95,23.03,22.015,22.075,351839
2022-09-01T04:00:00Z,22.63,23.54,22.125,22.75,311864
2022-08-31T04:00:00Z,23.61,23.9,22.68,23.04,525692
2022-08-30T04:00:00Z,23.21,23.43,21.715,21.945,326087
2022-08-29T04:00:00Z,22.645,23.29,22.55,22.9,367060
2022-08-26T04:00:00Z,23.88,24.12,22.905,23.045,520101
2022-08-25T04:00:00Z,21.42,24.05,21.36,24.015,922423
2022-08-24T04:00:00Z,20.61,21.2,20.41,21.04,203907
2022-08-23T04:00:00Z,21.1,21.48,20.53,20.55,267607
2022-08-22T04:00:00Z,21.26,21.58,21.12,21.25,231966
2022-08-19T04:00:00Z,22,22.25,21.52,21.77,264646
2022-08-18T04:00:00Z,22.315,22.69,21.96,22.59,220386
2022-08-17T04:00:00Z,22.53,22.95,22.165,22.47,308874
2022-08-16T04:00:00Z,23.1,23.39,22.57,22.98,268260
2022-08-15T04:00:00Z,23.49,24.08,23.15,23.385,266309
2022-08-12T04:00:00Z,23.29,23.595,23.05,23.425,321458
2022-08-11T04:00:00Z,23.18,24.25,22.82,22.86,371290
2022-08-10T04:00:00Z,23.53,23.665,22.8,22.915,506134
2022-08-09T04:00:00Z,22.55,22.865,22.365,22.54,467306
2022-08-08T04:00:00Z,22.72,23.68,22.72,22.905,462816
2022-08-05T04:00:00Z,22.27,23.07,22.185,22.55,308444
2022-08-04T04:00:00Z,22.54,23.43,22.445,22.54,296352
2022-08-03T04:00:00Z,22.24,22.785,22.225,22.45,566781
2022-08-02T04:00:00Z,23.69,23.765,21.905,22.31,1524112
2022-08-01T04:00:00Z,19.16,20.25,19.01,19.865,530702
2022-07-29T04:00:00Z,19.02,19.475,18.73,19.465,394683
2022-07-28T04:00:00Z,18.75,19.315,18.38,19.285,368657
2022-07-27T04:00:00Z,18.22,19.23,18.04,19.2,919717
2022-07-26T04:00:00Z,17.52,17.52,16.775,17.26,685444
2022-07-25T04:00:00Z,18.08,18.245,17.77,18.04,379740
2022-07-22T04:00:00Z,19.21,19.43,17.92,18.11,1351526
2022-07-21T04:00:00Z,20.92,21.31,20.59,20.95,276929
2022-07-20T04:00:00Z,20.95,21.665,20.8,21.26,455175
2022-07-19T04:00:00Z,20.685,20.865,19.68,20.63,371138
2022-07-18T04:00:00Z,20.88,21.02,20.23,20.23,696395
2022-07-15T04:00:00Z,19.76,20.775,19.64,20.41,1523831
2022-07-14T04:00:00Z,18.32,18.32,17.325,17.525,493732
2022-07-13T04:00:00Z,17.96,18.81,17.72,18.39,218019
2022-07-12T04:00:00Z,18.96,19.155,18.39,18.53,233289
2022-07-11T04:00:00Z,19.81,19.89,18.42,18.52,275439
2022-07-08T04:00:00Z,19.825,20.67,19.655,20.245,195859
2022-07-07T04:00:00Z,19.68,20.57,19.5,20.275,402829
2022-07-06T04:00:00Z,20.2,20.65,19.46,19.735,312780
2022-07-05T04:00:00Z,18.265,20.32,17.8,20.24,342945
2022-07-01T04:00:00Z,18.13,18.74,17.87,18.72,250438
2022-06-30T04:00:00Z,19.68,19.68,18.02,18.16,654196
2022-06-29T04:00:00Z,20.32,20.37,19.125,19.965,658062
2022-06-28T04:00:00Z,20.59,21,19.635,19.7,413145
2022-06-27T04:00:00Z,21.86,21.98,20.485,20.725,225932
2022-06-24T04:00:00Z,20.23,21.495,20.07,21.485,480825
2022-06-23T04:00:00Z,19.11,20.07,18.95,19.915,352310
2022-06-22T04:00:00Z,18.16,19.25,18.16,18.9,396360
2022-06-21T04:00:00Z,18.39,19.35,18.31,18.42,801313
2022-06-17T04:00:00Z,17.45,18.3,17.12,18.115,478260
2022-06-16T04:00:00Z,18.26,18.35,17.3,17.45,326272
2022-06-15T04:00:00Z,17.17,19.435,17.17,19.065,298102
2022-06-14T04:00:00Z,17.17,17.62,16.95,17.19,537435
2022-06-13T04:00:00Z,18.67,18.67,17.025,17.22,503979
2022-06-10T04:00:00Z,19.825,20.165,19.145,19.225,300680
2022-06-09T04:00:00Z,20.695,20.98,20.195,20.25,260758
2022-06-08T04:00:00Z,20.3,21.115,20.21,20.82,156701
2022-06-07T04:00:00Z,19.68,20.015,19.375,19.97,296886
2022-06-06T04:00:00Z,19.7,20.085,19.15,19.955,347035
2022-06-03T04:00:00Z,19.57,20.285,19.27,19.455,290631
2022-06-02T04:00:00Z,18.65,20.265,18.65,20.045,369609
2022-06-01T04:00:00Z,19.76,20.185,18.61,18.945,470045
2022-05-31T04:00:00Z,20.29,20.5,19.51,19.65,814084
2022-05-27T04:00:00Z,19.81,20.545,19.56,20.44,370548
2022-05-26T04:00:00Z,18.61,19.895,18.49,19.54,529343
2022-05-25T04:00:00Z,17.475,19.045,17.47,18.9,689279
2022-05-24T04:00:00Z,18.7,18.75,16.155,17.285,1835241
2022-05-23T04:00:00Z,22.67,22.67,21.95,22.59,417190
2022-05-20T04:00:00Z,23.43,23.55,22.08,22.91,319938
2022-05-19T04:00:00Z,22.38,23.51,22.23,23.155,384188
2022-05-18T04:00:00Z,21.9,22.68,21.785,22.12,326053
2022-05-17T04:00:00Z,21.97,22.495,21.645,22.495,206243
2022-05-16T04:00:00Z,21.14,22.11,20.97,21.485,462001
2022-05-13T04:00:00Z,20.335,21.485,20.32,21.485,459395
2022-05-12T04:00:00Z,18.48,20.135,18.38,20.135,483678
2022-05-11T04:00:00Z,20.01,20.7,18.87,18.89,400132
2022-05-10T04:00:00Z,21.64,21.705,19.77,20.22,477279
2022-05-09T04:00:00Z,22.15,22.58,21.055,21.07,416333
2022-05-06T04:00:00Z,22.455,23.305,21.71,22.69,486283
2022-05-05T04:00:00Z,23.46,23.51,22.135,22.64,459575
2022-05-04T04:00:00Z,22.12,24.295,21.96,24.23,489361
2022-05-03T04:00:00Z,22.15,22.81,21.74,22.38,401139
2022-05-02T04:00:00Z,20.52,22.26,20.36,22.165,386799
2022-04-29T04:00:00Z,21.31,21.69,20.495,20.505,632031
2022-04-28T04:00:00Z,20.4,21.26,19.06,21.2,1333502
2022-04-27T04:00:00Z,18.93,19.57,18.34,18.64,743838
2022-04-26T04:00:00Z,19.835,19.835,18.92,19.2,366548
2022-04-25T04:00:00Z,19.37,20.1,19.36,20.01,311435
2022-04-22T04:00:00Z,19.89,20.46,19.485,19.595,465450
2022-04-21T04:00:00Z,21.12,21.36,19.875,20.24,667855
2022-04-20T04:00:00Z,22.37,22.37,21.03,21.055,538815
2022-04-19T04:00:00Z,21.57,22.97,21.37,22.73,321768
2022-04-18T04:00:00Z,22.1,22.18,21.245,21.83,276405
2022-04-14T04:00:00Z,23.46,23.54,22.095,22.16,340644
2022-04-13T04:00:00Z,22.67,23.2,22.55,22.965,250895
2022-04-12T04:00:00Z,23.665,23.97,22.66,22.67,161792
2022-04-11T04:00:00Z,23.27,23.795,22.485,23.245,162215
2022-04-08T04:00:00Z,23.29,23.97,23.105,23.57,233693
2022-04-07T04:00:00Z,24.34,25.025,22.795,23.555,330836
2022-04-06T04:00:00Z,25.42,25.43,23.87,24.42,412320
2022-04-05T04:00:00Z,27.4,27.48,26.1,26.14,217916
2022-04-04T04:00:00Z,25.5,27.945,25.5,27.405,496007
2022-04-01T04:00:00Z,24.72,25.455,24.51,24.795,233818
2022-03-31T04:00:00Z,25.76,25.96,24.58,24.59,316077
2022-03-30T04:00:00Z,26.3,26.74,25.32,25.67,290971
2022-03-29T04:00:00Z,26.12,26.805,25.47,26.645,330265
2022-03-28T04:00:00Z,25.64,26.46,25.64,26.46,338022
2022-03-25T04:00:00Z,26.45,26.45,25.11,25.49,135991
2022-03-24T04:00:00Z,25.77,26.375,25.55,26.35,149238
2022-03-23T04:00:00Z,26.015,26.63,25.585,25.66,228674
2022-03-22T04:00:00Z,25.68,26.875,25.565,26.445,177284
2022-03-21T04:00:00Z,26.05,26.05,24.98,25.555,159491
2022-03-18T04:00:00Z,24.71,26.44,24.71,26.32,218626
2022-03-17T04:00:00Z,23.76,24.98,23.69,24.885,220593
2022-03-16T04:00:00Z,23.37,24.37,23.14,24.31,274304
2022-03-15T04:00:00Z,22.23,22.98,22,22.73,158625
2022-03-14T04:00:00Z,22.67,23.475,22.14,22.39,270431
2022-03-11T05:00:00Z,24.4,24.44,23.05,23.06,176142
2022-03-10T05:00:00Z,24.49,24.49,23.48,23.9,367969
2022-03-09T05:00:00Z,23.65,25.435,23.65,25.255,464160
2022-03-07T05:00:00Z,24.23,24.46,23.09,23.09,381727
2022-03-04T05:00:00Z,25.03,25.39,23.76,24.18,261004
2022-03-03T05:00:00Z,26.01,26.07,24.74,24.94,311494
2022-03-02T05:00:00Z,26.56,26.6,25.46,26.025,247853
2022-03-01T05:00:00Z,26.67,26.88,25.87,26.41,347127
2022-02-28T05:00:00Z,26.46,27.095,25.985,26.76,352140
2022-02-25T05:00:00Z,25.51,26.37,24.965,26.36,464009
2022-02-24T05:00:00Z,22.5,25.405,22.33,25.36,412255
2022-02-23T05:00:00Z,23.91,24.13,23.375,23.4,292108
2022-02-22T05:00:00Z,23.455,24.51,23.44,23.91,465778
2022-02-18T05:00:00Z,24.73,25.01,23.62,23.86,357308
2022-02-17T05:00:00Z,25.545,25.8,24.625,24.72,260748
2022-02-16T05:00:00Z,25.24,25.97,24.84,25.73,399631
2022-02-15T05:00:00Z,25.09,25.955,24.74,25.89,235003
2022-02-14T05:00:00Z,25.34,25.73,24.54,24.71,364740
2022-02-11T05:00:00Z,25.74,27.76,25.23,25.4,931419
2022-02-10T05:00:00Z,26.27,27.37,25.37,25.44,854937
2022-02-09T05:00:00Z,27.31,27.31,25.88,26.79,987518
2022-02-08T05:00:00Z,25.76,26.92,25.73,26.695,379242
2022-02-07T05:00:00Z,26.93,28.04,26.23,26.45,953234
2022-02-04T05:00:00Z,25.33,27.655,24.285,27.25,2042235
2022-02-03T05:00:00Z,24.01,26.005,24.01,24.51,978836
2022-02-02T05:00:00Z,30.09,30.24,26.98,27.31,585164
2022-02-01T05:00:00Z,29.52,30.08,28.55,29.99,285300
2022-01-31T05:00:00Z,27.345,29.58,27.345,29.56,505760
2022-01-28T05:00:00Z,27.16,27.16,25.98,26.84,636159
2022-01-27T05:00:00Z,27.38,27.69,26.565,26.89,351260
2022-01-26T05:00:00Z,29.18,29.19,26.545,26.73,907488
2022-01-25T05:00:00Z,29.65,30.2,28.38,28.46,643566
2022-01-24T05:00:00Z,28.55,29.04,27.97,28.6,215427
2022-01-21T05:00:00Z,31.3,31.37,29.19,29.45,453627
2022-01-20T05:00:00Z,32.41,33.78,31.88,31.94,537532
2022-01-19T05:00:00Z,31.8,32.84,31.55,31.63,168109
2022-01-18T05:00:00Z,32.27,32.49,31.51,31.68,297472
2022-01-14T05:00:00Z,32.66,33.19,31.7,32.85,235036
2022-01-13T05:00:00Z,34.43,34.57,32.89,32.97,178207
2022-01-12T05:00:00Z,34.21,35.02,33.43,34.41,784825
2022-01-11T05:00:00Z,33.03,34.385,32.69,34.005,250844
2022-01-10T05:00:00Z,31.76,32.96,31.015,32.68,455627
2022-01-07T05:00:00Z,32.56,33.46,32.19,32.4,314422
2022-01-06T05:00:00Z,32.51,33.35,31.62,32.67,437046
2022-01-05T05:00:00Z,33.51,34.29,32.575,32.83,555084
2022-01-04T05:00:00Z,35.28,35.56,32.43,33.125,595231
2022-01-03T05:00:00Z,36.78,36.87,35.97,36.4,444772
2021-12-31T05:00:00Z,37.54,38.15,36.33,36.34,154599
2021-12-30T05:00:00Z,36.005,38.62,36.005,37.96,235790
2021-12-29T05:00:00Z,36.205,36.53,35.09,35.94,160625
2021-12-28T05:00:00Z,36.65,37.88,36.34,36.51,160220
2021-12-27T05:00:00Z,37.15,37.795,36.79,36.91,121169
2021-12-23T05:00:00Z,36.915,37.65,36.11,37.44,165959
2021-12-22T05:00:00Z,36.51,38.6,36.23,37.26,343283
2021-12-21T05:00:00Z,35.975,36.98,35.62,36.77,205630
2021-12-20T05:00:00Z,35.7,36.29,35.3,35.76,538245
2021-12-17T05:00:00Z,34.93,37.295,34.14,36.52,454272
2021-12-16T05:00:00Z,36.49,36.89,34.58,34.93,212454
2021-12-15T05:00:00Z,35.18,36.27,34.08,36.075,299488
2021-12-14T05:00:00Z,35.375,36.32,35.3,35.61,507949
2021-12-13T05:00:00Z,37.085,37.32,35.02,36.04,1030740
2021-12-10T05:00:00Z,39.1,39.31,36.74,37.26,356518
2021-12-09T05:00:00Z,40.26,41.11,38.435,38.74,463080
2021-12-08T05:00:00Z,39,41.22,38.6,40.5,364637
2021-12-07T05:00:00Z,38.86,39.775,38.61,38.71,199800
2021-12-06T05:00:00Z,35.25,38.25,34.62,37.815,483724
2021-12-03T05:00:00Z,37.42,37.42,35.15,35.82,448429
2021-12-02T05:00:00Z,36.13,37.97,36.08,37.58,491429
2021-12-01T05:00:00Z,39.99,40.28,37.21,37.3,411035
2021-11-30T05:00:00Z,40.72,41.71,39.34,40.06,348540
2021-11-29T05:00:00Z,42.8,43.18,40.475,40.57,999284
2021-11-26T05:00:00Z,41.885,42.885,41.49,42.72,175824
2021-11-24T05:00:00Z,41.4,42.755,41.12,42.35,271946
2021-11-23T05:00:00Z,42.3,43.035,40.98,41.76,361871
2021-11-22T05:00:00Z,44.58,44.58,41.88,43.07,1051310
2021-11-19T05:00:00Z,45.89,46.55,44.355,44.75,167455
2021-11-18T05:00:00Z,47.53,47.53,45.03,46.11,300623
2021-11-17T05:00:00Z,48.43,48.57,47.415,47.47,247699
2021-11-16T05:00:00Z,47.83,49.095,47.72,48.8,325571
2021-11-15T05:00:00Z,46.43,48.84,46.43,47.94,352563
2021-11-12T05:00:00Z,45.37,46.165,45.19,45.97,140942
2021-11-11T05:00:00Z,46.03,46.11,44.9,45,310022
2021-11-10T05:00:00Z,46.01,47.135,45.26,45.85,306777
2021-11-09T05:00:00Z,46.99,47.9,46.21,46.66,241968
2021-11-08T05:00:00Z,46.18,47.04,45.29,46.585,271354
2021-11-05T04:00:00Z,44.09,46.94,43.42,46.19,744334
2021-11-04T04:00:00Z,44.87,45.49,43.51,43.685,599636
2021-11-03T04:00:00Z,44.25,45.06,43.97,44.69,403778
2021-11-02T04:00:00Z,45.46,45.46,43.61,44.355,468736
2021-11-01T04:00:00Z,44.56,45.83,44.5,45.235,493127
2021-10-29T04:00:00Z,45.61,45.61,44.08,44.64,348897
2021-10-28T04:00:00Z,45.52,46.29,44.59,45.625,501124
2021-10-27T04:00:00Z,47.37,48.02,45.365,45.37,550328
2021-10-26T04:00:00Z,51.015,51.17,47.53,47.89,844972
2021-10-22T04:00:00Z,59.97,60.32,57.67,58.07,597264
2021-10-21T04:00:00Z,62.08,62.3,60.71,61.355,901607
2021-10-20T04:00:00Z,55.99,66,55.5,62.7,3641363
2021-10-19T04:00:00Z,53.73,56.17,52.96,55.59,418484
2021-10-18T04:00:00Z,51.72,53.92,51.69,53.605,475776
2021-10-15T04:00:00Z,52.955,53.23,52.29,52.655,118957
2021-10-14T04:00:00Z,51.77,53.33,51.2,52.515,235802
2021-10-13T04:00:00Z,51.845,52.045,51.505,51.58,148976
2021-10-12T04:00:00Z,51,51.635,50.39,51.41,174085
2021-10-11T04:00:00Z,51.39,51.86,50.825,50.96,176238
2021-10-08T04:00:00Z,52.07,52.895,51.5,51.66,196824
2021-10-07T04:00:00Z,51.18,52.45,51.08,51.81,172372
2021-10-06T04:00:00Z,49.15,50.88,49.06,50.365,202324
2021-10-05T04:00:00Z,49.91,50.73,49.53,50.06,202568
2021-10-04T04:00:00Z,52.31,52.31,49.24,49.6,506664
2021-10-01T04:00:00Z,52.12,54,52.12,52.62,338091
2021-09-30T04:00:00Z,50.49,51.59,50.35,50.95,254814
2021-09-29T04:00:00Z,52.44,52.75,50.31,50.38,197333
2021-09-28T04:00:00Z,52.75,53.1,51.06,51.96,850970
2021-09-27T04:00:00Z,53.46,53.73,52.32,53.725,147201
2021-09-24T04:00:00Z,53.73,54.44,53.235,54.205,151045
2021-09-23T04:00:00Z,54.31,55.085,53.875,54.03,162081
2021-09-22T04:00:00Z,51.66,54.55,51.39,54.16,262532
2021-09-21T04:00:00Z,53.03,53.48,51.36,52.42,284956
2021-09-20T04:00:00Z,53.77,53.77,51.56,52.52,338179
2021-09-17T04:00:00Z,54.525,54.93,54.08,54.78,190390
2021-09-16T04:00:00Z,53.99,54.55,53.44,54.21,142411
2021-09-15T04:00:00Z,54.44,54.465,53.16,54.24,188432
2021-09-14T04:00:00Z,54.96,55.56,54.11,54.42,129777
2021-09-13T04:00:00Z,54.18,55.305,52.64,55.12,592321
2021-09-10T04:00:00Z,55.35,55.86,54.25,54.25,83555
2021-09-09T04:00:00Z,54.28,55.4,53.91,55.24,144956
2021-09-08T04:00:00Z,55.7,56.24,54.39,54.405,218643
2021-09-07T04:00:00Z,56.74,56.91,55.04,55.75,156068
2021-09-03T04:00:00Z,56.9,56.9,55.72,56.605,62345
2021-09-02T04:00:00Z,57.16,57.535,56.72,56.885,315661
2021-09-01T04:00:00Z,55.52,58.155,55.52,56.965,237055
2021-08-31T04:00:00Z,56.25,56.815,55.38,55.64,239948
2021-08-30T04:00:00Z,56.84,56.89,55.37,56.475,226391
2021-08-27T04:00:00Z,57.01,57.43,56.67,57.185,444643
2021-08-26T04:00:00Z,56.3,57.765,56.3,57.23,246940
2021-08-25T04:00:00Z,55.2,56.22,54.84,56.15,129447
2021-08-24T04:00:00Z,55.22,55.31,54.47,55.16,122673
2021-08-23T04:00:00Z,54.06,54.965,53.855,54.71,216644
2021-08-20T04:00:00Z,52.79,54.2,52.685,53.88,132594
2021-08-19T04:00:00Z,53.7,54.2,51.95,52.6,255576
2021-08-18T04:00:00Z,55.94,56.355,54.11,54.16,256407
2021-08-17T04:00:00Z,55.69,56.25,54.95,56.075,540448
2021-08-16T04:00:00Z,56.1,56.59,55.03,56.3,189455
2021-08-13T04:00:00Z,56.77,57.03,55.69,56.015,275505
2021-08-12T04:00:00Z,56.74,57.18,56.02,56.8,217021
2021-08-11T04:00:00Z,57.26,57.26,55.685,56.75,344154
2021-08-10T04:00:00Z,58.82,59,56.92,57.25,367343
2021-08-09T04:00:00Z,58.66,59.39,57.82,58.845,283446
2021-08-06T04:00:00Z,60.24,60.67,58.41,58.8,252313
2021-08-05T04:00:00Z,59.69,60.9,59.315,60.34,445984
2021-08-04T04:00:00Z,60.34,60.91,59,60.09,491123
2021-08-03T04:00:00Z,57.2,60,57.12,59.99,916196
2021-08-02T04:00:00Z,59.26,59.57,56.82,57.12,635555
2021-07-30T04:00:00Z,59.5,60.88,58.065,58.92,2915264
2021-07-29T04:00:00Z,76.17,76.43,70.41,71.96,887738
2021-07-28T04:00:00Z,74.95,76.86,73.875,76.695,204288
2021-07-27T04:00:00Z,75.91,77.28,73.36,74.26,256941
2021-07-26T04:00:00Z,76.01,77.215,74.885,76.48,394326
2021-07-23T04:00:00Z,75.76,77.9,74.26,76.91,534363
2021-07-22T04:00:00Z,72.66,72.86,71.285,72.68,159485
2021-07-21T04:00:00Z,70.79,72.32,69.99,72.22,273660
2021-07-20T04:00:00Z,71.64,71.87,69.62,71.46,312917
2021-07-19T04:00:00Z,67.24,71.65,66.215,71.345,403349
2021-07-16T04:00:00Z,70.22,70.47,68.38,68.735,257341
2021-07-15T04:00:00Z,69.91,72.1,68.94,70.015,349076
2021-07-14T04:00:00Z,72.91,73.45,69.735,69.79,292864
2021-07-13T04:00:00Z,72.94,73.59,71.36,72.07,471448
2021-07-12T04:00:00Z,77.41,77.85,73.11,73.26,384423
2021-07-09T04:00:00Z,75.45,77.14,74.35,76.97,211245
2021-07-08T04:00:00Z,75.68,76.4,74.19,75.86,332504
2021-07-07T04:00:00Z,81.21,81.77,77.73,77.73,282479
2021-07-06T04:00:00Z,79.605,81.66,79.41,80.34,312651
2021-07-02T04:00:00Z,79.765,80.52,78.78,79.28,246292
2021-07-01T04:00:00Z,79.21,80.025,78.235,79.88,250562
2021-06-30T04:00:00Z,78.59,79.275,77.43,79,273698
2021-06-29T04:00:00Z,78.55,79.08,77.45,78.68,203031
2021-06-28T04:00:00Z,77.5,78.985,76.82,78.8,258949
2021-06-25T04:00:00Z,76.94,77.45,75.23,76.88,292134
2021-06-24T04:00:00Z,75.49,76.79,74.88,76.28,253775
2021-06-23T04:00:00Z,73.355,75.21,73.35,74.8,296835
2021-06-22T04:00:00Z,71.36,73.645,71.3,73.17,339115
2021-06-21T04:00:00Z,73.14,73.23,70.05,71.18,528316
2021-06-18T04:00:00Z,73.25,74.55,72.88,74.29,354461
2021-06-17T04:00:00Z,69.07,73.465,69.07,73.145,581020
2021-06-16T04:00:00Z,70.82,71.58,68.705,69.64,346702
2021-06-15T04:00:00Z,68.74,71.29,68.11,70.45,853882
2021-06-14T04:00:00Z,68.455,70,67.945,68.66,347262
2021-06-11T04:00:00Z,68.22,69.05,67.9,68.2,378046
2021-06-10T04:00:00Z,66.37,68.41,66.14,68.28,321016
2021-06-09T04:00:00Z,66.04,67.58,65.94,66.16,220860
2021-06-08T04:00:00Z,65.99,68.05,65.58,66.04,522944
2021-06-07T04:00:00Z,62.84,65.455,62.07,65.42,281506
2021-06-04T04:00:00Z,62.905,63.65,62.7,62.87,279181
2021-06-03T04:00:00Z,63.64,64.3,62.425,62.64,197687
2021-06-02T04:00:00Z,64.32,64.47,63.19,64.06,237303
2021-06-01T04:00:00Z,66,66.62,63.9,64.33,341452
2021-05-28T04:00:00Z,64.54,65.82,64.54,65.28,398454
2021-05-27T04:00:00Z,63.1,64.69,62.06,64.29,265417
2021-05-26T04:00:00Z,62.235,63.455,60.86,62.91,619802
2021-05-25T04:00:00Z,63.245,64.51,62.76,63.74,289861
2021-05-24T04:00:00Z,61.17,63.5,60.82,62.92,292240
2021-05-21T04:00:00Z,61.56,61.91,60.48,60.86,357299
2021-05-20T04:00:00Z,58.88,61.805,58.88,61.345,555389
2021-05-19T04:00:00Z,56.405,58.685,56.17,58.59,216074
2021-05-18T04:00:00Z,58.93,60.07,58.23,58.3,333408
2021-05-17T04:00:00Z,57.5,58.13,56.355,58.11,318660
2021-05-14T04:00:00Z,55.59,58.295,55.59,58.06,525212
2021-05-13T04:00:00Z,57.73,57.75,53.98,55.5,572372
2021-05-12T04:00:00Z,58.62,59.41,55.34,57.15,694665
2021-05-11T04:00:00Z,55.94,60.34,55.79,59.71,1167079
2021-05-10T04:00:00Z,58.15,60.12,57.2,58.34,515865
2021-05-07T04:00:00Z,60.38,61.28,58.93,59.86,555077
2021-05-06T04:00:00Z,61.075,61.075,57.05,59.24,971417
2021-05-05T04:00:00Z,62.875,62.98,61.26,61.85,555346
2021-05-04T04:00:00Z,62.8,63.18,59.87,62.33,875015
2021-05-03T04:00:00Z,66.78,67.37,63.26,63.71,542676
2021-04-30T04:00:00Z,66.85,67.39,65.825,66.39,514803
2021-04-29T04:00:00Z,67.08,68.395,65.42,68.255,525092
2021-04-28T04:00:00Z,69.095,69.63,65.89,66.46,1913467
2021-04-27T04:00:00Z,76.49,78.6,76.055,77.46,494205
2021-04-26T04:00:00Z,74.82,76.69,74.14,76.675,310571
2021-04-23T04:00:00Z,74.92,75.87,72.37,75.02,607261
2021-04-22T04:00:00Z,73.68,74.185,71.45,71.97,397989
2021-04-21T04:00:00Z,70.88,72.9,69.89,72.5,453937
2021-04-20T04:00:00Z,73.79,74.22,70.67,71.3,636399
2021-04-16T04:00:00Z,83.91,83.91,75.37,76.19,1127499
2021-04-15T04:00:00Z,84.76,85.13,83.34,84.38,270976
2021-04-14T04:00:00Z,84.74,88.8,82.975,83.44,317361
2021-04-13T04:00:00Z,84.49,84.6,82.59,83.86,129186
2021-04-12T04:00:00Z,84.8,84.815,81.68,83.99,468381
2021-04-09T04:00:00Z,85.19,86.09,83.21,85.53,550984
2021-04-08T04:00:00Z,84.81,86.11,83.93,86.03,248857
2021-04-07T04:00:00Z,82.65,85.53,82.17,83.81,374514
2021-04-06T04:00:00Z,80.785,84.35,80.46,83.29,606721
2021-04-05T04:00:00Z,79.39,80.22,77.84,79.48,467037
2021-04-01T04:00:00Z,75.99,78.61,75.97,77.715,679315
2021-03-31T04:00:00Z,70.37,74.65,70.19,74.045,350585
2021-03-30T04:00:00Z,68.8,70.68,68.36,69.37,372914
2021-03-29T04:00:00Z,68.825,69.79,67.55,69.41,426136
2021-03-26T04:00:00Z,68.82,69.72,66.84,69.07,459479
2021-03-25T04:00:00Z,66.375,68.91,65.54,68.26,741826
2021-03-24T04:00:00Z,71.61,72.69,69.195,69.53,810691
2021-03-23T04:00:00Z,71.965,72.02,70.61,71.28,400359
2021-03-22T04:00:00Z,71.895,73.24,70.145,72.21,812052
2021-03-19T04:00:00Z,69.59,73.18,69.59,72.96,336258
2021-03-18T04:00:00Z,74.11,74.17,69.11,69.4,637236
2021-03-17T04:00:00Z,72.21,75.61,71.055,74.97,364087
2021-03-16T04:00:00Z,73.88,75.075,72.59,73.77,316611
2021-03-15T04:00:00Z,72.3,72.75,70.11,72.75,306350
2021-03-12T05:00:00Z,68.74,71.75,67.72,71.75,313829
2021-03-11T05:00:00Z,71.905,72.255,69.535,71.93,532352
2021-03-10T05:00:00Z,68.71,70.74,67.25,69,714646
2021-03-09T05:00:00Z,66.51,67.855,64.4,67.43,974520
2021-03-08T05:00:00Z,68.54,69.63,62.33,62.48,520347
2021-03-05T05:00:00Z,70.02,70.295,60.33,68.07,939102
2021-03-04T05:00:00Z,72.44,74.205,66.44,68.77,1211025
2021-03-03T05:00:00Z,81.16,81.66,73.01,74.36,585724
2021-03-02T05:00:00Z,84.09,85.07,80.3,81.16,312841
2021-03-01T05:00:00Z,82.57,83.46,80.92,83.21,482221
2021-02-26T05:00:00Z,80,81.52,76.41,80.64,399731
2021-02-25T05:00:00Z,85.035,86.43,78.725,79.11,465604
2021-02-24T05:00:00Z,83.79,85.325,81.545,84.17,297779
2021-02-23T05:00:00Z,74.84,84.905,70.645,84.57,874068
2021-02-22T05:00:00Z,84.915,86.78,80.455,80.9,486238
2021-02-19T05:00:00Z,87.26,88.23,85.45,85.92,343698
2021-02-18T05:00:00Z,84.875,86.78,83.75,85.94,329577
2021-02-17T05:00:00Z,87.09,87.42,83.69,86.21,324404
2021-02-16T05:00:00Z,86.56,89.87,86.545,89.18,534702
2021-02-12T05:00:00Z,86.84,86.91,83.655,84.03,406287
2021-02-11T05:00:00Z,85.52,87.37,83.52,87.03,910638
2021-02-10T05:00:00Z,80.905,82.43,78.6,81.13,359160
2021-02-09T05:00:00Z,79.6,81.61,79.03,79.41,381473
2021-02-08T05:00:00Z,81.51,81.69,77.94,79.79,836346
2021-02-05T05:00:00Z,86.24,86.33,79.75,81.94,1720578
2021-02-04T05:00:00Z,78.82,79.14,75.14,77.86,1051311
2021-02-03T05:00:00Z,75.9,77.96,73.095,77.16,660365
2021-02-02T05:00:00Z,72.525,74.115,71.38,73.84,357981
2021-02-01T05:00:00Z,69.64,71.95,68.62,70.77,543559
2021-01-29T05:00:00Z,68.1,69.23,65.91,68.5,416810
2021-01-28T05:00:00Z,67.275,69.23,66.2,68.5,474071
2021-01-27T05:00:00Z,65.6,68.83,62.19,64.71,628333
2021-01-26T05:00:00Z,73.705,73.81,68.57,69.24,559968
2021-01-25T05:00:00Z,74.43,75.06,68.61,73.35,690296
2021-01-22T05:00:00Z,73.475,75.38,72.92,73.18,462202
2021-01-21T05:00:00Z,74.32,74.42,72.245,73.52,386170
2021-01-20T05:00:00Z,72.45,72.97,69.59,72.57,303187
2021-01-19T05:00:00Z,71.75,71.92,69.6,71,245621
2021-01-15T05:00:00Z,71.22,71.82,68.935,69.77,381956
2021-01-14T05:00:00Z,73.49,76.2,70.43,70.95,350586
2021-01-13T05:00:00Z,76.12,76.86,72.73,72.76,248826
2021-01-12T05:00:00Z,71.43,75.03,71.21,75.03,345770
2021-01-11T05:00:00Z,70.73,72.88,69.11,71.68,295263
2021-01-08T05:00:00Z,72.29,73.53,69.56,71.85,367633
2021-01-07T05:00:00Z,67.72,71.41,67.72,71.385,443560
2021-01-06T05:00:00Z,65.78,68.32,64.77,67,294038
2021-01-05T05:00:00Z,67.815,69.37,67.52,68.42,200002
2021-01-04T05:00:00Z,66.02,69.61,64.53,68.05,396087
2020-12-31T05:00:00Z,67.235,67.235,65.55,65.9,218888
2020-12-30T05:00:00Z,68.4,68.41,65.97,67.14,436487
2020-12-29T05:00:00Z,68.09,69.42,66.71,68.31,204624
2020-12-28T05:00:00Z,71.91,72.44,66.77,67.7,253959
2020-12-24T05:00:00Z,73.05,73.35,70.37,71.09,118654
2020-12-23T05:00:00Z,73.21,75.39,72.68,73.005,292414
2020-12-22T05:00:00Z,70.3,72.385,69.37,72.35,259005
2020-12-21T05:00:00Z,69.66,71.6,68.37,69.785,432609
2020-12-18T05:00:00Z,71.585,71.73,69.85,70.34,306064
2020-12-17T05:00:00Z,71.63,72.63,70.15,71.02,308463
2020-12-16T05:00:00Z,70.92,71.42,68.68,70.285,227588
2020-12-15T05:00:00Z,70.17,70.96,68.98,70.73,306426
2020-12-14T05:00:00Z,72.17,72.17,69.52,69.78,310660
2020-12-11T05:00:00Z,71.425,72.84,69.285,71.12,201593
2020-12-10T05:00:00Z,67.71,71.89,66.68,71.69,259290
2020-12-09T05:00:00Z,69.915,72.72,67.47,68.525,362825
2020-12-08T05:00:00Z,70.29,70.73,68.42,69.875,197026
2020-12-07T05:00:00Z,68.28,70.89,67.96,70.335,322649
2020-12-04T05:00:00Z,70.12,70.19,66.795,67.3,381518
2020-12-03T05:00:00Z,68.5,71.37,68.06,69.56,381919
2020-12-02T05:00:00Z,67.16,68.34,65.165,68,250739
2020-12-01T05:00:00Z,71,71.1,67.47,68.21,285754
2020-11-30T05:00:00Z,70.25,70.5,65.75,70.02,500312
2020-11-27T05:00:00Z,68.17,70.11,66.975,69.71,331596
2020-11-25T05:00:00Z,64.3,67.71,64.1,67.51,314132
2020-11-24T05:00:00Z,65.83,65.86,62.46,63.91,655250
2020-11-23T05:00:00Z,67.63,68.02,63.64,65.78,449873
2020-11-20T05:00:00Z,66.48,67.585,66.29,66.88,239142
2020-11-19T05:00:00Z,64.95,67.14,64.81,65.925,430121
2020-11-18T05:00:00Z,63.07,65.28,62.75,64.45,382229
2020-11-17T05:00:00Z,62.47,64.09,61.85,63.39,455728
2020-11-16T05:00:00Z,61.35,62.65,59.16,62.65,479044
2020-11-13T05:00:00Z,61.11,62.6,60.09,62.31,536961
2020-11-12T05:00:00Z,59.285,60.91,58.67,60.335,529299
2020-11-11T05:00:00Z,56.79,59.97,56.36,59.565,506035
2020-11-10T05:00:00Z,57.15,57.15,52.17,55.62,875858
2020-11-09T05:00:00Z,61.015,61.74,57.415,57.81,843701
2020-11-06T05:00:00Z,63.24,65.44,62.06,64.785,502790
2020-11-05T05:00:00Z,62.87,63.7,61.555,63.46,846871
2020-11-04T05:00:00Z,60.03,61.92,59.36,61.29,772366
2020-11-03T05:00:00Z,58.45,59.92,57.79,59.61,675983
2020-11-02T05:00:00Z,58.29,59.77,56.34,58.4,1714375
2020-10-30T04:00:00Z,61.01,61.73,57.725,58.985,3119997
2020-10-29T04:00:00Z,63.99,68.92,61.12,62.54,8393673
2020-10-28T04:00:00Z,50.05,50.7,48.58,48.77,1098714
2020-10-27T04:00:00Z,51.025,52.88,50.22,52.58,660025
2020-10-26T04:00:00Z,53.42,53.81,49.15,50.525,1916159
2020-10-23T04:00:00Z,50.99,53.23,49.65,53,821154
2020-10-22T04:00:00Z,50.265,51.1,48.31,50.755,648300
2020-10-21T04:00:00Z,49.33,52.04,48.8,49.45,2351999
2020-10-20T04:00:00Z,45.9,46.18,44.645,45.32,500323
2020-10-19T04:00:00Z,44.13,46.34,44.07,45.775,905290
2020-10-16T04:00:00Z,44.97,45.7,43.98,44.07,684316
2020-10-15T04:00:00Z,43.27,43.78,42.69,43.625,300635
2020-10-14T04:00:00Z,44.49,44.57,43.57,43.98,306341
2020-10-13T04:00:00Z,44.42,44.76,43.72,44.085,630541
2020-10-12T04:00:00Z,44.52,45.84,43.82,44,937667
2020-10-09T04:00:00Z,44.07,44.55,43.345,43.425,400299
2020-10-08T04:00:00Z,44.04,44.09,43.1,43.595,492691
2020-10-07T04:00:00Z,43.76,44.09,42.9,43.37,389550
2020-10-06T04:00:00Z,43.96,44.5,42.32,43.04,504196
2020-10-05T04:00:00Z,43.99,45.19,43.17,44.08,955233
2020-10-02T04:00:00Z,43.14,44.78,42.75,43.82,603652
2020-10-01T04:00:00Z,42.17,44.7,41.605,44.525,1127764
2020-09-30T04:00:00Z,40.74,42.15,40.74,41.48,295438
2020-09-29T04:00:00Z,41.29,41.62,40.5,40.585,222376
2020-09-28T04:00:00Z,41.42,41.49,40.07,40.94,297803
2020-09-25T04:00:00Z,38.715,39.955,38.19,39.915,307803
2020-09-24T04:00:00Z,39.22,39.76,38.08,38.515,372898
2020-09-23T04:00:00Z,40.55,42.52,39.28,39.56,803786
2020-09-22T04:00:00Z,37.56,40.59,37.56,40.565,1064744
2020-09-21T04:00:00Z,36.04,36.97,35.79,36.855,415546
2020-09-18T04:00:00Z,36.955,37.09,35.97,36.94,266782
2020-09-17T04:00:00Z,36.06,37.575,35.51,36.595,250676
2020-09-16T04:00:00Z,37.55,37.9,36.65,37.12,277193
2020-09-15T04:00:00Z,36.975,37.86,36.32,37.685,386354
2020-09-14T04:00:00Z,35.18,36.6,34.93,36.355,378037
2020-09-11T04:00:00Z,35.11,35.35,33.82,34.1,277393
2020-09-10T04:00:00Z,36.05,36.865,34.6,34.69,219677
2020-09-09T04:00:00Z,34.655,35.89,34.48,35.495,211426
2020-09-08T04:00:00Z,32.545,35.92,32.5,34.015,322845
2020-09-04T04:00:00Z,35.46,36.2,32.865,34.455,373210
2020-09-03T04:00:00Z,37.72,37.8,35.415,35.97,448146
2020-09-02T04:00:00Z,38.975,39.61,36.92,38.805,344218
2020-09-01T04:00:00Z,36.865,38.64,36.315,38.415,497590
2020-08-31T04:00:00Z,35.565,37.1,35.21,36.825,323417
2020-08-28T04:00:00Z,34.67,35.38,33.96,35.365,275636
2020-08-27T04:00:00Z,34.34,34.975,33.65,34.5,238245
2020-08-26T04:00:00Z,34.175,34.96,33.805,34.31,183349
2020-08-25T04:00:00Z,33.05,34.31,32.895,34.065,141202
2020-08-24T04:00:00Z,33.96,34.1,32.53,32.915,399603
2020-08-21T04:00:00Z,34.54,34.71,33.65,34.2,289232
2020-08-20T04:00:00Z,34.64,34.89,33.65,34.51,237257
2020-08-19T04:00:00Z,35.72,38.22,34.5,34.58,851854
2020-08-18T04:00:00Z,35.94,37.285,35.64,35.98,445048
2020-08-17T04:00:00Z,34.64,35.32,34.205,35.005,189406
2020-08-14T04:00:00Z,34.73,35.055,34.46,34.705,190606
2020-08-13T04:00:00Z,35.275,35.74,34.6,34.87,369425
2020-08-12T04:00:00Z,34.63,35.92,33.6,35.54,322022
2020-08-11T04:00:00Z,34.89,35.51,34.345,34.35,315247
2020-08-10T04:00:00Z,36.64,36.77,34.945,35.825,454668
2020-08-07T04:00:00Z,35.86,37.23,34.39,35.025,353277
2020-08-06T04:00:00Z,36.25,36.255,35.365,35.89,224548
2020-08-05T04:00:00Z,34.95,36.275,34.79,35.915,275382
2020-08-04T04:00:00Z,34.68,35.06,33.835,34.885,1070743
2020-08-03T04:00:00Z,34.59,37.3,34.29,36.06,985536
2020-07-31T04:00:00Z,33.545,34.39,31.12,34.285,2466870
2020-07-30T04:00:00Z,24.595,25.365,24.43,25.195,287626
2020-07-29T04:00:00Z,24.32,25.155,24.28,24.94,244722
2020-07-28T04:00:00Z,24.26,24.45,23.89,24.005,83777
2020-07-27T04:00:00Z,24.53,24.585,23.84,24.275,165650
