2024-06-14T04:00:00Z,23.18,23.715,22.855,23.575,391618
2024-06-13T04:00:00Z,23.84,24.12,23.15,23.27,401187
2024-06-12T04:00:00Z,24.22,24.325,23.585,23.775,366585
2024-06-11T04:00:00Z,23.125,23.95,22.9,23.86,454131
2024-06-10T04:00:00Z,22.74,23.16,22.7,23.13,364209
2024-06-07T04:00:00Z,23.205,23.565,23.06,23.32,465214
2024-06-06T04:00:00Z,23.01,23.945,23,23.785,771992
2024-06-05T04:00:00Z,22.45,22.98,22.225,22.95,413531
2024-06-04T04:00:00Z,21.12,22.255,21.12,22.1,449718
2024-06-03T04:00:00Z,21.775,21.775,21.015,21.32,603959
2024-05-31T04:00:00Z,21.82,22.19,21.315,21.67,499895
2024-05-30T04:00:00Z,21.25,21.95,21.03,21.745,602159
2024-05-29T04:00:00Z,20.785,20.99,20.64,20.945,290756
2024-05-28T04:00:00Z,21.05,21.22,20.73,21.055,282078
2024-05-24T04:00:00Z,20.71,21.145,20.66,21.01,199334
2024-05-23T04:00:00Z,21.38,21.47,20.635,20.73,430107
2024-05-22T04:00:00Z,21.275,21.4,21.085,21.165,232921
2024-05-21T04:00:00Z,21.44,21.44,21.13,21.23,467805
2024-05-20T04:00:00Z,21.75,21.765,21.22,21.63,434878
2024-05-17T04:00:00Z,21.725,22.165,21.565,21.76,463258
2024-05-16T04:00:00Z,21.74,21.87,21.545,21.67,318971
2024-05-15T04:00:00Z,21.75,21.8,21.19,21.675,535907
2024-05-14T04:00:00Z,20.985,22.065,20.985,21.44,1194633
2024-05-13T04:00:00Z,20.695,21.185,20.695,20.93,432530
2024-05-10T04:00:00Z,21.295,21.365,20.5,20.61,593832
2024-05-09T04:00:00Z,21.5,21.57,20.94,21.145,611991
2024-05-08T04:00:00Z,21.575,21.72,21.06,21.57,941341
2024-05-07T04:00:00Z,22.02,22.7,21.35,21.41,2219518
2024-05-06T04:00:00Z,24.36,25.355,24.055,25.215,1708638
2024-05-03T04:00:00Z,23.485,23.485,22.91,23.33,750629
2024-05-02T04:00:00Z,22.5,22.71,22.11,22.525,488866
2024-05-01T04:00:00Z,21.9,22.81,21.64,22.115,551980
2024-04-30T04:00:00Z,22.76,22.865,21.96,21.965,426308
2024-04-29T04:00:00Z,22.76,23.075,22.545,22.825,451503
2024-04-26T04:00:00Z,22.03,22.67,21.96,22.52,418668
2024-04-25T04:00:00Z,20.8,21.735,20.67,21.715,496283
2024-04-24T04:00:00Z,22.01,22.25,21.31,21.58,397067
2024-04-23T04:00:00Z,21.4,22.055,21.28,21.635,532677
2024-04-22T04:00:00Z,20.7,21.075,20.36,20.98,429117
2024-04-19T04:00:00Z,20.95,21.43,20.33,20.475,676586
2024-04-18T04:00:00Z,21.215,21.425,20.705,21.115,465768
2024-04-17T04:00:00Z,22,22.11,21.22,21.29,577572
2024-04-16T04:00:00Z,21.605,21.99,21.29,21.88,401340
2024-04-15T04:00:00Z,22.84,23.12,21.84,21.915,477387
2024-04-12T04:00:00Z,22.665,23.195,22.41,22.67,484655
2024-04-11T04:00:00Z,22.64,22.905,22.27,22.845,314538
2024-04-10T04:00:00Z,22.21,22.7,22.06,22.42,451473
2024-04-09T04:00:00Z,23.08,23.08,22.47,22.81,312147
2024-04-08T04:00:00Z,23.1,23.195,22.68,23.01,297806
2024-04-05T04:00:00Z,22.31,23.31,22.31,22.96,404260
2024-04-04T04:00:00Z,23.78,24.085,22.41,22.47,543200
2024-04-03T04:00:00Z,22.57,23.005,22.395,22.7,211376
2024-04-02T04:00:00Z,22,22.79,21.73,22.73,561698
2024-04-01T04:00:00Z,22.94,23.21,22.4,22.845,560420
2024-03-28T04:00:00Z,24.17,24.26,22.94,23.01,580889
2024-03-27T04:00:00Z,25.09,25.44,24.265,24.5,370044
2024-03-26T04:00:00Z,24.855,25.45,24.48,24.88,371835
2024-03-25T04:00:00Z,24.13,24.61,24.08,24.5,332284
2024-03-22T04:00:00Z,24.16,24.44,24.03,24.17,226290
2024-03-21T04:00:00Z,25.24,25.32,24.45,24.475,370176
2024-03-20T04:00:00Z,23.765,24.65,23.68,24.6,467458
2024-03-19T04:00:00Z,23.58,23.825,22.92,23.795,480526
2024-03-18T04:00:00Z,23.77,24.175,23.32,23.99,733683
2024-03-15T04:00:00Z,23.84,24.1,23.42,23.485,1111390
2024-03-14T04:00:00Z,24.82,24.94,24.14,24.46,650924
2024-03-13T04:00:00Z,24.7,25.43,24.6,25,549566
2024-03-12T04:00:00Z,25.6,25.62,24.35,24.7,764629
2024-03-11T04:00:00Z,25.845,26.83,25.295,25.36,662849
2024-03-08T05:00:00Z,27.185,27.275,25.84,26.04,1060854
2024-03-07T05:00:00Z,27.01,27.5,26.38,26.46,1308060
2024-03-06T05:00:00Z,25.76,26.75,24.545,26.15,2250536
2024-03-05T05:00:00Z,23.925,24.39,23.44,23.82,768478
2024-03-04T05:00:00Z,24.44,24.535,23.54,24.04,816868
2024-03-01T05:00:00Z,25.305,25.685,24.54,24.945,997877
2024-02-29T05:00:00Z,24.84,25.28,24.38,25.05,593348
2024-02-28T05:00:00Z,24.52,24.84,24.26,24.43,416490
2024-02-27T05:00:00Z,23.83,24.615,23.765,24.54,626050
2024-02-26T05:00:00Z,23.07,23.87,22.945,23.56,507331
2024-02-23T05:00:00Z,23.53,24.065,22.82,22.975,469111
2024-02-22T05:00:00Z,23.825,23.94,23.07,23.595,710106
2024-02-21T05:00:00Z,22.3,22.92,22.29,22.75,651335
2024-02-20T05:00:00Z,23.77,23.96,22.72,23.4,1137695
2024-02-16T05:00:00Z,25.005,25.49,24.395,24.45,577210
2024-02-15T05:00:00Z,25.13,25.46,24.725,25.41,796186
2024-02-14T05:00:00Z,24.18,25.49,23.77,25.16,751867
2024-02-13T05:00:00Z,23.48,24.66,23.31,24.01,787744
2024-02-12T05:00:00Z,23.89,25.51,23.82,25.05,863244
2024-02-09T05:00:00Z,25.09,25.09,23.575,24.37,1515691
2024-02-08T05:00:00Z,23.98,25.06,23.33,24.525,1969388
2024-02-07T05:00:00Z,21.59,23.87,21.38,23.6,2789902
2024-02-06T05:00:00Z,20.33,22.175,19.765,21.875,5849275
2024-02-05T05:00:00Z,17.57,17.86,16.48,16.74,1859611
2024-02-02T05:00:00Z,16.29,17.02,16.145,17.02,750653
2024-02-01T05:00:00Z,16.205,16.48,16.03,16.335,678340
2024-01-31T05:00:00Z,16.41,16.755,16.07,16.09,774912
2024-01-30T05:00:00Z,17.05,17.24,16.66,16.73,599370
2024-01-29T05:00:00Z,16.48,17.11,16.445,17.11,495417
2024-01-26T05:00:00Z,16.445,16.735,16.34,16.345,389364
2024-01-25T05:00:00Z,16.87,16.995,16.315,16.45,704752
2024-01-24T05:00:00Z,17.585,17.615,16.745,16.75,556803
2024-01-23T05:00:00Z,17.67,17.72,17.2,17.335,425082
2024-01-22T05:00:00Z,17.495,18.345,17.44,17.605,1429391
2024-01-19T05:00:00Z,16.565,16.78,16.155,16.78,814827
2024-01-18T05:00:00Z,16.79,16.81,16.1,16.39,318113
2024-01-17T05:00:00Z,16.31,16.41,16.05,16.39,368328
2024-01-16T05:00:00Z,16.59,16.73,16.3,16.535,350315
2024-01-12T05:00:00Z,16.705,17.06,16.635,16.77,402872
2024-01-11T05:00:00Z,16.79,16.92,16.17,16.67,451018
2024-01-10T05:00:00Z,16.54,17.015,16.4,16.785,482318
2024-01-09T05:00:00Z,16.6,16.61,16.285,16.38,545748
2024-01-08T05:00:00Z,16.22,16.885,16.15,16.68,800250
2024-01-05T05:00:00Z,15.69,16.12,15.675,15.98,1080386
2024-01-04T05:00:00Z,16.03,16.575,15.96,16.255,428891
2024-01-03T05:00:00Z,16.105,16.375,16.01,16.1,622888
2024-01-02T05:00:00Z,16.91,16.925,16.5,16.585,622578
2023-12-29T05:00:00Z,17.54,17.63,17.105,17.165,376973
2023-12-28T05:00:00Z,17.46,17.83,17.42,17.57,486505
2023-12-27T05:00:00Z,17.79,17.89,17.465,17.47,283326
2023-12-26T05:00:00Z,17.405,17.745,17.34,17.69,234701
2023-12-22T05:00:00Z,17.675,17.675,17.34,17.41,293871
2023-12-21T05:00:00Z,17.57,17.73,17.43,17.59,365956
2023-12-20T05:00:00Z,17.85,17.91,17.19,17.24,444336
2023-12-19T05:00:00Z,18,18.19,17.84,17.96,563443
2023-12-18T05:00:00Z,18.195,18.57,17.775,17.855,643580
2023-12-15T05:00:00Z,18.67,19.145,18.045,18.18,1283639
2023-12-14T05:00:00Z,18.185,18.57,17.72,18.205,927808
2023-12-13T05:00:00Z,17.71,17.9,17.22,17.865,484529
2023-12-12T05:00:00Z,17.72,17.87,17.24,17.495,463554
2023-12-11T05:00:00Z,17.895,18.275,17.7,17.775,594410
2023-12-08T05:00:00Z,17.24,17.92,17.115,17.765,1042697
2023-12-07T05:00:00Z,17.23,17.48,17.085,17.23,858210
2023-12-06T05:00:00Z,17.68,17.825,17.07,17.135,1719033
2023-12-05T05:00:00Z,18.265,18.525,17.96,18.31,600107
2023-12-04T05:00:00Z,19.76,19.825,18.27,18.41,1830605
2023-12-01T05:00:00Z,19.935,20.285,19.56,20.28,505281
2023-11-30T05:00:00Z,19.93,20.23,19.685,20.05,944662
2023-11-29T05:00:00Z,19.975,20.305,19.78,19.86,742638
2023-11-28T05:00:00Z,19.11,19.8,19.04,19.71,721740
2023-11-27T05:00:00Z,19.095,19.495,18.64,19.075,658865
2023-11-24T05:00:00Z,19.38,19.58,18.94,19.25,416861
2023-11-22T05:00:00Z,20.33,20.44,19.34,19.675,910596
2023-11-21T05:00:00Z,21.08,21.8,19.73,19.8,1364757
2023-11-20T05:00:00Z,20.675,21.585,20.58,21.33,1068222
2023-11-17T05:00:00Z,19.7,20.58,19.675,20.51,906348
2023-11-16T05:00:00Z,19.83,19.865,19.29,19.765,831177
2023-11-15T05:00:00Z,19.875,20.37,19.625,19.955,842347
2023-11-14T05:00:00Z,20.09,20.1,19.5,19.945,1076459
2023-11-13T05:00:00Z,19.595,19.875,19.3,19.705,873676
2023-11-10T05:00:00Z,18.11,19.715,18.11,19.68,1542289
2023-11-09T05:00:00Z,18.7,18.87,18.17,18.29,652047
2023-11-08T05:00:00Z,18.81,18.91,18.15,18.485,652444
2023-11-07T05:00:00Z,18.85,19.17,18.54,18.8,707728
2023-11-06T05:00:00Z,18.98,19.08,17.94,18.54,1252421
2023-11-03T04:00:00Z,18.04,19.07,17.77,18.895,1716137
2023-11-02T04:00:00Z,17.51,18.285,17.22,17.98,2569015
2023-11-01T04:00:00Z,14.815,14.96,14.48,14.94,1767244
2023-10-31T04:00:00Z,14.615,15,14.57,14.805,577803
2023-10-30T04:00:00Z,15.28,15.28,14.56,14.7,571812
2023-10-27T04:00:00Z,15.56,15.56,14.96,15.07,584432
2023-10-26T04:00:00Z,15.565,15.88,15.05,15.28,636071
2023-10-25T04:00:00Z,16.575,16.575,15.58,15.595,529838
2023-10-24T04:00:00Z,16.39,16.93,16.305,16.63,409365
2023-10-23T04:00:00Z,15.88,16.34,15.22,16.195,643032
2023-10-20T04:00:00Z,16.84,16.935,15.81,16.12,953686
2023-10-19T04:00:00Z,17.45,17.57,16.98,17.06,556390
2023-10-18T04:00:00Z,17.8,18.22,17.19,17.19,360478
2023-10-17T04:00:00Z,16.985,18.02,16.92,17.84,415971
2023-10-16T04:00:00Z,17.215,17.45,16.68,17.365,607082
2023-10-13T04:00:00Z,18.155,18.155,17.275,17.385,390762
2023-10-12T04:00:00Z,17.92,18.23,17.56,17.93,882695
2023-10-11T04:00:00Z,17.85,18.415,17.73,17.91,392516
2023-10-10T04:00:00Z,18.07,18.395,17.62,17.795,832100
2023-10-09T04:00:00Z,16.25,17.815,16.23,17.61,1027682
2023-10-06T04:00:00Z,15.51,16.685,15.51,16.62,663444
2023-10-05T04:00:00Z,15.585,15.89,15.41,15.815,640305
2023-10-04T04:00:00Z,15.38,15.845,15.17,15.74,569575
2023-10-03T04:00:00Z,15.6,15.75,14.825,14.895,1009222
2023-10-02T04:00:00Z,16.02,16.43,15.78,15.895,480996
2023-09-29T04:00:00Z,16.12,16.805,15.965,16.01,984257
2023-09-28T04:00:00Z,15.095,15.96,14.83,15.77,1106145
2023-09-27T04:00:00Z,14.19,14.955,14.19,14.86,1149993
2023-09-26T04:00:00Z,13.96,14.16,13.88,13.965,477663
2023-09-25T04:00:00Z,14,14.23,13.85,14.22,372374
2023-09-22T04:00:00Z,14.21,14.41,14.045,14.13,523554
2023-09-21T04:00:00Z,14.305,14.59,13.69,14,1024625
2023-09-20T04:00:00Z,15.255,15.41,14.74,14.74,326329
2023-09-19T04:00:00Z,15.325,15.495,14.95,15.15,496869
2023-09-18T04:00:00Z,15.155,15.62,15.07,15.47,459535
2023-09-15T04:00:00Z,15.76,15.865,15.17,15.3,505224
2023-09-14T04:00:00Z,15.7,16.035,15.48,15.825,351911
2023-09-13T04:00:00Z,15.55,15.84,15.42,15.61,525927
2023-09-12T04:00:00Z,15.45,16.15,15.45,15.6,809605
2023-09-11T04:00:00Z,15.42,16.095,15.36,15.81,798126
2023-09-08T04:00:00Z,15.185,15.595,15.09,15.14,409764
2023-09-07T04:00:00Z,14.81,15.23,14.29,15.21,690906
2023-09-06T04:00:00Z,15.17,15.62,15.08,15.305,420133
2023-09-05T04:00:00Z,15.08,15.415,14.9,15.215,453735
2023-09-01T04:00:00Z,15.135,15.35,14.835,15.175,665920
2023-08-31T04:00:00Z,15.63,15.795,14.66,14.985,1105699
2023-08-30T04:00:00Z,15.45,16.345,15.33,16.335,813891
2023-08-29T04:00:00Z,14.62,15.62,14.505,15.405,639240
2023-08-28T04:00:00Z,14.67,14.87,14.5,14.64,440416
2023-08-25T04:00:00Z,14.16,14.64,14.02,14.52,550112
2023-08-24T04:00:00Z,15.7,15.7,13.88,14.145,1636539
2023-08-23T04:00:00Z,14.52,15.465,14.47,15.305,625585
2023-08-22T04:00:00Z,14.8,15.125,14.63,14.675,793077
2023-08-21T04:00:00Z,14.43,14.76,14.34,14.495,455054
2023-08-18T04:00:00Z,13.89,14.595,13.69,14.405,868222
2023-08-17T04:00:00Z,15.36,15.38,14.04,14.15,1314316
2023-08-16T04:00:00Z,15.185,15.72,15.15,15.44,422004
2023-08-15T04:00:00Z,15.62,15.87,15.29,15.36,595491
2023-08-14T04:00:00Z,15.14,15.725,14.97,15.72,477406
2023-08-11T04:00:00Z,15.035,15.57,14.91,15.405,661744
2023-08-10T04:00:00Z,15.45,15.86,15.25,15.4,1128738
2023-08-09T04:00:00Z,16.76,16.91,15.1,15.245,1684265
2023-08-08T04:00:00Z,17.39,17.39,16.1,17.03,1829008
2023-08-07T04:00:00Z,18.26,18.385,17.01,17.99,1784496
2023-08-04T04:00:00Z,18.905,19.07,18.08,18.195,621835
2023-08-03T04:00:00Z,18.65,19.3,18.62,18.71,444298
2023-08-02T04:00:00Z,19.28,19.615,18.15,18.955,987230
2023-08-01T04:00:00Z,19.4,20.235,19.235,19.985,1102684
2023-07-31T04:00:00Z,18.82,19.99,18.39,19.83,1976523
2023-07-28T04:00:00Z,17.19,17.97,16.75,17.805,999099
2023-07-27T04:00:00Z,16.84,17.19,16.015,16.15,686114
2023-07-26T04:00:00Z,16.41,16.68,16.135,16.435,348619
2023-07-25T04:00:00Z,16.42,16.855,16.37,16.56,293689
2023-07-24T04:00:00Z,16.61,16.68,16.13,16.325,366391
2023-07-21T04:00:00Z,17.415,17.435,16.22,16.435,597210
2023-07-20T04:00:00Z,17.525,17.99,16.98,17.14,943145
2023-07-19T04:00:00Z,18.095,18.99,17.77,18.045,807261
2023-07-18T04:00:00Z,17.88,18.13,17.19,18.07,1225623
2023-07-17T04:00:00Z,16.41,17.585,16.335,17.41,699443
2023-07-14T04:00:00Z,16.79,17,16.275,16.4,540650
2023-07-13T04:00:00Z,16.705,17.255,16.67,16.74,589710
2023-07-12T04:00:00Z,16.8,16.935,16.41,16.58,639083
2023-07-11T04:00:00Z,16.495,16.92,16.15,16.49,939019
2023-07-10T04:00:00Z,15.37,16.32,14.96,16.3,739200
2023-07-07T04:00:00Z,15.29,15.895,15.2,15.35,446520
2023-07-06T04:00:00Z,15.34,15.365,14.63,15.15,718210
2023-07-05T04:00:00Z,15.44,15.76,15.24,15.71,540264
2023-07-03T04:00:00Z,15.49,15.585,15.195,15.51,394879
2023-06-30T04:00:00Z,15.48,15.79,15.24,15.33,552911
2023-06-29T04:00:00Z,15.395,15.57,15.06,15.2,589114
2023-06-28T04:00:00Z,14.52,15.425,14.48,15.26,1006304
2023-06-27T04:00:00Z,14.25,14.76,13.96,14.615,730560
2023-06-26T04:00:00Z,13.865,14.41,13.86,13.945,904513
2023-06-23T04:00:00Z,13.66,14.13,13.565,14.02,1480495
2023-06-22T04:00:00Z,14.265,14.43,13.86,14.05,1565986
2023-06-21T04:00:00Z,15.7,15.75,14.375,14.64,1225887
2023-06-20T04:00:00Z,15.98,16.87,15.58,15.8,1057192
2023-06-16T04:00:00Z,16.89,16.89,16.01,16.32,1050157
2023-06-15T04:00:00Z,15.665,16.785,15.51,16.6,1462992
2023-06-14T04:00:00Z,15.91,16.19,15.445,15.92,779469
2023-06-13T04:00:00Z,16.22,16.245,15.17,15.99,1302115
2023-06-12T04:00:00Z,15.42,16.015,15.34,15.65,756632
2023-06-09T04:00:00Z,15.36,15.97,14.82,15.01,1141665
2023-06-08T04:00:00Z,14.43,15.59,14.39,15.2,1470874
2023-06-07T04:00:00Z,16,17.155,14.53,14.715,2417807
2023-06-06T04:00:00Z,15.28,15.58,14.94,15.46,722960
2023-06-05T04:00:00Z,14.385,15.7,14.375,15.23,1332102
2023-06-02T04:00:00Z,14.67,15.02,14.16,14.52,976109
2023-06-01T04:00:00Z,14.42,15.215,14.21,14.54,1730006
2023-05-31T04:00:00Z,14.17,14.785,13.85,14.71,1476310
2023-05-30T04:00:00Z,14.44,15.005,14.25,14.715,2496735
2023-05-26T04:00:00Z,12.86,14.195,12.85,13.64,2621711
2023-05-25T04:00:00Z,13.18,13.22,12.34,12.84,1965539
2023-05-24T04:00:00Z,12.035,12.425,11.825,12.225,1525422
2023-05-23T04:00:00Z,11.96,13.415,11.875,12.64,2275155
2023-05-22T04:00:00Z,11.62,12.1,11.39,11.83,882111
2023-05-19T04:00:00Z,11.96,12.405,11.525,11.705,2421575
2023-05-18T04:00:00Z,10.43,11.81,10.4,11.74,3212781
2023-05-17T04:00:00Z,9.49,10.285,9.46,10.25,1244217
2023-05-16T04:00:00Z,9.4,9.63,9.36,9.48,832617
2023-05-15T04:00:00Z,9.21,9.6,9.025,9.525,1053845
2023-05-12T04:00:00Z,9.82,10.01,9.47,9.52,1382677
2023-05-11T04:00:00Z,10.1,10.155,9.71,9.875,923394
2023-05-10T04:00:00Z,9.72,10.3,9.46,9.93,2671898
2023-05-09T04:00:00Z,9.23,9.685,8.66,9.54,4550276
2023-05-08T04:00:00Z,7.63,7.85,7.6,7.76,1332351
2023-05-05T04:00:00Z,7.495,7.535,7.325,7.405,746886
2023-05-04T04:00:00Z,7.5,7.51,7.28,7.375,643889
2023-05-03T04:00:00Z,7.62,7.67,7.455,7.56,784039
2023-05-02T04:00:00Z,7.75,7.78,7.435,7.595,1290764
2023-05-01T04:00:00Z,7.74,7.82,7.665,7.77,379409
2023-04-28T04:00:00Z,7.8,8,7.63,7.76,459789
2023-04-27T04:00:00Z,7.865,7.91,7.725,7.815,430107
2023-04-26T04:00:00Z,7.88,7.905,7.65,7.745,548786
2023-04-25T04:00:00Z,8.01,8.01,7.73,7.735,308451
2023-04-24T04:00:00Z,8.14,8.25,7.945,8.09,342811
2023-04-21T04:00:00Z,8.14,8.22,8.105,8.18,292504
2023-04-20T04:00:00Z,8.28,8.495,8.135,8.155,363433
2023-04-19T04:00:00Z,8.59,8.65,8.48,8.485,366096
2023-04-18T04:00:00Z,8.93,9.02,8.725,8.725,342804
2023-04-17T04:00:00Z,8.8,9.04,8.78,8.795,538637
2023-04-14T04:00:00Z,8.52,8.905,8.47,8.8,755375
2023-04-13T04:00:00Z,8.51,8.7,8.43,8.575,407968
2023-04-12T04:00:00Z,8.735,8.77,8.3,8.325,417843
2023-04-11T04:00:00Z,8.395,8.79,8.395,8.62,478515
2023-04-10T04:00:00Z,8,8.435,7.91,8.395,432109
2023-04-06T04:00:00Z,7.86,8.14,7.79,8.09,285933
2023-04-05T04:00:00Z,8.64,8.645,7.845,7.975,844721
2023-04-04T04:00:00Z,8.52,8.53,8.24,8.36,408692
2023-04-03T04:00:00Z,8.35,8.525,8.215,8.38,436362
2023-03-31T04:00:00Z,8.13,8.475,8.09,8.45,350973
2023-03-30T04:00:00Z,8.355,8.355,8.05,8.145,284798
2023-03-29T04:00:00Z,8.1,8.25,8.06,8.225,242148
2023-03-28T04:00:00Z,8.075,8.11,7.975,8.005,183771
2023-03-27T04:00:00Z,8.19,8.31,7.94,8.04,440204
2023-03-24T04:00:00Z,8.29,8.345,8.065,8.2,365226
2023-03-23T04:00:00Z,8.31,8.545,8.16,8.33,602837
2023-03-22T04:00:00Z,8.49,8.615,8.2,8.2,765739
2023-03-21T04:00:00Z,8.215,8.505,8.205,8.44,512198
2023-03-20T04:00:00Z,7.74,8.095,7.73,8.085,967182
2023-03-17T04:00:00Z,7.935,8.03,7.845,7.88,397765
2023-03-16T04:00:00Z,8.02,8.07,7.87,7.975,321715
2023-03-15T04:00:00Z,7.83,7.985,7.705,7.885,501600
2023-03-14T04:00:00Z,8.04,8.135,7.78,7.89,683688
2023-03-13T04:00:00Z,7.28,8.15,7.195,7.87,2066868
2023-03-10T05:00:00Z,7.55,7.68,7.29,7.36,1121646
2023-03-09T05:00:00Z,8.08,8.255,7.68,7.68,753819
2023-03-08T05:00:00Z,8.345,8.575,8.065,8.13,619394
2023-03-07T05:00:00Z,8.28,8.42,8.205,8.28,737289
2023-03-06T05:00:00Z,8.35,8.445,8.21,8.285,645583
2023-03-03T05:00:00Z,8.07,8.5,8.03,8.33,1244511
2023-03-02T05:00:00Z,7.59,8.025,7.565,7.98,921206
2023-03-01T05:00:00Z,7.83,7.895,7.69,7.69,488312
2023-02-28T05:00:00Z,8.01,8.09,7.805,7.835,478061
2023-02-27T05:00:00Z,8.13,8.22,7.96,8.03,471966
2023-02-24T05:00:00Z,7.91,8.195,7.885,8.09,1512892
2023-02-23T05:00:00Z,8.44,8.47,7.915,8.175,1903941
2023-02-22T05:00:00Z,8.495,8.62,8.165,8.365,1036397
2023-02-21T05:00:00Z,9.015,9.095,8.4,8.48,1762455
2023-02-17T05:00:00Z,9.53,9.71,9.085,9.21,893960
2023-02-16T05:00:00Z,9.66,10.31,9.6,9.705,1808429
2023-02-15T05:00:00Z,9.21,10.23,9.115,10.1,3590809
2023-02-14T05:00:00Z,8.58,9.295,8.23,9.215,3165663
2023-02-13T05:00:00Z,7.58,7.77,7.45,7.6,1535113
2023-02-10T05:00:00Z,7.78,7.855,7.46,7.515,818174
2023-02-09T05:00:00Z,8.34,8.43,7.94,7.94,545693
2023-02-08T05:00:00Z,8.3,8.56,8.17,8.23,551358
2023-02-07T05:00:00Z,8.29,8.405,8.065,8.325,969264
2023-02-06T05:00:00Z,8.29,8.53,8.26,8.32,754249
2023-02-03T05:00:00Z,8.53,8.9,8.375,8.425,1015805
2023-02-02T05:00:00Z,8.51,9.21,8.51,8.995,1368869
2023-02-01T05:00:00Z,7.735,8.22,7.695,8.2,836900
2023-01-31T05:00:00Z,7.415,7.815,7.385,7.78,597909
2023-01-30T05:00:00Z,7.495,7.605,7.36,7.37,531249
2023-01-27T05:00:00Z,7.165,7.73,7.165,7.54,374198
2023-01-26T05:00:00Z,7.42,7.44,7.04,7.235,287834
2023-01-25T05:00:00Z,6.87,7.26,6.695,7.22,660644
2023-01-24T05:00:00Z,6.13,7.37,6.13,7.015,516868
2023-01-23T05:00:00Z,7.035,7.405,7.01,7.385,605761
2023-01-20T05:00:00Z,6.79,7.055,6.73,7.02,834543
2023-01-19T05:00:00Z,6.805,6.895,6.67,6.73,520667
2023-01-18T05:00:00Z,7.19,7.295,6.88,6.91,310481
2023-01-17T05:00:00Z,6.985,7.145,6.735,7.075,1146919
2023-01-13T05:00:00Z,6.82,7.01,6.82,6.95,266511
2023-01-12T05:00:00Z,7.01,7.05,6.78,7.015,773784
2023-01-11T05:00:00Z,6.85,6.99,6.76,6.975,454435
2023-01-10T05:00:00Z,6.5,6.71,6.49,6.69,579142
2023-01-09T05:00:00Z,6.485,6.665,6.41,6.505,795523
2023-01-06T05:00:00Z,6.34,6.445,6.095,6.405,440709
2023-01-05T05:00:00Z,6.48,6.48,6.25,6.32,518419
2023-01-04T05:00:00Z,6.47,6.67,6.37,6.59,702462
2023-01-03T05:00:00Z,6.565,6.64,6.275,6.4,521414
2022-12-30T05:00:00Z,6.255,6.42,6.235,6.405,441414
2022-12-29T05:00:00Z,6.14,6.52,6.105,6.39,910178
2022-12-28T05:00:00Z,5.975,6.17,5.95,6.07,439292
2022-12-27T05:00:00Z,6.14,6.22,5.925,5.995,435096
2022-12-23T05:00:00Z,6.265,6.29,6.07,6.27,279059
2022-12-22T05:00:00Z,6.365,6.375,6.18,6.315,490479
2022-12-21T05:00:00Z,6.24,6.515,6.045,6.505,480730
2022-12-20T05:00:00Z,6.28,6.54,6.2,6.305,667804
2022-12-19T05:00:00Z,6.8,6.8,6.325,6.34,876273
2022-12-16T05:00:00Z,7.005,7.075,6.76,6.9,670149
2022-12-15T05:00:00Z,7.2,7.29,7.01,7.01,493594
2022-12-14T05:00:00Z,7.47,7.59,7.275,7.365,355988
2022-12-13T05:00:00Z,7.75,7.97,7.49,7.49,1542322
2022-12-12T05:00:00Z,7.12,7.3,7.1,7.295,334140
2022-12-09T05:00:00Z,7.09,7.185,7.06,7.115,920525
2022-12-08T05:00:00Z,7.13,7.27,6.94,7.115,479786
2022-12-07T05:00:00Z,7.05,7.345,7.035,7.07,526724
2022-12-06T05:00:00Z,7.12,7.17,6.885,6.995,645392
2022-12-05T05:00:00Z,7.655,7.68,7.105,7.195,604904
2022-12-02T05:00:00Z,7.645,7.755,7.51,7.665,384742
2022-12-01T05:00:00Z,7.49,7.88,7.48,7.86,564612
2022-11-30T05:00:00Z,7.12,7.51,7.04,7.51,445577
2022-11-29T05:00:00Z,7.215,7.295,7.05,7.07,415198
2022-11-28T05:00:00Z,7.2,7.4,7.15,7.17,555361
2022-11-25T05:00:00Z,7.315,7.325,7.195,7.28,223118
2022-11-23T05:00:00Z,7.215,7.415,7.12,7.375,463673
2022-11-22T05:00:00Z,7.135,7.25,6.98,7.22,489742
2022-11-21T05:00:00Z,7.295,7.295,7.075,7.19,546208
2022-11-18T05:00:00Z,7.78,7.78,7.315,7.395,535646
2022-11-17T05:00:00Z,7.86,7.86,7.53,7.63,748219
2022-11-16T05:00:00Z,8.17,8.215,8,8.065,424509
2022-11-15T05:00:00Z,8.44,8.46,8.155,8.345,684164
2022-11-14T05:00:00Z,8.17,8.32,7.96,8.105,519603
2022-11-11T05:00:00Z,7.48,8.415,7.4,8.405,1532881
2022-11-10T05:00:00Z,7.46,7.96,7.44,7.64,991510
2022-11-09T05:00:00Z,7.09,7.175,6.95,6.98,503861
2022-11-08T05:00:00Z,7.075,7.42,6.91,7.205,1599453
2022-11-07T05:00:00Z,7.79,7.845,6.89,7.015,2652755
2022-11-04T04:00:00Z,8.18,8.2,7.655,7.94,1368474
2022-11-03T04:00:00Z,8.03,8.295,7.88,8.08,441068
2022-11-02T04:00:00Z,8.7,8.76,8.205,8.21,583635
2022-11-01T04:00:00Z,8.99,9.05,8.565,8.655,399074
2022-10-31T04:00:00Z,8.6,8.825,8.435,8.8,585953
2022-10-28T04:00:00Z,8.53,8.655,8.37,8.64,312508
2022-10-27T04:00:00Z,8.685,8.78,8.47,8.61,304902
2022-10-26T04:00:00Z,8.47,9.04,8.405,8.58,562404
2022-10-25T04:00:00Z,8.44,8.66,8.4,8.65,412901
2022-10-24T04:00:00Z,8.295,8.295,8.02,8.28,364428
2022-10-21T04:00:00Z,7.93,8.315,7.83,8.295,455456
2022-10-20T04:00:00Z,7.77,8.255,7.77,8.05,396902
2022-10-19T04:00:00Z,8,8.125,7.85,7.905,227618
2022-10-18T04:00:00Z,8.19,8.325,8.045,8.165,816932
2022-10-17T04:00:00Z,7.69,8.055,7.69,7.94,432633
2022-10-14T04:00:00Z,8.23,8.305,7.53,7.53,870986
2022-10-13T04:00:00Z,7.73,8.195,7.565,8.08,543785
2022-10-12T04:00:00Z,8.07,8.1,7.825,8.08,363026
2022-10-11T04:00:00Z,8.02,8.29,7.7,8.045,694975
2022-10-10T04:00:00Z,8.17,8.175,7.885,8.065,287635
2022-10-07T04:00:00Z,8.235,8.28,8.11,8.155,421328
2022-10-06T04:00:00Z,8.43,8.6,8.32,8.47,269304
2022-10-05T04:00:00Z,8.275,8.48,8.085,8.41,545337
2022-10-04T04:00:00Z,8.48,8.61,8.345,8.46,446286
2022-10-03T04:00:00Z,8.14,8.295,7.975,8.24,471092
2022-09-30T04:00:00Z,8.02,8.495,7.98,8.14,797004
2022-09-29T04:00:00Z,8.05,8.33,7.785,8.09,921919
2022-09-28T04:00:00Z,7.62,7.995,7.62,7.93,470501
2022-09-27T04:00:00Z,7.7,7.835,7.47,7.64,368302
2022-09-26T04:00:00Z,7.375,7.83,7.375,7.53,535733
2022-09-23T04:00:00Z,7.21,7.415,7.135,7.39,539305
2022-09-22T04:00:00Z,7.73,7.73,7.25,7.37,1086218
2022-09-21T04:00:00Z,7.665,8.065,7.665,7.69,591188
2022-09-20T04:00:00Z,7.79,7.915,7.605,7.615,736768
2022-09-19T04:00:00Z,7.66,7.86,7.58,7.86,320728
2022-09-16T04:00:00Z,7.73,7.93,7.64,7.78,868836
2022-09-15T04:00:00Z,7.48,8.095,7.46,8,1394888
2022-09-14T04:00:00Z,7.46,7.63,7.335,7.63,727317
2022-09-13T04:00:00Z,7.58,7.65,7.45,7.485,346135
2022-09-12T04:00:00Z,7.86,8.025,7.83,8.005,365306
2022-09-09T04:00:00Z,7.64,7.81,7.64,7.78,330886
2022-09-08T04:00:00Z,7.325,7.53,7.285,7.525,309679
2022-09-07T04:00:00Z,7.27,7.43,7.19,7.385,702383
2022-09-06T04:00:00Z,7.405,7.415,7.18,7.27,270251
2022-09-02T04:00:00Z,7.67,7.67,7.355,7.4,651017
2022-09-01T04:00:00Z,7.62,7.62,7.22,7.5,712614
2022-08-31T04:00:00Z,7.975,7.99,7.7,7.725,466879
2022-08-30T04:00:00Z,7.92,7.97,7.685,7.795,364903
2022-08-29T04:00:00Z,7.77,7.99,7.76,7.8,690510
2022-08-26T04:00:00Z,8.415,8.415,7.93,7.93,797475
2022-08-25T04:00:00Z,8.23,8.43,8.055,8.43,392141
2022-08-24T04:00:00Z,8.05,8.35,7.99,8.105,409985
2022-08-23T04:00:00Z,8.15,8.27,8,8.005,338602
2022-08-22T04:00:00Z,8.215,8.4,8.06,8.08,396161
2022-08-19T04:00:00Z,9.005,9.005,8.48,8.515,904336
2022-08-18T04:00:00Z,9.45,9.45,9.13,9.145,436436
2022-08-17T04:00:00Z,9.57,9.595,9.33,9.41,481835
2022-08-16T04:00:00Z,9.84,9.875,9.365,9.74,612989
2022-08-15T04:00:00Z,9.87,10.095,9.765,9.91,427732
2022-08-12T04:00:00Z,9.56,9.965,9.42,9.905,398539
2022-08-11T04:00:00Z,9.77,10.045,9.4,9.405,733521
2022-08-10T04:00:00Z,9.6,9.66,9.34,9.6,805432
2022-08-09T04:00:00Z,9.535,9.565,9.01,9.25,1096271
2022-08-08T04:00:00Z,9.79,10.395,9.71,9.82,2921913
2022-08-05T04:00:00Z,11.015,11.62,10.86,11.45,990774
2022-08-04T04:00:00Z,11.19,11.41,11.035,11.31,427806
2022-08-03T04:00:00Z,11.09,11.335,11.05,11.18,595993
2022-08-02T04:00:00Z,10.31,11.225,10.27,10.925,753294
2022-08-01T04:00:00Z,10.21,10.695,10.13,10.47,470449
2022-07-29T04:00:00Z,10,10.35,9.93,10.345,629404
2022-07-28T04:00:00Z,10.035,10.195,9.75,10.13,375859
2022-07-27T04:00:00Z,9.67,10.025,9.5,10.02,403188
2022-07-26T04:00:00Z,9.635,9.635,9.385,9.395,279095
2022-07-25T04:00:00Z,9.85,9.85,9.53,9.685,274291
2022-07-22T04:00:00Z,10.4,10.55,9.735,9.84,502174
2022-07-21T04:00:00Z,10.36,10.755,10.22,10.49,699530
2022-07-20T04:00:00Z,9.49,10.195,9.49,10.12,534933
2022-07-19T04:00:00Z,9.2,9.365,8.89,9.34,295056
2022-07-18T04:00:00Z,9.28,9.445,9.01,9.025,394894
2022-07-15T04:00:00Z,9,9.105,8.65,9.035,488500
2022-07-14T04:00:00Z,9.23,9.26,8.85,8.9,349697
2022-07-13T04:00:00Z,9.22,9.55,9.07,9.27,364541
2022-07-12T04:00:00Z,9.73,9.95,9.27,9.48,505440
2022-07-11T04:00:00Z,9.98,9.98,9.535,9.565,427399
2022-07-08T04:00:00Z,9.915,10.38,9.83,10.165,479826
2022-07-07T04:00:00Z,9.76,10.275,9.76,10.18,505797
2022-07-06T04:00:00Z,10.015,10.305,9.745,9.8,1385582
2022-07-05T04:00:00Z,9.12,10.095,9,10.075,892000
2022-07-01T04:00:00Z,9.12,9.42,9.035,9.275,398635
2022-06-30T04:00:00Z,9.02,9.185,8.73,9.07,495371
2022-06-29T04:00:00Z,9.33,9.415,9.07,9.23,474638
2022-06-28T04:00:00Z,9.52,9.875,9.19,9.305,492939
2022-06-27T04:00:00Z,10.09,10.13,9.51,9.615,449139
2022-06-24T04:00:00Z,9.53,10.2,9.49,10.185,695903
2022-06-23T04:00:00Z,9.03,9.5,8.845,9.45,832380
2022-06-22T04:00:00Z,8.48,9.285,8.48,9.005,650014
2022-06-21T04:00:00Z,8.63,9.045,8.58,8.71,560802
2022-06-17T04:00:00Z,7.695,8.325,7.695,8.22,656227
2022-06-16T04:00:00Z,7.83,7.98,7.58,7.67,559964
2022-06-15T04:00:00Z,7.915,8.295,7.82,8.13,592275
2022-06-14T04:00:00Z,7.745,7.98,7.59,7.82,367167
2022-06-13T04:00:00Z,7.885,7.99,7.505,7.645,575581
2022-06-10T04:00:00Z,8.47,8.555,8.145,8.26,976312
2022-06-09T04:00:00Z,9.05,9.12,8.675,8.675,292042
2022-06-08T04:00:00Z,9.19,9.42,9.09,9.175,317692
2022-06-07T04:00:00Z,8.9,9.135,8.74,9.12,461471
2022-06-06T04:00:00Z,9.135,9.2,8.79,8.99,325060
2022-06-03T04:00:00Z,9.03,9.24,8.86,8.95,365649
2022-06-02T04:00:00Z,8.525,9.385,8.465,9.31,527485
2022-06-01T04:00:00Z,8.735,8.97,8.38,8.45,419444
2022-05-31T04:00:00Z,8.98,9.08,8.565,8.68,424920
2022-05-27T04:00:00Z,8.46,8.85,8.45,8.85,464568
2022-05-26T04:00:00Z,7.81,8.395,7.81,8.36,320619
2022-05-25T04:00:00Z,7.52,8.01,7.515,7.96,517137
2022-05-24T04:00:00Z,7.98,7.98,7.38,7.55,1031351
2022-05-23T04:00:00Z,8.01,8.155,7.8,8.015,416920
2022-05-20T04:00:00Z,8.305,8.38,7.72,8.09,577112
2022-05-19T04:00:00Z,7.95,8.58,7.95,8.3,493755
2022-05-18T04:00:00Z,8.24,8.43,7.93,8.015,395266
2022-05-17T04:00:00Z,8.2,8.45,8.015,8.36,546194
2022-05-16T04:00:00Z,8.15,8.43,8.01,8.05,1199316
2022-05-13T04:00:00Z,7.57,8.35,7.565,8.345,1050523
2022-05-12T04:00:00Z,6.55,7.38,6.45,7.34,1739065
2022-05-11T04:00:00Z,7.22,7.54,6.665,6.715,1426072
2022-05-10T04:00:00Z,7.565,7.7,6.935,7.29,1960397
2022-05-09T04:00:00Z,7.78,7.84,7.32,7.455,4191928
2022-05-06T04:00:00Z,10,10.03,9.43,9.47,2004415
2022-05-05T04:00:00Z,10.76,10.765,9.985,10.12,1425379
2022-05-04T04:00:00Z,10.52,11.005,10.08,10.98,868499
2022-05-03T04:00:00Z,10.71,10.975,10.44,10.545,614022
2022-05-02T04:00:00Z,10.355,10.755,10.185,10.745,845752
2022-04-29T04:00:00Z,10.94,11.22,10.365,10.41,594475
2022-04-28T04:00:00Z,10.685,11.045,10.37,10.95,989569
2022-04-27T04:00:00Z,11.01,11.19,10.535,10.565,1327713
2022-04-26T04:00:00Z,11.935,12.05,11.11,11.12,748864
2022-04-25T04:00:00Z,11.775,12.16,11.69,12.115,813601
2022-04-22T04:00:00Z,12.39,12.72,11.86,11.97,959803
2022-04-21T04:00:00Z,13.02,13.315,12.225,12.32,911437
2022-04-20T04:00:00Z,13.12,13.16,12.75,12.785,709069
2022-04-19T04:00:00Z,12.1,13.02,12.08,12.92,1108143
2022-04-18T04:00:00Z,12.33,12.37,11.88,12.14,421456
2022-04-14T04:00:00Z,12.89,12.89,12.42,12.43,433947
2022-04-13T04:00:00Z,12.38,12.935,12.24,12.9,545748
2022-04-12T04:00:00Z,12.97,13.195,12.425,12.455,515450
2022-04-11T04:00:00Z,12.45,12.815,12.14,12.665,419206
2022-04-08T04:00:00Z,12.695,13.05,12.575,12.705,532830
2022-04-07T04:00:00Z,12.985,13.335,12.48,12.84,697018
2022-04-06T04:00:00Z,13.5,13.5,12.85,13,991324
2022-04-05T04:00:00Z,14.61,14.85,13.795,13.885,825141
2022-04-04T04:00:00Z,14.05,14.65,14.04,14.62,758708
2022-04-01T04:00:00Z,13.77,14.06,13.5,13.84,742228
2022-03-31T04:00:00Z,13.91,14.05,13.7,13.72,340178
2022-03-30T04:00:00Z,13.98,14.35,13.74,13.89,508004
2022-03-29T04:00:00Z,13.69,14.275,13.35,14.195,1031346
2022-03-28T04:00:00Z,13.1,13.44,12.86,13.41,613954
2022-03-25T04:00:00Z,13.31,13.385,12.715,12.965,396142
2022-03-24T04:00:00Z,13.275,13.42,12.83,13.395,459219
2022-03-23T04:00:00Z,13.1,13.54,13.05,13.18,570973
2022-03-22T04:00:00Z,12.565,13.48,12.565,13.265,1212358
2022-03-21T04:00:00Z,12.75,13.03,12.435,12.585,585595
2022-03-18T04:00:00Z,12.28,13.01,12.24,12.82,978932
2022-03-17T04:00:00Z,11.7,12.37,11.69,12.32,1036185
2022-03-16T04:00:00Z,10.95,11.81,10.94,11.8,1432191
2022-03-15T04:00:00Z,10.46,10.845,10.27,10.76,1260014
2022-03-14T04:00:00Z,11.145,11.405,10.41,10.5,1122704
2022-03-11T05:00:00Z,11.88,12,11.38,11.38,987152
2022-03-10T05:00:00Z,11.42,11.97,11.325,11.87,1828993
2022-03-09T05:00:00Z,11.29,12.02,11.285,11.665,937989
2022-03-07T05:00:00Z,11.42,11.74,11.1,11.105,1319729
2022-03-04T05:00:00Z,11.75,11.75,10.745,10.955,1142707
2022-03-03T05:00:00Z,12,12.04,11.235,11.34,1140922
2022-03-02T05:00:00Z,12.11,12.11,11.425,12.055,988695
2022-03-01T05:00:00Z,11.95,12.515,11.71,12.19,1308627
2022-02-28T05:00:00Z,11.96,12.175,11.39,11.84,1786606
2022-02-25T05:00:00Z,11.515,11.885,11,11.47,1230658
2022-02-24T05:00:00Z,9.77,11.87,9.77,11.83,2536001
2022-02-23T05:00:00Z,10.8,11.26,10.4,10.425,1659064
2022-02-22T05:00:00Z,10.74,11.18,10.3,10.475,2276668
2022-02-18T05:00:00Z,11.95,12.01,10.575,11.01,3925321
2022-02-17T05:00:00Z,12.39,12.7,11.75,11.76,4434161
2022-02-16T05:00:00Z,13.91,14.25,13.66,13.97,1138604
2022-02-15T05:00:00Z,13.59,14.18,13.41,14.16,863967
2022-02-14T05:00:00Z,13.09,13.79,13,13.25,615593
2022-02-11T05:00:00Z,13.51,13.905,12.97,13.15,721586
2022-02-10T05:00:00Z,13.495,14.16,13.42,13.56,661535
2022-02-09T05:00:00Z,13.29,13.885,13.27,13.87,578211
2022-02-08T05:00:00Z,12.66,13.185,12.63,13.15,504047
2022-02-07T05:00:00Z,13.005,13.6,12.95,12.955,797023
2022-02-04T05:00:00Z,12.445,13.085,12.28,12.94,579829
2022-02-03T05:00:00Z,12.89,13.31,12.42,12.45,697250
2022-02-02T05:00:00Z,14.13,14.14,13.19,13.32,781235
2022-02-01T05:00:00Z,14.24,14.37,13.56,14.2,1110060
2022-01-31T05:00:00Z,12.78,13.74,12.78,13.715,1348911
2022-01-28T05:00:00Z,12.33,12.87,11.89,12.72,972066
2022-01-27T05:00:00Z,12.98,13.05,12.2,12.28,784881
2022-01-26T05:00:00Z,13.61,13.815,12.685,12.75,1042687
2022-01-25T05:00:00Z,13.115,13.6,12.85,13.06,769684
2022-01-24T05:00:00Z,12.77,13.08,12.015,12.215,614060
2022-01-21T05:00:00Z,14.24,14.465,13.5,13.54,1640787
2022-01-20T05:00:00Z,14.85,15.54,14.57,14.62,687339
2022-01-19T05:00:00Z,14.9,15.225,14.545,14.56,958639
2022-01-18T05:00:00Z,15.46,15.75,14.93,14.965,853172
2022-01-14T05:00:00Z,15.91,16.24,15.62,16.01,560589
2022-01-13T05:00:00Z,16.82,16.82,15.945,16.01,562573
2022-01-12T05:00:00Z,17.155,17.46,16.41,16.72,658864
2022-01-11T05:00:00Z,16.415,17.25,16.325,16.89,786971
2022-01-10T05:00:00Z,16.12,16.57,15.36,16.51,1144777
2022-01-07T05:00:00Z,16.7,17.315,16.485,16.555,538224
2022-01-06T05:00:00Z,16.875,17.17,16.06,16.74,972211
2022-01-05T05:00:00Z,18.04,18.56,16.87,16.95,1013178
2022-01-04T05:00:00Z,18.59,18.835,17.795,18.175,644445
2022-01-03T05:00:00Z,18.42,18.54,17.88,18.52,649796
2021-12-31T05:00:00Z,18.65,18.87,18.21,18.22,335197
2021-12-30T05:00:00Z,18.09,18.99,18.09,18.68,560708
2021-12-29T05:00:00Z,18.54,18.58,17.91,18.165,491769
2021-12-28T05:00:00Z,18.905,19.07,18.44,18.57,289133
2021-12-27T05:00:00Z,18.91,19.24,18.9,18.96,375621
2021-12-23T05:00:00Z,18.86,19.125,18.72,18.95,299778
2021-12-22T05:00:00Z,18.71,19.45,18.65,18.87,520990
2021-12-21T05:00:00Z,18.15,18.98,18.1,18.91,572594
2021-12-20T05:00:00Z,18.6,18.63,17.84,17.95,706847
2021-12-17T05:00:00Z,18.01,19.09,17.815,19.07,694423
2021-12-16T05:00:00Z,18.98,19.115,18.15,18.34,417665
2021-12-15T05:00:00Z,18.39,18.94,18,18.855,819932
2021-12-14T05:00:00Z,17.96,18.85,17.925,18.64,713076
2021-12-13T05:00:00Z,18.77,19.06,18.175,18.4,678681
2021-12-10T05:00:00Z,19.27,19.57,18.705,18.94,543521
2021-12-09T05:00:00Z,19.95,20.145,19.045,19.21,630340
2021-12-08T05:00:00Z,19.505,19.82,19.04,19.81,425791
2021-12-07T05:00:00Z,19.2,19.85,19.1,19.45,511625
2021-12-06T05:00:00Z,18.4,18.96,18.09,18.8,590943
2021-12-03T05:00:00Z,19.49,19.515,18.4,18.98,761524
2021-12-02T05:00:00Z,19.31,19.9,19.07,19.68,852753
2021-12-01T05:00:00Z,20.52,20.89,19.3,19.38,929823
2021-11-30T05:00:00Z,20.99,21.24,20.11,20.645,559679
2021-11-29T05:00:00Z,21.19,21.35,20.58,21.06,460635
2021-11-26T05:00:00Z,20.39,21.085,20.38,21,368356
2021-11-24T05:00:00Z,20.345,21.2,20.06,21.12,493776
2021-11-23T05:00:00Z,20.56,21.05,20.05,20.59,623343
2021-11-22T05:00:00Z,21.52,21.53,20.18,20.65,821427
2021-11-19T05:00:00Z,21.64,21.95,21.305,21.41,399643
2021-11-18T05:00:00Z,22.53,22.55,21.35,21.5,655268
2021-11-17T05:00:00Z,23.05,23.2,22.41,22.49,343021
2021-11-16T05:00:00Z,23.13,23.24,22.61,23.12,1020692
2021-11-15T05:00:00Z,22.99,23.515,22.96,23.405,595166
2021-11-12T05:00:00Z,23.02,23.215,22.38,22.81,617074
2021-11-11T05:00:00Z,23.02,23.11,22.67,22.99,757077
2021-11-10T05:00:00Z,23.61,23.61,22.125,22.515,1393760
2021-11-09T05:00:00Z,25.9,25.94,23.955,24.21,2857352
2021-11-08T05:00:00Z,26.25,27.11,26.13,26.75,604749
2021-11-05T04:00:00Z,26.41,26.6,25.72,26,366561
2021-11-04T04:00:00Z,26.265,26.57,25.88,26.48,308915
2021-11-03T04:00:00Z,25.89,26.23,25.22,26.12,375686
2021-11-02T04:00:00Z,26.58,26.715,25.56,25.915,552982
2021-11-01T04:00:00Z,26.11,26.645,25.9,26.56,320264
2021-10-29T04:00:00Z,25.5,26.11,25.465,25.88,246087
2021-10-28T04:00:00Z,25.315,25.795,25.15,25.645,157952
2021-10-27T04:00:00Z,25.65,25.895,25.025,25.05,276122
2021-10-26T04:00:00Z,25.99,26.74,25.25,25.525,603422
2021-10-22T04:00:00Z,24.49,24.835,24.25,24.43,323322
2021-10-21T04:00:00Z,24.2,24.925,24.12,24.78,252025
2021-10-20T04:00:00Z,24.79,24.95,24.175,24.235,184554
2021-10-19T04:00:00Z,24.545,25.195,24.38,24.68,228489
2021-10-18T04:00:00Z,23.98,24.375,23.95,24.245,196040
2021-10-15T04:00:00Z,24.41,24.44,23.84,23.98,283315
2021-10-14T04:00:00Z,24.45,24.705,24.22,24.35,249851
2021-10-13T04:00:00Z,23.88,24.3,23.845,24.13,256899
2021-10-12T04:00:00Z,23.595,23.795,23.3,23.685,275087
2021-10-11T04:00:00Z,23.3,23.98,23.29,23.54,274686
2021-10-08T04:00:00Z,23.94,24.07,23.11,23.5,325104
2021-10-07T04:00:00Z,23.73,24.12,23.565,23.72,379355
2021-10-06T04:00:00Z,24.81,24.94,23.37,23.58,1025837
2021-10-05T04:00:00Z,23.22,23.87,23.08,23.21,551638
2021-10-04T04:00:00Z,24.01,24.045,23.025,23.17,585958
2021-10-01T04:00:00Z,24.21,24.35,23.72,24.33,290836
2021-09-30T04:00:00Z,24.66,25.04,23.89,24.03,826926
2021-09-29T04:00:00Z,25.485,25.67,24.42,24.48,441449
2021-09-28T04:00:00Z,27,27.1,25.215,25.35,890661
2021-09-27T04:00:00Z,28.24,28.36,27.23,27.485,539686
2021-09-24T04:00:00Z,28.28,28.755,27.915,28.56,400172
2021-09-23T04:00:00Z,27.75,29.185,27.74,28.765,1108070
2021-09-22T04:00:00Z,26.63,27.77,26.63,27.425,595296
2021-09-21T04:00:00Z,26.85,27.13,26.08,26.62,520765
2021-09-20T04:00:00Z,27.575,28.09,26.06,26.53,1533861
2021-09-17T04:00:00Z,28.61,29.29,28.07,28.74,2611554
2021-09-16T04:00:00Z,27.18,28.785,27.02,28.63,1624668
2021-09-15T04:00:00Z,26.24,27.14,26.07,27.08,958571
2021-09-14T04:00:00Z,25.97,26.7,25.91,26.25,856200
2021-09-13T04:00:00Z,26.12,26.17,25.04,25.85,1687016
2021-09-10T04:00:00Z,26.185,26.725,26.18,26.255,1230728
2021-09-09T04:00:00Z,25.41,26.24,25.305,26.13,828038
2021-09-08T04:00:00Z,26.6,26.6,24.96,25.575,1137096
2021-09-07T04:00:00Z,26.75,26.815,26.29,26.7,784482
2021-09-03T04:00:00Z,26.485,26.75,26.22,26.65,313590
2021-09-02T04:00:00Z,26.23,26.87,26.125,26.5,421514
2021-09-01T04:00:00Z,26.48,26.49,26.035,26.2,689561
2021-08-31T04:00:00Z,25.84,26.36,25.8,26.34,814552
2021-08-30T04:00:00Z,25.78,26.6,25.64,25.78,385559
2021-08-27T04:00:00Z,25.06,26.075,24.92,25.71,539798
2021-08-26T04:00:00Z,24.4,25.4,24.4,24.86,453404
2021-08-25T04:00:00Z,25.03,25.17,24.07,24.35,541765
2021-08-24T04:00:00Z,24.95,25.34,24.77,25.095,294565
2021-08-23T04:00:00Z,24.02,24.92,23.93,24.83,307101
2021-08-20T04:00:00Z,24.22,24.46,23.66,24,554447
2021-08-19T04:00:00Z,24.93,25.635,24.15,24.195,655549
2021-08-18T04:00:00Z,24.05,25.94,23.695,25.26,1106542
2021-08-17T04:00:00Z,23.88,24.59,23.745,23.97,584711
2021-08-16T04:00:00Z,24.88,24.88,23.78,24.49,937400
2021-08-13T04:00:00Z,25,25.1,24.315,24.915,899905
2021-08-12T04:00:00Z,24.44,25.75,23.6,24.89,2550973
2021-08-11T04:00:00Z,23.01,23.19,22.11,22.36,441869
2021-08-10T04:00:00Z,22.97,23.51,22.79,22.895,341455
2021-08-09T04:00:00Z,21.85,23.275,21.835,22.92,896938
2021-08-06T04:00:00Z,22.62,22.66,21.79,21.82,629756
2021-08-05T04:00:00Z,22.22,22.77,22.06,22.495,421617
2021-08-04T04:00:00Z,22.18,22.53,22.08,22.29,210030
2021-08-03T04:00:00Z,22.01,22.26,21.72,22.26,215681
2021-08-02T04:00:00Z,21.805,22.37,21.5,22.1,370880
2021-07-30T04:00:00Z,21.84,22.39,21.715,21.725,180870
2021-07-29T04:00:00Z,22.77,22.81,22.145,22.165,314009
2021-07-28T04:00:00Z,21.755,22.61,21.71,22.555,365623
2021-07-27T04:00:00Z,21.87,22.08,21.1,21.68,298204
2021-07-26T04:00:00Z,21.8,22.295,21.53,22.14,177736
2021-07-23T04:00:00Z,22,22.08,21.51,21.815,333135
2021-07-22T04:00:00Z,22.51,22.53,21.89,22.055,303394
2021-07-21T04:00:00Z,22.27,22.675,22.13,22.49,253994
2021-07-20T04:00:00Z,21.65,22.34,21.24,22.19,272368
2021-07-19T04:00:00Z,20.86,21.675,20.55,21.53,323706
2021-07-16T04:00:00Z,21.6,21.7,21.245,21.38,276818
2021-07-15T04:00:00Z,21.72,22.05,21.01,21.47,541480
2021-07-14T04:00:00Z,22.6,22.6,21.52,21.56,379784
2021-07-13T04:00:00Z,22.96,22.96,22.43,22.45,353681
2021-07-12T04:00:00Z,23.31,23.47,22.89,22.95,689439
2021-07-09T04:00:00Z,22.87,23.38,22.76,23.29,237570
2021-07-08T04:00:00Z,22.44,23.21,22.25,23.075,455920
2021-07-07T04:00:00Z,24.22,24.24,22.735,22.9,713836
2021-07-06T04:00:00Z,24.54,25.19,24.48,24.665,387352
2021-07-02T04:00:00Z,25.06,25.34,24.345,24.45,389014
2021-07-01T04:00:00Z,25.98,25.98,24.59,24.725,603181
2021-06-30T04:00:00Z,26.375,26.91,26.24,26.35,450886
2021-06-29T04:00:00Z,27.41,27.42,26.44,26.63,477558
2021-06-28T04:00:00Z,26.97,27.495,26.87,27.38,684311
2021-06-25T04:00:00Z,26.57,27.01,26.25,26.65,1374524
2021-06-24T04:00:00Z,26.53,26.705,26.185,26.5,924199
2021-06-23T04:00:00Z,25.49,26.34,25.45,26.26,974532
2021-06-22T04:00:00Z,25.41,25.5,24.97,25.39,588210
2021-06-21T04:00:00Z,25.09,25.545,24.53,25.41,641500
2021-06-18T04:00:00Z,25.61,25.93,25.02,25.38,755381
2021-06-17T04:00:00Z,24.78,25.455,24.75,25.44,964833
2021-06-16T04:00:00Z,24.13,24.93,23.88,24.82,722999
2021-06-15T04:00:00Z,25.08,25.55,24.4,24.42,616279
2021-06-14T04:00:00Z,24.74,25.15,24.48,25,689217
2021-06-11T04:00:00Z,24.15,24.7,24.09,24.66,479363
2021-06-10T04:00:00Z,24.01,24.36,23.45,24.16,636851
2021-06-09T04:00:00Z,24.48,24.735,24.17,24.18,516131
2021-06-08T04:00:00Z,24.86,25.21,23.93,24.39,760947
2021-06-07T04:00:00Z,24.05,24.755,23.79,24.46,638024
2021-06-04T04:00:00Z,23.51,24.49,23.51,24.035,730177
2021-06-03T04:00:00Z,24.07,24.255,23.345,23.64,812763
2021-06-02T04:00:00Z,23.03,24.84,22.83,24.47,2628060
2021-06-01T04:00:00Z,23.14,23.345,22.37,23.07,935149
2021-05-28T04:00:00Z,23,24.69,22.78,22.95,1487536
2021-05-27T04:00:00Z,21.96,22.7,21.65,22.7,847042
2021-05-26T04:00:00Z,21.61,22.24,21.5,22.12,532530
2021-05-25T04:00:00Z,21.42,22.105,21.29,21.455,602602
2021-05-24T04:00:00Z,21.07,21.515,20.68,21.225,589451
2021-05-21T04:00:00Z,20.79,21.16,20.48,20.745,538551
2021-05-20T04:00:00Z,20.76,20.81,20.28,20.62,750164
2021-05-19T04:00:00Z,20.08,21.03,19.95,20.67,655357
2021-05-18T04:00:00Z,20.55,21.61,20.26,21.24,872479
2021-05-17T04:00:00Z,19.74,20.49,19.65,20.46,601585
2021-05-14T04:00:00Z,18.8,20.195,18.53,20.08,1015114
2021-05-13T04:00:00Z,19.03,19.46,17.83,18.37,1057553
2021-05-12T04:00:00Z,19.97,19.97,18.51,18.875,1804626
2021-05-11T04:00:00Z,17.2,20.3,17.07,20.2,3078517
2021-05-10T04:00:00Z,19.19,19.3,18.18,18.49,2332029
2021-05-07T04:00:00Z,20.29,20.74,19.58,19.76,1088255
2021-05-06T04:00:00Z,21.02,21.02,19.42,20.09,1400344
2021-05-05T04:00:00Z,21.83,21.94,20.97,21.17,675523
2021-05-04T04:00:00Z,21.95,22.195,20.87,21.63,1275360
2021-05-03T04:00:00Z,23.04,23.08,22.21,22.31,529794
2021-04-30T04:00:00Z,23.18,23.54,22.84,23.03,435255
2021-04-29T04:00:00Z,23.88,24.13,22.81,23.37,517413
2021-04-28T04:00:00Z,23.61,24.17,23.42,23.815,266934
2021-04-27T04:00:00Z,24.16,24.25,23.58,23.89,392531
2021-04-26T04:00:00Z,23.59,24.26,23.49,24.105,382777
2021-04-23T04:00:00Z,22.81,23.55,22.74,23.41,386248
2021-04-22T04:00:00Z,22.945,23.5,22.51,22.865,484385
2021-04-21T04:00:00Z,21.62,22.63,21.47,22.63,399464
2021-04-20T04:00:00Z,21.95,22.55,21.24,21.78,466947
2021-04-16T04:00:00Z,22.86,23.25,22.3,22.46,682023
2021-04-15T04:00:00Z,24,24,22.695,23.14,427142
2021-04-14T04:00:00Z,25.32,26.19,23.66,23.71,839970
2021-04-13T04:00:00Z,23.135,25.655,23.135,25.415,888273
2021-04-12T04:00:00Z,24.465,24.52,22.73,23.325,668135
2021-04-09T04:00:00Z,23.415,24.345,23.38,24.03,345466
2021-04-08T04:00:00Z,23.22,23.59,22.745,23.415,389454
2021-04-07T04:00:00Z,23.01,23.535,22.81,22.905,254200
2021-04-06T04:00:00Z,23.565,23.565,22.84,23.26,400245
2021-04-05T04:00:00Z,23.725,24.44,23.35,23.445,906731
2021-04-01T04:00:00Z,23.85,23.89,22.77,23.08,696667
2021-03-31T04:00:00Z,22.53,23.85,22.4,23.27,1045344
2021-03-30T04:00:00Z,21.3,22.085,20.875,22.005,491176
2021-03-29T04:00:00Z,22.455,22.47,21.39,21.725,438658
2021-03-26T04:00:00Z,22.59,23.045,21.77,22.57,600368
2021-03-25T04:00:00Z,21.155,22.77,21.09,22.58,987115
2021-03-24T04:00:00Z,23.3,23.44,21.75,21.885,949536
2021-03-23T04:00:00Z,23.975,24.085,23.11,23.26,625417
2021-03-22T04:00:00Z,24.82,24.865,23.88,24.16,605959
2021-03-19T04:00:00Z,24.02,24.56,23.395,24.3,893777
2021-03-18T04:00:00Z,24.71,25.065,23.78,23.98,570480
2021-03-17T04:00:00Z,24.52,25.73,24.31,25.2,726976
2021-03-16T04:00:00Z,26.78,27.08,25.23,25.6,906026
2021-03-15T04:00:00Z,27.25,27.41,26.33,26.79,343195
2021-03-12T05:00:00Z,25.57,26.91,25.2,26.91,437152
2021-03-11T05:00:00Z,25.99,26.84,25.58,26.73,906266
2021-03-10T05:00:00Z,25,26.23,24.28,24.75,1060598
2021-03-09T05:00:00Z,23.37,24.735,23.1,24.26,841537
2021-03-08T05:00:00Z,23.765,24.55,22.41,22.53,1406068
2021-03-05T05:00:00Z,24.31,24.64,20.19,23.94,2374279
2021-03-04T05:00:00Z,24.83,25.555,23.06,24.735,1459770
2021-03-03T05:00:00Z,25,25.15,23.44,23.57,1003500
2021-03-02T05:00:00Z,25.045,25.59,24.28,24.49,922081
2021-03-01T05:00:00Z,25.27,25.65,24.62,24.85,1294008
2021-02-26T05:00:00Z,24.21,24.49,22.705,23.885,3324445
2021-02-25T05:00:00Z,25.81,26.43,23.15,23.95,3206188
2021-02-24T05:00:00Z,26.72,27.22,25.8,26.38,910585
2021-02-23T05:00:00Z,25.96,27.45,23.91,26.76,1617598
2021-02-22T05:00:00Z,29.97,30.19,27.54,27.95,2891677
2021-02-19T05:00:00Z,27.04,29.95,26.91,29,4058625
2021-02-18T05:00:00Z,24.99,26.305,24.5,25.145,6684766
2021-02-17T05:00:00Z,28.01,29.68,27,27.075,3630835
2021-02-16T05:00:00Z,30.06,30.35,27.3,27.835,4036277
2021-02-12T05:00:00Z,33.495,33.65,31.345,31.83,1344948
2021-02-11T05:00:00Z,35.87,35.92,32.65,33.09,475091
2021-02-10T05:00:00Z,38.12,38.215,35,35.72,387824
2021-02-09T05:00:00Z,36.97,38.24,36.16,38.15,354956
2021-02-08T05:00:00Z,37.08,39.19,35.915,36.11,317835
2021-02-05T05:00:00Z,32.6,35.15,31.81,34.005,453687
2021-02-04T05:00:00Z,32.88,33.15,31.05,32.02,755437
2021-02-03T05:00:00Z,32.43,32.885,31.4,31.785,368221
2021-02-02T05:00:00Z,34.09,34.16,30.5,31.005,1104350
2021-02-01T05:00:00Z,35.19,35.61,32.62,33.95,614997
2021-01-29T05:00:00Z,36.6,38,34.685,35.16,506791
2021-01-28T05:00:00Z,39.48,42,33.165,35.69,1481895
2021-01-27T05:00:00Z,32.93,45,32.3,39.715,4252344
2021-01-26T05:00:00Z,35.14,36.85,34.38,35.37,963436
2021-01-25T05:00:00Z,34.49,39.56,29.65,36.22,2517428
2021-01-22T05:00:00Z,25.82,32.64,25.82,32.58,2158395
2021-01-21T05:00:00Z,26.59,26.64,25.3,25.96,214494
2021-01-20T05:00:00Z,27.17,27.24,25.72,26.305,315700
2021-01-19T05:00:00Z,26.85,27.52,26,26.62,582808
2021-01-15T05:00:00Z,26.21,28,25.49,25.61,816810
2021-01-14T05:00:00Z,25.52,25.54,24.43,24.88,225335
2021-01-13T05:00:00Z,25.72,27.4,25.145,25.46,452190
2021-01-12T05:00:00Z,26.37,26.4,25.53,26.12,101170
2021-01-11T05:00:00Z,24.69,26.59,24.34,26,195823
2021-01-08T05:00:00Z,25.725,26.42,24.76,25.19,434256
2021-01-07T05:00:00Z,23.95,25.175,23.72,25,359200
2021-01-06T05:00:00Z,24.03,24.44,23.29,23.52,317819
2021-01-05T05:00:00Z,23.24,24.645,22.93,24.59,154597
2021-01-04T05:00:00Z,23.87,24.4,22.5,23.37,315133
2020-12-31T05:00:00Z,24.68,24.68,23.525,23.55,443535
2020-12-30T05:00:00Z,25.01,25.88,24.67,25.05,430268
2020-12-29T05:00:00Z,25.83,26.16,24.34,24.64,320199
2020-12-28T05:00:00Z,28.39,28.575,25.4,25.63,554512
2020-12-24T05:00:00Z,28.75,29.11,27.58,27.68,154047
2020-12-23T05:00:00Z,28.81,29.37,28.055,28.73,256012
2020-12-22T05:00:00Z,28.89,29.41,26.82,28.03,492991
2020-12-21T05:00:00Z,26.15,28.7,25.43,28.48,280944
2020-12-18T05:00:00Z,26.39,26.83,25.89,26.01,467504
2020-12-17T05:00:00Z,26.56,27.435,26.08,27.185,380863
2020-12-16T05:00:00Z,25.7,26.15,25.16,25.89,449118
2020-12-15T05:00:00Z,26.97,27.08,25.565,26.41,670430
2020-12-14T05:00:00Z,28.175,28.175,26.74,27.205,407806
2020-12-11T05:00:00Z,27.11,28.25,26.07,27.16,203178
2020-12-10T05:00:00Z,25.505,28,25.155,27.04,320554
2020-12-09T05:00:00Z,28.68,28.84,25.37,26.625,544034
2020-12-08T05:00:00Z,30.59,31.225,27.27,28.55,929234
2020-12-07T05:00:00Z,24.46,29,24.46,29,632294
2020-12-04T05:00:00Z,24.81,25.22,23.54,23.845,363733
2020-12-03T05:00:00Z,23.565,25.4,23.52,24.01,652966
2020-12-02T05:00:00Z,22.16,23.4,21.15,22.47,2009508
2020-12-01T05:00:00Z,28.015,28.015,24.48,25.675,477304
2020-11-30T05:00:00Z,28.24,30.13,24.125,26.975,1261880
2020-11-27T05:00:00Z,31.17,33.5,26.24,27.75,1917496
2020-11-25T05:00:00Z,23.925,29.75,23.69,29,1530636
2020-11-24T05:00:00Z,22.295,24.21,20.665,23.84,764587
2020-11-23T05:00:00Z,18.79,21.435,18.585,21.025,436317
2020-11-20T05:00:00Z,19.05,19.65,18,18.115,732439
2020-11-19T05:00:00Z,18.49,18.965,17.97,18.965,544021
2020-11-18T05:00:00Z,18.28,19.25,17.55,17.895,804167
2020-11-17T05:00:00Z,16.3,18.735,16.21,17.825,1597448
2020-11-16T05:00:00Z,15.84,16.08,15.01,15.91,679206
2020-11-13T05:00:00Z,14.57,15.99,14.5,15.795,1173485
2020-11-12T05:00:00Z,16.665,17.01,14.45,14.56,1723623
2020-11-11T05:00:00Z,14.565,15.96,14.4,15.96,364081
2020-11-10T05:00:00Z,15,15.005,13.2,13.97,638154
2020-11-09T05:00:00Z,14.97,15.87,14.21,14.66,624054
2020-11-06T05:00:00Z,12.16,14.955,12.06,13.83,1919223
2020-11-05T05:00:00Z,10.945,12.115,10.94,11.9,530620
2020-11-04T05:00:00Z,10.805,10.91,10.55,10.725,457843
2020-11-03T05:00:00Z,10.6,10.94,10.45,10.505,538011
2020-11-02T05:00:00Z,10.23,10.56,10.23,10.535,237758
2020-10-30T04:00:00Z,10.59,10.63,9.87,10.155,174291
2020-10-29T04:00:00Z,10.855,11.095,10.58,10.755,205867
2020-10-28T04:00:00Z,10.66,10.98,10.11,10.845,240249
2020-10-27T04:00:00Z,9.98,11.035,9.925,10.95,1142952
2020-10-26T04:00:00Z,9.71,9.965,9.61,9.945,332353
2020-10-23T04:00:00Z,9.72,9.795,9.475,9.49,306868
2020-10-22T04:00:00Z,9.34,9.75,9.23,9.675,499873
2020-10-21T04:00:00Z,9.305,9.48,9.2,9.205,103662
2020-10-20T04:00:00Z,9.61,9.65,9.3,9.305,160706
2020-10-19T04:00:00Z,9.76,9.8,9.535,9.555,96996
2020-10-16T04:00:00Z,9.93,9.94,9.67,9.735,124387
2020-10-15T04:00:00Z,9.23,9.885,9.2,9.885,232663
2020-10-14T04:00:00Z,9.595,9.645,9.3,9.355,369339
2020-10-13T04:00:00Z,9.87,9.87,9.415,9.445,298998
2020-10-12T04:00:00Z,10.025,10.025,9.66,9.905,366477
2020-10-09T04:00:00Z,10.18,10.18,9.89,9.98,225618
2020-10-08T04:00:00Z,10.275,10.4,9.99,9.99,1305995
2020-10-07T04:00:00Z,10.02,10.48,10.005,10.005,1129478
2020-10-06T04:00:00Z,9.025,10.175,8.905,9.9,3413053
2020-10-05T04:00:00Z,9.405,9.49,8.925,9.06,612749
2020-10-02T04:00:00Z,9.01,9.275,8.94,9.175,829085
2020-10-01T04:00:00Z,9.72,10.1,9.23,9.44,1952773
2020-09-30T04:00:00Z,10.5,11.395,9.12,9.51,4964603
