2024-06-14T04:00:00Z,2.815,2.825,2.695,2.7,265741
2024-06-13T04:00:00Z,2.92,2.95,2.785,2.835,169365
2024-06-12T04:00:00Z,3.035,3.165,2.885,2.915,327651
2024-06-11T04:00:00Z,2.94,2.98,2.855,2.91,249073
2024-06-10T04:00:00Z,2.855,3.035,2.85,2.98,252096
2024-06-07T04:00:00Z,2.91,3.09,2.865,2.89,339849
2024-06-06T04:00:00Z,2.95,3.06,2.915,2.99,154541
2024-06-05T04:00:00Z,3.22,3.23,2.91,3.015,665468
2024-06-04T04:00:00Z,3.33,3.365,3.22,3.23,329660
2024-06-03T04:00:00Z,3.47,3.54,3.41,3.43,258177
2024-05-31T04:00:00Z,3.31,3.38,3.205,3.33,305967
2024-05-30T04:00:00Z,3.27,3.315,3.12,3.295,215661
2024-05-29T04:00:00Z,3.12,3.27,3.12,3.195,445999
2024-05-28T04:00:00Z,3.39,3.47,3.23,3.25,286553
2024-05-24T04:00:00Z,3.135,3.31,3.085,3.245,167965
2024-05-23T04:00:00Z,3.385,3.385,3.06,3.075,365048
2024-05-22T04:00:00Z,3.075,3.44,3.05,3.41,741478
2024-05-21T04:00:00Z,3.11,3.135,3.065,3.07,214163
2024-05-20T04:00:00Z,3.2,3.26,3.09,3.205,175793
2024-05-17T04:00:00Z,3.315,3.38,3.2,3.25,312005
2024-05-16T04:00:00Z,3.375,3.48,3.245,3.42,267013
2024-05-15T04:00:00Z,3.73,3.74,3.19,3.41,532086
2024-05-14T04:00:00Z,4.895,4.895,3.42,3.455,1699060
2024-05-13T04:00:00Z,2.62,2.96,2.595,2.885,1174716
2024-05-10T04:00:00Z,2.805,2.805,2.49,2.555,316163
2024-05-09T04:00:00Z,2.38,2.81,2.36,2.775,1079952
2024-05-08T04:00:00Z,2.575,2.605,2.455,2.515,472870
2024-05-07T04:00:00Z,2.7,2.765,2.6,2.635,197145
2024-05-06T04:00:00Z,2.815,2.885,2.67,2.7,317369
2024-05-03T04:00:00Z,2.56,2.775,2.56,2.73,865014
2024-05-02T04:00:00Z,2.415,2.51,2.31,2.455,326615
2024-05-01T04:00:00Z,2.31,2.535,2.285,2.29,899992
2024-04-30T04:00:00Z,2.35,2.37,2.28,2.305,541888
2024-04-29T04:00:00Z,2.51,2.6,2.385,2.405,294297
2024-04-26T04:00:00Z,2.43,2.44,2.385,2.415,322927
2024-04-25T04:00:00Z,2.335,2.4,2.255,2.37,517325
2024-04-24T04:00:00Z,2.64,2.67,2.39,2.405,918274
2024-04-23T04:00:00Z,2.59,2.73,2.54,2.6,317735
2024-04-22T04:00:00Z,2.58,2.59,2.45,2.495,534543
2024-04-19T04:00:00Z,2.65,2.725,2.545,2.575,454282
2024-04-18T04:00:00Z,2.725,2.785,2.62,2.72,388335
2024-04-17T04:00:00Z,2.725,2.81,2.66,2.73,496611
2024-04-16T04:00:00Z,2.77,2.795,2.69,2.705,349436
2024-04-15T04:00:00Z,2.895,2.945,2.81,2.84,342232
2024-04-12T04:00:00Z,2.92,2.98,2.86,2.9,168682
2024-04-11T04:00:00Z,3.125,3.145,2.905,2.955,326657
2024-04-10T04:00:00Z,3.075,3.155,3.035,3.065,236341
2024-04-09T04:00:00Z,3.165,3.315,3.155,3.25,309993
2024-04-08T04:00:00Z,3.105,3.21,3.04,3.115,277631
2024-04-05T04:00:00Z,3,3.19,3,3.145,295730
2024-04-04T04:00:00Z,3.29,3.39,3.14,3.155,209610
2024-04-03T04:00:00Z,3.15,3.24,3.055,3.225,523835
2024-04-02T04:00:00Z,3.285,3.305,3.12,3.145,597774
2024-04-01T04:00:00Z,3.415,3.48,3.295,3.43,245398
2024-03-28T04:00:00Z,3.465,3.505,3.35,3.44,443589
2024-03-27T04:00:00Z,3.24,3.525,3.2,3.435,621251
2024-03-26T04:00:00Z,3.375,3.405,3.22,3.225,340966
2024-03-25T04:00:00Z,3.41,3.53,3.31,3.33,243840
2024-03-22T04:00:00Z,3.51,3.54,3.37,3.395,246714
2024-03-21T04:00:00Z,3.53,3.71,3.48,3.59,358634
2024-03-20T04:00:00Z,3.245,3.59,3.125,3.52,410682
2024-03-19T04:00:00Z,3.165,3.27,3.055,3.25,336540
2024-03-18T04:00:00Z,3.32,3.355,3.165,3.24,432249
2024-03-15T04:00:00Z,3.32,3.46,3.26,3.335,445893
2024-03-14T04:00:00Z,3.425,3.44,3.25,3.345,310969
2024-03-13T04:00:00Z,3.45,3.52,3.325,3.36,776879
2024-03-12T04:00:00Z,3.71,3.71,3.485,3.535,578646
2024-03-11T04:00:00Z,4.02,4.1,3.615,3.65,647674
2024-03-08T05:00:00Z,4.06,4.33,4,4.02,382407
2024-03-07T05:00:00Z,4.06,4.15,3.83,3.91,545357
2024-03-06T05:00:00Z,3.71,4.1,3.635,4.03,574196
2024-03-05T05:00:00Z,3.725,3.795,3.605,3.63,421449
2024-03-04T05:00:00Z,3.915,4.02,3.68,3.855,462282
2024-03-01T05:00:00Z,3.2,3.89,3.16,3.885,1243069
2024-02-29T05:00:00Z,3.59,3.89,3.46,3.54,1375391
2024-02-28T05:00:00Z,3.46,3.63,3.37,3.435,669826
2024-02-27T05:00:00Z,3.18,3.625,3.15,3.55,940963
2024-02-26T05:00:00Z,2.92,3.07,2.83,3.04,578009
2024-02-23T05:00:00Z,3.25,3.27,2.985,3.015,1140218
2024-02-22T05:00:00Z,3.525,3.525,3.11,3.12,709302
2024-02-21T05:00:00Z,3.725,3.725,3.35,3.41,536347
2024-02-20T05:00:00Z,3.82,3.87,3.7,3.73,358418
2024-02-16T05:00:00Z,3.835,4.005,3.755,3.95,453683
2024-02-15T05:00:00Z,4.17,4.28,3.95,4.025,685874
2024-02-14T05:00:00Z,4.33,4.345,4.09,4.235,552842
2024-02-13T05:00:00Z,4.23,4.315,4.09,4.17,578882
2024-02-12T05:00:00Z,4.34,4.69,4.315,4.575,834048
2024-02-09T05:00:00Z,4.24,4.425,4.17,4.335,802597
2024-02-08T05:00:00Z,4.19,4.29,4.1,4.2,639301
2024-02-07T05:00:00Z,4.58,4.58,4.19,4.23,511175
2024-02-06T05:00:00Z,4.15,4.54,4.13,4.505,618088
2024-02-05T05:00:00Z,4.44,4.445,4.16,4.345,823436
2024-02-02T05:00:00Z,4.68,4.83,4.5,4.66,943695
2024-02-01T05:00:00Z,4.97,5.14,4.42,4.705,2000167
2024-01-31T05:00:00Z,4.11,4.83,3.98,4.445,1806857
2024-01-30T05:00:00Z,3.74,3.855,3.65,3.735,644273
2024-01-29T05:00:00Z,3.36,3.805,3.335,3.795,841572
2024-01-26T05:00:00Z,3.43,3.6,3.35,3.405,667668
2024-01-25T05:00:00Z,3.52,3.52,3.225,3.395,665183
2024-01-24T05:00:00Z,3.77,4.03,3.4,3.48,2753037
2024-01-23T05:00:00Z,3.37,3.82,3.12,3.725,2496593
2024-01-22T05:00:00Z,2.85,3.07,2.705,2.845,1280515
2024-01-19T05:00:00Z,2.505,2.67,2.395,2.665,1096489
2024-01-18T05:00:00Z,2.29,2.54,2.265,2.41,3240114
2024-01-17T05:00:00Z,2.92,2.99,2.635,2.735,1184246
2024-01-16T05:00:00Z,3.37,3.37,3,3.04,516377
2024-01-12T05:00:00Z,3.77,3.79,3.43,3.43,701529
2024-01-11T05:00:00Z,3.895,3.93,3.63,3.715,533571
2024-01-10T05:00:00Z,4.155,4.18,3.905,4.04,422007
2024-01-09T05:00:00Z,4.245,4.305,4.185,4.2,325473
2024-01-08T05:00:00Z,4.285,4.415,4.175,4.35,366292
2024-01-05T05:00:00Z,4.22,4.555,4.2,4.24,489625
2024-01-04T05:00:00Z,4.36,4.47,4.27,4.295,392087
2024-01-03T05:00:00Z,4.45,4.45,4.165,4.39,653477
2024-01-02T05:00:00Z,4.445,4.835,4.4,4.58,366502
2023-12-29T05:00:00Z,4.67,4.705,4.5,4.51,208900
2023-12-28T05:00:00Z,4.655,4.83,4.615,4.705,242146
2023-12-27T05:00:00Z,4.805,4.84,4.69,4.705,369620
2023-12-26T05:00:00Z,4.575,4.84,4.54,4.77,278130
2023-12-22T05:00:00Z,4.3,4.59,4.245,4.52,714265
2023-12-21T05:00:00Z,4.3,4.48,4.3,4.425,461885
2023-12-20T05:00:00Z,4.35,4.625,4.145,4.165,616353
2023-12-19T05:00:00Z,4.28,4.55,4.26,4.405,484233
2023-12-18T05:00:00Z,4.595,4.765,4.42,4.42,615484
2023-12-15T05:00:00Z,4.945,4.99,4.54,4.67,816558
2023-12-14T05:00:00Z,4.6,4.96,4.6,4.79,1001936
2023-12-13T05:00:00Z,3.86,4.34,3.77,4.315,436324
2023-12-12T05:00:00Z,3.98,4.035,3.81,3.935,554390
2023-12-11T05:00:00Z,3.975,4.135,3.92,4.08,595132
2023-12-08T05:00:00Z,4.06,4.265,3.96,4,409157
2023-12-07T05:00:00Z,3.95,4.11,3.89,4.085,516936
2023-12-06T05:00:00Z,4.005,4.24,3.93,3.985,856198
2023-12-05T05:00:00Z,4.525,4.68,4.18,4.24,1232607
2023-12-04T05:00:00Z,4.62,4.86,4.5,4.78,795509
2023-12-01T05:00:00Z,3.98,4.54,3.935,4.54,732304
2023-11-30T05:00:00Z,4.04,4.065,3.8,4.03,476971
2023-11-29T05:00:00Z,3.965,4.195,3.88,3.93,671216
2023-11-28T05:00:00Z,3.39,3.865,3.325,3.82,692400
2023-11-27T05:00:00Z,3.425,3.465,3.34,3.42,329104
2023-11-24T05:00:00Z,3.435,3.48,3.365,3.455,261555
2023-11-22T05:00:00Z,3.605,3.635,3.435,3.475,604918
2023-11-21T05:00:00Z,3.77,3.78,3.555,3.57,607230
2023-11-20T05:00:00Z,3.96,4.015,3.75,3.86,832058
2023-11-17T05:00:00Z,4.15,4.15,3.865,3.99,761142
2023-11-16T05:00:00Z,4.095,4.22,3.94,4.17,504393
2023-11-15T05:00:00Z,4.305,4.655,4.22,4.34,1546915
2023-11-14T05:00:00Z,3.7,4.315,3.535,4.22,1595311
2023-11-13T05:00:00Z,3.33,3.68,3.25,3.47,1943678
2023-11-10T05:00:00Z,3.72,4.18,3.22,3.525,4436948
2023-11-09T05:00:00Z,6.155,6.32,5.88,5.95,580259
2023-11-08T05:00:00Z,6.15,6.17,5.93,6.015,389644
2023-11-07T05:00:00Z,6.215,6.255,5.95,6.235,644635
2023-11-06T05:00:00Z,6.695,6.71,6.03,6.255,628348
2023-11-03T04:00:00Z,6.6,6.95,6.51,6.61,449182
2023-11-02T04:00:00Z,5.97,6.32,5.965,6.27,670992
2023-11-01T04:00:00Z,5.855,5.855,5.6,5.75,395174
2023-10-31T04:00:00Z,5.76,5.975,5.68,5.895,239368
2023-10-30T04:00:00Z,6,6.06,5.59,5.705,433784
2023-10-27T04:00:00Z,6.26,6.29,5.87,5.91,318674
2023-10-26T04:00:00Z,6.33,6.53,6.14,6.27,483870
2023-10-25T04:00:00Z,6.135,6.24,6.01,6.24,519850
2023-10-24T04:00:00Z,6.05,6.46,6.035,6.295,571887
2023-10-23T04:00:00Z,6.005,6.13,5.79,5.87,454322
2023-10-20T04:00:00Z,6.365,6.425,6.06,6.09,801065
2023-10-19T04:00:00Z,7.045,7.1,6.525,6.56,655571
2023-10-18T04:00:00Z,7.575,7.62,6.91,6.995,622537
2023-10-17T04:00:00Z,7.3,7.89,7.29,7.725,389267
2023-10-16T04:00:00Z,7.37,7.61,7.2,7.505,535924
2023-10-13T04:00:00Z,7.45,7.78,7.28,7.32,541245
2023-10-12T04:00:00Z,7.505,7.595,7.245,7.41,797323
2023-10-11T04:00:00Z,7.87,7.89,7.29,7.54,956238
2023-10-10T04:00:00Z,6.41,7.21,6.41,7.165,738941
2023-10-09T04:00:00Z,6.58,6.745,6.275,6.41,396498
2023-10-06T04:00:00Z,6.2,6.765,6.19,6.62,371406
2023-10-05T04:00:00Z,6.38,6.525,6.19,6.415,416480
2023-10-04T04:00:00Z,6.53,6.595,6.175,6.53,604185
2023-10-03T04:00:00Z,6.715,6.725,6.465,6.525,450029
2023-10-02T04:00:00Z,7.5,7.53,6.74,6.83,677507
2023-09-29T04:00:00Z,7.735,7.95,7.47,7.61,384265
2023-09-28T04:00:00Z,7.685,7.73,7.27,7.59,228826
2023-09-27T04:00:00Z,7.685,7.88,7.62,7.75,212783
2023-09-26T04:00:00Z,7.34,7.68,7.3,7.545,258606
2023-09-25T04:00:00Z,7.47,7.69,7.395,7.48,217056
2023-09-22T04:00:00Z,7.705,7.765,7.33,7.435,318838
2023-09-21T04:00:00Z,7.9,7.94,7.59,7.605,289247
2023-09-20T04:00:00Z,8.205,8.44,8.08,8.09,163817
2023-09-19T04:00:00Z,8.09,8.295,8.03,8.23,179445
2023-09-18T04:00:00Z,8.4,8.4,8.14,8.16,199621
2023-09-15T04:00:00Z,8.67,8.785,8.44,8.525,196045
2023-09-14T04:00:00Z,8.34,8.795,8.34,8.75,347570
2023-09-13T04:00:00Z,8.265,8.405,8.08,8.205,321741
2023-09-12T04:00:00Z,7.825,8.3,7.8,8.3,290370
2023-09-11T04:00:00Z,8.03,8.1,7.75,7.995,192978
2023-09-08T04:00:00Z,8.135,8.15,7.85,7.96,247101
2023-09-07T04:00:00Z,8.23,8.285,7.9,8.27,283300
2023-09-06T04:00:00Z,8.51,8.51,8.26,8.46,195979
2023-09-05T04:00:00Z,8.425,8.67,8.355,8.575,132369
2023-09-01T04:00:00Z,8.62,8.82,8.5,8.51,191951
2023-08-31T04:00:00Z,8.625,8.83,8.43,8.46,287643
2023-08-30T04:00:00Z,8.8,8.925,8.545,8.565,468837
2023-08-29T04:00:00Z,8.305,8.975,8.17,8.875,263738
2023-08-28T04:00:00Z,8.28,8.47,8.22,8.34,149922
2023-08-25T04:00:00Z,8.015,8.24,7.98,8.125,257576
2023-08-24T04:00:00Z,8.215,8.275,7.785,7.995,645346
2023-08-23T04:00:00Z,8.35,8.53,8.165,8.195,539911
2023-08-22T04:00:00Z,8.98,9,8.355,8.425,657639
2023-08-21T04:00:00Z,8.595,8.97,8.595,8.835,381505
2023-08-18T04:00:00Z,8.355,8.815,8.34,8.63,260684
2023-08-17T04:00:00Z,8.54,8.66,8.39,8.595,759851
2023-08-16T04:00:00Z,8.805,8.96,8.56,8.56,521763
2023-08-15T04:00:00Z,9.18,9.3,8.895,8.9,239101
2023-08-14T04:00:00Z,8.85,9.38,8.83,9.28,486079
2023-08-11T04:00:00Z,8.945,9.13,8.67,9.105,613345
2023-08-10T04:00:00Z,9.31,9.765,8.84,9.045,1310957
2023-08-09T04:00:00Z,10.88,11.025,10.56,10.77,379198
2023-08-08T04:00:00Z,10.64,10.93,10.35,10.93,238720
2023-08-07T04:00:00Z,11.47,11.48,10.84,11.05,446085
2023-08-04T04:00:00Z,11.77,11.93,11.545,11.56,245386
2023-08-03T04:00:00Z,11.535,11.965,11.535,11.715,183379
2023-08-02T04:00:00Z,12.13,12.2,11.35,11.64,705044
2023-08-01T04:00:00Z,12.89,13.16,12.7,12.76,286422
2023-07-31T04:00:00Z,12.12,13.135,12.11,13.135,439476
2023-07-28T04:00:00Z,11.89,12.05,11.65,11.875,376443
2023-07-27T04:00:00Z,12.22,12.315,11.545,11.645,293306
2023-07-26T04:00:00Z,11.495,12.14,11.485,12.02,332134
2023-07-25T04:00:00Z,12.27,12.44,11.82,11.83,260857
2023-07-24T04:00:00Z,12.42,12.64,12.27,12.33,214157
2023-07-21T04:00:00Z,12.735,12.8,12.11,12.395,302598
2023-07-20T04:00:00Z,12.9,13.04,12.4,12.62,401459
2023-07-19T04:00:00Z,13.05,13.44,12.965,13.155,652531
2023-07-18T04:00:00Z,12.83,13.26,12.72,12.795,389656
2023-07-17T04:00:00Z,12.22,13.09,12.06,12.76,602496
2023-07-14T04:00:00Z,13.22,13.28,12,12.15,809993
2023-07-13T04:00:00Z,11.755,12.79,11.755,12.355,537644
2023-07-12T04:00:00Z,11.58,11.78,11.39,11.505,644857
2023-07-11T04:00:00Z,11.05,11.24,10.77,11.175,329002
2023-07-10T04:00:00Z,10.59,10.97,10.46,10.95,270055
2023-07-07T04:00:00Z,10.07,10.94,10.07,10.6,438140
2023-07-06T04:00:00Z,10.49,10.49,9.81,9.95,567886
2023-07-05T04:00:00Z,10.36,11.11,10.28,10.64,562025
2023-07-03T04:00:00Z,10.475,10.93,10.3,10.31,188559
2023-06-30T04:00:00Z,10.14,10.42,9.885,10.405,378437
2023-06-29T04:00:00Z,9.43,10.2,9.4,10.005,647300
2023-06-28T04:00:00Z,9.15,9.54,9.105,9.45,169071
2023-06-27T04:00:00Z,9.19,9.28,8.95,9.25,299849
2023-06-26T04:00:00Z,9.145,9.43,9.08,9.135,388680
2023-06-23T04:00:00Z,9.35,9.465,9.14,9.19,318060
2023-06-22T04:00:00Z,9.675,9.885,9.44,9.67,303675
2023-06-21T04:00:00Z,9.8,10.05,9.62,9.9,259595
2023-06-20T04:00:00Z,10.47,10.61,9.615,9.985,581013
2023-06-16T04:00:00Z,10.875,11,10.28,10.565,422521
2023-06-15T04:00:00Z,10.4,11.22,10.32,10.805,315246
2023-06-14T04:00:00Z,11.77,11.77,10.51,10.67,667094
2023-06-13T04:00:00Z,10.73,11.11,10.49,10.895,925058
2023-06-12T04:00:00Z,9.245,10.395,9.115,10.37,1040182
2023-06-09T04:00:00Z,9.55,9.615,9.085,9.17,500685
2023-06-08T04:00:00Z,9.63,9.71,9.3,9.52,510564
2023-06-07T04:00:00Z,9.42,9.9,9.25,9.55,728567
2023-06-06T04:00:00Z,8.33,9.175,8.27,9.035,556349
2023-06-05T04:00:00Z,8.77,8.855,8.4,8.415,245624
2023-06-02T04:00:00Z,8.76,8.86,8.54,8.765,359018
2023-06-01T04:00:00Z,8.32,8.64,8.01,8.47,617882
2023-05-31T04:00:00Z,8.82,8.89,8.18,8.31,619801
2023-05-30T04:00:00Z,8.385,8.98,8.325,8.845,648299
2023-05-26T04:00:00Z,8.42,8.43,8.08,8.265,412950
2023-05-25T04:00:00Z,8.48,8.61,8.145,8.385,528997
2023-05-24T04:00:00Z,8.59,8.645,8.23,8.47,547465
2023-05-23T04:00:00Z,8.76,9.175,8.45,8.815,599201
2023-05-22T04:00:00Z,7.98,8.89,7.92,8.84,632652
2023-05-19T04:00:00Z,7.925,8.09,7.67,7.75,283804
2023-05-18T04:00:00Z,8,8,7.66,7.88,372244
2023-05-17T04:00:00Z,7.62,8.135,7.585,8.03,549677
2023-05-16T04:00:00Z,7.74,7.81,7.535,7.545,373817
2023-05-15T04:00:00Z,7.515,8.005,7.395,7.85,485680
2023-05-12T04:00:00Z,7.65,8.02,7.44,7.48,393098
2023-05-11T04:00:00Z,7.725,7.885,7.48,7.645,275143
2023-05-10T04:00:00Z,8.1,8.17,7.745,7.825,337041
2023-05-09T04:00:00Z,8.665,8.85,7.915,8.005,1869146
2023-05-08T04:00:00Z,9.46,9.49,9.06,9.28,388360
2023-05-05T04:00:00Z,9.01,9.405,8.93,9.305,247577
2023-05-04T04:00:00Z,8.8,8.905,8.63,8.79,213134
2023-05-03T04:00:00Z,8.57,9.12,8.57,8.85,195635
2023-05-02T04:00:00Z,8.78,8.81,8.49,8.585,420778
2023-05-01T04:00:00Z,8.99,9.085,8.705,8.82,366592
2023-04-28T04:00:00Z,8.95,9.155,8.785,9.04,233973
2023-04-27T04:00:00Z,8.68,9.155,8.655,8.98,554070
2023-04-26T04:00:00Z,8.815,8.815,8.37,8.465,635789
2023-04-25T04:00:00Z,9.09,9.125,8.77,8.91,252604
2023-04-24T04:00:00Z,8.99,9.345,8.86,9.28,409946
2023-04-21T04:00:00Z,8.71,9.145,8.65,9.03,288727
2023-04-20T04:00:00Z,8.71,9.02,8.66,8.84,351197
2023-04-19T04:00:00Z,8.79,9.145,8.72,9.015,511089
2023-04-18T04:00:00Z,9.32,9.37,8.86,9.025,455752
2023-04-17T04:00:00Z,9.005,9.575,8.9,9.495,464526
2023-04-14T04:00:00Z,9.315,9.405,8.88,9.03,350237
2023-04-13T04:00:00Z,9.46,9.6,9.25,9.295,471610
2023-04-12T04:00:00Z,10.11,10.22,9.325,9.4,807765
2023-04-11T04:00:00Z,9.41,9.79,9.28,9.77,501172
2023-04-10T04:00:00Z,9.11,9.375,8.9,9.365,340606
2023-04-06T04:00:00Z,9.72,9.78,9.245,9.26,664798
2023-04-05T04:00:00Z,10.41,10.565,9.6,9.68,505180
2023-04-04T04:00:00Z,11.205,11.205,10.37,10.575,503278
2023-04-03T04:00:00Z,11.5,11.74,10.84,11.11,369639
2023-03-31T04:00:00Z,11.41,11.9,11.185,11.73,247871
2023-03-30T04:00:00Z,11.39,11.58,11.185,11.25,342866
2023-03-29T04:00:00Z,10.58,11.11,10.41,11.035,248138
2023-03-28T04:00:00Z,10.73,10.74,10.305,10.395,516341
2023-03-27T04:00:00Z,11.46,11.46,10.62,10.725,268497
2023-03-24T04:00:00Z,11.235,11.42,10.92,11.25,315311
2023-03-23T04:00:00Z,11.43,12.35,11.265,11.48,408684
2023-03-22T04:00:00Z,11.52,11.79,11.18,11.205,306437
2023-03-21T04:00:00Z,11.07,11.66,11.005,11.51,360708
2023-03-20T04:00:00Z,11.18,11.415,10.735,10.835,409575
2023-03-17T04:00:00Z,11.67,11.76,10.97,11.175,583368
2023-03-16T04:00:00Z,11.725,11.93,11.39,11.805,520501
2023-03-15T04:00:00Z,11.75,11.835,11.41,11.81,513272
2023-03-14T04:00:00Z,12.82,12.985,11.87,12.15,593651
2023-03-13T04:00:00Z,11.96,12.75,11.67,12.38,550079
2023-03-10T05:00:00Z,12.98,12.98,12,12.35,396223
2023-03-09T05:00:00Z,13.77,14.07,13,13.015,334614
2023-03-08T05:00:00Z,13.305,13.825,13.17,13.78,337545
2023-03-07T05:00:00Z,13.595,13.675,13.14,13.405,294323
2023-03-06T05:00:00Z,13.95,14.27,13.64,13.675,262455
2023-03-03T05:00:00Z,13.54,13.97,13.3,13.83,368786
2023-03-02T05:00:00Z,13.57,13.57,12.39,13.325,652262
2023-03-01T05:00:00Z,14.78,15.01,14.115,14.22,459428
2023-02-28T05:00:00Z,14.555,15.075,14.42,14.85,350606
2023-02-27T05:00:00Z,14.39,14.705,14.205,14.645,234387
2023-02-24T05:00:00Z,14.23,14.28,13.92,14.18,189009
2023-02-23T05:00:00Z,14.92,14.96,14.2,14.66,240714
2023-02-22T05:00:00Z,14.47,14.77,14.2,14.55,158381
2023-02-21T05:00:00Z,15.27,15.445,14.415,14.415,297845
2023-02-17T05:00:00Z,15.67,15.7,15.25,15.575,180660
2023-02-16T05:00:00Z,16.33,16.575,15.825,15.825,316938
2023-02-15T05:00:00Z,15.68,16.79,15.64,16.775,287481
2023-02-14T05:00:00Z,15.195,15.87,14.855,15.815,345930
2023-02-13T05:00:00Z,15.215,15.835,14.89,15.46,213516
2023-02-10T05:00:00Z,15.07,15.52,14.84,15.35,234547
2023-02-09T05:00:00Z,16.13,16.5,15.26,15.35,198957
2023-02-08T05:00:00Z,16.14,16.8,15.89,15.89,537998
2023-02-07T05:00:00Z,16.53,16.56,15.515,16.13,641397
2023-02-06T05:00:00Z,16.88,17.12,16.25,16.475,458173
2023-02-03T05:00:00Z,17.22,18.055,17.11,17.37,240006
2023-02-02T05:00:00Z,18.27,18.88,17.47,17.9,494296
2023-02-01T05:00:00Z,17.03,18.075,16.62,17.68,486365
2023-01-31T05:00:00Z,16.05,17.07,15.93,17.01,601702
2023-01-30T05:00:00Z,15.545,16.06,15.32,15.7,264119
2023-01-27T05:00:00Z,15,16.04,14.92,15.85,662478
2023-01-26T05:00:00Z,16.65,16.65,15,15.36,510267
2023-01-25T05:00:00Z,16.16,16.515,15.48,16.33,711033
2023-01-24T05:00:00Z,17.11,17.48,16.67,16.73,458630
2023-01-23T05:00:00Z,16.2,17.635,15.99,17.43,587749
2023-01-20T05:00:00Z,15.5,15.93,15.33,15.91,324447
2023-01-19T05:00:00Z,15.8,16.355,15.125,15.315,670985
2023-01-18T05:00:00Z,17.07,18.125,16.53,16.7,526197
2023-01-17T05:00:00Z,16.66,17.09,16.34,16.82,387541
2023-01-13T05:00:00Z,16.26,16.81,15.995,16.5,552131
2023-01-12T05:00:00Z,16.42,16.81,15.85,16.79,380422
2023-01-11T05:00:00Z,15.11,16.245,14.83,16.22,478004
2023-01-10T05:00:00Z,14.205,14.975,14.04,14.95,336223
2023-01-09T05:00:00Z,13.92,14.515,13.66,14.23,302779
2023-01-06T05:00:00Z,12.62,13.415,12.28,13.41,490409
2023-01-05T05:00:00Z,12.66,12.765,12.38,12.66,244521
2023-01-04T05:00:00Z,12.535,13.025,12.09,12.99,373480
2023-01-03T05:00:00Z,12.76,12.96,11.905,12.17,464437
2022-12-30T05:00:00Z,11.975,12.41,11.895,12.365,354618
2022-12-29T05:00:00Z,11.99,12.415,11.855,12.22,295024
2022-12-28T05:00:00Z,11.71,11.88,11.49,11.71,324815
2022-12-27T05:00:00Z,12.19,12.19,11.64,11.71,229162
2022-12-23T05:00:00Z,12.54,12.63,12.24,12.33,131113
2022-12-22T05:00:00Z,12.8,12.87,12.05,12.545,274981
2022-12-21T05:00:00Z,12.9,13.255,12.49,13.07,295579
2022-12-20T05:00:00Z,12.77,13.4,12.58,12.71,354415
2022-12-19T05:00:00Z,14.05,14.08,12.715,12.895,314946
2022-12-16T05:00:00Z,14.3,14.485,13.72,14.005,331195
2022-12-15T05:00:00Z,15.02,15.65,14.405,14.41,371943
2022-12-14T05:00:00Z,14.745,15.59,14.72,15.21,543586
2022-12-13T05:00:00Z,14.83,15.145,13.95,14.12,317054
2022-12-12T05:00:00Z,13.24,14.155,13.24,13.935,177962
2022-12-09T05:00:00Z,13.73,13.825,13.275,13.36,274652
2022-12-08T05:00:00Z,13.84,14.26,13.58,13.79,327576
2022-12-07T05:00:00Z,13.715,14.16,13.42,13.675,263441
2022-12-06T05:00:00Z,15.01,15.01,13.68,13.815,664775
2022-12-05T05:00:00Z,15.705,15.91,14.96,14.96,207524
2022-12-02T05:00:00Z,15.35,16.01,15.35,15.81,248466
2022-12-01T05:00:00Z,16.13,16.18,15.28,15.76,333679
2022-11-30T05:00:00Z,15.165,15.98,14.755,15.98,321533
2022-11-29T05:00:00Z,15.03,15.44,14.87,14.89,212562
2022-11-28T05:00:00Z,15.575,15.79,14.855,14.925,403355
2022-11-25T05:00:00Z,15.435,15.76,15.335,15.735,189869
2022-11-23T05:00:00Z,15.27,15.505,14.995,15.485,199450
2022-11-22T05:00:00Z,15.115,15.285,14.88,15.17,288948
2022-11-21T05:00:00Z,15.44,15.48,14.845,15.19,366395
2022-11-18T05:00:00Z,16.635,16.74,15.48,15.84,353936
2022-11-17T05:00:00Z,15.94,16.53,15.58,16.31,453016
2022-11-16T05:00:00Z,17.26,17.39,16.33,16.73,359176
2022-11-15T05:00:00Z,18.15,18.18,17.335,17.57,351858
2022-11-14T05:00:00Z,17.82,17.89,16.7,17.31,427903
2022-11-11T05:00:00Z,17.04,18.15,16.79,17.89,495900
2022-11-10T05:00:00Z,15.75,17.185,15.57,17.01,1732251
2022-11-09T05:00:00Z,15.565,16.4,14.505,14.61,553720
2022-11-08T05:00:00Z,15.23,15.23,14.46,14.83,595791
2022-11-07T05:00:00Z,15.11,15.2,14.42,14.99,473232
2022-11-04T04:00:00Z,15.27,15.27,14.33,14.8,422948
2022-11-03T04:00:00Z,14.51,15.185,14.42,14.605,292125
2022-11-02T04:00:00Z,15.7,15.83,14.72,14.72,477777
2022-11-01T04:00:00Z,16.62,16.72,15.68,15.7,392331
2022-10-31T04:00:00Z,16.07,16.205,15.61,15.97,383285
2022-10-28T04:00:00Z,15.86,16.125,15.32,16.08,489397
2022-10-27T04:00:00Z,16.65,16.66,15.975,16.075,309860
2022-10-26T04:00:00Z,16.66,17.205,16.345,16.42,456229
2022-10-25T04:00:00Z,15.73,16.85,15.73,16.565,612275
2022-10-24T04:00:00Z,16.5,16.505,15.44,15.73,405797
2022-10-21T04:00:00Z,16.22,16.555,15.7,16.485,575618
2022-10-20T04:00:00Z,16.94,16.97,16.12,16.345,494443
2022-10-19T04:00:00Z,18.865,18.865,16.81,16.95,1005383
2022-10-18T04:00:00Z,19.6,19.74,18.48,19.12,757639
2022-10-17T04:00:00Z,18.6,19.08,18.425,18.63,461657
2022-10-14T04:00:00Z,18.265,19.27,17.88,18.04,846607
2022-10-13T04:00:00Z,17.9,19.28,17.81,19.23,1058325
2022-10-12T04:00:00Z,19.77,19.81,18.61,18.92,423247
2022-10-11T04:00:00Z,19.56,20.01,19.07,19.79,246801
2022-10-10T04:00:00Z,20.02,20.09,19.36,19.85,228550
2022-10-07T04:00:00Z,20.46,20.54,19.54,19.91,527342
2022-10-06T04:00:00Z,21.805,22.715,20.825,21.08,266369
2022-10-05T04:00:00Z,22.63,22.76,21.04,21.935,411153
2022-10-04T04:00:00Z,22.91,23.445,22.765,23.38,547856
2022-10-03T04:00:00Z,21.195,22.09,21.1,21.83,334027
2022-09-30T04:00:00Z,20.83,21.91,20.78,21.02,372784
2022-09-29T04:00:00Z,21.945,22.17,20.49,21.04,419986
2022-09-28T04:00:00Z,21.76,22.67,21.52,22.5,274437
2022-09-27T04:00:00Z,22.44,22.93,21.83,21.84,435247
2022-09-26T04:00:00Z,22.505,23.43,21.67,21.7,273568
2022-09-23T04:00:00Z,23.12,23.22,22.25,22.645,498913
2022-09-22T04:00:00Z,25.28,25.41,23.72,23.94,933483
2022-09-21T04:00:00Z,26.215,26.835,25.52,25.52,370162
2022-09-20T04:00:00Z,27.38,27.68,25.865,26.005,299560
2022-09-19T04:00:00Z,27.62,28.38,27.24,27.71,233634
2022-09-16T04:00:00Z,28.35,28.845,27.8,28.24,411575
2022-09-15T04:00:00Z,29.185,30.42,29.01,29.3,322439
2022-09-14T04:00:00Z,28.5,29.67,28.14,29.6,319354
2022-09-13T04:00:00Z,28.31,29.39,28.03,28.92,436331
2022-09-12T04:00:00Z,29.88,30.03,28.68,30.03,387573
2022-09-09T04:00:00Z,29.4,29.995,28.91,29.9,380383
2022-09-08T04:00:00Z,27.05,29.13,27.05,29.12,419384
2022-09-07T04:00:00Z,25.76,27.62,25.63,27.47,468438
2022-09-06T04:00:00Z,26.07,26.07,24.95,25.85,394720
2022-09-02T04:00:00Z,27.42,27.45,25.605,25.88,430566
2022-09-01T04:00:00Z,27.36,27.89,25.93,26.93,519237
2022-08-31T04:00:00Z,28.69,29.03,27.8,28.02,312156
2022-08-30T04:00:00Z,29.13,30.67,27.51,28.18,643032
2022-08-29T04:00:00Z,28.45,29.56,28.4,28.51,323544
2022-08-26T04:00:00Z,30.08,30.23,28.71,28.93,413205
2022-08-25T04:00:00Z,31.17,31.47,28.73,29.98,1032062
2022-08-24T04:00:00Z,26.485,28.11,26.235,27.5,398872
2022-08-23T04:00:00Z,26.6,27.17,26.055,26.11,409375
2022-08-22T04:00:00Z,25.69,26.52,25.48,26.39,313429
2022-08-19T04:00:00Z,27.3,27.46,26.29,26.83,522960
2022-08-18T04:00:00Z,29.07,29.49,28.29,28.44,297766
2022-08-17T04:00:00Z,28.19,28.97,27.61,28.46,476152
2022-08-16T04:00:00Z,29.375,30.245,28.6,29.18,491413
2022-08-15T04:00:00Z,29.91,31.1,29.39,29.96,601991
2022-08-12T04:00:00Z,28.21,29.96,27.58,29.54,577455
2022-08-11T04:00:00Z,29.29,29.57,27.6,27.74,703207
2022-08-10T04:00:00Z,26.295,29.28,25.995,28.775,1509812
2022-08-09T04:00:00Z,24.21,25.07,24.09,24.65,635896
2022-08-08T04:00:00Z,26.57,26.62,25.335,25.615,920036
2022-08-05T04:00:00Z,24.96,25.725,24.47,25.195,774878
2022-08-04T04:00:00Z,23.49,24.235,22.975,24.1,451268
2022-08-03T04:00:00Z,23.24,23.6,22.4,23.58,469878
2022-08-02T04:00:00Z,20.855,23.51,20.79,23.235,735300
2022-08-01T04:00:00Z,21.04,21.49,20.55,21.26,342549
2022-07-29T04:00:00Z,20.63,22.26,20.595,21.33,747429
2022-07-28T04:00:00Z,20.05,21.85,20.05,21.62,2400643
2022-07-27T04:00:00Z,16.88,17.315,16.59,17.175,342119
2022-07-26T04:00:00Z,17.23,17.23,16.35,16.38,389665
2022-07-25T04:00:00Z,17.51,17.735,17.035,17.49,265794
2022-07-22T04:00:00Z,18.39,18.895,17.455,17.63,348334
2022-07-21T04:00:00Z,18.04,18.435,17.63,18.315,354019
2022-07-20T04:00:00Z,17.3,18.3,17.115,18.1,488578
2022-07-19T04:00:00Z,16.8,17.35,16.285,17.29,350126
2022-07-18T04:00:00Z,16.29,17.05,16.15,16.43,571090
2022-07-15T04:00:00Z,16.76,16.775,14.75,15.455,1924104
2022-07-14T04:00:00Z,17.96,17.99,17.12,17.755,578765
2022-07-13T04:00:00Z,17.48,18.55,17.01,18.235,427827
2022-07-12T04:00:00Z,18.355,18.63,17.55,18.03,403055
2022-07-11T04:00:00Z,19.455,19.69,18.195,18.46,318790
2022-07-08T04:00:00Z,18.65,20.02,18.51,19.76,373711
2022-07-07T04:00:00Z,17.795,19.5,17.795,19.13,634911
2022-07-06T04:00:00Z,17.55,18.34,17.16,17.585,712329
2022-07-05T04:00:00Z,16.83,17.62,16.015,17.62,591855
2022-07-01T04:00:00Z,16.55,17.45,16.55,17.18,557097
2022-06-30T04:00:00Z,15.99,16.95,15.65,16.59,538770
2022-06-29T04:00:00Z,16.74,16.74,15.88,16.36,579613
2022-06-28T04:00:00Z,18.065,18.41,16.94,17.13,479332
2022-06-27T04:00:00Z,18.3,18.54,17.61,18.075,383748
2022-06-24T04:00:00Z,18,18.39,17.57,18.24,475270
2022-06-23T04:00:00Z,16.88,17.905,16.535,17.87,562039
2022-06-22T04:00:00Z,16.15,17.405,16.09,16.88,453100
2022-06-21T04:00:00Z,16.395,17.08,16.18,16.58,411133
2022-06-17T04:00:00Z,14.415,16.03,14.415,15.83,787471
2022-06-16T04:00:00Z,14.57,14.95,13.955,14.26,721202
2022-06-15T04:00:00Z,14.45,15.6,14.24,15.23,484283
2022-06-14T04:00:00Z,14.5,14.535,13.905,14.2,390233
2022-06-13T04:00:00Z,15.03,15.23,13.965,14.195,486451
2022-06-10T04:00:00Z,16.39,16.89,15.77,15.96,363803
2022-06-09T04:00:00Z,18.06,18.37,16.92,16.92,292562
2022-06-08T04:00:00Z,18.91,19.7,18.36,18.54,371683
2022-06-07T04:00:00Z,18.12,18.885,17.87,18.845,274928
2022-06-06T04:00:00Z,18.38,19.25,17.84,18.58,412417
2022-06-03T04:00:00Z,17.87,18.465,17.53,17.9,239032
2022-06-02T04:00:00Z,17.88,18.83,17.72,18.28,476671
2022-06-01T04:00:00Z,18.65,18.94,17.615,17.92,394381
2022-05-31T04:00:00Z,18.96,19.315,18.015,18.52,584361
2022-05-27T04:00:00Z,17.22,19.06,17.22,19.055,715287
2022-05-26T04:00:00Z,15.64,17.3,15.47,17.06,507493
2022-05-25T04:00:00Z,15.15,15.915,14.995,15.75,576638
2022-05-24T04:00:00Z,16.29,16.37,14.975,15.17,593398
2022-05-23T04:00:00Z,16.32,16.78,15.64,16.64,381667
2022-05-20T04:00:00Z,16.87,16.94,15.39,16.45,597371
2022-05-19T04:00:00Z,15.89,17.11,15.75,16.57,564015
2022-05-18T04:00:00Z,16.28,17.2,15.69,15.89,514112
2022-05-17T04:00:00Z,15.02,16.59,14.92,16.54,421902
2022-05-16T04:00:00Z,14.98,15.435,14.435,14.5,336230
2022-05-13T04:00:00Z,14.185,15.4,14.105,15.05,470945
2022-05-12T04:00:00Z,13.06,14.58,12.705,13.59,1013856
2022-05-11T04:00:00Z,15.75,15.75,13.405,13.45,990969
2022-05-10T04:00:00Z,16.61,16.73,15.095,15.715,864005
2022-05-09T04:00:00Z,18.64,18.645,16.555,16.635,703693
2022-05-06T04:00:00Z,20.83,20.89,18.76,19.4,629389
2022-05-05T04:00:00Z,23,23,20.925,21.225,462486
2022-05-04T04:00:00Z,21.58,23.47,21.155,23.4,507075
2022-05-03T04:00:00Z,21.44,22.37,21.27,21.53,466311
2022-05-02T04:00:00Z,20.79,21.755,20.3,21.71,355759
2022-04-29T04:00:00Z,21.77,22.81,20.97,21.02,295553
2022-04-28T04:00:00Z,22.24,22.39,20.085,21.75,502831
2022-04-27T04:00:00Z,22.23,23.21,21.98,22.14,428982
2022-04-26T04:00:00Z,22.575,22.84,21.875,22.31,507149
2022-04-25T04:00:00Z,21.39,22.79,21.32,22.75,381118
2022-04-22T04:00:00Z,23.07,23.62,21.75,22.02,400894
2022-04-21T04:00:00Z,26.98,27.23,22.695,22.85,841157
2022-04-20T04:00:00Z,27.995,28.18,26.625,26.63,387695
2022-04-19T04:00:00Z,27.23,28.285,26.355,28.05,517315
2022-04-18T04:00:00Z,25.78,26.02,24.75,25.555,225065
2022-04-14T04:00:00Z,26.65,26.89,25.77,25.77,206482
2022-04-13T04:00:00Z,25.93,26.94,25.61,26.74,225117
2022-04-12T04:00:00Z,26.54,27.44,25.73,25.91,258090
2022-04-11T04:00:00Z,25.36,26.86,25.34,26.22,458212
2022-04-08T04:00:00Z,27.19,27.28,25.98,26.01,387784
2022-04-07T04:00:00Z,28.19,28.625,26.53,27.31,348314
2022-04-06T04:00:00Z,29.67,30.09,27.65,28.28,476051
2022-04-05T04:00:00Z,31.79,31.85,30.38,30.44,411639
2022-04-04T04:00:00Z,28.59,32.04,28.59,31.76,591638
2022-04-01T04:00:00Z,28.68,28.79,27.86,28.35,250277
2022-03-31T04:00:00Z,28.4,29.98,28.36,28.63,244009
2022-03-30T04:00:00Z,29.23,29.51,28.25,28.4,287613
2022-03-29T04:00:00Z,28.13,29.775,27.86,29.66,350082
2022-03-28T04:00:00Z,27.79,28.73,27.42,28.09,216941
2022-03-25T04:00:00Z,28.21,28.21,27.035,27.95,356397
2022-03-24T04:00:00Z,27.65,28.455,26.91,28.45,339989
2022-03-23T04:00:00Z,27.03,29.04,26.75,27.63,410750
2022-03-22T04:00:00Z,25.75,27.54,25.55,27.26,327794
2022-03-21T04:00:00Z,26.03,26.74,25.06,25.82,449791
2022-03-18T04:00:00Z,25.47,26.35,25.405,26.15,466264
2022-03-17T04:00:00Z,23.695,25.66,23.595,25.65,500431
2022-03-16T04:00:00Z,23.49,24.165,23.06,24,559140
2022-03-15T04:00:00Z,22.22,23.13,21.29,23.11,450136
2022-03-14T04:00:00Z,23.92,24.13,22.18,22.49,389285
2022-03-11T05:00:00Z,25.935,26.63,24.375,24.45,537741
2022-03-10T05:00:00Z,26.08,26.68,24.77,25.885,518763
2022-03-09T05:00:00Z,25.91,26.35,24.95,26.16,531314
2022-03-08T05:00:00Z,23.54,26.05,22.35,25.57,981077
2022-03-07T05:00:00Z,23.77,24.62,23.24,23.24,628520
2022-03-04T05:00:00Z,23.49,24.505,22.77,23.07,527097
2022-03-03T05:00:00Z,25.26,25.4,23.59,23.73,371424
2022-03-02T05:00:00Z,25.25,25.56,24.29,25.27,901905
2022-03-01T05:00:00Z,25.305,25.65,24.33,24.795,692729
2022-02-28T05:00:00Z,24.02,25.805,23.3,25.28,575512
2022-02-25T05:00:00Z,22,22.65,21.09,22.59,337202
2022-02-24T05:00:00Z,18.38,21.97,18.37,21.89,571689
2022-02-23T05:00:00Z,21.095,21.45,19.73,19.83,284762
2022-02-22T05:00:00Z,21.5,21.9,20.39,20.76,246944
2022-02-18T05:00:00Z,22.87,23.05,21.615,22.06,339067
2022-02-17T05:00:00Z,23.44,24.005,23.13,23.15,261374
2022-02-16T05:00:00Z,23.125,24.15,22.62,23.91,230731
2022-02-15T05:00:00Z,22.12,23.92,22.07,23.79,414460
2022-02-14T05:00:00Z,21.23,22.44,20.92,21.48,249999
2022-02-11T05:00:00Z,22.25,22.72,20.97,21.28,337001
2022-02-10T05:00:00Z,22.28,23.625,22.13,22.26,322671
2022-02-09T05:00:00Z,22.49,23,22.13,22.99,357479
2022-02-08T05:00:00Z,21.11,22.065,20.885,21.97,239411
2022-02-07T05:00:00Z,21.3,22.47,21.28,21.44,274365
2022-02-04T05:00:00Z,20.99,22.065,20.685,21.44,261923
2022-02-03T05:00:00Z,20.92,21.78,20.64,20.91,384787
2022-02-02T05:00:00Z,22.99,22.99,21.55,21.84,307167
2022-02-01T05:00:00Z,22.5,23.09,21.27,22.91,798424
2022-01-31T05:00:00Z,19.05,21.915,18.93,21.89,676283
2022-01-28T05:00:00Z,18.32,18.935,17.52,18.77,692531
2022-01-27T05:00:00Z,19.76,20.05,18.1,18.27,384736
2022-01-26T05:00:00Z,21.2,21.34,19.225,19.47,919231
2022-01-25T05:00:00Z,20.07,20.32,18.96,19.715,1122294
2022-01-24T05:00:00Z,19.96,20.71,18.285,20.71,705528
2022-01-21T05:00:00Z,21.07,22.415,20.62,21.07,610810
2022-01-20T05:00:00Z,21.545,23.315,21.51,21.6,1038844
2022-01-19T05:00:00Z,22.96,23.04,20.98,20.98,1098055
2022-01-18T05:00:00Z,23.03,23.55,22.51,22.815,365414
2022-01-14T05:00:00Z,23.3,23.93,22.66,23.44,480199
2022-01-13T05:00:00Z,25.065,25.71,23.88,23.91,323005
2022-01-12T05:00:00Z,25.845,25.98,24.465,24.65,272524
2022-01-11T05:00:00Z,24.815,25.66,24.44,25.1,217447
2022-01-10T05:00:00Z,24.41,24.77,23.47,24.76,568199
2022-01-07T05:00:00Z,25.33,26.225,24.76,24.97,294096
2022-01-06T05:00:00Z,25.915,26.57,24.76,25.22,406856
2022-01-05T05:00:00Z,28.28,28.36,26.205,26.27,425397
2022-01-04T05:00:00Z,29.14,29.14,27.16,28.17,332466
2022-01-03T05:00:00Z,28.95,29.25,28.01,28.8,279112
2021-12-31T05:00:00Z,28.64,29.38,28.19,28.235,155628
2021-12-30T05:00:00Z,27.79,29.68,27.74,28.85,256346
2021-12-29T05:00:00Z,27.91,28.755,27.22,27.97,236339
2021-12-28T05:00:00Z,29.48,29.55,28.11,28.34,214226
2021-12-27T05:00:00Z,29.635,30.43,29.17,29.61,232499
2021-12-23T05:00:00Z,28.98,29.69,28.49,29.4,178088
2021-12-22T05:00:00Z,28.73,29.355,28.37,28.88,191708
2021-12-21T05:00:00Z,28,29.02,27.72,28.95,350697
2021-12-20T05:00:00Z,27.82,28.49,27.12,27.32,1091612
2021-12-17T05:00:00Z,28.91,30.72,27.95,29.77,357527
2021-12-16T05:00:00Z,32.29,32.73,29.07,29.65,749811
2021-12-15T05:00:00Z,30.16,31.755,28.75,31.37,624952
2021-12-14T05:00:00Z,31.08,31.67,29.78,30.515,1241324
2021-12-13T05:00:00Z,33.01,33.58,31.25,32.23,266151
2021-12-10T05:00:00Z,34.46,35,32.915,33.24,214737
2021-12-09T05:00:00Z,36.045,36.8,34.085,34.42,203630
2021-12-08T05:00:00Z,36.34,37.06,35.31,36.6,133019
2021-12-07T05:00:00Z,35.56,36.75,35.5,36.45,250428
2021-12-06T05:00:00Z,32.48,34.965,31.41,34.08,400830
2021-12-03T05:00:00Z,36.35,36.66,32.465,33.445,555264
2021-12-02T05:00:00Z,35.65,37.61,35.32,36.4,397935
2021-12-01T05:00:00Z,40.15,40.82,36.38,36.69,317617
2021-11-30T05:00:00Z,41.14,41.88,38.3,39.9,287641
2021-11-29T05:00:00Z,40.91,41.67,39.48,41.64,224188
2021-11-26T05:00:00Z,41.21,42.1,39.59,40.21,288653
2021-11-24T05:00:00Z,42.4,43.16,40.76,42.92,297356
2021-11-23T05:00:00Z,42.54,44.065,41.16,42.27,270295
2021-11-22T05:00:00Z,45.6,46.5,42.25,42.8,364203
2021-11-19T05:00:00Z,41.85,45.175,41.47,44.55,392474
2021-11-18T05:00:00Z,42.05,42.495,39.46,40.41,290318
2021-11-17T05:00:00Z,43.15,45.33,41.79,41.97,374838
2021-11-16T05:00:00Z,41.73,43.32,40.72,43.12,415595
2021-11-15T05:00:00Z,43.61,43.62,41.05,41.81,312875
2021-11-12T05:00:00Z,43.41,44.32,41.98,43.12,342323
2021-11-11T05:00:00Z,40.65,44.46,39.66,43.44,473808
2021-11-10T05:00:00Z,38.635,42.05,37.89,40.15,771911
2021-11-09T05:00:00Z,41.21,42.43,38.94,40.68,1589649
2021-11-08T05:00:00Z,40.07,41.615,39.8,40.92,348119
2021-11-05T04:00:00Z,39.87,40.145,37.79,38.34,308021
2021-11-04T04:00:00Z,41.29,41.32,39.5,40.22,336281
2021-11-03T04:00:00Z,39.86,40.67,38.66,40.02,483545
2021-11-02T04:00:00Z,41.95,42.925,40.19,41.225,461804
2021-11-01T04:00:00Z,39.59,41.885,39.45,41.66,680667
2021-10-29T04:00:00Z,37.22,38.49,36.855,38.31,355560
2021-10-28T04:00:00Z,34.66,38.44,34.65,37.145,883153
2021-10-27T04:00:00Z,34.69,35.39,34.335,34.4,380420
2021-10-26T04:00:00Z,35.16,35.495,33.57,34.16,411125
2021-10-25T04:00:00Z,33.2,35.04,32.925,34.905,264758
2021-10-22T04:00:00Z,33.55,33.57,31.98,32.68,244900
2021-10-21T04:00:00Z,32.93,34.95,32.91,33.66,454651
2021-10-20T04:00:00Z,33.45,33.78,32.55,32.915,223142
2021-10-19T04:00:00Z,32.78,33.5,31.92,33.45,332304
2021-10-18T04:00:00Z,31.05,33.135,30.99,32.58,436217
2021-10-15T04:00:00Z,31.86,32.63,30.78,31.24,544512
2021-10-14T04:00:00Z,33.99,33.99,31.32,31.8,911126
2021-10-13T04:00:00Z,31.945,33.65,31.8,33.59,1122492
2021-10-12T04:00:00Z,27.9,29.95,27.9,29.79,430384
2021-10-11T04:00:00Z,27.19,28.25,27.19,27.65,266733
2021-10-08T04:00:00Z,26.5,27.33,26.38,27.2,302049
2021-10-07T04:00:00Z,24.95,26.51,24.755,26.09,260751
2021-10-06T04:00:00Z,24.01,25,23.82,24.61,274052
2021-10-05T04:00:00Z,24.42,24.84,24.2,24.375,245179
2021-10-04T04:00:00Z,25.39,25.39,24.13,24.32,372078
2021-10-01T04:00:00Z,25.6,25.795,24.965,25.56,219240
2021-09-30T04:00:00Z,25.28,25.89,24.88,25.54,238224
2021-09-29T04:00:00Z,27.06,27.09,25.15,25.19,287548
2021-09-28T04:00:00Z,27.99,28.37,26.79,26.85,345122
2021-09-27T04:00:00Z,27.03,28.81,26.49,28.39,284919
2021-09-24T04:00:00Z,27.4,27.505,26.69,26.95,203543
2021-09-23T04:00:00Z,28.03,28.4,27.11,27.78,262910
2021-09-22T04:00:00Z,25.99,27.09,25.83,26.92,305070
2021-09-21T04:00:00Z,25.85,26.42,25.51,26.09,285015
2021-09-20T04:00:00Z,25.41,26.005,25.13,25.73,410751
2021-09-17T04:00:00Z,25.04,26.525,25,26.46,397632
2021-09-16T04:00:00Z,24.44,25,24.15,24.96,167881
2021-09-15T04:00:00Z,24.46,24.67,24,24.63,222255
2021-09-14T04:00:00Z,24.61,25.66,24.41,24.67,217712
2021-09-13T04:00:00Z,24.23,24.77,23.16,24.21,330417
2021-09-10T04:00:00Z,25.55,26.07,24.1,24.135,282628
2021-09-09T04:00:00Z,25.15,25.845,24.8,25.25,155876
2021-09-08T04:00:00Z,26.67,26.82,25.155,25.23,287580
2021-09-07T04:00:00Z,26.46,27.14,26.34,26.8,218021
2021-09-03T04:00:00Z,27.105,27.23,26.26,26.4,172318
2021-09-02T04:00:00Z,27.2,27.62,26.765,27.155,173371
2021-09-01T04:00:00Z,26.47,27.46,26.31,26.94,282366
2021-08-31T04:00:00Z,26.12,26.83,26.02,26.055,183294
2021-08-30T04:00:00Z,26.63,26.65,25.45,26.13,173299
2021-08-27T04:00:00Z,26.03,26.865,25.83,26.59,204106
2021-08-26T04:00:00Z,26.03,26.86,25.74,25.92,172462
2021-08-25T04:00:00Z,25.895,26.72,25.47,26.4,232737
2021-08-24T04:00:00Z,25.55,26.045,25.265,25.85,229996
2021-08-23T04:00:00Z,24.42,25.365,24.28,25.33,164054
2021-08-20T04:00:00Z,23.585,24.515,23.56,24.23,156624
2021-08-19T04:00:00Z,25.04,25.34,23.7,23.76,242564
2021-08-18T04:00:00Z,25.86,26.03,24.94,25.04,265119
2021-08-17T04:00:00Z,24.5,25.95,24.5,25.865,351571
2021-08-16T04:00:00Z,24.66,25.76,24.425,25.12,323192
2021-08-13T04:00:00Z,26.29,26.42,24.865,24.995,293835
2021-08-12T04:00:00Z,27.05,27.37,25.89,26.41,222397
2021-08-11T04:00:00Z,29.61,29.61,26.975,27.405,276326
2021-08-10T04:00:00Z,29.56,30.235,28.62,29.045,385528
2021-08-09T04:00:00Z,25.965,28.88,25.875,28.16,610951
2021-08-06T04:00:00Z,28.32,28.675,25.8,25.885,505026
2021-08-05T04:00:00Z,25.7,26.635,25.05,26.01,280920
2021-08-04T04:00:00Z,26.29,27.21,25.7,25.89,307767
2021-08-03T04:00:00Z,26.8,26.87,25.89,26.485,191091
2021-08-02T04:00:00Z,27.44,27.56,26.59,26.63,197417
2021-07-30T04:00:00Z,26.81,27.95,26.76,27.29,186242
2021-07-29T04:00:00Z,27.865,28.06,27.14,27.21,205308
2021-07-28T04:00:00Z,26.66,28.15,26.58,27.83,287376
2021-07-27T04:00:00Z,26.76,27.135,25.4,26.58,246181
2021-07-26T04:00:00Z,26.71,27.53,26.44,27.065,264034
2021-07-23T04:00:00Z,27.71,27.72,26.4,26.84,219625
2021-07-22T04:00:00Z,28.245,28.39,27.02,27.33,260701
2021-07-21T04:00:00Z,26.85,28.14,26.73,28.06,564219
2021-07-20T04:00:00Z,26.15,27.06,25.32,26.86,259547
2021-07-19T04:00:00Z,25,26.41,24.78,25.99,388442
2021-07-16T04:00:00Z,26.94,26.98,25.905,26.02,308915
2021-07-15T04:00:00Z,26.42,27.58,25.89,26.785,402849
2021-07-14T04:00:00Z,28.01,28.19,26.28,26.52,388728
2021-07-13T04:00:00Z,28.2,28.7,27.68,27.845,226191
2021-07-12T04:00:00Z,29.47,29.73,27.91,29.005,253031
2021-07-09T04:00:00Z,30.135,30.135,28.8,29.395,257952
2021-07-08T04:00:00Z,28.76,30.33,28.42,29.825,363665
2021-07-07T04:00:00Z,32.96,33.27,30.045,30.185,342828
2021-07-06T04:00:00Z,32.61,33.605,32.035,32.825,207505
2021-07-02T04:00:00Z,33.21,33.63,32.28,32.46,174671
2021-07-01T04:00:00Z,34.345,34.345,32.79,33.305,236862
2021-06-30T04:00:00Z,35,35.39,33.82,34.21,351514
2021-06-29T04:00:00Z,34.6,36,33.78,34.095,443863
2021-06-28T04:00:00Z,32.13,34.17,32.13,34.15,456048
2021-06-25T04:00:00Z,32.96,33.5,31.51,31.935,507678
2021-06-24T04:00:00Z,34.06,34.12,32.57,32.895,498409
2021-06-23T04:00:00Z,33.27,34.24,32.03,33.815,724103
2021-06-22T04:00:00Z,30.86,34.13,30.47,34.025,921630
2021-06-21T04:00:00Z,29.3,30.03,28.66,29.885,364504
2021-06-18T04:00:00Z,29.61,30.3,28.73,29.225,335344
2021-06-17T04:00:00Z,29.41,30.4,29.06,29.845,292908
2021-06-16T04:00:00Z,28.49,29.72,28.41,29.625,349497
2021-06-15T04:00:00Z,30.25,30.67,28.75,29.16,413667
2021-06-14T04:00:00Z,32.06,32.21,30.43,30.575,233084
2021-06-11T04:00:00Z,31.27,32.28,31.27,31.825,190149
2021-06-10T04:00:00Z,31.14,32.32,31.08,31.48,330663
2021-06-09T04:00:00Z,33.53,33.84,32.335,32.415,358435
2021-06-08T04:00:00Z,33.81,34.36,32.385,33.475,541428
2021-06-07T04:00:00Z,30.75,32.97,29.965,32.865,518657
2021-06-04T04:00:00Z,30.43,32.01,30.38,30.59,358451
2021-06-03T04:00:00Z,30.65,31.98,29.82,30.02,557573
2021-06-02T04:00:00Z,30.765,30.88,29.85,30.69,420794
2021-06-01T04:00:00Z,31.235,31.47,29.85,30.9,389445
2021-05-28T04:00:00Z,30.88,31.81,30.245,30.725,621449
2021-05-27T04:00:00Z,30.03,30.085,28.89,29.96,379148
2021-05-26T04:00:00Z,28.08,29.87,27.95,29.71,402648
2021-05-25T04:00:00Z,26.84,28.2,26.7,27.795,446740
2021-05-24T04:00:00Z,27.88,27.96,26.72,27.17,402852
2021-05-21T04:00:00Z,27.735,28.315,26.83,27.875,591893
2021-05-20T04:00:00Z,28.17,28.57,26.63,27.48,629214
2021-05-19T04:00:00Z,26.28,27.65,25.8,27.49,1197734
2021-05-18T04:00:00Z,25.34,27.78,24.77,26.995,1318249
2021-05-17T04:00:00Z,24.16,25.445,23.95,24.925,849889
2021-05-14T04:00:00Z,25.05,25.52,23.675,24.55,858809
2021-05-13T04:00:00Z,22.73,23.59,21.32,21.97,771190
2021-05-12T04:00:00Z,22.74,23.57,22.12,22.25,940713
2021-05-11T04:00:00Z,18.53,23.72,18.48,23.605,1547700
2021-05-10T04:00:00Z,22.58,22.66,20.055,20.06,748416
2021-05-07T04:00:00Z,22.87,23.92,22.6,23.045,550703
2021-05-06T04:00:00Z,23.16,23.59,21.58,22.55,1031015
2021-05-05T04:00:00Z,25.03,25.61,24.12,24.29,480009
2021-05-04T04:00:00Z,24.87,25.41,24.04,24.605,869917
2021-05-03T04:00:00Z,28.54,28.75,26.23,26.64,587876
2021-04-30T04:00:00Z,27.69,29.17,27.69,28.52,355072
2021-04-29T04:00:00Z,29.99,30.32,27.99,28.24,507970
2021-04-28T04:00:00Z,27.91,29.075,27.57,28.84,443453
2021-04-27T04:00:00Z,29.4,29.55,28.43,28.545,413804
2021-04-26T04:00:00Z,28.81,29.56,27.33,29.28,582501
2021-04-23T04:00:00Z,26.9,28.125,26.4,28,462674
2021-04-22T04:00:00Z,28.195,28.48,26.27,26.51,663800
2021-04-21T04:00:00Z,24.55,27.14,23.91,27.14,679109
2021-04-20T04:00:00Z,25.31,26.33,24.63,25.215,925288
2021-04-19T04:00:00Z,26.66,26.87,25.02,25.23,690667
2021-04-16T04:00:00Z,25.68,27.55,25.46,27.265,679484
2021-04-15T04:00:00Z,28.69,28.69,24.61,26.09,1238206
2021-04-14T04:00:00Z,30.25,30.69,28.29,28.39,561795
2021-04-13T04:00:00Z,28.82,29.495,28.03,29.285,335609
2021-04-12T04:00:00Z,31.34,31.45,28.8,29.655,577586
2021-04-09T04:00:00Z,32.165,33.05,31.68,32.3,295136
2021-04-08T04:00:00Z,32.1,33.48,31.87,32.61,402676
2021-04-07T04:00:00Z,33.895,34.12,31.56,31.97,577382
2021-04-06T04:00:00Z,33.54,35.17,33.3,34.67,339515
2021-04-05T04:00:00Z,36.035,36.13,32.945,33.42,561936
2021-04-01T04:00:00Z,37.17,37.74,35.06,35.26,524118
2021-03-31T04:00:00Z,36.36,36.38,34.38,35.88,639230
2021-03-30T04:00:00Z,30.8,34.2,30.24,34,887478
2021-03-29T04:00:00Z,33.74,33.79,30.74,30.8,523865
2021-03-26T04:00:00Z,34.44,35.02,32.43,34.03,382231
2021-03-25T04:00:00Z,30.88,34.18,30.12,34.065,672494
2021-03-24T04:00:00Z,36.98,37,32.975,33.125,1031650
2021-03-23T04:00:00Z,38.22,39.21,36.45,36.77,346621
2021-03-22T04:00:00Z,38.54,39.44,37.6,38.92,411362
2021-03-19T04:00:00Z,35,38.565,34.625,38.29,984377
2021-03-18T04:00:00Z,37.43,38.52,36.075,36.32,567155
2021-03-17T04:00:00Z,37.025,39.9,35.435,39.305,1842470
2021-03-16T04:00:00Z,44.05,45.11,41.95,42.68,458512
2021-03-15T04:00:00Z,47.09,47.83,45.93,46.43,298897
2021-03-12T05:00:00Z,45.45,47.74,44.76,47.22,416264
2021-03-11T05:00:00Z,45.03,48.34,43.5,48.19,547965
2021-03-10T05:00:00Z,44.83,46.37,41.64,42.89,640469
2021-03-09T05:00:00Z,40.97,42.65,39.56,42.31,754563
2021-03-08T05:00:00Z,39.275,41.805,37.62,38.1,571033
2021-03-05T05:00:00Z,41.08,41.21,33.27,39.23,1168421
2021-03-04T05:00:00Z,42.4,44.845,37.49,40,1061653
2021-03-03T05:00:00Z,47.73,49.48,43.57,43.825,703424
2021-03-02T05:00:00Z,51.46,51.67,48.42,48.76,606369
2021-03-01T05:00:00Z,52.94,53.08,50.7,52.43,517459
2021-02-26T05:00:00Z,44.72,49.79,44.53,48.42,1508273
2021-02-25T05:00:00Z,46.01,48.7,43.21,43.37,987781
2021-02-24T05:00:00Z,48.275,50.21,46.32,50.145,832293
2021-02-23T05:00:00Z,44.37,47.1,37.22,46.6,1280523
2021-02-22T05:00:00Z,54.2,54.45,48.02,48.59,782652
2021-02-19T05:00:00Z,53.1,57.76,52.62,55.86,527158
2021-02-18T05:00:00Z,51.89,54.4,50.075,50.225,738433
2021-02-17T05:00:00Z,56.8,58.79,55.11,56.23,620187
2021-02-16T05:00:00Z,64.91,64.91,56,58.965,849599
2021-02-12T05:00:00Z,63.17,64.1,61.62,63.22,337148
2021-02-11T05:00:00Z,65.025,65.36,63.06,63.915,341640
2021-02-10T05:00:00Z,68.86,68.89,62.415,64.32,418960
2021-02-09T05:00:00Z,65.625,69.86,65.55,67.465,376562
2021-02-08T05:00:00Z,66,67.17,64.72,66.2,241270
2021-02-05T05:00:00Z,68.97,69.025,65.49,65.765,597384
2021-02-04T05:00:00Z,68.35,70.46,67.31,67.67,313987
2021-02-03T05:00:00Z,65.55,68.65,63.17,67.46,682671
2021-02-02T05:00:00Z,64.235,64.91,61.14,64.21,566853
2021-02-01T05:00:00Z,64.19,65.68,61.05,63.84,416512
2021-01-29T05:00:00Z,65.84,67.09,62.44,63.1,654824
2021-01-28T05:00:00Z,65.75,67.975,63,65.145,902862
2021-01-27T05:00:00Z,64.02,69.495,62.99,64.445,1895226
2021-01-26T05:00:00Z,67.73,75.49,66.605,73.18,1007336
2021-01-25T05:00:00Z,66.535,70.56,63.26,65.7,624188
2021-01-22T05:00:00Z,62.33,67.015,62.32,66.865,644886
2021-01-21T05:00:00Z,60.04,65.31,58.78,63.67,783418
2021-01-20T05:00:00Z,65.78,65.835,60.33,62.5,1054978
2021-01-19T05:00:00Z,63.53,68.42,62.255,66.41,930458
2021-01-15T05:00:00Z,63.01,64.87,57.36,60.14,849255
2021-01-14T05:00:00Z,66.14,68.5,63.79,66.46,1060275
2021-01-13T05:00:00Z,70.44,73.74,64.16,69.54,1623202
2021-01-12T05:00:00Z,62.535,66.06,60.86,66.02,1725194
2021-01-11T05:00:00Z,48.9,54.345,47.87,53.985,1255981
2021-01-08T05:00:00Z,52.03,55.96,49.2,53.755,1502420
2021-01-07T05:00:00Z,43.62,47.3,43.28,47.29,1532787
2021-01-06T05:00:00Z,34.455,36.845,33.74,35,725262
2021-01-05T05:00:00Z,30.85,33.02,30.44,32.57,422642
2021-01-04T05:00:00Z,34.65,34.92,31.07,32.165,580706
2020-12-31T05:00:00Z,33.91,34.53,33.205,33.93,199333
2020-12-30T05:00:00Z,33.14,34.38,32.61,34.205,301903
2020-12-29T05:00:00Z,33.33,33.44,30.9,32.43,569870
2020-12-28T05:00:00Z,37.37,37.5,33.535,33.555,628089
2020-12-24T05:00:00Z,35.44,36.65,34.78,35.59,369112
2020-12-23T05:00:00Z,36.865,37.11,34.695,36.09,609860
2020-12-22T05:00:00Z,34.425,36.73,33.82,35.715,815384
2020-12-21T05:00:00Z,31.325,32.425,30.48,32.415,413560
2020-12-18T05:00:00Z,30.54,33,29.89,31.625,697810
2020-12-17T05:00:00Z,28.58,30.95,28.54,30.515,764709
2020-12-16T05:00:00Z,28.535,28.77,27.4,28.455,328030
2020-12-15T05:00:00Z,27.39,29.3,26.86,28.445,567114
2020-12-14T05:00:00Z,27.13,27.365,25.7,25.715,376404
2020-12-11T05:00:00Z,27.48,27.82,26.25,26.76,321974
2020-12-10T05:00:00Z,26.5,28.08,26.27,27.19,362722
2020-12-09T05:00:00Z,28.79,29.62,26.17,26.735,788280
2020-12-08T05:00:00Z,25.06,29.47,24.95,28.735,881064
2020-12-07T05:00:00Z,25.4,25.95,24.45,24.74,270942
2020-12-04T05:00:00Z,24.235,24.92,23.98,24.845,279166
2020-12-03T05:00:00Z,24.32,24.72,23.82,23.845,250784
2020-12-02T05:00:00Z,22.63,24.79,22.25,24.06,632721
2020-12-01T05:00:00Z,25.92,26.02,23.765,24.455,718032
2020-11-30T05:00:00Z,27.33,27.33,23.8,26.325,673268
2020-11-27T05:00:00Z,27.045,27.775,25.67,26.215,506892
2020-11-25T05:00:00Z,25.77,26.34,25.085,26.155,773285
2020-11-24T05:00:00Z,28.33,28.665,25.52,26.695,793034
2020-11-23T05:00:00Z,24.96,26.985,24.77,26.875,1133026
2020-11-20T05:00:00Z,24.1,24.73,23.97,24.365,328501
2020-11-19T05:00:00Z,23.675,24.83,23.46,23.795,760138
2020-11-18T05:00:00Z,23.34,23.785,22.57,23.225,565818
2020-11-17T05:00:00Z,22.07,23.375,22,22.97,1839084
2020-11-16T05:00:00Z,23.7,25.475,23.65,24.985,833837
2020-11-13T05:00:00Z,24.35,24.78,22.245,23.43,736579
2020-11-12T05:00:00Z,22.83,24.25,21.94,23.43,1892536
2020-11-11T05:00:00Z,20.42,23,20.42,22.965,1181514
2020-11-10T05:00:00Z,21.24,21.59,19.07,19.98,882461
2020-11-09T05:00:00Z,19.53,21.86,18.5,20.35,1127277
2020-11-06T05:00:00Z,18.46,19.09,17.76,18.855,501169
2020-11-05T05:00:00Z,17.65,18.88,17.63,18.865,663556
2020-11-04T05:00:00Z,16.33,16.755,15.25,16.605,784738
2020-11-03T05:00:00Z,16.13,17.4,15.88,16.945,1258860
2020-11-02T05:00:00Z,14.28,15.49,13.94,15.46,533582
2020-10-30T04:00:00Z,14.65,14.8,13.695,14.01,439882
2020-10-29T04:00:00Z,14.91,15.01,14.395,14.82,567895
2020-10-28T04:00:00Z,14.3,15.05,14.25,14.775,389589
2020-10-27T04:00:00Z,14.75,15.23,14.37,14.795,327468
2020-10-26T04:00:00Z,14.66,15.48,13.93,14.465,598035
2020-10-23T04:00:00Z,15.17,15.375,14.74,14.995,263780
2020-10-22T04:00:00Z,15.085,15.32,14.375,14.955,401805
2020-10-21T04:00:00Z,16.26,16.38,14.82,14.875,593398
2020-10-20T04:00:00Z,16.45,16.82,16.24,16.285,179277
2020-10-19T04:00:00Z,16.21,16.7,15.9,16.385,313849
2020-10-16T04:00:00Z,17.48,17.48,16.15,16.275,1020574
2020-10-15T04:00:00Z,16.805,17.16,16.47,17.03,567742
2020-10-14T04:00:00Z,17.34,17.81,17.12,17.285,392994
2020-10-13T04:00:00Z,17.265,17.56,16.78,17.09,813021
2020-10-12T04:00:00Z,18.88,18.88,17.29,17.64,954414
2020-10-09T04:00:00Z,17.8,18.89,17.755,18.44,917121
2020-10-08T04:00:00Z,18.99,19,17.44,17.875,1373874
2020-10-07T04:00:00Z,16.55,18.255,16.54,18.22,993620
2020-10-06T04:00:00Z,16.03,16.5,15.32,16.255,606322
2020-10-05T04:00:00Z,14.7,15.96,14.66,15.705,726408
2020-10-02T04:00:00Z,13.39,14.28,13.28,14.145,292696
2020-10-01T04:00:00Z,13.77,14.03,13.53,13.995,327862
2020-09-30T04:00:00Z,13.26,13.7,12.875,13.405,238724
2020-09-29T04:00:00Z,13.185,13.58,12.89,13.14,228457
2020-09-28T04:00:00Z,12.51,13.375,12.49,13.18,316561
2020-09-25T04:00:00Z,11.33,11.895,11.33,11.645,248184
2020-09-24T04:00:00Z,11.89,11.955,10.925,11.25,284878
2020-09-23T04:00:00Z,12.96,13.47,12.065,12.075,147216
2020-09-22T04:00:00Z,13.265,13.32,12.58,12.905,209557
2020-09-21T04:00:00Z,12.39,13.395,12.3,13.355,467808
2020-09-18T04:00:00Z,12.89,13.625,12.81,13.565,310546
2020-09-17T04:00:00Z,12.51,12.845,12.2,12.835,112566
2020-09-16T04:00:00Z,12.65,13.09,12.58,12.935,163609
2020-09-15T04:00:00Z,12.37,13.025,12.3,12.535,194936
2020-09-14T04:00:00Z,11.86,12.28,11.795,12.26,172104
2020-09-11T04:00:00Z,12.2,12.23,11.555,11.705,131048
2020-09-10T04:00:00Z,12.24,12.54,11.98,12.135,221277
2020-09-09T04:00:00Z,11.93,12.275,11.83,12.125,211335
2020-09-08T04:00:00Z,11.18,12.245,11.15,11.725,250589
2020-09-04T04:00:00Z,12.085,12.17,10.56,11.755,579407
2020-09-03T04:00:00Z,12.83,13.105,11.5,11.555,592478
2020-09-02T04:00:00Z,13.94,14.08,12.535,13.14,666368
2020-09-01T04:00:00Z,13.015,14.2,12.785,14.125,514169
2020-08-31T04:00:00Z,13.01,13.315,12.765,12.985,170248
2020-08-28T04:00:00Z,13.1,13.15,12.71,13.08,165454
2020-08-27T04:00:00Z,13.1,13.41,12.71,13,237486
2020-08-26T04:00:00Z,12.995,13.685,12.79,13.045,354127
2020-08-25T04:00:00Z,12.36,12.915,12.36,12.855,167344
2020-08-24T04:00:00Z,12.95,13.25,11.815,12.35,558889
2020-08-21T04:00:00Z,13.48,13.88,12.695,12.9,447139
2020-08-20T04:00:00Z,13.79,13.87,12.885,13.665,205490
2020-08-19T04:00:00Z,13.06,14.35,13.05,13.65,537663
2020-08-18T04:00:00Z,12.44,12.91,12.09,12.76,203817
2020-08-17T04:00:00Z,11.54,12.325,11.53,12.195,305239
2020-08-14T04:00:00Z,11.415,11.755,11.265,11.4,223360
2020-08-13T04:00:00Z,11.17,11.895,10.89,11.36,544212
2020-08-12T04:00:00Z,10.49,10.72,10.12,10.64,1792675
2020-08-11T04:00:00Z,11.945,11.95,11.245,11.305,137455
2020-08-10T04:00:00Z,11.905,12.195,11.555,12.055,166908
2020-08-07T04:00:00Z,10.99,11.73,10.74,11.28,233372
2020-08-06T04:00:00Z,10.15,11.475,10.14,10.69,847387
2020-08-05T04:00:00Z,9.11,9.415,9.005,9.335,120668
2020-08-04T04:00:00Z,9.23,9.28,8.78,9.12,189815
2020-08-03T04:00:00Z,8.16,9.24,8.06,9.15,459797
2020-07-31T04:00:00Z,7.98,8.02,7.11,7.71,215692
2020-07-30T04:00:00Z,7.76,8.015,7.66,7.975,148285
2020-07-29T04:00:00Z,8.16,8.27,7.98,8.165,65253
2020-07-28T04:00:00Z,8.23,8.295,8.03,8.055,60982
2020-07-27T04:00:00Z,8.55,8.68,8.135,8.335,144056
