2024-06-14T04:00:00Z,3.66,3.87,3.635,3.81,306417
2024-06-13T04:00:00Z,3.87,3.87,3.645,3.71,384985
2024-06-12T04:00:00Z,3.825,3.98,3.785,3.845,471439
2024-06-11T04:00:00Z,3.58,3.615,3.51,3.575,585341
2024-06-10T04:00:00Z,3.605,3.69,3.595,3.63,408570
2024-06-07T04:00:00Z,3.645,3.72,3.605,3.65,122741
2024-06-06T04:00:00Z,3.76,3.84,3.735,3.76,394012
2024-06-05T04:00:00Z,3.67,3.81,3.67,3.78,168573
2024-06-04T04:00:00Z,3.63,3.7,3.56,3.635,117609
2024-06-03T04:00:00Z,3.705,3.775,3.595,3.64,294941
2024-05-31T04:00:00Z,3.515,3.64,3.45,3.64,277618
2024-05-30T04:00:00Z,3.18,3.48,3.165,3.47,406470
2024-05-29T04:00:00Z,2.925,3.155,2.925,3.145,151016
2024-05-28T04:00:00Z,3.205,3.235,2.96,2.98,329251
2024-05-24T04:00:00Z,3.245,3.275,3.16,3.165,176676
2024-05-23T04:00:00Z,3.38,3.38,3.18,3.225,300411
2024-05-22T04:00:00Z,3.295,3.52,3.275,3.425,1093747
2024-05-21T04:00:00Z,3.525,3.575,3.245,3.265,1705750
2024-05-20T04:00:00Z,3.88,3.995,3.775,3.915,337606
2024-05-17T04:00:00Z,3.84,4.055,3.835,3.92,119546
2024-05-16T04:00:00Z,4.055,4.15,3.825,3.885,410373
2024-05-15T04:00:00Z,4.345,4.365,4.045,4.075,218313
2024-05-14T04:00:00Z,4.38,4.81,4.2,4.25,266294
2024-05-13T04:00:00Z,4.32,4.54,4.19,4.195,381698
2024-05-10T04:00:00Z,4.475,4.475,4.17,4.215,191578
2024-05-09T04:00:00Z,4.04,4.47,3.98,4.465,262633
2024-05-08T04:00:00Z,3.925,3.945,3.745,3.94,332884
2024-05-07T04:00:00Z,4.1,4.19,3.85,4.095,958615
2024-05-06T04:00:00Z,3.42,3.67,3.4,3.545,318534
2024-05-03T04:00:00Z,3.21,3.595,3.21,3.42,1001921
2024-05-02T04:00:00Z,3.61,3.79,2.71,3.135,829170
2024-05-01T04:00:00Z,3.14,3.385,3.075,3.235,378150
2024-04-30T04:00:00Z,3.215,3.3,3.11,3.115,128221
2024-04-29T04:00:00Z,3.24,3.33,3.165,3.295,184620
2024-04-26T04:00:00Z,3.045,3.235,3.045,3.15,217032
2024-04-25T04:00:00Z,2.98,3.06,2.91,3.02,160630
2024-04-24T04:00:00Z,3.155,3.155,3,3.05,111529
2024-04-23T04:00:00Z,3.105,3.27,3.105,3.12,162751
2024-04-22T04:00:00Z,3.045,3.08,2.92,3.055,215435
2024-04-19T04:00:00Z,3.01,3.14,2.97,3.025,134896
2024-04-18T04:00:00Z,3.065,3.22,3.04,3.05,171181
2024-04-17T04:00:00Z,3.135,3.21,3.05,3.08,224625
2024-04-16T04:00:00Z,3.21,3.225,3.065,3.09,460188
2024-04-15T04:00:00Z,3.55,3.55,3.27,3.275,312464
2024-04-12T04:00:00Z,3.645,3.68,3.505,3.55,125555
2024-04-11T04:00:00Z,3.72,3.76,3.58,3.715,132941
2024-04-10T04:00:00Z,3.75,3.75,3.565,3.64,326713
2024-04-09T04:00:00Z,3.72,4.025,3.72,3.945,148565
2024-04-08T04:00:00Z,3.675,3.82,3.675,3.73,107646
2024-04-05T04:00:00Z,3.695,3.8,3.59,3.63,325694
2024-04-04T04:00:00Z,4.09,4.15,3.775,3.815,203411
2024-04-03T04:00:00Z,4.03,4.065,3.97,4.04,107772
2024-04-02T04:00:00Z,4.13,4.2,4.015,4.06,157376
2024-04-01T04:00:00Z,4.34,4.345,4.17,4.295,310909
2024-03-28T04:00:00Z,4.43,4.52,4.29,4.29,143250
2024-03-27T04:00:00Z,4.2,4.425,4.16,4.415,198712
2024-03-26T04:00:00Z,4.195,4.35,4.15,4.15,199480
2024-03-25T04:00:00Z,4.27,4.31,4.125,4.17,133461
2024-03-22T04:00:00Z,4.35,4.365,4.045,4.21,301758
2024-03-21T04:00:00Z,4.48,4.595,4.415,4.42,169809
2024-03-20T04:00:00Z,4.27,4.485,4.24,4.44,257697
2024-03-19T04:00:00Z,4.32,4.36,4.255,4.26,228554
2024-03-18T04:00:00Z,4.32,4.39,4.24,4.36,135863
2024-03-15T04:00:00Z,4.345,4.57,4.315,4.33,126921
2024-03-14T04:00:00Z,4.375,4.46,4.19,4.345,283164
2024-03-13T04:00:00Z,4.58,4.805,4.405,4.415,168755
2024-03-12T04:00:00Z,4.705,4.76,4.575,4.65,100886
2024-03-11T04:00:00Z,4.715,4.96,4.705,4.71,176285
2024-03-08T05:00:00Z,4.615,4.755,4.51,4.69,208395
2024-03-07T05:00:00Z,4.415,4.57,4.24,4.515,244405
2024-03-06T05:00:00Z,4.325,4.46,4.22,4.4,171522
2024-03-05T05:00:00Z,4.3,4.36,4.22,4.275,151889
2024-03-04T05:00:00Z,4.57,4.585,4.33,4.36,116270
2024-03-01T05:00:00Z,4.49,4.71,4.405,4.61,113841
2024-02-29T05:00:00Z,4.72,4.845,4.5,4.52,163037
2024-02-28T05:00:00Z,4.575,4.755,4.535,4.64,111512
2024-02-27T05:00:00Z,4.65,4.79,4.57,4.7,194342
2024-02-26T05:00:00Z,4.3,4.59,4.3,4.57,327676
2024-02-23T05:00:00Z,4.29,4.37,4.17,4.36,201441
2024-02-22T05:00:00Z,4.28,4.33,4.21,4.28,151913
2024-02-21T05:00:00Z,4.28,4.35,4.25,4.27,123657
2024-02-20T05:00:00Z,4.4,4.44,4.28,4.36,142924
2024-02-16T05:00:00Z,4.53,4.615,4.425,4.52,144482
2024-02-15T05:00:00Z,4.67,4.81,4.615,4.67,192200
2024-02-14T05:00:00Z,4.64,4.72,4.52,4.7,104623
2024-02-13T05:00:00Z,4.545,4.65,4.42,4.455,154534
2024-02-12T05:00:00Z,4.73,5.06,4.67,4.825,226567
2024-02-09T05:00:00Z,4.565,4.685,4.465,4.545,178438
2024-02-08T05:00:00Z,4.37,4.575,4.27,4.52,371266
2024-02-07T05:00:00Z,4.315,4.47,4.31,4.385,295378
2024-02-06T05:00:00Z,4.045,4.43,4.045,4.365,292938
2024-02-05T05:00:00Z,4.13,4.135,3.96,4.015,485353
2024-02-02T05:00:00Z,4.27,4.495,4.1,4.24,643250
2024-02-01T05:00:00Z,5.23,5.27,4.175,4.21,1786018
2024-01-31T05:00:00Z,5.65,6.04,5.57,5.57,306761
2024-01-30T05:00:00Z,5.93,6.02,5.74,5.8,253274
2024-01-29T05:00:00Z,5.68,6.11,5.6,6.1,351029
2024-01-26T05:00:00Z,5.88,6,5.74,5.81,130338
2024-01-25T05:00:00Z,5.77,5.89,5.625,5.79,195583
2024-01-24T05:00:00Z,5.88,5.91,5.61,5.68,144772
2024-01-23T05:00:00Z,5.98,6.175,5.8,5.8,207962
2024-01-22T05:00:00Z,5.6,6.2,5.6,5.855,196632
2024-01-19T05:00:00Z,5.795,5.795,5.38,5.56,320511
2024-01-18T05:00:00Z,5.89,5.89,5.66,5.78,208623
2024-01-17T05:00:00Z,5.69,5.86,5.57,5.79,348033
2024-01-16T05:00:00Z,5.765,5.81,5.63,5.81,222273
2024-01-12T05:00:00Z,6.035,6.205,5.79,5.82,212486
2024-01-11T05:00:00Z,6.01,6.075,5.635,5.995,271471
2024-01-10T05:00:00Z,6.125,6.27,5.88,6.115,320887
2024-01-09T05:00:00Z,6.455,7.035,6.045,6.11,390424
2024-01-08T05:00:00Z,6.79,6.87,6.35,6.595,484718
2024-01-05T05:00:00Z,6.44,7.24,6.19,6.725,647531
2024-01-04T05:00:00Z,5.705,6.295,5.565,6.14,394989
2024-01-03T05:00:00Z,5.55,5.635,5.315,5.37,421771
2024-01-02T05:00:00Z,5.95,6.13,5.77,5.82,179408
2023-12-29T05:00:00Z,6.26,6.475,6,6.085,134551
2023-12-28T05:00:00Z,6.295,6.355,6.14,6.275,87445
2023-12-27T05:00:00Z,6.32,6.5,6.22,6.405,107493
2023-12-26T05:00:00Z,5.86,6.225,5.86,6.205,101990
2023-12-22T05:00:00Z,6.13,6.29,5.95,5.985,100618
2023-12-21T05:00:00Z,6.11,6.25,6.065,6.17,118090
2023-12-20T05:00:00Z,6.38,6.48,5.895,5.92,196377
2023-12-19T05:00:00Z,6.21,6.435,6.13,6.41,166096
2023-12-18T05:00:00Z,5.97,6.18,5.97,6,144782
2023-12-15T05:00:00Z,6.52,6.54,6.07,6.13,143710
2023-12-14T05:00:00Z,6.08,6.67,6.08,6.465,548194
2023-12-13T05:00:00Z,5.4,5.98,5.28,5.945,321615
2023-12-12T05:00:00Z,5.57,5.61,5.4,5.47,185222
2023-12-11T05:00:00Z,5.92,6.04,5.6,5.675,182540
2023-12-08T05:00:00Z,5.9,6.02,5.75,5.965,327657
2023-12-07T05:00:00Z,5.97,6.1,5.83,5.95,151604
2023-12-06T05:00:00Z,6.03,6.4,5.935,6.07,199350
2023-12-05T05:00:00Z,6.26,6.265,5.84,5.905,228437
2023-12-04T05:00:00Z,6.17,6.625,6.17,6.34,306379
2023-12-01T05:00:00Z,5.67,6.24,5.62,6.24,249342
2023-11-30T05:00:00Z,5.94,5.94,5.52,5.66,150158
2023-11-29T05:00:00Z,5.79,6.025,5.7,5.84,150060
2023-11-28T05:00:00Z,5.35,5.61,5.1,5.61,213525
2023-11-27T05:00:00Z,5.29,5.47,5.19,5.39,178370
2023-11-24T05:00:00Z,5.22,5.36,5.17,5.27,55731
2023-11-22T05:00:00Z,5.405,5.545,5.295,5.32,130718
2023-11-21T05:00:00Z,5.39,5.39,5.195,5.32,131995
2023-11-20T05:00:00Z,5.53,5.605,5.49,5.55,67974
2023-11-17T05:00:00Z,5.345,5.53,5.27,5.53,76280
2023-11-16T05:00:00Z,5.415,5.415,5.16,5.35,267279
2023-11-15T05:00:00Z,5.17,5.66,5.17,5.56,309490
2023-11-14T05:00:00Z,4.72,5.17,4.7,5.135,410428
2023-11-13T05:00:00Z,4.44,4.475,4.345,4.43,185219
2023-11-10T05:00:00Z,4.395,4.57,4.31,4.535,272299
2023-11-09T05:00:00Z,4.71,4.77,4.46,4.465,220784
2023-11-08T05:00:00Z,4.855,4.93,4.7,4.72,136540
2023-11-07T05:00:00Z,4.86,5.145,4.77,4.88,203298
2023-11-06T05:00:00Z,5.205,5.25,4.835,5.02,277845
2023-11-03T04:00:00Z,5.515,5.58,5.055,5.215,712143
2023-11-02T04:00:00Z,4.65,5.73,4.57,5.425,960247
2023-11-01T04:00:00Z,4.8,4.82,4.56,4.8,349241
2023-10-31T04:00:00Z,4.69,4.795,4.59,4.765,234042
2023-10-30T04:00:00Z,4.38,4.68,4.375,4.62,290181
2023-10-27T04:00:00Z,4.5,4.53,4.285,4.29,151233
2023-10-26T04:00:00Z,4.7,4.705,4.395,4.45,242622
2023-10-25T04:00:00Z,4.815,4.815,4.54,4.64,189452
2023-10-24T04:00:00Z,4.82,5.18,4.82,4.845,288572
2023-10-23T04:00:00Z,4.79,5.02,4.65,4.695,207008
2023-10-20T04:00:00Z,4.63,5.01,4.59,4.845,501160
2023-10-19T04:00:00Z,4.54,5.05,4.53,4.79,442541
2023-10-18T04:00:00Z,5.135,5.135,4.78,4.8,194928
2023-10-17T04:00:00Z,5.115,5.29,5.115,5.22,150566
2023-10-16T04:00:00Z,4.91,5.225,4.91,5.155,174756
2023-10-13T04:00:00Z,4.98,5.005,4.815,4.845,207042
2023-10-12T04:00:00Z,5.46,5.46,4.955,5.05,184212
2023-10-11T04:00:00Z,5.27,5.54,5.255,5.485,145026
2023-10-10T04:00:00Z,5.18,5.47,5.135,5.22,237099
2023-10-09T04:00:00Z,5.055,5.21,5.025,5.13,209615
2023-10-06T04:00:00Z,4.95,5.19,4.93,5.105,171108
2023-10-05T04:00:00Z,5.35,5.38,4.975,5.11,166730
2023-10-04T04:00:00Z,5.1,5.26,4.96,5.25,155407
2023-10-03T04:00:00Z,5.43,5.44,4.94,5.07,210897
2023-10-02T04:00:00Z,5.005,5.41,4.98,5.41,352634
2023-09-29T04:00:00Z,4.99,5.23,4.98,5.06,218915
2023-09-28T04:00:00Z,5.09,5.23,4.61,4.92,636321
2023-09-27T04:00:00Z,4.68,4.79,4.51,4.67,320556
2023-09-26T04:00:00Z,4.45,4.8,4.45,4.63,262639
2023-09-25T04:00:00Z,4.39,4.59,4.31,4.43,1108501
2023-09-22T04:00:00Z,4.53,4.55,4.395,4.47,329372
2023-09-21T04:00:00Z,4.56,4.61,4.46,4.47,416954
2023-09-20T04:00:00Z,4.83,4.905,4.635,4.675,311482
2023-09-19T04:00:00Z,4.645,4.835,4.575,4.82,458668
2023-09-18T04:00:00Z,4.93,4.955,4.61,4.625,265180
2023-09-15T04:00:00Z,5.075,5.12,4.97,5.035,241944
2023-09-14T04:00:00Z,5.18,5.25,5.08,5.14,300024
2023-09-13T04:00:00Z,5.38,5.41,5.145,5.18,219204
2023-09-12T04:00:00Z,5.26,5.595,5.25,5.4,170525
2023-09-11T04:00:00Z,5.55,5.63,5.33,5.335,252612
2023-09-08T04:00:00Z,5.795,5.845,5.39,5.445,323904
2023-09-07T04:00:00Z,5.925,5.965,5.685,5.825,185675
2023-09-06T04:00:00Z,6.555,6.65,6.05,6.08,276369
2023-09-05T04:00:00Z,6.4,6.71,6.4,6.59,156532
2023-09-01T04:00:00Z,6.5,6.63,6.48,6.555,279563
2023-08-31T04:00:00Z,6.24,6.515,6.235,6.385,145337
2023-08-30T04:00:00Z,5.89,6.325,5.81,6.24,229236
2023-08-29T04:00:00Z,5.82,6.17,5.79,6.09,132194
2023-08-28T04:00:00Z,5.895,6.01,5.74,5.87,195075
2023-08-25T04:00:00Z,5.57,5.97,5.57,5.83,317446
2023-08-24T04:00:00Z,5.42,5.685,5.275,5.515,504114
2023-08-23T04:00:00Z,5.12,5.79,5.07,5.405,2359580
2023-08-22T04:00:00Z,7.225,7.47,6.925,6.97,355871
2023-08-21T04:00:00Z,6.99,7.14,6.87,7.015,169671
2023-08-18T04:00:00Z,6.78,7.065,6.7,7.005,176166
2023-08-17T04:00:00Z,7.41,7.415,6.9,6.91,236281
2023-08-16T04:00:00Z,7.355,7.37,7.195,7.195,151300
2023-08-15T04:00:00Z,7.63,7.74,7.42,7.435,99166
2023-08-14T04:00:00Z,7.445,7.785,7.38,7.73,257536
2023-08-11T04:00:00Z,8,8,7.54,7.55,454429
2023-08-10T04:00:00Z,8.33,8.49,8.01,8.075,98085
2023-08-09T04:00:00Z,8.46,8.485,8.195,8.195,82584
2023-08-08T04:00:00Z,8.23,8.555,8.16,8.525,152441
2023-08-07T04:00:00Z,8.68,8.73,8.27,8.48,135659
2023-08-04T04:00:00Z,9.24,9.49,8.66,8.67,173881
2023-08-03T04:00:00Z,9.03,9.195,8.97,9.055,80589
2023-08-02T04:00:00Z,9.29,9.37,8.8,9.065,120107
2023-08-01T04:00:00Z,9.46,9.69,9.095,9.61,136616
2023-07-31T04:00:00Z,8.69,9.86,8.69,9.75,313343
2023-07-28T04:00:00Z,8.55,8.845,8.55,8.7,132462
2023-07-27T04:00:00Z,8.92,8.995,8.255,8.31,157088
2023-07-26T04:00:00Z,8.565,8.84,8.52,8.77,175630
2023-07-25T04:00:00Z,8.77,8.89,8.455,8.51,103445
2023-07-24T04:00:00Z,8.94,9.06,8.69,8.69,112080
2023-07-21T04:00:00Z,9.46,9.6,9.035,9.11,242246
2023-07-20T04:00:00Z,9.68,9.805,9.195,9.265,137900
2023-07-19T04:00:00Z,9.165,9.83,9.09,9.78,182716
2023-07-18T04:00:00Z,8.73,9.15,8.73,8.925,122199
2023-07-17T04:00:00Z,8.68,9.175,8.515,8.825,150252
2023-07-14T04:00:00Z,9.58,9.6,8.645,8.685,192453
2023-07-13T04:00:00Z,9.63,9.72,9.41,9.58,184077
2023-07-12T04:00:00Z,9.18,9.515,9.05,9.46,209434
2023-07-11T04:00:00Z,8.565,9.2,8.475,9.105,275652
2023-07-10T04:00:00Z,8.01,8.425,7.9,8.38,155694
2023-07-07T04:00:00Z,7.75,8.385,7.73,8.065,144443
2023-07-06T04:00:00Z,7.99,8.005,7.405,7.67,221591
2023-07-05T04:00:00Z,8.06,8.32,7.89,8.235,147051
2023-07-03T04:00:00Z,7.855,8.52,7.855,8.19,110828
2023-06-30T04:00:00Z,7.645,7.94,7.46,7.685,188220
2023-06-29T04:00:00Z,7.27,8.01,7.27,7.46,244834
2023-06-28T04:00:00Z,7.405,7.41,7.2,7.31,255989
2023-06-27T04:00:00Z,7.29,7.565,7.14,7.485,94460
2023-06-26T04:00:00Z,7.23,7.55,7.22,7.235,128515
2023-06-23T04:00:00Z,7.275,7.4,7.255,7.295,193379
2023-06-22T04:00:00Z,7.48,7.615,7.355,7.52,180781
2023-06-21T04:00:00Z,7.86,7.9,7.33,7.575,221326
2023-06-20T04:00:00Z,8.48,8.57,8.145,8.255,197456
2023-06-16T04:00:00Z,9.02,9.16,8.56,8.63,271345
2023-06-15T04:00:00Z,9.455,9.46,8.725,8.945,317609
2023-06-14T04:00:00Z,9.495,9.755,9.3,9.705,187226
2023-06-13T04:00:00Z,9.04,9.71,9.035,9.46,238360
2023-06-12T04:00:00Z,8.5,9.005,8.46,8.94,410972
2023-06-09T04:00:00Z,8.525,9.815,8.19,8.295,528567
2023-06-08T04:00:00Z,8.1,8.325,7.855,8.24,125946
2023-06-07T04:00:00Z,8.515,8.545,7.995,8.095,103548
2023-06-06T04:00:00Z,8.16,8.66,8.1,8.25,145666
2023-06-05T04:00:00Z,8.31,8.56,8.05,8.18,138452
2023-06-02T04:00:00Z,7.97,8.505,7.87,8.345,215653
2023-06-01T04:00:00Z,7.25,8,7.185,7.725,254786
2023-05-31T04:00:00Z,7.02,7.34,6.945,7.28,170005
2023-05-30T04:00:00Z,7.02,7.42,6.92,7.06,156273
2023-05-26T04:00:00Z,7.04,7.095,6.88,6.895,117614
2023-05-25T04:00:00Z,7.09,7.09,6.9,7,92608
2023-05-24T04:00:00Z,7.14,7.165,6.89,7.065,140360
2023-05-23T04:00:00Z,7.23,7.63,7.15,7.25,163807
2023-05-22T04:00:00Z,7.185,7.5,7.03,7.32,211414
2023-05-19T04:00:00Z,7.26,7.285,7.04,7.17,126531
2023-05-18T04:00:00Z,7.09,7.385,7.08,7.345,97038
2023-05-17T04:00:00Z,7.01,7.34,6.915,7.14,130147
2023-05-16T04:00:00Z,7.315,7.435,6.87,6.97,204646
2023-05-15T04:00:00Z,6.885,7.535,6.85,7.425,247416
2023-05-12T04:00:00Z,6.86,6.96,6.625,6.935,487666
2023-05-11T04:00:00Z,6.95,7.27,6.77,6.855,727224
2023-05-10T04:00:00Z,7.855,7.92,7.265,7.54,479368
2023-05-09T04:00:00Z,7.95,7.97,7.655,7.825,344516
2023-05-08T04:00:00Z,8.015,8.38,7.87,8.08,417996
2023-05-05T04:00:00Z,7.79,7.885,7.31,7.805,510224
2023-05-04T04:00:00Z,7.62,7.805,7.335,7.635,920291
2023-05-03T04:00:00Z,8.63,9.185,8.63,8.825,288210
2023-05-02T04:00:00Z,9.07,9.125,8.545,8.61,97640
2023-05-01T04:00:00Z,8.85,9.165,8.795,9.07,108104
2023-04-28T04:00:00Z,8.68,9.04,8.545,8.895,153619
2023-04-27T04:00:00Z,8.72,8.875,8.585,8.745,75449
2023-04-26T04:00:00Z,8.93,9.085,8.535,8.6,166990
2023-04-25T04:00:00Z,9.19,9.28,8.805,8.805,89244
2023-04-24T04:00:00Z,9.415,9.615,9.02,9.345,89974
2023-04-21T04:00:00Z,9.04,9.515,9.015,9.475,82261
2023-04-20T04:00:00Z,9.335,9.515,8.96,9.08,184314
2023-04-19T04:00:00Z,9.535,9.725,9.445,9.515,185420
2023-04-18T04:00:00Z,9.79,10.115,9.715,9.895,93890
2023-04-17T04:00:00Z,9.51,9.82,9.51,9.76,82102
2023-04-14T04:00:00Z,10.06,10.07,9.56,9.56,196956
2023-04-13T04:00:00Z,10.25,10.435,10.005,10.115,505135
2023-04-12T04:00:00Z,11.61,11.61,10.03,10.2,358289
2023-04-11T04:00:00Z,11.59,11.78,11.41,11.5,147558
2023-04-10T04:00:00Z,11.27,11.495,11.11,11.37,63266
2023-04-06T04:00:00Z,11.13,11.575,10.99,11.42,215944
2023-04-05T04:00:00Z,11.57,11.57,11.02,11.14,189608
2023-04-04T04:00:00Z,11.74,11.98,11.485,11.715,63357
2023-04-03T04:00:00Z,11.19,11.765,11.12,11.71,102626
2023-03-31T04:00:00Z,10.67,11.37,10.47,11.34,192838
2023-03-30T04:00:00Z,10.64,10.765,10.39,10.575,131397
2023-03-29T04:00:00Z,10.16,10.495,10.005,10.42,198098
2023-03-28T04:00:00Z,9.77,9.97,9.585,9.8,154995
2023-03-27T04:00:00Z,9.62,9.915,9.37,9.78,286474
2023-03-24T04:00:00Z,9.17,9.63,9.09,9.535,117421
2023-03-23T04:00:00Z,9.4,9.905,9.175,9.295,217356
2023-03-22T04:00:00Z,9.875,9.91,9.195,9.275,285309
2023-03-21T04:00:00Z,9.6,10.17,9.6,9.84,228066
2023-03-20T04:00:00Z,9.99,10.01,9.19,9.375,198809
2023-03-17T04:00:00Z,10.63,10.63,9.68,10.07,280393
2023-03-16T04:00:00Z,10.8,11.02,10.525,10.62,227231
2023-03-15T04:00:00Z,10.27,10.94,10.27,10.905,130842
2023-03-14T04:00:00Z,11.755,11.76,10.565,10.605,150959
2023-03-13T04:00:00Z,11.53,11.835,10.815,11.36,120682
2023-03-10T05:00:00Z,12.57,12.57,11.21,11.78,447986
2023-03-09T05:00:00Z,13.415,13.63,12.42,12.745,274361
2023-03-08T05:00:00Z,13.18,13.695,12.87,13.62,112140
2023-03-07T05:00:00Z,13.78,14.2,13.245,13.245,137485
2023-03-06T05:00:00Z,13.92,14.355,13.79,13.895,131159
2023-03-03T05:00:00Z,13,14.195,13,13.855,271646
2023-03-02T05:00:00Z,12.32,12.94,12.165,12.925,391736
2023-03-01T05:00:00Z,12.99,12.99,12.59,12.65,140123
2023-02-28T05:00:00Z,12.84,13.235,12.84,12.92,238458
2023-02-27T05:00:00Z,12.88,13.005,12.52,12.93,328912
2023-02-24T05:00:00Z,12.72,12.87,12.48,12.69,81480
2023-02-23T05:00:00Z,13.46,13.48,12.65,13.07,196120
2023-02-22T05:00:00Z,13.355,13.52,13.02,13.43,108443
2023-02-21T05:00:00Z,13.18,13.38,12.7,13.235,197964
2023-02-17T05:00:00Z,13.74,13.74,13.165,13.59,350913
2023-02-16T05:00:00Z,13.95,14.885,13.69,13.755,197553
2023-02-15T05:00:00Z,13.525,14.345,13.525,14.3,155137
2023-02-14T05:00:00Z,13.35,13.91,12.86,13.57,122030
2023-02-13T05:00:00Z,13.71,13.895,13.46,13.625,220193
2023-02-10T05:00:00Z,14.53,14.87,13.82,13.825,241765
2023-02-09T05:00:00Z,15.665,15.82,14.655,14.795,249855
2023-02-08T05:00:00Z,15.48,15.755,15.055,15.425,257237
2023-02-07T05:00:00Z,15.71,16.225,15.425,15.745,359852
2023-02-06T05:00:00Z,15.75,16.345,15.16,15.77,672733
2023-02-03T05:00:00Z,16.28,17.805,16.145,16.285,543101
2023-02-02T05:00:00Z,15.75,17.585,15.33,16.99,659053
2023-02-01T05:00:00Z,13.82,16.79,13.61,16.37,1594484
2023-01-31T05:00:00Z,12.66,13.11,12.515,12.915,602087
2023-01-30T05:00:00Z,12.56,13.36,12.315,12.5,265076
2023-01-27T05:00:00Z,11.79,12.975,11.79,12.645,375284
2023-01-26T05:00:00Z,11.73,12.01,11.45,11.8,193581
2023-01-25T05:00:00Z,10.705,11.46,10.54,11.41,170321
2023-01-24T05:00:00Z,11.22,11.415,10.88,11.06,160843
2023-01-23T05:00:00Z,11.16,11.73,10.89,11.645,202996
2023-01-20T05:00:00Z,10.675,11.08,10.475,11.055,116491
2023-01-19T05:00:00Z,10.75,10.9,10.205,10.44,249225
2023-01-18T05:00:00Z,12.08,12.105,11.035,11.065,607996
2023-01-17T05:00:00Z,11.53,12.07,11.35,11.93,451693
2023-01-13T05:00:00Z,10.89,11.725,10.835,11.62,186571
2023-01-12T05:00:00Z,10.88,11.15,10.215,11.1,237510
2023-01-11T05:00:00Z,9.875,10.83,9.79,10.83,778489
2023-01-10T05:00:00Z,9.38,9.87,9.35,9.805,194355
2023-01-09T05:00:00Z,9.04,9.52,9.04,9.33,310278
2023-01-06T05:00:00Z,8.575,9.02,8.315,8.905,210934
2023-01-05T05:00:00Z,8.625,8.73,8.31,8.57,231960
2023-01-04T05:00:00Z,8.27,8.855,7.985,8.825,275298
2023-01-03T05:00:00Z,8.29,8.425,7.89,8.13,250288
2022-12-30T05:00:00Z,7.8,8.02,7.69,7.94,135655
2022-12-29T05:00:00Z,7.96,8.3,7.95,8.09,152848
2022-12-28T05:00:00Z,8.07,8.295,7.86,7.88,162747
2022-12-27T05:00:00Z,8.72,8.72,8.13,8.13,236633
2022-12-23T05:00:00Z,9.065,9.065,8.665,8.875,192845
2022-12-22T05:00:00Z,9.65,9.74,8.835,9.2,241029
2022-12-21T05:00:00Z,10.48,10.59,9.86,9.86,491566
2022-12-20T05:00:00Z,10.24,10.84,10.185,10.44,297711
2022-12-19T05:00:00Z,10.58,10.625,10.24,10.47,187212
2022-12-16T05:00:00Z,11.19,11.585,10.69,10.705,393115
2022-12-15T05:00:00Z,11.935,12.065,11.21,11.38,554525
2022-12-14T05:00:00Z,11.55,12.245,11.54,12.18,493368
2022-12-13T05:00:00Z,12.43,12.55,11.43,11.715,228932
2022-12-12T05:00:00Z,11.25,11.73,11.125,11.71,219263
2022-12-09T05:00:00Z,12.42,12.42,11.48,11.52,263738
2022-12-08T05:00:00Z,12.01,12.655,11.71,12.575,184771
2022-12-07T05:00:00Z,12.25,12.77,11.85,11.85,159445
2022-12-06T05:00:00Z,12.785,12.785,11.955,12.47,274316
2022-12-05T05:00:00Z,13.02,13.335,12.755,12.935,264327
2022-12-02T05:00:00Z,11.42,13.32,11.42,13.3,503711
2022-12-01T05:00:00Z,11.43,11.855,11,11.77,426003
2022-11-30T05:00:00Z,10.5,11.385,10.15,11.38,347499
2022-11-29T05:00:00Z,10.27,10.845,10.11,10.485,182082
2022-11-28T05:00:00Z,9.98,10.91,9.97,10.17,283953
2022-11-25T05:00:00Z,9.835,10.125,9.805,10.065,76491
2022-11-23T05:00:00Z,9.88,10.055,9.67,10.025,108833
2022-11-22T05:00:00Z,9.55,9.715,9.345,9.64,187201
2022-11-21T05:00:00Z,9.97,10.175,9.515,9.77,167059
2022-11-18T05:00:00Z,11.05,11.18,10.185,10.32,157441
2022-11-17T05:00:00Z,10.545,11.045,10.43,10.89,140192
2022-11-16T05:00:00Z,11.6,11.64,10.715,10.95,268819
2022-11-15T05:00:00Z,11.25,12.01,11.15,11.83,405983
2022-11-14T05:00:00Z,10.05,11.03,10.05,10.93,391805
2022-11-11T05:00:00Z,9.65,10.595,9.52,10.325,296007
2022-11-10T05:00:00Z,9.31,10,9.225,9.95,349726
2022-11-09T05:00:00Z,9.42,9.425,8.405,8.565,370251
2022-11-08T05:00:00Z,9.42,9.85,8.795,9.585,261427
2022-11-07T05:00:00Z,9.41,9.6,8.94,9.43,225285
2022-11-04T04:00:00Z,9.26,9.705,8.925,9.375,390925
2022-11-03T04:00:00Z,7.485,9.34,7.25,9.34,751443
2022-11-02T04:00:00Z,8.87,9.2,8.425,8.64,380298
2022-11-01T04:00:00Z,8.82,9.015,8.775,8.935,446088
2022-10-31T04:00:00Z,8.045,8.66,8.01,8.415,571116
2022-10-28T04:00:00Z,7.77,8.055,7.595,8,426648
2022-10-27T04:00:00Z,7.795,8.235,7.715,7.81,269897
2022-10-26T04:00:00Z,7.33,8.15,7.27,7.7,227139
2022-10-25T04:00:00Z,7.08,7.68,7.08,7.475,342990
2022-10-24T04:00:00Z,7.2,7.2,6.77,7,196520
2022-10-21T04:00:00Z,7.29,7.42,7.03,7.33,142852
2022-10-20T04:00:00Z,7.335,7.955,7.33,7.415,298755
2022-10-19T04:00:00Z,7.66,7.7,7.325,7.4,256058
2022-10-18T04:00:00Z,8.15,8.23,7.54,7.845,216379
2022-10-17T04:00:00Z,7.67,7.955,7.36,7.74,242729
2022-10-14T04:00:00Z,8.81,8.94,7.23,7.23,470439
2022-10-13T04:00:00Z,8.04,9,7.845,8.71,452038
2022-10-12T04:00:00Z,8.73,8.8,8.09,8.535,210728
2022-10-11T04:00:00Z,9.17,9.2,8.24,8.775,280724
2022-10-10T04:00:00Z,8.735,9.42,8.56,9.1,388902
2022-10-07T04:00:00Z,8.5,8.8,8.4,8.685,452102
2022-10-06T04:00:00Z,8.465,9.155,8.36,8.835,210436
2022-10-05T04:00:00Z,8.56,8.79,8.1,8.48,287826
2022-10-04T04:00:00Z,7.73,8.86,7.68,8.86,664298
2022-10-03T04:00:00Z,7.125,7.48,6.67,7.475,348808
2022-09-30T04:00:00Z,6.985,7.29,6.86,6.935,240752
2022-09-29T04:00:00Z,8.14,8.14,6.82,7.04,547324
2022-09-28T04:00:00Z,8.22,8.41,8.03,8.235,164608
2022-09-27T04:00:00Z,8.39,8.77,8.07,8.19,224848
2022-09-26T04:00:00Z,8.49,8.845,8.06,8.215,390267
2022-09-23T04:00:00Z,8.455,8.685,8.305,8.5,262860
2022-09-22T04:00:00Z,9,9.1,8.59,8.59,135266
2022-09-21T04:00:00Z,9.88,9.88,9.05,9.055,223694
2022-09-20T04:00:00Z,9.78,10.215,9.63,9.64,172420
2022-09-19T04:00:00Z,9.73,9.985,9.595,9.92,119660
2022-09-16T04:00:00Z,10.385,10.385,9.715,9.735,284078
2022-09-15T04:00:00Z,10.08,10.845,10.05,10.66,193997
2022-09-14T04:00:00Z,10.045,10.265,9.68,10.225,175043
2022-09-13T04:00:00Z,10.36,10.38,9.49,9.895,388481
2022-09-12T04:00:00Z,10.29,11.08,10.29,11.05,259521
2022-09-09T04:00:00Z,9.295,10.39,9.295,10.305,307371
2022-09-08T04:00:00Z,8.9,9.185,8.655,9.11,155680
2022-09-07T04:00:00Z,8.6,9.15,8.6,8.96,153402
2022-09-06T04:00:00Z,9.365,9.39,8.685,8.69,269040
2022-09-02T04:00:00Z,10.33,10.46,9.41,9.445,249229
2022-09-01T04:00:00Z,10.005,10.29,9.65,10.28,255863
2022-08-31T04:00:00Z,9.75,10.26,9.68,10.2,494090
2022-08-30T04:00:00Z,10.76,10.88,9.525,9.58,451032
2022-08-29T04:00:00Z,10.48,10.9,10.36,10.47,540319
2022-08-26T04:00:00Z,11.02,11.03,10.125,10.59,1065011
2022-08-25T04:00:00Z,11.68,11.85,10.655,11,1879010
2022-08-24T04:00:00Z,12.35,13.66,12.19,13.47,1529817
2022-08-23T04:00:00Z,11.475,11.61,10.78,11.2,393784
2022-08-22T04:00:00Z,11.16,11.75,11.16,11.595,192822
2022-08-19T04:00:00Z,12.3,12.4,11.365,11.705,297189
2022-08-18T04:00:00Z,12.81,12.81,12.3,12.655,145479
2022-08-17T04:00:00Z,13.29,13.625,12.86,12.935,238847
2022-08-16T04:00:00Z,13.34,14.31,12.93,13.695,273250
2022-08-15T04:00:00Z,13.345,13.76,12.7,13.525,322387
2022-08-12T04:00:00Z,12.05,13.785,11.84,13.52,505766
2022-08-11T04:00:00Z,12.24,13.54,11.74,11.91,375941
2022-08-10T04:00:00Z,11.67,12.06,11.43,11.9,155431
2022-08-09T04:00:00Z,11.61,11.61,10.9,11.08,194885
2022-08-08T04:00:00Z,11.92,12.66,11.69,11.91,289166
2022-08-05T04:00:00Z,10.21,11.865,10.13,11.78,284305
2022-08-04T04:00:00Z,11.255,11.485,10.45,10.51,249211
2022-08-03T04:00:00Z,10.78,11.475,10.64,11.39,319059
2022-08-02T04:00:00Z,9.61,10.945,9.575,10.715,187358
2022-08-01T04:00:00Z,9.33,9.805,9.2,9.69,146009
2022-07-29T04:00:00Z,9.24,9.545,8.89,9.47,116633
2022-07-28T04:00:00Z,8.99,9.36,8.71,9.34,124020
2022-07-27T04:00:00Z,9.05,9.055,8.585,9,266725
2022-07-26T04:00:00Z,9.3,9.3,8.59,8.7,165760
2022-07-25T04:00:00Z,9.81,9.81,9.27,9.545,180441
2022-07-22T04:00:00Z,11.08,11.08,9.725,9.755,231981
2022-07-21T04:00:00Z,10.81,11.4,10.71,11.27,195931
2022-07-20T04:00:00Z,9.43,11.04,9.41,11.04,487345
2022-07-19T04:00:00Z,8.84,9.465,8.5,9.41,202421
2022-07-18T04:00:00Z,8.675,9.135,8.58,8.635,109594
2022-07-15T04:00:00Z,8.4,8.675,8.22,8.47,230849
2022-07-14T04:00:00Z,8.91,8.92,8.325,8.34,255070
2022-07-13T04:00:00Z,8.935,9.18,8.67,8.935,259935
2022-07-12T04:00:00Z,9.335,9.525,9.02,9.27,852964
2022-07-11T04:00:00Z,10.065,10.09,8.915,8.915,236671
2022-07-08T04:00:00Z,10.485,10.89,10.12,10.195,166468
2022-07-07T04:00:00Z,10.19,10.705,10.115,10.64,192538
2022-07-06T04:00:00Z,10.315,10.6,10.07,10.155,95405
2022-07-05T04:00:00Z,9.08,10.415,8.77,10.405,255439
2022-07-01T04:00:00Z,9.15,9.42,8.88,9.135,149399
2022-06-30T04:00:00Z,9.39,9.4,8.75,9.19,216784
2022-06-29T04:00:00Z,9.73,9.78,9.11,9.46,184494
2022-06-28T04:00:00Z,10.63,10.92,9.825,9.85,110448
2022-06-27T04:00:00Z,11.135,11.135,10.3,10.785,242158
2022-06-24T04:00:00Z,10.52,11.02,10.425,11.01,202365
2022-06-23T04:00:00Z,9.96,10.555,9.64,10.515,140443
2022-06-22T04:00:00Z,9.53,10.235,9.52,9.77,130500
2022-06-21T04:00:00Z,9.94,10.31,9.69,9.7,123646
2022-06-17T04:00:00Z,9.52,9.91,9.41,9.72,161255
2022-06-16T04:00:00Z,9.75,9.96,9.3,9.455,317178
2022-06-15T04:00:00Z,9.645,10.23,9.61,10.12,159254
2022-06-14T04:00:00Z,9.83,10.06,9.45,9.58,251926
2022-06-13T04:00:00Z,10.03,10.33,9.62,9.845,308055
2022-06-10T04:00:00Z,10.84,11.065,10.46,10.51,158184
2022-06-09T04:00:00Z,12.08,12.08,11.095,11.14,244177
2022-06-08T04:00:00Z,12.61,13.01,12.15,12.18,207870
2022-06-07T04:00:00Z,12.19,12.525,11.9,12.43,266894
2022-06-06T04:00:00Z,12.69,12.845,12.29,12.485,186762
2022-06-03T04:00:00Z,13.02,13.095,12.37,12.52,206452
2022-06-02T04:00:00Z,12.98,13.4,12.92,13.175,306652
2022-06-01T04:00:00Z,13.925,14.29,12.91,12.94,258457
2022-05-31T04:00:00Z,14.49,14.71,13.77,13.96,170888
2022-05-27T04:00:00Z,13.95,14.52,13.88,14.52,235876
2022-05-26T04:00:00Z,13.165,13.95,12.92,13.92,244435
2022-05-25T04:00:00Z,12.48,13.265,12.44,13.045,345558
2022-05-24T04:00:00Z,13.415,13.415,12.345,12.515,267068
2022-05-23T04:00:00Z,14.37,14.37,13.06,13.62,206344
2022-05-20T04:00:00Z,14.85,15.01,13.69,14.52,175686
2022-05-19T04:00:00Z,14.29,15.065,14.2,14.74,335730
2022-05-18T04:00:00Z,15.01,15.91,14.325,14.43,281061
2022-05-17T04:00:00Z,15.86,16.185,14.71,15.55,292173
2022-05-16T04:00:00Z,15.58,16.135,15.265,15.48,1189630
2022-05-13T04:00:00Z,13.89,15.9,13.89,15.87,673815
2022-05-12T04:00:00Z,12.05,14.105,11.82,13.61,429076
2022-05-11T04:00:00Z,13.285,13.915,12.245,12.34,800113
2022-05-10T04:00:00Z,12.08,13.455,11.25,12.915,1529162
2022-05-09T04:00:00Z,15.29,15.59,14.065,14.125,392171
2022-05-06T04:00:00Z,16.725,16.935,14.705,15.715,618410
2022-05-05T04:00:00Z,18.5,18.5,16.67,17.02,290977
2022-05-04T04:00:00Z,18.27,18.86,16.84,18.72,137268
2022-05-03T04:00:00Z,18.27,18.84,17.96,18.3,107911
2022-05-02T04:00:00Z,17.52,18.83,17.235,18.73,134171
2022-04-29T04:00:00Z,19.01,19.88,17.53,17.56,222219
2022-04-28T04:00:00Z,18.6,19.03,17.385,18.47,321991
2022-04-27T04:00:00Z,18.58,19.45,18.44,18.64,104668
2022-04-26T04:00:00Z,20.305,20.45,18.92,19.03,183866
2022-04-25T04:00:00Z,20.135,20.48,19.57,20.39,177276
2022-04-22T04:00:00Z,20.62,20.865,19.69,20.41,293613
2022-04-21T04:00:00Z,22.025,22.26,20.41,20.465,184592
2022-04-20T04:00:00Z,24.55,24.55,21.74,21.78,313489
2022-04-19T04:00:00Z,23.78,25.105,23.59,24.53,99120
2022-04-18T04:00:00Z,23.59,24.03,21.95,23.92,232098
2022-04-14T04:00:00Z,24.855,26.415,23.21,23.87,266877
2022-04-13T04:00:00Z,23.58,25.04,23.3,25.03,88171
2022-04-12T04:00:00Z,24.2,25.07,23.57,23.69,137274
2022-04-11T04:00:00Z,23.005,24.6,22.545,24.17,149552
2022-04-08T04:00:00Z,24.26,24.48,23.4,23.57,135668
2022-04-07T04:00:00Z,24.57,25.15,22.88,24.07,215978
2022-04-06T04:00:00Z,25.55,25.8,24.265,24.89,256357
2022-04-05T04:00:00Z,27.715,27.93,25.895,26.2,192957
2022-04-04T04:00:00Z,26.74,27.82,25.83,27.82,171804
2022-04-01T04:00:00Z,26.59,26.89,25.8,26.32,189840
2022-03-31T04:00:00Z,28.545,28.86,26.25,26.43,301375
2022-03-30T04:00:00Z,30.135,30.7,27.95,28.44,287379
2022-03-29T04:00:00Z,28.56,32.13,28.375,30.91,664107
2022-03-28T04:00:00Z,28.27,29.05,26.9,28.055,309458
2022-03-25T04:00:00Z,29.33,29.62,27.825,28.42,237078
2022-03-24T04:00:00Z,28.82,29.16,27.18,28.92,203706
2022-03-23T04:00:00Z,27.25,29.81,26.97,28.73,265269
2022-03-22T04:00:00Z,25.935,28.13,25.91,27.54,198873
2022-03-21T04:00:00Z,26.33,26.65,25.02,26.26,150582
2022-03-18T04:00:00Z,24.65,26.695,24.65,26.62,287672
2022-03-17T04:00:00Z,23.085,24.72,22.98,24.71,236368
2022-03-16T04:00:00Z,22.79,23.42,22.1,23.27,184190
2022-03-15T04:00:00Z,21,22.79,20.57,22.62,328008
2022-03-14T04:00:00Z,20.73,21.87,20.12,20.195,425893
2022-03-11T05:00:00Z,22.47,22.57,21.05,21.14,145796
2022-03-10T05:00:00Z,22.58,23.11,22.015,22.59,150842
2022-03-09T05:00:00Z,22.785,23.82,22.7,23.45,163567
2022-03-08T05:00:00Z,22.42,23.49,21.33,22.54,205900
2022-03-07T05:00:00Z,23.56,23.975,22.16,22.52,227166
2022-03-04T05:00:00Z,24.76,24.76,22.46,23.48,447653
2022-03-03T05:00:00Z,26.91,26.98,24.4,24.55,529755
2022-03-02T05:00:00Z,27.25,27.39,25.85,26.73,162024
2022-03-01T05:00:00Z,28.7,28.93,27.21,27.63,188263
2022-02-28T05:00:00Z,28.775,29.12,27.17,29.09,184773
2022-02-25T05:00:00Z,27.955,28.26,26.795,28.17,193454
2022-02-24T05:00:00Z,25.43,28.59,25.31,28.3,1493989
2022-02-23T05:00:00Z,28.73,29.09,26.71,26.995,218554
2022-02-22T05:00:00Z,29.6,30.3,28.4,28.54,233965
2022-02-18T05:00:00Z,30.535,31.69,29.1,29.62,327267
2022-02-17T05:00:00Z,31.82,33.01,30.22,30.59,217487
2022-02-16T05:00:00Z,33.16,34.1,31.55,32.055,252025
2022-02-15T05:00:00Z,32.87,33.63,31.96,33.25,357832
2022-02-14T05:00:00Z,33.705,34.85,32.2,32.835,431838
2022-02-11T05:00:00Z,36.715,37.27,33.69,34.68,982112
2022-02-10T05:00:00Z,36.97,39.615,36.45,37.43,674912
2022-02-09T05:00:00Z,36.7,38.93,35.655,38.8,1685372
2022-02-08T05:00:00Z,30.26,40.3,29.735,37.25,6231456
2022-02-07T05:00:00Z,31.615,32.17,27.94,29.7,2192562
2022-02-04T05:00:00Z,24.685,24.78,23.22,24.6,630341
2022-02-03T05:00:00Z,26.15,26.59,24.205,24.21,270437
2022-02-02T05:00:00Z,27.68,27.68,25.885,26.71,306908
2022-02-01T05:00:00Z,27.43,28.55,26.6,28.02,261209
2022-01-31T05:00:00Z,26.49,27.6,26.01,27.31,861607
2022-01-28T05:00:00Z,24,25.695,22.84,25.63,366792
2022-01-27T05:00:00Z,24.715,25.55,23.77,23.96,347209
2022-01-26T05:00:00Z,26.97,27.585,24.685,24.74,582997
2022-01-25T05:00:00Z,29.18,29.68,26.495,26.515,1054556
2022-01-24T05:00:00Z,25.895,30.14,25.895,29.76,2332523
2022-01-21T05:00:00Z,25.81,28.68,24.35,27.06,3681365
2022-01-20T05:00:00Z,32.03,32.61,23.25,24.22,3496252
2022-01-19T05:00:00Z,29.97,32.36,29.55,31.84,824554
2022-01-18T05:00:00Z,30.825,30.88,29.12,30.21,1016167
2022-01-14T05:00:00Z,31,32.26,30.35,31.33,401865
2022-01-13T05:00:00Z,34.63,34.63,31.995,32.15,442793
2022-01-12T05:00:00Z,36.89,37.03,34.475,34.5,318901
2022-01-11T05:00:00Z,34.255,37.66,34.1,36.55,659325
2022-01-10T05:00:00Z,34.755,35.09,32.25,34.37,559839
2022-01-07T05:00:00Z,33.52,35.98,33.12,35.62,343886
2022-01-06T05:00:00Z,32.285,34.63,31.54,33.85,755762
2022-01-05T05:00:00Z,33.1,34.55,32.02,32.21,479500
2022-01-04T05:00:00Z,35.08,35.13,32.4,33.82,942207
2022-01-03T05:00:00Z,36.1,36.18,34.73,35.22,261510
2021-12-31T05:00:00Z,36.22,37.34,35.67,35.77,282236
2021-12-30T05:00:00Z,34.53,37.88,34.53,37.14,341231
2021-12-29T05:00:00Z,35.06,35.67,33.91,34.57,198859
2021-12-28T05:00:00Z,36.3,37.29,35.045,35.1,228266
2021-12-27T05:00:00Z,38.12,38.4,36.49,36.71,225447
2021-12-23T05:00:00Z,37.4,38.805,35.935,38.57,377660
2021-12-22T05:00:00Z,39.29,39.69,36.67,37.77,479660
2021-12-21T05:00:00Z,38.87,39.76,38,39.225,301171
2021-12-20T05:00:00Z,42.16,42.38,38.24,38.625,387176
2021-12-17T05:00:00Z,40.04,43.025,39.185,42.42,563880
2021-12-16T05:00:00Z,38.54,40.1,38.485,39.85,474825
2021-12-15T05:00:00Z,39.32,39.32,36.455,38.51,450240
2021-12-14T05:00:00Z,38.75,42.74,38.685,39.25,1709099
2021-12-13T05:00:00Z,39.53,41.44,37.75,41.4,753947
2021-12-10T05:00:00Z,39.85,41.24,37.71,38.52,436059
2021-12-09T05:00:00Z,45.24,45.77,40.3,40.695,419281
2021-12-08T05:00:00Z,41.89,46.345,40.98,45.88,448443
2021-12-07T05:00:00Z,42.585,43.88,41.42,41.77,410773
2021-12-06T05:00:00Z,42.345,43.52,40.88,42.46,575501
2021-12-03T05:00:00Z,46.17,46.455,42.31,43.55,567887
2021-12-02T05:00:00Z,43.85,46.23,43.43,44.44,611201
2021-12-01T05:00:00Z,43.74,45.73,42.22,42.22,488908
2021-11-30T05:00:00Z,44.68,46.04,42.53,43.9,1194413
2021-11-29T05:00:00Z,44.55,45.51,42.75,44.42,370913
2021-11-26T05:00:00Z,47.71,47.71,45.05,46.46,606766
2021-11-24T05:00:00Z,42.52,44.55,41.79,43.91,276815
2021-11-23T05:00:00Z,43.965,44.34,41.205,42.97,750364
2021-11-22T05:00:00Z,47.07,47.09,43.31,44.03,1199498
2021-11-19T05:00:00Z,49.5,50.06,47.01,47.15,371394
2021-11-18T05:00:00Z,51.4,51.79,45.905,48.44,696034
2021-11-17T05:00:00Z,52.65,53.35,50.84,51.12,674781
2021-11-16T05:00:00Z,50.07,54.93,48.9,54.85,1866881
2021-11-15T05:00:00Z,49.6,49.63,46.71,47.5,464186
2021-11-12T05:00:00Z,50.67,51.345,48.74,49.2,204855
2021-11-11T05:00:00Z,49.16,50.805,47.57,50.54,640361
2021-11-10T05:00:00Z,49.77,51.38,48.3,48.95,382803
2021-11-09T05:00:00Z,52.95,52.98,49.04,50.14,554757
2021-11-08T05:00:00Z,53.375,53.585,49.19,51.245,1039163
2021-11-05T04:00:00Z,57.01,61.66,55.21,55.65,3439107
2021-11-04T04:00:00Z,89.65,90.24,85.86,86.02,662013
2021-11-03T04:00:00Z,89.05,91.44,88.81,89.89,204520
2021-11-02T04:00:00Z,92.73,92.73,87.97,89.39,331760
2021-11-01T04:00:00Z,91.58,92.94,89.88,92.81,223406
2021-10-29T04:00:00Z,89.6,92.47,89,91.39,233613
2021-10-28T04:00:00Z,89.005,90.62,88.7,90.3,143493
2021-10-27T04:00:00Z,93.17,93.385,87.98,88.42,228849
2021-10-26T04:00:00Z,97.25,99.21,92.3,93.43,234467
2021-10-25T04:00:00Z,93.46,97.52,93.34,96.63,198351
2021-10-22T04:00:00Z,94.085,94.89,92.27,93.81,146148
2021-10-21T04:00:00Z,90.49,95.57,90.49,94.87,258634
2021-10-20T04:00:00Z,91.39,93.75,89.83,90.68,279186
2021-10-19T04:00:00Z,87.52,88.3,85.89,88.15,118797
2021-10-18T04:00:00Z,84.97,88.82,83.62,87.72,191724
2021-10-15T04:00:00Z,85.65,86.47,84.48,85.09,94438
2021-10-14T04:00:00Z,87.86,88.11,85.745,85.82,142418
2021-10-13T04:00:00Z,87.41,88.35,86.3,86.72,192715
2021-10-12T04:00:00Z,85.59,87.3,84.9,86.62,105448
2021-10-11T04:00:00Z,85.875,87.39,84.82,84.88,91937
2021-10-08T04:00:00Z,87.35,88.18,85.13,86.1,132452
2021-10-07T04:00:00Z,84.54,89.455,84.54,87.745,279808
2021-10-06T04:00:00Z,82.07,85.155,81.11,83.72,211484
2021-10-05T04:00:00Z,82.12,84.09,81.62,82.6,269064
2021-10-04T04:00:00Z,86.245,86.245,81.35,82.36,361831
2021-10-01T04:00:00Z,86.135,87.11,84.44,86.71,271532
2021-09-30T04:00:00Z,85.18,87.83,84.71,87.085,268574
2021-09-29T04:00:00Z,87.8,89.83,85.21,85.34,227431
2021-09-28T04:00:00Z,90.855,90.91,87.11,87.89,414171
2021-09-27T04:00:00Z,91.66,94.36,89.69,92.12,446589
2021-09-24T04:00:00Z,94.13,94.13,91.805,92.665,145429
2021-09-23T04:00:00Z,94.99,96.525,94.06,94.38,226420
2021-09-22T04:00:00Z,99.98,99.98,92.66,94.56,593859
2021-09-21T04:00:00Z,101.63,103.66,100.525,100.98,111493
2021-09-20T04:00:00Z,101.4,103.99,99.34,100.76,239702
2021-09-17T04:00:00Z,104.335,104.83,102.55,103.45,173638
2021-09-16T04:00:00Z,105.44,106.25,103.93,104.89,111437
2021-09-15T04:00:00Z,108.76,108.8,103.88,105.57,345858
2021-09-14T04:00:00Z,111.51,113.75,107.85,108.51,253399
2021-09-13T04:00:00Z,113.6,114.47,110.14,111.52,287928
2021-09-10T04:00:00Z,106.8,118.5,106.8,114.39,704083
2021-09-09T04:00:00Z,98.955,107.77,98.955,107.175,654616
2021-09-08T04:00:00Z,96.18,99.07,96.18,97.56,235798
2021-09-07T04:00:00Z,98.16,98.84,96.055,96.46,331922
2021-09-03T04:00:00Z,100.7,101.32,96.96,98.5,211022
2021-09-02T04:00:00Z,100.14,102.27,99.62,101.02,475678
2021-09-01T04:00:00Z,99.81,101.705,98.32,99.99,287139
2021-08-31T04:00:00Z,100.545,103.04,99.13,100.08,454153
2021-08-30T04:00:00Z,103.68,105.09,100.66,101.47,336585
2021-08-27T04:00:00Z,108.03,108.58,103,104.38,804755
2021-08-26T04:00:00Z,116.465,120.535,113.54,114.145,411195
2021-08-25T04:00:00Z,112.965,116.52,112.665,116.31,200948
2021-08-24T04:00:00Z,110.01,114.26,110.01,113.76,377129
2021-08-23T04:00:00Z,106.07,108.01,105.34,106.56,675289
2021-08-20T04:00:00Z,109.1,110.98,107.93,108.04,156029
2021-08-19T04:00:00Z,108.8,109.975,107.51,107.81,96995
2021-08-18T04:00:00Z,113.12,113.84,109.83,110.7,170887
2021-08-17T04:00:00Z,108.83,113.7,108.685,113.29,195537
2021-08-16T04:00:00Z,109.98,111.82,107.22,110.12,182709
2021-08-13T04:00:00Z,112.065,113.04,109.92,110.96,60757
2021-08-12T04:00:00Z,112.6,114.36,111.77,112.68,64014
2021-08-11T04:00:00Z,113.55,115.02,111.86,113,110386
2021-08-10T04:00:00Z,115.96,118.16,113.58,113.85,96312
2021-08-09T04:00:00Z,112.99,117.6,111.17,116.55,292318
2021-08-06T04:00:00Z,118.875,121.05,112.67,112.7,161821
2021-08-05T04:00:00Z,119.365,121.045,116.85,120.13,152592
2021-08-04T04:00:00Z,119.22,120.99,118.2,120.85,130886
2021-08-03T04:00:00Z,120.4,122.89,118,119.28,151797
2021-08-02T04:00:00Z,118.215,122.65,114.68,120.725,199559
2021-07-30T04:00:00Z,116.09,120.51,115.77,118.04,171183
2021-07-29T04:00:00Z,121.38,123.33,117.93,118.14,237387
2021-07-28T04:00:00Z,122.145,123.45,120.52,121.8,138226
2021-07-27T04:00:00Z,123.15,123.86,117.33,121.33,139959
2021-07-26T04:00:00Z,121.12,123.2,118.1,122.7,98049
2021-07-23T04:00:00Z,118.8,122.82,117.7,121.53,108979
2021-07-22T04:00:00Z,125.745,126.1,119.01,119.64,201284
2021-07-21T04:00:00Z,124.725,127.09,123.4,126.5,137658
2021-07-20T04:00:00Z,123.675,127.54,120.64,126.43,293397
2021-07-19T04:00:00Z,109.665,118.6,109.665,118.415,285571
2021-07-16T04:00:00Z,111.45,111.82,109.315,110.525,130044
2021-07-15T04:00:00Z,111.92,114.6,108.22,111.16,200331
2021-07-14T04:00:00Z,115.875,116.89,113.34,113.34,336666
2021-07-13T04:00:00Z,119.61,121.55,118.59,119.82,202352
2021-07-12T04:00:00Z,118.505,121.13,114.595,120.28,304149
2021-07-09T04:00:00Z,123.585,123.735,117.76,117.83,247525
2021-07-08T04:00:00Z,119.18,124.93,118.66,124,169070
2021-07-07T04:00:00Z,125.41,129.67,123.25,123.51,236702
2021-07-06T04:00:00Z,121.48,123.81,119.74,123.71,176446
2021-07-02T04:00:00Z,123.185,124.97,120.18,121.58,132966
2021-07-01T04:00:00Z,125,126.24,121.33,122.13,201659
2021-06-30T04:00:00Z,124.98,125.58,123.52,124.05,133150
2021-06-29T04:00:00Z,125.36,127.13,122.53,125.68,278996
2021-06-28T04:00:00Z,122.2,127.94,121.58,126.97,471139
2021-06-25T04:00:00Z,121.85,122.19,118.87,121.41,236614
2021-06-24T04:00:00Z,118.35,124.21,117.11,121.85,323210
2021-06-23T04:00:00Z,116.72,119.59,115.57,117.51,234295
2021-06-22T04:00:00Z,108.1,117.62,107.74,117.25,428211
2021-06-21T04:00:00Z,107.855,108.565,104.18,108.07,195191
2021-06-18T04:00:00Z,107.885,110.13,107.3,109.16,190396
2021-06-17T04:00:00Z,104.79,109.85,104.65,108.81,200697
2021-06-16T04:00:00Z,105.715,106.48,102.78,105.14,390995
2021-06-15T04:00:00Z,111.99,111.99,105.66,106.155,218956
2021-06-14T04:00:00Z,112.7,114.66,111.55,112.09,184497
2021-06-11T04:00:00Z,104.97,113.21,104.67,113.09,293039
2021-06-10T04:00:00Z,106.105,107.9,104.5,106.03,170330
2021-06-09T04:00:00Z,109.39,110.35,106.3,107,153697
2021-06-08T04:00:00Z,110.14,112.39,108.445,109.7,211740
2021-06-07T04:00:00Z,104.82,110.83,104.34,109.77,271852
2021-06-04T04:00:00Z,103.96,104.5,101.55,103.01,219431
2021-06-03T04:00:00Z,107.07,107.58,102.925,103.12,299003
2021-06-02T04:00:00Z,108.88,110.5,105.96,108.58,277142
2021-06-01T04:00:00Z,111.165,112.96,108.62,108.88,245218
2021-05-28T04:00:00Z,112.34,113.97,110.13,110.3,250911
2021-05-27T04:00:00Z,109.135,112.88,106.995,112.61,325095
2021-05-26T04:00:00Z,100.035,110.47,100.035,109.58,885643
2021-05-25T04:00:00Z,101.335,102.67,98.74,99.43,382103
2021-05-24T04:00:00Z,101.2,102.09,98.17,101.08,349959
2021-05-21T04:00:00Z,100.125,102.23,98.63,100.91,308203
2021-05-20T04:00:00Z,98.07,100.7,97.895,100.43,331169
2021-05-19T04:00:00Z,93.2,97.47,92.81,96.58,298928
2021-05-18T04:00:00Z,92.95,97.8,92.65,95.25,381174
2021-05-17T04:00:00Z,96.21,96.53,89.475,92.29,447258
2021-05-14T04:00:00Z,95.87,97.78,92.99,96.57,471962
2021-05-13T04:00:00Z,90.91,95.42,90.65,95.26,725711
2021-05-12T04:00:00Z,88.49,92.59,86.54,89.41,635666
2021-05-11T04:00:00Z,84.14,91.35,83.67,91,603019
2021-05-10T04:00:00Z,82.59,88.25,81.1,87.47,826901
2021-05-07T04:00:00Z,89.53,92,82.94,83.86,1433535
2021-05-06T04:00:00Z,80.55,85.25,80.55,83.725,672602
2021-05-05T04:00:00Z,97.715,98.79,81.45,82.61,2331943
2021-05-04T04:00:00Z,94.2,97.27,92.78,96.96,417565
2021-05-03T04:00:00Z,98.25,99.77,95.34,95.85,279241
2021-04-30T04:00:00Z,97.735,101.36,97.25,98.35,350317
2021-04-29T04:00:00Z,103.09,103.21,96.56,98.97,596259
2021-04-28T04:00:00Z,101.43,104.335,100.37,103.21,214428
2021-04-27T04:00:00Z,103.99,104.35,101.4,102.24,218798
2021-04-26T04:00:00Z,102.44,103.26,100.5,103.26,267180
2021-04-23T04:00:00Z,102.38,103.59,99.75,101.05,365164
2021-04-22T04:00:00Z,101.28,105.04,100.095,101.37,663919
2021-04-21T04:00:00Z,103.61,104.24,99.14,99.71,988550
2021-04-20T04:00:00Z,108.165,109.05,103.935,106.58,238941
2021-04-19T04:00:00Z,108.73,112.845,104.63,107.71,917474
2021-04-16T04:00:00Z,119.31,119.39,115.79,116.19,272407
2021-04-15T04:00:00Z,119.995,121.66,118.21,120.03,155365
2021-04-14T04:00:00Z,122.75,122.88,117.41,117.88,290193
2021-04-13T04:00:00Z,121.545,124.7,120.645,122.37,267614
2021-04-12T04:00:00Z,117.84,119.38,115.265,119,249908
2021-04-09T04:00:00Z,122.26,122.58,118.41,118.6,316069
2021-04-08T04:00:00Z,117.56,124.4,116.73,123.65,510632
2021-04-07T04:00:00Z,113.62,116.18,111.66,115.23,244494
2021-04-06T04:00:00Z,109.05,117.45,108.28,115.34,326182
2021-04-05T04:00:00Z,112.755,112.9,107.79,108.99,275097
2021-04-01T04:00:00Z,114.33,118.94,111.72,112.155,380573
2021-03-31T04:00:00Z,109.075,114.465,108.29,112.49,343701
2021-03-30T04:00:00Z,104.75,107.43,101.88,107.05,218480
2021-03-29T04:00:00Z,105.87,108.32,103.99,105.025,309552
2021-03-26T04:00:00Z,104.15,106.53,102.4,106.39,398699
2021-03-25T04:00:00Z,99.265,104.42,98.82,103.19,364301
2021-03-24T04:00:00Z,112.265,112.8,101.16,101.8,420951
2021-03-23T04:00:00Z,110.68,116.25,109.58,113.39,571264
2021-03-22T04:00:00Z,108.95,110.71,106.71,109.47,295863
2021-03-19T04:00:00Z,103.27,108.87,102.11,108.3,458537
2021-03-18T04:00:00Z,105.72,107.39,101.73,102.86,398621
2021-03-17T04:00:00Z,105.05,109.35,102.33,107.71,447703
2021-03-16T04:00:00Z,113.54,113.88,106.22,108,237544
2021-03-15T04:00:00Z,111.67,112.75,107.39,112.745,289554
2021-03-12T05:00:00Z,113.49,115.1,109.28,111.54,479884
2021-03-11T05:00:00Z,115.37,118.19,114.19,117.71,362097
2021-03-10T05:00:00Z,117.255,119.045,110.9,111.27,499329
2021-03-09T05:00:00Z,108.35,116.44,106.47,116.09,748626
2021-03-08T05:00:00Z,108.77,115.36,100.44,101.195,590198
2021-03-05T05:00:00Z,105.02,107.73,94,105.27,640360
2021-03-04T05:00:00Z,107.625,110.85,97.24,104.78,803026
2021-03-03T05:00:00Z,117.57,118,107.83,108.05,730006
2021-03-02T05:00:00Z,125.11,126.62,117.65,117.96,325559
2021-03-01T05:00:00Z,122.19,124.3,118.92,123.75,273243
2021-02-26T05:00:00Z,118.12,121.64,114.85,120.63,285324
2021-02-25T05:00:00Z,120.86,124.55,113.88,115.3,385047
2021-02-24T05:00:00Z,123.44,127.075,118.89,122.83,385863
2021-02-23T05:00:00Z,121.91,126.93,111.975,126.93,691803
2021-02-22T05:00:00Z,137.045,138.6,125.09,125.59,584135
2021-02-19T05:00:00Z,139.825,141.59,137.97,139.77,196875
2021-02-18T05:00:00Z,136.5,140.645,135.28,138.47,354013
2021-02-17T05:00:00Z,145.17,145.425,135.1,139.2,435029
2021-02-16T05:00:00Z,155.5,155.5,145.72,145.87,226632
2021-02-12T05:00:00Z,145.99,154.75,144.9,154.57,218529
2021-02-11T05:00:00Z,146.565,147.98,144.05,146.45,172553
2021-02-10T05:00:00Z,148.45,150.49,143.53,145.1,242424
2021-02-09T05:00:00Z,146.6,149.88,145.55,147.76,282535
2021-02-08T05:00:00Z,148.97,149.42,143.38,145.06,545151
2021-02-05T05:00:00Z,148.94,151.75,142.72,148.34,909753
2021-02-04T05:00:00Z,148.65,157.8,148.13,157.52,349999
2021-02-03T05:00:00Z,149.5,150.65,145.59,146.97,211871
2021-02-02T05:00:00Z,148.7,150.8,145.12,147.91,233221
2021-02-01T05:00:00Z,147.7,150.22,144.65,146.66,206801
2021-01-29T05:00:00Z,144.9,149.12,142.44,146.17,196710
2021-01-28T05:00:00Z,145.585,150.34,143.53,145.74,308503
2021-01-27T05:00:00Z,146.31,150.59,139.28,144.97,344972
2021-01-26T05:00:00Z,156.58,158.28,147.55,147.59,254279
2021-01-25T05:00:00Z,161.07,166.47,156.7,157.19,298329
2021-01-22T05:00:00Z,157.69,160.41,155.995,159.73,161376
2021-01-21T05:00:00Z,155.79,159.6,153.21,158.12,171651
2021-01-20T05:00:00Z,153.87,156.69,152.21,155.94,182248
2021-01-19T05:00:00Z,152.67,152.81,144.93,149.99,437556
2021-01-15T05:00:00Z,165.82,165.82,157.29,157.78,205977
2021-01-14T05:00:00Z,166.39,171.01,164.02,165.27,226868
2021-01-13T05:00:00Z,156.765,168.94,156.765,167.48,320017
2021-01-12T05:00:00Z,152.77,156.955,147.85,156.17,217842
2021-01-11T05:00:00Z,156.92,159.05,152.02,152.19,233749
2021-01-08T05:00:00Z,155.9,158.98,152.465,158.89,192804
2021-01-07T05:00:00Z,145.99,154.415,145.4,154.1,219079
2021-01-06T05:00:00Z,143.94,144.97,140.76,143.85,233378
2021-01-05T05:00:00Z,145.62,149.71,145.15,148.52,143790
2021-01-04T05:00:00Z,152,152.77,143.19,145.955,283312
2020-12-31T05:00:00Z,155.025,155.19,150.84,151.7,194101
2020-12-30T05:00:00Z,150.59,155.14,148.46,154.96,194185
2020-12-29T05:00:00Z,149.53,153.675,146.37,150.05,275633
2020-12-28T05:00:00Z,164.295,164.3,151.7,152.09,347689
2020-12-24T05:00:00Z,162.01,167.29,161.31,162.625,138243
2020-12-23T05:00:00Z,160.32,163.53,154.43,162.85,312513
2020-12-22T05:00:00Z,159.5,166.22,155.45,161.09,904767
2020-12-21T05:00:00Z,142.065,144.81,137.97,144.5,246634
2020-12-18T05:00:00Z,138.24,141.94,135.64,139.86,475530
2020-12-17T05:00:00Z,134.175,137.57,133.49,136.55,246773
2020-12-16T05:00:00Z,128.74,134.2,128.7,134,355560
2020-12-15T05:00:00Z,122.02,127.755,120.09,127.755,222950
2020-12-14T05:00:00Z,118.01,124.82,117.81,121.81,302535
2020-12-11T05:00:00Z,117.99,119.305,114.61,117.2,240875
2020-12-10T05:00:00Z,109.02,119.07,108.2,117.97,294845
2020-12-09T05:00:00Z,117.4,120.265,110.14,110.95,523366
2020-12-08T05:00:00Z,116.11,118.52,113.24,118.25,289517
2020-12-07T05:00:00Z,114.07,117,113.195,116.6,203157
2020-12-04T05:00:00Z,115.405,115.49,111.98,114.37,201760
2020-12-03T05:00:00Z,112.88,116.25,112.79,116.1,154968
2020-12-02T05:00:00Z,110.87,117.72,110.85,113.18,293185
2020-12-01T05:00:00Z,113.45,115.56,110.4,112.01,352340
2020-11-30T05:00:00Z,109.805,116.39,105.95,116.39,305425
2020-11-27T05:00:00Z,107.22,109.89,105.51,108.95,155044
2020-11-25T05:00:00Z,106.39,108.15,105.64,106.98,221701
2020-11-24T05:00:00Z,109.4,110.07,104.18,105.43,361721
2020-11-23T05:00:00Z,110.735,113.94,106.14,112.075,348681
2020-11-20T05:00:00Z,105.8,112.72,104.22,110.89,392522
2020-11-19T05:00:00Z,104.1,106.24,102.92,105.25,229122
2020-11-18T05:00:00Z,101.34,105.48,100.32,104.51,385573
2020-11-17T05:00:00Z,102.48,102.77,99.63,102.4,276956
2020-11-16T05:00:00Z,97.13,101.945,95.88,101.84,558727
2020-11-13T05:00:00Z,109.05,109.49,99.59,100.785,724601
2020-11-12T05:00:00Z,107.05,111.96,106.53,108.74,428162
2020-11-11T05:00:00Z,103.23,107.33,99.86,106.31,686258
2020-11-10T05:00:00Z,103.14,108.62,92.03,105.23,845723
2020-11-09T05:00:00Z,106.17,108.46,94.165,99.94,1370900
2020-11-06T05:00:00Z,123.4,132.74,122.665,125.445,778122
2020-11-05T05:00:00Z,122.75,126.77,117.87,126.77,459687
2020-11-04T05:00:00Z,113.98,118.905,113.19,118.66,276721
2020-11-03T05:00:00Z,113.58,114,110.17,111.65,354365
2020-11-02T05:00:00Z,112.355,116.3,111.05,113.57,287316
2020-10-30T04:00:00Z,114.135,116.21,109.02,110.185,302534
2020-10-29T04:00:00Z,124.19,124.55,114.24,115.97,376195
2020-10-28T04:00:00Z,122.2,124.14,119.78,122.17,352244
2020-10-27T04:00:00Z,120.265,122.38,118.48,121.09,222070
2020-10-26T04:00:00Z,123.02,125.44,116.21,118.04,336506
2020-10-23T04:00:00Z,121.295,123.55,117.83,122.5,269582
2020-10-22T04:00:00Z,119.75,126.45,118.62,120.83,781227
2020-10-21T04:00:00Z,132.6,136.92,124.3,124.4,608429
2020-10-20T04:00:00Z,133.31,134.43,130.38,131.86,270401
2020-10-19T04:00:00Z,131,134.53,126.96,132.99,657982
2020-10-16T04:00:00Z,137.62,139.71,128.67,131.23,852674
2020-10-15T04:00:00Z,127.84,137.24,126.57,136.43,539276
2020-10-14T04:00:00Z,132.01,135.27,128.325,131.54,550207
2020-10-13T04:00:00Z,126.805,131.85,124.46,130.96,452255
2020-10-12T04:00:00Z,124.92,129.14,122.38,127.11,652625
2020-10-09T04:00:00Z,115.86,123.49,114.79,122.94,404734
2020-10-08T04:00:00Z,118.92,119.88,113.755,114.97,380480
2020-10-07T04:00:00Z,113.33,118.42,113.02,116.86,664342
2020-10-06T04:00:00Z,110.63,113.8,109.38,111.38,370100
2020-10-05T04:00:00Z,107.815,110.83,106.21,110.735,317118
2020-10-02T04:00:00Z,104.54,110.24,104.345,107.55,439030
2020-10-01T04:00:00Z,99.95,105.71,99.33,105.17,687255
2020-09-30T04:00:00Z,99.34,101.73,98.16,99.25,182018
2020-09-29T04:00:00Z,97.115,102.7,96.32,100.42,320897
2020-09-28T04:00:00Z,97.3,99.3,94.62,96.805,247756
2020-09-25T04:00:00Z,90.745,98.45,90.64,97.7,372064
2020-09-24T04:00:00Z,93.53,95.135,88.03,88.545,253285
2020-09-23T04:00:00Z,95.725,100.35,93.95,95.22,408704
2020-09-22T04:00:00Z,90.215,94.58,88.51,94.38,469655
2020-09-21T04:00:00Z,89.125,96.42,88.04,94.78,465401
2020-09-18T04:00:00Z,85.09,89.99,83.34,89.805,418991
2020-09-17T04:00:00Z,79.61,85.64,79.11,85.385,490187
2020-09-16T04:00:00Z,83.78,86.35,82.22,82.61,453625
2020-09-15T04:00:00Z,83.61,88.43,82.55,85.435,978093
2020-09-14T04:00:00Z,81.91,82.77,78.95,82.08,653348
2020-09-11T04:00:00Z,97.95,97.95,83.58,84.1,974883
2020-09-10T04:00:00Z,93.76,98.555,86.54,87.755,548827
2020-09-09T04:00:00Z,89.84,92.05,86.6,91.2,344495
2020-09-08T04:00:00Z,79.385,91.75,79.385,85.66,528378
2020-09-04T04:00:00Z,81.51,84.73,72.25,80.67,242908
2020-09-03T04:00:00Z,87.505,87.82,80.805,82.38,223306
2020-09-02T04:00:00Z,91.96,92.44,84.48,91.03,257341
2020-09-01T04:00:00Z,78.12,84.605,78.12,83.545,317950
2020-08-31T04:00:00Z,76.03,77.65,75.45,76.58,99916
2020-08-28T04:00:00Z,72.415,77.435,72.415,75.93,253313
2020-08-27T04:00:00Z,72.26,72.26,68.06,70.23,184994
2020-08-26T04:00:00Z,67.06,68.545,66.81,67.305,43269
2020-08-25T04:00:00Z,66.6,67.43,65.3,66.465,228582
2020-08-24T04:00:00Z,69.87,69.87,66.25,66.92,118021
2020-08-21T04:00:00Z,68.7,70.93,68.69,69.335,54575
2020-08-20T04:00:00Z,67.43,69.02,67.43,68.68,53886
2020-08-19T04:00:00Z,69.625,69.63,67.57,67.63,76743
2020-08-18T04:00:00Z,65.695,70.7,65.61,69.85,102515
2020-08-17T04:00:00Z,64.37,65.38,63.29,65.165,38144
2020-08-14T04:00:00Z,66.28,67.68,64.1,64.33,135327
2020-08-13T04:00:00Z,63.01,66.34,62.845,65.705,219864
2020-08-12T04:00:00Z,65.11,65.65,63.88,64.3,131155
2020-08-11T04:00:00Z,65.62,66.96,64.22,64.945,99680
2020-08-10T04:00:00Z,68.68,69.53,65.3,67.09,103333
2020-08-07T04:00:00Z,70.005,70.58,66.42,68.215,139222
2020-08-06T04:00:00Z,71.645,71.99,69.69,69.7,145177
2020-08-05T04:00:00Z,69.7,71.66,69.7,71.165,58390
2020-08-04T04:00:00Z,71.38,71.38,69.055,70.13,107070
2020-08-03T04:00:00Z,69.48,73.19,69.2,72.715,131789
2020-07-31T04:00:00Z,66.22,68.89,65.65,68.205,70858
2020-07-30T04:00:00Z,65.91,66.57,62.87,65.25,183226
2020-07-29T04:00:00Z,64.65,66.86,64.62,66.6,71206
2020-07-28T04:00:00Z,64.31,66.34,64.075,64.075,56582
2020-07-27T04:00:00Z,62.02,63.89,61.83,63.755,125849
