2024-06-14T04:00:00Z,476.525,479.21,476.05,479.19,267261
2024-06-13T04:00:00Z,477.72,478.33,474.56,476.66,397617
2024-06-12T04:00:00Z,471.97,476.355,471.32,474.08,539059
2024-06-11T04:00:00Z,463.53,468.11,462.11,468.11,420565
2024-06-10T04:00:00Z,461.84,465.17,461.61,464.87,399382
2024-06-07T04:00:00Z,462.63,465.69,461.88,462.98,257912
2024-06-06T04:00:00Z,464.2,464.5,462.25,463.41,368197
2024-06-05T04:00:00Z,457.93,463.61,456.96,463.59,601990
2024-06-04T04:00:00Z,452.88,455.53,451.17,454.25,302322
2024-06-03T04:00:00Z,454.71,455.55,447.92,453.11,356668
2024-05-31T04:00:00Z,451.83,452.42,443.09,451.6,673729
2024-05-30T04:00:00Z,455.19,455.23,450.26,451.46,335756
2024-05-29T04:00:00Z,455.46,458.19,455.34,456.49,489260
2024-05-28T04:00:00Z,459.215,459.71,456.73,459.69,552880
2024-05-24T04:00:00Z,455.32,459.185,454.615,457.98,308712
2024-05-23T04:00:00Z,460.52,460.52,451.89,453.76,419196
2024-05-22T04:00:00Z,456.09,456.82,453.22,455.68,369100
2024-05-21T04:00:00Z,452.97,455.96,452.87,455.83,298797
2024-05-20T04:00:00Z,451.98,455.55,451.84,454.94,297861
2024-05-17T04:00:00Z,452.07,452.68,449.58,451.83,324525
2024-05-16T04:00:00Z,452.7,454.665,451.815,451.96,365122
2024-05-15T04:00:00Z,448.51,453.15,446.94,452.87,529815
2024-05-14T04:00:00Z,442.64,446.445,442.5,445.97,538083
2024-05-13T04:00:00Z,444.03,444.03,442.02,443.21,194780
2024-05-10T04:00:00Z,442.55,444.28,440.71,442.1,340349
2024-05-09T04:00:00Z,440.36,441.585,438.595,441.07,368944
2024-05-08T04:00:00Z,437.67,441.445,437.67,440.135,270441
2024-05-07T04:00:00Z,440.7,441.94,439.61,440.26,389173
2024-05-06T04:00:00Z,437.28,440.31,436.53,440.26,433790
2024-05-03T04:00:00Z,434.49,436.29,432.88,435.435,475092
2024-05-02T04:00:00Z,425.505,427.79,420.63,426.92,350318
2024-05-01T04:00:00Z,422.94,430.04,420.73,421.3,461551
2024-04-30T04:00:00Z,431.04,432.53,424.555,424.63,344265
2024-04-29T04:00:00Z,433.355,433.72,430.04,432.83,335776
2024-04-26T04:00:00Z,427.56,432.52,426.99,431.085,620701
2024-04-25T04:00:00Z,418.87,425.29,418.18,424.46,672225
2024-04-24T04:00:00Z,428.525,429.65,424.23,426.54,425851
2024-04-23T04:00:00Z,420.9,426.155,420.47,425.105,436693
2024-04-22T04:00:00Z,417.46,421.18,414,418.88,544801
2024-04-19T04:00:00Z,422.12,422.68,413.12,414.71,886562
2024-04-18T04:00:00Z,426.52,428.22,422.89,423.385,557550
2024-04-17T04:00:00Z,433.12,433.12,424.91,425.76,526267
2024-04-16T04:00:00Z,430.66,433.655,429.78,431.07,553677
2024-04-15T04:00:00Z,442.11,442.11,430.24,430.97,597241
2024-04-12T04:00:00Z,441.11,442.24,437,438.19,678947
2024-04-11T04:00:00Z,440.365,446.3,438.08,445.475,625795
2024-04-10T04:00:00Z,436.9,439.24,436.31,438.34,730063
2024-04-09T04:00:00Z,443.01,443.18,437.45,442.26,449094
2024-04-08T04:00:00Z,441.49,442.49,439.2,440.6,324310
2024-04-05T04:00:00Z,436.8,443.13,436.04,440.52,756373
2024-04-04T04:00:00Z,446.34,446.91,435.115,435.26,796229
2024-04-03T04:00:00Z,439.035,444,439.03,442.09,339958
2024-04-02T04:00:00Z,439.87,441.39,438.045,441.12,628047
2024-04-01T04:00:00Z,444.97,447.49,443.11,445,404872
2024-03-28T04:00:00Z,444.85,445.59,443.66,444.09,528840
2024-03-27T04:00:00Z,446.46,446.46,442.05,444.93,571876
2024-03-26T04:00:00Z,446.06,447.19,443.12,443.32,359593
2024-03-25T04:00:00Z,443.36,446.26,442.59,444.76,319374
2024-03-22T04:00:00Z,445.115,447.47,444.57,446.18,329702
2024-03-21T04:00:00Z,448.86,449.31,445.69,445.79,512562
2024-03-20T04:00:00Z,439.94,444.1,438.07,443.88,448257
2024-03-19T04:00:00Z,435.48,438.97,433.425,438.62,495542
2024-03-18T04:00:00Z,438.855,441.04,437.245,437.43,558839
2024-03-15T04:00:00Z,436.16,436.73,432.76,433.95,619753
2024-03-14T04:00:00Z,441.46,441.995,436.415,439.13,559795
2024-03-13T04:00:00Z,442.67,442.67,439.25,440.21,543637
2024-03-12T04:00:00Z,439.92,444.01,436.54,443.65,499377
2024-03-11T04:00:00Z,437.23,438.57,435.46,437.36,516925
2024-03-08T05:00:00Z,445.75,448.61,438.35,439.17,868758
2024-03-07T05:00:00Z,442.44,446.69,440.89,445.53,641686
2024-03-06T05:00:00Z,440.32,441.945,436.91,438.86,538054
2024-03-05T05:00:00Z,440.625,440.78,433.65,435.97,886000
2024-03-04T05:00:00Z,445.55,446,443.8,444.04,470519
2024-03-01T05:00:00Z,439.84,446.55,439.84,445.645,644883
2024-02-29T05:00:00Z,438.21,440.085,435.06,439.11,903937
2024-02-28T05:00:00Z,435.47,436.66,434.36,435.27,525041
2024-02-27T05:00:00Z,437.51,437.955,435.07,437.6,691213
2024-02-26T05:00:00Z,437.64,438.58,436.37,436.63,419384
2024-02-23T05:00:00Z,439.63,440.57,435.84,436.77,587938
2024-02-22T05:00:00Z,434.49,439.12,433.74,438.2,1028388
2024-02-21T05:00:00Z,424.31,425.69,421.67,425.5,482490
2024-02-20T05:00:00Z,428.39,430.01,423.55,427.31,635129
2024-02-16T05:00:00Z,434.82,434.92,429.9,430.58,794374
2024-02-15T05:00:00Z,434.11,434.95,431.35,434.48,694952
2024-02-14T05:00:00Z,431.255,433.65,428.895,433.26,742785
2024-02-13T05:00:00Z,426.98,431.26,425.35,428.49,1038211
2024-02-12T05:00:00Z,436.7,439.13,434.67,435.39,664965
2024-02-09T05:00:00Z,433.95,437.83,433.18,437.03,619419
2024-02-08T05:00:00Z,432.28,433.54,431.45,432.79,453020
2024-02-07T05:00:00Z,430.45,432.81,429.09,432.03,734367
2024-02-06T05:00:00Z,429.58,430.155,425.25,427.67,696341
2024-02-05T05:00:00Z,429.02,429.59,425.06,428.42,638373
2024-02-02T05:00:00Z,423.67,430.24,422.84,429.145,854002
2024-02-01T05:00:00Z,418.72,422.365,417.81,422.07,756691
2024-01-31T05:00:00Z,420.55,422.86,416.81,416.95,842864
2024-01-30T05:00:00Z,427.18,427.65,424.39,425.26,547659
2024-01-29T05:00:00Z,424.23,428.35,423.63,428.15,584984
2024-01-26T05:00:00Z,424.42,426.19,423.2,423.72,559477
2024-01-25T05:00:00Z,428.38,429.03,423.98,426.3,730987
2024-01-24T05:00:00Z,427.4,429.84,425.34,425.85,777252
2024-01-23T05:00:00Z,422.38,423.635,420.59,423.39,670012
2024-01-22T05:00:00Z,423.52,424.69,421.16,421.75,669193
2024-01-19T05:00:00Z,415.2,421.33,414.645,421.24,1209826
2024-01-18T05:00:00Z,410.79,413.57,409.17,413.14,1095655
2024-01-17T05:00:00Z,406.25,407.57,402.96,407.26,843557
2024-01-16T05:00:00Z,408.34,411.11,406.92,409.52,693631
2024-01-12T05:00:00Z,410.39,411.22,408.18,409.48,645052
2024-01-11T05:00:00Z,409.89,411.14,404.28,409.35,957387
2024-01-10T05:00:00Z,406.14,409.51,405.17,408.48,612283
2024-01-09T05:00:00Z,401.91,406.65,401.73,405.78,754373
2024-01-08T05:00:00Z,398.21,405.235,397.86,405,1161944
2024-01-05T05:00:00Z,396.39,399.5,395.36,396.71,803880
2024-01-04T05:00:00Z,396.41,399.56,396.07,396.34,723313
2024-01-03T05:00:00Z,399.94,400.92,397.95,398.27,914438
2024-01-02T05:00:00Z,405.78,405.99,400.26,402.6,1297521
2023-12-29T05:00:00Z,411.24,411.64,407.58,409.46,819315
2023-12-28T05:00:00Z,412.69,412.89,410.94,411.26,598174
2023-12-27T05:00:00Z,411.04,411.78,410.13,411.46,586308
2023-12-26T05:00:00Z,409.3,411.56,409.23,410.9,441442
2023-12-22T05:00:00Z,409.075,409.96,406.56,408.48,637361
2023-12-21T05:00:00Z,407.04,408.13,404.47,407.79,885052
2023-12-20T05:00:00Z,408.29,410.46,402.92,403.06,1175586
2023-12-19T05:00:00Z,407.42,409.25,407.39,409.175,608962
2023-12-18T05:00:00Z,404.94,407.98,404.65,407.15,713793
2023-12-15T05:00:00Z,404.08,406.53,403.59,404.935,1159311
2023-12-14T05:00:00Z,404.99,406.29,400.365,403.4,1193959
2023-12-13T05:00:00Z,399.615,404.33,398.86,403.79,876140
2023-12-12T05:00:00Z,395.58,398.79,394.42,398.78,628849
2023-12-11T05:00:00Z,391.775,395.79,391.61,395.62,735452
2023-12-08T05:00:00Z,388.68,392.62,388.615,392.15,820536
2023-12-07T05:00:00Z,387.95,391.27,387.01,390.56,802938
2023-12-06T05:00:00Z,390.31,390.34,384.71,385.02,699329
2023-12-05T05:00:00Z,384.35,388.48,384.25,387.31,783764
2023-12-04T05:00:00Z,386.05,386.59,382.66,386.26,834652
2023-12-01T05:00:00Z,387.64,390.51,386.13,389.95,699581
2023-11-30T05:00:00Z,390.01,390.48,385.83,388.94,854499
2023-11-29T05:00:00Z,392.68,394.11,389.47,389.78,553770
2023-11-28T05:00:00Z,388.44,390.74,388.06,390.15,442706
2023-11-27T05:00:00Z,389.11,391.11,388.34,389.13,865562
2023-11-24T05:00:00Z,389.66,390.23,388.54,389.5,399390
2023-11-22T05:00:00Z,390.675,393.04,389.11,390.04,613665
2023-11-21T05:00:00Z,389.06,389.21,386.72,388.44,729115
2023-11-20T05:00:00Z,386.115,391.41,386.1,390.76,709153
2023-11-17T05:00:00Z,385.19,387.06,384.31,386.03,480585
2023-11-16T05:00:00Z,384.8,386.19,383.57,385.98,605568
2023-11-15T05:00:00Z,387.355,387.73,384.24,385.66,973021
2023-11-14T05:00:00Z,383.71,386.25,383.2,385.26,1179061
2023-11-13T05:00:00Z,376.82,378.24,375.27,377.21,817186
2023-11-10T05:00:00Z,371.83,378.53,371.3,378.38,987170
2023-11-09T05:00:00Z,373.67,374.795,369.6,370.05,737336
2023-11-08T05:00:00Z,373.03,373.76,370.63,372.99,662947
2023-11-07T05:00:00Z,370.31,373.57,369.1,372.7,776567
2023-11-06T05:00:00Z,368.605,369.72,366.91,369.25,601442
2023-11-03T04:00:00Z,364.84,369.02,364.57,367.78,921047
2023-11-02T04:00:00Z,361.67,363.67,360.36,363.47,1043425
2023-11-01T04:00:00Z,351.7,357.525,351.7,357.08,905297
2023-10-31T04:00:00Z,349.235,351.24,346.63,350.98,684922
2023-10-30T04:00:00Z,347.89,350.52,346.49,349.16,901270
2023-10-27T04:00:00Z,346.46,348.78,344.105,345.46,928616
2023-10-26T04:00:00Z,349.16,350.04,342.36,343.62,1144594
2023-10-25T04:00:00Z,356.69,356.785,349.76,350.39,968911
2023-10-24T04:00:00Z,357.5,359.89,355.84,359.09,629285
2023-10-23T04:00:00Z,353.22,359.2,351.28,355.79,934118
2023-10-20T04:00:00Z,359.29,360.03,354.37,354.64,1105932
2023-10-19T04:00:00Z,364.72,366,359.2,359.98,716531
2023-10-18T04:00:00Z,365.64,367.88,362.07,363.04,745755
2023-10-17T04:00:00Z,365.73,369.91,363.69,368.26,836418
2023-10-16T04:00:00Z,366.67,370.455,366.56,369.4,713044
2023-10-13T04:00:00Z,370.6,371.12,363.9,365.23,887140
2023-10-12T04:00:00Z,371.78,373.515,367.55,369.86,757757
2023-10-11T04:00:00Z,369.93,371.39,368.24,371.2,617876
2023-10-10T04:00:00Z,366.89,371.27,366.4,368.515,755687
2023-10-09T04:00:00Z,362.27,367.11,360.79,366.56,805096
2023-10-06T04:00:00Z,355.7,365.91,354.85,364.7,1384980
2023-10-05T04:00:00Z,359.79,360.12,355.16,358.51,619823
2023-10-04T04:00:00Z,355.81,360.61,355.325,359.72,655832
2023-10-03T04:00:00Z,358.77,360.96,353.275,354.89,925420
2023-10-02T04:00:00Z,358.49,362.635,357.93,361.23,819023
2023-09-29T04:00:00Z,361.52,362.915,357.05,358.39,947967
2023-09-28T04:00:00Z,354.11,360.14,353.29,358.03,657225
2023-09-27T04:00:00Z,355.38,356.96,351.36,355.14,766066
2023-09-26T04:00:00Z,357.04,357.485,353.22,354.23,856169
2023-09-25T04:00:00Z,356.9,359.68,355.945,359.68,497380
2023-09-22T04:00:00Z,359.61,361.78,357.63,357.925,907471
2023-09-21T04:00:00Z,360.83,361.59,357.71,357.78,1072360
2023-09-20T04:00:00Z,370.92,371.23,364.5,364.55,780228
2023-09-19T04:00:00Z,369.28,370.595,366.83,369.86,488847
2023-09-18T04:00:00Z,369.36,371.76,369.04,370.7,569964
2023-09-15T04:00:00Z,375.91,376.27,369.9,370.61,763450
2023-09-14T04:00:00Z,375.96,378.26,373.955,377.25,510306
2023-09-13T04:00:00Z,372.97,375.83,371.9,374.23,589657
2023-09-12T04:00:00Z,375.09,376.61,372.52,372.81,573367
2023-09-11T04:00:00Z,375.66,377.475,373.66,377.005,461315
2023-09-08T04:00:00Z,372.01,374.83,371.625,372.66,418292
2023-09-07T04:00:00Z,370.21,372.79,369.19,372.1,652019
2023-09-06T04:00:00Z,377.22,377.575,372.73,374.83,655222
2023-09-05T04:00:00Z,376.76,379.29,375.905,378.02,422367
2023-09-01T04:00:00Z,380.42,380.72,376.12,377.66,521553
2023-08-31T04:00:00Z,377.01,379.71,377,377.92,432228
2023-08-30T04:00:00Z,374.94,377.41,373.88,376.89,586736
2023-08-29T04:00:00Z,366.54,375.12,366.27,374.68,865070
2023-08-28T04:00:00Z,367.03,367.7,364.275,366.81,559198
2023-08-25T04:00:00Z,362.01,365.705,358.59,364.12,895799
2023-08-24T04:00:00Z,372.67,372.67,361.03,361.03,967876
2023-08-23T04:00:00Z,364.54,370.21,364.37,369.16,675891
2023-08-22T04:00:00Z,366.51,366.52,362.71,363.38,542967
2023-08-21T04:00:00Z,359.65,364.585,359.18,364.04,533770
2023-08-18T04:00:00Z,355.13,359.355,354.75,358.13,778543
2023-08-17T04:00:00Z,363.98,364.29,358.21,358.53,870264
2023-08-16T04:00:00Z,365.85,367.27,362.465,362.56,534585
2023-08-15T04:00:00Z,369.26,370.14,365.765,366.425,531580
2023-08-14T04:00:00Z,365.52,370.47,364.725,370.45,420212
2023-08-11T04:00:00Z,365.83,368,364.77,366.09,500401
2023-08-10T04:00:00Z,371.01,374.35,367.035,368.55,696090
2023-08-09T04:00:00Z,372.22,372.4,367.16,367.87,760695
2023-08-08T04:00:00Z,372.61,372.62,368.85,371.93,499813
2023-08-07T04:00:00Z,373.99,375.29,371.56,375.24,472160
2023-08-04T04:00:00Z,375.725,378.085,371.55,371.97,679694
2023-08-03T04:00:00Z,371.93,375.895,371.92,373.86,666654
2023-08-02T04:00:00Z,379.17,379.215,373.14,374.46,1057739
2023-08-01T04:00:00Z,382.35,383.54,380.73,382.84,533556
2023-07-31T04:00:00Z,383.92,384.78,382.39,383.81,688010
2023-07-28T04:00:00Z,380.6,384.48,380.22,383.41,760857
2023-07-27T04:00:00Z,383.11,384.58,375.32,376.63,710591
2023-07-26T04:00:00Z,377.6,379.12,375.21,377.54,472810
2023-07-25T04:00:00Z,376.99,380.45,376.99,378.87,409780
2023-07-24T04:00:00Z,376.63,377.55,374.37,376.22,327253
2023-07-21T04:00:00Z,379.135,379.855,375.2,375.76,732344
2023-07-20T04:00:00Z,382.56,384.06,375.77,376.65,1119180
2023-07-19T04:00:00Z,386.82,387.96,384.34,385.32,431719
2023-07-18T04:00:00Z,381.91,387.08,380.01,385.84,737398
2023-07-17T04:00:00Z,379.8,383.45,379.42,382.46,382878
2023-07-14T04:00:00Z,379.73,382.86,378.245,379.14,456464
2023-07-13T04:00:00Z,376.09,379.985,375.47,379.2,473061
2023-07-12T04:00:00Z,372.44,374.17,370.33,372.75,682932
2023-07-11T04:00:00Z,366.79,368.57,364.66,368.18,392961
2023-07-10T04:00:00Z,365.97,367,363.47,366.39,468136
2023-07-07T04:00:00Z,367.23,370.44,366.04,366.22,666137
2023-07-06T04:00:00Z,366.54,367.9,364.52,367.495,579301
2023-07-05T04:00:00Z,368.71,371.995,368.71,370.27,361578
2023-07-03T04:00:00Z,369.98,370.9,368.98,370.33,174788
2023-06-30T04:00:00Z,367.57,370.48,367.28,369.54,997914
2023-06-29T04:00:00Z,364.25,364.825,362.2,363.84,798991
2023-06-28T04:00:00Z,362.03,366.46,361.99,364.55,460298
2023-06-27T04:00:00Z,359.21,364.54,358.62,363.86,622054
2023-06-26T04:00:00Z,362.05,364.83,357.61,357.73,675218
2023-06-23T04:00:00Z,362.16,364.76,360.86,362.53,455561
2023-06-22T04:00:00Z,360.64,366.31,360.27,366.22,452628
2023-06-21T04:00:00Z,365.855,366.13,360.99,361.96,480117
2023-06-20T04:00:00Z,366.03,368.31,363.95,366.95,444755
2023-06-16T04:00:00Z,372.74,372.81,367.48,367.78,840702
2023-06-15T04:00:00Z,364.68,371.765,364,370.26,724691
2023-06-14T04:00:00Z,363.31,366.15,360.42,365.89,639020
2023-06-13T04:00:00Z,363.43,364.07,360.13,363.31,527279
2023-06-12T04:00:00Z,356.21,360.575,355.2,360.51,498184
2023-06-09T04:00:00Z,354.625,357.625,353.08,354.475,641466
2023-06-08T04:00:00Z,349.18,353.6,348.95,353.17,622613
2023-06-07T04:00:00Z,355.23,357.06,348.2,348.79,1163036
2023-06-06T04:00:00Z,354.22,355.71,352.97,354.97,583134
2023-06-05T04:00:00Z,354.49,357.49,353.86,354.895,546924
2023-06-02T04:00:00Z,353.89,355.8,352.05,354.48,503945
2023-06-01T04:00:00Z,347.73,353.305,346.68,352,519502
2023-05-31T04:00:00Z,348.26,350.57,346.54,347.58,1041848
2023-05-30T04:00:00Z,352.84,353.895,348.57,349.9,1159352
2023-05-26T04:00:00Z,340.77,349.23,340.72,348.42,1048914
2023-05-25T04:00:00Z,339.26,340.955,336.74,339.68,864846
2023-05-24T04:00:00Z,331.26,332.88,329.585,331.55,1036731
2023-05-23T04:00:00Z,335.92,337.025,333.02,333.32,621592
2023-05-22T04:00:00Z,336.34,338.61,336.245,337.575,472749
2023-05-19T04:00:00Z,337.59,338.165,335.44,336.44,707545
2023-05-18T04:00:00Z,331.52,337.49,331.52,337.255,786674
2023-05-17T04:00:00Z,328.245,331.685,327.08,331.2,572208
2023-05-16T04:00:00Z,326.04,328.9,326.04,327.16,614020
2023-05-15T04:00:00Z,325.53,327.03,323.99,326.75,673638
2023-05-12T04:00:00Z,326.74,327.15,322.95,325.06,704816
2023-05-11T04:00:00Z,325.71,326.745,324.14,326.115,485021
2023-05-10T04:00:00Z,324.12,326.01,321.62,325.2,901207
2023-05-09T04:00:00Z,322.105,322.82,321.35,321.56,438908
2023-05-08T04:00:00Z,322.44,324.03,321.34,323.72,364890
2023-05-05T04:00:00Z,318.36,323.74,318.11,322.89,869794
2023-05-04T04:00:00Z,317.04,318.21,315.15,316.19,705119
2023-05-03T04:00:00Z,319.75,322.38,317.2,317.355,490092
2023-05-02T04:00:00Z,322.12,322.42,317.69,319.26,813866
2023-05-01T04:00:00Z,322.09,323.58,321.11,322.205,703067
2023-04-28T04:00:00Z,319.98,322.615,318.98,322.61,1189235
2023-04-27T04:00:00Z,315.74,320.85,315.05,320.37,1196713
2023-04-26T04:00:00Z,313.4,314.935,311.34,311.88,853164
2023-04-25T04:00:00Z,314.28,314.97,309.92,309.92,780313
2023-04-24T04:00:00Z,316.33,317.72,313.74,315.91,674098
2023-04-21T04:00:00Z,315.85,317.39,314.13,316.66,575491
2023-04-20T04:00:00Z,315.62,319.26,314.975,316.29,976407
2023-04-19T04:00:00Z,316.29,319.64,316.28,318.77,548971
2023-04-18T04:00:00Z,321.05,321.36,317.65,318.85,632097
2023-04-17T04:00:00Z,318.17,319.185,316.15,318.77,658395
2023-04-14T04:00:00Z,317.57,320.33,315.64,318.59,946837
2023-04-13T04:00:00Z,314.85,319.65,314.66,319.24,853232
2023-04-12T04:00:00Z,317.84,318.4,312.57,312.95,926466
2023-04-11T04:00:00Z,317.8,317.8,315.36,315.79,569251
2023-04-10T04:00:00Z,315.08,317.87,313.25,317.77,726034
2023-04-06T04:00:00Z,314.19,318.54,312.88,318.11,789099
2023-04-05T04:00:00Z,318.03,318.23,314.07,315.83,1091031
2023-04-04T04:00:00Z,320.62,321.63,317.83,319.105,712960
2023-04-03T04:00:00Z,318.75,320.39,317.48,320.17,812455
2023-03-31T04:00:00Z,315.92,321.16,315.66,320.83,1015000
2023-03-30T04:00:00Z,315.23,316.29,313.94,315.69,1302146
2023-03-29T04:00:00Z,310.9,313.29,310.07,312.73,986317
2023-03-28T04:00:00Z,308.16,308.16,304.78,307.14,717556
2023-03-27T04:00:00Z,311.645,312.645,307.91,308.68,724433
2023-03-24T04:00:00Z,309.17,310.965,307.02,310.95,705942
2023-03-23T04:00:00Z,309.89,314.08,307.06,309.72,1009362
2023-03-22T04:00:00Z,310.25,315.19,305.95,306.05,821367
2023-03-21T04:00:00Z,307.93,310.74,306.41,310.23,618504
2023-03-20T04:00:00Z,304.3,306.29,302.01,305.74,769090
2023-03-17T04:00:00Z,306.7,309.08,303.43,305.32,888285
2023-03-16T04:00:00Z,298,307.17,297.255,306.8,1069409
2023-03-15T04:00:00Z,294.49,299.235,293.27,298.85,1034085
2023-03-14T04:00:00Z,294.38,297.93,293.46,297.35,857947
2023-03-13T04:00:00Z,286.66,294.44,285.24,290.7,1050955
2023-03-10T05:00:00Z,292.78,294.34,287.47,288.54,1074211
2023-03-09T05:00:00Z,298.31,300.95,291.86,292.6,1149064
2023-03-08T05:00:00Z,296.78,298.42,294.965,297.83,740976
2023-03-07T05:00:00Z,300.02,301.01,295.72,296.36,904425
2023-03-06T05:00:00Z,301.1,303.98,299.83,300.03,686198
2023-03-03T05:00:00Z,295.45,299.92,294.89,299.71,589148
2023-03-02T05:00:00Z,288.6,294.43,288.38,293.69,591513
2023-03-01T05:00:00Z,293.06,293.9,290.24,291.03,509452
2023-02-28T05:00:00Z,293.3,296.07,293.04,293.56,438130
2023-02-27T05:00:00Z,295.21,296.44,293.35,293.96,410046
2023-02-24T05:00:00Z,291.44,292.88,290.05,291.79,692195
2023-02-23T05:00:00Z,297.96,298.1,292.57,296.88,660736
2023-02-22T05:00:00Z,294.73,296.09,292.6,294.14,587105
2023-02-21T05:00:00Z,297.21,298.71,293.895,293.93,729607
2023-02-17T05:00:00Z,301.07,301.76,298.13,301.09,780930
2023-02-16T05:00:00Z,304.36,308.37,303.15,303.18,676499
2023-02-15T05:00:00Z,304.9,309.25,304.29,309.25,611154
2023-02-14T05:00:00Z,302.91,307.69,300.93,306.71,736026
2023-02-13T05:00:00Z,301.1,305.06,299.93,304.495,556479
2023-02-10T05:00:00Z,299.49,301.54,297.26,299.71,790502
2023-02-09T05:00:00Z,308.915,308.97,300.23,301.61,716676
2023-02-08T05:00:00Z,308.48,309.45,303.69,304.46,658666
2023-02-07T05:00:00Z,303.48,311,302.33,310.045,757292
2023-02-06T05:00:00Z,303.5,305.84,302.25,303.63,540966
2023-02-03T05:00:00Z,304.89,312.315,304.56,306.15,874599
2023-02-02T05:00:00Z,307.56,313.665,306.8,311.75,1111955
2023-02-01T05:00:00Z,294.42,303.3,292.39,301.02,687618
2023-01-31T05:00:00Z,290.39,294.72,290.24,294.68,561792
2023-01-30T05:00:00Z,292.84,294.37,289.92,290.01,780744
2023-01-27T05:00:00Z,292.08,298.235,292,296.16,718088
2023-01-26T05:00:00Z,291.39,293.51,288.56,293.485,623970
2023-01-25T05:00:00Z,283.72,288.32,281.21,287.58,642275
2023-01-24T05:00:00Z,287.5,289.47,286.78,288.46,574001
2023-01-23T05:00:00Z,283.54,290.2,282.75,289.1,930018
2023-01-20T05:00:00Z,276.68,283.01,275.82,282.84,736764
2023-01-19T05:00:00Z,276.11,277.37,273.96,275,492278
2023-01-18T05:00:00Z,283.17,284.66,277.685,277.805,603389
2023-01-17T05:00:00Z,280.85,282.83,279.67,281.445,475395
2023-01-13T05:00:00Z,276.43,281.2,276.37,280.94,409279
2023-01-12T05:00:00Z,278.34,279.975,273.76,279.08,676105
2023-01-11T05:00:00Z,274.03,277.66,273.165,277.56,599239
2023-01-10T05:00:00Z,269.48,272.88,269,272.88,423201
2023-01-09T05:00:00Z,270.84,275.29,269.935,270.45,719596
2023-01-06T05:00:00Z,263.295,269.9,260.38,268.71,652106
2023-01-05T05:00:00Z,263.97,264.065,261.29,261.58,510243
2023-01-04T05:00:00Z,266.7,267.395,262.6,265.76,654650
2023-01-03T05:00:00Z,268.63,270.09,262.32,264.49,402071
2022-12-30T05:00:00Z,263.35,266.37,262.34,266.37,524404
2022-12-29T05:00:00Z,262.99,267.4,262.28,266.475,865585
2022-12-28T05:00:00Z,263.19,265.36,259.745,260.04,1131232
2022-12-27T05:00:00Z,266.78,266.78,263.125,263.46,577382
2022-12-23T05:00:00Z,265.41,268,263.66,267.34,280505
2022-12-22T05:00:00Z,270.26,270.46,262.51,266.79,917819
2022-12-21T05:00:00Z,270.64,274.77,269.75,273.55,483162
2022-12-20T05:00:00Z,268.565,271.265,266.98,269.55,480087
2022-12-19T05:00:00Z,273.87,273.87,268.5,269.91,481125
2022-12-16T05:00:00Z,276.2,277.76,272.65,274.19,764887
2022-12-15T05:00:00Z,282.23,282.91,275.71,276.85,940130
2022-12-14T05:00:00Z,288.04,291.35,283.32,286.44,717007
2022-12-13T05:00:00Z,296.78,296.81,286.03,288.64,688520
2022-12-12T05:00:00Z,282.19,285.6,281.18,285.6,405100
2022-12-09T05:00:00Z,282.85,285.605,281.65,282.08,409336
2022-12-08T05:00:00Z,281.88,284.795,279.81,283.97,562920
2022-12-07T05:00:00Z,280.36,282.55,278.88,280.42,432457
2022-12-06T05:00:00Z,287.41,287.58,280.265,281.79,644216
2022-12-05T05:00:00Z,290.42,291.67,286.18,287.56,646415
2022-12-02T05:00:00Z,288.56,293.395,288.39,292.62,703758
2022-12-01T05:00:00Z,293.65,295.6,290.97,293.82,663700
2022-11-30T05:00:00Z,280.85,293.43,279.99,293.43,1019112
2022-11-29T05:00:00Z,282.79,283.31,279.17,280.54,479725
2022-11-28T05:00:00Z,284.69,286.94,281.79,282.65,464348
2022-11-25T05:00:00Z,287.27,287.88,286.51,286.85,203830
2022-11-23T05:00:00Z,285.98,289.39,285.795,288.79,524320
2022-11-22T05:00:00Z,282.79,286.105,280.49,285.935,595784
2022-11-21T05:00:00Z,283.41,284.57,281.05,281.82,440401
2022-11-18T05:00:00Z,287.88,287.96,282.36,284.81,602097
2022-11-17T05:00:00Z,280.89,286.3,280.79,284.83,1062137
2022-11-16T05:00:00Z,287.19,287.735,284.63,285.415,605323
2022-11-15T05:00:00Z,292.34,293.21,285.99,289.4,769473
2022-11-14T05:00:00Z,285.88,289.17,284.61,285.225,862880
2022-11-11T05:00:00Z,282.73,288.64,281.25,287.96,1035609
2022-11-10T05:00:00Z,276.11,283.02,273.91,282.65,1524015
2022-11-09T05:00:00Z,267.77,268.52,263.03,263.24,867623
2022-11-08T05:00:00Z,269.2,272.85,265.53,269.51,1151251
2022-11-07T05:00:00Z,265.78,268.14,263.58,267.62,657970
2022-11-04T04:00:00Z,265.61,266.45,259.09,264.65,1327590
2022-11-03T04:00:00Z,262.85,264.48,260.16,260.48,1243492
2022-11-02T04:00:00Z,275.05,278.01,265.63,265.63,1288226
2022-11-01T04:00:00Z,281.68,282.04,274.74,275.01,756291
2022-10-31T04:00:00Z,278.88,279.65,276.02,277.88,822406
2022-10-28T04:00:00Z,272.17,281.69,272.07,281.22,1202156
2022-10-27T04:00:00Z,276.86,278.25,272.355,272.66,710486
2022-10-26T04:00:00Z,278.46,283.93,277.5,277.86,1079546
2022-10-25T04:00:00Z,279.46,284.57,279.46,284.25,839835
2022-10-24T04:00:00Z,275.88,279.37,272.005,278.45,662515
2022-10-21T04:00:00Z,268,275.955,266.98,275.64,812582
2022-10-20T04:00:00Z,269.47,274.83,267.92,269.02,750258
2022-10-19T04:00:00Z,269.7,273.62,268.09,270.63,524384
2022-10-18T04:00:00Z,276.58,277.19,268.84,271.69,818027
2022-10-17T04:00:00Z,266.81,270.23,266.8,269.48,936063
2022-10-14T04:00:00Z,271.24,271.71,260.15,260.67,928971
2022-10-13T04:00:00Z,255.17,270.15,254.27,268.73,1196277
2022-10-12T04:00:00Z,263.41,265.3,262.01,262.69,740967
2022-10-11T04:00:00Z,264.63,267.56,261.09,263.02,1130939
2022-10-10T04:00:00Z,269.33,269.61,263.66,266.12,1001869
2022-10-07T04:00:00Z,274.94,275.14,267.81,269.1,1079660
2022-10-06T04:00:00Z,281.01,284.12,279.44,279.79,748618
2022-10-05T04:00:00Z,278.27,283.775,275.6,281.9,811389
2022-10-04T04:00:00Z,279.02,282.84,279.02,282.04,762862
2022-10-03T04:00:00Z,269.09,275.12,267.63,273.39,670269
2022-09-30T04:00:00Z,270.98,275.14,267.1,267.55,858173
2022-09-29T04:00:00Z,275.9,276.2,268.87,272.05,950495
2022-09-28T04:00:00Z,274.44,281.23,272.97,279.8,1045547
2022-09-27T04:00:00Z,277.83,280.1,272.11,274.6,1063952
2022-09-26T04:00:00Z,275.01,279.39,273.62,273.96,969552
2022-09-23T04:00:00Z,277.61,277.74,272.04,275.68,960429
2022-09-22T04:00:00Z,281.9,282.97,278.87,280,1184572
2022-09-21T04:00:00Z,289.64,293.89,283.45,283.46,1294549
2022-09-20T04:00:00Z,288.49,291.06,286.38,288.68,808606
2022-09-19T04:00:00Z,286.14,291.195,286.1,291.05,634887
2022-09-16T04:00:00Z,287.64,289.695,285.66,289.19,786282
2022-09-15T04:00:00Z,294.02,296.47,289.48,291.02,819064
2022-09-14T04:00:00Z,294.85,296.86,293.13,296.02,780051
2022-09-13T04:00:00Z,301.725,302.98,292.79,293.715,1639217
2022-09-12T04:00:00Z,308.5,311.02,308.23,310.75,551474
2022-09-09T04:00:00Z,302.9,307.58,302.89,306.98,685314
2022-09-08T04:00:00Z,296.51,301.82,295.55,300.54,629754
2022-09-07T04:00:00Z,293.53,299.965,293.35,298.95,767792
2022-09-06T04:00:00Z,295.67,296.55,290.93,293.06,690858
2022-09-02T04:00:00Z,302.34,303.725,293.525,295.24,838717
2022-09-01T04:00:00Z,296.55,299.76,292.96,299.48,990829
2022-08-31T04:00:00Z,304.01,304.85,299.19,299.27,650374
2022-08-30T04:00:00Z,306.26,306.64,298.47,300.98,792711
2022-08-29T04:00:00Z,304.51,307.15,303.36,304.42,787958
2022-08-26T04:00:00Z,320.32,321.37,307.42,307.46,735415
2022-08-25T04:00:00Z,316.84,320.6,315.83,320.54,434915
2022-08-24T04:00:00Z,313.55,316.815,313.14,315.04,467855
2022-08-23T04:00:00Z,314.12,317,313.34,314,735687
2022-08-22T04:00:00Z,318.48,318.7,313.54,314.485,844680
2022-08-19T04:00:00Z,326.16,326.73,322.14,322.93,660484
2022-08-18T04:00:00Z,328.51,330.42,326.905,329.295,381390
2022-08-17T04:00:00Z,329.03,331.385,326.44,328.5,609038
2022-08-16T04:00:00Z,331.97,334.41,329.18,332.31,556251
2022-08-15T04:00:00Z,329.52,333.56,329.52,333.07,487655
2022-08-12T04:00:00Z,326.24,330.58,325.28,330.46,561592
2022-08-11T04:00:00Z,328.38,330.305,323.45,324.1,776191
2022-08-10T04:00:00Z,324.6,326.19,322.08,325.94,676443
2022-08-09T04:00:00Z,318.725,318.99,315.48,317.05,663515
2022-08-08T04:00:00Z,322.66,326.43,319.22,320.72,619894
2022-08-05T04:00:00Z,319.21,323.765,318.44,321.79,661782
2022-08-04T04:00:00Z,322.98,324.66,320.88,324.33,390327
2022-08-03T04:00:00Z,316.06,323.71,316.05,322.84,845218
2022-08-02T04:00:00Z,312.86,318.51,311.85,314.33,822662
2022-08-01T04:00:00Z,313.63,318.73,312.58,315.16,573912
2022-07-29T04:00:00Z,311.41,316.3,310.1,315.31,632349
2022-07-28T04:00:00Z,306.66,310.39,302.785,309.68,825359
2022-07-27T04:00:00Z,299.13,308.52,298.58,306.74,1316020
2022-07-26T04:00:00Z,298.37,298.74,293.57,294.33,646716
2022-07-25T04:00:00Z,302.03,302.4,298.25,300.36,664683
2022-07-22T04:00:00Z,306.44,308.49,300.12,301.98,848642
2022-07-21T04:00:00Z,303.56,307.43,300.83,307.43,818335
2022-07-20T04:00:00Z,298.74,304.24,297.95,303.055,983647
2022-07-19T04:00:00Z,293.22,298.585,291.51,298.22,893913
2022-07-18T04:00:00Z,294.69,296.14,288.29,289.27,924029
2022-07-15T04:00:00Z,289.85,291.96,288.11,291.77,808818
2022-07-14T04:00:00Z,282.99,287.55,279.83,286.675,735405
2022-07-13T04:00:00Z,280.61,287.97,280.31,285.8,760167
2022-07-12T04:00:00Z,290.36,292.13,284.63,286.23,770996
2022-07-11T04:00:00Z,292.81,293.07,288.225,288.81,628387
2022-07-08T04:00:00Z,291.99,296.73,291.255,295.39,900919
2022-07-07T04:00:00Z,289.76,295.68,289.76,294.94,938668
2022-07-06T04:00:00Z,287.4,290.95,285.63,288.78,782713
2022-07-05T04:00:00Z,278.23,287.03,276.83,287.02,1137003
2022-07-01T04:00:00Z,278.94,282.485,277.08,282.12,647686
2022-06-30T04:00:00Z,280.75,283.85,275.81,280.38,1166094
2022-06-29T04:00:00Z,283.38,285.24,280.92,283.915,794529
2022-06-28T04:00:00Z,293.03,295.65,283.35,283.52,1007634
2022-06-27T04:00:00Z,296.01,296.54,291.29,292.45,796263
2022-06-24T04:00:00Z,287.81,294.9,287.6,294.86,1029993
2022-06-23T04:00:00Z,283.2,285.72,280.32,284.88,968782
2022-06-22T04:00:00Z,278.47,285.17,277.935,280.7,798145
2022-06-21T04:00:00Z,278.73,283.45,278.7,281.06,874550
2022-06-17T04:00:00Z,272.07,277.16,270.57,274.73,1007923
2022-06-16T04:00:00Z,275.59,276.04,269.3,271.59,1087289
2022-06-15T04:00:00Z,279.45,286.77,276.65,282.9,1532274
2022-06-14T04:00:00Z,277.62,278.65,273.34,275.91,1263350
2022-06-13T04:00:00Z,279.7,282.31,274.54,275.57,1278396
2022-06-10T04:00:00Z,293.73,294.68,288.405,288.74,1086288
2022-06-09T04:00:00Z,305.885,308.91,299.255,299.255,974756
2022-06-08T04:00:00Z,309.04,311.65,306.795,307.55,839418
2022-06-07T04:00:00Z,303.67,310.63,302.73,309.98,712087
2022-06-06T04:00:00Z,310.805,312.335,305.675,307.22,474747
2022-06-03T04:00:00Z,308.94,310.41,304.99,306.055,639740
2022-06-02T04:00:00Z,304.92,314.56,303.45,314.47,933991
2022-06-01T04:00:00Z,310.53,312.54,303.78,305.98,592079
2022-05-31T04:00:00Z,309.14,311.315,304.35,308.53,650644
2022-05-27T04:00:00Z,302.57,309.17,302.445,309.105,800209
2022-05-26T04:00:00Z,290.43,300.91,290.2,299.33,819197
2022-05-25T04:00:00Z,285.82,293.32,285.5,291.28,687424
2022-05-24T04:00:00Z,288.065,288.86,282.28,287.225,767494
2022-05-23T04:00:00Z,289.85,293.77,287.31,293.38,545309
2022-05-20T04:00:00Z,293.06,293.785,280.34,288.56,1061592
2022-05-19T04:00:00Z,289.33,294.36,287.67,289.46,798581
2022-05-18T04:00:00Z,301.51,302.22,289.86,291.14,1001385
2022-05-17T04:00:00Z,304.48,306.56,300.61,306.22,729590
2022-05-16T04:00:00Z,300.14,302.23,297.2,298.62,646802
2022-05-13T04:00:00Z,295.78,302.98,294.1,301.78,851526
2022-05-12T04:00:00Z,287.51,295.67,284.945,291.37,1634756
2022-05-11T04:00:00Z,298.41,303.94,290.98,291.79,1504377
2022-05-10T04:00:00Z,304.58,305.61,296.62,300.82,1447365
2022-05-09T04:00:00Z,303.48,305.78,295.77,297.18,1391114
2022-05-06T04:00:00Z,311.25,315,305.16,309.38,1153553
2022-05-05T04:00:00Z,325.13,325.13,309.63,313.4,1375035
2022-05-04T04:00:00Z,319.31,330.29,313.92,329.74,1173337
2022-05-03T04:00:00Z,318.32,321.05,316.01,318.87,640907
2022-05-02T04:00:00Z,312.9,318.695,309.68,318.43,1162614
2022-04-29T04:00:00Z,323.67,327.21,312.64,313.43,1020759
2022-04-28T04:00:00Z,322,329.88,317.6,327.99,1133746
2022-04-27T04:00:00Z,317.23,322.87,315.01,316.74,1166610
2022-04-26T04:00:00Z,327.49,327.6,316.86,316.86,1032048
2022-04-25T04:00:00Z,323.71,329.855,322.49,329.58,929882
2022-04-22T04:00:00Z,334.23,335.51,324.985,325.37,1023686
2022-04-21T04:00:00Z,345.2,347.84,333.29,334.37,860864
2022-04-20T04:00:00Z,347.25,347.55,340.01,341.025,683440
2022-04-19T04:00:00Z,338,346.83,337.02,346.12,840350
2022-04-18T04:00:00Z,337.35,341.03,335.87,338.9,601904
2022-04-14T04:00:00Z,346.46,346.91,338.21,338.44,739290
2022-04-13T04:00:00Z,339.74,347.405,339.16,346.3,867508
2022-04-12T04:00:00Z,345.78,347.69,338.1,339.52,936417
2022-04-11T04:00:00Z,344.78,345.65,340.56,340.97,810032
2022-04-08T04:00:00Z,352.21,353.02,348.54,349.1,896972
2022-04-07T04:00:00Z,352.28,356.325,348.71,354.12,860664
2022-04-06T04:00:00Z,355.67,356.72,350.56,353.18,1095424
2022-04-05T04:00:00Z,367.82,368.46,359.96,361.26,910181
2022-04-04T04:00:00Z,362.74,369.3,362.45,369.28,767466
2022-04-01T04:00:00Z,362.83,363.575,358.61,361.83,619525
2022-03-31T04:00:00Z,367.31,367.59,361.71,362.02,742835
2022-03-30T04:00:00Z,369.535,370.93,365.58,367.1,1230365
2022-03-29T04:00:00Z,368.89,371.815,366.275,371.18,1308329
2022-03-28T04:00:00Z,359.34,365,358.09,365,568462
2022-03-25T04:00:00Z,359.61,360.62,354.95,359.28,863263
2022-03-24T04:00:00Z,353.76,359.67,351.615,359.59,575696
2022-03-23T04:00:00Z,354.03,357.63,351.78,351.79,665341
2022-03-22T04:00:00Z,350.815,357.84,350.22,356.89,780283
2022-03-21T04:00:00Z,350.22,352.45,345.6,350.13,884189
2022-03-18T04:00:00Z,342.75,351.79,341.56,351.46,1112142
2022-03-17T04:00:00Z,338.4,344.48,337.14,344.48,751888
2022-03-16T04:00:00Z,332.3,340.43,328.41,340.43,1554153
2022-03-15T04:00:00Z,320.97,328.92,319.26,328.11,1162437
2022-03-14T04:00:00Z,323.24,326.54,317.5,318.18,1109683
2022-03-11T05:00:00Z,334.37,334.56,323.96,324.01,756487
2022-03-10T05:00:00Z,330.72,332.41,326.73,331.41,760950
2022-03-09T05:00:00Z,331.76,336.38,329.14,335.02,740682
2022-03-08T05:00:00Z,324.08,333.19,319.97,323.28,1621033
2022-03-07T05:00:00Z,337.31,338.44,324.67,325.01,950004
2022-03-04T05:00:00Z,340.16,341.28,334.95,337.33,968295
2022-03-03T05:00:00Z,349.82,349.86,340.45,342.12,1030510
2022-03-02T05:00:00Z,343.21,348.49,340.3,347.1,888379
2022-03-01T05:00:00Z,345.75,348.02,339.02,341.53,736592
2022-02-28T05:00:00Z,342.53,348.49,341.44,347,852617
2022-02-25T05:00:00Z,341.22,345.95,337.63,345.92,931004
2022-02-24T05:00:00Z,318.67,341,318.635,340.65,1924611
2022-02-23T05:00:00Z,341.28,342,329.12,329.41,877585
2022-02-22T05:00:00Z,338.54,344.03,334.5,338.09,610213
2022-02-18T05:00:00Z,346.47,346.8,339.22,341.47,708878
2022-02-17T05:00:00Z,352.72,353.22,345.06,345.6,405190
2022-02-16T05:00:00Z,353.78,356.99,350.75,356.03,405138
2022-02-15T05:00:00Z,352.94,356.36,351.94,356.23,522367
2022-02-14T05:00:00Z,346.6,350.925,343.97,347.56,838339
2022-02-11T05:00:00Z,358.58,360.04,345.82,347.205,1044644
2022-02-10T05:00:00Z,359.55,366.47,356.625,358.445,1019044
2022-02-09T05:00:00Z,363.735,366.76,362.2,366.65,423141
2022-02-08T05:00:00Z,354.06,360.22,352.82,359.21,259168
2022-02-07T05:00:00Z,358.77,360.9,353.88,355.22,307900
2022-02-04T05:00:00Z,354.43,361.295,352.01,357.825,527600
2022-02-03T05:00:00Z,358.53,361.87,352.48,353.66,1016068
2022-02-02T05:00:00Z,369.77,370.09,364.29,368.48,589201
2022-02-01T05:00:00Z,364.54,366.155,359.2,365.58,733197
2022-01-31T05:00:00Z,353.18,363.63,351.6,363.16,696366
2022-01-28T05:00:00Z,343.05,352,337.99,351.87,1249780
2022-01-27T05:00:00Z,349.42,351.245,340.09,340.91,922266
2022-01-26T05:00:00Z,353.06,356.81,340.94,344.77,1558022
2022-01-25T05:00:00Z,346.69,351.01,341.68,344.99,1200540
2022-01-24T05:00:00Z,345.5,353.96,334.18,353.62,1269492
2022-01-21T05:00:00Z,359.49,362.18,351.54,351.54,1824456
2022-01-20T05:00:00Z,369.67,373.855,361.21,361.56,1022584
2022-01-19T05:00:00Z,372.05,374.56,366.24,366.475,723539
2022-01-18T05:00:00Z,374.04,376.16,369.79,370.78,1102398
2022-01-14T05:00:00Z,374.9,380.33,374.9,380.01,850116
2022-01-13T05:00:00Z,389.06,389.41,376.72,377.88,951677
2022-01-12T05:00:00Z,388.475,390.13,385.05,387.045,566908
2022-01-11T05:00:00Z,379.38,385.95,377.32,385.92,682600
2022-01-10T05:00:00Z,374.76,380.615,369.38,380.33,1401790
2022-01-07T05:00:00Z,383.99,385.73,378.06,379.77,664732
2022-01-06T05:00:00Z,382.38,387.25,380.22,384.06,783032
2022-01-05T05:00:00Z,394.955,395.7,384.065,384.235,797724
2022-01-04T05:00:00Z,402.1,402.23,393.3,396.67,683886
2022-01-03T05:00:00Z,399.03,401.9,396.93,401.67,396970
2021-12-31T05:00:00Z,399.77,400.95,397.39,397.53,255515
2021-12-30T05:00:00Z,401.34,403.55,399.755,400.27,231757
2021-12-29T05:00:00Z,401.85,402.97,399.175,401.64,487753
2021-12-28T05:00:00Z,404.51,404.57,400.74,401.73,452654
2021-12-27T05:00:00Z,398.29,403.46,398.26,403.45,408340
2021-12-23T05:00:00Z,394.4,398.4,394.17,396.945,501386
2021-12-22T05:00:00Z,388.75,394.12,388.3,393.87,538010
2021-12-21T05:00:00Z,384.3,389.525,380.28,389.255,585470
2021-12-20T05:00:00Z,379.39,381.49,377.5,380.665,572875
2021-12-17T05:00:00Z,383.17,389.13,381.81,384.9,725684
2021-12-16T05:00:00Z,398.12,398.36,385.245,386.99,1054021
2021-12-15T05:00:00Z,387.88,397.39,383.9,397.05,805726
2021-12-14T05:00:00Z,387.24,390,383.83,388.34,830145
2021-12-13T05:00:00Z,398.05,398.29,392.07,392.07,584154
2021-12-10T05:00:00Z,396.67,398.27,393.42,398.22,759549
2021-12-09T05:00:00Z,398.41,400.19,393.555,393.82,680375
2021-12-08T05:00:00Z,398.15,399.8,396.28,399.715,412581
2021-12-07T05:00:00Z,393.23,398.43,393.11,397.73,578131
2021-12-06T05:00:00Z,383.59,387.59,379.41,386.32,820309
2021-12-03T05:00:00Z,391.36,392.31,378.905,383.275,939444
2021-12-02T05:00:00Z,385.49,391.615,384.46,389.94,790378
2021-12-01T05:00:00Z,398.28,400.46,386.78,386.78,804994
2021-11-30T05:00:00Z,398.7,401.12,391.78,393.78,853878
2021-11-29T05:00:00Z,395.99,400.64,395.19,399.385,693741
2021-11-26T05:00:00Z,396.02,397.51,389.79,390.96,353121
2021-11-24T05:00:00Z,394.94,399,392.62,398.99,332731
2021-11-23T05:00:00Z,398.11,400.15,393.04,397.66,447157
2021-11-22T05:00:00Z,405.68,408.64,399.2,399.3,748432
2021-11-19T05:00:00Z,403.43,405.27,402.62,403.95,378928
2021-11-18T05:00:00Z,399.79,402.24,397.52,401.775,322884
2021-11-17T05:00:00Z,397.8,399.69,396.67,397.67,270434
2021-11-16T05:00:00Z,393.93,397.9,393.77,397.455,285291
2021-11-15T05:00:00Z,395.82,396.21,392.11,394.61,310005
2021-11-12T05:00:00Z,391.72,395.23,390.27,394.74,375518
2021-11-11T05:00:00Z,392.66,392.66,390.28,390.64,420539
2021-11-10T05:00:00Z,392.35,395.35,387.64,389.55,543640
2021-11-09T05:00:00Z,399.23,399.465,393.945,395.21,192122
2021-11-08T05:00:00Z,398.69,399.57,397.405,398.07,217509
2021-11-05T04:00:00Z,400.13,400.95,397.18,398.41,343223
2021-11-04T04:00:00Z,394.45,399.19,393.94,398.24,519314
2021-11-03T04:00:00Z,389.62,393.59,388.54,393.22,280303
2021-11-02T04:00:00Z,386.77,389.53,386.76,389.175,188221
2021-11-01T04:00:00Z,386.55,387.54,384.58,387.485,361879
2021-10-29T04:00:00Z,380.92,386.255,380.8,386.01,527134
2021-10-28T04:00:00Z,381.99,384.46,381.27,384.46,652400
2021-10-27T04:00:00Z,379.56,383.12,379.385,380.005,454892
2021-10-26T04:00:00Z,380.24,382.69,377.92,378.85,509398
2021-10-25T04:00:00Z,375.63,378.86,373.595,377.97,435003
2021-10-22T04:00:00Z,375.925,376.91,372.4,373.945,332991
2021-10-21T04:00:00Z,374.24,377.46,373.89,377.2,263689
2021-10-20T04:00:00Z,375.935,376.52,373.485,374.85,299217
2021-10-19T04:00:00Z,373.85,375.52,373.09,375.4,266968
2021-10-18T04:00:00Z,367.64,372.845,367.1,372.795,388210
2021-10-15T04:00:00Z,368.06,369.055,366.96,368.91,383363
2021-10-14T04:00:00Z,363.68,366.835,363.035,366.58,582504
2021-10-13T04:00:00Z,359.52,360.6,357.47,359.95,435097
2021-10-12T04:00:00Z,359.81,360.28,356.52,357.1,469333
2021-10-11T04:00:00Z,359.6,363.135,358.465,358.475,348826
2021-10-08T04:00:00Z,364.07,364.23,360.61,360.96,638046
2021-10-07T04:00:00Z,362.84,365.68,362.3,362.82,595926
2021-10-06T04:00:00Z,354.09,359.94,353.16,359.86,718713
2021-10-05T04:00:00Z,353.74,359.69,353.5,357.245,623429
2021-10-04T04:00:00Z,358.47,358.775,350.37,352.675,763512
2021-10-01T04:00:00Z,358.52,361.25,354.38,359.9,681206
2021-09-30T04:00:00Z,360.955,362.635,357.93,358.06,419239
2021-09-29T04:00:00Z,361.09,363.36,358.67,359.285,674638
2021-09-28T04:00:00Z,365.64,366.29,359.38,359.895,1112656
2021-09-27T04:00:00Z,370.2,371.25,367.78,370.4,451347
2021-09-24T04:00:00Z,370.61,373.73,370.28,373.41,470247
2021-09-23T04:00:00Z,370.775,374.025,370.18,372.9,389321
2021-09-22T04:00:00Z,367.25,370.95,366.05,369.615,354206
2021-09-21T04:00:00Z,367.58,368.76,364.99,366.035,384407
2021-09-20T04:00:00Z,367.29,369.18,360.97,365.79,675231
2021-09-17T04:00:00Z,377.53,377.53,372.76,373.875,650606
2021-09-16T04:00:00Z,376.88,378.895,374.72,378.35,385398
2021-09-15T04:00:00Z,375.75,378.35,373.4,378.045,323699
2021-09-14T04:00:00Z,377.87,378.6,374.3,375.12,371789
2021-09-13T04:00:00Z,379.06,379.43,374.24,376.31,564310
2021-09-10T04:00:00Z,381.3,381.96,376.26,376.55,634005
2021-09-09T04:00:00Z,380.96,382.105,379.235,379.32,236144
2021-09-08T04:00:00Z,381.755,381.78,378.475,380.775,344510
2021-09-07T04:00:00Z,381.66,382.755,380.545,382.15,332880
2021-09-03T04:00:00Z,379.76,381.9,379.36,381.62,177794
2021-09-02T04:00:00Z,382.21,382.28,379.165,380.45,289499
2021-09-01T04:00:00Z,381.05,382.68,380.375,380.59,158730
2021-08-31T04:00:00Z,380.5,380.5,378.51,379.82,162554
2021-08-30T04:00:00Z,376.89,380.74,376.85,380.305,168881
2021-08-27T04:00:00Z,372.97,376.515,372.59,376.1,230749
2021-08-26T04:00:00Z,374.03,374.47,372.02,372.41,124753
2021-08-25T04:00:00Z,374.61,375.33,373.86,374.625,117265
2021-08-24T04:00:00Z,373.93,374.98,373.39,374.375,189079
2021-08-23T04:00:00Z,368.79,373.87,368.79,373.24,221774
2021-08-20T04:00:00Z,365.14,368.135,364.87,367.76,208744
2021-08-19T04:00:00Z,360.01,365.66,359.97,363.74,251371
2021-08-18T04:00:00Z,365,366.56,361.89,362.25,238228
2021-08-17T04:00:00Z,366.17,367.13,363.33,365.69,356485
2021-08-16T04:00:00Z,367.69,369,363.85,368.995,188933
2021-08-13T04:00:00Z,367.95,369.15,367.4,368.82,169632
2021-08-12T04:00:00Z,365.69,367.87,364.35,367.655,254937
2021-08-11T04:00:00Z,368.07,368.56,364.85,366.15,243526
2021-08-10T04:00:00Z,369.29,369.53,365.64,366.83,314746
2021-08-09T04:00:00Z,368.66,369.255,367.43,368.765,153745
2021-08-06T04:00:00Z,368.45,369.36,367.01,368.02,184270
2021-08-05T04:00:00Z,368.205,369.87,367.53,369.81,171904
2021-08-04T04:00:00Z,366.77,368.32,365.69,367.38,164106
2021-08-03T04:00:00Z,365.38,366.9,362.03,366.88,216792
2021-08-02T04:00:00Z,366.34,366.78,364.01,364.515,165600
2021-07-30T04:00:00Z,362.47,365.13,362.42,364.49,224874
2021-07-29T04:00:00Z,365.41,367.65,365.38,366.575,131178
2021-07-28T04:00:00Z,365.59,367.14,363.33,365.825,245148
2021-07-27T04:00:00Z,368.14,368.17,360.19,364.39,634929
2021-07-26T04:00:00Z,367.47,368.86,366.61,368.44,219046
2021-07-23T04:00:00Z,365.44,368.47,364.08,368.12,187417
2021-07-22T04:00:00Z,361.82,363.94,361.81,363.94,220902
2021-07-21T04:00:00Z,358.39,361.48,358.2,361.45,281188
2021-07-20T04:00:00Z,355.69,360.27,353.945,358.85,362672
2021-07-19T04:00:00Z,353.95,355.15,352.08,354.57,631753
2021-07-16T04:00:00Z,361.49,362.38,357.25,357.52,453112
2021-07-15T04:00:00Z,362.96,363.11,358.5,360.44,394406
2021-07-14T04:00:00Z,364.82,365.34,362.27,362.83,224966
2021-07-13T04:00:00Z,361.99,365.44,361.56,362.305,276591
2021-07-12T04:00:00Z,362.475,362.86,360.87,362.31,144548
2021-07-09T04:00:00Z,358.24,361.49,357.71,361.04,208717
2021-07-08T04:00:00Z,355.185,359.61,354.49,358.41,178941
2021-07-07T04:00:00Z,362.57,362.73,358.985,360.86,210428
2021-07-06T04:00:00Z,359.33,360.41,356.5,360.165,183256
2021-07-02T04:00:00Z,356.56,358.95,356.29,358.63,247064
2021-07-01T04:00:00Z,354.06,355.06,352.71,354.67,153980
2021-06-30T04:00:00Z,354.68,355.15,353.88,354.47,202883
2021-06-29T04:00:00Z,353.53,355,352.73,354.925,174578
2021-06-28T04:00:00Z,350.81,353.825,350.78,353.65,249041
2021-06-25T04:00:00Z,350.58,350.62,348.89,349.435,196046
2021-06-24T04:00:00Z,349.74,351.46,349.28,349.83,179192
2021-06-23T04:00:00Z,347.71,348.86,346.89,347.63,160038
2021-06-22T04:00:00Z,344.34,348.02,343.9,347.54,190355
2021-06-21T04:00:00Z,342.47,344.68,340.16,344.36,197165
2021-06-18T04:00:00Z,343.75,344.74,341.885,342.46,368736
2021-06-17T04:00:00Z,339.96,346.32,339.96,345.345,536372
2021-06-16T04:00:00Z,342.76,343.82,337.46,340.82,342437
2021-06-15T04:00:00Z,344.19,344.44,341.55,341.87,270069
2021-06-14T04:00:00Z,341.61,344.375,340.58,344.375,230272
2021-06-11T04:00:00Z,340.4,341.235,339.72,341.235,116515
2021-06-10T04:00:00Z,337.1,340.44,336.765,340.32,219525
2021-06-09T04:00:00Z,338.23,338.92,336.675,336.72,178856
2021-06-08T04:00:00Z,338.39,339.235,335.03,336.79,174829
2021-06-07T04:00:00Z,335.05,336.66,334.39,336.55,292961
2021-06-04T04:00:00Z,332.09,336.045,331.81,335.68,278759
2021-06-03T04:00:00Z,330.56,331.79,328.34,329.905,209600
2021-06-02T04:00:00Z,333.18,334.33,331.73,333.42,211879
2021-06-01T04:00:00Z,335.35,335.75,331.44,332.78,185865
2021-05-28T04:00:00Z,334.22,335.55,333.615,333.65,307986
2021-05-27T04:00:00Z,333.74,334.52,332.7,333.115,195717
2021-05-26T04:00:00Z,333.7,334.56,333,334.08,206534
2021-05-25T04:00:00Z,334.1,334.79,331.79,332.99,176602
2021-05-24T04:00:00Z,329.13,333.63,329.07,332.53,344871
2021-05-21T04:00:00Z,330.62,330.84,326.655,326.94,451155
2021-05-20T04:00:00Z,324.15,329.695,323.91,328.88,395880
2021-05-19T04:00:00Z,316.67,322.88,316.315,322.69,428467
2021-05-18T04:00:00Z,325.44,326.6,321.95,321.95,385513
2021-05-17T04:00:00Z,324.73,325.26,321.495,324.405,248815
2021-05-14T04:00:00Z,322.71,327.3,322.11,326.38,413887
2021-05-13T04:00:00Z,319.91,322.37,316.94,319.36,510424
2021-05-12T04:00:00Z,320.05,322.55,316.035,316.91,724643
2021-05-11T04:00:00Z,319.37,326.065,319.045,325.41,724255
2021-05-10T04:00:00Z,332.91,332.91,325.57,325.6,471805
2021-05-07T04:00:00Z,334.43,336.6,333.08,334.13,437547
2021-05-06T04:00:00Z,328.76,331.63,326.5,331.4,308008
2021-05-05T04:00:00Z,332.25,333.01,328.34,328.93,230878
2021-05-04T04:00:00Z,333.62,333.87,326.26,330.06,557734
2021-05-03T04:00:00Z,339.22,339.96,335.765,336.035,168764
2021-04-30T04:00:00Z,337.66,340.24,337.085,337.84,194157
2021-04-29T04:00:00Z,342.53,342.78,336.97,340.15,238183
2021-04-28T04:00:00Z,339.8,340.76,338.42,338.7,290363
2021-04-27T04:00:00Z,341.96,342.135,339.25,339.96,211334
2021-04-26T04:00:00Z,339.87,341.91,338.91,341.605,177579
2021-04-23T04:00:00Z,335.97,340.76,335.87,339.41,325501
2021-04-22T04:00:00Z,338.73,339.85,334.1,335.24,314768
2021-04-21T04:00:00Z,335.05,339.45,334.07,339.315,206762
2021-04-20T04:00:00Z,338.25,339.475,334.41,336.29,282004
2021-04-19T04:00:00Z,340.28,341.54,336.99,338.72,201066
2021-04-16T04:00:00Z,342.05,342.19,340.12,341.94,194852
2021-04-15T04:00:00Z,339.58,342.005,339.39,341.59,209122
2021-04-14T04:00:00Z,340.88,340.88,335.69,336.32,351514
2021-04-13T04:00:00Z,338.265,341.04,338.06,340.58,189774
2021-04-12T04:00:00Z,336.02,337.04,334.8,336.63,200587
2021-04-09T04:00:00Z,333.68,337.28,333.06,337.04,327493
2021-04-08T04:00:00Z,334.64,335.215,333.76,335.18,245541
2021-04-07T04:00:00Z,330.29,332.47,329.4,331.63,419985
2021-04-06T04:00:00Z,330.54,332.82,330.025,330.83,220748
2021-04-05T04:00:00Z,327.31,331.83,326.985,331.18,268427
2021-04-01T04:00:00Z,322.94,324.665,322.85,324.63,533051
2021-03-31T04:00:00Z,316.18,320.71,315.83,318.99,467794
2021-03-30T04:00:00Z,313.87,314.89,311.58,314,303740
2021-03-29T04:00:00Z,315.53,316.92,312.595,315.48,414478
2021-03-26T04:00:00Z,311.01,316.3,309.72,316.2,388826
2021-03-25T04:00:00Z,310,312.87,307.455,311.22,892146
2021-03-24T04:00:00Z,318.54,318.59,311.78,311.78,386448
2021-03-23T04:00:00Z,319.56,321.085,316.41,317.025,532868
2021-03-22T04:00:00Z,315.27,320.73,315.25,318.67,488504
2021-03-19T04:00:00Z,311.74,314.73,309.76,313.71,710387
2021-03-18T04:00:00Z,316.88,317.77,311.59,311.9,975454
2021-03-17T04:00:00Z,317.48,323.85,315.68,321.77,1040437
2021-03-16T04:00:00Z,321.19,324.195,319.14,320.65,536693
2021-03-15T04:00:00Z,315.67,318.995,314.2,318.79,335667
2021-03-12T05:00:00Z,313.76,315.6,311.41,315.34,375824
2021-03-11T05:00:00Z,315.995,319.83,314.86,318.165,450186
2021-03-10T05:00:00Z,316.11,316.4,310.295,310.8,610806
2021-03-09T05:00:00Z,307.58,313.7,307.05,311.56,651248
2021-03-08T05:00:00Z,308.095,310.04,299.64,299.73,696738
2021-03-05T05:00:00Z,307.03,309.57,297.67,308.78,1069452
2021-03-04T05:00:00Z,308.82,312.03,300.13,303.83,1699100
2021-03-03T05:00:00Z,317.09,318.21,309.11,309.19,981248
2021-03-02T05:00:00Z,324.25,324.25,318.295,318.3,355583
2021-03-01T05:00:00Z,319.45,323.93,317.97,323.65,453714
2021-02-26T05:00:00Z,315.86,319.07,310.99,314.84,666355
2021-02-25T05:00:00Z,321.49,324,311.28,312.77,874312
2021-02-24T05:00:00Z,318.64,324.45,316,324.05,406663
2021-02-23T05:00:00Z,316.96,323.195,311.06,321.45,1213319
2021-02-22T05:00:00Z,326.36,327.72,322.245,322.245,394484
2021-02-19T05:00:00Z,333.92,333.92,329.98,330.97,254605
2021-02-18T05:00:00Z,330.12,333.16,328.36,332.39,384713
2021-02-17T05:00:00Z,332.37,334.18,330.17,333.95,241842
2021-02-16T05:00:00Z,337.345,338.19,334.36,335.46,246909
2021-02-12T05:00:00Z,333.745,336.62,332.7,336.4,205288
2021-02-11T05:00:00Z,334.46,334.92,332.13,334.68,191603
2021-02-10T05:00:00Z,334.99,335.4,329.58,332.74,385921
2021-02-09T05:00:00Z,332.715,334.79,332.715,333.46,167428
2021-02-08T05:00:00Z,333.11,333.63,331.445,333.585,202811
2021-02-05T05:00:00Z,331.28,332.385,329.575,331.48,172874
2021-02-04T05:00:00Z,327.985,330.21,326.48,330.2,173325
2021-02-03T05:00:00Z,329.97,330.19,326.35,326.35,396388
2021-02-02T05:00:00Z,325.46,328.82,325.31,327.73,277333
2021-02-01T05:00:00Z,318.22,323.51,316.2,322.58,342754
2021-01-29T05:00:00Z,319.54,320.7,312.78,314.52,507075
2021-01-28T05:00:00Z,320.62,326.37,320.05,321.3,465802
2021-01-27T05:00:00Z,326.22,326.26,317.405,319.37,765439
2021-01-26T05:00:00Z,328.92,329.72,327.45,328.55,243490
2021-01-25T05:00:00Z,329,330.27,321.41,328.41,251142
2021-01-22T05:00:00Z,325.3,326.44,324.805,325.44,169713
2021-01-21T05:00:00Z,325.13,327.12,323.74,326.36,219762
2021-01-20T05:00:00Z,320.11,324.705,319.785,323.75,431709
2021-01-19T05:00:00Z,314.295,316.91,313.22,316.43,271858
2021-01-15T05:00:00Z,314.12,315.12,310.59,311.88,240137
2021-01-14T05:00:00Z,316.58,317.45,313.885,314.365,214139
2021-01-13T05:00:00Z,314.27,316.85,313.63,315.99,214029
2021-01-12T05:00:00Z,314.525,315.56,311.23,314.12,436506
2021-01-11T05:00:00Z,315.77,317.09,313.83,314.23,244505
2021-01-08T05:00:00Z,317.42,319.39,315.13,319.13,285541
2021-01-07T05:00:00Z,310.4,315.83,310.31,315.125,275396
2021-01-06T05:00:00Z,306.83,311.87,306.05,307.55,483281
2021-01-05T05:00:00Z,308.41,312,308.41,311.78,219913
2021-01-04T05:00:00Z,315.13,315.29,305.27,309.35,370969
2020-12-31T05:00:00Z,312.97,314.23,311.86,314.19,176463
2020-12-30T05:00:00Z,314.155,314.37,312.405,312.97,223585
2020-12-29T05:00:00Z,314.15,314.68,312.05,312.9,274646
2020-12-28T05:00:00Z,312.27,313.155,310.45,312.59,279906
2020-12-24T05:00:00Z,308.47,309.99,308.41,309.58,172562
2020-12-23T05:00:00Z,309.85,310.16,308.09,308.16,247811
2020-12-22T05:00:00Z,309.86,310.69,306.88,309.65,276732
2020-12-21T05:00:00Z,306.38,309.375,303.68,308.94,356486
2020-12-18T05:00:00Z,311.64,311.96,307.65,310,519943
2020-12-17T05:00:00Z,310.73,311.23,309.41,311,259745
2020-12-16T05:00:00Z,307.61,309.75,306.71,309,222359
2020-12-15T05:00:00Z,306.42,307.24,304.175,307.18,206937
2020-12-14T05:00:00Z,303.115,306.025,303.03,303.86,319357
2020-12-11T05:00:00Z,300.76,301.905,298.5,301.72,200456
2020-12-10T05:00:00Z,299.25,303.675,298.15,302.42,277770
2020-12-09T05:00:00Z,308.04,308.28,300.26,301.5,386472
2020-12-08T05:00:00Z,306.74,308.555,305.045,308.345,145765
2020-12-07T05:00:00Z,305.565,307.61,305.53,307.24,154511
2020-12-04T05:00:00Z,304.31,305.67,303.68,305.56,182317
2020-12-03T05:00:00Z,304.13,305.84,303.54,303.82,215948
2020-12-02T05:00:00Z,302.21,304.18,300.36,303.82,137037
2020-12-01T05:00:00Z,302.02,305.13,300.88,303.58,270908
2020-11-30T05:00:00Z,299.31,299.85,294.9,299.52,170716
2020-11-27T05:00:00Z,298.26,300.16,297.95,299.04,196032
2020-11-25T05:00:00Z,295.45,296.91,294.65,296.45,206774
2020-11-24T05:00:00Z,291.56,294.97,289.65,294.53,277019
2020-11-23T05:00:00Z,291.63,292.73,288.11,290.38,183923
2020-11-20T05:00:00Z,292.2,293.05,290.3,290.38,116534
2020-11-19T05:00:00Z,289.475,292.65,288.93,292.34,215591
2020-11-18T05:00:00Z,291.795,293.33,290.04,290.06,227648
2020-11-17T05:00:00Z,293.355,293.69,291.75,292.1,110746
2020-11-16T05:00:00Z,290.615,293.5,290.09,292.94,304504
2020-11-13T05:00:00Z,290.385,291.56,287.89,291.16,240834
2020-11-12T05:00:00Z,290.77,292.02,287.28,288.38,336620
2020-11-11T05:00:00Z,285.92,290.25,285.56,290,257131
2020-11-10T05:00:00Z,285.225,286.615,280.68,283.56,740915
2020-11-09T05:00:00Z,297.55,299.01,288.25,288.33,961973
2020-11-06T05:00:00Z,293.605,295.32,289.88,294.62,512129
2020-11-05T05:00:00Z,293.42,295.33,292.01,294.26,686495
2020-11-04T05:00:00Z,283.53,288.76,281.91,286.76,728157
2020-11-03T05:00:00Z,271.99,276.645,270.96,274.66,425161
2020-11-02T05:00:00Z,271.88,273.42,267.005,270.01,459672
2020-10-30T04:00:00Z,274.36,275.22,267.08,269.75,728890
2020-10-29T04:00:00Z,273.05,279.43,272.53,276.24,379198
2020-10-28T04:00:00Z,278.005,278.61,271.39,271.43,655551
2020-10-27T04:00:00Z,281.41,283.42,280.27,282.7,233846
2020-10-26T04:00:00Z,282.33,285.29,276.76,280.48,456238
2020-10-23T04:00:00Z,284.795,284.845,281.83,284.82,200313
2020-10-22T04:00:00Z,285.22,285.95,280.9,284.12,320522
2020-10-21T04:00:00Z,284.78,287.265,283.78,284.18,288912
2020-10-20T04:00:00Z,284.58,287.59,282.97,284.5,174559
2020-10-19T04:00:00Z,290.52,291.4,282.89,283.74,338121
2020-10-16T04:00:00Z,291.8,293.24,288.3,288.3,461123
2020-10-15T04:00:00Z,287.25,290.68,286.6,289.98,327345
2020-10-14T04:00:00Z,295.12,296.2,290.26,292.12,322577
2020-10-13T04:00:00Z,296.28,296.96,293.17,294.44,646221
2020-10-12T04:00:00Z,290.26,297.44,289.54,294.62,503670
2020-10-09T04:00:00Z,283.09,285.79,282.8,285.74,246399
2020-10-08T04:00:00Z,282.365,282.47,280.45,281.48,204363
2020-10-07T04:00:00Z,278.02,280.7,277.38,280.11,333591
2020-10-06T04:00:00Z,279.52,281.16,274.34,275.08,426312
2020-10-05T04:00:00Z,276.5,280.44,276.42,280.28,361468
2020-10-02T04:00:00Z,275.795,279.72,273.48,274.245,675527
2020-10-01T04:00:00Z,281.775,282.78,279.92,282.275,369795
2020-09-30T04:00:00Z,276,281.05,275.905,278.18,445845
2020-09-29T04:00:00Z,276.68,277.62,275.45,275.82,256727
2020-09-28T04:00:00Z,276.555,277.025,273.87,277.025,519838
2020-09-25T04:00:00Z,265.85,272.37,264.37,271.64,364371
2020-09-24T04:00:00Z,261.63,268.66,261.33,265.36,463993
2020-09-23T04:00:00Z,272.15,272.29,263.28,264.02,415168
2020-09-22T04:00:00Z,269.985,273.065,266.6,272.44,609044
2020-09-21T04:00:00Z,262.59,267.64,260.13,267.62,891546
2020-09-18T04:00:00Z,271.835,272,262.67,266.72,933536
2020-09-17T04:00:00Z,267.53,272.34,266.72,270.45,849385
2020-09-16T04:00:00Z,279.93,280.34,274.32,274.4,484336
2020-09-15T04:00:00Z,278.93,280.43,277.305,278.96,555226
2020-09-14T04:00:00Z,274.52,277.21,273.03,275.08,368860
2020-09-11T04:00:00Z,274.23,275.13,266.92,270.64,912327
2020-09-10T04:00:00Z,280.9,282.17,270.63,272.18,768746
2020-09-09T04:00:00Z,275.68,280.035,273.01,277.97,411496
2020-09-08T04:00:00Z,272.25,278.19,269.71,270.07,1551142
2020-09-04T04:00:00Z,285.65,288.89,271.86,283.67,1726153
2020-09-03T04:00:00Z,298.13,298.54,284.45,287.27,1450760
2020-09-02T04:00:00Z,303.21,303.35,296.96,302.84,423181
2020-09-01T04:00:00Z,297.625,300.02,296.09,299.94,375449
2020-08-31T04:00:00Z,293.09,296.745,292.65,295.04,365292
2020-08-28T04:00:00Z,292.42,293.06,290.99,292.51,229396
2020-08-27T04:00:00Z,292.89,293.79,288.8,290.98,498725
2020-08-26T04:00:00Z,287.21,292.1,287.005,291.96,485658
2020-08-25T04:00:00Z,283.055,285.92,282.38,285.86,320887
2020-08-24T04:00:00Z,285.105,285.975,281.37,283.56,327008
2020-08-21T04:00:00Z,280.07,282.27,279.53,281.88,209244
2020-08-20T04:00:00Z,275.19,280.425,275.03,279.88,269779
2020-08-19T04:00:00Z,277.93,278.99,275.72,276.2,263030
2020-08-18T04:00:00Z,276.36,278.465,275.03,278,255755
2020-08-17T04:00:00Z,273.95,275.66,273.76,275.32,358311
2020-08-14T04:00:00Z,273.08,273.38,270.77,272.16,212507
2020-08-13T04:00:00Z,272.725,274.72,271.58,272.46,338133
2020-08-12T04:00:00Z,267.49,272.82,267.47,271.92,381621
2020-08-11T04:00:00Z,269.11,270.435,264.68,265.22,432241
2020-08-10T04:00:00Z,271.76,271.955,266.755,270.3,312242
2020-08-07T04:00:00Z,274.02,274.85,269.26,271.56,396540
2020-08-06T04:00:00Z,270.94,274.94,270.21,274.585,241000
2020-08-05T04:00:00Z,270.91,271.52,270,271.1,169295
2020-08-04T04:00:00Z,269.04,270.42,268.105,270.42,237010
2020-08-03T04:00:00Z,268.04,270.15,267.885,269.34,349307
2020-07-31T04:00:00Z,265.73,265.8,260.89,265.8,394093
2020-07-30T04:00:00Z,257.615,261.675,256.61,261.2,546880
2020-07-29T04:00:00Z,258.36,260.64,257.99,259.86,177841
2020-07-28T04:00:00Z,259.56,259.77,256.54,256.82,209178
2020-07-27T04:00:00Z,257.2,260.52,256.5,260.12,289367
