2024-06-14T04:00:00Z,233.03,241.615,225.015,230.09,117978
2024-06-13T04:00:00Z,286.84,289.09,276.29,277.2,56389
2024-06-12T04:00:00Z,292.495,299.69,284.945,285.67,33441
2024-06-11T04:00:00Z,271.62,278.545,267.23,277.97,26000
2024-06-10T04:00:00Z,265.86,273.895,265.32,273.745,32076
2024-06-07T04:00:00Z,273.85,274.47,266.9,268.85,25966
2024-06-06T04:00:00Z,279.835,280.59,273.16,279.82,27844
2024-06-05T04:00:00Z,272.275,282.63,271.22,282.63,22518
2024-06-04T04:00:00Z,273.19,275.89,267.78,269.49,22453
2024-06-03T04:00:00Z,275.96,278,274.21,275.03,26613
2024-05-31T04:00:00Z,264.15,272.21,261.285,271.7,23381
2024-05-30T04:00:00Z,258.055,267.35,258.055,263.505,29146
2024-05-29T04:00:00Z,247.39,254.81,246.06,252.75,27547
2024-05-28T04:00:00Z,251.69,255.435,248.27,250.16,34293
2024-05-24T04:00:00Z,249.185,256.105,245.4,255.09,29773
2024-05-23T04:00:00Z,249.41,255.32,245.02,247.905,49088
2024-05-22T04:00:00Z,278.36,278.945,254.12,254.875,42642
2024-05-21T04:00:00Z,276.97,276.97,271.895,273.98,18367
2024-05-20T04:00:00Z,278.36,284.335,276.025,279.48,23714
2024-05-17T04:00:00Z,284.82,286.47,277.86,277.91,17330
2024-05-16T04:00:00Z,293.9,294.45,286.81,286.975,22920
2024-05-15T04:00:00Z,302.92,304.55,293.88,296.58,20653
2024-05-14T04:00:00Z,302.5,303.83,290.69,290.69,29252
2024-05-13T04:00:00Z,296.76,304.84,291.01,292.265,29693
2024-05-10T04:00:00Z,296.01,297.5,285.76,291.21,23048
2024-05-09T04:00:00Z,279.06,294.175,279.05,294.005,33117
2024-05-08T04:00:00Z,273.785,278.54,271.335,278.54,20765
2024-05-07T04:00:00Z,281.22,287.73,278.12,278.615,28963
2024-05-06T04:00:00Z,279.485,282,275.46,280.685,19456
2024-05-03T04:00:00Z,275,280.7,273.075,275,40747
2024-05-02T04:00:00Z,251,262.54,245.28,261.955,33315
2024-05-01T04:00:00Z,246.815,254.15,239.725,244.85,31895
2024-04-30T04:00:00Z,252.97,254.685,247.285,247.56,15783
2024-04-29T04:00:00Z,253.67,258,253.015,255.26,25944
2024-04-26T04:00:00Z,245.46,252.67,245.46,249.555,26195
2024-04-25T04:00:00Z,239.005,243.705,237.475,243.705,33177
2024-04-24T04:00:00Z,247.65,252.79,244.61,252.31,20237
2024-04-23T04:00:00Z,246.3,251.68,246.3,248.26,23102
2024-04-22T04:00:00Z,241.805,246.48,237.77,244.565,27336
2024-04-19T04:00:00Z,245.6,245.88,238.7,240.48,23925
2024-04-18T04:00:00Z,246.33,249.24,242.6,245.06,26766
2024-04-17T04:00:00Z,245.805,246.89,242.755,243.85,43275
2024-04-16T04:00:00Z,247.91,247.91,239.82,243.3,50891
2024-04-15T04:00:00Z,259.71,260,249.86,251.595,47359
2024-04-12T04:00:00Z,262.19,262.275,252.6,255.18,44774
2024-04-11T04:00:00Z,264.235,267.765,261,267.54,30119
2024-04-10T04:00:00Z,272.94,274.49,258.65,261.205,67985
2024-04-09T04:00:00Z,275.31,290.605,275.31,288.74,57174
2024-04-08T04:00:00Z,280.49,280.49,272.91,276.26,32850
2024-04-05T04:00:00Z,280.485,282.67,278.31,278.44,41102
2024-04-04T04:00:00Z,302.325,302.5,282.675,282.705,41569
2024-04-03T04:00:00Z,309.63,309.63,297.27,299.13,42742
2024-04-02T04:00:00Z,322.58,324.8,306.09,310.78,63433
2024-04-01T04:00:00Z,347.92,348.66,333.4,334.9,67792
2024-03-28T04:00:00Z,330.54,354.665,325.69,348.075,178641
2024-03-27T04:00:00Z,289.005,300.5,289.005,297.01,67417
2024-03-26T04:00:00Z,288.59,288.67,275.95,287.37,60404
2024-03-25T04:00:00Z,298.345,300.885,283.065,287.31,55095
2024-03-22T04:00:00Z,309.21,309.21,297.36,297.36,31448
2024-03-21T04:00:00Z,299.87,315.71,299.65,311.33,47443
2024-03-20T04:00:00Z,280.19,295.72,279.915,289.99,49889
2024-03-19T04:00:00Z,275.945,283.04,275.945,279.47,24653
2024-03-18T04:00:00Z,290.825,290.825,279.48,279.565,16014
2024-03-15T04:00:00Z,294.21,295.305,288.6,291.08,18739
2024-03-14T04:00:00Z,302.66,302.86,287.44,291.8,31818
2024-03-13T04:00:00Z,294.25,311.255,294.22,302.98,53575
2024-03-12T04:00:00Z,283.565,288.21,281.695,287.98,34708
2024-03-11T04:00:00Z,275.74,282.435,273.83,282.13,35120
2024-03-08T05:00:00Z,284.505,284.885,275.07,276.625,38842
2024-03-07T05:00:00Z,273.41,277.26,272.005,274.69,21043
2024-03-06T05:00:00Z,266.58,271.97,266.58,270.64,10976
2024-03-05T05:00:00Z,269.49,270.82,266.33,268.28,22988
2024-03-04T05:00:00Z,279.515,279.515,270.29,270.93,21050
2024-03-01T05:00:00Z,273.035,280.04,273.035,277.47,34158
2024-02-29T05:00:00Z,270.66,275.39,270.46,274.305,27570
2024-02-28T05:00:00Z,263.84,265.46,260.965,264.27,22467
2024-02-27T05:00:00Z,257.84,267.545,257.84,265.99,35761
2024-02-26T05:00:00Z,257.19,260.37,253.09,253.96,21050
2024-02-23T05:00:00Z,258.435,261.52,258.435,258.845,28529
2024-02-22T05:00:00Z,258.725,263.025,256.95,259.42,12907
2024-02-21T05:00:00Z,258.55,260.28,254.97,256.09,16497
2024-02-20T05:00:00Z,261.82,263.08,259.29,262.12,21342
2024-02-16T05:00:00Z,269.04,272.29,265.8,266,19925
2024-02-15T05:00:00Z,279.02,279.02,273.43,275.52,28469
2024-02-14T05:00:00Z,267.87,276.91,265.98,275.43,26937
2024-02-13T05:00:00Z,260.9,267.29,255.44,264.76,37158
2024-02-12T05:00:00Z,262.075,279.96,262.075,279.16,44166
2024-02-09T05:00:00Z,258.79,264.21,255.39,260.8,22498
2024-02-08T05:00:00Z,256.52,260.23,254.41,256.69,21456
2024-02-07T05:00:00Z,255.08,257.705,249.99,255.045,25739
2024-02-06T05:00:00Z,250.42,257.16,250.285,254.8,23541
2024-02-05T05:00:00Z,249.68,252.49,243.78,251.78,35981
2024-02-02T05:00:00Z,247.04,257.93,245.8,255.99,36440
2024-02-01T05:00:00Z,260.345,261.13,250.27,257.73,25545
2024-01-31T05:00:00Z,260.43,264.57,252.43,252.885,32045
2024-01-30T05:00:00Z,269.33,269.86,261.4,263.32,29003
2024-01-29T05:00:00Z,270.65,272.525,266.77,272.525,20366
2024-01-26T05:00:00Z,273.91,274,269.57,272.35,12301
2024-01-25T05:00:00Z,266.165,271.675,265.665,270.87,22738
2024-01-24T05:00:00Z,273.5,275.65,264,264.27,30786
2024-01-23T05:00:00Z,268.255,270.27,265.44,268.77,39588
2024-01-22T05:00:00Z,262.25,270.065,262.25,266.47,25898
2024-01-19T05:00:00Z,253.51,259.28,252.11,259.25,22460
2024-01-18T05:00:00Z,257.48,258.5,253.62,254.99,13955
2024-01-17T05:00:00Z,253.57,255.09,249.56,254.64,43837
2024-01-16T05:00:00Z,266.185,266.185,255.86,258.035,52524
2024-01-12T05:00:00Z,279.12,281.24,267.325,268.25,36332
2024-01-11T05:00:00Z,270.06,275.95,263.72,275.56,39440
2024-01-10T05:00:00Z,273.165,274.585,268.785,273.12,16746
2024-01-09T05:00:00Z,268.41,273.885,267.9,271.87,29487
2024-01-08T05:00:00Z,263.98,273.5,263.5,272.56,48435
2024-01-05T05:00:00Z,262.36,273.965,262.36,263.85,19484
2024-01-04T05:00:00Z,267.01,268.98,263.105,266.08,33034
2024-01-03T05:00:00Z,276.27,277.71,264.59,269.63,45522
2024-01-02T05:00:00Z,288.645,295.75,283.765,285.98,34635
2023-12-29T05:00:00Z,297.82,299.29,291.48,291.48,22348
2023-12-28T05:00:00Z,297.01,300.9,296.555,300.9,10156
2023-12-27T05:00:00Z,302.61,302.61,297.66,299.65,9085
2023-12-26T05:00:00Z,304.385,304.385,299.96,302.47,13907
2023-12-22T05:00:00Z,304.14,306.97,301.7,302.93,17534
2023-12-21T05:00:00Z,314.14,314.14,306.265,308.16,14517
2023-12-20T05:00:00Z,308.45,315.99,305.34,307.04,13226
2023-12-19T05:00:00Z,307.44,313.21,305.76,312.19,30510
2023-12-18T05:00:00Z,310.37,310.37,299.995,305.075,19799
2023-12-15T05:00:00Z,316.865,317.21,305.255,308.5,58399
2023-12-14T05:00:00Z,290.975,322.575,290.975,317.205,83631
2023-12-13T05:00:00Z,254.71,286.115,254.48,284,71520
2023-12-12T05:00:00Z,251.155,257.985,248.25,253.445,58804
2023-12-11T05:00:00Z,241.735,252.11,240.88,251.01,44915
2023-12-08T05:00:00Z,251.75,252.98,239.02,242.11,137328
2023-12-07T05:00:00Z,280.995,284.16,277.595,281.5,39830
2023-12-06T05:00:00Z,280.74,282.86,273.64,279.58,28476
2023-12-05T05:00:00Z,288.04,288.06,277.03,279.81,39762
2023-12-04T05:00:00Z,286.18,290.21,286.155,290.21,36009
2023-12-01T05:00:00Z,268.975,285.52,268.975,285.34,27900
2023-11-30T05:00:00Z,271.32,273.265,267.625,270.67,18199
2023-11-29T05:00:00Z,268.97,274.04,268.97,270.87,19413
2023-11-28T05:00:00Z,262.43,269.45,260.87,266.7,17433
2023-11-27T05:00:00Z,265.95,268.52,265.665,267.58,20611
2023-11-24T05:00:00Z,268.99,271.25,268.205,268.7,5348
2023-11-22T05:00:00Z,272.685,273.115,268.27,269.93,14264
2023-11-21T05:00:00Z,263.93,268.69,261.415,268.68,27917
2023-11-20T05:00:00Z,260.705,270.47,260.69,268.795,48602
2023-11-17T05:00:00Z,255.875,262.12,255.875,259.44,27331
2023-11-16T05:00:00Z,256.05,261.99,252.47,254.175,25473
2023-11-15T05:00:00Z,251.83,262.94,251.4,259.17,52185
2023-11-14T05:00:00Z,241.05,254.15,241.05,246.79,39968
2023-11-13T05:00:00Z,231.57,233.93,228.75,228.99,18564
2023-11-10T05:00:00Z,229.195,234.16,228.15,233.75,13146
2023-11-09T05:00:00Z,238.005,238.31,226.755,228.38,30266
2023-11-08T05:00:00Z,233.92,238.705,232.89,235.915,23920
2023-11-07T05:00:00Z,232.8,237.31,231.655,236.23,35956
2023-11-06T05:00:00Z,235,235.59,231.07,233.03,35676
2023-11-03T04:00:00Z,232.93,245.815,232.84,240.16,90103
2023-11-02T04:00:00Z,219.38,229.2,219.38,225.125,54576
2023-11-01T04:00:00Z,217.13,217.13,207.48,213.22,53019
2023-10-31T04:00:00Z,216.105,218.73,213.05,218.045,37598
2023-10-30T04:00:00Z,214.98,216.87,209.9,215.77,30024
2023-10-27T04:00:00Z,216.86,218.3,212.18,213.25,41268
2023-10-26T04:00:00Z,226.84,228.29,214.72,215.36,31561
2023-10-25T04:00:00Z,228.59,228.59,224.265,226.26,36785
2023-10-24T04:00:00Z,235.8,235.8,227.465,231.645,16181
2023-10-23T04:00:00Z,230.59,238.39,227.895,233.17,30579
2023-10-20T04:00:00Z,229.94,233.51,226.84,232.45,33589
2023-10-19T04:00:00Z,237.565,238.115,229.4,231.16,104174
2023-10-18T04:00:00Z,247.43,247.43,239.58,240.12,34766
2023-10-17T04:00:00Z,242.58,252.88,242.58,251.06,36356
2023-10-16T04:00:00Z,241.285,245.87,240.07,244.81,22103
2023-10-13T04:00:00Z,236.645,239.95,232.3,238.57,36725
2023-10-12T04:00:00Z,245.08,246.27,235.285,239.03,29887
2023-10-11T04:00:00Z,252.17,252.23,249.38,249.83,38853
2023-10-10T04:00:00Z,246.58,255.415,245.4,247.59,35498
2023-10-09T04:00:00Z,243.78,246.135,240.29,245.34,33430
2023-10-06T04:00:00Z,237.76,250.745,235.7,248.58,48062
2023-10-05T04:00:00Z,247.85,247.87,238.83,240.135,41316
2023-10-04T04:00:00Z,254.52,254.53,246.99,248.35,55203
2023-10-03T04:00:00Z,259.2,259.2,250.41,253.57,47938
2023-10-02T04:00:00Z,264.25,265.06,259.25,262.1,28884
2023-09-29T04:00:00Z,263.99,268.25,263.235,264.68,40375
2023-09-28T04:00:00Z,256.4,262.69,253.13,259.15,210348
2023-09-27T04:00:00Z,260.07,260.17,254.47,256.74,114795
2023-09-26T04:00:00Z,263.42,264.485,256.075,257.4,216175
2023-09-25T04:00:00Z,268.48,269.37,263.77,265.22,279519
2023-09-22T04:00:00Z,272.52,272.52,261.67,264.04,193420
2023-09-21T04:00:00Z,282.775,282.85,271.05,271.24,175214
2023-09-20T04:00:00Z,292.01,294.65,285.91,286.48,23590
2023-09-19T04:00:00Z,291.595,292.49,286.85,289.93,35391
2023-09-18T04:00:00Z,299.535,301.24,290.96,292.59,44183
2023-09-15T04:00:00Z,304.39,304.97,301.07,303.59,28257
2023-09-14T04:00:00Z,309.59,311.36,304.635,307.25,36997
2023-09-13T04:00:00Z,305.3,310.375,303.81,310.375,35167
2023-09-12T04:00:00Z,313.95,315.44,306.56,306.925,39311
2023-09-11T04:00:00Z,313.51,320.89,309.59,316.32,65892
2023-09-08T04:00:00Z,339.92,345.38,309.25,311.03,259074
2023-09-07T04:00:00Z,368.715,372.18,366.665,369,47432
2023-09-06T04:00:00Z,382.08,382.08,361.98,373.25,26783
2023-09-05T04:00:00Z,379.005,388.22,375.295,385.6,46769
2023-09-01T04:00:00Z,370.44,381.57,369.59,380.88,37412
2023-08-31T04:00:00Z,359.8,366.755,359.8,365.18,21596
2023-08-30T04:00:00Z,353.225,358.69,352.99,356.06,11064
2023-08-29T04:00:00Z,347.21,357.65,347.21,354.98,17372
2023-08-28T04:00:00Z,345,348.58,344.19,346.74,16271
2023-08-25T04:00:00Z,350.54,351.24,336.78,339.08,67764
2023-08-24T04:00:00Z,356.36,359.94,350.72,351.07,24140
2023-08-23T04:00:00Z,338.85,361.6,338.85,356.725,35828
2023-08-22T04:00:00Z,344.34,344.34,332.1,333.84,24422
2023-08-21T04:00:00Z,354.015,354.015,342.7,344.26,68024
2023-08-18T04:00:00Z,350.27,356.485,350.27,353.55,119575
2023-08-17T04:00:00Z,362.595,362.93,355.15,356.47,18840
2023-08-16T04:00:00Z,370.48,372.29,365.12,365.12,16555
2023-08-15T04:00:00Z,378.51,378.51,370.83,373.61,33366
2023-08-14T04:00:00Z,368.52,383.45,367.64,382.75,50611
2023-08-11T04:00:00Z,379.41,380.42,368.77,371.45,50546
2023-08-10T04:00:00Z,395.92,395.92,382.88,384.92,33291
2023-08-09T04:00:00Z,402.63,402.635,389.215,390.58,37882
2023-08-08T04:00:00Z,395.24,400.795,392.15,399.53,15291
2023-08-07T04:00:00Z,397.6,405.55,397.6,401.57,35265
2023-08-04T04:00:00Z,396.71,397.37,390.59,392.52,24135
2023-08-03T04:00:00Z,392.68,405.5,391.46,399.91,30250
2023-08-02T04:00:00Z,382.93,388.04,382.45,387.95,17988
2023-08-01T04:00:00Z,385.11,390.31,384.22,390.31,24718
2023-07-31T04:00:00Z,386.705,391.26,384.33,387.98,21481
2023-07-28T04:00:00Z,385.39,388.09,382.97,386.98,21380
2023-07-27T04:00:00Z,392.96,392.96,379.19,381.14,69902
2023-07-26T04:00:00Z,387.21,389.98,385.48,389.33,11868
2023-07-25T04:00:00Z,381.3,386.3,380.315,385.31,15536
2023-07-24T04:00:00Z,378.62,385.16,374.99,381.49,22881
2023-07-21T04:00:00Z,379.6,380.28,376.85,377.73,24087
2023-07-20T04:00:00Z,380.31,383.48,375.91,376.99,26753
2023-07-19T04:00:00Z,373.52,381.08,373,381.08,57678
2023-07-18T04:00:00Z,370,371.15,365.39,369.19,16886
2023-07-17T04:00:00Z,375.96,375.975,362.815,364.92,189461
2023-07-14T04:00:00Z,372.24,379.93,372.24,377.055,50275
2023-07-13T04:00:00Z,370.555,375.27,367.99,369.56,64339
2023-07-12T04:00:00Z,372.93,373.31,366.52,370.58,57052
2023-07-11T04:00:00Z,351.22,366.835,349.065,365.73,58331
2023-07-10T04:00:00Z,331.5,348.1,331.5,347.07,64582
2023-07-07T04:00:00Z,325.81,333.66,324.98,329.73,29015
2023-07-06T04:00:00Z,328.075,328.125,319.47,324.86,65213
2023-07-05T04:00:00Z,332.1,333.27,326.28,332.53,31340
2023-07-03T04:00:00Z,330.18,334.49,326.48,332.535,31765
2023-06-30T04:00:00Z,325.11,330.99,320.03,329.485,56207
2023-06-29T04:00:00Z,310.165,323.775,310.165,322.1,61556
2023-06-28T04:00:00Z,304.6,313.13,303.98,310.02,37576
2023-06-27T04:00:00Z,297.78,307.99,297.78,305.43,68075
2023-06-26T04:00:00Z,293.24,299.43,293.24,296.76,45006
2023-06-23T04:00:00Z,289.065,293.31,286.96,290.86,25277
2023-06-22T04:00:00Z,287.445,296.94,285.11,292.21,36644
2023-06-21T04:00:00Z,290.445,292.12,285.04,287.83,43564
2023-06-20T04:00:00Z,277.775,290.91,276.255,289.63,54886
2023-06-16T04:00:00Z,288.15,288.15,280.79,282.54,23347
2023-06-15T04:00:00Z,276.355,284.4,276.355,283.05,34000
2023-06-14T04:00:00Z,280.62,286.73,273.865,275.83,37917
2023-06-13T04:00:00Z,271.16,280.24,270.63,280.05,59633
2023-06-12T04:00:00Z,265.22,270.52,265,269.54,33940
2023-06-09T04:00:00Z,265.77,267.93,263.55,264.26,18530
2023-06-08T04:00:00Z,269.39,269.39,263.65,264.23,17310
2023-06-07T04:00:00Z,267.75,275.33,266.15,267.07,44115
2023-06-06T04:00:00Z,257,267.665,255.705,265.97,42968
2023-06-05T04:00:00Z,251.1,256.83,250.465,256.13,23669
2023-06-02T04:00:00Z,248.2,254.5,248.115,252.04,26809
2023-06-01T04:00:00Z,240.42,246.75,237.73,244.69,28704
2023-05-31T04:00:00Z,251.805,252.68,242.55,244.93,38459
2023-05-30T04:00:00Z,248.825,251.89,245.72,251.645,48609
2023-05-26T04:00:00Z,244.485,248.815,236.04,246.68,84595
2023-05-25T04:00:00Z,260.005,261.5,253.15,254.57,39814
2023-05-24T04:00:00Z,258.11,261.67,251.435,259.93,41942
2023-05-23T04:00:00Z,261.03,265.29,254.81,256.83,51346
2023-05-22T04:00:00Z,258.635,260.43,255.02,256.08,69544
2023-05-19T04:00:00Z,265.035,265.04,257.21,261.47,46011
2023-05-18T04:00:00Z,259.55,265.78,258.03,265.61,38127
2023-05-17T04:00:00Z,242.21,259.315,240.445,258.78,79996
2023-05-16T04:00:00Z,253.35,253.35,240.41,241.365,108523
2023-05-15T04:00:00Z,259.5,264.605,258.88,264.585,74870
2023-05-12T04:00:00Z,263.665,263.665,258.08,259.84,45851
2023-05-11T04:00:00Z,261.945,265.34,260.15,265.04,46041
2023-05-10T04:00:00Z,266.38,268.97,259.49,262.49,46829
2023-05-09T04:00:00Z,256.42,265.935,255.15,262.81,35357
2023-05-08T04:00:00Z,262.22,262.22,255.37,257.68,41449
2023-05-05T04:00:00Z,256.535,263.53,256.325,261.79,60013
2023-05-04T04:00:00Z,255.67,255.68,251.79,252.47,34926
2023-05-03T04:00:00Z,258.26,263,256.33,256.33,23206
2023-05-02T04:00:00Z,258.075,258.99,252.15,257.78,44624
2023-05-01T04:00:00Z,255.785,262.7,255.06,259.315,55331
2023-04-28T04:00:00Z,254.7,256.28,252.16,255.195,43807
2023-04-27T04:00:00Z,246.52,256.8,246.52,254.7,28654
2023-04-26T04:00:00Z,247.8,247.865,244.565,245.17,33162
2023-04-25T04:00:00Z,250.23,250.72,245.52,245.52,37530
2023-04-24T04:00:00Z,246.24,252.4,246.24,252.02,32153
2023-04-21T04:00:00Z,246.42,246.42,244.275,245.17,23713
2023-04-20T04:00:00Z,246.96,251.71,245.33,245.33,35528
2023-04-19T04:00:00Z,242.56,251.64,242.56,250.07,34043
2023-04-18T04:00:00Z,241.25,245.42,241.25,245.26,50256
2023-04-17T04:00:00Z,234.18,239.13,232.845,239.11,34992
2023-04-14T04:00:00Z,236.62,237.985,230.75,233.67,50581
2023-04-13T04:00:00Z,236.78,237.68,234.315,235.65,21826
2023-04-12T04:00:00Z,243.99,246.32,235.26,235.42,34447
2023-04-11T04:00:00Z,241.895,241.955,236.68,239.21,43320
2023-04-10T04:00:00Z,236.115,240.84,236.115,240.6,21013
2023-04-06T04:00:00Z,231.8,239.05,231.185,236.83,57627
2023-04-05T04:00:00Z,238.43,238.57,232.11,232.26,69783
2023-04-04T04:00:00Z,242,243.17,233.95,241.74,74459
2023-04-03T04:00:00Z,245.32,245.32,239.74,241.96,71976
2023-03-31T04:00:00Z,240.46,244.9,239.22,243.62,67752
2023-03-30T04:00:00Z,237.94,249.25,234.92,237.7,166463
2023-03-29T04:00:00Z,243.53,246.17,239.33,245.78,78189
2023-03-28T04:00:00Z,242.09,246.46,240.01,241.24,45377
2023-03-27T04:00:00Z,241.29,242.375,237.27,241,42979
2023-03-24T04:00:00Z,238.775,242.84,236,241.95,28931
2023-03-23T04:00:00Z,248.67,249.5,237.87,243.61,56047
2023-03-22T04:00:00Z,255.945,257.02,246.89,247.395,45106
2023-03-21T04:00:00Z,252.44,256.58,251.33,256.34,33716
2023-03-20T04:00:00Z,246.45,250.8,244.48,248.55,36457
2023-03-17T04:00:00Z,244.295,248.35,240.46,246.5,41634
2023-03-16T04:00:00Z,238.92,250.45,238.1,248.15,51907
2023-03-15T04:00:00Z,245.66,248.37,239.76,243.63,49007
2023-03-14T04:00:00Z,259.175,259.41,247.325,252.09,32883
2023-03-13T04:00:00Z,253.55,257.52,250.85,253.77,47803
2023-03-10T05:00:00Z,263.61,266.42,256,259.895,40085
2023-03-09T05:00:00Z,276.08,278.21,267.33,267.35,58460
2023-03-08T05:00:00Z,279.89,285,278.94,279.735,25101
2023-03-07T05:00:00Z,285.995,287.78,281.815,282,42495
2023-03-06T05:00:00Z,287.01,294,280.88,282.95,52533
2023-03-03T05:00:00Z,293.72,300,291.74,297.19,28257
2023-03-02T05:00:00Z,287.01,294.59,287.01,293.17,20067
2023-03-01T05:00:00Z,296.425,297.98,289.525,291.79,17073
2023-02-28T05:00:00Z,302.51,304.26,299.65,299.65,20182
2023-02-27T05:00:00Z,306.025,307.71,300.86,303,18755
2023-02-24T05:00:00Z,298.7,304.935,295.62,303.42,29690
2023-02-23T05:00:00Z,304.25,305.935,299.37,302.96,22460
2023-02-22T05:00:00Z,304.57,308.085,303.5,306.8,27236
2023-02-21T05:00:00Z,306.4,307.615,300.54,303.91,32163
2023-02-17T05:00:00Z,319.09,319.09,309.37,315.7,38743
2023-02-16T05:00:00Z,324.745,328.09,321.03,321.82,35388
2023-02-15T05:00:00Z,323.625,334.38,323.625,331.59,33374
2023-02-14T05:00:00Z,316.23,326.93,315.52,326.68,51091
2023-02-13T05:00:00Z,307.48,320.83,307.48,320.27,42528
2023-02-10T05:00:00Z,313.11,314.83,305.33,306.01,35537
2023-02-09T05:00:00Z,324.59,326.56,314.62,316.1,47071
2023-02-08T05:00:00Z,317.06,325.285,313.17,320.9,45922
2023-02-07T05:00:00Z,314.55,320.6,312.36,319.27,43637
2023-02-06T05:00:00Z,325.13,328.03,314.23,318.74,102399
2023-02-03T05:00:00Z,340.5,346.83,339.2,343.55,37758
2023-02-02T05:00:00Z,330.285,351.14,325.475,346.86,118245
2023-02-01T05:00:00Z,311.65,325.67,307.92,323.41,53931
2023-01-31T05:00:00Z,309.54,311.86,308.495,311.825,66256
2023-01-30T05:00:00Z,310.6,313.455,305.68,305.68,33192
2023-01-27T05:00:00Z,308.73,312.665,306.19,310.9,36120
2023-01-26T05:00:00Z,313.85,313.85,304.06,309.06,28199
2023-01-25T05:00:00Z,299,308.09,299,308.09,26413
2023-01-24T05:00:00Z,308.785,310.88,304.41,306.26,19639
2023-01-23T05:00:00Z,300.5,311.78,300.5,311.25,63823
2023-01-20T05:00:00Z,290.84,299.67,287.21,299.15,39170
2023-01-19T05:00:00Z,295.17,297.17,290.17,292.59,60211
2023-01-18T05:00:00Z,310.535,311.325,298.67,300.57,71276
2023-01-17T05:00:00Z,306.52,311.44,306.52,309.04,36040
2023-01-13T05:00:00Z,313.93,318.69,309,310.465,53289
2023-01-12T05:00:00Z,319.37,323.695,312.42,319.395,77984
2023-01-11T05:00:00Z,313.65,317.66,312.73,316.32,88444
2023-01-10T05:00:00Z,301.25,309.6,297.31,309.6,66831
2023-01-09T05:00:00Z,295.23,302.015,294.32,299.54,64609
2023-01-06T05:00:00Z,282.98,292.24,279.86,291.83,52421
2023-01-05T05:00:00Z,273.67,283.81,273.51,281.35,41036
2023-01-04T05:00:00Z,259.89,277.05,258.35,276.6,83803
2023-01-03T05:00:00Z,272.39,275.31,251.34,253.51,52155
2022-12-30T05:00:00Z,265.83,267.55,262.67,267.01,41095
2022-12-29T05:00:00Z,262.04,268.67,262.04,268.09,40682
2022-12-28T05:00:00Z,260.01,263.81,259.315,259.995,69628
2022-12-27T05:00:00Z,262.095,263.65,259.18,260.575,31363
2022-12-23T05:00:00Z,263.085,266.89,257.715,264.35,36970
2022-12-22T05:00:00Z,260.125,262.48,254.21,262.39,44060
2022-12-21T05:00:00Z,261,265.86,258.795,264.43,45631
2022-12-20T05:00:00Z,250.68,260.94,248.71,255.12,41116
2022-12-19T05:00:00Z,251.85,254.3,247,252.17,46610
2022-12-16T05:00:00Z,256.945,259.93,250.8,255.27,51420
2022-12-15T05:00:00Z,251.215,260.46,248.32,260.105,49964
2022-12-14T05:00:00Z,260.65,265.13,256.96,259.9,59903
2022-12-13T05:00:00Z,264.215,265.99,258.14,263.095,78285
2022-12-12T05:00:00Z,265.525,266.545,248.26,253.64,123059
2022-12-09T05:00:00Z,254.12,280.61,252.3,274.55,133905
2022-12-08T05:00:00Z,260.14,267.45,259.245,265.9,54754
2022-12-07T05:00:00Z,256.635,263.73,255.655,262.055,49197
2022-12-06T05:00:00Z,259.96,259.96,254.15,259.14,46849
2022-12-05T05:00:00Z,272.25,272.26,256.66,260.93,49659
2022-12-02T05:00:00Z,275.365,283.68,275.365,280.95,41359
2022-12-01T05:00:00Z,289.04,289.04,277.31,281.87,40110
2022-11-30T05:00:00Z,278.33,287.52,271.82,286.71,37268
2022-11-29T05:00:00Z,273.86,276.23,270.5,275.84,19456
2022-11-28T05:00:00Z,279.605,279.965,273.24,274.925,35089
2022-11-25T05:00:00Z,277.565,278.3,275.515,276.88,12233
2022-11-23T05:00:00Z,271.05,276.67,269.63,276.09,22389
2022-11-22T05:00:00Z,267.125,272.055,265.99,270.29,46230
2022-11-21T05:00:00Z,269.755,269.755,258.34,263.42,82320
2022-11-18T05:00:00Z,277.99,280.56,270,275.17,56068
2022-11-17T05:00:00Z,285.09,290.41,283.03,288.81,24208
2022-11-16T05:00:00Z,286.27,295.37,281.5,291.57,50932
2022-11-15T05:00:00Z,300.95,302.48,291.01,295.75,47040
2022-11-14T05:00:00Z,288.9,288.9,278.515,285.44,55035
2022-11-11T05:00:00Z,283.835,297.69,283.835,291.24,56666
2022-11-10T05:00:00Z,277.03,282.56,270.65,282.05,87116
2022-11-09T05:00:00Z,251.62,258.38,251.03,253.81,43509
2022-11-08T05:00:00Z,259.34,265.31,251.58,258.09,38499
2022-11-07T05:00:00Z,250.67,260.16,249.44,259,57205
2022-11-04T04:00:00Z,239.45,246.195,233.14,246.195,52899
2022-11-03T04:00:00Z,229.95,238.39,229.95,236.01,30908
2022-11-02T04:00:00Z,246.41,247.98,233.67,234.505,48464
2022-11-01T04:00:00Z,260.92,261.22,249.89,250.47,39856
2022-10-31T04:00:00Z,254.97,255.83,251.69,254.01,24442
2022-10-28T04:00:00Z,242.56,257.615,242.56,255.81,44374
2022-10-27T04:00:00Z,255.37,255.39,245.31,245.38,33497
2022-10-26T04:00:00Z,248.89,258.415,248.89,252.15,40069
2022-10-25T04:00:00Z,236.51,256.18,236.51,247.04,62362
2022-10-24T04:00:00Z,241.31,241.84,230.74,234.36,62583
2022-10-21T04:00:00Z,227.71,241.56,227.71,240.52,41980
2022-10-20T04:00:00Z,235.875,240.67,230.935,231.81,40264
2022-10-19T04:00:00Z,243.135,243.135,233.565,235.37,40580
2022-10-18T04:00:00Z,251.9,253.95,243.57,246.24,38920
2022-10-17T04:00:00Z,240.53,244.84,239.9,240.99,32815
2022-10-14T04:00:00Z,243.35,245.17,233.41,234.05,65609
2022-10-13T04:00:00Z,235.555,246.87,232.62,243.41,54964
2022-10-12T04:00:00Z,249.705,252.88,246.85,246.85,26782
2022-10-11T04:00:00Z,250.88,254.695,245.53,250.27,51135
2022-10-10T04:00:00Z,255.95,256.39,243.89,250.95,40030
2022-10-07T04:00:00Z,258.435,262.47,253.835,257.09,40286
2022-10-06T04:00:00Z,262.13,268.06,261.4,264.55,33982
2022-10-05T04:00:00Z,259.975,267.22,256.09,264.29,26122
2022-10-04T04:00:00Z,262.195,268.255,260.4,265.56,38078
2022-10-03T04:00:00Z,248.06,256.72,245.175,254.28,38419
2022-09-30T04:00:00Z,246.85,251.35,242.46,245.67,42040
2022-09-29T04:00:00Z,253.19,253.19,247.615,250.72,56187
2022-09-28T04:00:00Z,250.44,260.53,248.61,259.04,33134
2022-09-27T04:00:00Z,249.26,253.075,245.72,247.86,68565
2022-09-26T04:00:00Z,248.98,249.1,239.77,241.185,48898
2022-09-23T04:00:00Z,244.055,249.94,243.385,246.39,39692
2022-09-22T04:00:00Z,252.99,254,246.125,248.23,81553
2022-09-21T04:00:00Z,254.53,265.78,253.62,256.29,44823
2022-09-20T04:00:00Z,260.25,262.26,252.21,254.52,40555
2022-09-19T04:00:00Z,261.33,265.82,260.06,265.82,37196
2022-09-16T04:00:00Z,252.87,261.2,252.56,257.55,50047
2022-09-15T04:00:00Z,260.955,270.99,256.46,258.87,38630
2022-09-14T04:00:00Z,261.675,264.95,258.6,262.84,44176
2022-09-13T04:00:00Z,265.86,268.58,258.985,262.33,90899
2022-09-12T04:00:00Z,276.04,288.25,276.04,277.77,45751
2022-09-09T04:00:00Z,265.23,279.22,264.07,273.62,106681
2022-09-08T04:00:00Z,252.3,263.41,251.06,262.025,58727
2022-09-07T04:00:00Z,243.315,258.14,243,258.015,55785
2022-09-06T04:00:00Z,255.9,255.9,242.085,243.63,44979
2022-09-02T04:00:00Z,250.89,257.72,250.04,252.15,20977
2022-09-01T04:00:00Z,253.37,254.77,247.12,253.03,29058
2022-08-31T04:00:00Z,263.425,265.22,255.08,256.1,32121
2022-08-30T04:00:00Z,271.145,271.145,263.02,265.66,27893
2022-08-29T04:00:00Z,265.52,270.22,265.52,267.02,32538
2022-08-26T04:00:00Z,295.125,295.125,265,267.51,68621
2022-08-25T04:00:00Z,297.02,298.99,291.72,294.62,37483
2022-08-24T04:00:00Z,292.935,296.79,290.37,292.05,21453
2022-08-23T04:00:00Z,294.71,299.23,290.6,293.14,26931
2022-08-22T04:00:00Z,287.15,295.55,285.5,293.02,26593
2022-08-19T04:00:00Z,307.5,307.5,295.575,298.17,31269
2022-08-18T04:00:00Z,310.31,312.48,306.98,311.02,14424
2022-08-17T04:00:00Z,323.52,323.91,310.36,312.955,48300
2022-08-16T04:00:00Z,311.995,338.43,311.995,329.16,52339
2022-08-15T04:00:00Z,307.24,314.98,306.33,312.32,30437
2022-08-12T04:00:00Z,306.5,308.43,303.655,307.74,33141
2022-08-11T04:00:00Z,308.79,309.93,299.885,303.51,37711
2022-08-10T04:00:00Z,294.685,300.78,290.53,299.14,37066
2022-08-09T04:00:00Z,293.73,293.73,275.52,282.95,43361
2022-08-08T04:00:00Z,295.045,306.035,295.045,297.86,50400
2022-08-05T04:00:00Z,281.125,289.63,281.125,286.8,22381
2022-08-04T04:00:00Z,286.03,288.84,283.22,284.21,20410
2022-08-03T04:00:00Z,285.04,290.44,282.42,287.31,32750
2022-08-02T04:00:00Z,279.29,283.06,277.78,279.47,23068
2022-08-01T04:00:00Z,280.22,285.07,280.22,281.97,42356
2022-07-29T04:00:00Z,271.19,281.63,265.915,279.45,36922
2022-07-28T04:00:00Z,263.91,272.13,256.61,270.96,39474
2022-07-27T04:00:00Z,253.44,263.465,250.96,262.13,30238
2022-07-26T04:00:00Z,252.39,255.85,250.14,250.46,27301
2022-07-25T04:00:00Z,265.27,265.27,258.57,263.14,22661
2022-07-22T04:00:00Z,277.26,279.04,265.23,269.15,30345
2022-07-21T04:00:00Z,272.1,277.55,270.29,276.44,31715
2022-07-20T04:00:00Z,268.6,274.285,262.6,273.43,43650
2022-07-19T04:00:00Z,261.62,266.815,257.52,265.38,23885
2022-07-18T04:00:00Z,269.97,270.87,256.625,257.67,36641
2022-07-15T04:00:00Z,258.25,270.37,258.25,267.4,37263
2022-07-14T04:00:00Z,259.8,261,250.89,255.58,63037
2022-07-13T04:00:00Z,256.76,266.62,256.48,262.22,37844
2022-07-12T04:00:00Z,259.96,265.555,257.8,261.5,25627
2022-07-11T04:00:00Z,261.235,261.235,255.07,257.7,47510
2022-07-08T04:00:00Z,253.71,265.45,252.835,261.94,57760
2022-07-07T04:00:00Z,243.14,255.81,243.14,255.21,49436
2022-07-06T04:00:00Z,244.95,247.14,240.305,241.815,37738
2022-07-05T04:00:00Z,217.84,244.78,214.53,243.55,81180
2022-07-01T04:00:00Z,211.07,220.8,210.4,220.2,50278
2022-06-30T04:00:00Z,216.71,219.215,207.7,212.3,193488
2022-06-29T04:00:00Z,238.17,240.045,234.24,237.2,63777
2022-06-28T04:00:00Z,257.06,260.5,243.69,243.82,34177
2022-06-27T04:00:00Z,270.6,270.6,254.19,255.73,31153
2022-06-24T04:00:00Z,261.805,269.8,261.805,268.19,33493
2022-06-23T04:00:00Z,248.345,257.3,244.53,256.7,28952
2022-06-22T04:00:00Z,240.8,255.45,240.8,247.76,35384
2022-06-21T04:00:00Z,249.585,255.925,244.71,245.31,65194
2022-06-17T04:00:00Z,234.76,246.17,230.91,245.38,51225
2022-06-16T04:00:00Z,241.24,242.19,227.525,231.86,77640
2022-06-15T04:00:00Z,249.58,253.655,242.82,250.21,54887
2022-06-14T04:00:00Z,259.79,261.18,242.8,245.19,54966
2022-06-13T04:00:00Z,269.2,271.2,257.39,257.665,70407
2022-06-10T04:00:00Z,282.91,284.16,270.68,278.4,55748
2022-06-09T04:00:00Z,296.875,302.94,287.28,287.36,32084
2022-06-08T04:00:00Z,309.9,310.275,298.72,299.83,28976
2022-06-07T04:00:00Z,301.19,308.015,295.17,306.25,38773
2022-06-06T04:00:00Z,308.21,314.51,300.08,311.39,53261
2022-06-03T04:00:00Z,294.55,313.71,291.78,304.645,158258
2022-06-02T04:00:00Z,288.82,302.65,283.545,301.725,106090
2022-06-01T04:00:00Z,290.02,292.71,284.77,289.79,76199
2022-05-31T04:00:00Z,290.62,295.99,285.28,290.42,47809
2022-05-27T04:00:00Z,283.56,291.95,283.16,291.25,49590
2022-05-26T04:00:00Z,270.75,281.095,270.17,278.54,70577
2022-05-25T04:00:00Z,242.68,261.21,242.68,256.59,66589
2022-05-24T04:00:00Z,245.74,247.8,236.39,246.525,54796
2022-05-23T04:00:00Z,266.8,266.8,255.25,256.41,83087
2022-05-20T04:00:00Z,281.67,282.77,258.13,268.77,42446
2022-05-19T04:00:00Z,260.865,283.64,260.84,276.28,59463
2022-05-18T04:00:00Z,277.06,288.49,261.09,262.71,117357
2022-05-17T04:00:00Z,293.63,300.26,289.025,298.085,95371
2022-05-16T04:00:00Z,286.4,287.67,277.86,279.61,81725
2022-05-13T04:00:00Z,289.01,299.415,287.56,290.13,52475
2022-05-12T04:00:00Z,274.95,289.43,272.54,285.055,51847
2022-05-11T04:00:00Z,287.545,298.035,277.97,278.91,51534
2022-05-10T04:00:00Z,293.315,294.74,279.38,290.18,48385
2022-05-09T04:00:00Z,283.66,302.5,283.45,290.43,70260
2022-05-06T04:00:00Z,299.325,302.6,288.08,293.25,69120
2022-05-05T04:00:00Z,328.5,330.43,304.84,309.2,63285
2022-05-04T04:00:00Z,339.46,339.74,318.685,339.67,59504
2022-05-03T04:00:00Z,346.43,347.68,337.43,344.97,27083
2022-05-02T04:00:00Z,338.505,347.8,332.49,347.8,41839
2022-04-29T04:00:00Z,350.65,354.79,335.5,335.79,52133
2022-04-28T04:00:00Z,346.405,354.33,335.09,352.985,64694
2022-04-27T04:00:00Z,336.67,346.13,333.57,340.41,67211
2022-04-26T04:00:00Z,332.69,342.345,325.82,332.4,55855
2022-04-25T04:00:00Z,319.26,337.07,317.56,337.07,67266
2022-04-22T04:00:00Z,325.51,334.355,319.39,320,95917
2022-04-21T04:00:00Z,343.01,346.69,334.95,337.15,39449
2022-04-20T04:00:00Z,350,350,337.98,338.15,46581
2022-04-19T04:00:00Z,331,353.07,331,348.39,37294
2022-04-18T04:00:00Z,334.99,339.385,325.49,327.54,55220
2022-04-14T04:00:00Z,354.19,361.58,332.12,334.225,41200
2022-04-13T04:00:00Z,343.8,358.67,343.3,353.13,45307
2022-04-12T04:00:00Z,347.93,359.09,345.6,346.48,56534
2022-04-11T04:00:00Z,328.265,348.32,327.71,340.95,67011
2022-04-08T04:00:00Z,324.005,342.54,320.56,335.725,66563
2022-04-07T04:00:00Z,333.53,337.6,313.895,328,84981
2022-04-06T04:00:00Z,343.68,343.77,327.6,334.91,93103
2022-04-05T04:00:00Z,343.8,360.07,343.8,354.29,138182
2022-04-04T04:00:00Z,322.08,330.9,318.85,330.9,128838
2022-04-01T04:00:00Z,327.61,327.63,318.61,320.15,86116
2022-03-31T04:00:00Z,328.47,330.97,323.9,325.48,152769
2022-03-30T04:00:00Z,355.14,356.57,332.91,334.05,303973
2022-03-29T04:00:00Z,386.91,389.57,376.15,385.6,80259
2022-03-28T04:00:00Z,357.495,367.96,352.97,367.29,38326
2022-03-25T04:00:00Z,363.75,363.75,349.24,351.83,64603
2022-03-24T04:00:00Z,360.02,361.83,353.38,361.745,22868
2022-03-23T04:00:00Z,366.77,366.77,355.32,360.32,25198
2022-03-22T04:00:00Z,375.065,380.77,372.83,373.66,33603
2022-03-21T04:00:00Z,371.005,374.3,361.89,370.25,33104
2022-03-18T04:00:00Z,362.295,375.47,362.295,374.72,43094
2022-03-17T04:00:00Z,362.14,365.93,350.67,363.64,36720
2022-03-16T04:00:00Z,347.575,356.405,338.215,352.795,31611
2022-03-15T04:00:00Z,329.95,342.86,327.08,340.35,28693
2022-03-14T04:00:00Z,323.12,339.26,322.06,325.51,46067
2022-03-11T05:00:00Z,342.8,342.8,325.055,325.055,51201
2022-03-10T05:00:00Z,339.2,345,332.32,340.64,25020
2022-03-09T05:00:00Z,346.45,355.9,344.595,346.15,32377
2022-03-07T05:00:00Z,367.025,369.635,330.6,330.765,112922
2022-03-04T05:00:00Z,393.57,393.57,359.78,366.84,46406
2022-03-03T05:00:00Z,411.675,411.675,395.44,395.44,27651
2022-03-02T05:00:00Z,398.985,410.16,394.82,407.895,27532
2022-03-01T05:00:00Z,404.62,406.66,391.69,396.17,46060
2022-02-28T05:00:00Z,394.94,403.245,390,402.38,17844
2022-02-25T05:00:00Z,386.675,397.265,374.89,396.26,25566
2022-02-24T05:00:00Z,353.68,384.35,346.32,382.29,68569
2022-02-23T05:00:00Z,382.26,382.26,363.96,367.375,30320
2022-02-22T05:00:00Z,387.1,394.655,367.565,373.93,57146
2022-02-18T05:00:00Z,406.63,409.325,392.86,400.1,24153
2022-02-17T05:00:00Z,416.895,416.895,399.34,402.39,29512
2022-02-16T05:00:00Z,420,425,412.51,419.6,19157
2022-02-15T05:00:00Z,424.39,427.6,418.38,426.35,32852
2022-02-14T05:00:00Z,412.53,420.425,407.76,408.03,21716
2022-02-11T05:00:00Z,421.085,424.89,407.73,409.63,21715
2022-02-10T05:00:00Z,417.21,441.185,417.21,422.05,54201
2022-02-09T05:00:00Z,419.13,425.76,411.955,421.855,38563
2022-02-08T05:00:00Z,406.21,415.07,403.66,410.89,55130
2022-02-07T05:00:00Z,406.31,414.2,402.62,407.13,44927
2022-02-04T05:00:00Z,396.47,406.785,394.58,403.61,19129
2022-02-03T05:00:00Z,395.86,408.51,393.9,397.06,28667
2022-02-02T05:00:00Z,415.245,415.245,397.19,403.3,44367
2022-02-01T05:00:00Z,406.85,417.075,399.79,412,38657
2022-01-31T05:00:00Z,390.78,404.96,388.29,402.57,49632
2022-01-28T05:00:00Z,369.305,392.01,367.54,392.01,76274
2022-01-27T05:00:00Z,386.4,390,363.96,367.475,31520
2022-01-26T05:00:00Z,405.9,408.51,374.335,377.92,40185
2022-01-25T05:00:00Z,397.26,404.75,392.63,400.14,37810
2022-01-24T05:00:00Z,377.5,377.775,362.26,375.27,62880
2022-01-21T05:00:00Z,402.03,404.41,391.35,391.83,51029
2022-01-20T05:00:00Z,427.745,435.27,402.73,404.11,57769
2022-01-19T05:00:00Z,431.98,434.71,413.56,415.69,34218
2022-01-18T05:00:00Z,441.43,441.45,422.07,427.05,70067
2022-01-14T05:00:00Z,450.54,454.23,436.52,447.06,129854
2022-01-13T05:00:00Z,472.86,473.585,451.14,455.44,48116
2022-01-12T05:00:00Z,491.61,491.61,468.235,473.355,28311
2022-01-11T05:00:00Z,477.38,485.06,472.6,482.37,36044
2022-01-10T05:00:00Z,480.83,480.83,464.5,480.06,50216
2022-01-07T05:00:00Z,512.23,514.12,490.56,495.2,50622
2022-01-06T05:00:00Z,504.585,525.555,498.5,517.06,25426
2022-01-05T05:00:00Z,524.93,532.24,504.13,505.28,52853
2022-01-04T05:00:00Z,544.855,546.565,527.54,529.03,34938
2022-01-03T05:00:00Z,544.66,555.68,538.13,538.745,17985
2021-12-31T05:00:00Z,535.125,542.37,527.83,535.16,19310
2021-12-30T05:00:00Z,536.28,545.07,533.92,535.73,16300
2021-12-29T05:00:00Z,531.75,537.68,527.67,533.43,26355
2021-12-28T05:00:00Z,544.67,544.67,528.3,529.41,47083
2021-12-27T05:00:00Z,546.05,548.985,538.92,541.55,17625
2021-12-23T05:00:00Z,547.18,551.3,541.59,546.14,9353
2021-12-22T05:00:00Z,550.515,552.925,539.375,545.265,12435
2021-12-21T05:00:00Z,542.61,549.97,536.655,547.37,26761
2021-12-20T05:00:00Z,542.49,542.49,525.34,527.34,22220
2021-12-17T05:00:00Z,542.12,559.14,533.075,553.22,35427
2021-12-16T05:00:00Z,573.97,573.97,537.51,547.275,36226
2021-12-15T05:00:00Z,567.98,568.99,546.725,568.2,19583
2021-12-14T05:00:00Z,562.63,574.245,556.02,567.61,29660
2021-12-13T05:00:00Z,602.79,610.79,564.84,567.55,47180
2021-12-10T05:00:00Z,612.67,612.67,584.29,602.64,63783
2021-12-09T05:00:00Z,627.45,657.67,607.11,608.5,154372
2021-12-08T05:00:00Z,579.86,583.23,571.595,579.23,47948
2021-12-07T05:00:00Z,577.49,585.39,574.9,576.19,23898
2021-12-06T05:00:00Z,544.13,570.395,540.57,562.41,28497
2021-12-03T05:00:00Z,564.87,564.87,525.74,537.04,37014
2021-12-02T05:00:00Z,573.33,574.125,556.535,560.42,27896
2021-12-01T05:00:00Z,590.755,599.92,564.56,565.49,32542
2021-11-30T05:00:00Z,593.92,594.84,576.45,583.36,27102
2021-11-29T05:00:00Z,602.18,604.16,595.575,596.78,20935
2021-11-26T05:00:00Z,604.685,604.685,593.73,599.19,6662
2021-11-24T05:00:00Z,598.515,609.84,591.85,604.75,25113
2021-11-23T05:00:00Z,618.3,618.3,599.13,604.51,44173
2021-11-22T05:00:00Z,644.4,645.095,625.7,626.6,32083
2021-11-19T05:00:00Z,640.275,651.49,638.825,645.56,16325
2021-11-18T05:00:00Z,626.12,643.58,626.04,642.17,17955
2021-11-17T05:00:00Z,653.965,656.055,619.295,624.19,37090
2021-11-16T05:00:00Z,649.61,655.33,643.98,652.48,23667
2021-11-15T05:00:00Z,638.09,653.06,638.09,649.08,16475
2021-11-12T05:00:00Z,628.7,638.06,628.7,635.685,15045
2021-11-11T05:00:00Z,637.22,640,630.24,635.94,14616
2021-11-10T05:00:00Z,643.27,646.64,631.14,636.41,24682
2021-11-09T05:00:00Z,658.76,662.42,649.81,652.63,13739
2021-11-08T05:00:00Z,664.065,664.065,642.51,657.5,18127
2021-11-05T04:00:00Z,668.19,670.18,652.9,659.5,27965
2021-11-04T04:00:00Z,679.09,679.09,662.43,662.61,27014
2021-11-03T04:00:00Z,659.9,687.85,659.9,676.78,17505
2021-11-02T04:00:00Z,664.55,669.44,654.3,659.61,17383
2021-11-01T04:00:00Z,662.72,676.49,658.59,669.32,10259
2021-10-29T04:00:00Z,661.15,662.65,654.88,660.04,15195
2021-10-28T04:00:00Z,661.24,663.97,657.315,659.76,17705
2021-10-27T04:00:00Z,660.35,660.35,649.7,653.69,17467
2021-10-26T04:00:00Z,669.74,670.97,652.945,660.57,11070
2021-10-22T04:00:00Z,669.52,672.88,660.88,667.47,17914
2021-10-21T04:00:00Z,673.38,680.415,665.94,671.98,14062
2021-10-20T04:00:00Z,677.56,686.73,677.56,678.69,9509
2021-10-19T04:00:00Z,692.82,698.52,673.98,674.87,12960
2021-10-18T04:00:00Z,659.15,698.1,659.15,689.63,41272
2021-10-15T04:00:00Z,656.86,673.03,656.86,658.39,22505
2021-10-14T04:00:00Z,638.97,653.57,638.97,653.4,25066
2021-10-13T04:00:00Z,643.21,643.21,632.8,638.93,14659
2021-10-12T04:00:00Z,646.36,647.78,637.01,646.47,12516
2021-10-11T04:00:00Z,643.34,647.49,639,639.3,9589
2021-10-08T04:00:00Z,646.74,649.4,636.77,646.57,15550
2021-10-07T04:00:00Z,640.7,656.635,640.7,652.06,22703
2021-10-06T04:00:00Z,633.22,636.19,622.99,631.07,19057
2021-10-05T04:00:00Z,634.88,648.13,632.71,635.61,27194
2021-10-04T04:00:00Z,643.19,644.26,620.01,632.33,51987
2021-10-01T04:00:00Z,663.65,664.83,641.63,646.06,68857
2021-09-30T04:00:00Z,686.46,687.14,663.04,667.46,81514
2021-09-29T04:00:00Z,688.56,695.66,677.51,694.64,23055
2021-09-28T04:00:00Z,697.12,700,683.47,683.66,32029
2021-09-27T04:00:00Z,689.43,707.09,689.43,704.99,22151
2021-09-24T04:00:00Z,678.69,695.08,678.69,686.47,15735
2021-09-23T04:00:00Z,697.83,703.9,684.57,685.67,15422
2021-09-22T04:00:00Z,676.87,694.275,672.925,686.19,20632
2021-09-21T04:00:00Z,670.325,682.28,656.275,674.23,34020
2021-09-20T04:00:00Z,659.845,674.75,659.27,667.6,34775
2021-09-17T04:00:00Z,681.435,681.82,671.39,672.41,30790
2021-09-16T04:00:00Z,688.775,689.72,674.81,685.445,25632
2021-09-15T04:00:00Z,684.9,694.15,674.22,685.09,26078
2021-09-14T04:00:00Z,703.66,706.9,690.39,691.12,14238
2021-09-13T04:00:00Z,688.86,704.12,682.12,700.94,31718
2021-09-10T04:00:00Z,722.255,730.32,693.08,694.56,59584
2021-09-09T04:00:00Z,706.28,733.46,692.22,725.545,177149
2021-09-08T04:00:00Z,665.255,671.33,647.99,670.75,72168
2021-09-07T04:00:00Z,682,685.16,664.13,664.58,30930
2021-09-03T04:00:00Z,670,683.73,661.74,678.82,31781
2021-09-02T04:00:00Z,703.665,703.665,668.705,672.92,73164
2021-09-01T04:00:00Z,701.15,709.95,700.985,704.875,17185
2021-08-31T04:00:00Z,712.01,712.01,693.13,701.39,21548
2021-08-30T04:00:00Z,710.44,729.64,710.44,717.17,42896
2021-08-27T04:00:00Z,711.46,715.85,706.79,706.79,17522
2021-08-26T04:00:00Z,721.35,721.35,698.36,709.57,35551
2021-08-25T04:00:00Z,701.08,711.24,692.14,710.08,22788
2021-08-24T04:00:00Z,696.82,707.47,695.25,700.94,9683
2021-08-23T04:00:00Z,696.14,701.19,691.95,693.46,20130
2021-08-20T04:00:00Z,676.395,691.45,668.94,690.44,15475
2021-08-19T04:00:00Z,673.865,681.895,667.615,673.91,31539
2021-08-18T04:00:00Z,691.91,699.33,682.62,683.49,17240
2021-08-17T04:00:00Z,691.67,697.15,677.99,688.265,20109
2021-08-16T04:00:00Z,712.84,718.18,697.95,715.045,10839
2021-08-13T04:00:00Z,740.25,740.25,710.775,723.54,19359
2021-08-12T04:00:00Z,739.73,744.205,725.99,738.13,20360
2021-08-11T04:00:00Z,720.96,740.08,720.96,733.96,43846
2021-08-10T04:00:00Z,691.58,724.6,691.58,720.12,29548
2021-08-09T04:00:00Z,679.33,700.19,676.63,688.81,22129
2021-08-06T04:00:00Z,685.94,694.28,673.81,675.015,14139
2021-08-05T04:00:00Z,681.49,684.86,675.32,680.11,17500
2021-08-04T04:00:00Z,661.17,694.99,661.17,676.22,43989
2021-08-03T04:00:00Z,655.43,661.69,649.58,661.45,14558
2021-08-02T04:00:00Z,667.82,669.37,658.27,658.87,20399
2021-07-30T04:00:00Z,668.755,673.97,659.03,663.82,22138
2021-07-29T04:00:00Z,677.515,682.89,667.48,669.82,47724
2021-07-28T04:00:00Z,674.73,678.18,672.38,674.44,7986
2021-07-27T04:00:00Z,672.77,673.6,658.25,672.87,15215
2021-07-26T04:00:00Z,682.85,685,674.24,677.95,13315
2021-07-23T04:00:00Z,678.27,691.22,678.27,684.92,17703
2021-07-22T04:00:00Z,668.9,677.24,663.81,675.5,18158
2021-07-21T04:00:00Z,664.89,683.1,664.63,673.6,12637
2021-07-20T04:00:00Z,649.93,663.91,645.565,659.32,14693
2021-07-19T04:00:00Z,643.275,660.69,642.7,650.99,22704
2021-07-16T04:00:00Z,670.7,673.92,658.86,661.18,28821
2021-07-15T04:00:00Z,675.46,676.29,657.715,667.915,23872
2021-07-14T04:00:00Z,714.64,714.64,680,680.72,18408
2021-07-13T04:00:00Z,712.95,716.26,703.67,709.06,22683
2021-07-12T04:00:00Z,706.45,719.68,702.74,713.91,19501
2021-07-09T04:00:00Z,700.76,713.52,695.6,706.65,19234
2021-07-08T04:00:00Z,687.74,694.95,671,692.93,36565
2021-07-07T04:00:00Z,691.55,721.47,691.25,707.895,29177
2021-07-06T04:00:00Z,687.02,692.02,677.45,690.19,21348
2021-07-02T04:00:00Z,691.75,692.61,674.86,689.95,30417
2021-07-01T04:00:00Z,690.32,693.21,682.35,690.54,62297
2021-06-30T04:00:00Z,688.49,691.7,675.34,679.91,20713
2021-06-29T04:00:00Z,692.22,697.22,686.905,690.12,18141
2021-06-28T04:00:00Z,689.93,697.44,684.88,689.76,14091
2021-06-25T04:00:00Z,681.19,698.225,681.07,691.1,43092
2021-06-24T04:00:00Z,693.19,693.9,675,675.76,31159
2021-06-23T04:00:00Z,677.26,690.17,673.46,685.03,19374
2021-06-22T04:00:00Z,680.91,682.35,669.4,676.065,23237
2021-06-21T04:00:00Z,656.51,682.24,654.14,679.39,52089
2021-06-18T04:00:00Z,656.64,675.7,651.275,653.325,49358
2021-06-17T04:00:00Z,652.94,668.3,639.58,656.63,39690
2021-06-16T04:00:00Z,658.28,659.24,646.835,657.16,34131
2021-06-15T04:00:00Z,670.63,670.63,656,662.35,17796
2021-06-14T04:00:00Z,683.64,694.58,667.91,674.01,44609
2021-06-11T04:00:00Z,714.25,719.62,677.17,682.4,31846
2021-06-10T04:00:00Z,683.925,713.17,682.05,707.12,165717
2021-06-09T04:00:00Z,629.37,630.76,609.76,613.34,17914
2021-06-08T04:00:00Z,626.86,633.36,619.415,629.58,44604
2021-06-07T04:00:00Z,619.15,625.24,614.595,624.58,36480
2021-06-04T04:00:00Z,615.48,615.7,602.81,613.18,9083
2021-06-03T04:00:00Z,616.425,618.71,605,611.1,16541
2021-06-02T04:00:00Z,629.38,629.5,613.83,623.5,35740
2021-06-01T04:00:00Z,647.05,660.98,633.77,635.57,18843
2021-05-28T04:00:00Z,645,645.34,635.35,640.985,8755
2021-05-27T04:00:00Z,643.96,647.9,633.99,644.02,9194
2021-05-26T04:00:00Z,646.83,649.63,631.62,638.01,13248
2021-05-25T04:00:00Z,629.65,648.74,626.42,638.12,38790
2021-05-24T04:00:00Z,610.73,621.54,610.17,614.63,13126
2021-05-21T04:00:00Z,614.9,620.12,597.685,605.95,16451
2021-05-20T04:00:00Z,617.34,618.71,608.72,609.9,18435
2021-05-19T04:00:00Z,617.85,617.9,604.52,616.225,26903
2021-05-18T04:00:00Z,639.12,639.44,627.4,628.09,72992
2021-05-17T04:00:00Z,651.71,651.71,630.01,632.31,26213
2021-05-14T04:00:00Z,637.99,658.34,637.82,650.67,22101
2021-05-13T04:00:00Z,634.95,643.63,624.61,629.16,17260
2021-05-12T04:00:00Z,641.06,648.49,617.7,625.16,36120
2021-05-11T04:00:00Z,666.3,673.76,650.17,653.82,38264
2021-05-10T04:00:00Z,705.345,705.78,680.635,680.635,40309
2021-05-07T04:00:00Z,680.34,706.67,680.34,700.21,27934
2021-05-06T04:00:00Z,675.67,686.525,670.85,684.57,20255
2021-05-05T04:00:00Z,692.56,693.785,674.43,680.64,17490
2021-05-04T04:00:00Z,692.56,694.08,665.175,686.66,27387
2021-05-03T04:00:00Z,698,709.76,691.495,699.34,22314
2021-04-30T04:00:00Z,698.74,702.83,687.145,688.16,27735
2021-04-29T04:00:00Z,719.22,733,704.65,704.94,34793
2021-04-28T04:00:00Z,711.54,725.2,708.17,718.73,61425
2021-04-27T04:00:00Z,680.83,721.5,680.83,713.23,94789
2021-04-26T04:00:00Z,686.61,689.015,675.595,687.44,76383
2021-04-23T04:00:00Z,656.95,689.74,655,689.74,126778
2021-04-22T04:00:00Z,659.48,672.18,648.36,653.99,66450
2021-04-21T04:00:00Z,630.16,662.51,630.16,656.46,72880
2021-04-20T04:00:00Z,639.58,639.58,617.03,635.605,109188
2021-04-16T04:00:00Z,615.7,638.72,615.7,634.34,37778
2021-04-15T04:00:00Z,604.32,619.44,600.09,614.5,32907
2021-04-14T04:00:00Z,602.845,614.725,602.33,603.75,12558
2021-04-13T04:00:00Z,601.95,602.715,592.42,595.17,11546
2021-04-12T04:00:00Z,611.88,612.73,597.17,601.795,15541
2021-04-09T04:00:00Z,602.26,614.38,602.08,612.04,19234
2021-04-08T04:00:00Z,595.31,605.82,589.71,600.315,17930
2021-04-07T04:00:00Z,601.77,602.88,581.655,587.08,28389
2021-04-06T04:00:00Z,594.55,610.65,594.55,607.17,17858
2021-04-05T04:00:00Z,604.14,605.94,590.58,592.075,20078
2021-04-01T04:00:00Z,601.36,601.36,586.41,595.13,19134
2021-03-31T04:00:00Z,601.91,618.95,591.15,596.62,40098
2021-03-30T04:00:00Z,572.6,609,567.21,599.99,42771
2021-03-29T04:00:00Z,582.96,610,558.83,565.91,58222
2021-03-26T04:00:00Z,539.995,580.5,535.95,580.5,86950
2021-03-25T04:00:00Z,503.005,533.48,487.075,530.785,58427
2021-03-24T04:00:00Z,512.39,512.39,484.25,486.18,24245
2021-03-23T04:00:00Z,531.35,536.96,500.16,508.35,29439
2021-03-22T04:00:00Z,524.33,539.65,523.2,527.805,37155
2021-03-19T04:00:00Z,493,518.685,484.08,514.655,34473
2021-03-18T04:00:00Z,480.1,510.8,480.1,485.51,48963
2021-03-17T04:00:00Z,470.72,484.66,466.39,475.5,25754
2021-03-16T04:00:00Z,465.75,483.79,458.05,475.335,26672
2021-03-15T04:00:00Z,472.19,477.66,463.26,464.66,25621
2021-03-12T05:00:00Z,471.83,480.06,468.12,471.41,14807
2021-03-11T05:00:00Z,467.955,480.25,466.9,473.755,18343
2021-03-10T05:00:00Z,467.35,471.64,452.11,460.85,23603
2021-03-09T05:00:00Z,458.95,472.605,458.235,458.825,32247
2021-03-08T05:00:00Z,447.39,464.42,437.05,441.85,44373
2021-03-05T05:00:00Z,439.655,451.98,413.435,448.97,47478
2021-03-04T05:00:00Z,458.68,461.35,432.77,446.94,44913
2021-03-03T05:00:00Z,490.6,490.6,454.395,460.43,34299
2021-03-02T05:00:00Z,508.74,511,486.56,487.8,33163
2021-03-01T05:00:00Z,506.5,514.325,501.59,506.09,36813
2021-02-26T05:00:00Z,484.49,501.785,479.91,493.43,18287
2021-02-25T05:00:00Z,507.485,514.8,473.19,473.605,31836
2021-02-24T05:00:00Z,510.27,510.27,491.675,509.6,18844
2021-02-23T05:00:00Z,483.35,505.99,466.11,502.195,22763
2021-02-22T05:00:00Z,497.22,515.94,492.94,500.32,34237
2021-02-19T05:00:00Z,492.16,508.95,489.09,505.19,14686
2021-02-18T05:00:00Z,479,490.76,474.18,487.28,10425
2021-02-17T05:00:00Z,482.32,486.305,472.2,483.55,31208
2021-02-16T05:00:00Z,495.86,495.86,482.53,487.06,22819
2021-02-12T05:00:00Z,506.76,506.76,483.21,491.83,22740
2021-02-11T05:00:00Z,500,523.56,500,507.49,30918
2021-02-10T05:00:00Z,504.99,504.99,489.54,498.56,20283
2021-02-09T05:00:00Z,497.96,506.71,496.53,496.53,19160
2021-02-08T05:00:00Z,493.28,508.81,493.28,498.61,14667
2021-02-05T05:00:00Z,490.16,491.23,481.89,487.4,11973
2021-02-04T05:00:00Z,479.27,488.2,473.35,487.43,22273
2021-02-03T05:00:00Z,484.535,485.48,472.89,473.63,34600
2021-02-02T05:00:00Z,498,498,481.6,481.78,36486
2021-02-01T05:00:00Z,476.79,487.99,472.71,484.87,17860
2021-01-29T05:00:00Z,472.5,484.075,466.19,474.63,23890
2021-01-28T05:00:00Z,463.605,491.655,463.605,478.31,44555
2021-01-27T05:00:00Z,479.01,482.3,453.415,454.265,66895
2021-01-26T05:00:00Z,499.95,502.55,490.54,490.54,31380
2021-01-25T05:00:00Z,506.55,514.7,486.33,494.75,24144
2021-01-22T05:00:00Z,498.4,502.93,488.48,501.75,20459
2021-01-21T05:00:00Z,504.15,513.35,501.02,501.26,37134
2021-01-20T05:00:00Z,506.45,507.57,498.26,503.08,37698
2021-01-19T05:00:00Z,513.68,514.26,497.82,501.04,36876
2021-01-15T05:00:00Z,510.57,518.26,499.7,507.02,23286
2021-01-14T05:00:00Z,507.18,523.37,505.87,515.56,37539
2021-01-13T05:00:00Z,507,511.95,501.82,503.16,25051
2021-01-12T05:00:00Z,493,517.395,493,509.15,35956
2021-01-11T05:00:00Z,479.88,494.03,479.88,488.37,31864
2021-01-08T05:00:00Z,492.225,498.49,475,483.84,30966
2021-01-07T05:00:00Z,473.06,490.25,473.06,489.72,41858
2021-01-06T05:00:00Z,442.04,475.47,440.95,468.015,43227
2021-01-05T05:00:00Z,442.12,448.3,440.42,447.835,23931
2021-01-04T05:00:00Z,450.39,450.39,432.82,441.94,33454
2020-12-31T05:00:00Z,451.25,454.285,446.335,448.075,16716
2020-12-30T05:00:00Z,454.87,454.87,443.16,449.96,20257
2020-12-29T05:00:00Z,456.565,457.38,441.77,450.755,31277
2020-12-28T05:00:00Z,480.45,480.48,451,455.93,34048
2020-12-24T05:00:00Z,464.5,476.49,463.03,476.49,7407
2020-12-23T05:00:00Z,468.15,469.96,463.37,467.29,15058
2020-12-22T05:00:00Z,463.27,467.015,457.06,465.68,20070
2020-12-21T05:00:00Z,452.8,466.39,452.24,459.8,18490
2020-12-18T05:00:00Z,446.99,461.46,446.395,457.16,27955
2020-12-17T05:00:00Z,445.05,448.2,439.36,443.65,19083
2020-12-16T05:00:00Z,442.35,444.97,436.745,439.7,34571
2020-12-15T05:00:00Z,433.72,437.66,430.07,437.62,32386
2020-12-14T05:00:00Z,432.495,435.13,424.27,426.71,74124
2020-12-11T05:00:00Z,448.65,448.65,428.665,428.845,47099
2020-12-10T05:00:00Z,452.5,456.08,420.56,452.34,79824
2020-12-09T05:00:00Z,480.885,493.98,464.91,468.15,66994
2020-12-08T05:00:00Z,466.49,473.95,460.3,473.29,24318
2020-12-07T05:00:00Z,471.78,471.78,453.52,468.02,41154
2020-12-04T05:00:00Z,463.845,470.97,460.94,468.255,17411
2020-12-03T05:00:00Z,453.58,461.95,453.58,458.26,11916
2020-12-02T05:00:00Z,454.99,460.96,454.1,455.135,11712
2020-12-01T05:00:00Z,454.525,454.62,444.21,454.06,16077
2020-11-30T05:00:00Z,465.455,465.455,438.47,452.75,31674
2020-11-27T05:00:00Z,455.2,462.39,454.555,460.325,17173
2020-11-25T05:00:00Z,440.3,453.88,429.36,448.09,26083
2020-11-24T05:00:00Z,445.245,445.245,435.75,438.31,13993
2020-11-23T05:00:00Z,441.21,446,434.01,441.25,26543
2020-11-20T05:00:00Z,438.9,441.46,434.25,439.665,23539
2020-11-19T05:00:00Z,422.215,436.09,420.875,433.06,26442
2020-11-18T05:00:00Z,430.03,430.33,414.685,415.05,16258
2020-11-17T05:00:00Z,406.76,420.31,405.24,419.1,14812
2020-11-16T05:00:00Z,408.4,423.63,401.6,407.12,24323
2020-11-13T05:00:00Z,398.995,415.05,395.75,408.23,16722
2020-11-12T05:00:00Z,416.23,439.24,391.855,392.665,70942
2020-11-11T05:00:00Z,381.02,410.31,380.13,409.53,51609
2020-11-10T05:00:00Z,372.15,386.04,367.1,379.41,28970
2020-11-09T05:00:00Z,393.005,393.18,371.17,371.315,90654
2020-11-06T05:00:00Z,385.15,394.425,385.15,388.97,15839
2020-11-05T05:00:00Z,385.31,393.65,384.91,389.85,25536
2020-11-04T05:00:00Z,365.97,385.45,365.77,376.97,56239
2020-11-03T05:00:00Z,346.69,361.6,346.69,359.6,20085
2020-11-02T05:00:00Z,337.64,342.975,335.53,341.085,13881
2020-10-30T04:00:00Z,346.41,346.41,330.69,335.25,27333
2020-10-29T04:00:00Z,357.83,362.52,351.27,351.76,16487
2020-10-28T04:00:00Z,353,359.37,352.045,352.87,25080
2020-10-27T04:00:00Z,369.46,372.91,363.85,364.59,19907
2020-10-26T04:00:00Z,387.85,389.085,363.46,365.245,24073
2020-10-23T04:00:00Z,378.75,394.74,375.3,394.085,26320
2020-10-22T04:00:00Z,365.89,379.55,363,378.82,33012
2020-10-21T04:00:00Z,371.86,373.145,362.88,363.16,31465
2020-10-20T04:00:00Z,372.24,375.805,365.73,366,45175
2020-10-19T04:00:00Z,378.13,378.13,362.01,373.47,33515
2020-10-16T04:00:00Z,391.075,397.15,384.89,385.485,15987
2020-10-15T04:00:00Z,385.81,390.755,382.14,389.66,17064
2020-10-14T04:00:00Z,394.89,402.21,386.07,389.88,21827
2020-10-13T04:00:00Z,366.54,393.29,366.54,390.7,22911
2020-10-12T04:00:00Z,372.02,372.02,362.49,364.58,24688
2020-10-09T04:00:00Z,378.41,381.95,370.19,371.15,19849
2020-10-08T04:00:00Z,373.54,376.205,371,376.14,13401
2020-10-07T04:00:00Z,372.255,379.46,371.59,378.52,17831
2020-10-06T04:00:00Z,375.825,379.21,362.25,362.655,19715
2020-10-05T04:00:00Z,384.57,385.19,372.79,379.57,31955
2020-10-02T04:00:00Z,370,388.075,370,385.39,27571
2020-10-01T04:00:00Z,385.61,385.61,373.33,379.29,30903
2020-09-30T04:00:00Z,377.74,387.89,377.31,382.51,21027
2020-09-29T04:00:00Z,373.5,384.575,372.99,375.1,16285
2020-09-28T04:00:00Z,358.57,362.68,355.48,360.37,13323
2020-09-25T04:00:00Z,350.07,355.035,344.735,354.105,12348
2020-09-24T04:00:00Z,349.135,359.145,346.26,350.765,24852
2020-09-23T04:00:00Z,372.03,373.16,352.89,353.385,33931
2020-09-22T04:00:00Z,373.805,381.275,368.62,372.76,41210
2020-09-21T04:00:00Z,370.43,371.95,362.445,371.675,24252
2020-09-18T04:00:00Z,381.345,385.31,371.985,378.13,20240
2020-09-17T04:00:00Z,374.98,382.12,373.15,379.78,12572
2020-09-16T04:00:00Z,376.72,394.96,376.72,381.54,22892
2020-09-15T04:00:00Z,384.53,384.53,368.26,374.18,21930
2020-09-14T04:00:00Z,386.76,389.52,368,380.065,39834
2020-09-11T04:00:00Z,382.64,390.045,369,381.12,27018
2020-09-10T04:00:00Z,398.05,409.97,382.36,385.03,78760
2020-09-09T04:00:00Z,314.75,322.845,314.75,320.29,29333
2020-09-08T04:00:00Z,311.66,325.995,310.83,311.94,31001
2020-09-04T04:00:00Z,324.47,324.47,292.98,316.83,21100
2020-09-03T04:00:00Z,332.9,333.4,310.18,320.07,28470
2020-09-02T04:00:00Z,340.93,340.93,327.51,335.83,19278
2020-09-01T04:00:00Z,335.23,344.91,335.23,339.89,30727
2020-08-31T04:00:00Z,330.95,331.595,324.84,330.7,8557
2020-08-28T04:00:00Z,328.3,335.175,328.3,331.31,16537
2020-08-27T04:00:00Z,323.59,327.95,319.62,326.25,13151
2020-08-26T04:00:00Z,320.925,324.38,319.94,324.05,7739
2020-08-25T04:00:00Z,322.265,322.265,313.39,319.01,14988
2020-08-24T04:00:00Z,324.67,324.67,318.835,322.97,9728
2020-08-21T04:00:00Z,324.825,327.14,317.36,321.28,8772
2020-08-20T04:00:00Z,323.665,325.82,322.93,324.25,6167
2020-08-19T04:00:00Z,325.15,326.81,319.57,322.49,27851
2020-08-18T04:00:00Z,317.2,328.695,316.945,321.32,46970
2020-08-17T04:00:00Z,317.02,320.77,314.21,314.21,14622
2020-08-14T04:00:00Z,317.785,317.785,312.74,314.29,21769
2020-08-13T04:00:00Z,311.505,320.79,311.505,314.88,18705
2020-08-12T04:00:00Z,307.68,311.995,307.415,310.06,16450
2020-08-11T04:00:00Z,314.04,314.04,303.64,304.64,14903
2020-08-10T04:00:00Z,310.21,313.75,307.07,312.145,20070
2020-08-07T04:00:00Z,305.025,317.13,303.75,310.69,13875
2020-08-06T04:00:00Z,302.21,304.02,298.315,301.65,10511
2020-08-05T04:00:00Z,297.52,300.8,294.52,300.735,14693
2020-08-04T04:00:00Z,294.335,296.295,288.29,293.945,32456
2020-08-03T04:00:00Z,294.79,304.81,293.65,294.24,52256
2020-07-31T04:00:00Z,288.07,288.55,282.82,287.12,10249
2020-07-30T04:00:00Z,282.865,290.985,282.865,289.72,14099
2020-07-29T04:00:00Z,282.52,287.165,282.52,285.405,8827
2020-07-28T04:00:00Z,290.72,290.72,278.27,278.27,11195
2020-07-27T04:00:00Z,285.93,292.5,285.61,291.88,26084
