2024-06-14T04:00:00Z,10.945,11,10.275,10.53,231605
2024-06-13T04:00:00Z,10.705,11.205,10.5,10.985,127955
2024-06-12T04:00:00Z,10.36,10.985,10.21,10.635,232391
2024-06-11T04:00:00Z,9.625,10.02,9.05,9.985,161350
2024-06-10T04:00:00Z,9.63,9.995,9.47,9.89,108923
2024-06-07T04:00:00Z,10.19,10.51,9.71,9.71,174824
2024-06-06T04:00:00Z,9.515,10.385,9.47,10.15,629481
2024-06-05T04:00:00Z,9.79,9.81,8.815,9.67,406237
2024-06-04T04:00:00Z,9.76,10.16,9.53,9.665,196090
2024-06-03T04:00:00Z,10.075,10.22,9.565,9.64,191236
2024-05-31T04:00:00Z,10.21,10.285,9.54,9.74,117570
2024-05-30T04:00:00Z,10.135,10.65,9.97,10.05,159114
2024-05-29T04:00:00Z,10.265,10.42,9.99,10.005,136153
2024-05-28T04:00:00Z,10.47,10.88,10.21,10.34,171487
2024-05-24T04:00:00Z,10.07,10.615,9.98,10.38,123076
2024-05-23T04:00:00Z,10.925,10.925,9.94,9.97,109840
2024-05-22T04:00:00Z,10.62,11.34,10.55,10.79,118417
2024-05-21T04:00:00Z,11.03,11.28,10.53,10.6,112194
2024-05-20T04:00:00Z,10.12,11.025,9.905,10.97,279113
2024-05-17T04:00:00Z,10.285,10.6,9.97,10.05,103611
2024-05-16T04:00:00Z,10.215,10.36,9.94,10,112005
2024-05-15T04:00:00Z,10.17,10.395,9.765,10.38,197761
2024-05-14T04:00:00Z,9.28,9.845,9.28,9.775,168642
2024-05-13T04:00:00Z,9.465,9.75,9.445,9.51,129054
2024-05-10T04:00:00Z,10.345,10.35,9.205,9.205,222029
2024-05-09T04:00:00Z,10.24,10.455,10.1,10.275,91344
2024-05-08T04:00:00Z,9.985,10.36,9.78,10.36,194131
2024-05-07T04:00:00Z,10.595,10.62,10.02,10.175,239726
2024-05-06T04:00:00Z,10.61,11.155,10.59,10.77,396471
2024-05-03T04:00:00Z,10.61,11.08,10.29,10.4,190523
2024-05-02T04:00:00Z,10.185,10.43,9.81,10.29,317735
2024-05-01T04:00:00Z,9.73,10.6,9.66,9.8,372908
2024-04-30T04:00:00Z,10.65,10.85,10,10.105,346599
2024-04-29T04:00:00Z,11.31,11.62,10.98,11.075,176737
2024-04-26T04:00:00Z,11.88,12.42,11.82,11.925,207103
2024-04-25T04:00:00Z,11.14,12.125,10.89,12.1,456820
2024-04-24T04:00:00Z,11.725,12.65,11.725,11.875,482008
2024-04-23T04:00:00Z,11.115,12.16,11.045,11.845,378391
2024-04-22T04:00:00Z,9.76,11.26,9.59,11.26,466072
2024-04-19T04:00:00Z,8.555,9.145,8.485,9.125,417044
2024-04-18T04:00:00Z,7.86,8.42,7.81,8.3,331472
2024-04-17T04:00:00Z,8.17,8.36,7.95,7.96,488314
2024-04-16T04:00:00Z,8.345,8.39,7.895,8.065,288119
2024-04-15T04:00:00Z,8.995,9.185,8.5,8.565,226511
2024-04-12T04:00:00Z,9.615,9.66,8.98,9.09,289306
2024-04-11T04:00:00Z,9.77,9.915,9.65,9.74,154799
2024-04-10T04:00:00Z,9.71,10.11,9.61,9.87,285187
2024-04-09T04:00:00Z,9.85,10.225,9.81,9.995,236370
2024-04-08T04:00:00Z,10.625,10.75,9.875,10.05,271444
2024-04-05T04:00:00Z,10,10.445,9.9,10.19,339780
2024-04-04T04:00:00Z,10.59,10.81,10.11,10.2,311465
2024-04-03T04:00:00Z,10.575,10.72,10.26,10.31,241405
2024-04-02T04:00:00Z,10.86,10.91,10.5,10.615,219706
2024-04-01T04:00:00Z,11.99,12.27,11.35,11.46,237928
2024-03-28T04:00:00Z,12.42,13.12,12.155,12.225,272489
2024-03-27T04:00:00Z,12.37,12.475,11.72,12.24,236832
2024-03-26T04:00:00Z,12.425,12.57,11.95,12.04,193753
2024-03-25T04:00:00Z,11.64,12.55,11.64,12.425,290071
2024-03-22T04:00:00Z,11.69,11.79,11.33,11.41,130250
2024-03-21T04:00:00Z,12.33,12.61,11.94,11.98,266238
2024-03-20T04:00:00Z,11.62,12.42,11.2,12.405,306056
2024-03-19T04:00:00Z,10.95,11.275,10.5,11.08,228881
2024-03-18T04:00:00Z,11.405,11.84,11.085,11.43,260045
2024-03-15T04:00:00Z,10.665,11.83,10.665,11.63,431062
2024-03-14T04:00:00Z,11.46,11.53,10.6,10.935,237496
2024-03-13T04:00:00Z,11.74,12.19,11.66,11.73,265981
2024-03-12T04:00:00Z,11.835,11.905,11.3,11.61,252634
2024-03-11T04:00:00Z,12.85,12.87,11.73,11.78,395323
2024-03-08T05:00:00Z,12.06,13.18,12.03,12.35,396716
2024-03-07T05:00:00Z,12,12.34,11.76,11.97,335293
2024-03-06T05:00:00Z,12.82,12.91,11.995,12.12,294564
2024-03-05T05:00:00Z,13.03,13.53,11.95,12.245,346203
2024-03-04T05:00:00Z,14.865,14.96,13.13,13.47,350334
2024-03-01T05:00:00Z,14.205,14.46,13.48,14.43,313408
2024-02-29T05:00:00Z,15.71,15.81,13.715,14.11,351872
2024-02-28T05:00:00Z,17.42,17.58,15.275,15.66,816527
2024-02-27T05:00:00Z,18.09,18.35,16.24,16.81,475308
2024-02-26T05:00:00Z,14.93,17.445,14.93,17.36,412715
2024-02-23T05:00:00Z,15.15,15.23,14.34,14.84,194403
2024-02-22T05:00:00Z,15.15,15.87,14.94,15.715,174083
2024-02-21T05:00:00Z,15.185,15.84,15.075,15.11,192687
2024-02-20T05:00:00Z,16.53,16.66,15.19,16.05,217818
2024-02-16T05:00:00Z,16.67,17.05,15.94,16.47,266879
2024-02-15T05:00:00Z,17.9,18.22,16.14,16.535,432786
2024-02-14T05:00:00Z,16.995,17.62,16.59,17.62,245571
2024-02-13T05:00:00Z,14.48,15.835,14.1,15.44,201744
2024-02-12T05:00:00Z,14.6,16.335,14.6,15.93,564915
2024-02-09T05:00:00Z,13.99,14.77,13.58,14.55,373576
2024-02-08T05:00:00Z,11.83,13.065,11.74,13.06,352968
2024-02-07T05:00:00Z,10.725,11.395,10.45,11.315,178640
2024-02-06T05:00:00Z,10.39,10.83,10.27,10.82,119773
2024-02-05T05:00:00Z,11.17,11.24,10.34,10.34,177931
2024-02-02T05:00:00Z,11.02,11.4,10.94,11.215,230831
2024-02-01T05:00:00Z,10.88,11.435,10.565,11.31,167754
2024-01-31T05:00:00Z,11.035,11.59,10.89,10.895,154490
2024-01-30T05:00:00Z,11.515,11.71,11.2,11.345,108576
2024-01-29T05:00:00Z,11.35,12.13,11.25,11.565,229580
2024-01-26T05:00:00Z,11.22,11.545,10.92,11.36,242287
2024-01-25T05:00:00Z,10.13,10.65,10.01,10.65,207111
2024-01-24T05:00:00Z,10.63,10.915,10,10.06,229175
2024-01-23T05:00:00Z,10.21,10.59,9.93,10.38,191184
2024-01-22T05:00:00Z,10.01,11.05,9.84,10.61,402074
2024-01-19T05:00:00Z,10.38,10.385,9.65,10.28,339930
2024-01-18T05:00:00Z,10.88,11.15,10.24,10.335,307148
2024-01-17T05:00:00Z,10.99,11.13,10.65,10.86,224193
2024-01-16T05:00:00Z,11.495,11.84,10.93,11.28,252520
2024-01-12T05:00:00Z,12.755,12.755,11.72,11.73,836452
2024-01-11T05:00:00Z,16.56,17.01,12.85,13.08,714722
2024-01-10T05:00:00Z,15.2,16.3,14.8,15.55,387826
2024-01-09T05:00:00Z,15.9,16.165,15.54,15.725,210610
2024-01-08T05:00:00Z,15.08,16.19,14.23,15.99,315461
2024-01-05T05:00:00Z,15.51,15.51,14.37,14.81,228250
2024-01-04T05:00:00Z,15.275,16.06,14.95,15.855,251620
2024-01-03T05:00:00Z,13.95,15.22,13.77,15.03,315662
2024-01-02T05:00:00Z,17.06,17.11,15.32,15.41,290732
2023-12-29T05:00:00Z,17.87,18.17,15.045,15.46,529407
2023-12-28T05:00:00Z,18.21,18.365,17.345,17.6,378088
2023-12-27T05:00:00Z,17.87,18.75,17.65,18.625,294854
2023-12-26T05:00:00Z,17.42,17.53,16.88,17.35,307549
2023-12-22T05:00:00Z,16.75,18.38,16.53,17.78,322158
2023-12-21T05:00:00Z,16.87,16.94,16.27,16.76,295045
2023-12-20T05:00:00Z,17.58,17.955,16.4,16.445,291339
2023-12-19T05:00:00Z,17.07,17.65,16.16,16.68,509305
2023-12-18T05:00:00Z,15.18,16.43,15.18,16.39,242614
2023-12-15T05:00:00Z,15.48,15.74,15.075,15.63,194137
2023-12-14T05:00:00Z,15.315,15.84,14.925,15.76,274587
2023-12-13T05:00:00Z,13.985,15.25,13.74,15.24,265408
2023-12-12T05:00:00Z,14.185,14.26,13.8,14.07,213968
2023-12-11T05:00:00Z,14.8,14.83,13.555,14.01,341187
2023-12-08T05:00:00Z,15.09,15.96,15.07,15.82,278695
2023-12-07T05:00:00Z,14.17,15.13,14.13,14.89,239298
2023-12-06T05:00:00Z,15.36,15.46,14.695,14.765,275080
2023-12-05T05:00:00Z,15.04,15.985,14.86,15.14,450983
2023-12-04T05:00:00Z,15.175,15.66,14.37,14.995,510501
2023-12-01T05:00:00Z,12.73,13.815,12.71,13.75,267270
2023-11-30T05:00:00Z,12.99,13.13,12.515,12.54,151470
2023-11-29T05:00:00Z,12.91,13.27,12.67,12.99,322602
2023-11-28T05:00:00Z,12.13,12.91,11.815,12.85,371092
2023-11-27T05:00:00Z,11.51,12.15,11.39,11.83,156705
2023-11-24T05:00:00Z,11.66,12.26,11.42,12.01,165037
2023-11-22T05:00:00Z,11.205,11.64,10.68,11.6,196825
2023-11-21T05:00:00Z,11.025,11.375,10.72,11.16,248806
2023-11-20T05:00:00Z,10.61,11.52,10.61,11.325,340549
2023-11-17T05:00:00Z,10.225,10.52,9.9,10.49,225783
2023-11-16T05:00:00Z,10.17,10.28,9.73,10.16,193181
2023-11-15T05:00:00Z,9.885,10.815,9.695,10.68,396656
2023-11-14T05:00:00Z,10.01,10.22,9.36,9.72,334522
2023-11-13T05:00:00Z,10.1,10.1,9.54,9.795,206381
2023-11-10T05:00:00Z,10.27,10.48,9.7,10.35,285282
2023-11-09T05:00:00Z,11.095,12.07,10.14,10.21,382677
2023-11-08T05:00:00Z,10.75,10.8,10.065,10.27,321134
2023-11-07T05:00:00Z,10.905,11.165,10.43,11.065,272397
2023-11-06T05:00:00Z,11.69,11.94,10.73,11.01,281765
2023-11-03T04:00:00Z,11.09,11.59,10.89,11.39,293243
2023-11-02T04:00:00Z,10.47,11.31,10.39,11.28,350290
2023-11-01T04:00:00Z,10.005,10.27,9.66,10.2,395238
2023-10-31T04:00:00Z,9.57,9.84,9.275,9.78,146492
2023-10-30T04:00:00Z,9.92,10.265,9.39,9.6,195113
2023-10-27T04:00:00Z,10.035,10.16,9.475,9.53,237810
2023-10-26T04:00:00Z,10.225,10.45,9.48,9.77,226666
2023-10-25T04:00:00Z,10.89,11.265,10.47,10.56,311349
2023-10-24T04:00:00Z,10.8,11.37,10.3,10.66,527330
2023-10-23T04:00:00Z,9.11,10.03,8.98,9.69,385117
2023-10-20T04:00:00Z,9.12,9.39,8.82,8.87,299271
2023-10-19T04:00:00Z,8.885,9.18,8.69,8.815,152326
2023-10-18T04:00:00Z,9.53,9.615,8.7,8.83,268007
2023-10-17T04:00:00Z,9.225,9.93,9.12,9.66,209882
2023-10-16T04:00:00Z,10.035,10.455,9.115,9.41,300903
2023-10-13T04:00:00Z,9.22,9.275,8.97,9.14,108060
2023-10-12T04:00:00Z,9.35,9.48,9.13,9.19,123716
2023-10-11T04:00:00Z,9.97,10.06,9.16,9.405,253291
2023-10-10T04:00:00Z,10.125,10.575,9.97,10.16,172865
2023-10-09T04:00:00Z,9.51,10.2,9.51,10.165,142120
2023-10-06T04:00:00Z,8.8,9.975,8.79,9.915,146180
2023-10-05T04:00:00Z,9.175,9.355,8.8,9,113443
2023-10-04T04:00:00Z,8.96,9.13,8.615,9.07,176264
2023-10-03T04:00:00Z,9.65,9.88,8.67,8.775,261097
2023-10-02T04:00:00Z,10.18,10.95,9.81,9.88,381649
2023-09-29T04:00:00Z,9.57,9.615,9.21,9.32,193518
2023-09-28T04:00:00Z,9.11,9.9,8.97,9.435,241265
2023-09-27T04:00:00Z,9.3,9.53,8.83,9.01,139693
2023-09-26T04:00:00Z,9.05,9.355,9,9.05,132176
2023-09-25T04:00:00Z,9,9.355,8.94,9.25,142116
2023-09-22T04:00:00Z,9.65,9.74,9.18,9.24,155309
2023-09-21T04:00:00Z,9.68,9.75,9.32,9.59,195633
2023-09-20T04:00:00Z,10.43,10.55,9.99,10.01,145145
2023-09-19T04:00:00Z,11.03,11.15,10.41,10.43,175766
2023-09-18T04:00:00Z,11.37,11.59,10.915,10.93,352390
2023-09-15T04:00:00Z,10.945,10.945,10.59,10.76,308677
2023-09-14T04:00:00Z,10.605,11.23,10.605,10.97,177367
2023-09-13T04:00:00Z,10.54,10.7,10.225,10.29,174046
2023-09-12T04:00:00Z,10.64,11.175,10.42,10.54,274528
2023-09-11T04:00:00Z,10.8,10.98,10.1,10.13,242588
2023-09-08T04:00:00Z,11.29,11.34,10.77,10.93,245779
2023-09-07T04:00:00Z,11,11.52,10.57,11.38,152564
2023-09-06T04:00:00Z,10.985,11.61,10.94,11.235,187398
2023-09-05T04:00:00Z,10.905,11.205,10.76,10.98,268597
2023-09-01T04:00:00Z,11.39,11.525,10.76,11.02,188037
2023-08-31T04:00:00Z,12.06,12.27,11.25,11.33,194169
2023-08-30T04:00:00Z,11.99,12.16,11.57,12.04,316542
2023-08-29T04:00:00Z,10.37,12.525,10.37,12.3,508895
2023-08-28T04:00:00Z,10.48,10.81,10.39,10.48,96947
2023-08-25T04:00:00Z,10.475,10.75,10.1,10.36,156252
2023-08-24T04:00:00Z,11.035,11.04,10.205,10.35,168272
2023-08-23T04:00:00Z,10.55,11.295,10.49,11.125,288544
2023-08-22T04:00:00Z,10.9,10.98,10.485,10.55,304758
2023-08-21T04:00:00Z,11.11,11.26,10.56,10.74,214846
2023-08-18T04:00:00Z,11.125,11.655,10.98,11.065,224679
2023-08-17T04:00:00Z,12.68,12.725,11.66,11.705,254035
2023-08-16T04:00:00Z,13.32,13.5,12.945,13.1,142229
2023-08-15T04:00:00Z,14.49,14.81,13.67,13.68,158526
2023-08-14T04:00:00Z,14.99,15.045,14.37,14.645,166225
2023-08-11T04:00:00Z,14.82,15.7,14.64,15.22,231663
2023-08-10T04:00:00Z,16.41,16.61,14.845,14.99,248816
2023-08-09T04:00:00Z,17.16,17.27,16.31,16.32,164569
2023-08-08T04:00:00Z,16.79,17.35,16.22,17.105,178172
2023-08-07T04:00:00Z,16.99,17,15.34,16.31,113637
2023-08-04T04:00:00Z,17.99,18.1,17.085,17.1,76763
2023-08-03T04:00:00Z,17.68,18.595,17.64,17.8,129676
2023-08-02T04:00:00Z,18.175,19.19,17.56,17.97,179170
2023-08-01T04:00:00Z,18.13,18.395,17.09,18.235,541732
2023-07-31T04:00:00Z,18.605,19.185,18.2,18.53,135497
2023-07-28T04:00:00Z,18.05,18.68,17.9,18.37,111939
2023-07-27T04:00:00Z,18.97,19.11,17.445,17.59,129752
2023-07-26T04:00:00Z,18.045,18.58,17.75,18.43,98403
2023-07-25T04:00:00Z,17.56,18.825,17.56,17.93,166949
2023-07-24T04:00:00Z,17.62,18.02,16.84,17.43,155322
2023-07-21T04:00:00Z,18.76,18.83,17.44,18.38,204673
2023-07-20T04:00:00Z,19.11,19.48,18.245,18.47,313720
2023-07-19T04:00:00Z,18.66,19.4,18.28,18.93,199549
2023-07-18T04:00:00Z,18.09,18.85,17.84,18.305,155357
2023-07-17T04:00:00Z,19.14,20.27,18.225,18.5,263054
2023-07-14T04:00:00Z,20.21,20.63,18.785,19.14,443756
2023-07-13T04:00:00Z,17.88,20.52,17.825,20.315,466814
2023-07-12T04:00:00Z,18.01,18.63,17.25,17.635,403985
2023-07-11T04:00:00Z,16.83,17.645,16.33,17.5,323324
2023-07-10T04:00:00Z,15.74,16.91,15.125,16.87,348971
2023-07-07T04:00:00Z,13.52,15.545,13.5,15.5,572361
2023-07-06T04:00:00Z,13.73,13.86,12.8,13.53,245272
2023-07-05T04:00:00Z,12.8,13.84,12.65,13.57,210050
2023-07-03T04:00:00Z,11.95,13.45,11.91,13.37,213058
2023-06-30T04:00:00Z,12.06,12.39,11.21,11.81,365131
2023-06-29T04:00:00Z,11.89,12.37,11.51,11.66,171022
2023-06-28T04:00:00Z,11.405,11.975,11.27,11.53,139215
2023-06-27T04:00:00Z,11.09,11.71,10.885,11.65,290687
2023-06-26T04:00:00Z,11.495,12.17,10.74,10.75,180472
2023-06-23T04:00:00Z,11.08,12.1,10.95,11.6,266756
2023-06-22T04:00:00Z,11.71,11.94,10.775,11.24,203277
2023-06-21T04:00:00Z,11.705,12.055,11.47,11.67,443054
2023-06-20T04:00:00Z,10.62,11.29,10.12,11.245,243268
2023-06-16T04:00:00Z,10.09,10.47,9.84,10.4,169050
2023-06-15T04:00:00Z,9.71,10.12,9.42,9.96,163379
2023-06-14T04:00:00Z,10.25,10.51,10.03,10.17,119079
2023-06-13T04:00:00Z,10.56,10.685,10.11,10.255,145100
2023-06-12T04:00:00Z,10.21,10.34,10.02,10.25,155043
2023-06-09T04:00:00Z,10.56,10.61,10.24,10.34,71136
2023-06-08T04:00:00Z,10.495,10.845,10.435,10.55,149727
2023-06-07T04:00:00Z,10.795,11.2,10.3,10.44,255160
2023-06-06T04:00:00Z,10.09,10.96,9.7,10.895,298041
2023-06-05T04:00:00Z,11.28,11.59,10.45,10.665,281862
2023-06-02T04:00:00Z,12.68,12.68,11.37,11.695,374727
2023-06-01T04:00:00Z,11.775,12.69,11.6,12.4,162339
2023-05-31T04:00:00Z,11.56,12.035,11.375,11.99,162966
2023-05-30T04:00:00Z,11.71,12.78,11.61,12.04,341900
2023-05-26T04:00:00Z,11.17,11.835,10.77,10.91,173194
2023-05-25T04:00:00Z,11.5,11.5,10.68,11.085,207778
2023-05-24T04:00:00Z,10.95,11.44,10.575,11.29,209832
2023-05-23T04:00:00Z,12.35,12.585,11.255,11.28,234025
2023-05-22T04:00:00Z,11.02,12.2,10.88,12.195,184436
2023-05-19T04:00:00Z,11.15,11.52,10.895,11.09,103347
2023-05-18T04:00:00Z,11.26,11.81,10.68,11.06,168611
2023-05-17T04:00:00Z,10.67,11.6,10.65,11.525,140099
2023-05-16T04:00:00Z,10.81,10.975,10.55,10.845,188653
2023-05-15T04:00:00Z,10.85,11.315,10.7,11.065,165780
2023-05-12T04:00:00Z,10.675,10.82,10.35,10.6,223110
2023-05-11T04:00:00Z,11.94,12.095,10.425,10.7,277445
2023-05-10T04:00:00Z,11.85,12.89,11.69,12.28,446353
2023-05-09T04:00:00Z,10.635,11.56,10.635,11.435,478513
2023-05-08T04:00:00Z,10.83,10.83,10.2,10.49,329602
2023-05-05T04:00:00Z,10.82,11.68,10.72,11.53,412901
2023-05-04T04:00:00Z,10.8,11.135,10.55,10.83,334899
2023-05-03T04:00:00Z,11.32,11.5,10.66,10.73,384558
2023-05-02T04:00:00Z,10.65,11.965,10.36,11.78,303632
2023-05-01T04:00:00Z,11.56,11.62,10.37,10.51,198555
2023-04-28T04:00:00Z,11.66,12.1,11.34,11.95,250014
2023-04-27T04:00:00Z,11.15,11.905,10.755,11.83,313439
2023-04-26T04:00:00Z,12.01,12.07,10.88,10.905,413862
2023-04-25T04:00:00Z,10.29,11.11,10.07,10.71,301847
2023-04-24T04:00:00Z,10.44,10.8,10.12,10.395,193853
2023-04-21T04:00:00Z,11.265,11.265,10.5,10.51,269242
2023-04-20T04:00:00Z,11.56,12.08,10.86,10.875,296929
2023-04-19T04:00:00Z,12.55,12.895,12.095,12.1,185832
2023-04-18T04:00:00Z,13.68,14.42,13.255,13.465,188248
2023-04-17T04:00:00Z,12.44,12.975,12.125,12.925,305594
2023-04-14T04:00:00Z,13.74,13.88,12.75,13.47,300805
2023-04-13T04:00:00Z,12.725,13.84,12.68,13.52,627763
2023-04-12T04:00:00Z,12.26,13.145,11.97,12.355,751927
2023-04-11T04:00:00Z,11.01,12.545,10.82,12.38,939958
2023-04-10T04:00:00Z,9.175,10.61,8.95,10.59,299078
2023-04-06T04:00:00Z,8.95,9.385,8.765,9.165,117363
2023-04-05T04:00:00Z,9.605,9.74,9.02,9.155,157697
2023-04-04T04:00:00Z,9.79,9.905,9.24,9.535,177851
2023-04-03T04:00:00Z,9.77,9.935,9.245,9.68,155863
2023-03-31T04:00:00Z,9.255,10.1,9.155,9.97,285498
2023-03-30T04:00:00Z,9.42,9.535,9.05,9.15,146166
2023-03-29T04:00:00Z,8.54,9.235,8.46,9.23,317561
2023-03-28T04:00:00Z,7.84,8.3,7.67,8.11,193398
2023-03-27T04:00:00Z,8.73,8.73,7.915,8.035,259623
2023-03-24T04:00:00Z,9.21,9.24,8.355,8.625,390091
2023-03-23T04:00:00Z,8.27,9.69,8.25,9.465,371500
2023-03-22T04:00:00Z,9.1,9.38,8.045,8.09,319654
2023-03-21T04:00:00Z,8.47,9.16,8.385,9.05,279486
2023-03-20T04:00:00Z,8.63,8.75,8.03,8.57,333504
2023-03-17T04:00:00Z,7.58,8.45,7.19,8.085,504607
2023-03-16T04:00:00Z,6.72,7.12,6.645,7.05,116793
2023-03-15T04:00:00Z,6.77,7.06,6.35,6.695,169889
2023-03-14T04:00:00Z,6.8,7.26,6.59,6.905,304290
2023-03-13T04:00:00Z,5.505,6.34,5.34,6.27,251491
2023-03-10T05:00:00Z,5.47,5.62,5.165,5.285,204619
2023-03-09T05:00:00Z,6.18,6.28,5.51,5.53,95024
2023-03-08T05:00:00Z,6.13,6.385,6.08,6.3,84499
2023-03-07T05:00:00Z,6.245,6.525,6.15,6.185,109236
2023-03-06T05:00:00Z,6.38,6.86,6.195,6.36,114717
2023-03-03T05:00:00Z,6,6.47,5.83,6.34,168679
2023-03-02T05:00:00Z,5.95,6.26,5.78,6.185,108439
2023-03-01T05:00:00Z,6.36,6.415,6.07,6.135,105049
2023-02-28T05:00:00Z,6.01,6.51,5.95,6.255,93776
2023-02-27T05:00:00Z,6.06,6.115,5.875,6.005,136838
2023-02-24T05:00:00Z,6.145,6.2,5.73,5.865,181877
2023-02-23T05:00:00Z,6.44,6.54,6.16,6.365,254991
2023-02-22T05:00:00Z,6.215,6.44,6,6.355,209986
2023-02-21T05:00:00Z,6.47,6.785,6.185,6.22,144541
2023-02-17T05:00:00Z,6.32,6.69,6.17,6.58,216269
2023-02-16T05:00:00Z,6.56,7.25,6.36,6.36,310483
2023-02-15T05:00:00Z,5.97,6.785,5.97,6.665,284821
2023-02-14T05:00:00Z,5.42,6,5.345,5.9,185383
2023-02-13T05:00:00Z,5.325,5.535,5.18,5.46,80133
2023-02-10T05:00:00Z,5.635,5.72,5.42,5.5,160989
2023-02-09T05:00:00Z,6.605,6.65,5.63,5.64,328269
2023-02-08T05:00:00Z,6.57,7.03,6.44,6.53,141293
2023-02-07T05:00:00Z,6.68,6.68,6.18,6.595,237475
2023-02-06T05:00:00Z,6.65,6.8,6.38,6.69,168577
2023-02-03T05:00:00Z,7.11,7.765,6.8,6.83,177237
2023-02-02T05:00:00Z,7.25,7.775,7.04,7.485,307737
2023-02-01T05:00:00Z,6.23,6.95,6.07,6.87,199445
2023-01-31T05:00:00Z,6.04,6.32,5.96,6.275,155460
2023-01-30T05:00:00Z,6.25,6.83,5.92,5.92,191138
2023-01-27T05:00:00Z,5.96,6.385,5.96,6.33,130495
2023-01-26T05:00:00Z,6.48,6.57,6.09,6.12,112113
2023-01-25T05:00:00Z,5.82,6.265,5.7,6.24,116990
2023-01-24T05:00:00Z,6.32,6.61,6.115,6.12,206435
2023-01-23T05:00:00Z,6.23,6.625,6.04,6.47,216122
2023-01-20T05:00:00Z,5.845,6.22,5.64,6.185,168738
2023-01-19T05:00:00Z,5.635,5.87,5.53,5.775,128575
2023-01-18T05:00:00Z,6.43,6.62,5.65,5.7,241651
2023-01-17T05:00:00Z,6.62,6.62,5.895,6.41,323597
2023-01-13T05:00:00Z,5.94,6.49,5.87,6.015,354886
2023-01-12T05:00:00Z,5.7,6.16,5.28,6.13,315369
2023-01-11T05:00:00Z,5.53,5.88,5.22,5.36,271857
2023-01-10T05:00:00Z,4.84,5.665,4.7,5.64,290258
2023-01-09T05:00:00Z,4.5,5.23,4.5,4.885,209148
2023-01-06T05:00:00Z,4.09,4.335,3.97,4.285,138608
2023-01-05T05:00:00Z,3.855,4.27,3.7,4.235,268748
2023-01-04T05:00:00Z,3.42,3.94,3.39,3.895,256396
2023-01-03T05:00:00Z,3.48,3.66,3.3,3.38,99039
2022-12-30T05:00:00Z,3.36,3.42,3.29,3.38,67590
2022-12-29T05:00:00Z,3.32,3.51,3.31,3.41,133355
2022-12-28T05:00:00Z,3.365,3.465,3.26,3.295,67459
2022-12-27T05:00:00Z,3.63,3.655,3.41,3.415,62702
2022-12-23T05:00:00Z,3.75,3.79,3.645,3.67,127483
2022-12-22T05:00:00Z,3.74,3.81,3.66,3.79,106530
2022-12-21T05:00:00Z,3.855,3.9,3.715,3.83,96691
2022-12-20T05:00:00Z,3.755,4.025,3.75,3.83,102397
2022-12-19T05:00:00Z,3.745,3.85,3.61,3.82,119264
2022-12-16T05:00:00Z,3.98,3.98,3.67,3.8,182781
2022-12-15T05:00:00Z,4.03,4.065,3.885,4.025,163584
2022-12-14T05:00:00Z,4.19,4.27,4.04,4.16,135846
2022-12-13T05:00:00Z,4.52,4.635,4.05,4.08,146178
2022-12-12T05:00:00Z,4.21,4.25,4.08,4.16,121957
2022-12-09T05:00:00Z,4.325,4.36,4.135,4.2,122156
2022-12-08T05:00:00Z,4.25,4.45,4.16,4.36,164568
2022-12-07T05:00:00Z,4.345,4.38,4.13,4.22,100532
2022-12-06T05:00:00Z,4.635,4.69,4.27,4.38,167263
2022-12-05T05:00:00Z,5.01,5.125,4.585,4.665,288626
2022-12-02T05:00:00Z,4.49,4.965,4.47,4.965,135605
2022-12-01T05:00:00Z,4.68,4.75,4.47,4.57,75066
2022-11-30T05:00:00Z,4.34,4.665,4.2,4.64,160770
2022-11-29T05:00:00Z,4.27,4.375,4.2,4.235,150256
2022-11-28T05:00:00Z,4.255,4.425,4.19,4.26,659500
2022-11-25T05:00:00Z,4.4,4.455,4.25,4.44,415446
2022-11-23T05:00:00Z,4.055,4.435,4.02,4.43,877641
2022-11-22T05:00:00Z,4.13,4.145,3.91,3.98,489684
2022-11-21T05:00:00Z,4.335,4.41,3.97,3.975,715372
2022-11-18T05:00:00Z,4.67,4.67,4.42,4.445,222872
2022-11-17T05:00:00Z,4.685,4.74,4.525,4.61,264364
2022-11-16T05:00:00Z,5,5.15,4.645,4.65,260973
2022-11-15T05:00:00Z,5.34,5.47,5.15,5.22,142419
2022-11-14T05:00:00Z,5.3,5.41,5.115,5.145,209072
2022-11-11T05:00:00Z,5.08,5.395,4.95,5.35,253574
2022-11-10T05:00:00Z,5.24,5.555,5.07,5.415,349236
2022-11-09T05:00:00Z,4.97,5.19,4.83,4.89,427398
2022-11-08T05:00:00Z,5.35,5.8,4.965,5.33,551752
2022-11-07T05:00:00Z,5.84,5.86,5.58,5.75,111715
2022-11-04T04:00:00Z,5.88,5.94,5.49,5.805,254695
2022-11-03T04:00:00Z,5.73,5.98,5.505,5.515,168197
2022-11-02T04:00:00Z,6.47,6.485,5.86,5.87,210349
2022-11-01T04:00:00Z,7,7.04,6.45,6.45,109478
2022-10-31T04:00:00Z,6.96,7.12,6.8,6.885,65789
2022-10-28T04:00:00Z,6.815,7.065,6.63,7.03,202281
2022-10-27T04:00:00Z,7.23,7.34,6.825,6.845,114225
2022-10-26T04:00:00Z,6.86,7.65,6.85,7.05,257314
2022-10-25T04:00:00Z,6.11,7.045,6.11,7.015,273027
2022-10-24T04:00:00Z,5.77,6.135,5.6,6.045,76986
2022-10-21T04:00:00Z,5.52,5.84,5.38,5.82,70260
2022-10-20T04:00:00Z,5.645,5.925,5.57,5.575,86140
2022-10-19T04:00:00Z,5.765,5.83,5.61,5.67,91102
2022-10-18T04:00:00Z,6.32,6.345,5.84,5.86,95580
2022-10-17T04:00:00Z,6.03,6.24,6.02,6.03,153741
2022-10-14T04:00:00Z,6.505,6.59,5.735,5.755,121302
2022-10-13T04:00:00Z,5.73,6.425,5.545,6.4,181994
2022-10-12T04:00:00Z,6.17,6.26,5.975,6.125,100228
2022-10-11T04:00:00Z,6.33,6.45,5.985,6.18,92029
2022-10-10T04:00:00Z,6.485,6.605,6.2,6.38,91280
2022-10-07T04:00:00Z,6.88,6.96,6.445,6.565,117071
2022-10-06T04:00:00Z,7.23,7.49,7.07,7.15,93106
2022-10-05T04:00:00Z,7.31,7.395,6.99,7.245,146802
2022-10-04T04:00:00Z,7.555,7.755,7.32,7.58,106377
2022-10-03T04:00:00Z,7.07,7.26,6.86,7.185,64222
2022-09-30T04:00:00Z,6.96,7.635,6.9,7.005,176423
2022-09-29T04:00:00Z,7.08,7.125,6.7,7.09,176924
2022-09-28T04:00:00Z,6.86,7.4,6.785,7.33,254644
2022-09-27T04:00:00Z,7.03,7.14,6.56,6.81,290537
2022-09-26T04:00:00Z,6.55,6.96,6.55,6.71,174542
2022-09-23T04:00:00Z,5.97,6.345,5.93,6.34,159006
2022-09-22T04:00:00Z,6.395,6.4,6.09,6.33,132737
2022-09-21T04:00:00Z,6.25,6.81,6.16,6.405,155542
2022-09-20T04:00:00Z,6.45,6.5,6.18,6.225,129645
2022-09-19T04:00:00Z,6.45,6.69,6.365,6.52,268000
2022-09-16T04:00:00Z,7.16,7.165,6.635,6.64,239637
2022-09-15T04:00:00Z,7.4,7.96,7.32,7.385,150293
2022-09-14T04:00:00Z,7.615,7.665,7.405,7.555,198263
2022-09-13T04:00:00Z,7.7,8.14,7.6,7.62,222927
2022-09-12T04:00:00Z,8.525,8.65,8.15,8.465,164092
2022-09-09T04:00:00Z,8.03,8.32,7.86,8.25,221483
2022-09-08T04:00:00Z,6.43,7.49,6.43,7.46,214308
2022-09-07T04:00:00Z,6.38,6.57,6.15,6.55,123525
2022-09-06T04:00:00Z,6.66,6.865,6.28,6.39,269320
2022-09-02T04:00:00Z,7,7,6.55,6.625,269524
2022-09-01T04:00:00Z,6.98,7.045,6.515,6.85,171721
2022-08-31T04:00:00Z,7.05,7.255,6.855,7.185,201510
2022-08-30T04:00:00Z,7.03,7.205,6.62,6.89,155262
2022-08-29T04:00:00Z,6.61,7.18,6.61,6.99,156881
2022-08-26T04:00:00Z,7.49,7.55,6.78,6.8,161820
2022-08-25T04:00:00Z,7.42,7.53,7.12,7.42,87339
2022-08-24T04:00:00Z,7.255,7.58,7.165,7.29,96656
2022-08-23T04:00:00Z,7.03,7.56,7.03,7.105,247566
2022-08-22T04:00:00Z,6.92,7.2,6.815,7,197276
2022-08-19T04:00:00Z,7.6,7.79,7.22,7.225,198078
2022-08-18T04:00:00Z,8.64,8.64,8.21,8.28,122988
2022-08-17T04:00:00Z,8.9,8.97,8.21,8.345,229866
2022-08-16T04:00:00Z,9.53,9.785,8.83,9.175,316746
2022-08-15T04:00:00Z,9.78,10.215,9.57,9.75,162789
2022-08-12T04:00:00Z,9.51,10.045,9.19,9.93,197142
2022-08-11T04:00:00Z,9.87,10.51,9.38,9.5,416472
2022-08-10T04:00:00Z,8.705,9.16,8.15,9.1,353509
2022-08-09T04:00:00Z,8.49,8.49,7.8,8.145,209646
2022-08-08T04:00:00Z,8.76,9.11,8.59,8.72,219402
2022-08-05T04:00:00Z,8.155,8.67,8.07,8.26,231369
2022-08-04T04:00:00Z,8.4,8.8,8.06,8.18,283609
2022-08-03T04:00:00Z,7.97,8.395,7.855,8.11,234742
2022-08-02T04:00:00Z,7.2,8.095,7.18,7.735,265364
2022-08-01T04:00:00Z,7.16,7.525,6.985,7.33,198946
2022-07-29T04:00:00Z,7.22,7.72,7.1,7.315,234346
2022-07-28T04:00:00Z,7.17,7.595,6.91,7.4,238707
2022-07-27T04:00:00Z,6.54,7.32,6.3,7.14,217876
2022-07-26T04:00:00Z,6.32,6.48,6.02,6.21,126647
2022-07-25T04:00:00Z,6.79,7.05,6.575,6.64,212570
2022-07-22T04:00:00Z,7.87,7.9,7.075,7.11,167900
2022-07-21T04:00:00Z,6.76,7.63,6.71,7.63,276182
2022-07-20T04:00:00Z,7.24,7.475,6.815,7.005,325234
2022-07-19T04:00:00Z,6.595,7.045,6.345,6.965,274387
2022-07-18T04:00:00Z,5.925,6.875,5.925,6.23,706150
2022-07-15T04:00:00Z,5.475,5.68,5.35,5.545,155940
2022-07-14T04:00:00Z,4.91,5.33,4.72,5.32,147202
2022-07-13T04:00:00Z,4.7,5.02,4.53,4.91,138086
2022-07-12T04:00:00Z,4.82,4.99,4.68,4.83,179253
2022-07-11T04:00:00Z,5.04,5.21,4.83,4.86,240102
2022-07-08T04:00:00Z,5.07,5.81,4.95,5.45,368842
2022-07-07T04:00:00Z,4.65,5.29,4.65,5.28,369150
2022-07-06T04:00:00Z,4.66,4.75,4.47,4.53,142448
2022-07-05T04:00:00Z,4.13,4.745,4.03,4.72,227161
2022-07-01T04:00:00Z,4.2,4.37,4.15,4.26,94226
2022-06-30T04:00:00Z,4.33,4.39,4.12,4.195,209381
2022-06-29T04:00:00Z,4.64,4.64,4.35,4.49,197438
2022-06-28T04:00:00Z,4.99,5.1,4.695,4.75,107989
2022-06-27T04:00:00Z,5.18,5.2,4.67,4.88,319746
2022-06-24T04:00:00Z,5.02,5.4,5.02,5.18,208371
2022-06-23T04:00:00Z,4.76,4.965,4.55,4.935,286625
2022-06-22T04:00:00Z,4.94,5.05,4.55,4.585,315589
2022-06-21T04:00:00Z,4.9,5.505,4.86,5.065,214364
2022-06-17T04:00:00Z,4.52,4.76,4.52,4.63,160729
2022-06-16T04:00:00Z,4.67,4.68,4.37,4.51,219968
2022-06-15T04:00:00Z,4.79,4.99,4.6,4.835,380819
2022-06-14T04:00:00Z,4.705,5.01,4.445,4.895,203623
2022-06-13T04:00:00Z,4.38,4.85,4.38,4.64,244244
2022-06-10T04:00:00Z,5.26,5.46,5.14,5.17,160851
2022-06-09T04:00:00Z,5.88,5.88,5.44,5.47,155544
2022-06-08T04:00:00Z,6.19,6.42,5.935,5.96,125160
2022-06-07T04:00:00Z,6.15,6.22,5.83,6.16,275598
2022-06-06T04:00:00Z,6.515,6.595,6.25,6.37,288196
2022-06-03T04:00:00Z,6.56,6.58,6.115,6.205,359643
2022-06-02T04:00:00Z,6.49,7.055,6.43,6.85,400004
2022-06-01T04:00:00Z,7.24,7.24,6.495,6.52,464227
2022-05-31T04:00:00Z,7.75,7.76,7.05,7.205,411475
2022-05-27T04:00:00Z,6.8,7.295,6.76,7.24,365893
2022-05-26T04:00:00Z,6.09,6.92,5.98,6.72,251165
2022-05-25T04:00:00Z,6.21,6.555,6.19,6.43,114651
2022-05-24T04:00:00Z,6.65,6.78,6.08,6.255,192327
2022-05-23T04:00:00Z,6.955,7.12,6.65,6.87,224645
2022-05-20T04:00:00Z,7.27,7.3,6.475,6.83,283423
2022-05-19T04:00:00Z,7,7.53,6.98,7.115,203761
2022-05-18T04:00:00Z,7.45,7.55,6.8,6.93,276793
2022-05-17T04:00:00Z,7.535,7.82,7.33,7.62,197960
2022-05-16T04:00:00Z,7.82,7.93,7.18,7.18,138471
2022-05-13T04:00:00Z,8.01,8.43,7.73,7.97,401970
2022-05-12T04:00:00Z,6.475,7.445,6.26,7.31,560320
2022-05-11T04:00:00Z,7.095,7.93,6.75,6.845,453284
2022-05-10T04:00:00Z,8.25,8.48,7.26,7.53,364914
2022-05-09T04:00:00Z,8.87,8.92,7.535,7.665,215190
2022-05-06T04:00:00Z,9.96,10.09,9.3,9.485,212248
2022-05-05T04:00:00Z,11.35,11.35,9.915,10.185,123514
2022-05-04T04:00:00Z,10.88,11.64,10.245,11.55,226759
2022-05-03T04:00:00Z,10.81,11.37,10.73,10.84,152912
2022-05-02T04:00:00Z,10.07,10.98,9.765,10.98,282520
2022-04-29T04:00:00Z,10.72,11.46,10.115,10.13,117053
2022-04-28T04:00:00Z,11.11,11.365,10.35,10.92,177797
2022-04-27T04:00:00Z,10.85,11.69,10.82,10.995,194305
2022-04-26T04:00:00Z,12.04,12.04,10.97,11.075,233604
2022-04-25T04:00:00Z,11.56,12.11,11.48,11.995,190669
2022-04-22T04:00:00Z,12.65,13.06,11.825,11.85,196895
2022-04-21T04:00:00Z,14.375,14.71,12.76,12.765,292582
2022-04-20T04:00:00Z,14.94,15.09,13.85,13.955,123178
2022-04-19T04:00:00Z,14.76,15.2,14.31,14.87,154235
2022-04-18T04:00:00Z,14.72,14.98,14.27,14.79,126949
2022-04-14T04:00:00Z,15.96,16.07,14.96,14.96,131374
2022-04-13T04:00:00Z,15.42,16.095,15.41,16,149802
2022-04-12T04:00:00Z,16.29,16.92,15.38,15.46,183829
2022-04-11T04:00:00Z,16.1,16.44,15.48,15.9,107915
2022-04-08T04:00:00Z,17.12,17.51,16.62,16.66,160114
2022-04-07T04:00:00Z,17.59,17.97,16.79,17.41,164797
2022-04-06T04:00:00Z,18.45,18.61,17.39,17.67,276503
2022-04-05T04:00:00Z,20.745,20.96,19.16,19.24,174615
2022-04-04T04:00:00Z,20.66,21.04,20.37,20.71,163110
2022-04-01T04:00:00Z,20.49,21.34,20.32,20.75,186603
2022-03-31T04:00:00Z,22.15,22.85,21.135,21.16,115540
2022-03-30T04:00:00Z,22.53,22.97,21.76,21.99,101937
2022-03-29T04:00:00Z,23.05,23.07,21.58,22.99,140186
2022-03-28T04:00:00Z,22.1,23.63,21.9,22.89,210458
2022-03-25T04:00:00Z,22,22.19,20.33,20.76,129993
2022-03-24T04:00:00Z,21.18,21.58,20.28,21.56,89981
2022-03-23T04:00:00Z,20.48,21.45,19.96,20.86,175561
2022-03-22T04:00:00Z,20.42,21.39,20.29,20.74,192202
2022-03-21T04:00:00Z,19.5,20.41,19.03,19.61,182373
2022-03-18T04:00:00Z,18.2,19.78,17.9,19.54,194288
2022-03-17T04:00:00Z,16.39,18.49,16.39,18.45,227194
2022-03-16T04:00:00Z,15.44,16.42,15.13,16.4,151286
2022-03-15T04:00:00Z,14.17,14.96,13.59,14.91,83082
2022-03-14T04:00:00Z,15,15.2,14.02,14.12,175696
2022-03-11T05:00:00Z,16.64,16.7,15.1,15.12,132979
2022-03-10T05:00:00Z,16.22,16.74,15.87,16.49,146513
2022-03-09T05:00:00Z,16.12,17.17,16.07,16.84,195387
2022-03-08T05:00:00Z,14.85,15.71,14.48,15.09,166979
2022-03-07T05:00:00Z,15.15,15.71,14.67,14.94,156959
2022-03-04T05:00:00Z,15.82,16.28,14.72,14.915,173655
2022-03-03T05:00:00Z,17.68,17.85,15.85,15.945,134991
2022-03-02T05:00:00Z,17.4,17.825,16.83,17.73,115902
2022-03-01T05:00:00Z,18.18,18.22,16.76,17.48,230536
2022-02-28T05:00:00Z,16.14,17.8,16.135,17.23,222138
2022-02-25T05:00:00Z,16.47,16.65,15.6,16.2,199426
2022-02-24T05:00:00Z,13.76,16.37,13.7,16.24,255797
2022-02-23T05:00:00Z,16.57,16.77,15.02,15.07,133116
2022-02-22T05:00:00Z,16.11,16.97,15.71,15.97,129989
2022-02-18T05:00:00Z,17.71,17.78,16.74,16.975,136699
2022-02-17T05:00:00Z,19.2,19.29,17.6,17.76,76416
2022-02-16T05:00:00Z,19.35,19.83,18.98,19.62,85570
2022-02-15T05:00:00Z,19.03,19.84,18.9,19.73,149823
2022-02-14T05:00:00Z,18.57,19.05,17.68,17.92,145569
2022-02-11T05:00:00Z,19.28,20.05,18.11,18.38,148417
2022-02-10T05:00:00Z,18.94,20.81,18.93,19.26,208033
2022-02-09T05:00:00Z,18.7,19.67,18.25,19.66,123747
2022-02-08T05:00:00Z,17.62,18.4,17.23,18.3,156221
2022-02-07T05:00:00Z,17.7,18.52,17.31,17.7,173767
2022-02-04T05:00:00Z,15.18,16.88,14.72,16.58,181485
2022-02-03T05:00:00Z,14.895,15.65,14.65,14.78,141620
2022-02-02T05:00:00Z,16.57,16.68,15.07,15.57,103000
2022-02-01T05:00:00Z,16.6,16.98,15.72,16.68,98262
2022-01-31T05:00:00Z,14.97,16.17,14.68,15.95,115698
2022-01-28T05:00:00Z,13.65,14.77,13.22,14.69,158774
2022-01-27T05:00:00Z,14.38,14.52,13.23,13.44,205371
2022-01-26T05:00:00Z,15.78,16.07,14.07,14.35,248477
2022-01-25T05:00:00Z,14.47,15.185,14.05,14.64,133939
2022-01-24T05:00:00Z,13.42,15.15,12.94,15.12,299555
2022-01-21T05:00:00Z,16.3,16.915,14.91,15,203405
2022-01-20T05:00:00Z,17.88,19.1,17.44,17.48,98252
2022-01-19T05:00:00Z,19.02,19.27,17.4,17.48,124173
2022-01-18T05:00:00Z,19.68,20.18,18.635,18.695,105902
2022-01-14T05:00:00Z,19.72,20.82,19.72,20.69,91331
2022-01-13T05:00:00Z,21.73,21.97,20.07,20.09,134103
2022-01-12T05:00:00Z,21.83,22.09,20.71,21.11,140230
2022-01-11T05:00:00Z,19.67,21.32,19.65,20.84,138594
2022-01-10T05:00:00Z,19.31,20.42,18.81,20.09,129178
2022-01-07T05:00:00Z,19.99,21.02,19.47,20.37,187691
2022-01-06T05:00:00Z,21.15,21.55,19.6,20.48,160049
2022-01-05T05:00:00Z,23.82,24.16,21.2,21.44,215118
2022-01-04T05:00:00Z,23.295,24.56,23.08,24.37,126632
2022-01-03T05:00:00Z,22.48,23.11,21.95,22.72,132681
2021-12-31T05:00:00Z,23.52,23.94,22.32,22.32,124389
2021-12-30T05:00:00Z,22.805,24.37,22.65,23.48,141503
2021-12-29T05:00:00Z,23.14,23.83,22.57,22.99,104507
2021-12-28T05:00:00Z,24.71,24.9,23.29,23.61,104843
2021-12-27T05:00:00Z,25.83,26.77,25.42,25.85,144810
2021-12-23T05:00:00Z,23.41,26.165,23,25.68,213033
2021-12-22T05:00:00Z,23.8,24.8,23.32,23.61,185480
2021-12-21T05:00:00Z,23.5,24.28,23.06,24.05,124160
2021-12-20T05:00:00Z,22.19,23.03,21.71,22.54,222381
2021-12-17T05:00:00Z,23.33,24.03,21.82,23.29,184373
2021-12-16T05:00:00Z,25.74,26.13,23.32,23.87,143160
2021-12-15T05:00:00Z,24.56,26.51,23.05,25.875,272544
2021-12-14T05:00:00Z,23.87,25.43,23.61,24.96,299480
2021-12-13T05:00:00Z,25.49,25.49,23.96,24.36,249551
2021-12-10T05:00:00Z,27.12,27.51,25.39,26,128007
2021-12-09T05:00:00Z,28.73,28.76,26.4,26.5,184376
2021-12-08T05:00:00Z,29.6,30.21,28.83,29.36,114267
2021-12-07T05:00:00Z,29.895,30.61,29.12,29.69,127112
2021-12-06T05:00:00Z,26.49,29.34,25,28.14,241518
2021-12-03T05:00:00Z,33.56,34.06,27.84,28.635,295108
2021-12-02T05:00:00Z,34.84,36.5,31.625,32.96,260971
2021-12-01T05:00:00Z,38.74,40.88,35.27,35.6,239384
2021-11-30T05:00:00Z,38.08,40.05,35.52,37.36,395210
2021-11-29T05:00:00Z,36.33,38.05,33.68,37.42,168078
2021-11-26T05:00:00Z,35,36.31,34.4,35.08,145642
2021-11-24T05:00:00Z,34.36,37.12,33.67,36.99,102667
2021-11-23T05:00:00Z,33.81,36.16,33.42,36.12,266918
2021-11-22T05:00:00Z,36.64,36.93,32.605,33.45,155489
2021-11-19T05:00:00Z,33.95,36.8,33.95,36.18,240662
2021-11-18T05:00:00Z,34.48,35.17,31.49,33.62,220512
2021-11-17T05:00:00Z,37.71,38.19,34.9,35.3,296737
2021-11-16T05:00:00Z,36.46,39.29,35.21,36.9,380942
2021-11-15T05:00:00Z,45.87,46.28,41.1,42.1,353766
2021-11-12T05:00:00Z,39.62,44.285,37.835,44.17,254159
2021-11-11T05:00:00Z,37.43,39.69,37.41,39.47,144301
2021-11-10T05:00:00Z,41.16,41.75,35.84,36.5,381371
2021-11-09T05:00:00Z,40.85,42.78,37.13,39.84,429191
2021-11-08T05:00:00Z,33.925,37.73,33.77,36.65,375570
2021-11-05T04:00:00Z,33,33.25,31.24,31.46,138942
2021-11-04T04:00:00Z,32.74,34.14,32,32.71,278695
2021-11-03T04:00:00Z,31.05,32.965,29.83,32.79,212361
2021-11-02T04:00:00Z,28.93,31.97,28.715,31.88,287928
2021-11-01T04:00:00Z,27.28,28.75,27.03,28.1,127009
2021-10-29T04:00:00Z,27.48,28.2,26.82,27.22,125341
2021-10-28T04:00:00Z,27.53,28,26.37,27.46,158205
2021-10-27T04:00:00Z,27.51,27.77,26.46,26.63,160729
2021-10-26T04:00:00Z,29.45,29.45,28.195,28.44,169036
2021-10-25T04:00:00Z,29.24,30.385,28.92,29.58,218700
2021-10-22T04:00:00Z,29.02,29.42,27.63,28.26,191781
2021-10-21T04:00:00Z,31.3,32.02,29.13,29.41,243713
2021-10-20T04:00:00Z,30.99,32.82,30.45,31.42,203876
2021-10-19T04:00:00Z,30.75,31.76,29.08,30.81,366193
2021-10-18T04:00:00Z,27.845,30.96,27.79,29.8,264653
2021-10-15T04:00:00Z,27.47,28.56,26.68,27.86,345732
2021-10-14T04:00:00Z,26.045,26.38,25.43,26.11,195198
2021-10-13T04:00:00Z,25.45,26.29,24.63,25.64,129868
2021-10-12T04:00:00Z,27.45,27.5,25.16,25.5,187965
2021-10-11T04:00:00Z,26.22,28.87,26.07,27.6,202398
2021-10-08T04:00:00Z,26.44,26.71,25.7,25.81,87615
2021-10-07T04:00:00Z,26.42,26.64,25.6,26.1,89661
2021-10-06T04:00:00Z,27.36,28.03,26.37,26.58,172477
2021-10-05T04:00:00Z,25.44,26.56,25.24,26.34,107829
2021-10-04T04:00:00Z,25.85,25.93,24.365,25.21,85285
2021-10-01T04:00:00Z,27.18,27.26,25.775,26.08,125241
2021-09-30T04:00:00Z,25.47,26.33,25.325,25.7,136098
2021-09-29T04:00:00Z,26.14,26.15,24.825,24.85,170934
2021-09-28T04:00:00Z,27.38,27.74,25.71,25.77,100044
2021-09-27T04:00:00Z,27.91,28.43,27.22,27.78,174389
2021-09-24T04:00:00Z,27.62,28.48,27.18,27.95,126863
2021-09-23T04:00:00Z,28.825,29.5,28.56,29.41,68714
2021-09-22T04:00:00Z,27.3,29.03,27.16,28.71,96841
2021-09-21T04:00:00Z,27.555,27.84,26.97,27.38,70937
2021-09-20T04:00:00Z,27.22,28.295,26.88,27.54,130295
2021-09-17T04:00:00Z,29.39,29.7,28.865,29.325,74091
2021-09-16T04:00:00Z,30.13,30.27,29.1,29.36,79747
2021-09-15T04:00:00Z,29.47,30.44,29.15,30.28,94325
2021-09-14T04:00:00Z,30.06,30.27,28.71,28.83,142790
2021-09-13T04:00:00Z,29.305,30.45,28.915,29.32,112546
2021-09-10T04:00:00Z,31.35,31.67,29.47,29.61,144086
2021-09-09T04:00:00Z,31.12,31.96,30.89,31.36,112277
2021-09-08T04:00:00Z,32.16,32.23,30.32,30.36,70111
2021-09-07T04:00:00Z,34.2,34.69,30.97,32.105,217943
2021-09-03T04:00:00Z,36.6,37.3,34.19,34.44,239719
2021-09-02T04:00:00Z,37.82,38.26,35.95,35.95,313579
2021-09-01T04:00:00Z,37.5,38.67,36.31,36.49,230504
2021-08-31T04:00:00Z,37.81,37.97,36.59,37.3,86017
2021-08-30T04:00:00Z,38.39,38.39,36.78,37.73,78174
2021-08-27T04:00:00Z,36.47,39.33,36.36,38.59,126197
2021-08-26T04:00:00Z,37.42,38.02,35.845,36.3,104052
2021-08-25T04:00:00Z,36.79,38.72,36.71,37.7,95615
2021-08-24T04:00:00Z,36.24,37.58,34.89,37.56,150514
2021-08-23T04:00:00Z,36.555,37.26,35.06,35.73,117751
2021-08-20T04:00:00Z,32.75,35.26,32.75,34.32,86480
2021-08-19T04:00:00Z,31.18,32.68,30.89,32.09,120138
2021-08-18T04:00:00Z,32.58,33.83,31.8,31.83,88839
2021-08-17T04:00:00Z,35.395,35.73,32.46,32.78,61776
2021-08-16T04:00:00Z,36.11,36.945,34.62,35.83,91255
2021-08-13T04:00:00Z,38.09,38.68,35.67,35.8,100598
2021-08-12T04:00:00Z,35.58,37.65,34.78,36.81,74822
2021-08-11T04:00:00Z,39.36,40.79,37.26,37.73,138391
2021-08-10T04:00:00Z,38.17,38.89,36.64,38.3,115084
2021-08-09T04:00:00Z,36.96,39.94,36.56,37.81,256522
2021-08-06T04:00:00Z,33.49,35.74,32.85,34.94,139000
2021-08-05T04:00:00Z,31.77,34.27,30.95,33.61,89660
2021-08-04T04:00:00Z,31.87,33.7,31.87,32.69,88298
2021-08-03T04:00:00Z,32.805,32.975,30.84,31.44,91925
2021-08-02T04:00:00Z,33.005,35.34,32.49,33.48,137857
2021-07-30T04:00:00Z,31.48,33.01,31.47,32.92,62956
2021-07-29T04:00:00Z,33.08,34.01,31.9,31.9,94758
2021-07-28T04:00:00Z,33.125,33.81,32.1,32.985,98294
2021-07-27T04:00:00Z,32.56,33.58,30.66,31.535,94449
2021-07-26T04:00:00Z,32.55,34.7,31.81,34,278933
2021-07-23T04:00:00Z,28.8,29.73,27.11,28.13,120490
2021-07-22T04:00:00Z,29.3,29.4,27.73,28.86,98282
2021-07-21T04:00:00Z,27.96,29.85,27.65,29.18,150760
2021-07-20T04:00:00Z,25.34,26.3,23.97,25.9,106206
2021-07-19T04:00:00Z,25.89,26.86,25.6,25.95,92477
2021-07-16T04:00:00Z,28.4,28.67,27.17,27.285,57551
2021-07-15T04:00:00Z,27.57,29.31,27.43,28.195,67849
2021-07-14T04:00:00Z,30.3,30.67,28.52,28.575,62504
2021-07-13T04:00:00Z,31.45,31.45,30.03,30.045,63990
2021-07-12T04:00:00Z,33.035,33.07,30.86,31.36,74477
2021-07-09T04:00:00Z,34.27,34.44,32.68,32.845,81825
2021-07-08T04:00:00Z,33.55,34.1,32.4,33.68,78149
2021-07-07T04:00:00Z,35.76,36.765,34.98,35.455,102866
2021-07-06T04:00:00Z,36.935,37.2,34.58,35.48,92629
2021-07-02T04:00:00Z,36.35,37.03,35.92,36.24,69596
2021-07-01T04:00:00Z,37.23,37.57,35.88,36.23,90016
2021-06-30T04:00:00Z,36.61,38.2,35.83,37.67,112257
2021-06-29T04:00:00Z,38.04,40.3,37.13,37.74,165977
2021-06-28T04:00:00Z,34.1,36.57,33.43,36.16,162168
2021-06-25T04:00:00Z,33.37,33.59,32.395,32.91,164200
2021-06-24T04:00:00Z,33.12,34.1,32.87,33.99,145595
2021-06-23T04:00:00Z,33.82,34.61,32.34,32.48,133281
2021-06-22T04:00:00Z,29.22,32.49,28.45,32.23,195505
2021-06-21T04:00:00Z,30.37,32.03,30.3,31.53,170062
2021-06-18T04:00:00Z,33.67,34.22,31.72,32.2,113285
2021-06-17T04:00:00Z,33.95,35.91,33.78,34.29,171109
2021-06-16T04:00:00Z,33.84,34.96,33.28,34.17,132591
2021-06-15T04:00:00Z,35.91,36.66,33.86,35.03,198486
2021-06-14T04:00:00Z,34.06,38.02,33.39,35.4,373020
2021-06-11T04:00:00Z,31.26,31.84,30.21,31.025,121557
2021-06-10T04:00:00Z,31.755,32.66,30.44,31.63,254923
2021-06-09T04:00:00Z,28.61,33.08,28.37,31.38,189616
2021-06-08T04:00:00Z,27.51,28.38,25.3,28.06,174745
2021-06-07T04:00:00Z,29.12,29.34,27.9,28.81,81302
2021-06-04T04:00:00Z,27.96,29.15,27.62,29.15,162313
2021-06-03T04:00:00Z,30.39,30.45,28.02,28.31,117659
2021-06-02T04:00:00Z,30.25,31.02,29.14,30.06,185285
2021-06-01T04:00:00Z,27.11,29.83,27.11,29.16,155772
2021-05-28T04:00:00Z,27.38,28.7,26.75,27.14,159980
2021-05-27T04:00:00Z,28.87,29.59,27.31,28.41,297039
2021-05-26T04:00:00Z,26.55,28.61,26.11,27.6,404004
2021-05-25T04:00:00Z,24.93,25.83,24.39,25.09,278211
2021-05-24T04:00:00Z,23.36,26.29,22.78,26.01,362073
2021-05-21T04:00:00Z,24.43,25.44,22.47,22.83,278151
2021-05-20T04:00:00Z,25.95,26.5,23.17,24.12,174425
2021-05-19T04:00:00Z,21.9,24.33,21.63,24.14,368114
2021-05-18T04:00:00Z,23.2,26.74,23.13,25.545,250902
2021-05-17T04:00:00Z,23.4,24.48,22.55,24.295,146018
2021-05-14T04:00:00Z,24,26.8,23.66,26,260086
2021-05-13T04:00:00Z,24.81,26.92,20.72,22.21,439575
2021-05-12T04:00:00Z,28.13,29.54,26.1,26.515,240476
2021-05-11T04:00:00Z,25.95,30.76,25.73,29.77,183116
2021-05-10T04:00:00Z,33.25,33.39,29.905,29.96,233398
2021-05-07T04:00:00Z,33.8,35.39,32.725,33.33,161667
2021-05-06T04:00:00Z,36.42,36.58,32,33.41,164543
2021-05-05T04:00:00Z,38.13,39.02,36.19,36.58,96401
2021-05-04T04:00:00Z,38.45,38.98,35.12,37.51,185453
2021-05-03T04:00:00Z,42.95,44.07,39.33,39.97,224647
2021-04-30T04:00:00Z,40.6,43.34,40.6,41.78,142460
2021-04-29T04:00:00Z,41.845,42.64,39.43,40.29,174636
2021-04-28T04:00:00Z,40.12,44.13,39.53,43.88,249754
2021-04-27T04:00:00Z,41.62,41.76,39.85,40.52,195635
2021-04-26T04:00:00Z,41.335,42.05,39.77,40.78,71003
2021-04-23T04:00:00Z,33.95,38.89,33.52,38.47,174091
2021-04-22T04:00:00Z,40.51,42.02,36.4,36.6,139749
2021-04-21T04:00:00Z,37,41.98,36.07,41.3,185913
2021-04-20T04:00:00Z,40.73,40.98,35.72,38.58,205069
2021-04-19T04:00:00Z,40.42,43.09,38.72,40.91,148610
2021-04-16T04:00:00Z,44.96,47.53,42.83,44.685,83087
2021-04-15T04:00:00Z,50.77,52.32,43.36,48.13,197036
2021-04-14T04:00:00Z,60.62,61.4,49.47,50.155,299147
2021-04-13T04:00:00Z,56.45,59.85,52.86,59.23,234039
2021-04-12T04:00:00Z,52.01,55.62,50.72,51.61,141356
2021-04-09T04:00:00Z,50.48,51.51,47.9,49.59,97836
2021-04-08T04:00:00Z,50.61,51.87,49.41,49.52,58307
2021-04-07T04:00:00Z,49.91,52.95,47.7,48.34,278341
2021-04-06T04:00:00Z,55.7,56.15,52.35,54.04,113982
2021-04-05T04:00:00Z,52.26,57.66,50.6,56.8,90811
2021-04-01T04:00:00Z,54.65,56.82,51.24,52.02,104035
2021-03-31T04:00:00Z,50.685,54.54,49.59,53.245,112471
2021-03-30T04:00:00Z,49.04,52.13,47.69,51.465,118251
2021-03-29T04:00:00Z,51.69,52.66,47.32,47.84,118821
2021-03-26T04:00:00Z,49.55,49.73,46,48.13,55210
2021-03-25T04:00:00Z,39.25,49.23,39.25,48.13,214656
2021-03-24T04:00:00Z,54.11,55.51,45.02,45.71,114751
2021-03-23T04:00:00Z,54.175,57.3,50.02,50.03,152217
2021-03-22T04:00:00Z,59.985,60.65,55.28,55.955,115894
2021-03-19T04:00:00Z,60.65,63.6,59.58,60.9,90862
2021-03-18T04:00:00Z,62.795,67.78,59.29,60.13,203377
2021-03-17T04:00:00Z,54.68,65.1,53.41,64.7,147259
2021-03-16T04:00:00Z,61.68,62.14,55.71,57,102942
2021-03-15T04:00:00Z,62.94,67.59,62.845,63.36,183033
2021-03-12T05:00:00Z,58.18,65.7,57.73,62.76,205775
2021-03-11T05:00:00Z,57.96,63.59,56.78,63.28,246491
2021-03-10T05:00:00Z,57.485,59.18,52.85,56.48,267866
2021-03-09T05:00:00Z,44.25,53.96,43.875,52.145,215449
2021-03-08T05:00:00Z,42.44,43.56,37.8,39.005,100019
2021-03-05T05:00:00Z,44.74,45.03,34.31,40.3,164120
2021-03-04T05:00:00Z,47.31,48.795,41.41,44.18,112526
2021-03-03T05:00:00Z,54.26,54.6,48.63,49.4,182926
2021-03-02T05:00:00Z,56.69,56.97,48.67,49.18,161023
2021-03-01T05:00:00Z,49.17,53.785,46.61,53.575,171077
2021-02-26T05:00:00Z,41.99,47.63,40.69,43.59,175368
2021-02-25T05:00:00Z,54.33,55.7,45.35,45.64,140399
2021-02-24T05:00:00Z,53.475,56.41,50.95,52.265,256098
2021-02-23T05:00:00Z,53.71,56.67,45.09,48.79,339250
2021-02-22T05:00:00Z,60.62,69.38,59.71,64.83,531165
2021-02-19T05:00:00Z,68.67,77.695,67.51,71.42,451164
2021-02-18T05:00:00Z,72.56,78.71,58.87,62.1,804970
2021-02-17T05:00:00Z,67.3,79.43,61.75,77.72,545706
2021-02-16T05:00:00Z,55.02,61.23,54.35,59.67,488638
2021-02-12T05:00:00Z,45.95,52.7,43.86,49.17,566584
2021-02-11T05:00:00Z,42.17,46.59,41.03,43.025,345020
2021-02-10T05:00:00Z,36.92,39.57,32.31,36.5,213771
2021-02-09T05:00:00Z,35.52,41.76,33.325,39.83,624196
2021-02-08T05:00:00Z,27.3,32.88,25.97,32.73,606410
2021-02-05T05:00:00Z,23.52,24.3,22.93,23.37,106613
2021-02-04T05:00:00Z,23.48,23.48,21.45,23.06,152126
2021-02-03T05:00:00Z,22.08,23.54,21.78,22.85,205182
2021-02-02T05:00:00Z,20.56,22.18,19.64,21.47,206397
2021-02-01T05:00:00Z,20.2,20.46,18.69,20,162185
2021-01-29T05:00:00Z,24.5,24.6,19.7,20.52,288087
2021-01-28T05:00:00Z,18.52,22.25,17.83,19.87,346269
2021-01-27T05:00:00Z,17.8,18.91,16.76,17.955,120478
2021-01-26T05:00:00Z,18.98,20.3,18.37,19.29,116175
2021-01-25T05:00:00Z,22.02,22.21,19.26,19.64,141118
2021-01-22T05:00:00Z,20.3,22.5,20.3,20.97,168605
2021-01-21T05:00:00Z,19.125,20.435,17.92,19.335,420653
2021-01-20T05:00:00Z,24.22,24.24,20.72,22.27,183460
2021-01-19T05:00:00Z,26.815,27.17,24.78,25.2,119842
2021-01-15T05:00:00Z,26.92,27.15,24.57,25.78,170574
2021-01-14T05:00:00Z,25.91,29.22,25.6,28.82,304654
2021-01-13T05:00:00Z,23.62,25.05,22.61,23.88,169947
2021-01-12T05:00:00Z,23.21,24.905,22.12,24.225,171747
2021-01-11T05:00:00Z,21.01,23.905,20.29,22.64,414771
2021-01-08T05:00:00Z,24.78,27.35,23.65,26.64,559471
2021-01-07T05:00:00Z,20.74,24.69,19.95,22.74,497093
2021-01-06T05:00:00Z,18.83,20.65,18.205,19.265,378440
2021-01-05T05:00:00Z,15.54,18.64,15.38,18.4,372423
2021-01-04T05:00:00Z,18.655,19.21,15.88,16.48,248967
2020-12-31T05:00:00Z,17.48,18.66,16.43,16.995,445610
2020-12-30T05:00:00Z,16.99,18.15,16.47,17.25,315516
2020-12-29T05:00:00Z,15.6,16.405,14.23,15.78,259003
2020-12-28T05:00:00Z,15.45,17.41,14.75,15.65,336904
2020-12-24T05:00:00Z,14.07,14.87,12.83,13.1,142884
2020-12-23T05:00:00Z,14.975,15,13.33,13.96,297837
2020-12-22T05:00:00Z,11.915,15.65,11.645,14.64,626208
2020-12-21T05:00:00Z,9.89,11.315,9.84,11.01,136575
2020-12-18T05:00:00Z,9.96,10.58,9.68,10.015,156646
2020-12-17T05:00:00Z,11.645,11.83,10.33,10.39,341999
2020-12-16T05:00:00Z,11.3,11.63,10.54,10.735,424615
2020-12-15T05:00:00Z,9.25,10.28,9.13,10.17,175554
2020-12-14T05:00:00Z,9.34,9.88,8.91,9.14,191157
2020-12-11T05:00:00Z,8.89,9.26,8.445,8.665,91393
2020-12-10T05:00:00Z,8.5,9.58,8.49,9.325,104370
2020-12-09T05:00:00Z,9.99,10.09,8.38,8.845,149817
2020-12-08T05:00:00Z,10.69,10.87,9.42,9.865,116188
2020-12-07T05:00:00Z,9.6,11.28,9.54,10.63,218142
2020-12-04T05:00:00Z,9.41,10.58,9.13,9.98,253792
2020-12-03T05:00:00Z,8.83,10.11,8.53,9.655,201733
2020-12-02T05:00:00Z,8.42,8.53,7.805,8.53,128567
2020-12-01T05:00:00Z,8.19,9.06,7.83,8.805,352611
2020-11-30T05:00:00Z,7.08,8.47,6.92,8.425,260258
2020-11-27T05:00:00Z,6.13,6.57,6.03,6.225,77912
2020-11-25T05:00:00Z,7.09,7.55,6.85,7.085,105105
2020-11-24T05:00:00Z,7.58,7.59,6.47,6.82,283798
2020-11-23T05:00:00Z,6.31,7.38,6.19,7.215,490849
2020-11-20T05:00:00Z,6.17,6.555,5.83,6.005,321098
2020-11-19T05:00:00Z,5.47,5.995,5.415,5.99,158962
2020-11-18T05:00:00Z,6.405,6.405,5.06,5.245,461257
2020-11-17T05:00:00Z,4.205,6.29,4.08,6.1,875082
2020-11-16T05:00:00Z,3.95,4.16,3.82,4.095,74546
2020-11-13T05:00:00Z,3.775,4.12,3.6,3.965,112002
2020-11-12T05:00:00Z,3.72,3.8,3.54,3.695,66843
2020-11-11T05:00:00Z,3.47,3.745,3.42,3.585,53730
2020-11-10T05:00:00Z,3.445,3.47,3.2,3.435,44528
2020-11-09T05:00:00Z,3.51,3.61,3.34,3.505,84190
2020-11-06T05:00:00Z,3.81,3.81,3.61,3.64,55641
2020-11-05T05:00:00Z,3.79,3.97,3.67,3.745,106622
2020-11-04T05:00:00Z,3.55,3.725,3.39,3.54,85831
2020-11-03T05:00:00Z,3.36,3.58,3.32,3.51,59901
2020-11-02T05:00:00Z,3.255,3.39,3.145,3.285,28741
2020-10-30T04:00:00Z,3.5,3.54,3.18,3.255,115169
2020-10-29T04:00:00Z,3.555,3.71,3.44,3.535,37703
2020-10-28T04:00:00Z,3.73,3.82,3.4,3.5,85472
2020-10-27T04:00:00Z,4.03,4.14,3.87,4.01,69887
2020-10-26T04:00:00Z,4,4.03,3.63,3.83,102365
2020-10-23T04:00:00Z,3.92,4,3.68,3.905,117447
2020-10-22T04:00:00Z,4.19,4.23,3.83,4.045,155913
2020-10-21T04:00:00Z,3.9,4.12,3.77,3.98,147367
2020-10-20T04:00:00Z,3.46,3.765,3.45,3.52,107092
2020-10-19T04:00:00Z,3.32,3.545,3.27,3.29,71280
2020-10-16T04:00:00Z,3.33,3.34,3.115,3.125,48010
2020-10-15T04:00:00Z,3.13,3.45,3.08,3.38,38874
2020-10-14T04:00:00Z,3.34,3.475,3.22,3.25,28636
2020-10-13T04:00:00Z,3.44,3.47,3.225,3.375,59403
2020-10-12T04:00:00Z,3.24,3.64,3.175,3.5,138495
2020-10-09T04:00:00Z,3.08,3.13,2.97,3.1,50122
2020-10-08T04:00:00Z,2.77,3.07,2.73,2.915,70242
2020-10-07T04:00:00Z,2.58,2.64,2.56,2.635,15792
2020-10-06T04:00:00Z,2.62,2.655,2.545,2.57,18884
2020-10-05T04:00:00Z,2.61,2.68,2.57,2.665,23747
2020-10-02T04:00:00Z,2.54,2.6,2.5,2.585,17538
2020-10-01T04:00:00Z,2.7,2.72,2.635,2.645,8597
2020-09-30T04:00:00Z,2.72,2.72,2.65,2.67,4516
2020-09-29T04:00:00Z,2.72,2.77,2.7,2.755,6965
2020-09-28T04:00:00Z,2.75,2.8,2.675,2.74,12652
2020-09-25T04:00:00Z,2.69,2.775,2.62,2.695,7742
2020-09-24T04:00:00Z,2.5,2.77,2.38,2.7,14678
2020-09-23T04:00:00Z,2.89,2.915,2.605,2.605,10761
2020-09-22T04:00:00Z,2.92,2.92,2.84,2.895,7159
2020-09-21T04:00:00Z,2.89,3.03,2.77,2.9,6161
2020-09-18T04:00:00Z,3.01,3.045,2.88,3.025,8353
2020-09-17T04:00:00Z,2.94,3.045,2.94,2.975,3815
2020-09-16T04:00:00Z,3.01,3.26,2.975,3.055,12504
2020-09-15T04:00:00Z,3.12,3.13,2.96,2.97,7843
2020-09-14T04:00:00Z,2.97,3.11,2.89,3.01,10792
2020-09-11T04:00:00Z,2.835,2.945,2.75,2.885,6587
2020-09-10T04:00:00Z,3.05,3.16,2.795,2.795,11861
2020-09-09T04:00:00Z,2.945,3.09,2.93,2.945,15284
2020-09-08T04:00:00Z,2.745,3.015,2.63,2.795,48167
2020-09-04T04:00:00Z,3.1,3.18,2.555,3.085,40843
2020-09-03T04:00:00Z,3.15,3.28,3.06,3.145,16342
2020-09-02T04:00:00Z,3.48,3.48,3.305,3.415,9616
2020-09-01T04:00:00Z,3.48,3.86,3.43,3.75,34287
2020-08-31T04:00:00Z,3.68,3.69,3.375,3.48,10121
2020-08-28T04:00:00Z,3.28,3.65,3.26,3.585,18215
2020-08-27T04:00:00Z,3.46,3.48,3.19,3.265,16375
2020-08-26T04:00:00Z,3.36,3.555,3.36,3.405,19981
2020-08-25T04:00:00Z,3.41,3.59,3.19,3.565,19895
2020-08-24T04:00:00Z,3.7,3.7,3.52,3.595,13350
2020-08-21T04:00:00Z,3.86,3.91,3.68,3.725,24814
2020-08-20T04:00:00Z,3.83,4.05,3.815,3.97,15697
2020-08-19T04:00:00Z,3.82,4.06,3.64,3.68,19935
2020-08-18T04:00:00Z,4.03,4.18,3.92,4.005,22442
2020-08-17T04:00:00Z,4,4.39,3.85,4.095,62930
2020-08-14T04:00:00Z,3.53,3.835,3.4,3.745,24913
2020-08-13T04:00:00Z,3.455,3.705,3.07,3.6,31251
2020-08-12T04:00:00Z,3.75,3.82,3.515,3.52,11935
2020-08-11T04:00:00Z,3.7,4.04,3.545,3.58,33458
2020-08-10T04:00:00Z,4.25,4.25,4.02,4.1,21073
2020-08-07T04:00:00Z,4.1,4.1,3.535,3.755,17872
2020-08-06T04:00:00Z,4.34,4.565,4.065,4.235,33390
2020-08-05T04:00:00Z,4,4.42,3.855,3.955,29540
2020-08-04T04:00:00Z,3.195,3.635,3.055,3.38,21624
2020-08-03T04:00:00Z,2.92,3.99,2.8,3.48,73951
2020-07-31T04:00:00Z,2.5,2.795,2.435,2.615,28824
2020-07-30T04:00:00Z,2.53,2.595,2.405,2.525,12417
2020-07-29T04:00:00Z,2.89,2.905,2.72,2.735,33429
2020-07-28T04:00:00Z,2.755,3.19,2.67,2.755,102101
2020-07-27T04:00:00Z,2.67,3.075,2.48,2.63,172259
