2024-06-14T04:00:00Z,10.91,11.23,10.815,10.87,190511
2024-06-13T04:00:00Z,11.84,11.885,11.075,11.1,459826
2024-06-12T04:00:00Z,12.26,12.435,11.73,11.795,357886
2024-06-11T04:00:00Z,11.77,11.865,11.535,11.835,222218
2024-06-10T04:00:00Z,11.39,11.96,11.39,11.89,256030
2024-06-07T04:00:00Z,11.51,11.895,11.355,11.53,323582
2024-06-06T04:00:00Z,11.27,11.805,11.15,11.735,327608
2024-06-05T04:00:00Z,11.26,11.5,11.1,11.45,216735
2024-06-04T04:00:00Z,11.305,11.49,11.12,11.24,362747
2024-06-03T04:00:00Z,11.09,11.42,10.765,11.42,371966
2024-05-31T04:00:00Z,10.85,11.09,10.47,10.93,443588
2024-05-30T04:00:00Z,10.33,11.22,10.305,10.965,671150
2024-05-29T04:00:00Z,10.155,10.34,9.975,10.23,322974
2024-05-28T04:00:00Z,10.46,10.67,10.31,10.425,361463
2024-05-24T04:00:00Z,10.045,10.45,10.02,10.44,236004
2024-05-23T04:00:00Z,10.53,10.53,9.89,9.955,581830
2024-05-22T04:00:00Z,10.03,10.74,9.95,10.71,380137
2024-05-21T04:00:00Z,10.24,10.35,9.99,10.055,232722
2024-05-20T04:00:00Z,10.4,10.595,10.21,10.29,292708
2024-05-17T04:00:00Z,10.07,10.51,9.91,10.51,149398
2024-05-16T04:00:00Z,10.25,10.41,10.085,10.14,335026
2024-05-15T04:00:00Z,11.07,11.105,10.14,10.21,903395
2024-05-14T04:00:00Z,11.49,12.115,11.11,11.185,1171795
2024-05-13T04:00:00Z,10.05,11.19,10.045,10.915,1138759
2024-05-10T04:00:00Z,10.2,10.355,9.85,9.99,278437
2024-05-09T04:00:00Z,10.3,10.45,10.05,10.225,371687
2024-05-08T04:00:00Z,9.51,10.28,9.26,10.28,726238
2024-05-07T04:00:00Z,11.135,11.21,10.075,10.26,1159279
2024-05-06T04:00:00Z,10.19,10.49,10.08,10.34,367497
2024-05-03T04:00:00Z,10.17,10.39,9.9,10.09,686181
2024-05-02T04:00:00Z,9.5,10.12,9.225,9.835,1047213
2024-05-01T04:00:00Z,8.845,9.54,8.845,9.205,328650
2024-04-30T04:00:00Z,9.12,9.185,8.91,8.91,281399
2024-04-29T04:00:00Z,9.215,9.395,9.025,9.37,357062
2024-04-26T04:00:00Z,8.525,9.04,8.515,9.035,327689
2024-04-25T04:00:00Z,8.61,8.68,8.465,8.515,318592
2024-04-24T04:00:00Z,9.19,9.19,8.7,8.835,711269
2024-04-23T04:00:00Z,8.695,9.24,8.695,9.03,458134
2024-04-22T04:00:00Z,8.445,8.855,8.32,8.785,519186
2024-04-19T04:00:00Z,8.665,8.875,8.575,8.62,256760
2024-04-18T04:00:00Z,8.65,9.08,8.38,8.84,532153
2024-04-17T04:00:00Z,8.75,9.01,8.73,8.73,512180
2024-04-16T04:00:00Z,8.35,8.86,8.275,8.7,541162
2024-04-15T04:00:00Z,9.11,9.15,8.32,8.395,1527592
2024-04-12T04:00:00Z,9.455,9.505,9.085,9.12,923023
2024-04-11T04:00:00Z,10.245,10.285,9.38,9.56,1564504
2024-04-10T04:00:00Z,10.23,10.395,10.11,10.265,296528
2024-04-09T04:00:00Z,10.46,10.685,10.4,10.63,309129
2024-04-08T04:00:00Z,10.195,10.495,10.16,10.44,379328
2024-04-05T04:00:00Z,10.05,10.365,10.015,10.1,633751
2024-04-04T04:00:00Z,10.6,10.695,10.13,10.13,474069
2024-04-03T04:00:00Z,10.44,10.79,10.4,10.55,327038
2024-04-02T04:00:00Z,10.76,10.8,10.27,10.49,714049
2024-04-01T04:00:00Z,11.005,11.13,10.78,11.095,301780
2024-03-28T04:00:00Z,10.9,11.49,10.89,10.95,728523
2024-03-27T04:00:00Z,10.605,11.065,10.48,10.985,498701
2024-03-26T04:00:00Z,10.86,11.03,10.505,10.525,365423
2024-03-25T04:00:00Z,10.65,11.13,10.36,10.66,722095
2024-03-22T04:00:00Z,11,11,10.71,10.8,342649
2024-03-21T04:00:00Z,11.335,11.42,11.08,11.185,340446
2024-03-20T04:00:00Z,11.125,11.45,10.97,11.355,337527
2024-03-19T04:00:00Z,11.155,11.37,10.97,11.26,352028
2024-03-18T04:00:00Z,11.17,11.55,10.76,11.415,470849
2024-03-15T04:00:00Z,10.96,11.27,10.875,11.035,1217016
2024-03-14T04:00:00Z,11.51,11.57,10.545,10.69,935496
2024-03-13T04:00:00Z,11.88,12.37,11.645,11.72,597156
2024-03-12T04:00:00Z,12.73,12.85,11.98,12.375,515481
2024-03-11T04:00:00Z,12.79,13.51,12.56,12.68,942857
2024-03-08T05:00:00Z,13.105,13.635,12.43,12.77,1560014
2024-03-07T05:00:00Z,11.57,12.74,11.045,12.5,2838675
2024-03-06T05:00:00Z,10.98,11.12,10.74,11.03,301394
2024-03-05T05:00:00Z,10.73,11.195,10.64,10.94,758375
2024-03-04T05:00:00Z,10.895,11.07,10.56,10.905,671945
2024-03-01T05:00:00Z,11.2,11.585,11.01,11.355,710175
2024-02-29T05:00:00Z,11.5,11.745,11.02,11.31,1141042
2024-02-28T05:00:00Z,11,11.54,10.775,11.295,1154061
2024-02-27T05:00:00Z,11,11.25,10.56,11.135,1942056
2024-02-26T05:00:00Z,10.19,10.915,10.06,10.7,1960122
2024-02-23T05:00:00Z,10.935,11.015,10.06,10.07,3839847
2024-02-22T05:00:00Z,11.98,12.18,11.065,11.45,5227683
2024-02-21T05:00:00Z,15.62,16.05,15.185,15.41,685995
2024-02-20T05:00:00Z,16.18,16.5,15.465,15.895,438849
2024-02-16T05:00:00Z,16.245,16.72,16.065,16.315,483035
2024-02-15T05:00:00Z,15.6,16.53,15.59,16.33,461130
2024-02-14T05:00:00Z,15.53,15.83,15.38,15.555,328821
2024-02-13T05:00:00Z,15.5,15.5,15.035,15.39,688544
2024-02-12T05:00:00Z,15.86,16.79,15.85,16.315,482063
2024-02-09T05:00:00Z,16.51,16.81,16.27,16.66,692613
2024-02-08T05:00:00Z,15.18,16.12,15.15,16.12,484987
2024-02-07T05:00:00Z,15.6,15.73,15.115,15.15,356111
2024-02-06T05:00:00Z,15.04,15.52,14.775,15.505,256174
2024-02-05T05:00:00Z,15.285,15.325,14.735,14.92,413213
2024-02-02T05:00:00Z,15.18,15.655,15.01,15.595,296161
2024-02-01T05:00:00Z,15.525,15.73,14.97,15.53,381805
2024-01-31T05:00:00Z,15.57,16.235,15.31,15.315,434020
2024-01-30T05:00:00Z,15.96,16.31,15.655,15.655,306016
2024-01-29T05:00:00Z,15.415,16.14,15.035,16.125,638994
2024-01-26T05:00:00Z,15.18,15.48,15.04,15.27,558382
2024-01-25T05:00:00Z,15.01,15.275,14.59,14.99,682530
2024-01-24T05:00:00Z,16.34,16.49,15.26,15.335,488096
2024-01-23T05:00:00Z,16.625,16.85,15.845,16.045,392684
2024-01-22T05:00:00Z,15.605,16.8,15.44,16.025,748168
2024-01-19T05:00:00Z,15.74,15.855,15.16,15.485,685142
2024-01-18T05:00:00Z,17.005,17.005,15.36,15.74,755140
2024-01-17T05:00:00Z,17.06,17.15,16.29,16.75,632187
2024-01-16T05:00:00Z,17.73,17.99,17.08,17.815,380279
2024-01-12T05:00:00Z,18.37,18.845,17.8,18.04,445502
2024-01-11T05:00:00Z,18.99,19.115,18.29,18.78,304955
2024-01-10T05:00:00Z,19.31,19.39,18.88,19.06,188986
2024-01-09T05:00:00Z,19.585,19.75,19.17,19.235,190139
2024-01-08T05:00:00Z,19.05,19.57,18.91,19.57,224345
2024-01-05T05:00:00Z,19.32,19.885,19,19.08,603468
2024-01-04T05:00:00Z,19.91,20.285,19.475,19.495,364666
2024-01-03T05:00:00Z,20.435,20.655,19.66,20.305,419486
2024-01-02T05:00:00Z,21.855,21.86,20.775,21.095,542263
2023-12-29T05:00:00Z,23.48,23.89,23.1,23.48,216661
2023-12-28T05:00:00Z,23.64,24.295,23.5,23.54,200598
2023-12-27T05:00:00Z,23.765,23.79,23.14,23.735,127968
2023-12-26T05:00:00Z,23.45,24.61,23.32,23.6,325022
2023-12-22T05:00:00Z,23.71,23.75,22.82,23.205,212359
2023-12-21T05:00:00Z,23.565,24.105,23.4,23.58,259199
2023-12-20T05:00:00Z,24.09,24.56,23.15,23.17,400789
2023-12-19T05:00:00Z,23.97,24.515,23.82,24.33,310469
2023-12-18T05:00:00Z,22.59,24.165,22.53,23.78,698279
2023-12-15T05:00:00Z,22.775,22.99,21.65,22.85,664147
2023-12-14T05:00:00Z,20.315,22.53,20.315,22.43,1025078
2023-12-13T05:00:00Z,18.25,19.69,17.94,19.68,603856
2023-12-12T05:00:00Z,18.865,18.865,17.76,18.19,407976
2023-12-11T05:00:00Z,19.12,19.285,18.78,18.95,217887
2023-12-08T05:00:00Z,19.035,19.54,18.625,19.045,371855
2023-12-07T05:00:00Z,18.87,19.23,18.3,19.18,346770
2023-12-06T05:00:00Z,17.68,19.415,17.42,18.38,658281
2023-12-05T05:00:00Z,17.595,18.02,17.3,17.39,242950
2023-12-04T05:00:00Z,17.74,18.25,17.525,17.73,619938
2023-12-01T05:00:00Z,16.8,18.07,16.645,18.04,739838
2023-11-30T05:00:00Z,17.53,17.58,16.69,16.78,331758
2023-11-29T05:00:00Z,17.75,18.265,17.265,17.325,1049722
2023-11-28T05:00:00Z,16.755,17.425,16.17,17.425,426084
2023-11-27T05:00:00Z,16.295,16.75,16.1,16.65,357138
2023-11-24T05:00:00Z,15.91,16.46,15.78,16.42,127150
2023-11-22T05:00:00Z,16.08,16.13,15.755,15.975,208981
2023-11-21T05:00:00Z,16.65,16.96,15.72,15.72,628529
2023-11-20T05:00:00Z,16.9,17.15,16.765,16.92,295293
2023-11-17T05:00:00Z,16.5,16.95,16.31,16.695,679724
2023-11-16T05:00:00Z,17.06,17.14,15.94,16.4,588123
2023-11-15T05:00:00Z,16.55,17.745,16.25,17.24,709739
2023-11-14T05:00:00Z,16.87,17.21,16.58,16.895,792015
2023-11-13T05:00:00Z,15.335,16.38,15.29,16.19,675249
2023-11-10T05:00:00Z,15.36,15.76,15.12,15.405,754456
2023-11-09T05:00:00Z,16.87,17.37,15.325,15.34,908020
2023-11-08T05:00:00Z,18.58,18.76,16.335,16.995,2071062
2023-11-07T05:00:00Z,17.15,17.53,16.77,17.41,1096933
2023-11-06T05:00:00Z,18.015,18.12,16.885,17.18,577691
2023-11-03T04:00:00Z,17.945,18.42,17.655,17.7,569411
2023-11-02T04:00:00Z,16.71,17.89,16.65,17.58,759798
2023-11-01T04:00:00Z,16.24,16.285,15.89,16.13,315347
2023-10-31T04:00:00Z,15.725,16.425,15.46,16.21,687500
2023-10-30T04:00:00Z,15.93,16.245,15.29,15.705,656400
2023-10-27T04:00:00Z,16.69,16.8,15.935,16.02,422413
2023-10-26T04:00:00Z,16.885,16.97,15.885,16.16,488450
2023-10-25T04:00:00Z,17.325,17.58,16.965,17.015,353905
2023-10-24T04:00:00Z,17.37,17.625,17,17.43,482788
2023-10-23T04:00:00Z,16.515,17.645,16.09,17.08,414771
2023-10-20T04:00:00Z,17.005,17.38,16.63,16.71,697728
2023-10-19T04:00:00Z,17.77,17.985,17.075,17.14,725206
2023-10-18T04:00:00Z,19.73,19.73,17.9,18.09,811900
2023-10-17T04:00:00Z,19.29,20.215,19.24,19.9,763036
2023-10-16T04:00:00Z,19.195,19.785,19.195,19.655,723232
2023-10-13T04:00:00Z,19.32,19.46,18.79,19.29,486366
2023-10-12T04:00:00Z,19.36,19.88,18.74,19.33,529381
2023-10-11T04:00:00Z,19.855,20.175,19.1,19.375,568218
2023-10-10T04:00:00Z,19.345,19.97,19.12,19.65,830469
2023-10-09T04:00:00Z,18.28,18.965,17.795,18.8,497933
2023-10-06T04:00:00Z,17.69,19,17.655,18.92,2002889
2023-10-05T04:00:00Z,21.2,21.385,18.01,18.255,5377412
2023-10-04T04:00:00Z,21.69,23.74,21.595,23.7,379755
2023-10-03T04:00:00Z,23.17,23.41,21.57,21.68,358423
2023-10-02T04:00:00Z,23.92,24.855,23.375,23.655,678742
2023-09-29T04:00:00Z,23.48,24.495,23.415,24.295,340220
2023-09-28T04:00:00Z,23.05,23.23,22.24,23.06,305678
2023-09-27T04:00:00Z,22.635,23.33,22,23.045,368577
2023-09-26T04:00:00Z,21.48,22.66,21.115,22.27,484891
2023-09-25T04:00:00Z,20.39,21.66,20.03,21.135,388236
2023-09-22T04:00:00Z,21.58,21.9,20.585,20.6,320042
2023-09-21T04:00:00Z,21.775,22.19,21.52,21.525,197616
2023-09-20T04:00:00Z,23,23.415,22.38,22.39,230217
2023-09-19T04:00:00Z,23.51,23.51,21.82,22.75,397746
2023-09-18T04:00:00Z,24.06,24.42,23.43,23.71,177798
2023-09-15T04:00:00Z,24.28,24.61,23.68,24.185,272061
2023-09-14T04:00:00Z,23.22,24.14,23.19,24.105,309120
2023-09-13T04:00:00Z,23.495,23.76,23.205,23.255,239779
2023-09-12T04:00:00Z,23.15,24.46,23.08,23.585,380352
2023-09-11T04:00:00Z,23.49,23.935,22.9,23.41,303622
2023-09-08T04:00:00Z,23.38,23.735,22.76,23.12,213296
2023-09-07T04:00:00Z,22.49,23.48,22.45,23.43,275148
2023-09-06T04:00:00Z,23.25,23.415,22.505,23.26,251165
2023-09-05T04:00:00Z,23.15,23.68,23.145,23.39,319526
2023-09-01T04:00:00Z,23.015,23.755,22.47,23.29,259229
2023-08-31T04:00:00Z,23.04,23.445,22.375,22.715,199935
2023-08-30T04:00:00Z,22.085,22.92,22.02,22.87,308680
2023-08-29T04:00:00Z,20.4,22.33,20.38,22.305,539262
2023-08-28T04:00:00Z,20.3,20.73,20,20.54,238784
2023-08-25T04:00:00Z,19.92,20.31,19.58,20.08,268426
2023-08-24T04:00:00Z,20.21,20.215,19.5,19.635,207349
2023-08-23T04:00:00Z,19.75,20.49,19.63,20.305,673689
2023-08-22T04:00:00Z,21.38,21.465,19.77,20.1,636092
2023-08-21T04:00:00Z,20.875,21.31,20.75,21.16,289886
2023-08-18T04:00:00Z,20.26,21.165,20.19,20.77,409266
2023-08-17T04:00:00Z,21.06,21.79,20.66,20.955,442516
2023-08-16T04:00:00Z,20.36,21.445,20.23,21.04,323451
2023-08-15T04:00:00Z,21.69,21.81,20.45,20.78,375938
2023-08-14T04:00:00Z,20.845,21.8,20.52,21.575,654645
2023-08-11T04:00:00Z,21.93,21.95,21.29,21.57,497380
2023-08-10T04:00:00Z,22.65,22.88,21.515,21.905,608226
2023-08-09T04:00:00Z,24.815,25.7,22.265,22.32,1260983
2023-08-08T04:00:00Z,23.775,25.245,23.605,24.805,720066
2023-08-07T04:00:00Z,25.675,25.69,23.635,24.29,473560
2023-08-04T04:00:00Z,26.83,26.83,25.2,25.27,640012
2023-08-03T04:00:00Z,25.38,27.01,25.38,26.5,236298
2023-08-02T04:00:00Z,26.4,26.45,24.93,25.94,420498
2023-08-01T04:00:00Z,27.17,27.63,26.39,27.32,434001
2023-07-31T04:00:00Z,26.96,27.75,26.62,27.66,308238
2023-07-28T04:00:00Z,26.63,27.46,26.36,26.94,516609
2023-07-27T04:00:00Z,28.035,28.035,25.905,26.07,637616
2023-07-26T04:00:00Z,25.46,27.62,25.46,27.145,701961
2023-07-25T04:00:00Z,25.98,26.54,25.2,25.365,498929
2023-07-24T04:00:00Z,25.32,26.365,24.76,25.795,565431
2023-07-21T04:00:00Z,26.54,27.14,24.32,25.25,708903
2023-07-20T04:00:00Z,24.45,26.125,23.86,25.79,564198
2023-07-19T04:00:00Z,25.4,26.02,24.65,24.82,617710
2023-07-18T04:00:00Z,23.81,25.82,23.76,24.685,697984
2023-07-17T04:00:00Z,24.02,24.56,23.24,23.99,610167
2023-07-14T04:00:00Z,25.39,25.765,24.545,24.81,501717
2023-07-13T04:00:00Z,25.81,26.885,25.19,25.49,959767
2023-07-12T04:00:00Z,25.36,26.26,23.71,25.89,1077773
2023-07-11T04:00:00Z,24.81,25.73,24.32,24.835,886000
2023-07-10T04:00:00Z,25.515,26.6,23.58,25.48,1575667
2023-07-07T04:00:00Z,22.93,25.63,22.62,24.67,2784409
2023-07-06T04:00:00Z,20.06,21.76,19.64,21.59,1163408
2023-07-05T04:00:00Z,20.715,21.035,19.445,20.46,1512545
2023-07-03T04:00:00Z,17.85,19.69,17.85,19.59,1023943
2023-06-30T04:00:00Z,16.23,16.75,15.78,16.67,884210
2023-06-29T04:00:00Z,14.69,16.005,14.625,16,759761
2023-06-28T04:00:00Z,13.9,14.865,13.83,14.63,685652
2023-06-27T04:00:00Z,13.72,13.95,13.3,13.95,710553
2023-06-26T04:00:00Z,13.59,13.96,13.38,13.415,455752
2023-06-23T04:00:00Z,13.95,13.965,13.5,13.51,374096
2023-06-22T04:00:00Z,14.42,14.65,14.03,14.14,491185
2023-06-21T04:00:00Z,15.84,16.31,14.42,14.615,787612
2023-06-20T04:00:00Z,15.24,15.81,15.06,15.695,663710
2023-06-16T04:00:00Z,15.37,16.07,14.73,14.88,1414879
2023-06-15T04:00:00Z,14.495,15.56,14.4,15.23,571156
2023-06-14T04:00:00Z,15.15,15.39,14.535,14.77,388401
2023-06-13T04:00:00Z,14.21,15.455,14.095,15.24,642131
2023-06-12T04:00:00Z,13.95,14.685,13.615,13.98,900265
2023-06-09T04:00:00Z,14.3,14.86,13.83,13.86,399185
2023-06-08T04:00:00Z,13.86,14.165,13.655,14.03,338405
2023-06-07T04:00:00Z,14.675,14.755,13.815,13.84,511358
2023-06-06T04:00:00Z,14.185,14.9,14.115,14.485,442400
2023-06-05T04:00:00Z,14.575,14.66,14.03,14.335,539145
2023-06-02T04:00:00Z,14.99,15.07,14.46,14.47,442375
2023-06-01T04:00:00Z,14.43,14.915,14.025,14.575,410164
2023-05-31T04:00:00Z,14.86,15,14.38,14.75,531532
2023-05-30T04:00:00Z,15.59,15.65,14.44,14.875,546492
2023-05-26T04:00:00Z,14.74,15.46,14.71,15.115,441634
2023-05-25T04:00:00Z,14.26,14.655,14.15,14.56,308470
2023-05-24T04:00:00Z,13.91,14.42,13.605,14.38,339038
2023-05-23T04:00:00Z,14.02,14.76,14.01,14.205,275662
2023-05-22T04:00:00Z,13.47,14.36,13.41,14.225,304737
2023-05-19T04:00:00Z,13.52,14.28,13.29,13.475,446552
2023-05-18T04:00:00Z,13.375,13.56,13.055,13.545,228613
2023-05-17T04:00:00Z,13.06,13.455,13.04,13.42,296491
2023-05-16T04:00:00Z,13.25,13.325,12.945,13.075,298743
2023-05-15T04:00:00Z,12.575,13.54,12.56,13.44,421246
2023-05-12T04:00:00Z,13.82,13.92,12.74,12.935,532792
2023-05-11T04:00:00Z,14.215,14.55,13.72,13.825,473457
2023-05-10T04:00:00Z,15.09,15.73,14.05,14.11,1275427
2023-05-09T04:00:00Z,13.29,14.08,13.13,13.85,649207
2023-05-08T04:00:00Z,13.49,14.01,13.23,13.86,539764
2023-05-05T04:00:00Z,13.14,13.62,13.13,13.43,241943
2023-05-04T04:00:00Z,12.83,13.14,12.6,12.95,327834
2023-05-03T04:00:00Z,12.61,13.11,12.57,12.82,255437
2023-05-02T04:00:00Z,12.55,12.835,12.355,12.69,286336
2023-05-01T04:00:00Z,12.81,12.81,12.39,12.645,181514
2023-04-28T04:00:00Z,12.655,12.94,12.47,12.835,199261
2023-04-27T04:00:00Z,12.2,12.78,12.09,12.66,359151
2023-04-26T04:00:00Z,12.15,12.33,11.685,12.05,302827
2023-04-25T04:00:00Z,12.2,12.27,11.965,12.005,201405
2023-04-24T04:00:00Z,12.26,12.475,12.08,12.375,171555
2023-04-21T04:00:00Z,12.33,12.34,11.89,12.26,237767
2023-04-20T04:00:00Z,12.32,12.775,12.03,12.355,446245
2023-04-19T04:00:00Z,12.96,13.08,12.67,12.805,419691
2023-04-18T04:00:00Z,13.64,13.66,13.315,13.44,342535
2023-04-17T04:00:00Z,13.38,14.11,13.37,13.735,386846
2023-04-14T04:00:00Z,13.82,13.91,13.18,13.385,587707
2023-04-13T04:00:00Z,14.42,14.475,14.19,14.375,248500
2023-04-12T04:00:00Z,15.01,15.225,14.11,14.215,345576
2023-04-11T04:00:00Z,15.02,15.06,14.65,14.74,181750
2023-04-10T04:00:00Z,14.295,14.84,14.04,14.8,286018
2023-04-06T04:00:00Z,14.53,14.8,14.31,14.48,255546
2023-04-05T04:00:00Z,15.12,15.185,14.39,14.62,319694
2023-04-04T04:00:00Z,15.27,15.79,14.74,15.38,285568
2023-04-03T04:00:00Z,15.25,15.58,14.65,15.23,534943
2023-03-31T04:00:00Z,14.52,15.665,14.42,15.455,895985
2023-03-30T04:00:00Z,14.56,14.83,14.28,14.4,745182
2023-03-29T04:00:00Z,13.31,14.435,13.185,14.23,583047
2023-03-28T04:00:00Z,13.3,13.41,12.89,12.98,215425
2023-03-27T04:00:00Z,13.715,13.83,13.215,13.31,582932
2023-03-24T04:00:00Z,13.62,13.905,13.275,13.6,450361
2023-03-23T04:00:00Z,13.51,13.98,13.415,13.705,499345
2023-03-22T04:00:00Z,13.76,13.94,13.24,13.24,294950
2023-03-21T04:00:00Z,13.205,13.735,13.15,13.6,512041
2023-03-20T04:00:00Z,12.75,13.09,12.59,13.015,489286
2023-03-17T04:00:00Z,13.21,13.3,12.8,13.015,560548
2023-03-16T04:00:00Z,13.065,13.49,12.91,13.46,534989
2023-03-15T04:00:00Z,12.88,13.385,12.8,13.03,632641
2023-03-14T04:00:00Z,14.06,14.09,13.1,13.215,648296
2023-03-13T04:00:00Z,13.82,14.105,13.13,13.725,980655
2023-03-10T05:00:00Z,14.725,14.895,14.01,14.16,863814
2023-03-09T05:00:00Z,14.9,15.255,14.445,14.545,678036
2023-03-08T05:00:00Z,14.66,15.23,14.22,15.13,1780048
2023-03-07T05:00:00Z,15.9,15.925,14.61,14.635,3637250
2023-03-06T05:00:00Z,17.14,17.735,16.97,17.13,491794
2023-03-03T05:00:00Z,16.02,17.46,15.76,16.93,951953
2023-03-02T05:00:00Z,15.53,16.18,15.105,15.715,826860
2023-03-01T05:00:00Z,17.62,17.65,15.56,15.77,2207984
2023-02-28T05:00:00Z,18.55,19.745,18.55,19.3,605136
2023-02-27T05:00:00Z,17.74,18.62,17.645,18.44,362567
2023-02-24T05:00:00Z,17.58,17.58,16.91,17.3,535050
2023-02-23T05:00:00Z,18.91,18.91,17.505,18.18,813170
2023-02-22T05:00:00Z,19.185,19.52,18.58,19.005,333563
2023-02-21T05:00:00Z,19.67,19.92,18.995,19.09,285522
2023-02-17T05:00:00Z,20.4,20.565,19.5,20.23,451255
2023-02-16T05:00:00Z,20.75,21.67,20.32,20.66,283696
2023-02-15T05:00:00Z,19.035,21.15,19,21.14,461285
2023-02-14T05:00:00Z,18.5,19.62,18.19,19.48,261146
2023-02-13T05:00:00Z,18.66,19.045,18.315,18.915,232546
2023-02-10T05:00:00Z,18.9,19.14,18.555,18.85,394589
2023-02-09T05:00:00Z,20.555,20.875,19.24,19.42,343252
2023-02-08T05:00:00Z,19.49,20.37,19.47,20.065,263681
2023-02-07T05:00:00Z,20.155,20.155,18.72,19.89,427951
2023-02-06T05:00:00Z,19.825,20.35,19.61,20.215,259080
2023-02-03T05:00:00Z,19.96,21.29,19.75,19.9,480535
2023-02-02T05:00:00Z,20.43,22.09,20.34,20.875,526383
2023-02-01T05:00:00Z,19.58,20.05,18.225,19.695,540662
2023-01-31T05:00:00Z,18,19.425,17.8,19.39,473614
2023-01-30T05:00:00Z,19.755,19.89,18.015,18.03,544094
2023-01-27T05:00:00Z,18.16,21.43,18.16,19.81,1156175
2023-01-26T05:00:00Z,19.72,19.85,18.02,18.3,400142
2023-01-25T05:00:00Z,17.42,18.76,17.15,18.67,454304
2023-01-24T05:00:00Z,17.95,18.625,17.62,18.05,329400
2023-01-23T05:00:00Z,16.48,18.37,16.48,18.08,948390
2023-01-20T05:00:00Z,15.98,16.51,15.55,16.23,471796
2023-01-19T05:00:00Z,16.2,16.325,15.285,15.77,593321
2023-01-18T05:00:00Z,17.39,17.695,16.47,16.49,472394
2023-01-17T05:00:00Z,16.675,17.28,16.38,16.915,437318
2023-01-13T05:00:00Z,16.82,16.83,15.825,16.445,1345869
2023-01-12T05:00:00Z,17.32,17.775,16.49,17.56,803429
2023-01-11T05:00:00Z,16.53,17.685,16.21,17.07,782358
2023-01-10T05:00:00Z,16.8,17.36,16.03,16.455,735971
2023-01-09T05:00:00Z,16.6,17.195,16.5,16.615,512335
2023-01-06T05:00:00Z,16.02,16.655,15.845,16.38,436333
2023-01-05T05:00:00Z,17.2,17.36,16.53,16.57,732696
2023-01-04T05:00:00Z,17.19,18.05,16.56,17.7,563593
2023-01-03T05:00:00Z,18.955,18.97,17.08,17.35,890243
2022-12-30T05:00:00Z,18.28,18.565,17.92,18.43,364393
2022-12-29T05:00:00Z,18.41,19.02,18.175,18.71,575136
2022-12-28T05:00:00Z,17.8,18.25,17.47,17.73,695919
2022-12-27T05:00:00Z,18.655,18.67,17.65,17.73,485997
2022-12-23T05:00:00Z,19.695,19.73,18.525,19.14,422003
2022-12-22T05:00:00Z,20.7,20.76,18.92,19.72,617459
2022-12-21T05:00:00Z,21.56,21.59,20.75,21.03,336910
2022-12-20T05:00:00Z,21.85,22.45,21.305,21.39,494873
2022-12-19T05:00:00Z,22.52,22.735,21.875,22.05,367196
2022-12-16T05:00:00Z,23.87,24.31,22.35,22.35,518657
2022-12-15T05:00:00Z,24.17,25.05,23.86,23.96,284706
2022-12-14T05:00:00Z,24.88,25.555,24.445,24.53,302333
2022-12-13T05:00:00Z,27.2,27.95,24.64,24.96,442696
2022-12-12T05:00:00Z,26.75,26.87,25.545,25.6,421497
2022-12-09T05:00:00Z,28.36,29.27,27.25,27.3,233306
2022-12-08T05:00:00Z,28.26,28.63,27.69,28.59,124512
2022-12-07T05:00:00Z,27.52,28.2,27.27,27.94,226455
2022-12-06T05:00:00Z,29.51,29.52,27.435,27.91,298877
2022-12-05T05:00:00Z,31.06,31.345,29.435,29.53,182728
2022-12-02T05:00:00Z,30.695,31.59,30.255,31.37,290551
2022-12-01T05:00:00Z,31.955,32.57,30.355,31.48,259823
2022-11-30T05:00:00Z,29.28,32.21,29.155,32.05,370678
2022-11-29T05:00:00Z,29.12,29.465,28.67,28.855,115151
2022-11-28T05:00:00Z,29.02,29.54,28.62,28.65,188913
2022-11-25T05:00:00Z,29.53,29.61,29.105,29.54,63731
2022-11-23T05:00:00Z,29.24,30.18,28.96,29.71,186970
2022-11-22T05:00:00Z,28.38,29.465,27.85,28.95,261573
2022-11-21T05:00:00Z,29.64,30.145,28.4,28.41,300850
2022-11-18T05:00:00Z,32.62,32.62,29.825,30.37,242254
2022-11-17T05:00:00Z,32.24,32.73,31.73,32.08,164801
2022-11-16T05:00:00Z,34.27,34.46,32.885,33.32,154882
2022-11-15T05:00:00Z,34.48,35.725,33.94,35.16,387742
2022-11-14T05:00:00Z,34.39,35.15,33.21,34.4,275026
2022-11-11T05:00:00Z,33.185,34.975,32.01,34.91,563261
2022-11-10T05:00:00Z,32.94,33.51,31.14,32.94,806865
2022-11-09T05:00:00Z,30.99,30.99,27.375,28.03,824694
2022-11-08T05:00:00Z,31.475,32.74,30.38,31.83,329291
2022-11-07T05:00:00Z,32.56,32.87,31.01,31.31,258710
2022-11-04T04:00:00Z,33.43,33.43,31.1,31.99,173116
2022-11-03T04:00:00Z,31.025,33.52,31.025,32.22,163958
2022-11-02T04:00:00Z,33.365,33.745,31.47,31.51,288049
2022-11-01T04:00:00Z,36.195,36.445,33.395,33.47,224757
2022-10-31T04:00:00Z,34.32,35.99,33.97,34.96,476241
2022-10-28T04:00:00Z,34.79,35.04,34.12,34.51,274819
2022-10-27T04:00:00Z,34.22,35.215,33.93,34.51,193979
2022-10-26T04:00:00Z,33.96,35.84,33.96,34.43,233324
2022-10-25T04:00:00Z,31.44,34.725,31.44,34.46,523471
2022-10-24T04:00:00Z,31.39,31.77,29.46,31.35,218703
2022-10-21T04:00:00Z,30.47,31.99,30.1,31.91,244099
2022-10-20T04:00:00Z,31.125,32.16,30.39,30.715,158282
2022-10-19T04:00:00Z,30.96,31.75,30.61,31.5,318118
2022-10-18T04:00:00Z,32.125,32.31,31,31.66,324264
2022-10-17T04:00:00Z,29.8,30.83,29.41,30.66,210804
2022-10-14T04:00:00Z,33.055,33.22,28.625,28.71,549913
2022-10-13T04:00:00Z,30.92,33.17,30.365,32.5,358953
2022-10-12T04:00:00Z,32.71,32.91,31.575,32.37,421764
2022-10-11T04:00:00Z,31.47,33.68,30.92,32.32,389935
2022-10-10T04:00:00Z,31.94,32.26,30.165,31.48,448655
2022-10-07T04:00:00Z,35.675,35.98,33.015,33.94,595134
2022-10-06T04:00:00Z,36.49,37.36,35.325,36.74,343884
2022-10-05T04:00:00Z,36.06,36.21,34.66,36.13,374688
2022-10-04T04:00:00Z,34.18,36.38,33.8,36.28,533754
2022-10-03T04:00:00Z,32.73,32.82,31.03,31.88,457119
2022-09-30T04:00:00Z,31.71,34.12,31.695,32.925,342611
2022-09-29T04:00:00Z,35.35,35.75,32.16,32.32,333933
2022-09-28T04:00:00Z,33.85,35.245,33.57,35.05,271465
2022-09-27T04:00:00Z,34.905,35.13,33.19,33.79,306985
2022-09-26T04:00:00Z,33.42,35.035,33.385,33.83,258801
2022-09-23T04:00:00Z,32.64,33.57,31.77,33.55,323833
2022-09-22T04:00:00Z,34.745,35.15,33.105,33.33,463400
2022-09-21T04:00:00Z,35.675,36.62,34.85,35.1,236681
2022-09-20T04:00:00Z,37.85,38.3,35.73,35.74,375256
2022-09-19T04:00:00Z,38.75,38.83,37.01,37.93,284085
2022-09-16T04:00:00Z,38.78,39.81,38.2,39.27,897349
2022-09-15T04:00:00Z,39.71,40.85,38.91,39.67,571475
2022-09-14T04:00:00Z,38.2,40.34,37.785,40.08,720949
2022-09-13T04:00:00Z,37.01,39.56,36.85,38.75,568297
2022-09-12T04:00:00Z,37.79,38.98,37.78,38.73,568105
2022-09-09T04:00:00Z,36.275,37.865,35.215,37.55,620626
2022-09-08T04:00:00Z,35.23,36.9,34.615,36.88,1011274
2022-09-07T04:00:00Z,33.28,34.39,32.71,33.23,249680
2022-09-06T04:00:00Z,32.345,34.99,32.035,33.22,676883
2022-09-02T04:00:00Z,32.245,32.555,30.9,32.05,380918
2022-09-01T04:00:00Z,32.375,32.375,30.73,31.945,227794
2022-08-31T04:00:00Z,32.77,33.12,31.77,32.72,278689
2022-08-30T04:00:00Z,32.73,32.985,31.45,31.9,166621
2022-08-29T04:00:00Z,31.57,33.23,31.57,32.325,217241
2022-08-26T04:00:00Z,32.87,33.83,31.45,32.08,300142
2022-08-25T04:00:00Z,32.89,33.355,32.63,32.92,248036
2022-08-24T04:00:00Z,32.51,33.715,32.51,32.525,423123
2022-08-23T04:00:00Z,33.14,33.58,31.98,32.22,277776
2022-08-22T04:00:00Z,33.265,34.04,32.94,33.08,253743
2022-08-19T04:00:00Z,34.68,34.93,33.79,34.445,369031
2022-08-18T04:00:00Z,36.56,36.6,35.015,35.895,126083
2022-08-17T04:00:00Z,37.69,38.09,36.275,36.41,217914
2022-08-16T04:00:00Z,36.96,38.57,35.91,38.24,355890
2022-08-15T04:00:00Z,37.29,39.27,36.46,37.26,352733
2022-08-12T04:00:00Z,39.71,40.54,37.32,38.89,760368
2022-08-11T04:00:00Z,38.71,39.94,37.79,38.865,958356
2022-08-10T04:00:00Z,38.2,38.24,36.86,37.4,316127
2022-08-09T04:00:00Z,37.6,38.045,36.28,36.7,521729
2022-08-08T04:00:00Z,36.63,39.28,36.06,38.07,436717
2022-08-05T04:00:00Z,36.14,36.3,35.11,35.675,441716
2022-08-04T04:00:00Z,35.92,37.28,35.66,36.21,583104
2022-08-03T04:00:00Z,35.44,36.785,34.49,36.59,394639
2022-08-02T04:00:00Z,34.12,35.55,34.03,35.02,342967
2022-08-01T04:00:00Z,34.315,35.465,34.045,34.82,189899
2022-07-29T04:00:00Z,33.29,34.36,32.975,34.31,189719
2022-07-28T04:00:00Z,32.6,33.9,31.94,33.85,195975
2022-07-27T04:00:00Z,32.19,32.35,31.015,32.03,238977
2022-07-26T04:00:00Z,31.34,31.79,30.88,31.68,159167
2022-07-25T04:00:00Z,32.66,32.7,31.23,32.16,220275
2022-07-22T04:00:00Z,35.12,35.2,32.02,32.47,380953
2022-07-21T04:00:00Z,32.78,34.73,32.775,34.14,405693
2022-07-20T04:00:00Z,31.92,33.3,31.82,32.74,327561
2022-07-19T04:00:00Z,32.33,32.73,31.605,31.715,438186
2022-07-18T04:00:00Z,32.31,33.57,31.725,31.8,353879
2022-07-15T04:00:00Z,31.07,31.62,29.95,31.605,388255
2022-07-14T04:00:00Z,30.62,30.96,29.42,30.84,261691
2022-07-13T04:00:00Z,29.53,31.3,29.32,30.755,284138
2022-07-12T04:00:00Z,29.76,30.57,28.95,30.17,412517
2022-07-11T04:00:00Z,32.37,32.69,29.475,29.93,558783
2022-07-08T04:00:00Z,31.42,33.135,30.59,31.98,375448
2022-07-07T04:00:00Z,30.06,31.77,29.695,31.64,548490
2022-07-06T04:00:00Z,28.01,30.59,28.01,29.67,625796
2022-07-05T04:00:00Z,25.15,26.935,24.495,26.86,343507
2022-07-01T04:00:00Z,26.27,26.74,25.3,25.7,241804
2022-06-30T04:00:00Z,25.93,26.42,24.87,25.76,254440
2022-06-29T04:00:00Z,26.43,26.895,25.67,26.26,179952
2022-06-28T04:00:00Z,28.005,28.81,26.87,26.99,303139
2022-06-27T04:00:00Z,29.67,30.06,28.03,28.455,333928
2022-06-24T04:00:00Z,29.72,30.655,28.865,29.53,538572
2022-06-23T04:00:00Z,28.86,29.64,27.81,29.47,482146
2022-06-22T04:00:00Z,28.35,29.96,28.255,28.56,354103
2022-06-21T04:00:00Z,27.015,30.35,27.015,29.08,730091
2022-06-17T04:00:00Z,26.49,27.11,25.605,26.225,383803
2022-06-16T04:00:00Z,27.95,28.86,25.805,26.405,537527
2022-06-15T04:00:00Z,27.57,29.555,27.16,29.08,377920
2022-06-14T04:00:00Z,26.63,28.67,26.05,27.31,526770
2022-06-13T04:00:00Z,27.15,27.845,26.38,26.86,1016928
2022-06-10T04:00:00Z,28.33,29.6,27.71,28.35,310033
2022-06-09T04:00:00Z,29.53,30.165,28.745,28.86,287883
2022-06-08T04:00:00Z,29.72,31.385,29.64,29.8,364918
2022-06-07T04:00:00Z,28.6,29.755,27.46,29.71,472946
2022-06-06T04:00:00Z,30.78,30.99,28.68,29,336117
2022-06-03T04:00:00Z,30.85,31.45,29.88,30.17,308339
2022-06-02T04:00:00Z,29.36,32.78,29.27,31.96,331184
2022-06-01T04:00:00Z,31.62,32.17,29.96,30.25,416200
2022-05-31T04:00:00Z,32.37,32.57,30.11,31.41,456060
2022-05-27T04:00:00Z,29.63,31.82,29.62,30.96,376802
2022-05-26T04:00:00Z,27.185,29.92,27.16,29.23,423795
2022-05-25T04:00:00Z,26.45,27.71,25.775,27.26,824461
2022-05-24T04:00:00Z,27.465,27.465,25.54,26.52,469325
2022-05-23T04:00:00Z,28.52,28.52,26.7,27.99,985716
2022-05-20T04:00:00Z,30.33,30.59,27.28,28.9,463256
2022-05-19T04:00:00Z,27.89,30.39,27.47,29.59,1059824
2022-05-18T04:00:00Z,27.13,29.21,26.32,27.32,957650
2022-05-17T04:00:00Z,25.82,27.86,25.735,27.495,835038
2022-05-16T04:00:00Z,26.47,26.97,24.35,24.87,1052974
2022-05-13T04:00:00Z,26.97,27.955,26.23,26.71,1845355
2022-05-12T04:00:00Z,22.185,26.685,21.7,24.29,4449271
2022-05-11T04:00:00Z,22.91,23.5,19.255,20.605,2571920
2022-05-10T04:00:00Z,23.91,24.4,21,22.86,1780177
2022-05-09T04:00:00Z,25.1,25.81,22.455,22.715,4312722
2022-05-06T04:00:00Z,30.83,31.045,28.71,28.785,825635
2022-05-05T04:00:00Z,32.81,33.22,30.085,30.695,786722
2022-05-04T04:00:00Z,31.54,34.275,30.56,33.92,379115
2022-05-03T04:00:00Z,31.42,33.61,31.18,31.99,509181
2022-05-02T04:00:00Z,30.01,31.88,29.34,31.74,329946
2022-04-29T04:00:00Z,32.235,33.77,30.1,30.24,374085
2022-04-28T04:00:00Z,31.64,32.335,29.46,32.2,917816
2022-04-27T04:00:00Z,31.57,32.82,30.77,31.2,429948
2022-04-26T04:00:00Z,33.53,33.61,30.59,30.68,538219
2022-04-25T04:00:00Z,33.47,34.8,33.12,33.93,317332
2022-04-22T04:00:00Z,34.2,34.64,32.41,33.6,347671
2022-04-21T04:00:00Z,37.06,37.95,33.4,33.76,509311
2022-04-20T04:00:00Z,38.97,38.97,36.13,36.22,301595
2022-04-19T04:00:00Z,38.19,39.75,36.76,39.13,204310
2022-04-18T04:00:00Z,40.36,40.49,37.35,38.21,249920
2022-04-14T04:00:00Z,40.36,41.88,40.295,40.59,478776
2022-04-13T04:00:00Z,38.33,41.26,37.31,41.13,673708
2022-04-12T04:00:00Z,40.33,41.98,37.67,38.11,297962
2022-04-11T04:00:00Z,37.84,41.925,37.16,39.54,437996
2022-04-08T04:00:00Z,39.43,41.025,38.31,38.69,243242
2022-04-07T04:00:00Z,40.4,40.4,37.6,39.92,556596
2022-04-06T04:00:00Z,43.34,43.34,39.59,40.07,1010455
2022-04-05T04:00:00Z,46.47,46.5,41.9,42.17,762398
2022-04-04T04:00:00Z,46.89,47.67,45.66,46.49,535794
2022-04-01T04:00:00Z,50.185,50.215,46.23,46.43,479008
2022-03-31T04:00:00Z,51.75,51.76,49.56,50.22,294972
2022-03-30T04:00:00Z,52.65,56.68,51.81,52,641521
2022-03-29T04:00:00Z,47.45,54.815,46.64,53.94,905041
2022-03-28T04:00:00Z,46.83,48.16,44.02,46.02,219331
2022-03-25T04:00:00Z,48.85,49.07,45.25,46.23,494748
2022-03-24T04:00:00Z,46.99,48.7,44.63,48.67,221135
2022-03-23T04:00:00Z,46.25,47.98,44.74,45.89,545263
2022-03-22T04:00:00Z,43.64,48.22,43.5,46.91,261588
2022-03-21T04:00:00Z,45.17,46.52,42.34,43.5,670120
2022-03-18T04:00:00Z,42.6,45.65,42.38,45.6,479698
2022-03-17T04:00:00Z,40.7,42.7,38.57,42.12,621881
2022-03-16T04:00:00Z,38.62,42.06,37.68,41.58,655224
2022-03-15T04:00:00Z,35.67,37.3,33.49,37,659236
2022-03-14T04:00:00Z,37.46,37.47,34.9,35.78,765523
2022-03-11T05:00:00Z,38.31,40.99,37.5,38.04,1425698
2022-03-10T05:00:00Z,43.985,43.985,39.77,41.06,902902
2022-03-09T05:00:00Z,43.4,46.19,42.7,43.96,391983
2022-03-08T05:00:00Z,41.75,45.06,39.86,42.23,878815
2022-03-07T05:00:00Z,48.01,49.35,42.285,42.5,928971
2022-03-04T05:00:00Z,50.955,51.39,46.68,47.34,752505
2022-03-03T05:00:00Z,54.315,55.95,50.035,50.89,836091
2022-03-02T05:00:00Z,59.105,59.105,53.33,53.57,1078720
2022-03-01T05:00:00Z,65.43,66.48,60.885,61.97,325678
2022-02-28T05:00:00Z,63.49,68.11,62.52,67.56,329088
2022-02-25T05:00:00Z,63.45,63.85,60.88,63.38,241671
2022-02-24T05:00:00Z,54.37,64.36,53.535,63.75,626547
2022-02-23T05:00:00Z,63.43,63.43,57.07,57.48,505651
2022-02-22T05:00:00Z,65.35,69.09,59.79,62.43,485197
2022-02-18T05:00:00Z,65.73,66.87,63.1,66.33,264205
2022-02-17T05:00:00Z,64.75,71.49,64.16,64.83,902719
2022-02-16T05:00:00Z,65.25,66.34,63.43,66.26,177856
2022-02-15T05:00:00Z,65.66,67.08,63.94,66.27,319079
2022-02-14T05:00:00Z,60.5,66.24,60.03,62.67,415824
2022-02-11T05:00:00Z,64.67,65.95,57.75,58.83,368269
2022-02-10T05:00:00Z,61.44,68.91,60.67,64.73,416594
2022-02-09T05:00:00Z,61.81,65.04,60.84,64.56,184221
2022-02-08T05:00:00Z,58.055,61.48,56.44,61,233968
2022-02-07T05:00:00Z,60.69,63.67,57.54,58.35,603375
2022-02-04T05:00:00Z,62.13,62.75,59.13,60.84,503999
2022-02-03T05:00:00Z,60.75,63.88,59.01,60.39,537832
2022-02-02T05:00:00Z,69.35,69.72,63.61,64.32,639211
2022-02-01T05:00:00Z,67.25,71.41,62.38,69.595,1042679
2022-01-31T05:00:00Z,58.625,65.92,57.99,65.73,674977
2022-01-28T05:00:00Z,53.605,57.29,50.035,57.14,887117
2022-01-27T05:00:00Z,61.45,61.6,53.36,53.94,800527
2022-01-26T05:00:00Z,62.45,67.96,59.1,60.37,526871
2022-01-25T05:00:00Z,61.11,61.91,58,59.64,473324
2022-01-24T05:00:00Z,60.17,64.285,55.15,63.86,770066
2022-01-21T05:00:00Z,63.865,67.125,60.58,64.53,339108
2022-01-20T05:00:00Z,70.56,72.03,64.825,65.09,416537
2022-01-19T05:00:00Z,74.72,76.08,69.25,69.43,540458
2022-01-18T05:00:00Z,77.66,77.75,72.89,73.15,605429
2022-01-14T05:00:00Z,79.74,81.52,77.1,79.95,184917
2022-01-13T05:00:00Z,86.77,86.77,79.93,80.29,209722
2022-01-12T05:00:00Z,84.92,88.04,82.87,86.43,194554
2022-01-11T05:00:00Z,78.91,86.56,78.16,83.58,262619
2022-01-10T05:00:00Z,83.5,83.5,77.8,81.47,541027
2022-01-07T05:00:00Z,87.02,89.24,81.66,86.255,278259
2022-01-06T05:00:00Z,91.47,91.895,75.23,87.325,876325
2022-01-05T05:00:00Z,98.45,99.16,89.285,90.03,451719
2022-01-04T05:00:00Z,103.15,106.59,99.09,101.5,196455
2022-01-03T05:00:00Z,106.205,106.51,100.33,102.72,164525
2021-12-31T05:00:00Z,102.43,106.01,102.43,103.86,62775
2021-12-30T05:00:00Z,100.15,105.165,99.22,103.41,104354
2021-12-29T05:00:00Z,101.09,102.4,96.68,99.28,128441
2021-12-28T05:00:00Z,105.01,105.95,101.09,102.8,95750
2021-12-27T05:00:00Z,96.84,107.455,96.84,107.07,162034
2021-12-23T05:00:00Z,95.94,97.56,93.97,96.83,51327
2021-12-22T05:00:00Z,96.345,98.75,93.56,96.37,150572
2021-12-21T05:00:00Z,92.43,98.35,92.43,96.85,321217
2021-12-20T05:00:00Z,94.975,96.38,88.52,89.98,523891
2021-12-17T05:00:00Z,100.255,100.3,92.65,97.5,1120835
2021-12-16T05:00:00Z,116.9,116.9,107.23,108.97,251106
2021-12-15T05:00:00Z,115.4,116.65,109.24,114.99,190579
2021-12-14T05:00:00Z,114.7,117.63,112.76,117.07,109426
2021-12-13T05:00:00Z,118.19,121.57,114.095,118.93,441199
2021-12-10T05:00:00Z,116.04,117.74,110.89,114.6,149757
2021-12-09T05:00:00Z,119.69,121.19,114.51,115.49,123889
2021-12-08T05:00:00Z,116.52,123.19,112.88,122.2,249795
2021-12-07T05:00:00Z,119.71,120.16,112.64,116.14,129206
2021-12-06T05:00:00Z,106.79,117.395,100.41,116.81,342617
2021-12-03T05:00:00Z,110.49,111.5,100,104.72,353290
2021-12-02T05:00:00Z,113.87,118.34,107.98,110.75,190400
2021-12-01T05:00:00Z,120.99,126.25,113.1,115.53,238861
2021-11-30T05:00:00Z,120.1,121.21,114.175,119.84,614964
2021-11-29T05:00:00Z,115.85,122.07,113.75,119.88,242140
2021-11-26T05:00:00Z,110.9,114.27,106.31,112.08,271716
2021-11-24T05:00:00Z,119.785,119.785,113.54,114.7,176114
2021-11-23T05:00:00Z,116.985,124,113.14,120.33,466963
2021-11-22T05:00:00Z,123.77,124.91,107,118.01,629363
2021-11-19T05:00:00Z,129.91,139.8,125.705,128.64,635071
2021-11-18T05:00:00Z,136.8,136.8,120.47,123.335,1035798
2021-11-17T05:00:00Z,160.855,162.99,140.425,146.29,1050955
2021-11-16T05:00:00Z,163.9,179.42,154,172.07,1645345
2021-11-15T05:00:00Z,130.795,152.34,127.76,149.34,732995
2021-11-12T05:00:00Z,129.49,135.16,125.27,129.83,816606
2021-11-11T05:00:00Z,114.77,124.89,108.105,122.89,1918530
2021-11-10T05:00:00Z,106.9,119.44,95.2,100.865,3001495
