2024-06-14T04:00:00Z,79.85,80,79.11,79.665,163764
2024-06-13T04:00:00Z,79.375,80.89,79.27,80.21,155928
2024-06-12T04:00:00Z,80.095,80.095,79.21,79.38,285600
2024-06-11T04:00:00Z,80.79,80.96,79.795,79.88,137753
2024-06-10T04:00:00Z,81.54,81.85,80.84,81.62,223299
2024-06-07T04:00:00Z,81.68,82.62,80.625,81.43,354766
2024-06-06T04:00:00Z,81.11,82.875,80.96,81.43,222068
2024-06-05T04:00:00Z,82.31,82.48,80.97,81.16,225243
2024-06-04T04:00:00Z,81.95,83.42,81.93,82.805,388691
2024-06-03T04:00:00Z,79.94,82.11,79.92,82.11,209655
2024-05-31T04:00:00Z,79.055,80.31,78.73,80.25,242322
2024-05-30T04:00:00Z,77.095,78.87,77.095,78.84,185338
2024-05-29T04:00:00Z,77.02,78.3,76.85,76.85,190484
2024-05-28T04:00:00Z,78.69,78.69,77.415,77.5,408240
2024-05-24T04:00:00Z,78.505,79.22,78.17,78.86,207792
2024-05-23T04:00:00Z,80.14,80.69,77.64,78.32,527539
2024-05-22T04:00:00Z,77.82,81,77.49,80.69,465902
2024-05-21T04:00:00Z,77.53,78.19,77.51,77.75,202585
2024-05-20T04:00:00Z,77.86,78.31,76.76,77.57,233592
2024-05-17T04:00:00Z,75.13,77.985,74.95,77.87,394213
2024-05-16T04:00:00Z,75.075,75.54,74.46,75.29,245257
2024-05-15T04:00:00Z,75.77,76.01,75.33,75.705,105842
2024-05-14T04:00:00Z,76.38,76.7,75.52,75.68,278987
2024-05-13T04:00:00Z,76.22,76.84,75.87,76.205,273260
2024-05-10T04:00:00Z,75.25,76.29,75.07,76.14,285936
2024-05-09T04:00:00Z,73.26,75.75,73.1,75.74,438926
2024-05-08T04:00:00Z,72.285,74.475,72.255,73.51,433570
2024-05-07T04:00:00Z,72.715,72.715,71.805,72.47,573950
2024-05-06T04:00:00Z,73.325,74.165,72.705,72.91,503031
2024-05-03T04:00:00Z,75.31,75.5,72.99,73.12,344648
2024-05-02T04:00:00Z,74.87,75.125,73.44,74.925,582908
2024-05-01T04:00:00Z,75.795,76.985,72.69,74.47,2544620
2024-04-30T04:00:00Z,87.565,88.985,87.18,88.52,317514
2024-04-29T04:00:00Z,88.31,88.58,87.88,88.34,215672
2024-04-26T04:00:00Z,87.71,89.24,87.68,88.3,147862
2024-04-25T04:00:00Z,89.355,89.6,87.69,87.83,319461
2024-04-24T04:00:00Z,87.095,88.94,87.095,88.795,223084
2024-04-23T04:00:00Z,88.6,88.76,87.33,87.86,298463
2024-04-22T04:00:00Z,88,88.6,87.41,88.18,242587
2024-04-19T04:00:00Z,87.37,88.05,87.165,87.6,357644
2024-04-18T04:00:00Z,86.41,87.625,86.06,87.12,612489
2024-04-17T04:00:00Z,85.7,86.42,85.34,86.21,206924
2024-04-16T04:00:00Z,84.67,86.19,84.42,85.42,259820
2024-04-15T04:00:00Z,85.305,86.35,84.915,85.16,224289
2024-04-12T04:00:00Z,85.25,85.47,84.3,84.95,157889
2024-04-11T04:00:00Z,85.96,86.305,85.265,85.89,212861
2024-04-10T04:00:00Z,86.31,86.87,85.6,85.95,211177
2024-04-09T04:00:00Z,87.41,87.43,86.325,87.16,149497
2024-04-08T04:00:00Z,86.83,87.36,86.42,87.21,170101
2024-04-05T04:00:00Z,87.865,87.865,86.845,86.86,138567
2024-04-04T04:00:00Z,89.08,89.335,87.63,87.65,192836
2024-04-03T04:00:00Z,89.35,89.82,88.655,88.72,146449
2024-04-02T04:00:00Z,91.13,91.22,89.23,89.31,225931
2024-04-01T04:00:00Z,91.74,92.05,91.03,91.51,98554
2024-03-28T04:00:00Z,91.805,92.17,91.3,91.35,134448
2024-03-27T04:00:00Z,90.67,91.82,90.67,91.52,131111
2024-03-26T04:00:00Z,90.72,90.995,90.26,90.4,165887
2024-03-25T04:00:00Z,90.64,91.11,90.495,90.72,192178
2024-03-22T04:00:00Z,91.735,91.735,90.07,90.74,168435
2024-03-21T04:00:00Z,92.71,93.135,91.655,91.67,146141
2024-03-20T04:00:00Z,91.82,92.62,91.565,92.605,89487
2024-03-19T04:00:00Z,91.11,91.88,90.86,91.58,109935
2024-03-18T04:00:00Z,90.61,91.42,90.61,90.995,128980
2024-03-15T04:00:00Z,91.62,91.86,90.1,90.14,222223
2024-03-14T04:00:00Z,91.17,91.71,90.41,91.71,265981
2024-03-13T04:00:00Z,92.545,92.84,90.87,91.6,238581
2024-03-12T04:00:00Z,91.875,92.71,91.235,92.4,281141
2024-03-11T04:00:00Z,91.29,92.96,91.17,92.08,159079
2024-03-08T05:00:00Z,90.73,91.46,90.6,91.09,246785
2024-03-07T05:00:00Z,91.55,91.64,90.36,90.945,240927
2024-03-06T05:00:00Z,91.32,92.025,91.13,91.64,88642
2024-03-05T05:00:00Z,92.09,92.15,91.085,91.24,119775
2024-03-04T05:00:00Z,92.97,93.28,92.04,92.46,145326
2024-03-01T05:00:00Z,94.41,94.53,92.92,93.15,158739
2024-02-29T05:00:00Z,94.565,95.06,94.01,94.85,153054
2024-02-28T05:00:00Z,93.97,93.97,92.78,92.99,112704
2024-02-27T05:00:00Z,94.335,94.6,93.6,94.14,135739
2024-02-26T05:00:00Z,95.295,95.555,94.25,94.26,180507
2024-02-23T05:00:00Z,95.86,96.91,95.6,95.615,201617
2024-02-22T05:00:00Z,94.76,96.06,94.16,95.73,282258
2024-02-21T05:00:00Z,94.04,95.765,93.98,95.01,242566
2024-02-20T05:00:00Z,93.4,94.11,93.095,93.5,211983
2024-02-16T05:00:00Z,93.11,94.175,92.76,93.23,132362
2024-02-15T05:00:00Z,94.24,94.24,93.005,93.24,182507
2024-02-14T05:00:00Z,94.07,94.33,93.8,94.05,96837
2024-02-13T05:00:00Z,94.835,95.53,93.395,93.92,144665
2024-02-12T05:00:00Z,96.955,97.13,95.39,95.51,280048
2024-02-09T05:00:00Z,96.52,97.97,96.35,97.28,250119
2024-02-08T05:00:00Z,95.14,96.69,93.94,96.605,239900
2024-02-07T05:00:00Z,96.225,96.58,94.46,95.33,231990
2024-02-06T05:00:00Z,92.405,95.685,92.405,95.67,399168
2024-02-05T05:00:00Z,92.71,92.845,91.91,92.48,173499
2024-02-02T05:00:00Z,92.755,93.605,91.68,92.95,234135
2024-02-01T05:00:00Z,93.07,93.585,91.87,93.16,570893
2024-01-31T05:00:00Z,98.175,98.36,93.03,93.04,831686
2024-01-30T05:00:00Z,93.045,94.65,92.62,94.095,440449
2024-01-29T05:00:00Z,93.05,93.925,92.28,93.83,469447
2024-01-26T05:00:00Z,92.98,93.46,92.42,92.79,248289
2024-01-25T05:00:00Z,92.22,92.635,91.72,92.625,419992
2024-01-24T05:00:00Z,92.475,92.84,91.995,92.05,313725
2024-01-23T05:00:00Z,93.2,93.63,91.775,91.925,231506
2024-01-22T05:00:00Z,93.8,93.8,92.88,93.065,199846
2024-01-19T05:00:00Z,93.165,94.18,92.65,93.87,183670
2024-01-18T05:00:00Z,92.09,93.425,91.96,93.33,213193
2024-01-17T05:00:00Z,91.65,91.94,91.4,91.77,192826
2024-01-16T05:00:00Z,92.63,92.73,91.74,92.72,165205
2024-01-12T05:00:00Z,93.295,93.33,91.78,91.97,146564
2024-01-11T05:00:00Z,93.39,93.58,91.915,92.92,221365
2024-01-10T05:00:00Z,93.205,93.68,93.05,93.48,127486
2024-01-09T05:00:00Z,93.63,93.63,92.875,93.08,151291
2024-01-08T05:00:00Z,93.1,94.56,92.985,94.16,217628
2024-01-05T05:00:00Z,93.37,93.575,92.54,93,227638
2024-01-04T05:00:00Z,93.05,94.58,93,93.56,111585
2024-01-03T05:00:00Z,93.89,94.18,93.09,93.23,174594
2024-01-02T05:00:00Z,95.405,95.92,93.62,93.7,203559
2023-12-29T05:00:00Z,95.9,96.34,95.355,96.03,100946
2023-12-28T05:00:00Z,95.55,95.965,95.13,95.95,134772
2023-12-27T05:00:00Z,95.71,95.71,94.825,95.31,93596
2023-12-26T05:00:00Z,95.36,95.69,94.96,95.665,67583
2023-12-22T05:00:00Z,94.815,95.83,94.4,95.31,145415
2023-12-21T05:00:00Z,95.185,95.405,94.49,95.33,193059
2023-12-20T05:00:00Z,96.23,96.8,94.665,94.74,329921
2023-12-19T05:00:00Z,97.03,98.04,97.015,97.71,136553
2023-12-18T05:00:00Z,97.265,97.29,95.93,96.56,168658
2023-12-15T05:00:00Z,97.93,98.23,96.56,96.71,148343
2023-12-14T05:00:00Z,98.55,98.57,97.16,97.83,273145
2023-12-13T05:00:00Z,98.445,98.58,96.84,98.09,224481
2023-12-12T05:00:00Z,98.35,98.35,97.465,98.13,145692
2023-12-11T05:00:00Z,97.38,98.99,97.365,98.11,160356
2023-12-08T05:00:00Z,96.03,96.855,95.83,96.605,123881
2023-12-07T05:00:00Z,97.27,97.66,96.275,96.42,135387
2023-12-06T05:00:00Z,96.14,97.16,95.485,97.06,266873
2023-12-05T05:00:00Z,97.41,97.41,94.86,95.55,434687
2023-12-04T05:00:00Z,98.305,98.86,96.78,97.6,237127
2023-12-01T05:00:00Z,98.51,99.275,97.53,99.18,456159
2023-11-30T05:00:00Z,99.765,99.765,98.43,99.31,174486
2023-11-29T05:00:00Z,101.42,101.62,99.54,99.82,211367
2023-11-28T05:00:00Z,101.995,102.005,100.895,101.15,220121
2023-11-27T05:00:00Z,102.08,103.09,102.065,102.36,134650
2023-11-24T05:00:00Z,103.36,103.56,102.47,102.8,45070
2023-11-22T05:00:00Z,104.25,104.67,103.305,103.44,114831
2023-11-21T05:00:00Z,104.435,104.66,103.175,103.68,214029
2023-11-20T05:00:00Z,105.15,105.45,103.89,104.29,175271
2023-11-17T05:00:00Z,107.46,107.46,105.495,105.54,135365
2023-11-16T05:00:00Z,106.535,107.615,106.535,107.19,332851
2023-11-15T05:00:00Z,105.735,106.54,105.735,106.07,222388
2023-11-14T05:00:00Z,104.57,105.82,104.28,105.61,179132
2023-11-13T05:00:00Z,104,104.23,102.955,103.52,172395
2023-11-10T05:00:00Z,102.675,104.33,102,104.33,176918
2023-11-09T05:00:00Z,104.3,104.34,102.03,102.21,132467
2023-11-08T05:00:00Z,103.91,104.815,103.91,104.32,227239
2023-11-07T05:00:00Z,104.125,104.21,103.34,103.68,182434
2023-11-06T05:00:00Z,102.91,104.08,101.985,104.08,148442
2023-11-03T04:00:00Z,100.645,103.66,100.52,102.67,443335
2023-11-02T04:00:00Z,100.73,101.88,99.755,100.02,810273
2023-11-01T04:00:00Z,91.85,91.85,90.59,91.3,584251
2023-10-31T04:00:00Z,93.24,93.32,92.01,92.22,388980
2023-10-30T04:00:00Z,93.165,93.7,92.74,93.145,308922
2023-10-27T04:00:00Z,92.65,93.71,91.78,92.02,266518
2023-10-26T04:00:00Z,94.09,94.405,92.61,92.63,166224
2023-10-25T04:00:00Z,94.925,95.35,93.975,94.03,143541
2023-10-24T04:00:00Z,94.2,94.97,94.07,94.61,95837
2023-10-23T04:00:00Z,93.85,95.015,93.3,94.28,106404
2023-10-20T04:00:00Z,94.66,95.09,94.15,94.19,103654
2023-10-19T04:00:00Z,94.56,95.635,94.18,94.39,141083
2023-10-18T04:00:00Z,93.975,94.5,93.505,93.75,74962
2023-10-17T04:00:00Z,92.69,94.18,92.65,94.18,142837
2023-10-16T04:00:00Z,92.22,93.855,91.95,93.61,93403
2023-10-13T04:00:00Z,91.28,92.05,91.05,91.52,60545
2023-10-12T04:00:00Z,91.83,92.23,90.78,91.43,137462
2023-10-11T04:00:00Z,93.56,93.56,91.86,91.95,98101
2023-10-10T04:00:00Z,92.99,93.91,92.91,93.17,102680
2023-10-09T04:00:00Z,92.33,92.78,91.45,92.695,109262
2023-10-06T04:00:00Z,91.925,93.31,91.705,92.84,138647
2023-10-05T04:00:00Z,91.35,93.04,91.3,92.37,180788
2023-10-04T04:00:00Z,90.025,91.4,90.025,91.13,114932
2023-10-03T04:00:00Z,90.61,91.07,89.215,89.51,126251
2023-10-02T04:00:00Z,91,91.73,90.79,91.09,122860
2023-09-29T04:00:00Z,92.69,93.045,90.87,91.27,190731
2023-09-28T04:00:00Z,91.21,91.38,90.215,91.1,102227
2023-09-27T04:00:00Z,92.39,92.57,90.4,91.17,65898
2023-09-26T04:00:00Z,91.985,92.46,91.19,92,145796
2023-09-25T04:00:00Z,92.82,93.47,92.265,92.7,94922
2023-09-22T04:00:00Z,93.6,94.31,93.57,93.67,83350
2023-09-21T04:00:00Z,95.14,95.32,93.045,93.09,147757
2023-09-20T04:00:00Z,95.57,96.62,95.06,95.17,157960
2023-09-19T04:00:00Z,95.02,95.45,94.285,95.29,171744
2023-09-18T04:00:00Z,96.31,96.925,96.1,96.75,262590
2023-09-15T04:00:00Z,97.16,97.415,96.08,96.22,158348
2023-09-14T04:00:00Z,96.77,97.77,96.25,97.13,149682
2023-09-13T04:00:00Z,96.16,97.3,96.07,96.94,209421
2023-09-12T04:00:00Z,95.35,96.5,95.31,96.25,186668
2023-09-11T04:00:00Z,95.665,96.22,95.23,95.67,325504
2023-09-08T04:00:00Z,95.07,95.85,94.76,95.27,173590
2023-09-07T04:00:00Z,95.47,95.8,95.05,95.12,119805
2023-09-06T04:00:00Z,96.3,96.54,95.39,95.99,136116
2023-09-05T04:00:00Z,97.45,97.8,96.63,96.83,127082
2023-09-01T04:00:00Z,98.38,98.66,97.035,97.97,118701
2023-08-31T04:00:00Z,99.035,99.23,97.355,97.48,145115
2023-08-30T04:00:00Z,99.11,99.7,99.01,99.23,98426
2023-08-29T04:00:00Z,97.36,99.22,97.36,99.12,144932
2023-08-28T04:00:00Z,96,97.2,95.95,97.02,120994
2023-08-25T04:00:00Z,95.34,95.87,94.53,95.46,137307
2023-08-24T04:00:00Z,94.52,95.6,93.71,94.84,180958
2023-08-23T04:00:00Z,96.24,96.28,94.025,95.22,260012
2023-08-22T04:00:00Z,96.28,96.72,95.64,96.07,84759
2023-08-21T04:00:00Z,97.22,97.45,96.18,96.455,98877
2023-08-18T04:00:00Z,95.96,97.45,95.82,97.25,79304
2023-08-17T04:00:00Z,98.795,99.01,96.445,96.56,146256
2023-08-16T04:00:00Z,99.64,100.055,98.91,98.95,96602
2023-08-15T04:00:00Z,100.23,100.61,99.79,100.09,72390
2023-08-14T04:00:00Z,100.65,101.18,100.21,101.07,92915
2023-08-11T04:00:00Z,101.13,101.29,100.18,100.99,79477
2023-08-10T04:00:00Z,100.5,102.37,100.47,101.67,193227
2023-08-09T04:00:00Z,101,101.325,99.49,99.96,70551
2023-08-08T04:00:00Z,101.23,101.29,99.9,100.7,155618
2023-08-07T04:00:00Z,101.41,101.82,100.97,101.785,158054
2023-08-04T04:00:00Z,102.91,103.11,100.525,100.69,105285
2023-08-03T04:00:00Z,102.05,102.885,101.51,102.33,107015
2023-08-02T04:00:00Z,100.57,104.43,99.39,102.17,391562
2023-08-01T04:00:00Z,101.49,101.63,100.4,101.26,169667
2023-07-31T04:00:00Z,101.31,101.815,100.87,101.605,152783
2023-07-28T04:00:00Z,101.41,101.82,100.82,101.22,175125
2023-07-27T04:00:00Z,102.175,102.43,100.545,100.77,150282
2023-07-26T04:00:00Z,102.245,102.67,101.33,101.74,261176
2023-07-25T04:00:00Z,102.59,103.76,102.59,102.9,126750
2023-07-24T04:00:00Z,102.875,103.395,102.34,102.78,167950
2023-07-21T04:00:00Z,101.775,103.43,101.71,102.825,203725
2023-07-20T04:00:00Z,101.83,102.475,100.72,100.87,125293
2023-07-19T04:00:00Z,100.71,101.965,100.71,101.83,173537
2023-07-18T04:00:00Z,100.75,101.38,99.87,100.77,124926
2023-07-17T04:00:00Z,100.85,101.78,100.07,100.92,100746
2023-07-14T04:00:00Z,101.73,102.05,101,101.58,103441
2023-07-13T04:00:00Z,101.44,102.19,101.36,101.59,101276
2023-07-12T04:00:00Z,101.4,101.82,100.805,101.19,224873
2023-07-11T04:00:00Z,99.49,100.23,99.2,100.125,162090
2023-07-10T04:00:00Z,96.29,99.515,96.29,99.12,328627
2023-07-07T04:00:00Z,95.95,96.65,95.57,96.08,122190
2023-07-06T04:00:00Z,97.87,98.045,95.92,96.21,143710
2023-07-05T04:00:00Z,99.09,99.32,98.295,98.49,146981
2023-07-03T04:00:00Z,98.69,99.555,98.33,99.175,104522
2023-06-30T04:00:00Z,99.38,99.445,98.585,99.03,114735
2023-06-29T04:00:00Z,98.46,98.83,97.99,98.7,175556
2023-06-28T04:00:00Z,98.525,98.59,97.35,98.59,159764
2023-06-27T04:00:00Z,98.4,99.05,97.75,98.73,111098
2023-06-26T04:00:00Z,98.04,98.75,97.5,98.25,139924
2023-06-23T04:00:00Z,99.5,99.725,97.52,98.31,279439
2023-06-22T04:00:00Z,101.23,101.41,99.74,100.83,111658
2023-06-21T04:00:00Z,100.6,102.425,100.36,101.875,75109
2023-06-20T04:00:00Z,101.94,102.48,100.91,101.26,101236
2023-06-16T04:00:00Z,102.08,102.485,101.485,101.86,206447
2023-06-15T04:00:00Z,101.31,101.98,100.76,101.38,129211
2023-06-14T04:00:00Z,99.66,101.36,99.24,100.67,326626
2023-06-13T04:00:00Z,98.66,99.47,98.56,99.275,111651
2023-06-12T04:00:00Z,98.11,98.51,97.52,98.48,149398
2023-06-09T04:00:00Z,98.835,98.955,97.67,97.96,152067
2023-06-08T04:00:00Z,97.6,99.145,96.96,99.12,158283
2023-06-07T04:00:00Z,98.41,98.82,97.605,97.925,136776
2023-06-06T04:00:00Z,100.11,100.32,97.54,98.22,184637
2023-06-05T04:00:00Z,100.04,100.86,99.52,99.945,158166
2023-06-02T04:00:00Z,98.26,99.655,98.22,99.51,166623
2023-06-01T04:00:00Z,97.565,98.23,96.55,97.49,240070
2023-05-31T04:00:00Z,98.05,98.05,96.995,97.61,204196
2023-05-30T04:00:00Z,98.86,98.95,97.34,97.76,222284
2023-05-26T04:00:00Z,98.62,99.6,98.4,98.485,200564
2023-05-25T04:00:00Z,98.77,98.85,97.73,98.435,221232
2023-05-24T04:00:00Z,100.75,100.76,99.125,99.6,179613
2023-05-23T04:00:00Z,102.115,102.115,100.09,100.36,180247
2023-05-22T04:00:00Z,105.555,105.665,102.77,102.86,197934
2023-05-19T04:00:00Z,107.05,107.05,105.335,105.48,113287
2023-05-18T04:00:00Z,105.48,107.13,105.29,107.09,104160
2023-05-17T04:00:00Z,105.905,106.51,104.96,105.69,172377
2023-05-16T04:00:00Z,106.41,106.5,105.21,105.28,107289
2023-05-15T04:00:00Z,106.1,106.75,105.665,106.64,134645
2023-05-12T04:00:00Z,105.925,106.21,104.89,106.1,111735
2023-05-11T04:00:00Z,106.53,106.72,105.175,105.59,102602
2023-05-10T04:00:00Z,107.14,108.09,105.69,106.95,119088
2023-05-09T04:00:00Z,107.015,107.15,106.43,106.72,67944
2023-05-08T04:00:00Z,107.465,108.08,106.94,107.16,114003
2023-05-05T04:00:00Z,105.93,107.48,105.465,107.16,138865
2023-05-04T04:00:00Z,104.38,105.66,103.835,104.7,234016
2023-05-03T04:00:00Z,108.89,109.65,103.81,103.95,659701
2023-05-02T04:00:00Z,114.285,114.545,112.87,114.45,200157
2023-05-01T04:00:00Z,114.31,115.47,114.31,114.57,163932
2023-04-28T04:00:00Z,112.55,114.3,112.34,114.29,158618
2023-04-27T04:00:00Z,111.51,112.875,111.18,112.73,161086
2023-04-26T04:00:00Z,109.265,112.31,109.265,111.47,178143
2023-04-25T04:00:00Z,108.97,111.1,108.88,109.35,162232
2023-04-24T04:00:00Z,108.3,109.28,108.06,109.27,187784
2023-04-21T04:00:00Z,107.22,108.725,106.81,108.19,98874
2023-04-20T04:00:00Z,106.27,107.565,106.265,107.045,141772
2023-04-19T04:00:00Z,107.445,107.86,107.085,107.15,149010
2023-04-18T04:00:00Z,108.78,109.135,107.795,107.925,208218
2023-04-17T04:00:00Z,107.94,108.62,107.585,108.275,65905
2023-04-14T04:00:00Z,107.27,108.14,106.865,107.465,105562
2023-04-13T04:00:00Z,106.645,107.22,106.31,107.01,112332
2023-04-12T04:00:00Z,106.36,106.57,105.375,105.64,143689
2023-04-11T04:00:00Z,105.065,106.4,104.95,105.74,141098
2023-04-10T04:00:00Z,103.545,104.805,103.075,104.73,92669
2023-04-06T04:00:00Z,104.9,105.14,104.04,104.685,79982
2023-04-05T04:00:00Z,104.23,105.67,104.175,104.88,165289
2023-04-04T04:00:00Z,104.8,104.965,103.4,104.005,100598
2023-04-03T04:00:00Z,103.99,104.94,103.8,104.84,131601
2023-03-31T04:00:00Z,101.84,104.255,101.84,104.16,211810
2023-03-30T04:00:00Z,101.44,101.69,100.655,101.32,111116
2023-03-29T04:00:00Z,99.34,100.67,98.735,100.63,143676
2023-03-28T04:00:00Z,98.14,98.905,98.11,98.7,159853
2023-03-27T04:00:00Z,98.86,99.69,98.59,98.64,111034
2023-03-24T04:00:00Z,98.325,98.42,97.215,98.35,105887
2023-03-23T04:00:00Z,99.33,100.12,97.52,98.4,201383
2023-03-22T04:00:00Z,100.72,101.46,99.09,99.09,196691
2023-03-21T04:00:00Z,100.71,101.16,100.155,100.54,103539
2023-03-20T04:00:00Z,99.09,100.22,98.98,99.81,144672
2023-03-17T04:00:00Z,99.02,99.285,97.86,98.67,168604
2023-03-16T04:00:00Z,99.14,100.705,99.07,100.4,288685
2023-03-15T04:00:00Z,98.415,99.37,97.315,99.35,254074
2023-03-14T04:00:00Z,100.32,100.375,98.5,99.46,271986
2023-03-13T04:00:00Z,98.675,100.14,98.39,99.06,205844
2023-03-10T05:00:00Z,100.6,101.21,99.035,99.38,192280
2023-03-09T05:00:00Z,102.665,102.72,99.985,100.31,157659
2023-03-08T05:00:00Z,102.855,103.02,101.74,102.5,144048
2023-03-07T05:00:00Z,105.05,105.62,103.13,103.37,129588
2023-03-06T05:00:00Z,104.565,105.92,104.55,105,131493
2023-03-03T05:00:00Z,103.5,104.68,103.01,104.55,148796
2023-03-02T05:00:00Z,101.195,103.17,101.01,103.02,120277
2023-03-01T05:00:00Z,102.12,102.16,100.92,101.44,134465
2023-02-28T05:00:00Z,102.03,102.95,101.94,102.09,87269
2023-02-27T05:00:00Z,102.39,103.29,102.19,102.43,187253
2023-02-24T05:00:00Z,102.48,102.72,100.84,101.59,159037
2023-02-23T05:00:00Z,105.405,105.405,102.665,103.505,175786
2023-02-22T05:00:00Z,105.405,105.87,104.41,104.79,107984
2023-02-21T05:00:00Z,105.73,105.91,104.72,104.8,191107
2023-02-17T05:00:00Z,106.53,107.39,106.26,107.08,204279
2023-02-16T05:00:00Z,107.755,109.1,107.41,107.54,123074
2023-02-15T05:00:00Z,107.52,108.99,107.52,108.99,116033
2023-02-14T05:00:00Z,107.93,108.41,106.71,107.98,140543
2023-02-13T05:00:00Z,107.55,108.93,107.4,108.52,135905
2023-02-10T05:00:00Z,105.59,107.25,105.59,107.06,187526
2023-02-09T05:00:00Z,105.985,106.565,105.61,106.04,237680
2023-02-08T05:00:00Z,106.21,106.53,105.67,106.3,193296
2023-02-07T05:00:00Z,104.89,107.37,104.59,106.885,177377
2023-02-06T05:00:00Z,103.775,106.155,103.335,105.03,224120
2023-02-03T05:00:00Z,104.54,106.44,103.28,104.28,459349
2023-02-02T05:00:00Z,110.025,110.81,108.01,109.23,334211
2023-02-01T05:00:00Z,109,110.77,108.05,109.975,150507
2023-01-31T05:00:00Z,108.41,109.14,107.54,109.14,112017
2023-01-30T05:00:00Z,108.2,108.86,107.46,108.4,150389
2023-01-27T05:00:00Z,108.73,109.76,108.395,109.025,205536
2023-01-26T05:00:00Z,107.16,108.79,107.08,108.74,216426
2023-01-25T05:00:00Z,106.25,107.13,105.92,106.93,289264
2023-01-24T05:00:00Z,106.4,106.87,105.55,106.62,182046
2023-01-23T05:00:00Z,105.03,106.89,104.41,106.19,388143
2023-01-20T05:00:00Z,104.3,105.195,103.91,105,246571
2023-01-19T05:00:00Z,105.15,105.7,104.25,104.26,247719
2023-01-18T05:00:00Z,107.01,107.455,104.92,105,218804
2023-01-17T05:00:00Z,106.69,107.585,106.33,106.74,298517
2023-01-13T05:00:00Z,105.125,107.29,105.125,107.22,169806
2023-01-12T05:00:00Z,106.26,106.43,105.18,105.87,111799
2023-01-11T05:00:00Z,105.85,106.42,104.89,106.28,300044
2023-01-10T05:00:00Z,104.31,106.425,104.31,106.03,109594
2023-01-09T05:00:00Z,106.54,106.61,104.45,104.74,155869
2023-01-06T05:00:00Z,105.375,106.99,105.055,106.7,180803
2023-01-05T05:00:00Z,104.27,105.1,103.5,104.485,149848
2023-01-04T05:00:00Z,102.815,104.73,102.65,104.47,330460
2023-01-03T05:00:00Z,100.61,101.17,99.53,100.83,133398
2022-12-30T05:00:00Z,99.165,99.21,98.29,99.19,104813
2022-12-29T05:00:00Z,99,100.605,98.78,99.76,96514
2022-12-28T05:00:00Z,99.39,99.89,98.43,98.61,115951
2022-12-27T05:00:00Z,98.66,99.45,98.23,99.21,128500
2022-12-23T05:00:00Z,97.465,98.29,96.91,98.26,63878
2022-12-22T05:00:00Z,98.47,98.47,96.185,97.75,131114
2022-12-21T05:00:00Z,96.72,99.04,96.37,98.68,144880
2022-12-20T05:00:00Z,98.28,98.57,97.28,97.99,175312
2022-12-19T05:00:00Z,98.5,98.78,97.77,98.33,153545
2022-12-16T05:00:00Z,99.26,99.37,98.04,98.79,217922
2022-12-15T05:00:00Z,101.28,101.41,99.46,100,259039
2022-12-14T05:00:00Z,102.5,103.29,100.74,102.22,221464
2022-12-13T05:00:00Z,105.09,105.09,101.03,102.12,252456
2022-12-12T05:00:00Z,100.87,102.84,100.87,102.72,152906
2022-12-09T05:00:00Z,103.34,103.37,101.75,101.78,232319
2022-12-08T05:00:00Z,102.765,103.905,102.42,103.73,193859
2022-12-07T05:00:00Z,101.11,102.94,101.11,101.84,97056
2022-12-06T05:00:00Z,103.93,104.17,101.45,102.1,170625
2022-12-05T05:00:00Z,103.64,104.165,103.04,103.53,216305
2022-12-02T05:00:00Z,102.02,105.525,101.85,105.05,430401
2022-12-01T05:00:00Z,102.3,103.54,101.95,103.38,248513
2022-11-30T05:00:00Z,99.01,102.37,98.56,102.23,345668
2022-11-29T05:00:00Z,98.97,99.26,98.23,98.66,132828
2022-11-28T05:00:00Z,98.62,100.16,98.57,98.68,185840
2022-11-25T05:00:00Z,99.43,99.655,98.56,99.61,65396
2022-11-23T05:00:00Z,98.495,100.04,98.4,99.53,128521
2022-11-22T05:00:00Z,98.44,98.72,97.53,98.42,140237
2022-11-21T05:00:00Z,97.04,98.485,96.98,98.34,122173
2022-11-18T05:00:00Z,97.65,98.33,97.19,97.98,167284
2022-11-17T05:00:00Z,95.31,97.01,95.1,97.01,120398
2022-11-16T05:00:00Z,96.52,97.93,96.39,97.07,121180
2022-11-15T05:00:00Z,98.84,99.49,97.37,97.85,178446
2022-11-14T05:00:00Z,97.04,98.555,96.7,97.42,248579
2022-11-11T05:00:00Z,96.815,98.65,96.64,97.38,312670
2022-11-10T05:00:00Z,94,96.39,93.37,96.21,377644
2022-11-09T05:00:00Z,91.635,92.55,91.34,91.64,170676
2022-11-08T05:00:00Z,91.14,93.76,91.11,92.755,497030
2022-11-07T05:00:00Z,91.81,92.24,89.28,90.48,420584
2022-11-04T04:00:00Z,91.96,93.57,90.615,91.86,856754
2022-11-03T04:00:00Z,84.195,85.47,83.01,84.745,467924
2022-11-02T04:00:00Z,87.26,88.57,84.54,84.54,258985
2022-11-01T04:00:00Z,88.22,88.86,86.59,87.09,215569
2022-10-31T04:00:00Z,86.74,87.555,85.96,86.56,225719
2022-10-28T04:00:00Z,84.85,87.775,84.345,87.08,291858
2022-10-27T04:00:00Z,86.28,86.285,84.09,85.28,218695
2022-10-26T04:00:00Z,85.57,88.185,85.5,85.91,296360
2022-10-25T04:00:00Z,84.45,85.985,84.41,85.22,368767
2022-10-24T04:00:00Z,87,87.48,82.44,83.77,565796
2022-10-21T04:00:00Z,86.92,88.96,86.58,88.61,178851
2022-10-20T04:00:00Z,87.31,88.21,86.48,86.79,146546
2022-10-19T04:00:00Z,88.45,89.07,87.02,87.53,215999
2022-10-18T04:00:00Z,90.39,90.465,88.11,88.98,156562
2022-10-17T04:00:00Z,87.86,89.21,87.83,88.89,186910
2022-10-14T04:00:00Z,90.135,90.7,86.245,86.41,197647
2022-10-13T04:00:00Z,84.89,89.97,84.73,89.37,266410
2022-10-12T04:00:00Z,86.92,88.03,86.41,86.86,140215
2022-10-11T04:00:00Z,87.04,87.19,85.66,86.22,199420
2022-10-10T04:00:00Z,87.17,87.56,86.155,87.06,117952
2022-10-07T04:00:00Z,88.54,88.8,86.32,87.03,219975
2022-10-06T04:00:00Z,90.27,90.86,89.26,89.36,211948
2022-10-05T04:00:00Z,87.72,90.63,87.705,90.14,249531
2022-10-04T04:00:00Z,87.02,88.94,86.88,88.53,155459
2022-10-03T04:00:00Z,84.94,86.215,83.83,85.67,190328
2022-09-30T04:00:00Z,86.29,86.69,84.16,84.26,251117
2022-09-29T04:00:00Z,86.69,87.33,85.63,86.59,240380
2022-09-28T04:00:00Z,84.73,87.47,84.325,87.11,264152
2022-09-27T04:00:00Z,86.12,86.47,83.2,84.3,285950
2022-09-26T04:00:00Z,84.44,86.025,84.29,84.79,284541
2022-09-23T04:00:00Z,83.94,84.41,83.225,84.17,287106
2022-09-22T04:00:00Z,87.94,87.975,84.39,84.69,471584
2022-09-21T04:00:00Z,91.28,91.49,88.58,88.595,292337
2022-09-20T04:00:00Z,91.56,91.99,90.1,90.81,225851
2022-09-19T04:00:00Z,91.01,92.51,90.91,92.16,165096
2022-09-16T04:00:00Z,91.15,92.08,90.65,91.305,331590
2022-09-15T04:00:00Z,92.14,93.15,91.75,92.22,391431
2022-09-14T04:00:00Z,89.58,93.47,89.58,92.69,705959
2022-09-13T04:00:00Z,86.775,89.3,86.12,87.87,698899
2022-09-12T04:00:00Z,89.62,90.37,88.545,88.985,404844
2022-09-09T04:00:00Z,89.7,89.95,88.64,88.67,285954
2022-09-08T04:00:00Z,87.38,89.48,87.25,89.45,280958
2022-09-07T04:00:00Z,85.175,88.6,85.175,88.3,377175
2022-09-06T04:00:00Z,83.04,84.6,81.68,84.54,383400
2022-09-02T04:00:00Z,85.63,85.64,82.555,82.93,480713
2022-09-01T04:00:00Z,83.65,85.465,82.93,85.41,219808
2022-08-31T04:00:00Z,83.895,84.73,83.65,84.06,221276
2022-08-30T04:00:00Z,84.18,84.99,82.7,83.41,195365
2022-08-29T04:00:00Z,83.21,84.63,83.06,84.13,167906
2022-08-26T04:00:00Z,87.6,87.95,83.99,84.07,208105
2022-08-25T04:00:00Z,86.44,87.615,86.33,87.41,115598
2022-08-24T04:00:00Z,84.76,86.47,84.49,86.07,161932
2022-08-23T04:00:00Z,84.96,85.61,84.58,84.69,158903
2022-08-22T04:00:00Z,85.35,85.54,84.34,84.99,187582
2022-08-19T04:00:00Z,87.72,87.92,86.565,86.91,161007
2022-08-18T04:00:00Z,88.02,88.76,87.705,88.56,108111
2022-08-17T04:00:00Z,88.46,88.97,87.87,88.35,171035
2022-08-16T04:00:00Z,88.75,89.905,88.54,89.4,228995
2022-08-15T04:00:00Z,88.04,89.235,88.04,89.16,187713
2022-08-12T04:00:00Z,87.48,88.385,87.215,88.3,168408
2022-08-11T04:00:00Z,86.965,87.55,86.51,87.28,237860
2022-08-10T04:00:00Z,86.54,86.89,86.105,86.5,194485
2022-08-09T04:00:00Z,85.775,85.775,84.49,84.83,90053
2022-08-08T04:00:00Z,86.245,86.845,85.43,85.73,176498
2022-08-05T04:00:00Z,85.76,86.145,84.95,85.73,179090
2022-08-04T04:00:00Z,87.235,88.235,86.575,86.87,256013
2022-08-03T04:00:00Z,86,87.965,83.955,87.28,488387
2022-08-02T04:00:00Z,84.705,85.135,83.62,83.75,398396
2022-08-01T04:00:00Z,84.355,85.59,84.04,84.92,242960
2022-07-29T04:00:00Z,84.76,84.98,83.96,84.79,201897
2022-07-28T04:00:00Z,83.12,84.87,82.84,84.67,229234
2022-07-27T04:00:00Z,81.265,83.38,81.17,82.94,287379
2022-07-26T04:00:00Z,81.05,81.42,80.07,80.26,458487
2022-07-25T04:00:00Z,83.68,83.68,81.035,81.51,287159
2022-07-22T04:00:00Z,84.14,84.43,82.86,83.62,232081
2022-07-21T04:00:00Z,82.95,83.6,82.67,83.54,359965
2022-07-20T04:00:00Z,82.48,83.465,81.92,83.255,309597
2022-07-19T04:00:00Z,81.07,82.67,80.91,82.54,287259
2022-07-18T04:00:00Z,80.18,81.665,80.02,80.23,260456
2022-07-15T04:00:00Z,78.805,80.2,78.8,79.62,295540
2022-07-14T04:00:00Z,76.99,78.365,76.81,78.2,195457
2022-07-13T04:00:00Z,76,78.54,75.88,77.92,201812
2022-07-12T04:00:00Z,78.17,79.38,77.39,77.79,213745
2022-07-11T04:00:00Z,78.63,79.025,77.445,77.92,246976
2022-07-08T04:00:00Z,78.79,79.61,78.29,79.26,104384
2022-07-07T04:00:00Z,78.93,79.58,78.37,79.22,181254
2022-07-06T04:00:00Z,79.76,80.36,78.225,78.86,220216
2022-07-05T04:00:00Z,78.055,79.55,77.39,79.55,273814
2022-07-01T04:00:00Z,76.765,79.45,76.59,79.24,316209
2022-06-30T04:00:00Z,75.88,76.87,74.87,76.46,312236
2022-06-29T04:00:00Z,76.29,77.15,75.67,76.4,293177
2022-06-28T04:00:00Z,78.55,79.82,76.19,76.33,211723
2022-06-27T04:00:00Z,78,78.43,77.27,77.72,233035
2022-06-24T04:00:00Z,75.7,78.13,75.64,78.13,373434
2022-06-23T04:00:00Z,73.83,75.36,73.53,75.22,264338
2022-06-22T04:00:00Z,72.32,73.82,72.23,73.32,241376
2022-06-21T04:00:00Z,73.045,73.15,72.1,72.98,297091
2022-06-17T04:00:00Z,71.08,72.44,70.805,71.83,222565
2022-06-16T04:00:00Z,72.495,72.495,70.36,70.98,429420
2022-06-15T04:00:00Z,73.25,75.23,73.17,74.19,427345
2022-06-14T04:00:00Z,72.93,73.81,71.535,72.32,344375
2022-06-13T04:00:00Z,73.27,73.97,71.92,72.38,454625
2022-06-10T04:00:00Z,76.88,77.78,75.67,75.67,317828
2022-06-09T04:00:00Z,77.9,80.27,77.78,78.91,536192
2022-06-08T04:00:00Z,78.9,79.73,78.26,78.47,197723
2022-06-07T04:00:00Z,78.28,79.75,78.28,79.46,315182
2022-06-06T04:00:00Z,79.81,81.26,78.54,78.96,243402
2022-06-03T04:00:00Z,78.9,79.89,78.36,79.06,402940
2022-06-02T04:00:00Z,76.48,79.49,75.89,79.42,507729
2022-06-01T04:00:00Z,78.8,78.8,76.08,76.29,248743
2022-05-31T04:00:00Z,76.96,79.64,76.59,78.45,745432
2022-05-27T04:00:00Z,75.2,76.71,75.17,76.71,277254
2022-05-26T04:00:00Z,73.05,74.77,73.05,74.5,377672
2022-05-25T04:00:00Z,72.625,73.475,71.97,72.48,496072
2022-05-24T04:00:00Z,72.97,73.32,71.265,72.73,468482
2022-05-23T04:00:00Z,73.84,74.26,72.57,73.42,413398
2022-05-20T04:00:00Z,72.86,73.42,71.47,73.42,553118
2022-05-19T04:00:00Z,70.905,72.42,70.36,71.93,616218
2022-05-18T04:00:00Z,73.02,73.52,70.78,71.33,336772
2022-05-17T04:00:00Z,74.09,74.295,72.85,73.74,424267
2022-05-16T04:00:00Z,74.905,75.42,72.32,72.42,509814
2022-05-13T04:00:00Z,72.005,75.71,71.935,75.59,1258946
2022-05-12T04:00:00Z,69.23,70.02,68.39,69.94,710198
2022-05-11T04:00:00Z,71.48,71.95,69.96,70.04,338780
2022-05-10T04:00:00Z,74.81,74.99,71.615,71.88,357077
2022-05-09T04:00:00Z,75.24,76.54,73.35,73.49,475091
2022-05-06T04:00:00Z,77.05,77.17,75.22,76.54,396373
2022-05-05T04:00:00Z,80.445,81.13,77.13,77.48,735936
2022-05-04T04:00:00Z,79.44,82.81,77.92,81.61,1335087
2022-05-03T04:00:00Z,75.48,75.57,73.38,74.29,629957
2022-05-02T04:00:00Z,75.19,75.68,73.5,75.37,493652
2022-04-29T04:00:00Z,76.08,76.72,74.49,74.64,297894
2022-04-28T04:00:00Z,75.765,77.09,74.87,76.59,309230
2022-04-27T04:00:00Z,75.38,76.41,74.69,74.75,277530
2022-04-26T04:00:00Z,77.46,77.54,75.65,75.65,236227
2022-04-25T04:00:00Z,77.37,78.075,76.76,77.98,435119
2022-04-22T04:00:00Z,78.76,79.34,77.785,77.92,446351
2022-04-21T04:00:00Z,81.06,81.17,78.74,78.96,312797
2022-04-20T04:00:00Z,81.44,81.47,80,80.17,274199
2022-04-19T04:00:00Z,79.88,81.53,79.44,81.2,266963
2022-04-18T04:00:00Z,79.185,79.97,78.9,79.63,322512
2022-04-14T04:00:00Z,80.82,81.07,79.25,79.52,312265
2022-04-13T04:00:00Z,79.955,81.31,79.72,80.91,466331
2022-04-12T04:00:00Z,80.73,81.265,79.66,79.78,318330
2022-04-11T04:00:00Z,80.795,81.715,80.315,80.7,282055
2022-04-08T04:00:00Z,82.76,83.04,81.345,81.54,267399
2022-04-07T04:00:00Z,82.76,83.5,81.45,83.15,586367
2022-04-06T04:00:00Z,83.64,83.85,82.1,83.36,321704
2022-04-05T04:00:00Z,86.61,86.61,84,84.14,635077
2022-04-04T04:00:00Z,87.845,88.46,86.2,88.1,738260
2022-04-01T04:00:00Z,91.67,91.77,90.48,91.47,251220
2022-03-31T04:00:00Z,91.32,92.6,91.03,91.04,485589
2022-03-30T04:00:00Z,90.695,91.53,90.51,91.04,415273
2022-03-29T04:00:00Z,90,91.87,89.88,91.25,324731
2022-03-28T04:00:00Z,87.75,88.42,86.76,88.36,193626
2022-03-25T04:00:00Z,87.4,87.66,86.305,87.44,197761
2022-03-24T04:00:00Z,86.5,87.13,85.6,87.11,140883
2022-03-23T04:00:00Z,87.49,87.69,86.11,86.235,270211
2022-03-22T04:00:00Z,87.36,89.07,87.3,87.91,227778
2022-03-21T04:00:00Z,89.3,89.67,85.98,86.89,412430
2022-03-18T04:00:00Z,86.07,89.74,85.04,89.51,485367
2022-03-17T04:00:00Z,86.71,87.91,86.09,87.63,296213
2022-03-16T04:00:00Z,88,90.08,85.63,87.42,712800
2022-03-15T04:00:00Z,80.48,83.43,80.41,83.1,549483
2022-03-14T04:00:00Z,82.315,82.315,78.93,79.28,958733
2022-03-11T05:00:00Z,88.39,88.79,82.55,82.73,542164
2022-03-10T05:00:00Z,86.09,87.32,85.65,87.18,473414
2022-03-09T05:00:00Z,86.52,88.12,86.34,87.6,296578
2022-03-08T05:00:00Z,84.75,86.92,83.76,84.03,479920
2022-03-07T05:00:00Z,89.93,89.96,84.36,84.5,402719
2022-03-04T05:00:00Z,90.98,91.115,89.46,90.04,192914
2022-03-03T05:00:00Z,93.38,93.38,91.08,91.54,193481
2022-03-02T05:00:00Z,91.17,93.28,90.82,92.76,358784
2022-03-01T05:00:00Z,91.3,91.315,89.67,90.14,260217
2022-02-28T05:00:00Z,91.05,92.275,90.64,91.75,414108
2022-02-25T05:00:00Z,91.66,92.77,90.32,92.59,184485
2022-02-24T05:00:00Z,87.38,91.17,87.27,91.035,250795
2022-02-23T05:00:00Z,93.88,93.88,89.46,89.7,380934
2022-02-22T05:00:00Z,93.6,94.035,92.36,93.11,466949
2022-02-18T05:00:00Z,92.58,94.04,92.58,93.36,259575
2022-02-17T05:00:00Z,94.31,94.525,92.78,93.03,253007
2022-02-16T05:00:00Z,94.46,95.55,93.17,95.17,191463
2022-02-15T05:00:00Z,95.15,95.45,94.4,94.49,161908
2022-02-14T05:00:00Z,93.87,94.46,92.43,93.64,266174
2022-02-11T05:00:00Z,95.6,96.46,93.37,93.7,291450
2022-02-10T05:00:00Z,95.46,96.8,94.98,95.32,307594
2022-02-09T05:00:00Z,96.25,97.965,96.2,97.13,210152
2022-02-08T05:00:00Z,95.29,95.97,94.38,94.9,154555
2022-02-07T05:00:00Z,95.36,96.1,94.9,95.2,160197
2022-02-04T05:00:00Z,95.5,95.89,93.83,95,233246
2022-02-03T05:00:00Z,96.81,97.47,95.7,95.92,223828
2022-02-02T05:00:00Z,95.8,99.12,94.76,97.69,455806
2022-02-01T05:00:00Z,98.4,98.98,96.81,98.66,455066
2022-01-31T05:00:00Z,97.02,98.32,96.46,98.31,272757
2022-01-28T05:00:00Z,95.165,97.19,93.805,97.19,245468
2022-01-27T05:00:00Z,96.59,97.11,95.06,95.29,201285
2022-01-26T05:00:00Z,97.7,98.625,94.96,95.5,365261
2022-01-25T05:00:00Z,96.78,98.085,95.17,97.02,404523
2022-01-24T05:00:00Z,94.76,98.35,94.48,98.17,473364
2022-01-21T05:00:00Z,95.84,98.41,95.485,96.3,465121
2022-01-20T05:00:00Z,97.5,98.9,95.595,95.71,507626
2022-01-19T05:00:00Z,98,98.37,96.79,96.87,351296
2022-01-18T05:00:00Z,99.17,99.33,97.575,97.73,302369
2022-01-14T05:00:00Z,101.73,101.84,99.095,100.1,596543
2022-01-13T05:00:00Z,104.1,104.655,102.09,102.43,341526
2022-01-12T05:00:00Z,104.435,105.28,103.7,103.75,297630
2022-01-11T05:00:00Z,106.075,106.08,103.73,103.98,417090
2022-01-10T05:00:00Z,106.79,107,104.5,106.05,264557
2022-01-07T05:00:00Z,108.37,109.7,107.475,107.56,376999
2022-01-06T05:00:00Z,110.17,111.84,110,111.15,132509
2022-01-05T05:00:00Z,114.38,114.905,110.4,110.41,404497
2022-01-04T05:00:00Z,116.94,116.99,114.19,114.23,375936
2022-01-03T05:00:00Z,116.57,117.66,114.82,116.68,227480
2021-12-31T05:00:00Z,115.8,117.48,115.8,116.98,106825
2021-12-30T05:00:00Z,116.55,117.295,116.09,116.21,139428
2021-12-29T05:00:00Z,115.72,116.9,115.45,116.4,128630
2021-12-28T05:00:00Z,113.98,116.26,113.915,115.63,163046
2021-12-27T05:00:00Z,112.51,114.365,112.39,114.215,113673
2021-12-23T05:00:00Z,112.08,112.89,112.06,112.36,129948
2021-12-22T05:00:00Z,110.21,111.78,110.21,111.72,136207
2021-12-21T05:00:00Z,108.98,110.9,108.91,110.36,162631
2021-12-20T05:00:00Z,107.09,108.11,106.64,108.1,178882
2021-12-17T05:00:00Z,111.34,111.72,108.24,108.66,394641
2021-12-16T05:00:00Z,114.9,115.335,113.23,113.61,316817
2021-12-15T05:00:00Z,114.705,115.1,112.76,114.66,198919
2021-12-14T05:00:00Z,114.54,115.29,114.045,114.725,196931
2021-12-13T05:00:00Z,116.12,116.82,115.25,115.54,250879
2021-12-10T05:00:00Z,115.925,117.09,115.925,116.72,183039
2021-12-09T05:00:00Z,115.79,116.38,115.26,115.29,196645
2021-12-08T05:00:00Z,115.755,116.61,115.17,116.23,185710
2021-12-07T05:00:00Z,114.915,117.155,114.82,116.24,327234
2021-12-06T05:00:00Z,111.8,114.16,111.8,113.39,254815
2021-12-03T05:00:00Z,111.905,112.8,110.08,111.26,257525
2021-12-02T05:00:00Z,109.3,112.08,109.3,111.42,198678
2021-12-01T05:00:00Z,111.055,113.32,108.57,108.58,291567
2021-11-30T05:00:00Z,109.53,111.06,109.3,109.63,288083
2021-11-29T05:00:00Z,111.34,111.66,109.63,110.69,291994
2021-11-26T05:00:00Z,110.02,110.81,109.3,110.69,213936
2021-11-24T05:00:00Z,113.37,114.235,113.165,113.97,117029
2021-11-23T05:00:00Z,111.995,114.095,111.85,113.64,292943
2021-11-22T05:00:00Z,110.91,112.57,110.91,111.42,222540
2021-11-19T05:00:00Z,112.78,112.78,109.82,110.82,230013
2021-11-18T05:00:00Z,112.02,113.2,111.34,112.9,214508
2021-11-17T05:00:00Z,112.155,113.1,111.695,112.54,226474
2021-11-16T05:00:00Z,112.235,113.11,111.505,112.24,481780
2021-11-15T05:00:00Z,112.26,113.645,111.65,111.91,229105
2021-11-12T05:00:00Z,111.95,112.225,111.105,111.79,596889
2021-11-11T05:00:00Z,113.045,113.18,110.54,111.43,411410
2021-11-10T05:00:00Z,112.765,114.455,112.765,113.18,303273
2021-11-09T05:00:00Z,114.63,115.57,113.405,114.13,246605
2021-11-08T05:00:00Z,116.67,117.41,114.61,115.13,293029
2021-11-05T04:00:00Z,113.14,117.32,113.14,116.91,267647
2021-11-04T04:00:00Z,111.715,112.38,110.93,112.2,388021
2021-11-03T04:00:00Z,111.23,112.91,110.18,112.64,293151
2021-11-02T04:00:00Z,110.25,111.81,109.81,111.46,433761
2021-11-01T04:00:00Z,107.21,110.15,107.21,109.78,363520
2021-10-29T04:00:00Z,107.75,107.75,104.055,106.13,956039
2021-10-28T04:00:00Z,113.715,114.575,112.49,113.19,220367
2021-10-27T04:00:00Z,115.445,115.445,113.09,113.5,222781
2021-10-26T04:00:00Z,114.85,115.235,114.26,114.98,155802
2021-10-25T04:00:00Z,114.715,114.88,113.4,114.73,154423
2021-10-22T04:00:00Z,114.44,114.98,114.11,114.56,88734
2021-10-21T04:00:00Z,113.98,114.56,113.625,114.45,147257
2021-10-20T04:00:00Z,113.155,115.1,112.77,113.92,234051
2021-10-19T04:00:00Z,113.47,114.49,112.77,113.5,132512
2021-10-18T04:00:00Z,111.34,113.56,111.18,113.39,104750
2021-10-15T04:00:00Z,112.51,112.89,110.96,111.43,210873
2021-10-14T04:00:00Z,111.14,112.6,111.08,111.85,129339
2021-10-13T04:00:00Z,111.275,111.275,109.43,110.82,287101
2021-10-12T04:00:00Z,111.625,111.87,110.66,111.06,90220
2021-10-11T04:00:00Z,112.785,113.5,110.94,110.94,161577
2021-10-08T04:00:00Z,112.655,112.655,111.145,111.22,162216
2021-10-07T04:00:00Z,112.47,112.98,112.07,112.23,152325
2021-10-06T04:00:00Z,110.28,111.69,109.495,111.67,95445
2021-10-05T04:00:00Z,110.99,111.48,110.035,110.85,200759
2021-10-04T04:00:00Z,112.36,113.04,111.05,111.47,100308
2021-10-01T04:00:00Z,110.96,113.44,110.58,112.84,237667
2021-09-30T04:00:00Z,111.53,112.06,110.33,110.33,102263
2021-09-29T04:00:00Z,112.13,112.5,111.57,112.17,158843
2021-09-28T04:00:00Z,112.81,112.81,111.12,111.73,235240
2021-09-27T04:00:00Z,113.435,114.64,113,113.67,96712
2021-09-24T04:00:00Z,114.185,114.81,113.78,114.09,154132
2021-09-23T04:00:00Z,113.45,114.7,113.14,114.17,112267
2021-09-22T04:00:00Z,113.01,114.03,112.37,113.04,96441
2021-09-21T04:00:00Z,111.93,113.55,111.82,112.21,218523
2021-09-20T04:00:00Z,111.26,112.23,110.4,111.84,200612
2021-09-17T04:00:00Z,114.675,114.675,113.15,113.45,106578
2021-09-16T04:00:00Z,114.92,115.25,113.22,114.68,295640
2021-09-15T04:00:00Z,116.8,116.98,113.145,114.68,347505
2021-09-14T04:00:00Z,119.775,119.84,118.47,118.84,93349
2021-09-13T04:00:00Z,119.86,119.96,118.56,119.15,150732
2021-09-10T04:00:00Z,119.23,120.75,118.93,119.28,165757
2021-09-09T04:00:00Z,117.84,120.04,117.84,118.76,122078
2021-09-08T04:00:00Z,116.035,118.17,115.71,118.05,138073
2021-09-07T04:00:00Z,116.95,117.07,115.48,115.82,98639
2021-09-03T04:00:00Z,116.85,117.57,116.36,117.2,64276
2021-09-02T04:00:00Z,117.9,118.32,116.9,117.37,90963
2021-09-01T04:00:00Z,117.735,118.28,117.29,117.45,138459
2021-08-31T04:00:00Z,115.96,117.59,115.71,117.54,122394
2021-08-30T04:00:00Z,115.64,115.78,114.64,115.6,106444
2021-08-27T04:00:00Z,114.54,115.39,114.19,115.14,230640
2021-08-26T04:00:00Z,115.62,115.62,113.87,114.35,124473
2021-08-25T04:00:00Z,115.59,115.91,115,115.56,123892
2021-08-24T04:00:00Z,115.38,115.84,114.945,115.085,129386
2021-08-23T04:00:00Z,114.92,115.45,114.75,115.15,77835
2021-08-20T04:00:00Z,114.09,114.99,113.81,114.62,78248
2021-08-19T04:00:00Z,114.2,115.06,113.615,114.34,199913
2021-08-18T04:00:00Z,116.35,116.73,115.6,115.64,176985
2021-08-17T04:00:00Z,116.7,116.82,115.625,116.57,122020
2021-08-16T04:00:00Z,116.5,117.605,116.44,117.53,163403
2021-08-13T04:00:00Z,115.97,116.83,115.45,116.73,216767
2021-08-12T04:00:00Z,116.61,116.61,115.515,115.7,334446
2021-08-11T04:00:00Z,116.22,117.27,115.95,116.39,329614
2021-08-10T04:00:00Z,118.43,118.47,116,116.4,335386
2021-08-09T04:00:00Z,118.965,118.965,117.76,117.94,280847
2021-08-06T04:00:00Z,118.9,119.19,118.1,119.05,138309
2021-08-05T04:00:00Z,118.65,119.04,118.12,119.03,150227
2021-08-04T04:00:00Z,119.21,119.21,117.575,118.25,241514
2021-08-03T04:00:00Z,120.56,120.56,117.535,119.11,273782
2021-08-02T04:00:00Z,122.16,122.94,120.085,120.3,235384
2021-07-30T04:00:00Z,122.265,122.965,121.1,121.4,217436
2021-07-29T04:00:00Z,122.59,123.45,122.15,122.38,341992
2021-07-28T04:00:00Z,121.84,123.31,121.43,122.44,339339
2021-07-27T04:00:00Z,126.16,126.16,124.835,126.025,172528
2021-07-26T04:00:00Z,125.73,126.09,124.26,126.06,208200
2021-07-23T04:00:00Z,124.615,126.3,123.985,125.985,233292
2021-07-22T04:00:00Z,119.435,122.88,119.085,122.62,215267
2021-07-21T04:00:00Z,117.5,119.61,117.5,119.25,163642
2021-07-20T04:00:00Z,115.65,118.035,115.35,117.43,103699
2021-07-19T04:00:00Z,117.4,117.55,114.35,115.28,255537
2021-07-16T04:00:00Z,119.79,120.44,118.51,118.69,141692
2021-07-15T04:00:00Z,119.31,119.55,118.21,119.01,172534
2021-07-14T04:00:00Z,119.98,120.82,119.69,119.75,153895
2021-07-13T04:00:00Z,118.6,119.99,118.47,119.55,133311
2021-07-12T04:00:00Z,117.55,118.76,117.45,118.41,101581
2021-07-09T04:00:00Z,116.25,117.73,116.25,117.44,109216
2021-07-08T04:00:00Z,115.4,116.73,115.33,115.99,153830
2021-07-07T04:00:00Z,115.88,117.75,115.76,117.19,153859
2021-07-06T04:00:00Z,115.16,115.835,114.335,115.75,166129
2021-07-02T04:00:00Z,113.99,115.27,113.82,114.98,110873
2021-07-01T04:00:00Z,111.95,113.49,111.89,113.38,170127
2021-06-30T04:00:00Z,112.42,112.42,111.28,111.865,168644
2021-06-29T04:00:00Z,112.085,112.685,111.57,112.265,101889
2021-06-28T04:00:00Z,112.88,113.02,111.46,112.27,209042
2021-06-25T04:00:00Z,112.66,113.02,112.24,113.02,97856
2021-06-24T04:00:00Z,111.89,112.9,111.83,111.99,105354
2021-06-23T04:00:00Z,111.59,111.95,111.15,111.59,114828
2021-06-22T04:00:00Z,111.07,112.245,110.64,111.85,88724
2021-06-21T04:00:00Z,109.99,111.37,109.735,110.975,256475
2021-06-18T04:00:00Z,110.635,110.635,109.27,109.68,134102
2021-06-17T04:00:00Z,111.13,111.92,110.75,111.38,170914
2021-06-16T04:00:00Z,112.45,112.52,110.23,111.33,134707
2021-06-15T04:00:00Z,112.4,112.45,111.62,111.895,125326
2021-06-14T04:00:00Z,112.71,113.13,111.51,112.45,111968
2021-06-11T04:00:00Z,112.27,112.83,112.2,112.55,119372
2021-06-10T04:00:00Z,111.63,112.39,111.51,112.24,106434
2021-06-09T04:00:00Z,111.66,112.15,111.375,111.395,212605
2021-06-08T04:00:00Z,111.4,111.98,110.86,111.52,161209
2021-06-07T04:00:00Z,111.93,112.075,111,111.35,144907
2021-06-04T04:00:00Z,111.56,112.04,111.06,111.99,130235
2021-06-03T04:00:00Z,112.11,112.145,110.16,111.12,221218
2021-06-02T04:00:00Z,113.44,113.53,112.75,113.01,194133
2021-06-01T04:00:00Z,114.52,114.52,113.11,113.34,135070
2021-05-28T04:00:00Z,114.25,114.29,113.07,113.84,148941
2021-05-27T04:00:00Z,113.35,114.09,112.76,113.52,227793
2021-05-26T04:00:00Z,113.285,113.85,112.645,112.88,175509
2021-05-25T04:00:00Z,112.9,113.15,112.22,112.63,143294
2021-05-24T04:00:00Z,111.79,113.02,111.57,112.48,152076
2021-05-21T04:00:00Z,111.66,112.19,110.59,110.85,210226
2021-05-20T04:00:00Z,109.975,111.68,109.955,111.44,239306
2021-05-19T04:00:00Z,109.94,109.94,108.9,109.66,376168
2021-05-18T04:00:00Z,111.35,112.18,111.05,111.12,213920
2021-05-17T04:00:00Z,111.22,111.22,109.85,110.97,161980
2021-05-14T04:00:00Z,111.035,111.59,110.28,111.2,191520
2021-05-13T04:00:00Z,110.16,111.14,109.16,110.5,336158
2021-05-12T04:00:00Z,111.98,112.35,109.63,109.795,230629
2021-05-11T04:00:00Z,113.45,113.68,112.19,113.6,229214
2021-05-10T04:00:00Z,114.31,116.08,114.31,114.36,200667
2021-05-07T04:00:00Z,115.1,115.755,114.29,114.32,164552
2021-05-06T04:00:00Z,113.66,114.79,113.14,114.72,156170
2021-05-05T04:00:00Z,114.2,114.86,113.18,113.43,176082
2021-05-04T04:00:00Z,115.075,115.37,113.55,114.11,231528
2021-05-03T04:00:00Z,115.32,116.71,115.17,115.78,182582
2021-04-30T04:00:00Z,114,114.9,113.49,114.5,238275
2021-04-29T04:00:00Z,113.175,115.14,112.76,114.62,418487
2021-04-28T04:00:00Z,113.22,114.1,111.71,112.41,587958
2021-04-27T04:00:00Z,115.67,116.385,115.29,116.18,263302
2021-04-26T04:00:00Z,117.08,117.11,115.075,115.92,172321
2021-04-23T04:00:00Z,116.11,117.97,115.91,117.54,191993
2021-04-22T04:00:00Z,116.805,116.81,115.24,115.96,243977
2021-04-21T04:00:00Z,116.16,117.26,115.95,116.65,234949
2021-04-20T04:00:00Z,116.94,117.225,115.38,116.21,305268
2021-04-19T04:00:00Z,118.19,118.98,117.14,117.61,251156
2021-04-16T04:00:00Z,117.71,118.435,116.94,118.33,266465
2021-04-15T04:00:00Z,115.21,116.875,114.8,116.63,204028
2021-04-14T04:00:00Z,115.2,116.235,114.73,115.13,164294
2021-04-13T04:00:00Z,113.735,115.59,113.69,115.43,93447
2021-04-12T04:00:00Z,113.05,113.88,112.77,113.81,160659
2021-04-09T04:00:00Z,112.92,113.26,111.98,113.2,120717
2021-04-08T04:00:00Z,113.51,113.95,112.68,112.995,149081
2021-04-07T04:00:00Z,112.86,113.71,112.67,113.21,160303
2021-04-06T04:00:00Z,111.28,113.81,111.24,113.15,269935
2021-04-05T04:00:00Z,109.895,111.35,109.87,111.01,336949
2021-04-01T04:00:00Z,109.47,110.02,108.23,109.4,221249
2021-03-31T04:00:00Z,110.35,111.55,109.2,109.22,183061
2021-03-30T04:00:00Z,108.605,110.41,108.6,110.14,180491
2021-03-29T04:00:00Z,109.1,110.235,108.15,109.08,194417
2021-03-26T04:00:00Z,107.365,110,107.3,109.97,273003
2021-03-25T04:00:00Z,105,107.69,104.16,107.36,1519144
2021-03-24T04:00:00Z,106.565,107.28,105,105.05,996478
2021-03-23T04:00:00Z,107.7,107.895,105.7,106.22,850108
2021-03-22T04:00:00Z,106.475,108.41,106.01,107.6,865983
2021-03-19T04:00:00Z,108.35,108.7,105.83,106.11,1585710
2021-03-18T04:00:00Z,109.63,110.21,107.515,107.63,938777
2021-03-17T04:00:00Z,111.395,111.42,108.98,110.47,1735944
2021-03-16T04:00:00Z,110.55,112.27,109.95,111.34,927167
2021-03-15T04:00:00Z,108.04,108.9,107.08,108.9,942559
2021-03-12T05:00:00Z,107.38,107.965,106.64,107.84,122968
2021-03-11T05:00:00Z,108.47,108.545,107.28,107.3,184529
2021-03-10T05:00:00Z,107.115,109.06,107.03,107.74,268526
2021-03-09T05:00:00Z,106.23,107.95,105.97,106.63,233666
2021-03-08T05:00:00Z,104.8,106.875,104.28,104.98,232423
2021-03-05T05:00:00Z,105.97,105.97,102.79,105.16,189480
2021-03-04T05:00:00Z,106.385,107.09,103.97,104.82,287215
2021-03-03T05:00:00Z,106.91,107.94,106.14,106.2,214120
2021-03-02T05:00:00Z,107.36,108.24,105.87,107.14,143087
2021-03-01T05:00:00Z,108.59,110.43,106.55,106.85,228518
2021-02-26T05:00:00Z,104.115,109.46,103.8,108.14,455923
2021-02-25T05:00:00Z,103.94,105.77,103.12,103.54,434003
2021-02-24T05:00:00Z,101.29,104.51,100.63,104.5,256606
2021-02-23T05:00:00Z,103.16,103.22,99.97,101.335,443085
2021-02-22T05:00:00Z,102.95,102.965,101.76,101.81,211127
2021-02-19T05:00:00Z,104.67,104.92,103.23,103.34,128945
2021-02-18T05:00:00Z,103.79,105.31,103.5,104.85,133309
2021-02-17T05:00:00Z,105.22,105.43,104.16,104.445,98699
2021-02-16T05:00:00Z,104.925,106.57,104.77,106.16,152543
2021-02-12T05:00:00Z,105.83,105.9,104.72,105.33,154846
2021-02-11T05:00:00Z,106.115,106.19,105.07,105.94,84276
2021-02-10T05:00:00Z,106.7,106.9,104.97,105.8,183873
2021-02-09T05:00:00Z,106,106.81,105.28,106.19,116893
2021-02-08T05:00:00Z,106.47,106.47,105.35,106.27,109154
2021-02-05T05:00:00Z,104.94,107.53,104.82,106.49,365658
2021-02-04T05:00:00Z,101.29,104.23,101.13,103.625,285808
2021-02-03T05:00:00Z,101.205,102.63,100.83,101.07,154565
2021-02-02T05:00:00Z,99.14,102.465,98.86,101.63,264490
2021-02-01T05:00:00Z,96.99,99.61,96.94,98.57,442964
2021-01-29T05:00:00Z,97.315,97.69,95.965,96.79,186007
2021-01-28T05:00:00Z,98.935,100.52,98.14,98.14,272205
2021-01-27T05:00:00Z,101.45,101.72,96.74,97.92,665512
2021-01-26T05:00:00Z,103.41,105.19,103.305,104.72,318033
2021-01-25T05:00:00Z,103.82,103.95,102.305,103.38,185129
2021-01-22T05:00:00Z,104.11,104.455,103.08,103.93,162933
2021-01-21T05:00:00Z,105.46,105.48,104.485,104.65,168208
2021-01-20T05:00:00Z,102.4,105.83,102.21,105.47,177881
2021-01-19T05:00:00Z,102.74,103.57,101.42,102.59,188237
2021-01-15T05:00:00Z,101.36,102.67,101.25,102.35,142983
2021-01-14T05:00:00Z,103.77,104.18,101.73,101.8,103127
2021-01-13T05:00:00Z,102.29,103.37,101.49,102.93,165783
2021-01-12T05:00:00Z,104.165,104.31,102.32,102.935,126072
2021-01-11T05:00:00Z,105.12,105.59,104.29,104.61,101455
2021-01-08T05:00:00Z,103.88,105.74,103.45,105.72,238099
2021-01-07T05:00:00Z,104.46,104.635,102.97,103.36,187813
2021-01-06T05:00:00Z,102.93,105.17,102.93,104.21,230002
2021-01-05T05:00:00Z,102.94,104.255,102.89,103.405,402463
2021-01-04T05:00:00Z,107.63,107.69,102.19,103.09,395821
2020-12-31T05:00:00Z,106.085,107.13,105.7,107.05,115354
2020-12-30T05:00:00Z,105.895,106.6,105.895,105.93,103991
2020-12-29T05:00:00Z,104.73,105.76,104.47,105.655,131070
2020-12-28T05:00:00Z,102.81,104.35,102.33,104.32,162973
2020-12-24T05:00:00Z,102.1,102.3,101.69,101.99,71171
2020-12-23T05:00:00Z,102.3,102.675,102.02,102.02,117532
2020-12-22T05:00:00Z,102.215,103.14,101.915,102.43,107275
2020-12-21T05:00:00Z,101.285,103.105,100.03,102.91,257859
2020-12-18T05:00:00Z,103.42,104.11,102.99,103.25,125347
2020-12-17T05:00:00Z,103.61,103.97,102.63,103.19,92117
2020-12-16T05:00:00Z,104.065,104.75,102.73,103.26,144566
2020-12-15T05:00:00Z,104.23,104.84,103.785,104.12,181684
2020-12-14T05:00:00Z,103.83,104.69,103.38,103.38,124076
2020-12-11T05:00:00Z,104.45,104.73,102.345,102.99,233768
2020-12-10T05:00:00Z,103.46,106.05,102.835,105.44,353891
2020-12-09T05:00:00Z,101.875,102.15,100.115,100.475,249851
2020-12-08T05:00:00Z,100.14,101.54,100.05,101.32,113999
2020-12-07T05:00:00Z,101.94,102.2,100.705,101.405,133581
2020-12-04T05:00:00Z,101.26,102.92,101.07,102.19,266972
2020-12-03T05:00:00Z,99.04,100.99,99.01,100.12,160641
2020-12-02T05:00:00Z,98.47,99.01,98.295,98.89,153254
2020-12-01T05:00:00Z,98.875,99.255,98.255,98.81,326604
2020-11-30T05:00:00Z,98.23,98.23,97,98.05,132337
2020-11-27T05:00:00Z,98.5,98.9,98.31,98.75,47948
2020-11-25T05:00:00Z,98.35,98.53,97.96,98.22,136806
2020-11-24T05:00:00Z,97.45,98.71,97.44,98.3,257204
2020-11-23T05:00:00Z,97.51,97.795,96.47,96.92,215125
2020-11-20T05:00:00Z,97.26,97.49,96.97,97.005,154199
2020-11-19T05:00:00Z,97.135,97.89,96.93,97.77,195808
2020-11-18T05:00:00Z,98.68,99.31,97.93,97.99,261857
2020-11-17T05:00:00Z,97.31,98.775,96.81,98.61,334270
2020-11-16T05:00:00Z,96.82,97.79,96.2,97.79,318605
2020-11-13T05:00:00Z,94.21,95.57,93.7,95.55,222564
2020-11-12T05:00:00Z,94.68,94.71,92.71,93.55,289651
2020-11-11T05:00:00Z,94.07,95.8,94.07,95.03,333936
2020-11-10T05:00:00Z,93.75,95.255,93.16,93.89,368849
2020-11-09T05:00:00Z,97.32,97.63,95.69,95.9,592654
2020-11-06T05:00:00Z,90.25,91.19,89.79,90.64,263111
2020-11-05T05:00:00Z,90.635,91.14,89.91,90.65,218201
2020-11-04T05:00:00Z,88.9,91.27,88.85,89.8,397149
2020-11-03T05:00:00Z,86.685,89.04,86.2,88.32,357889
2020-11-02T05:00:00Z,87.61,87.765,85.46,85.93,533264
2020-10-30T04:00:00Z,87.425,88.37,85.67,87.03,587832
2020-10-29T04:00:00Z,86.8,89.08,86.65,88.43,370159
2020-10-28T04:00:00Z,88.59,88.92,86.635,87.15,729682
2020-10-27T04:00:00Z,89.515,90.34,89.2,90.06,563700
2020-10-26T04:00:00Z,90.055,91.11,88.68,89.66,360156
2020-10-23T04:00:00Z,89.76,90.9,89.47,90.75,471477
2020-10-22T04:00:00Z,88.03,89.37,87.7,89.37,205056
2020-10-21T04:00:00Z,88.41,89.15,88.19,88.26,199787
2020-10-20T04:00:00Z,88.42,89.71,88.06,88.56,280205
2020-10-19T04:00:00Z,88.75,89.55,87.37,87.6,275920
2020-10-16T04:00:00Z,89.33,89.625,88.44,88.52,243052
2020-10-15T04:00:00Z,88.035,88.86,87.685,88.86,190498
2020-10-14T04:00:00Z,90.2,90.58,88.61,89.31,214557
2020-10-13T04:00:00Z,90.63,90.85,89.78,90.2,278322
2020-10-12T04:00:00Z,90.38,91.09,89.95,90.83,242843
2020-10-09T04:00:00Z,89.85,90.315,89.58,90.05,251705
2020-10-08T04:00:00Z,88.655,89.61,88.46,89.545,203631
2020-10-07T04:00:00Z,87.745,88.98,87.45,88.52,236825
2020-10-06T04:00:00Z,88.73,89.275,86.81,87.09,382282
2020-10-05T04:00:00Z,87.3,88.675,87.26,88.43,314124
2020-10-02T04:00:00Z,85.15,87.115,85.12,86.62,202670
2020-10-01T04:00:00Z,86.92,87.43,86.195,86.775,443910
2020-09-30T04:00:00Z,86.31,87.145,85.53,85.94,171006
2020-09-29T04:00:00Z,86.08,86.08,84.635,84.9,120181
2020-09-28T04:00:00Z,85.38,86.195,84.99,86.09,134324
2020-09-25T04:00:00Z,82.62,84.69,82.24,84.325,185688
2020-09-24T04:00:00Z,82.73,84.105,81.98,83.01,88439
2020-09-23T04:00:00Z,84.44,84.885,82.82,82.975,195323
2020-09-22T04:00:00Z,83.92,84.385,83.175,83.94,115835
2020-09-21T04:00:00Z,82.84,83.94,81.77,83.94,153944
2020-09-18T04:00:00Z,86.71,87.2,84.625,84.92,159323
2020-09-17T04:00:00Z,86.9,87.3,85.42,86.68,158790
2020-09-16T04:00:00Z,88.05,89.41,87.83,88.35,127362
2020-09-15T04:00:00Z,87.5,88.2,87.25,87.78,247366
2020-09-14T04:00:00Z,85.74,87.04,85.73,86.68,101075
2020-09-11T04:00:00Z,84.915,85.84,84.165,85.34,136167
2020-09-10T04:00:00Z,85.835,87.06,84.56,84.93,171547
2020-09-09T04:00:00Z,85.9,86.81,84.485,85.885,129737
2020-09-08T04:00:00Z,85.34,87.58,84.81,85.385,394000
2020-09-04T04:00:00Z,86.965,87.78,85.36,86.315,286375
2020-09-03T04:00:00Z,88.82,88.955,85.72,86.53,183632
2020-09-02T04:00:00Z,86.51,88.74,86.38,88.39,222863
2020-09-01T04:00:00Z,84.74,86.075,84.26,86.075,168277
2020-08-31T04:00:00Z,85.06,85.31,84.055,84.645,116734
2020-08-28T04:00:00Z,83.61,85.29,83.435,84.985,226620
2020-08-27T04:00:00Z,82.76,83.625,82.59,83.47,229402
2020-08-26T04:00:00Z,82.435,82.7,81.91,82.34,185281
2020-08-25T04:00:00Z,79.915,83.06,79.81,82.725,413319
2020-08-24T04:00:00Z,77.7,79.1,77.26,78.6,148331
2020-08-21T04:00:00Z,76.99,77.245,76.7,77.075,129458
2020-08-20T04:00:00Z,76.955,77.65,76.47,77.23,135847
2020-08-19T04:00:00Z,79.02,79.36,77.44,77.65,208481
2020-08-18T04:00:00Z,79.075,79.35,78.38,78.95,133851
2020-08-17T04:00:00Z,78.615,78.905,78.15,78.905,127446
2020-08-14T04:00:00Z,78.77,78.87,78.1,78.34,86439
2020-08-13T04:00:00Z,78.92,79.62,78.87,78.975,84844
2020-08-12T04:00:00Z,79.56,79.61,78.67,79.32,119180
2020-08-11T04:00:00Z,78.27,79.975,78.27,78.905,192827
2020-08-10T04:00:00Z,75.89,77.65,75.855,77.48,118828
2020-08-07T04:00:00Z,75.44,75.92,75.225,75.79,323551
2020-08-06T04:00:00Z,75.18,75.88,75.025,75.67,148464
2020-08-05T04:00:00Z,75.37,75.99,75.35,75.79,523746
2020-08-04T04:00:00Z,75.31,75.46,74.775,75.09,317655
2020-08-03T04:00:00Z,76.49,76.49,75.5,75.5,156527
2020-07-31T04:00:00Z,76.27,76.52,75.505,76.52,128588
2020-07-30T04:00:00Z,76.605,76.96,75.405,76.62,190368
2020-07-29T04:00:00Z,77.67,78.485,76.915,77.53,399050
2020-07-28T04:00:00Z,76.24,76.315,74.585,74.66,233102
2020-07-27T04:00:00Z,75.89,76.665,75.55,76.47,173238
