2024-06-14T04:00:00Z,73.94,74.51,73.32,74.45,69486
2024-06-13T04:00:00Z,74.235,75.55,74.235,74.57,98192
2024-06-12T04:00:00Z,74.405,74.57,73.405,73.9,319751
2024-06-11T04:00:00Z,72.635,73.55,72.05,73.3,101118
2024-06-10T04:00:00Z,72.155,73.58,72.15,72.94,72708
2024-06-07T04:00:00Z,71.415,72.775,71.415,72.53,69275
2024-06-06T04:00:00Z,70.78,72.17,70.705,71.995,73783
2024-06-05T04:00:00Z,69.83,71.645,69.83,71.14,124199
2024-06-04T04:00:00Z,68.75,70.095,68.34,70.09,102749
2024-06-03T04:00:00Z,67.97,69.57,67.97,69.335,112665
2024-05-31T04:00:00Z,66.69,67.66,65.73,67.61,76133
2024-05-30T04:00:00Z,66.99,67.49,66.4,67.13,65475
2024-05-29T04:00:00Z,68.36,68.68,66.97,68.04,99372
2024-05-28T04:00:00Z,68.215,69.68,65.875,69.68,250236
2024-05-24T04:00:00Z,71.25,72.34,70.77,71.99,98344
2024-05-23T04:00:00Z,73.66,73.66,70.48,71.725,267391
2024-05-22T04:00:00Z,73.105,74.025,73.09,73.66,123265
2024-05-21T04:00:00Z,71.91,73.685,71.785,73.29,100807
2024-05-20T04:00:00Z,72.01,73.26,71.545,73.1,75037
2024-05-17T04:00:00Z,71.865,74.32,71.865,73.74,134763
2024-05-16T04:00:00Z,69.98,72.275,69.51,71.43,261907
2024-05-15T04:00:00Z,67.25,68.98,66.63,68.62,159215
2024-05-14T04:00:00Z,67.03,69.68,63.205,66.275,624006
2024-05-13T04:00:00Z,64.7,64.91,63.61,64.46,259694
2024-05-10T04:00:00Z,66.045,67.18,64.485,64.89,124188
2024-05-09T04:00:00Z,66.13,66.97,65.87,66.035,169760
2024-05-08T04:00:00Z,63.7,66.8,63.28,66.74,182818
2024-05-07T04:00:00Z,64.825,66.17,64.825,65.145,94841
2024-05-06T04:00:00Z,66.955,67,65.82,66.16,92780
2024-05-03T04:00:00Z,64.89,66.99,64.475,66.67,253485
2024-05-02T04:00:00Z,63.305,64.125,62.46,63.91,113805
2024-05-01T04:00:00Z,62.36,63.44,61.55,62.72,110656
2024-04-30T04:00:00Z,63.8,63.89,62.565,63.2,75404
2024-04-29T04:00:00Z,63.38,64.66,62.05,64.5,106625
2024-04-26T04:00:00Z,63.35,63.895,62.02,62.85,92378
2024-04-25T04:00:00Z,61.78,63.25,61.435,62.83,138917
2024-04-24T04:00:00Z,63.99,64.48,62.345,63.27,161176
2024-04-23T04:00:00Z,60.53,62.61,60.22,62.025,235390
2024-04-22T04:00:00Z,59.21,61.79,57.77,59.41,321182
2024-04-19T04:00:00Z,55.68,56.56,54.82,55.04,179535
2024-04-18T04:00:00Z,56.405,58.085,56.105,56.31,151437
2024-04-17T04:00:00Z,56.08,56.86,54.905,55.61,211869
2024-04-16T04:00:00Z,51.845,57.19,51.845,56.375,418622
2024-04-15T04:00:00Z,53.205,53.63,52.43,52.755,104350
2024-04-12T04:00:00Z,54.97,55.2,53.23,53.27,199608
2024-04-11T04:00:00Z,56.6,56.88,55.36,55.63,172838
2024-04-10T04:00:00Z,56.26,58.45,56.25,57.06,119722
2024-04-09T04:00:00Z,56.43,57.34,56.24,57,145848
2024-04-08T04:00:00Z,55.45,56.53,55.33,55.97,108207
2024-04-05T04:00:00Z,53.75,55.31,53.5,55.28,192184
2024-04-04T04:00:00Z,54.545,56.12,53.415,53.43,162944
2024-04-03T04:00:00Z,53.96,55.21,52.7,53.06,102947
2024-04-02T04:00:00Z,53.115,54.87,52.73,54.62,162203
2024-04-01T04:00:00Z,53.885,53.96,52.585,53.03,78221
2024-03-28T04:00:00Z,53.445,54.56,52.44,53.71,85332
2024-03-27T04:00:00Z,55.085,55.55,53.12,53.565,209961
2024-03-26T04:00:00Z,55.17,56.62,55.12,55.55,148091
2024-03-25T04:00:00Z,54.77,55.755,54.17,54.67,89916
2024-03-22T04:00:00Z,54.815,55.21,54.18,54.48,164071
2024-03-21T04:00:00Z,56.92,57.25,54.475,54.53,183243
2024-03-20T04:00:00Z,56.04,56.41,55.09,55.965,111484
2024-03-19T04:00:00Z,56.665,56.79,54.22,56.005,242468
2024-03-18T04:00:00Z,58.3,59.36,57.37,57.85,104601
2024-03-15T04:00:00Z,59.51,60.03,58.05,58.11,218531
2024-03-14T04:00:00Z,62.36,63.22,60.13,60.76,153679
2024-03-13T04:00:00Z,58.1,61.34,58.09,60.57,225406
2024-03-12T04:00:00Z,59,59.39,57.64,57.99,113509
2024-03-11T04:00:00Z,58.45,59.38,57.49,58.405,164331
2024-03-08T05:00:00Z,59.97,60.02,57.45,57.71,201690
2024-03-07T05:00:00Z,59.02,59.63,58.1,59.365,266030
2024-03-06T05:00:00Z,57.19,59.62,56.98,59.22,358686
2024-03-05T05:00:00Z,54.395,55.89,53.68,55.72,446552
2024-03-04T05:00:00Z,56.27,57.77,49.85,53.9,891824
2024-03-01T05:00:00Z,49.29,51.46,48.78,51.04,458724
2024-02-29T05:00:00Z,48.395,49.48,48.205,48.55,175856
2024-02-28T05:00:00Z,46.16,49.375,46.155,47.75,204572
2024-02-27T05:00:00Z,45.865,47.91,45.485,46.705,128331
2024-02-26T05:00:00Z,44.94,45.48,44.75,45.37,89741
2024-02-23T05:00:00Z,44.29,45.63,43.27,45.04,210263
2024-02-22T05:00:00Z,44.795,45.295,43.7,44.46,134473
2024-02-21T05:00:00Z,44.41,44.595,43.75,44.21,60260
2024-02-20T05:00:00Z,45.67,45.975,44.23,44.69,125977
2024-02-16T05:00:00Z,44.79,46.04,44.24,45.025,136536
2024-02-15T05:00:00Z,43.135,44.34,43.13,43.985,126993
2024-02-14T05:00:00Z,42.49,42.75,41.875,42.69,80302
2024-02-13T05:00:00Z,41.76,42.855,41.65,41.995,98932
2024-02-12T05:00:00Z,43.71,44.59,43.35,43.54,73771
2024-02-09T05:00:00Z,43.115,43.77,42.69,43.5,154307
2024-02-08T05:00:00Z,43.295,43.835,42.7,43.35,131311
2024-02-07T05:00:00Z,42.28,43.76,42.25,43.58,101816
2024-02-06T05:00:00Z,42.39,42.51,41.15,42.4,173317
2024-02-05T05:00:00Z,41.17,42.19,41.11,41.88,167892
2024-02-02T05:00:00Z,40.94,42.5,40.65,42,211340
2024-02-01T05:00:00Z,38.54,40.515,38.34,40.46,239042
2024-01-31T05:00:00Z,38.27,39.26,38.105,38.14,193803
2024-01-30T05:00:00Z,40.16,40.74,38.98,39.28,231222
2024-01-29T05:00:00Z,39.535,40.64,39.18,40.64,152674
2024-01-26T05:00:00Z,39.22,40.32,38.945,39.555,185411
2024-01-25T05:00:00Z,39.785,40.09,39.085,39.405,63896
2024-01-24T05:00:00Z,39.41,40.165,38.965,39.25,128803
2024-01-23T05:00:00Z,38.29,39.76,38.09,38.245,165337
2024-01-22T05:00:00Z,36,37.475,35.69,37.14,221914
2024-01-19T05:00:00Z,35.825,36.41,34.91,36.4,177157
2024-01-18T05:00:00Z,35.05,35.84,34.66,35.84,173574
2024-01-17T05:00:00Z,35.01,35.07,34.36,34.825,120683
2024-01-16T05:00:00Z,35.45,36.25,34.94,35.725,127932
2024-01-12T05:00:00Z,37.1,37.44,35.8,35.885,311482
2024-01-11T05:00:00Z,38.855,38.875,37.065,37.17,95059
2024-01-10T05:00:00Z,37.91,38.66,37.62,38.38,100794
2024-01-09T05:00:00Z,37.96,38.39,37.68,38.15,79922
2024-01-08T05:00:00Z,37.75,38.865,37.42,38.615,106859
2024-01-05T05:00:00Z,37.81,38.585,37.45,37.91,120459
2024-01-04T05:00:00Z,38.31,38.53,37.64,37.84,117872
2024-01-03T05:00:00Z,37.83,39.24,37.69,38.81,152656
2024-01-02T05:00:00Z,39.96,40.17,38.365,38.45,216499
2023-12-29T05:00:00Z,40.58,41.89,40.425,40.535,161330
2023-12-28T05:00:00Z,40.62,41.05,39.65,40.37,144498
2023-12-27T05:00:00Z,39.78,41.46,39.715,40,173339
2023-12-26T05:00:00Z,38.43,39.27,38.33,39.145,78276
2023-12-22T05:00:00Z,37.85,39.5,37.61,38.56,276621
2023-12-21T05:00:00Z,35.845,38.19,35.41,37.96,325291
2023-12-20T05:00:00Z,36.605,36.95,35.075,35.075,213526
2023-12-19T05:00:00Z,36.725,37.04,36.08,36.95,164943
2023-12-18T05:00:00Z,35.7,37,35.465,36.61,268282
2023-12-15T05:00:00Z,37.92,37.94,35.745,35.745,322381
2023-12-14T05:00:00Z,38.35,38.63,36.62,37.67,383305
2023-12-13T05:00:00Z,38.555,38.61,37.245,37.495,275286
2023-12-12T05:00:00Z,38.415,38.6,37.51,38.55,356937
2023-12-11T05:00:00Z,35.53,38.06,35.21,37.87,885484
2023-12-08T05:00:00Z,39.095,40.12,39.095,40,98097
2023-12-07T05:00:00Z,38.045,39.28,37.75,39.06,81776
2023-12-06T05:00:00Z,38.44,38.95,38.33,38.6,89640
2023-12-05T05:00:00Z,37.375,38.57,36.84,38.02,460509
2023-12-04T05:00:00Z,37.1,38.215,36.84,38.195,235305
2023-12-01T05:00:00Z,35.97,37.76,35.7,37.48,254475
2023-11-30T05:00:00Z,36.99,37.02,36.06,36.225,168479
2023-11-29T05:00:00Z,39.405,40.01,36.66,36.755,339083
2023-11-28T05:00:00Z,36.905,40.25,36.905,39.74,310269
2023-11-27T05:00:00Z,36.56,37.525,36.03,37.47,168156
2023-11-24T05:00:00Z,37.42,37.42,36.27,36.37,105692
2023-11-22T05:00:00Z,38.41,38.64,37.25,37.515,170967
2023-11-21T05:00:00Z,38.37,38.54,37.46,38.25,93022
2023-11-20T05:00:00Z,37.44,38.71,36.975,38.54,231937
2023-11-17T05:00:00Z,37.835,37.97,36.77,37.555,138387
2023-11-16T05:00:00Z,37.33,38.36,36.87,37.89,166506
2023-11-15T05:00:00Z,36.8,39.685,36.715,38.49,674508
2023-11-14T05:00:00Z,42.49,42.49,35.59,35.865,1964808
2023-11-13T05:00:00Z,45.48,46.57,44.87,46.065,281899
2023-11-10T05:00:00Z,44.18,45.8,44.09,45.45,160228
2023-11-09T05:00:00Z,44.725,45.1,43.585,43.61,90836
2023-11-08T05:00:00Z,43.435,44.5,42.3,44.5,148671
2023-11-07T05:00:00Z,44.985,45.01,43.925,44.455,32606
2023-11-06T05:00:00Z,46.12,46.26,43.83,44.48,99047
2023-11-03T04:00:00Z,42.715,45.11,42.01,44.8,123693
2023-11-02T04:00:00Z,41.94,42.195,40.68,41.35,87091
2023-11-01T04:00:00Z,41.29,41.29,39.15,40.45,184210
2023-10-31T04:00:00Z,41.18,41.77,40.66,41.705,56027
2023-10-30T04:00:00Z,40.84,41.47,40.47,41.46,71842
2023-10-27T04:00:00Z,40.595,41.4,39.7,39.97,116504
2023-10-26T04:00:00Z,41.48,42.21,40.02,40.815,315110
2023-10-25T04:00:00Z,44.275,44.43,43.395,43.97,125364
2023-10-24T04:00:00Z,45.385,46.59,45.08,45.28,131319
2023-10-23T04:00:00Z,43.57,44.69,43.05,44.47,119975
2023-10-20T04:00:00Z,44.705,44.82,43.53,44.615,153098
2023-10-19T04:00:00Z,45.395,45.98,45.065,45.1,117521
2023-10-18T04:00:00Z,46.23,47.18,45.62,45.66,103236
2023-10-17T04:00:00Z,45.655,48.38,45.28,46.71,140871
2023-10-16T04:00:00Z,44.85,46.795,44.8,46.7,188547
2023-10-13T04:00:00Z,45.16,47.17,45.16,45.57,266166
2023-10-12T04:00:00Z,44.81,45.705,44.56,45.38,173658
2023-10-11T04:00:00Z,45.065,45.645,43.9,44.41,184815
2023-10-10T04:00:00Z,42.045,45.125,41.75,44.06,240189
2023-10-09T04:00:00Z,41.345,42.04,40.735,41.46,248766
2023-10-06T04:00:00Z,42.05,43.41,41.91,42.405,147112
2023-10-05T04:00:00Z,41.51,42.285,40.17,42.125,124352
2023-10-04T04:00:00Z,41.95,42.19,40.67,41.82,253465
2023-10-03T04:00:00Z,43.905,44.63,42.505,42.58,166055
2023-10-02T04:00:00Z,42.66,44.33,42.51,43.95,125179
2023-09-29T04:00:00Z,43.825,44.94,43.595,43.96,161345
2023-09-28T04:00:00Z,42.28,43.42,41.66,43.12,304818
2023-09-27T04:00:00Z,41.2,43.69,41.01,42.075,658306
2023-09-26T04:00:00Z,39.775,40.89,39.715,40.16,303440
2023-09-25T04:00:00Z,36.21,41.35,36.21,40.2,925658
2023-09-22T04:00:00Z,36.905,37.25,35.74,35.96,259303
2023-09-21T04:00:00Z,35.95,36.24,35.06,35.945,389037
2023-09-20T04:00:00Z,38.58,38.605,37.44,37.52,120963
2023-09-19T04:00:00Z,37.965,38.65,37.555,38.36,183004
2023-09-18T04:00:00Z,38.89,38.89,38.065,38.28,108997
2023-09-15T04:00:00Z,40.08,40.44,39.15,39.265,136815
2023-09-14T04:00:00Z,39.665,40.07,39.33,39.9,179851
2023-09-13T04:00:00Z,38.2,39.035,37.44,39.025,162104
2023-09-12T04:00:00Z,38,38.66,37.945,38.31,102403
2023-09-11T04:00:00Z,39.065,39.11,38.01,38.22,96989
2023-09-08T04:00:00Z,38.595,38.72,37.58,38.27,94645
2023-09-07T04:00:00Z,38.11,39.4,37.865,39.15,137658
2023-09-06T04:00:00Z,37.29,40.105,37.28,39.24,326460
2023-09-05T04:00:00Z,37.695,37.89,37.12,37.32,105096
2023-09-01T04:00:00Z,37.84,38.59,37.59,38.535,168403
2023-08-31T04:00:00Z,39.2,39.22,37.14,37.62,197517
2023-08-30T04:00:00Z,37.095,38,37.015,37.93,181827
2023-08-29T04:00:00Z,37.06,37.56,36.865,37.56,239898
2023-08-28T04:00:00Z,36.51,37.465,36.43,36.91,278182
2023-08-25T04:00:00Z,35.345,36.485,35.16,36.175,384114
2023-08-24T04:00:00Z,36.665,36.72,34.88,35.205,278994
2023-08-23T04:00:00Z,36.33,37.36,36.33,36.86,237220
2023-08-22T04:00:00Z,38.5,38.55,36.49,36.5,271068
2023-08-21T04:00:00Z,38.545,38.86,37.65,38.675,167875
2023-08-18T04:00:00Z,37.8,39.19,37.33,38.67,181785
2023-08-17T04:00:00Z,40.91,41.01,39.155,39.49,329709
2023-08-16T04:00:00Z,39.15,41.265,38.025,40.49,645214
2023-08-15T04:00:00Z,45.095,45.51,40.115,40.585,1709334
2023-08-14T04:00:00Z,56.655,57.075,55.73,56.91,221357
2023-08-11T04:00:00Z,57.81,58.69,57.12,57.6,361484
2023-08-10T04:00:00Z,57.63,58.59,56.81,57.24,264024
2023-08-09T04:00:00Z,57.455,57.455,56.18,56.29,171808
2023-08-08T04:00:00Z,57.375,57.61,56.58,57.37,214034
2023-08-07T04:00:00Z,59.58,60.03,58.19,58.53,152343
2023-08-04T04:00:00Z,62.14,62.14,59.03,59.43,132384
2023-08-03T04:00:00Z,60.86,62.25,60.86,61.75,198699
2023-08-02T04:00:00Z,64.02,64.18,60.78,61.755,202593
2023-08-01T04:00:00Z,65.24,66.145,65.13,65.93,90818
2023-07-31T04:00:00Z,65.73,67.08,64.37,66.505,169785
2023-07-28T04:00:00Z,62.405,63.83,62.25,63.72,200119
2023-07-27T04:00:00Z,63.375,63.635,59.83,60.26,167981
2023-07-26T04:00:00Z,61.56,62.895,61.355,61.68,80155
2023-07-25T04:00:00Z,62.7,63.45,60.875,61.02,86857
2023-07-24T04:00:00Z,60.125,61.5,59.25,61.15,135901
2023-07-21T04:00:00Z,60.79,62.465,60.39,61.18,88372
2023-07-20T04:00:00Z,61.56,61.95,59.71,60.17,146806
2023-07-19T04:00:00Z,62.74,63.87,62.195,62.445,105119
2023-07-18T04:00:00Z,63.33,63.71,61.05,61.45,74934
2023-07-17T04:00:00Z,62.24,63.185,61.65,62.675,91613
2023-07-14T04:00:00Z,62.475,63.18,61.57,62.495,162895
2023-07-13T04:00:00Z,63.17,63.72,62.52,63.065,193734
2023-07-12T04:00:00Z,61.08,61.81,60.79,61.03,173963
2023-07-11T04:00:00Z,58.1,59.44,57.3,59.11,177944
2023-07-10T04:00:00Z,54.65,58.32,54.42,58.04,200902
2023-07-07T04:00:00Z,54.6,55.75,54.36,54.96,111653
2023-07-06T04:00:00Z,56.505,56.505,54.5,55.245,170803
2023-07-05T04:00:00Z,57.01,58.65,56.34,57.97,124352
2023-07-03T04:00:00Z,58.585,59.47,57.36,57.81,89189
2023-06-30T04:00:00Z,56.65,58.69,56.4,58.03,133704
2023-06-29T04:00:00Z,56.95,57.39,56.555,56.89,75074
2023-06-28T04:00:00Z,56.75,57.46,56.27,57.1,102779
2023-06-27T04:00:00Z,57.89,58.03,56.88,57.355,119230
2023-06-26T04:00:00Z,58.67,58.725,56.6,56.995,342383
2023-06-23T04:00:00Z,57.9,58.98,57.83,58.92,124105
2023-06-22T04:00:00Z,59.89,59.915,58.97,59.475,117727
2023-06-21T04:00:00Z,60.85,61.08,59.75,60.275,95718
2023-06-20T04:00:00Z,61.09,62.25,60.95,61.22,72391
2023-06-16T04:00:00Z,63.42,63.53,61.34,62.095,114509
2023-06-15T04:00:00Z,62.99,63.25,61.5,62.835,226213
2023-06-14T04:00:00Z,66.05,66.05,62.73,63.635,198265
2023-06-13T04:00:00Z,66.17,66.34,64.19,65.69,182470
2023-06-12T04:00:00Z,64.05,65.67,63.97,65.02,125886
2023-06-09T04:00:00Z,64.05,64.96,63.05,63.33,122937
2023-06-08T04:00:00Z,61.55,64.16,61.2,63.54,243426
2023-06-07T04:00:00Z,62.04,62.785,60.31,60.955,179485
2023-06-06T04:00:00Z,58.04,61.32,58.04,61.32,198240
2023-06-05T04:00:00Z,58.72,59.92,58.12,58.595,212455
2023-06-02T04:00:00Z,59.535,60.56,58.61,59.39,167309
2023-06-01T04:00:00Z,56.5,58.79,56.07,57.99,158039
2023-05-31T04:00:00Z,57.32,59.29,56.72,57.4,435732
2023-05-30T04:00:00Z,60.77,61.215,58.04,58.57,371134
2023-05-26T04:00:00Z,60.02,61.73,59.57,60.11,427621
2023-05-25T04:00:00Z,63.45,63.45,59.69,60.5,412036
2023-05-24T04:00:00Z,63.095,63.63,62.62,63.195,346143
2023-05-23T04:00:00Z,67.09,67.17,64.19,64.4,668376
2023-05-22T04:00:00Z,69.92,70.11,67.78,67.97,430521
2023-05-19T04:00:00Z,70.43,71.38,69.455,69.47,270151
2023-05-18T04:00:00Z,72.2,72.39,69.81,70.145,240073
2023-05-17T04:00:00Z,71.48,74.82,71.465,72.39,354660
2023-05-16T04:00:00Z,79.1,79.1,70.83,72.54,943465
2023-05-15T04:00:00Z,86.095,88.35,85.89,88.01,192631
2023-05-12T04:00:00Z,85.03,85.03,83.39,84.75,224040
2023-05-11T04:00:00Z,86.05,87.35,85.32,86.71,245537
2023-05-10T04:00:00Z,85.185,86.37,84.53,85.57,126229
2023-05-09T04:00:00Z,83.06,85.75,82.94,84.04,204152
2023-05-08T04:00:00Z,85.11,85.845,82.44,84.34,235321
2023-05-05T04:00:00Z,77.96,79.41,77.2,78.39,103380
2023-05-04T04:00:00Z,75.03,76.11,74.53,76.03,78579
2023-05-03T04:00:00Z,73.73,76.14,73.09,74.6,88548
2023-05-02T04:00:00Z,75.08,75.77,73.98,74.46,123306
2023-05-01T04:00:00Z,75.15,76.89,75.15,75.835,37190
2023-04-28T04:00:00Z,74.31,76.89,73.38,76.2,115810
2023-04-27T04:00:00Z,74.345,75.555,73.895,74.67,77977
2023-04-26T04:00:00Z,76.655,76.655,72.82,73.435,201960
2023-04-25T04:00:00Z,76.75,76.75,74.36,74.935,256633
2023-04-24T04:00:00Z,79.13,80.73,78.23,78.67,74293
2023-04-21T04:00:00Z,78.78,79.42,77.77,79.2,75688
2023-04-20T04:00:00Z,78.74,80.2,78.01,78.7,174722
2023-04-19T04:00:00Z,81.1,82.12,79.92,81.5,78197
2023-04-18T04:00:00Z,83.84,84.24,81.64,82.5,151837
2023-04-17T04:00:00Z,83.595,84.305,82.68,82.845,80000
2023-04-14T04:00:00Z,83.81,85.27,82.5,83.52,58642
2023-04-13T04:00:00Z,83.2,85.28,83.2,84.01,100840
2023-04-12T04:00:00Z,83.52,83.7,80.815,81.29,203760
2023-04-11T04:00:00Z,83.765,84.1,80.41,82.02,140955
2023-04-10T04:00:00Z,82.57,83.63,81.66,83.52,119675
2023-04-06T04:00:00Z,84.37,84.635,82.35,84.09,133621
2023-04-05T04:00:00Z,87.815,87.815,84.43,85.69,144458
2023-04-04T04:00:00Z,88.7,88.745,86.57,87.71,135256
2023-04-03T04:00:00Z,87.11,88.12,85.33,87.8,155788
2023-03-31T04:00:00Z,87.37,87.78,86.19,86.55,100513
2023-03-30T04:00:00Z,86.915,87.54,84.38,86.59,152237
2023-03-29T04:00:00Z,82.85,85.635,82.72,85.54,264442
2023-03-28T04:00:00Z,84.87,86.09,81.41,81.75,302384
2023-03-27T04:00:00Z,82.655,83.92,81.78,83.22,108290
2023-03-24T04:00:00Z,83.92,85.09,80.25,82.38,217150
2023-03-23T04:00:00Z,79.13,85.17,79.13,83.69,410503
2023-03-22T04:00:00Z,80.875,81.44,77.66,77.66,264202
2023-03-21T04:00:00Z,77.09,80.7,76.455,79.87,288921
2023-03-20T04:00:00Z,76.965,78.48,75.57,76.875,164357
2023-03-17T04:00:00Z,79.15,79.57,77.26,78.425,99337
2023-03-16T04:00:00Z,75.54,78.29,74.21,78.29,166206
2023-03-15T04:00:00Z,74.81,76.22,72.64,75.23,148524
2023-03-14T04:00:00Z,75.905,78.43,75.83,76.69,180584
2023-03-13T04:00:00Z,72.24,75.2,71.29,74.78,269646
2023-03-10T05:00:00Z,75.83,76.7,72.24,73.47,502373
2023-03-09T05:00:00Z,79.35,80.87,76.315,77.56,268223
2023-03-08T05:00:00Z,79.18,80.665,77.32,79.805,387906
2023-03-07T05:00:00Z,70.47,81.49,68.7,80.11,1178523
2023-03-06T05:00:00Z,66.47,67.56,64.74,65.77,337228
2023-03-03T05:00:00Z,64.775,65.97,64.56,65.67,174968
2023-03-02T05:00:00Z,61.74,63.635,61.5,63.56,172141
2023-03-01T05:00:00Z,64,64.21,61.99,62.09,156275
2023-02-28T05:00:00Z,59.97,63.305,59.97,62.51,156844
2023-02-27T05:00:00Z,60.715,61.05,59.85,60.005,106930
2023-02-24T05:00:00Z,60.12,60.47,57.97,60.02,249640
2023-02-23T05:00:00Z,64.79,65.06,61.9,62.35,245707
2023-02-22T05:00:00Z,63.41,64.05,61.815,63.19,120207
2023-02-21T05:00:00Z,62.72,64.78,62.34,62.99,250727
2023-02-17T05:00:00Z,66,66.055,63.75,65,235145
2023-02-16T05:00:00Z,66.905,69.73,65.2,66.83,265649
2023-02-15T05:00:00Z,62.28,65.885,61.71,65.87,225426
2023-02-14T05:00:00Z,64.34,65.48,63.015,64.22,178087
2023-02-13T05:00:00Z,63.7,65.41,63.35,65.03,105127
2023-02-10T05:00:00Z,65.85,66.29,63.82,64.01,189716
2023-02-09T05:00:00Z,69.73,71.09,66.55,67.36,90958
2023-02-08T05:00:00Z,67.48,69.65,67.48,68.37,222853
2023-02-07T05:00:00Z,66.85,68.83,65.73,68.58,156028
2023-02-06T05:00:00Z,68.84,69.48,65.5,66.25,191040
2023-02-03T05:00:00Z,70.285,73.14,69.83,70.47,140030
2023-02-02T05:00:00Z,71.78,74.66,70,72.5,320748
2023-02-01T05:00:00Z,65.145,69.115,64.46,68.95,220073
2023-01-31T05:00:00Z,65.1,65.825,63.845,64.45,128158
2023-01-30T05:00:00Z,66.4,66.4,64.14,64.63,166435
2023-01-27T05:00:00Z,66.695,69.4,66.29,68.54,308049
2023-01-26T05:00:00Z,67.91,68.68,65.45,67.01,158211
2023-01-25T05:00:00Z,63.83,64.84,61.37,64.26,164352
2023-01-24T05:00:00Z,66.275,66.44,63.36,64.01,195669
2023-01-23T05:00:00Z,66.59,66.92,64.72,66.735,217691
2023-01-20T05:00:00Z,63.33,68.65,63.14,65.84,392708
2023-01-19T05:00:00Z,61.52,62.54,60.76,61.25,213639
2023-01-18T05:00:00Z,64.9,65.43,61.07,62.05,205249
2023-01-17T05:00:00Z,60.375,63.06,60.02,62.17,200234
2023-01-13T05:00:00Z,58.21,60.4,57.56,60.12,171723
2023-01-12T05:00:00Z,57.58,58.385,54.76,58.38,138932
2023-01-11T05:00:00Z,54.455,56.84,53.165,56.815,165994
2023-01-10T05:00:00Z,52.925,54.31,51.34,54.205,166739
2023-01-09T05:00:00Z,56.5,56.93,53.015,53.02,211552
2023-01-06T05:00:00Z,55.44,56.15,53.725,55.7,142655
2023-01-05T05:00:00Z,55.67,56.19,54.33,55.83,141255
2023-01-04T05:00:00Z,55.11,55.87,53.69,55.64,204924
2023-01-03T05:00:00Z,53.64,54.32,51.19,52.98,188283
2022-12-30T05:00:00Z,51.845,52.705,51.16,52.08,114416
2022-12-29T05:00:00Z,48.61,53.14,47.79,52.82,211457
2022-12-28T05:00:00Z,50.05,50.58,48.295,48.91,123789
2022-12-27T05:00:00Z,48.44,50.405,47.64,50.245,72705
2022-12-23T05:00:00Z,50,50.28,48.04,49.92,281513
2022-12-22T05:00:00Z,52.945,53.19,48.48,50.24,178726
2022-12-21T05:00:00Z,51.15,53.09,49.71,52.41,218099
2022-12-20T05:00:00Z,52.28,53.32,50.23,51.04,234555
2022-12-19T05:00:00Z,53.85,54.94,52.08,53.07,356092
2022-12-16T05:00:00Z,60.01,60.1,53.02,53.685,443710
2022-12-15T05:00:00Z,62.62,64.3,60.91,61.005,209079
2022-12-14T05:00:00Z,64.135,66.03,63.31,65.005,268151
2022-12-13T05:00:00Z,66.8,68.64,62.53,63.59,242198
2022-12-12T05:00:00Z,60.4,62.33,60.09,62.3,166263
2022-12-09T05:00:00Z,61.165,63.135,60.53,60.67,288362
2022-12-08T05:00:00Z,59.28,61.13,58.05,61.05,228250
2022-12-07T05:00:00Z,57.835,59.89,57.485,58.03,177035
2022-12-06T05:00:00Z,58.87,60.2,58.23,59.78,187081
2022-12-05T05:00:00Z,62.12,63.35,58.25,59.05,221521
2022-12-02T05:00:00Z,59.205,62.94,58.81,61.405,207055
2022-12-01T05:00:00Z,57.895,61.75,57.895,61.13,333026
2022-11-30T05:00:00Z,55.29,58.51,54.74,58.47,273627
2022-11-29T05:00:00Z,54.55,55.16,52.855,54.28,294885
2022-11-28T05:00:00Z,54.49,54.87,53.41,53.49,131462
2022-11-25T05:00:00Z,54.36,55.71,53.67,54.37,185485
2022-11-23T05:00:00Z,54.445,55.99,54.07,55.58,205801
2022-11-22T05:00:00Z,53.335,54.03,51.76,53.58,247957
2022-11-21T05:00:00Z,55.955,57.345,53.44,54.08,380963
2022-11-18T05:00:00Z,60.85,60.85,56.375,56.89,191017
2022-11-17T05:00:00Z,56.9,60.925,56.885,59.99,404823
2022-11-16T05:00:00Z,59.69,61.13,57.67,58.755,616950
2022-11-15T05:00:00Z,55.85,65.62,55.52,62.375,1195913
2022-11-14T05:00:00Z,50.32,51.24,44.97,45.8,602818
2022-11-11T05:00:00Z,46.71,50.715,46.46,49.45,590141
2022-11-10T05:00:00Z,44.6,47.08,44.23,46,470221
2022-11-09T05:00:00Z,45.59,45.66,40.67,40.91,524153
2022-11-08T05:00:00Z,48.115,48.36,45.95,47.105,270831
2022-11-07T05:00:00Z,46.25,48.71,46.02,48.475,218025
2022-11-04T04:00:00Z,48.2,48.42,43.74,44.01,425009
2022-11-03T04:00:00Z,45.64,47.73,44.94,45.84,258573
2022-11-02T04:00:00Z,48.57,50.21,47.3,47.36,279516
2022-11-01T04:00:00Z,51.865,52.065,48.92,49.11,174616
2022-10-31T04:00:00Z,49.67,51.31,48.69,49.69,121633
2022-10-28T04:00:00Z,48.49,49.575,46.85,49.52,349350
2022-10-27T04:00:00Z,49.63,50.93,48.6,49.62,105987
2022-10-26T04:00:00Z,50.33,53,50.2,50.66,176578
2022-10-25T04:00:00Z,47.7,50.48,47.7,50.04,183048
2022-10-24T04:00:00Z,44.38,47.02,42.79,47.02,423989
2022-10-21T04:00:00Z,45.955,46.32,44.25,46.22,298706
2022-10-20T04:00:00Z,48.26,50.3,47.125,47.39,137052
2022-10-19T04:00:00Z,52.405,52.41,46.31,47.95,525439
2022-10-18T04:00:00Z,55.62,55.62,53.04,53.675,164294
2022-10-17T04:00:00Z,52.43,55.29,52.38,52.97,219185
2022-10-14T04:00:00Z,55.315,56.15,50.795,51.07,286153
2022-10-13T04:00:00Z,53.185,54.97,51.47,54.5,299016
2022-10-12T04:00:00Z,56.645,57.655,55.55,57.32,216618
2022-10-11T04:00:00Z,58.47,59.165,56.05,57.465,229367
2022-10-10T04:00:00Z,58.8,59.62,57.68,59.17,309400
2022-10-07T04:00:00Z,59.96,60.97,59.56,60.05,262644
2022-10-06T04:00:00Z,60.155,62.5,60.11,61.92,154907
2022-10-05T04:00:00Z,59.87,60.87,58.19,60.505,216289
2022-10-04T04:00:00Z,57.34,60.84,57.195,60.7,331696
2022-10-03T04:00:00Z,55.22,55.94,53.33,55.31,493570
2022-09-30T04:00:00Z,53.75,56.7,53.59,56.06,214855
2022-09-29T04:00:00Z,54.58,55.11,53.025,53.75,417609
2022-09-28T04:00:00Z,53.265,55.79,53.175,55.77,210197
2022-09-27T04:00:00Z,55.385,57.185,53.965,54.51,257683
2022-09-26T04:00:00Z,53.4,55.145,53.4,53.955,199137
2022-09-23T04:00:00Z,52.99,53.84,52.38,53.81,247531
2022-09-22T04:00:00Z,56.63,57.07,54.28,54.985,230186
2022-09-21T04:00:00Z,57.01,59.1,56.62,57,168667
2022-09-20T04:00:00Z,58.95,59.47,57.22,57.445,174653
2022-09-19T04:00:00Z,57.39,59.75,56.99,59.74,137052
2022-09-16T04:00:00Z,58.43,59.07,57.745,59.03,383437
2022-09-15T04:00:00Z,61.55,62.95,60.24,60.76,197403
2022-09-14T04:00:00Z,61.705,62.9,60.89,62.9,93849
2022-09-13T04:00:00Z,62.65,64.15,62.06,63.05,258414
2022-09-12T04:00:00Z,63.995,66.46,63.815,66.435,234410
2022-09-09T04:00:00Z,61.68,64.2,61.35,63.46,477500
2022-09-08T04:00:00Z,57.1,60.03,57.085,59.4,132604
2022-09-07T04:00:00Z,56.86,59.15,55.85,58.83,294112
2022-09-06T04:00:00Z,58.25,59.2,57.06,58.43,377989
2022-09-02T04:00:00Z,61.595,61.7,59.2,59.94,165430
2022-09-01T04:00:00Z,60.49,61.52,58.7,61.34,208298
2022-08-31T04:00:00Z,62.2,64.32,61.2,62.01,130102
2022-08-30T04:00:00Z,62.61,63.38,60.55,62.35,198049
2022-08-29T04:00:00Z,62.23,64.08,61.36,61.36,159195
2022-08-26T04:00:00Z,68.15,68.425,62.95,63.82,180062
2022-08-25T04:00:00Z,67.82,67.97,65.11,67.48,174129
2022-08-24T04:00:00Z,62.62,67.2,62.15,64.65,285735
2022-08-23T04:00:00Z,63.14,64.56,62.35,63.39,318434
2022-08-22T04:00:00Z,65.805,66.18,64.04,64.3,553706
2022-08-19T04:00:00Z,68.195,69.5,66.56,67.78,612426
2022-08-18T04:00:00Z,71.9,72.115,67.79,69.99,750999
2022-08-17T04:00:00Z,74.81,75.07,69.5,72.7,966727
2022-08-16T04:00:00Z,87,87.38,75.73,77.425,926717
2022-08-15T04:00:00Z,88.99,92.21,86.745,89.895,394491
2022-08-12T04:00:00Z,88.81,88.81,86.35,88.66,228068
2022-08-11T04:00:00Z,89.5,93.68,87.99,88.54,346787
2022-08-10T04:00:00Z,87.11,87.85,84.54,87.31,165980
2022-08-09T04:00:00Z,84.57,85.32,82.19,83.57,147337
2022-08-08T04:00:00Z,88.06,89.59,84.85,85.525,332511
2022-08-05T04:00:00Z,84.66,89.54,83.95,87.555,247977
2022-08-04T04:00:00Z,86.67,88.13,84.05,86.96,215160
2022-08-03T04:00:00Z,81,84.72,80.96,84.03,216001
2022-08-02T04:00:00Z,74.77,80.17,74.75,79.5,141913
2022-08-01T04:00:00Z,75.475,78.69,74.28,77.26,178201
2022-07-29T04:00:00Z,76.43,78.63,75.415,76.29,131681
2022-07-28T04:00:00Z,76.275,78.4,74.4,76.84,122234
2022-07-27T04:00:00Z,74.3,77.38,73,76.94,245259
2022-07-26T04:00:00Z,73.8,73.865,71.28,71.86,174111
2022-07-25T04:00:00Z,77.545,77.545,74.33,75.17,159376
2022-07-22T04:00:00Z,82.425,82.45,75.7,77.35,234984
2022-07-21T04:00:00Z,77.94,84.455,77.83,83.42,387070
2022-07-20T04:00:00Z,73.92,78.8,72.59,78.55,322749
2022-07-19T04:00:00Z,71.89,76.025,70.73,75.445,265680
2022-07-18T04:00:00Z,71.2,72.67,68.89,69.3,200464
2022-07-15T04:00:00Z,68.62,69.32,66.56,69.185,120630
2022-07-14T04:00:00Z,69.99,70.03,67.28,67.81,174953
2022-07-13T04:00:00Z,69,73.21,68.58,71.195,251574
2022-07-12T04:00:00Z,73.31,74.05,70.32,72.48,122345
2022-07-11T04:00:00Z,75.57,75.82,71.54,72.68,181293
2022-07-08T04:00:00Z,74.915,79.53,74.68,77.43,230285
2022-07-07T04:00:00Z,75.01,77.24,74.265,76.59,237602
2022-07-06T04:00:00Z,74.42,75.7,71.71,73.72,282762
2022-07-05T04:00:00Z,67.37,76.2,66.35,75.3,312616
2022-07-01T04:00:00Z,66.565,70.7,66.565,69.07,238486
2022-06-30T04:00:00Z,68.175,68.19,65.26,66.9,290413
2022-06-29T04:00:00Z,71.23,71.23,68.14,68.96,275388
2022-06-28T04:00:00Z,76.03,78,71.405,71.86,207446
2022-06-27T04:00:00Z,80.95,81.62,74.14,75.07,267933
2022-06-24T04:00:00Z,79.7,81.11,77.74,80.49,300518
2022-06-23T04:00:00Z,71.98,78.77,69.94,78.26,357701
2022-06-22T04:00:00Z,69.81,73.15,69.81,71.27,169904
2022-06-21T04:00:00Z,71.83,75.74,71.66,72.93,217819
2022-06-17T04:00:00Z,70.63,72.19,67.92,70.19,305190
2022-06-16T04:00:00Z,69.82,72.825,68.01,69.07,198269
2022-06-15T04:00:00Z,71.6,76.9,71.6,75.67,217739
2022-06-14T04:00:00Z,71.22,73.72,68.99,71.03,380666
2022-06-13T04:00:00Z,71.93,73.59,69.315,70.63,333864
2022-06-10T04:00:00Z,79.5,80.69,74.54,76.27,261738
2022-06-09T04:00:00Z,86.01,86.49,81.88,82.22,184649
2022-06-08T04:00:00Z,87.79,89.84,87.38,88.845,366350
2022-06-07T04:00:00Z,80.17,87.14,80.17,86.32,286697
2022-06-06T04:00:00Z,81.85,85.11,80.65,81.26,222819
2022-06-03T04:00:00Z,79.86,82.03,78.37,78.73,263269
2022-06-02T04:00:00Z,79.215,84.1,78.88,82.96,300290
2022-06-01T04:00:00Z,83.575,83.92,77.76,79.79,205693
2022-05-31T04:00:00Z,86.675,89.65,81.43,82.72,460994
2022-05-27T04:00:00Z,80.72,84.21,80.5,82.82,333964
2022-05-26T04:00:00Z,75.06,80.8,75.06,79.51,281863
2022-05-25T04:00:00Z,72.49,77.77,71.95,75.82,686325
2022-05-24T04:00:00Z,75.25,75.32,70.73,71.38,300406
2022-05-23T04:00:00Z,79.13,80.36,76.13,77.25,285723
2022-05-20T04:00:00Z,78.7,82.4,75.36,79.67,615200
2022-05-19T04:00:00Z,73.93,79.18,72.89,76.915,367647
2022-05-18T04:00:00Z,78.33,79.535,73.31,74.13,342106
2022-05-17T04:00:00Z,79.3,82.97,75,80.2,982573
2022-05-16T04:00:00Z,72.145,75.27,69.34,70.32,490178
2022-05-13T04:00:00Z,64.48,75.99,64.48,75.45,915036
2022-05-12T04:00:00Z,56.23,64.15,54.2,61.49,856365
2022-05-11T04:00:00Z,63.38,64.73,56.69,57.085,896327
2022-05-10T04:00:00Z,66.82,68.65,62.05,64.2,558848
2022-05-09T04:00:00Z,72.49,72.49,62.57,64.72,1139725
2022-05-06T04:00:00Z,81.18,81.18,74,76.2,449075
2022-05-05T04:00:00Z,87.44,87.44,79.775,81.935,342355
2022-05-04T04:00:00Z,85.96,90.35,81.56,90.17,305575
2022-05-03T04:00:00Z,86.35,90.01,85.82,87.6,185349
2022-05-02T04:00:00Z,81.38,88.85,80.29,88.77,275788
2022-04-29T04:00:00Z,88.275,92.05,82.46,82.78,343374
2022-04-28T04:00:00Z,82.12,85.97,79.725,84.7,212850
2022-04-27T04:00:00Z,83.445,86.19,80.95,82.62,293033
2022-04-26T04:00:00Z,88.15,88.84,83.185,83.33,221758
2022-04-25T04:00:00Z,85.35,90.28,84.165,89.72,442207
2022-04-22T04:00:00Z,93.08,95.72,87.25,87.6,427405
2022-04-21T04:00:00Z,100.67,101.8,90.35,91.25,358653
2022-04-20T04:00:00Z,107.035,107.035,99.22,100.18,199964
2022-04-19T04:00:00Z,101.71,108.68,101.08,107.48,125011
2022-04-18T04:00:00Z,107.28,107.32,101.885,104,249692
2022-04-14T04:00:00Z,112.175,112.78,106.675,108.61,232917
2022-04-13T04:00:00Z,109.275,116.21,107.75,113.18,243758
2022-04-12T04:00:00Z,115.15,118.41,108.12,108.7,240580
2022-04-11T04:00:00Z,113.515,115.29,108.49,113.92,292686
2022-04-08T04:00:00Z,115.87,117.065,112.955,114.28,245646
2022-04-07T04:00:00Z,119.33,121.6,113.215,116.3,291078
2022-04-06T04:00:00Z,122.89,122.9,115.76,120.78,241098
2022-04-05T04:00:00Z,131.37,132.5,124.07,124.89,240047
2022-04-04T04:00:00Z,126,136.3,125.42,132.635,306435
2022-04-01T04:00:00Z,120.99,123.47,115.89,121.19,201390
2022-03-31T04:00:00Z,123.12,123.245,115.18,119.815,364352
2022-03-30T04:00:00Z,127.5,131.29,121.81,123.4,359842
2022-03-29T04:00:00Z,122.06,129.41,120.22,127.36,422891
2022-03-28T04:00:00Z,111.9,117.92,109.75,116.955,626002
2022-03-25T04:00:00Z,121.26,122.5,113.675,116.16,404207
2022-03-24T04:00:00Z,127.41,128.145,117.58,123.32,553830
2022-03-23T04:00:00Z,122.48,131.28,121.55,126.7,466699
2022-03-22T04:00:00Z,118.7,127.48,115.29,124.52,367676
2022-03-21T04:00:00Z,119.665,120.72,111.55,114.24,437993
2022-03-18T04:00:00Z,116.085,124.64,114.6,122.54,538924
2022-03-17T04:00:00Z,108.75,114.58,105.41,114.09,461913
2022-03-16T04:00:00Z,106.52,112.11,102.3,111.28,888889
2022-03-15T04:00:00Z,86.375,93.8,85.09,93.69,866608
2022-03-14T04:00:00Z,88.95,93.86,86.845,87.85,538600
2022-03-11T05:00:00Z,100.55,101.92,90.45,90.87,364623
2022-03-10T05:00:00Z,95.75,99.7,89.71,98.89,446911
2022-03-09T05:00:00Z,98.73,104.255,97.85,99.09,496469
2022-03-07T05:00:00Z,95.63,95.99,89.1,89.99,1094751
2022-03-04T05:00:00Z,105.64,107.64,96.2,97.44,1062372
2022-03-03T05:00:00Z,120.45,121.185,108.9,109.96,831196
2022-03-02T05:00:00Z,124.97,125.32,116.26,117.74,803550
2022-03-01T05:00:00Z,132,137,124.325,126.345,1109891
2022-02-28T05:00:00Z,140.835,150.94,140.39,145.42,1162553
2022-02-25T05:00:00Z,126.4,138.77,125.935,137.48,1016246
2022-02-24T05:00:00Z,114.64,124.58,111.57,123.37,700535
2022-02-23T05:00:00Z,126.08,128.325,120.36,120.51,539460
2022-02-22T05:00:00Z,125.52,133.56,124.98,125.76,461141
2022-02-18T05:00:00Z,138.065,138.065,125.12,127.8,657328
2022-02-17T05:00:00Z,140.315,144.13,136.51,137.64,286948
2022-02-16T05:00:00Z,146.93,146.98,138.8,141.6,698477
2022-02-15T05:00:00Z,133.945,149.8,133.33,149.55,671751
2022-02-14T05:00:00Z,139.255,139.55,127.135,129.09,1496969
2022-02-11T05:00:00Z,160.8,163.96,155.82,158.39,399714
2022-02-10T05:00:00Z,167.86,175.22,164.3,164.74,415677
2022-02-09T05:00:00Z,163.355,173.99,163.355,173.93,754345
2022-02-08T05:00:00Z,155.2,164.195,153.74,162.57,453228
2022-02-07T05:00:00Z,152.345,159.33,151.9,156.1,427814
2022-02-04T05:00:00Z,146.67,156.01,143.365,155.21,472382
2022-02-03T05:00:00Z,143.49,150.155,141.59,145.01,280835
2022-02-02T05:00:00Z,157.55,157.55,144.5,147.36,470598
2022-02-01T05:00:00Z,152.56,159.2,148.74,158.94,594177
2022-01-31T05:00:00Z,139.97,151.61,137.27,150.53,611709
2022-01-28T05:00:00Z,125.67,137.22,119.42,136.64,838344
2022-01-27T05:00:00Z,137.83,140.615,127.92,128.58,706861
2022-01-26T05:00:00Z,150.4,151.66,137.61,138.01,441781
2022-01-25T05:00:00Z,145,149.245,139.25,145.23,553925
2022-01-24T05:00:00Z,146.5,147.07,137.62,139.13,349645
2022-01-21T05:00:00Z,168.84,169.49,153.23,154.69,949078
2022-01-20T05:00:00Z,172,180.475,169.57,170.01,511172
2022-01-19T05:00:00Z,169.375,174.22,166.84,167.82,306373
2022-01-18T05:00:00Z,172.52,177.04,166.34,170.45,494573
2022-01-14T05:00:00Z,179.57,183.45,170.1,175.31,670695
2022-01-13T05:00:00Z,200.3,200.65,180,180.57,469133
2022-01-12T05:00:00Z,203.615,206.07,195.795,200.47,465920
2022-01-11T05:00:00Z,187.2,203.5,186.27,197.79,539476
2022-01-10T05:00:00Z,184.04,187.97,168,187.22,1179646
2022-01-07T05:00:00Z,193.575,198,186.74,187.51,276867
2022-01-06T05:00:00Z,183.51,195.69,178,192.83,619886
2022-01-05T05:00:00Z,190.3,198.74,179.78,184.91,823897
2022-01-04T05:00:00Z,206.2,207.04,194.025,197.965,1052090
2022-01-03T05:00:00Z,230.71,230.71,217.67,222.74,187727
2021-12-31T05:00:00Z,224,227.29,220.01,223.655,186015
2021-12-30T05:00:00Z,214.605,227.585,214.605,224.13,246116
2021-12-29T05:00:00Z,216.06,217.29,211.13,213.89,134101
2021-12-28T05:00:00Z,219.58,223.06,216.385,216.8,315276
2021-12-27T05:00:00Z,224.535,226.45,217.58,219.63,133497
2021-12-23T05:00:00Z,222.935,224.68,215.805,222.175,314595
2021-12-22T05:00:00Z,224.56,227.67,219.14,223.01,290265
2021-12-21T05:00:00Z,211.405,228.58,210.82,227.87,665320
2021-12-20T05:00:00Z,205.43,210.12,202.655,205.78,289536
2021-12-17T05:00:00Z,205.08,214.04,201.145,212.22,656246
2021-12-16T05:00:00Z,232.32,232.32,207.5,214.41,417188
2021-12-15T05:00:00Z,224.335,228.46,213.13,226.54,359778
2021-12-14T05:00:00Z,223.88,226.025,219,224.56,319579
2021-12-13T05:00:00Z,232.49,241.21,226.64,231.17,360287
2021-12-10T05:00:00Z,251,256.24,233.26,237.46,500552
2021-12-09T05:00:00Z,263.81,267.245,250.045,254.64,232024
2021-12-08T05:00:00Z,256.4,265.19,249.66,263.27,322239
2021-12-07T05:00:00Z,256.65,263,248.55,252.13,294167
2021-12-06T05:00:00Z,247.4,251.365,235.72,247.06,399709
2021-12-03T05:00:00Z,256.175,256.175,242.86,253.32,440907
2021-12-02T05:00:00Z,261.99,265.99,253.06,261.115,486362
2021-12-01T05:00:00Z,287.375,293.73,260.465,261.93,434344
2021-11-30T05:00:00Z,295.845,301.05,281.995,287.78,400213
2021-11-29T05:00:00Z,302.88,307.18,289.69,297.92,263911
2021-11-26T05:00:00Z,289.79,300.88,289.79,298.76,222189
2021-11-24T05:00:00Z,282.33,292.695,278.47,289.7,277286
2021-11-23T05:00:00Z,294.87,297.4,272.62,287.51,604522
2021-11-22T05:00:00Z,309.23,312.65,291.01,299.3,561254
2021-11-19T05:00:00Z,311.49,317.12,307.99,310.03,170259
2021-11-18T05:00:00Z,316.52,319.94,307.19,310.855,260364
2021-11-17T05:00:00Z,323.13,323.13,296.4,314.65,670197
2021-11-16T05:00:00Z,350.22,355.75,323.02,330,494238
2021-11-15T05:00:00Z,344.93,353.71,337.175,342.98,176087
2021-11-12T05:00:00Z,338.6,344.37,333.1,341.37,164376
2021-11-11T05:00:00Z,338.5,339.52,330.2,333.31,133090
2021-11-10T05:00:00Z,338.65,343.31,330.71,335.22,195220
2021-11-09T05:00:00Z,349.26,349.55,338.13,340.93,295060
2021-11-08T05:00:00Z,358.885,363.655,338.995,344.16,215347
2021-11-05T04:00:00Z,360.35,361.145,355.03,357.19,135679
2021-11-04T04:00:00Z,357.315,361.16,350.6,356.825,97929
2021-11-03T04:00:00Z,366.1,366.3,351.38,353.78,83850
2021-11-02T04:00:00Z,356.785,360.89,355.83,359.975,142824
2021-11-01T04:00:00Z,344.71,354.82,343.325,353.99,189087
2021-10-29T04:00:00Z,348.38,348.76,341.075,343.69,92737
2021-10-28T04:00:00Z,347.71,353.2,341.265,352.75,168168
2021-10-27T04:00:00Z,344.28,348.75,338.655,340.04,68816
2021-10-26T04:00:00Z,354.42,354.42,335.97,343.23,138325
2021-10-25T04:00:00Z,354.675,354.675,335.81,347.96,168125
2021-10-22T04:00:00Z,364.87,364.87,352.315,355.21,158916
2021-10-21T04:00:00Z,361.01,367.08,360.17,363.41,46720
2021-10-20T04:00:00Z,369.505,371.05,356.725,360.41,109495
2021-10-19T04:00:00Z,360.75,372.45,360.745,367.055,121470
2021-10-18T04:00:00Z,353.22,361.265,352.23,357.28,97061
2021-10-15T04:00:00Z,349.9,357.12,347.45,354.59,141219
2021-10-14T04:00:00Z,353.93,354.3,344.95,345.29,157686
2021-10-13T04:00:00Z,325.77,351.58,325.77,349.39,287944
2021-10-12T04:00:00Z,319.28,330.015,315.82,324.92,107937
2021-10-11T04:00:00Z,320.745,326.25,315.635,315.79,64645
2021-10-08T04:00:00Z,329.505,332.04,322.11,323.435,86837
2021-10-07T04:00:00Z,322.78,332.21,322.75,324.08,112532
2021-10-06T04:00:00Z,316.05,321,312.82,315.41,110244
2021-10-05T04:00:00Z,316.4,324.265,314.41,320.83,98028
2021-10-04T04:00:00Z,317.16,317.89,308.85,317.785,195921
2021-10-01T04:00:00Z,314.21,320.06,308.56,319.46,123557
2021-09-30T04:00:00Z,317.9,324.87,314.49,318.79,141774
2021-09-29T04:00:00Z,320.1,321.97,311.19,311.93,183255
2021-09-28T04:00:00Z,331.89,331.95,314.065,316.73,239625
2021-09-27T04:00:00Z,340.76,340.76,330.595,336.03,100384
2021-09-24T04:00:00Z,340.47,344.33,335.69,340.26,72048
2021-09-23T04:00:00Z,343.15,343.38,336.84,342.565,86663
2021-09-22T04:00:00Z,329.16,338.89,327.585,337.41,167983
2021-09-21T04:00:00Z,334.51,336,329,329.44,103133
2021-09-20T04:00:00Z,328.31,335.23,321.45,329.77,230115
2021-09-17T04:00:00Z,345.05,347.16,335,340.01,140869
2021-09-16T04:00:00Z,336.44,343.33,334.55,343.05,192935
2021-09-15T04:00:00Z,336.61,338.36,330.75,337.69,209973
2021-09-14T04:00:00Z,324.05,334.81,323.84,333.515,207838
2021-09-13T04:00:00Z,327.595,329.52,315.87,323.14,177341
2021-09-10T04:00:00Z,330.9,337.49,323.64,325.52,599454
2021-09-09T04:00:00Z,326.49,330.81,317.4,322.3,590008
2021-09-08T04:00:00Z,348.545,349.07,342.155,343.93,213359
2021-09-07T04:00:00Z,357.67,359.84,350.18,351,257721
2021-09-03T04:00:00Z,338.5,353.815,337.37,353.47,310940
2021-09-02T04:00:00Z,343.4,343.4,334.4,339,275412
2021-09-01T04:00:00Z,339.75,349.035,339.11,340.32,190567
2021-08-31T04:00:00Z,337.61,344.6,330.68,338.36,266415
2021-08-30T04:00:00Z,324.04,337.3,324.04,331.63,160650
2021-08-27T04:00:00Z,319.74,325.13,317.54,321,70715
2021-08-26T04:00:00Z,317.02,322.805,313.225,321.575,140674
2021-08-25T04:00:00Z,314.48,320.7,312.43,320.09,135182
2021-08-24T04:00:00Z,320,321.515,311.01,311.97,112143
2021-08-23T04:00:00Z,311.645,316.39,306.52,315.275,111362
2021-08-20T04:00:00Z,316.99,321.9,308.635,309.23,164653
2021-08-19T04:00:00Z,310.89,328.22,310.445,321,205260
2021-08-18T04:00:00Z,311.71,326.65,305.66,318.47,318071
2021-08-17T04:00:00Z,297.27,317.12,288.5,308.595,385139
2021-08-16T04:00:00Z,305.21,305.21,285.77,290.505,257044
2021-08-13T04:00:00Z,305.25,314.815,303.5,306.71,87247
2021-08-12T04:00:00Z,301.12,308.22,295.91,306.22,169468
2021-08-11T04:00:00Z,302.5,304.76,292.96,297,83934
2021-08-10T04:00:00Z,308.75,310,295.955,297.06,140925
2021-08-09T04:00:00Z,303.455,311.29,298.8,307.06,142316
2021-08-06T04:00:00Z,303.62,304.26,296.74,302.93,195602
2021-08-05T04:00:00Z,291.94,307.42,291.94,304.15,218062
2021-08-04T04:00:00Z,284.9,293.95,284.385,293.5,128847
2021-08-03T04:00:00Z,281.82,283.16,277.3,283.04,139115
2021-08-02T04:00:00Z,279.8,286.45,276.41,281.73,114983
2021-07-30T04:00:00Z,278.96,285.6,273.26,276.32,104467
2021-07-29T04:00:00Z,283.24,289.225,282.43,285.02,145767
2021-07-28T04:00:00Z,273.95,276.31,265.075,275.77,196116
2021-07-27T04:00:00Z,274.895,280,255.92,270.76,356445
2021-07-26T04:00:00Z,294.74,294.96,285,289.91,106420
2021-07-23T04:00:00Z,294.3,300,292.64,297.64,181247
2021-07-22T04:00:00Z,293.89,298.46,290.44,293.66,91437
2021-07-21T04:00:00Z,278.41,295.27,278.01,294.53,145775
2021-07-20T04:00:00Z,275.775,282.56,270.9,279.55,87319
2021-07-19T04:00:00Z,260.13,274.67,260.02,272.84,99698
2021-07-16T04:00:00Z,270.78,271.21,264.52,267.67,72508
2021-07-15T04:00:00Z,272.615,276.84,265,268.76,137876
2021-07-14T04:00:00Z,285.335,288.09,274.33,275.45,95713
2021-07-13T04:00:00Z,278.355,286.59,276.37,281,103068
2021-07-12T04:00:00Z,278.095,280.83,273.135,275.79,64567
2021-07-09T04:00:00Z,268.88,277.95,268.28,275.49,111955
2021-07-08T04:00:00Z,254.85,268.2,253.61,266.82,200991
2021-07-07T04:00:00Z,276.485,277.16,264.545,267.975,162083
2021-07-06T04:00:00Z,275.1,279.1,272.25,275.69,119350
2021-07-02T04:00:00Z,273.625,279.6,273.25,273.67,91396
2021-07-01T04:00:00Z,274.88,278.23,269.8,272.26,131570
2021-06-30T04:00:00Z,288.08,289.525,274.56,274.58,216614
2021-06-29T04:00:00Z,282,287.33,276.7,287.11,99034
2021-06-28T04:00:00Z,284.6,287.53,281.12,281.12,96789
2021-06-25T04:00:00Z,290.04,292.28,282.86,283.75,146265
2021-06-24T04:00:00Z,285.48,297.75,284.19,289.49,240087
2021-06-23T04:00:00Z,283.24,285.95,279.86,280.74,118271
2021-06-22T04:00:00Z,280.52,282.735,276.48,280.96,109671
2021-06-21T04:00:00Z,279.45,281.69,273.54,281.37,89948
2021-06-18T04:00:00Z,284.46,286.32,280.06,282.47,157762
2021-06-17T04:00:00Z,273.68,285.01,273.13,283.23,194229
2021-06-16T04:00:00Z,271.12,276.9,269.71,274.61,136609
2021-06-15T04:00:00Z,278.84,278.94,269.36,270.91,156313
2021-06-14T04:00:00Z,279.11,282.76,275.22,277.03,186714
2021-06-11T04:00:00Z,272.045,278.52,270.595,277.6,136999
2021-06-10T04:00:00Z,267.84,272.33,266.71,271.12,300180
2021-06-09T04:00:00Z,266.35,269.5,262.515,263.06,104364
2021-06-08T04:00:00Z,259.8,269.99,257.05,264.145,156515
2021-06-07T04:00:00Z,256.72,257.81,253.27,257.31,72351
2021-06-04T04:00:00Z,252.06,260.5,251.62,257,129580
2021-06-03T04:00:00Z,255.63,257.645,248.605,249.25,138775
2021-06-02T04:00:00Z,256.22,261.87,255.9,258.44,83833
2021-06-01T04:00:00Z,257.04,262.74,253.09,257.41,107022
2021-05-28T04:00:00Z,256.14,261.33,252.05,253.17,213910
2021-05-27T04:00:00Z,248.05,261.27,241.49,261.19,228276
2021-05-26T04:00:00Z,251.125,253.95,245.9,246,163938
2021-05-25T04:00:00Z,256.725,257.96,249.47,249.62,118399
2021-05-24T04:00:00Z,249.78,259.07,249.78,254.1,229677
2021-05-21T04:00:00Z,246.45,250.08,242.52,246.29,273228
2021-05-20T04:00:00Z,231.44,246.64,231.44,246.09,270924
2021-05-19T04:00:00Z,218.57,226.64,218.57,226.6,223683
2021-05-18T04:00:00Z,206.63,228.09,204.14,228.015,553438
2021-05-17T04:00:00Z,216.82,221.7,213.94,219,209586
2021-05-14T04:00:00Z,207.47,218.19,207.47,216.29,219636
2021-05-13T04:00:00Z,216.995,217.75,200,202.43,426660
2021-05-12T04:00:00Z,221.34,224.46,213.38,213.51,351919
2021-05-11T04:00:00Z,212.55,229.6,212.55,228.69,296928
2021-05-10T04:00:00Z,234.99,234.99,220.72,222.55,395105
2021-05-07T04:00:00Z,243,248.59,238.435,240.03,141715
2021-05-06T04:00:00Z,243.08,245.035,234.31,238.17,318508
2021-05-05T04:00:00Z,246.59,250.82,242.83,244.81,161440
2021-05-04T04:00:00Z,248.21,250.005,236.6,243.42,196606
2021-05-03T04:00:00Z,256.24,259.605,252.72,254.45,177215
2021-04-30T04:00:00Z,255.11,259.185,252.185,252.59,139054
2021-04-29T04:00:00Z,269.86,269.86,255.3,256.775,171968
2021-04-28T04:00:00Z,268.695,270.26,263.8,265.67,123797
2021-04-27T04:00:00Z,271.99,277.76,267.14,267.14,207382
2021-04-26T04:00:00Z,259.79,272.15,258,272.115,255275
2021-04-23T04:00:00Z,250.08,259.2,249.3,257.925,164446
2021-04-22T04:00:00Z,245.38,251.76,243.54,246.57,163864
2021-04-21T04:00:00Z,230.41,242.895,228.55,241.12,157887
2021-04-20T04:00:00Z,252.75,252.75,232.4,236.56,233412
2021-04-16T04:00:00Z,253.13,253.13,247.3,252.45,105001
2021-04-15T04:00:00Z,248.245,254.1,245.33,250.135,193911
2021-04-14T04:00:00Z,247.4,251.67,242.88,245.39,141891
2021-04-13T04:00:00Z,244.98,250.22,240.29,243.98,74849
2021-04-12T04:00:00Z,247.53,249.96,240.9,245.26,225097
2021-04-09T04:00:00Z,253.05,253.17,248.77,250.755,176345
2021-04-08T04:00:00Z,250.04,258.59,249.46,252.655,243154
2021-04-07T04:00:00Z,243.505,249.63,242.3,245.22,270190
2021-04-06T04:00:00Z,236.605,250.255,235.615,247.21,367981
2021-04-05T04:00:00Z,239.51,240.3,230.53,234.83,144838
2021-04-01T04:00:00Z,228.4,239.9,228.35,236.715,320901
2021-03-31T04:00:00Z,217.99,228.06,217.56,223.62,399222
2021-03-30T04:00:00Z,203,217.4,199.95,214.14,322054
2021-03-29T04:00:00Z,208.66,209.98,200,204.07,229025
2021-03-26T04:00:00Z,205.52,212.76,201.78,209.21,300464
2021-03-25T04:00:00Z,190.1,204.62,189.72,202.52,359318
2021-03-24T04:00:00Z,217.16,217.87,196.75,197.385,494736
2021-03-23T04:00:00Z,219.52,222.94,214.88,216.55,234563
2021-03-22T04:00:00Z,218.26,222.43,215.12,217.99,199802
2021-03-19T04:00:00Z,211.86,218.3,209.25,215.125,219688
2021-03-18T04:00:00Z,218.06,218.44,209.565,211.145,333717
2021-03-17T04:00:00Z,226.46,229.57,214.54,224.55,262234
2021-03-16T04:00:00Z,234.405,241.98,228.8,233.96,232014
2021-03-15T04:00:00Z,229.35,231.195,223.65,231.18,223172
2021-03-12T05:00:00Z,229.745,235.02,222.935,234.78,195142
2021-03-11T05:00:00Z,230.55,239.39,226.24,236.675,271772
2021-03-10T05:00:00Z,225.96,232.87,215.02,217.2,402824
2021-03-09T05:00:00Z,221.75,229.97,216.295,228.725,274110
2021-03-08T05:00:00Z,227.36,231.24,204.93,206.08,356550
2021-03-05T05:00:00Z,228.67,231.29,209.5,230.115,588314
2021-03-04T05:00:00Z,239.62,246.59,218.53,229.23,570665
2021-03-03T05:00:00Z,257.83,260.32,246.85,251.22,291341
2021-03-02T05:00:00Z,269.91,276,246.41,249.98,348316
2021-03-01T05:00:00Z,250.75,252.3,245.23,248.53,206788
2021-02-26T05:00:00Z,235.84,242.84,225.05,235.88,231005
2021-02-25T05:00:00Z,247.7,250.73,232.11,235.37,241196
2021-02-24T05:00:00Z,253.87,253.95,240.95,248.48,230140
2021-02-23T05:00:00Z,240.25,255.82,230.01,252.09,382451
2021-02-22T05:00:00Z,272.72,272.72,250.95,252.79,332395
2021-02-19T05:00:00Z,271.92,280.53,271.05,280.02,224851
2021-02-18T05:00:00Z,263.875,267.93,255.355,267.69,220799
2021-02-17T05:00:00Z,275.01,275.01,264.63,268.4,217780
2021-02-16T05:00:00Z,282.245,284.97,275.325,278.27,128555
2021-02-12T05:00:00Z,271.65,277.37,268.98,276.22,116020
2021-02-11T05:00:00Z,272.75,277.47,269.21,274.75,129852
2021-02-10T05:00:00Z,277.05,281.385,265.29,270.95,250312
2021-02-09T05:00:00Z,266.29,278.23,266.11,274.93,267851
2021-02-08T05:00:00Z,259.21,269.01,258.92,263.015,224541
2021-02-05T05:00:00Z,245.69,258.63,242.5,256.74,202960
2021-02-04T05:00:00Z,244.155,245.34,237.33,243.77,151125
2021-02-03T05:00:00Z,244.77,246.33,240,243.54,196009
2021-02-02T05:00:00Z,236.24,241.665,231.175,238.95,190699
2021-02-01T05:00:00Z,223.81,236.905,223.81,233.73,212617
2021-01-29T05:00:00Z,218.3,221.3,211.36,216.66,126033
2021-01-28T05:00:00Z,210.02,228.41,209.645,219.78,272449
2021-01-27T05:00:00Z,211.06,222.67,203.55,205.6,389385
2021-01-26T05:00:00Z,229.85,231.72,216,216.84,226311
2021-01-25T05:00:00Z,239.685,240.18,226.33,228.93,243808
2021-01-22T05:00:00Z,232.825,236.79,230.47,236.49,102992
2021-01-21T05:00:00Z,233.9,236.91,232.14,233.66,82389
2021-01-20T05:00:00Z,237.87,238.165,232.08,233.04,97652
2021-01-19T05:00:00Z,232.355,234.25,226.21,230.95,120760
2021-01-15T05:00:00Z,231.11,233.38,222.13,226.37,120086
2021-01-14T05:00:00Z,230.92,237.1,227.69,229.17,184838
2021-01-13T05:00:00Z,224.07,229.84,220.93,226.85,223396
2021-01-12T05:00:00Z,214.6,218.55,212.57,218.36,183561
2021-01-11T05:00:00Z,208.4,212.81,206.99,209.055,93488
2021-01-08T05:00:00Z,205.78,213.465,203.07,209.98,163605
2021-01-07T05:00:00Z,198.4,205.11,197.89,203.92,140952
2021-01-06T05:00:00Z,201.57,204.03,193.93,194.35,143453
2021-01-05T05:00:00Z,198.295,204.015,195.28,202.84,147001
2021-01-04T05:00:00Z,200.22,203.05,192.15,196.06,187411
2020-12-31T05:00:00Z,196.85,199.12,194.55,199.12,151518
2020-12-30T05:00:00Z,190.03,197.525,187.06,196.625,113207
2020-12-29T05:00:00Z,185.165,190.61,183.33,188.43,128170
2020-12-28T05:00:00Z,193.04,193.32,178.95,180.18,412581
2020-12-24T05:00:00Z,194.96,197.055,192.065,193.27,26271
2020-12-23T05:00:00Z,199.99,200.23,194.495,194.94,91597
2020-12-22T05:00:00Z,198.34,202.27,196.53,200.56,142830
2020-12-21T05:00:00Z,197.18,201.28,193.005,197.05,115826
2020-12-18T05:00:00Z,199.22,200.77,196.63,200.27,123833
2020-12-17T05:00:00Z,196,198.365,194.33,198.05,140020
2020-12-16T05:00:00Z,189.71,196.21,188.67,193,179842
2020-12-15T05:00:00Z,190.69,191.56,186.07,188.08,153672
2020-12-14T05:00:00Z,194.84,195.59,189.09,190.25,234797
2020-12-11T05:00:00Z,194.3,195.87,190.27,193.34,307361
2020-12-10T05:00:00Z,194.65,201.53,194.375,198.65,156162
2020-12-09T05:00:00Z,208.29,212.19,200.49,202.65,171306
2020-12-08T05:00:00Z,198.98,207.51,197.88,205.93,157496
2020-12-07T05:00:00Z,199.9,200,195.5,198.58,117580
2020-12-04T05:00:00Z,190.67,203.325,186.73,198.81,489112
2020-12-03T05:00:00Z,185.02,192.27,182.68,183.53,196214
2020-12-02T05:00:00Z,174.73,184.92,174.73,183.815,213325
2020-12-01T05:00:00Z,182.985,183.1,176.695,177.33,77141
2020-11-30T05:00:00Z,182.97,183.58,174.09,180.59,77248
2020-11-27T05:00:00Z,180.49,182.71,178.35,182.19,65790
2020-11-25T05:00:00Z,177.155,178.49,173.95,177.5,79639
2020-11-24T05:00:00Z,180,181,174.34,176.91,160757
2020-11-23T05:00:00Z,182.73,185,178.16,183.02,178191
2020-11-20T05:00:00Z,175.58,184.06,175.58,182.85,225520
2020-11-19T05:00:00Z,167.41,174.75,166.355,173.44,107319
2020-11-18T05:00:00Z,174.3,174.65,165,165.1,274865
2020-11-17T05:00:00Z,182.715,187.07,168.57,170.7,287266
2020-11-16T05:00:00Z,178.37,179.21,172.3,178.02,350640
2020-11-13T05:00:00Z,181.2,183.6,176.76,181.175,140777
2020-11-12T05:00:00Z,174,179.31,172.03,178.58,228639
2020-11-11T05:00:00Z,164.98,171.69,161.51,169.14,318250
2020-11-10T05:00:00Z,169.58,169.58,155.1,156.44,452059
2020-11-09T05:00:00Z,175.895,182.805,164,169.5,473873
2020-11-06T05:00:00Z,184.66,187.62,180.52,186.76,76868
2020-11-05T05:00:00Z,182.71,187.43,180.75,184.61,162344
2020-11-04T05:00:00Z,171.43,177.31,170.65,176.95,149565
2020-11-03T05:00:00Z,161.39,169.22,161.27,166.2,105262
2020-11-02T05:00:00Z,160.37,164.75,157.75,159.7,176524
2020-10-30T04:00:00Z,162.7,163.45,155.385,157.82,222350
2020-10-29T04:00:00Z,165.775,169.96,163.83,167.09,77291
2020-10-28T04:00:00Z,167.83,167.83,161.27,163.28,142908
2020-10-27T04:00:00Z,164.42,172.435,163.11,172.22,175656
2020-10-26T04:00:00Z,160.11,164.61,159.41,162,161036
2020-10-23T04:00:00Z,161.96,163.1,158.9,162.925,93193
2020-10-22T04:00:00Z,169.37,169.37,159.73,161.48,121545
2020-10-21T04:00:00Z,167.5,172.06,163.78,168.26,102353
2020-10-20T04:00:00Z,163.25,169.48,162.73,166.9,110402
2020-10-19T04:00:00Z,165.41,168.02,161.975,162.805,176187
2020-10-16T04:00:00Z,170.48,171.48,164.9,165.21,100158
2020-10-15T04:00:00Z,165.24,169.19,161.975,169.19,106576
2020-10-14T04:00:00Z,174.17,176.7,166.5,167.5,125821
2020-10-13T04:00:00Z,170.4,172.3,166.45,172.3,104658
2020-10-12T04:00:00Z,174.9,175.59,166.93,167.14,188162
2020-10-09T04:00:00Z,170.24,172.46,166.42,172.01,220549
2020-10-08T04:00:00Z,170.5,171.96,168.3,169.225,225690
2020-10-07T04:00:00Z,167.27,171.28,165.46,167.32,444982
2020-10-06T04:00:00Z,158.87,167.91,158.245,163.96,425621
2020-10-05T04:00:00Z,158.67,162,155.25,157.59,124583
2020-10-02T04:00:00Z,154.47,159.98,154.46,155.62,212581
2020-10-01T04:00:00Z,156.92,160.3,154.61,160.11,109704
2020-09-30T04:00:00Z,155.37,158.36,153.96,154.11,66600
2020-09-29T04:00:00Z,160.455,160.565,154.44,155.37,36730
2020-09-28T04:00:00Z,159.155,161.845,157.13,160,174133
2020-09-25T04:00:00Z,151.15,157.78,149.62,155.585,179307
2020-09-24T04:00:00Z,144.01,152.3,142.9,150.19,112134
2020-09-23T04:00:00Z,151.455,155.325,146.65,147.89,71537
2020-09-22T04:00:00Z,150.41,152.74,146.095,152.07,89247
2020-09-21T04:00:00Z,143.81,150.8,142.88,150.69,65931
2020-09-18T04:00:00Z,150.225,150.785,144.29,147.55,118699
2020-09-17T04:00:00Z,144.13,149.23,141.96,149.02,83978
2020-09-16T04:00:00Z,149.9,150.01,146.95,147.51,41921
2020-09-15T04:00:00Z,150.175,150.41,145.405,149.91,133847
2020-09-14T04:00:00Z,143.6,148.88,143.6,147.84,69736
2020-09-11T04:00:00Z,141.745,142.99,138.155,139.4,60542
2020-09-10T04:00:00Z,142.055,146.015,138.095,139.61,76778
2020-09-09T04:00:00Z,141.93,143.48,138.27,142.11,161489
2020-09-08T04:00:00Z,136.12,144.93,135.34,138.01,163545
2020-09-04T04:00:00Z,145.33,145.415,138,144.245,204411
2020-09-03T04:00:00Z,150.18,152.8,144.42,147.55,161315
2020-09-02T04:00:00Z,164.745,165.105,153.6,157.25,124856
2020-09-01T04:00:00Z,156.54,161.97,153.53,161.8,114834
2020-08-31T04:00:00Z,154.35,158.46,150.6,153,85840
2020-08-28T04:00:00Z,154.5,155.81,152.04,152.66,72907
2020-08-27T04:00:00Z,158.255,158.7,150.72,152.95,133842
2020-08-26T04:00:00Z,154.815,162.91,154.81,159.025,89891
2020-08-25T04:00:00Z,148.625,154.95,147.405,154.045,117710
2020-08-24T04:00:00Z,148.16,151.92,145.07,150.405,121387
2020-08-21T04:00:00Z,153.95,154.095,146.035,147.29,69453
2020-08-20T04:00:00Z,151.38,153.18,145.92,152.72,128622
2020-08-19T04:00:00Z,150.73,153.96,146.38,150.585,153228
2020-08-18T04:00:00Z,147.415,152.47,141.18,145.65,492584
2020-08-17T04:00:00Z,128.63,134.4,127.23,134.4,146890
2020-08-14T04:00:00Z,128.62,129.325,124.46,126.42,72447
2020-08-13T04:00:00Z,128.41,130.56,126.7,127.99,104665
2020-08-12T04:00:00Z,122.57,128.5,121.47,126.9,128778
2020-08-11T04:00:00Z,121.525,127.56,118.48,120.28,127396
2020-08-10T04:00:00Z,131.63,135.295,120.35,122.69,152403
2020-08-07T04:00:00Z,136.96,140.235,127.7,129.05,122550
2020-08-06T04:00:00Z,146.265,146.265,137.27,138.19,162388
2020-08-05T04:00:00Z,140.48,146.53,140.21,145.19,152393
2020-08-04T04:00:00Z,132.95,138.39,132.37,137.47,144189
2020-08-03T04:00:00Z,124.5,134.25,124.5,132.705,150827
2020-07-31T04:00:00Z,125.155,125.63,120.29,122.29,161000
2020-07-30T04:00:00Z,118.275,122.5,118.22,122.35,119283
2020-07-29T04:00:00Z,119.09,120.19,117.17,118.665,64340
2020-07-28T04:00:00Z,116.2,118.705,114.65,115.975,182869
2020-07-27T04:00:00Z,110.385,114.995,109.32,114.22,238213
