2024-06-14T04:00:00Z,26.59,27.025,26.5,27.02,510201
2024-06-13T04:00:00Z,26.82,26.915,26.17,26.425,303680
2024-06-12T04:00:00Z,27.42,27.55,26.95,27.045,191291
2024-06-11T04:00:00Z,26.71,26.8,26.56,26.7,113407
2024-06-10T04:00:00Z,27.055,27.23,26.88,27.135,189681
2024-06-07T04:00:00Z,27.275,27.29,26.61,26.655,743184
2024-06-06T04:00:00Z,27.84,28.62,27.69,28.54,525122
2024-06-05T04:00:00Z,27.145,27.45,26.9,27.405,165854
2024-06-04T04:00:00Z,27.285,27.29,26.845,27,300023
2024-06-03T04:00:00Z,27.82,28.12,27.57,27.91,110195
2024-05-31T04:00:00Z,28.745,28.845,27.595,27.755,526094
2024-05-30T04:00:00Z,28.855,29.025,28.315,28.415,239046
2024-05-29T04:00:00Z,29.075,29.465,28.985,29.17,298191
2024-05-28T04:00:00Z,29.295,29.33,28.695,29.24,298898
2024-05-24T04:00:00Z,27.955,27.955,27.615,27.725,373356
2024-05-23T04:00:00Z,28.11,28.23,27.47,27.54,469669
2024-05-22T04:00:00Z,29.03,29.04,28.12,28.205,1229008
2024-05-21T04:00:00Z,29.085,29.51,28.83,29.275,345056
2024-05-20T04:00:00Z,28.925,29.555,28.42,29,700807
2024-05-17T04:00:00Z,27.895,28.835,27.56,28.805,981272
2024-05-16T04:00:00Z,26.945,27.16,26.795,27.055,255339
2024-05-15T04:00:00Z,26.535,27.18,26.07,27.13,559208
2024-05-14T04:00:00Z,26.025,26.26,25.86,26.145,249265
2024-05-13T04:00:00Z,25.835,25.91,25.655,25.805,240609
2024-05-10T04:00:00Z,25.925,26.04,25.63,25.775,435303
2024-05-09T04:00:00Z,25.32,25.875,25.32,25.87,658639
2024-05-08T04:00:00Z,24.9,25.11,24.83,24.965,170229
2024-05-07T04:00:00Z,25.02,25.085,24.88,24.925,145373
2024-05-06T04:00:00Z,25,25.125,24.84,25.07,399518
2024-05-03T04:00:00Z,24.235,24.265,23.875,24.225,224894
2024-05-02T04:00:00Z,23.94,24.46,23.93,24.37,213431
2024-05-01T04:00:00Z,24.16,24.64,24.11,24.25,391038
2024-04-30T04:00:00Z,24.24,24.37,24.03,24.035,335387
2024-04-29T04:00:00Z,24.9,25.075,24.69,24.825,681298
2024-04-26T04:00:00Z,25.195,25.205,24.75,24.88,675336
2024-04-25T04:00:00Z,24.845,25.195,24.83,25.055,608057
2024-04-24T04:00:00Z,24.91,25.03,24.8,24.9,144724
2024-04-23T04:00:00Z,24.63,25.025,24.63,24.98,325719
2024-04-22T04:00:00Z,24.94,25.185,24.8,24.915,363337
2024-04-19T04:00:00Z,25.94,26.32,25.93,26.215,325104
2024-04-18T04:00:00Z,26.08,26.13,25.75,25.86,183865
2024-04-17T04:00:00Z,26.21,26.335,25.71,25.85,431285
2024-04-16T04:00:00Z,26.035,26.05,25.55,25.79,468439
2024-04-15T04:00:00Z,26.215,26.415,25.69,26.4,657652
2024-04-12T04:00:00Z,26.82,27.235,25.525,25.63,1400106
2024-04-11T04:00:00Z,25.725,26.04,25.39,26.01,401300
2024-04-10T04:00:00Z,25.3,26.08,25.17,25.445,589198
2024-04-09T04:00:00Z,25.755,25.885,25.265,25.72,556945
2024-04-08T04:00:00Z,25.34,25.48,24.905,25.405,415953
2024-04-05T04:00:00Z,24.475,25.135,24.41,25.035,709238
2024-04-04T04:00:00Z,24.565,24.94,24.39,24.505,1196612
2024-04-03T04:00:00Z,24.27,24.755,24.175,24.73,878817
2024-04-02T04:00:00Z,23.325,23.895,23.24,23.855,870261
2024-04-01T04:00:00Z,23.185,23.19,22.67,22.86,188146
2024-03-28T04:00:00Z,22.47,22.79,22.42,22.755,402483
2024-03-27T04:00:00Z,22.35,22.55,22.35,22.52,143924
2024-03-26T04:00:00Z,22.57,22.59,22.29,22.345,375263
2024-03-25T04:00:00Z,22.61,22.72,22.555,22.575,305392
2024-03-22T04:00:00Z,22.63,22.8,22.53,22.565,319210
2024-03-21T04:00:00Z,23.145,23.155,22.535,22.65,977440
2024-03-20T04:00:00Z,22.72,23.44,22.72,23.3,314551
2024-03-19T04:00:00Z,22.795,22.835,22.62,22.785,152617
2024-03-18T04:00:00Z,23.125,23.125,22.865,22.905,259164
2024-03-15T04:00:00Z,23.04,23.27,22.99,23.03,199590
2024-03-14T04:00:00Z,22.89,22.9,22.635,22.725,194422
2024-03-13T04:00:00Z,22.32,22.875,22.27,22.79,522665
2024-03-12T04:00:00Z,22.22,22.22,21.98,22.085,258352
2024-03-11T04:00:00Z,22.335,22.43,22.24,22.355,274385
2024-03-08T05:00:00Z,22.29,22.445,22.12,22.23,498959
2024-03-07T05:00:00Z,22.175,22.405,22.125,22.24,265579
2024-03-06T05:00:00Z,21.88,22.22,21.87,22.1,417339
2024-03-05T05:00:00Z,21.955,22.05,21.65,21.66,358992
2024-03-04T05:00:00Z,21.4,21.9,21.395,21.86,640242
2024-03-01T05:00:00Z,20.77,21.28,20.65,21.17,401741
2024-02-29T05:00:00Z,20.745,20.79,20.62,20.745,125960
2024-02-28T05:00:00Z,20.5,20.55,20.46,20.55,79165
2024-02-27T05:00:00Z,20.73,20.73,20.52,20.57,99008
2024-02-26T05:00:00Z,20.6,20.685,20.54,20.62,189188
2024-02-23T05:00:00Z,20.77,21.04,20.7,20.995,275409
2024-02-22T05:00:00Z,20.9,20.95,20.81,20.81,85151
2024-02-21T05:00:00Z,21.06,21.075,20.82,20.96,166211
2024-02-20T05:00:00Z,21.16,21.185,21.03,21.07,150626
2024-02-16T05:00:00Z,20.99,21.495,20.93,21.39,352846
2024-02-15T05:00:00Z,20.84,21.075,20.84,20.95,403455
2024-02-14T05:00:00Z,20.25,20.54,20.22,20.445,102249
2024-02-13T05:00:00Z,20.4,20.4,20.115,20.2,246911
2024-02-12T05:00:00Z,20.62,20.82,20.6,20.765,85987
2024-02-09T05:00:00Z,20.54,20.69,20.465,20.685,160943
2024-02-08T05:00:00Z,20.56,20.7,20.4,20.655,365117
2024-02-07T05:00:00Z,20.395,20.53,20.33,20.335,100963
2024-02-06T05:00:00Z,20.41,20.57,20.41,20.515,119277
2024-02-05T05:00:00Z,20.425,20.54,20.385,20.465,183515
2024-02-02T05:00:00Z,20.59,20.79,20.5,20.74,603939
2024-02-01T05:00:00Z,20.99,21.28,20.895,21.205,393146
2024-01-31T05:00:00Z,21.205,21.35,20.85,20.9,185459
2024-01-30T05:00:00Z,21.275,21.32,21,21.2,118623
2024-01-29T05:00:00Z,20.99,21.24,20.84,21.215,251734
2024-01-26T05:00:00Z,20.8,20.92,20.79,20.865,66083
2024-01-25T05:00:00Z,20.94,21.06,20.795,20.94,148450
2024-01-24T05:00:00Z,20.99,20.99,20.715,20.72,240529
2024-01-23T05:00:00Z,20.45,20.555,20.4,20.535,119065
2024-01-22T05:00:00Z,20.11,20.4,20.07,20.21,229015
2024-01-19T05:00:00Z,20.75,20.765,20.565,20.665,79983
2024-01-18T05:00:00Z,20.55,20.835,20.55,20.82,83040
2024-01-17T05:00:00Z,20.76,20.79,20.61,20.65,186878
2024-01-16T05:00:00Z,21.12,21.12,20.92,20.97,101575
2024-01-12T05:00:00Z,21.395,21.535,21.13,21.205,189203
2024-01-11T05:00:00Z,20.97,21.035,20.57,20.825,146134
2024-01-10T05:00:00Z,20.94,21.01,20.85,20.935,81493
2024-01-09T05:00:00Z,21.21,21.21,20.96,21,76816
2024-01-08T05:00:00Z,21.05,21.23,21,21.135,69238
2024-01-05T05:00:00Z,21.145,21.5,21.075,21.215,121765
2024-01-04T05:00:00Z,20.9,21.095,20.78,21.08,107952
2024-01-03T05:00:00Z,21.065,21.215,20.915,21.065,568878
2024-01-02T05:00:00Z,21.88,21.97,21.645,21.645,83738
2023-12-29T05:00:00Z,21.57,21.94,21.57,21.775,104681
2023-12-28T05:00:00Z,22.17,22.24,21.96,21.98,109103
2023-12-27T05:00:00Z,22.16,22.38,22.095,22.225,107713
2023-12-26T05:00:00Z,22.2,22.21,22.05,22.21,53408
2023-12-22T05:00:00Z,22.425,22.5,22.06,22.12,117085
2023-12-21T05:00:00Z,22.29,22.39,22.21,22.315,137696
2023-12-20T05:00:00Z,22.21,22.31,22.05,22.05,51083
2023-12-19T05:00:00Z,21.92,22.125,21.91,22.03,111928
2023-12-18T05:00:00Z,21.86,21.86,21.66,21.8,368619
2023-12-15T05:00:00Z,21.95,22.02,21.76,21.825,111685
2023-12-14T05:00:00Z,22.005,22.175,22,22.135,147822
2023-12-13T05:00:00Z,20.785,21.775,20.64,21.765,564210
2023-12-12T05:00:00Z,20.9,20.97,20.78,20.845,59238
2023-12-11T05:00:00Z,20.965,20.98,20.815,20.915,286080
2023-12-08T05:00:00Z,21.37,21.555,21.015,21.095,375746
2023-12-07T05:00:00Z,21.88,21.88,21.605,21.795,135175
2023-12-06T05:00:00Z,22.17,22.175,21.87,21.925,144141
2023-12-05T05:00:00Z,22.3,22.37,21.96,22.115,394024
2023-12-04T05:00:00Z,22.755,22.91,22.37,22.45,387799
2023-12-01T05:00:00Z,23.095,23.36,23.075,23.325,194068
2023-11-30T05:00:00Z,22.97,23.14,22.86,23.13,216039
2023-11-29T05:00:00Z,22.95,23.13,22.835,22.89,132638
2023-11-28T05:00:00Z,22.68,22.92,22.61,22.915,274263
2023-11-27T05:00:00Z,22.65,22.705,22.5,22.575,364617
2023-11-24T05:00:00Z,22.05,22.285,22.05,22.285,249829
2023-11-22T05:00:00Z,21.71,21.8,21.58,21.66,70193
2023-11-21T05:00:00Z,21.935,21.99,21.75,21.775,124099
2023-11-20T05:00:00Z,21.4,21.59,21.4,21.475,87350
2023-11-17T05:00:00Z,21.795,21.855,21.69,21.745,134494
2023-11-16T05:00:00Z,21.88,22.05,21.735,21.755,240324
2023-11-15T05:00:00Z,21.355,21.52,21.24,21.455,140106
2023-11-14T05:00:00Z,20.945,21.23,20.89,21.17,395516
2023-11-13T05:00:00Z,20.165,20.485,20.1,20.43,122837
2023-11-10T05:00:00Z,20.535,20.58,20.34,20.345,145712
2023-11-09T05:00:00Z,20.755,21.06,20.66,20.695,95182
2023-11-08T05:00:00Z,20.8,20.93,20.62,20.65,125645
2023-11-07T05:00:00Z,20.755,20.755,20.585,20.735,145650
2023-11-06T05:00:00Z,21.205,21.225,21.075,21.09,67124
2023-11-03T04:00:00Z,21.015,21.325,21.015,21.22,186909
2023-11-02T04:00:00Z,21.045,21.08,20.77,20.87,66681
2023-11-01T04:00:00Z,20.815,21.08,20.66,20.97,181865
2023-10-31T04:00:00Z,21.12,21.355,20.86,20.97,173145
2023-10-30T04:00:00Z,21.585,21.585,21.235,21.35,141823
2023-10-27T04:00:00Z,20.96,21.18,20.765,21.165,233252
2023-10-26T04:00:00Z,20.92,20.96,20.595,20.85,104530
2023-10-25T04:00:00Z,20.96,21.065,20.68,20.945,149335
2023-10-24T04:00:00Z,20.91,21.065,20.88,21.02,151678
2023-10-23T04:00:00Z,21.185,21.25,21,21.06,172540
2023-10-20T04:00:00Z,21.22,21.71,21.205,21.395,396363
2023-10-19T04:00:00Z,20.895,21.15,20.76,21.1,307906
2023-10-18T04:00:00Z,21.235,21.32,20.79,20.955,183551
2023-10-17T04:00:00Z,20.765,21.085,20.765,20.92,227969
2023-10-16T04:00:00Z,20.735,20.8,20.675,20.68,63809
2023-10-13T04:00:00Z,20.525,20.89,20.485,20.785,429310
2023-10-12T04:00:00Z,20.295,20.295,19.96,19.965,102758
2023-10-11T04:00:00Z,20.205,20.27,20.1,20.17,144389
2023-10-10T04:00:00Z,19.98,20.04,19.9,19.98,114091
2023-10-09T04:00:00Z,19.865,20.075,19.82,20.07,153951
2023-10-06T04:00:00Z,19.69,19.815,19.27,19.73,258631
2023-10-05T04:00:00Z,19.345,19.365,19,19.25,119993
2023-10-04T04:00:00Z,19.405,19.405,18.99,19.31,289772
2023-10-03T04:00:00Z,19.25,19.615,19.22,19.44,344583
2023-10-02T04:00:00Z,19.675,19.735,19.405,19.425,750627
2023-09-29T04:00:00Z,21.39,21.415,20.28,20.335,634153
2023-09-28T04:00:00Z,20.65,20.82,20.55,20.74,119957
2023-09-27T04:00:00Z,20.73,20.79,20.55,20.69,193428
2023-09-26T04:00:00Z,21.005,21.15,20.95,20.955,226105
2023-09-25T04:00:00Z,21.48,21.55,21.125,21.205,323592
2023-09-22T04:00:00Z,21.655,21.72,21.575,21.585,69738
2023-09-21T04:00:00Z,21.035,21.515,21,21.44,108220
2023-09-20T04:00:00Z,21.305,21.62,21.305,21.355,285121
2023-09-19T04:00:00Z,21.385,21.39,21.2,21.28,131443
2023-09-18T04:00:00Z,21.19,21.315,21.05,21.31,152585
2023-09-15T04:00:00Z,21.185,21.34,21.1,21.105,272046
2023-09-14T04:00:00Z,20.605,20.85,20.465,20.725,481706
2023-09-13T04:00:00Z,21.015,21.105,20.91,20.945,248094
2023-09-12T04:00:00Z,21,21.2,20.98,21.135,74529
2023-09-11T04:00:00Z,21.26,21.26,21.045,21.155,130328
2023-09-08T04:00:00Z,21.06,21.23,20.97,21.01,114996
2023-09-07T04:00:00Z,21.025,21.15,21.015,21.06,110780
2023-09-06T04:00:00Z,21.15,21.41,21.105,21.24,118217
2023-09-05T04:00:00Z,21.835,21.875,21.56,21.6,308030
2023-09-01T04:00:00Z,22.625,22.69,22.155,22.17,157176
2023-08-31T04:00:00Z,22.555,22.595,22.35,22.395,102095
2023-08-30T04:00:00Z,22.85,22.93,22.55,22.57,118587
2023-08-29T04:00:00Z,22.25,22.73,22.2,22.71,273370
2023-08-28T04:00:00Z,22.08,22.325,22.06,22.22,82168
2023-08-25T04:00:00Z,22.125,22.31,21.945,22.215,169929
2023-08-24T04:00:00Z,22.225,22.31,22.06,22.115,140155
2023-08-23T04:00:00Z,22.04,22.33,22.04,22.29,324769
2023-08-22T04:00:00Z,21.375,21.48,21.285,21.465,44734
2023-08-21T04:00:00Z,21.28,21.38,21.04,21.355,88291
2023-08-18T04:00:00Z,20.84,20.93,20.79,20.865,88740
2023-08-17T04:00:00Z,21.045,21.045,20.72,20.8,62596
2023-08-16T04:00:00Z,20.74,20.83,20.555,20.555,123735
2023-08-15T04:00:00Z,20.61,20.82,20.535,20.67,53190
2023-08-14T04:00:00Z,20.69,20.8,20.535,20.72,70238
2023-08-11T04:00:00Z,20.815,20.95,20.77,20.8,57094
2023-08-10T04:00:00Z,20.87,21.09,20.77,20.83,82416
2023-08-09T04:00:00Z,20.855,20.99,20.77,20.8,91020
2023-08-08T04:00:00Z,20.85,20.99,20.8,20.905,310781
2023-08-07T04:00:00Z,21.58,21.58,21.19,21.2,95129
2023-08-04T04:00:00Z,21.69,21.82,21.595,21.655,72683
2023-08-03T04:00:00Z,21.64,21.74,21.59,21.63,134910
2023-08-02T04:00:00Z,22.16,22.22,21.7,21.75,281030
2023-08-01T04:00:00Z,22.32,22.425,22.15,22.29,106280
2023-07-31T04:00:00Z,22.55,22.78,22.55,22.69,139879
2023-07-28T04:00:00Z,22.26,22.38,22.23,22.315,30442
2023-07-27T04:00:00Z,22.505,22.505,22.075,22.11,290166
2023-07-26T04:00:00Z,22.56,22.94,22.51,22.915,144361
2023-07-25T04:00:00Z,22.61,22.68,22.465,22.63,97739
2023-07-24T04:00:00Z,22.37,22.445,22.27,22.335,75944
2023-07-21T04:00:00Z,22.66,22.71,22.56,22.57,102789
2023-07-20T04:00:00Z,23.085,23.11,22.68,22.685,142708
2023-07-19T04:00:00Z,23,23.15,22.94,23.09,111299
2023-07-18T04:00:00Z,22.81,23.09,22.76,22.99,175761
2023-07-17T04:00:00Z,22.69,22.805,22.63,22.805,89900
2023-07-14T04:00:00Z,22.805,22.955,22.71,22.85,114458
2023-07-13T04:00:00Z,22.495,22.775,22.425,22.77,237313
2023-07-12T04:00:00Z,21.92,22.155,21.905,22.135,315912
2023-07-11T04:00:00Z,21.255,21.285,21.13,21.2,55164
2023-07-10T04:00:00Z,21.05,21.245,21.05,21.235,66033
2023-07-07T04:00:00Z,20.935,21.235,20.935,21.19,76528
2023-07-06T04:00:00Z,21.01,21.03,20.69,20.835,116138
2023-07-05T04:00:00Z,21.31,21.32,21.125,21.215,108347
2023-07-03T04:00:00Z,21.08,21.165,21,21.02,97954
2023-06-30T04:00:00Z,20.645,20.96,20.57,20.905,100311
2023-06-29T04:00:00Z,20.535,20.81,20.46,20.725,102294
2023-06-28T04:00:00Z,20.8,20.98,20.71,20.845,36999
2023-06-27T04:00:00Z,21.175,21.18,20.915,20.985,71778
2023-06-26T04:00:00Z,20.83,20.995,20.74,20.905,135816
2023-06-23T04:00:00Z,20.665,20.81,20.47,20.575,99889
2023-06-22T04:00:00Z,20.64,20.705,20.46,20.525,101798
2023-06-21T04:00:00Z,20.93,20.965,20.65,20.845,188632
2023-06-20T04:00:00Z,21.41,21.44,21.17,21.25,339935
2023-06-16T04:00:00Z,22.07,22.2,21.935,22.18,100079
2023-06-15T04:00:00Z,21.685,21.945,21.665,21.935,55415
2023-06-14T04:00:00Z,21.97,22.1,21.92,21.975,93138
2023-06-13T04:00:00Z,22.13,22.175,21.665,21.73,173880
2023-06-12T04:00:00Z,22.03,22.12,21.925,22.09,136248
2023-06-09T04:00:00Z,22.27,22.505,22.24,22.275,92778
2023-06-08T04:00:00Z,22.03,22.355,22.03,22.29,277444
2023-06-07T04:00:00Z,21.695,22.04,21.51,21.51,186496
2023-06-06T04:00:00Z,21.62,21.695,21.435,21.65,61369
2023-06-05T04:00:00Z,21.52,21.74,21.475,21.64,88771
2023-06-02T04:00:00Z,21.995,21.995,21.65,21.68,102739
2023-06-01T04:00:00Z,21.66,21.96,21.62,21.94,221225
2023-05-31T04:00:00Z,21.4,21.67,21.23,21.605,184535
2023-05-30T04:00:00Z,21.26,21.365,21.165,21.3,65480
2023-05-26T04:00:00Z,21.28,21.415,21.145,21.38,148250
2023-05-25T04:00:00Z,21.15,21.185,20.845,20.855,124701
2023-05-24T04:00:00Z,21.415,21.415,21.145,21.16,133969
2023-05-23T04:00:00Z,21.54,21.705,21.475,21.525,102047
2023-05-22T04:00:00Z,21.905,21.93,21.675,21.675,88791
2023-05-19T04:00:00Z,21.695,22.04,21.6,21.87,121320
2023-05-18T04:00:00Z,21.59,21.62,21.42,21.56,143341
2023-05-17T04:00:00Z,21.915,21.915,21.63,21.825,104015
2023-05-16T04:00:00Z,22.055,22.105,21.71,21.815,279629
2023-05-15T04:00:00Z,22.14,22.235,22.025,22.115,169953
2023-05-12T04:00:00Z,22.055,22.185,21.915,22.03,155983
2023-05-11T04:00:00Z,22.625,22.715,22.18,22.2,448480
2023-05-10T04:00:00Z,23.58,23.65,23.17,23.325,145564
2023-05-09T04:00:00Z,23.385,23.58,23.385,23.485,77739
2023-05-08T04:00:00Z,23.52,23.585,23.45,23.49,90540
2023-05-05T04:00:00Z,23.385,23.59,23.125,23.57,267277
2023-05-04T04:00:00Z,23.455,23.93,23.445,23.93,439378
2023-05-03T04:00:00Z,23.255,23.5,23.165,23.44,111330
2023-05-02T04:00:00Z,22.68,23.4,22.66,23.345,163570
2023-05-01T04:00:00Z,23.7,23.7,22.87,22.91,207138
2023-04-28T04:00:00Z,22.885,23.02,22.765,22.99,80762
2023-04-27T04:00:00Z,22.585,22.925,22.55,22.89,104673
2023-04-26T04:00:00Z,23.115,23.115,22.715,22.84,77822
2023-04-25T04:00:00Z,22.885,23.01,22.64,22.995,104570
2023-04-24T04:00:00Z,22.92,23.17,22.845,23.085,61325
2023-04-21T04:00:00Z,23.205,23.31,22.895,22.99,120434
2023-04-20T04:00:00Z,23.31,23.415,23.1,23.175,80063
2023-04-19T04:00:00Z,23.065,23.31,23.065,23.23,164664
2023-04-18T04:00:00Z,22.915,23.265,22.9,23.145,101511
2023-04-17T04:00:00Z,23.305,23.305,22.795,23.02,165129
2023-04-14T04:00:00Z,23.845,23.845,23.1,23.315,296266
2023-04-13T04:00:00Z,23.705,23.855,23.565,23.74,343294
2023-04-12T04:00:00Z,23.36,23.45,23.07,23.425,119478
2023-04-11T04:00:00Z,22.94,23.095,22.87,23.02,65192
2023-04-10T04:00:00Z,22.795,22.885,22.73,22.875,103672
2023-04-06T04:00:00Z,22.79,22.965,22.605,22.89,85209
2023-04-05T04:00:00Z,22.815,22.975,22.66,22.94,225386
2023-04-04T04:00:00Z,22.12,22.995,22.12,22.975,433145
2023-04-03T04:00:00Z,21.96,22.235,21.925,22.06,187502
2023-03-31T04:00:00Z,22.07,22.2,21.995,22.13,138692
2023-03-30T04:00:00Z,21.65,21.955,21.565,21.955,164783
2023-03-29T04:00:00Z,21.325,21.52,21.31,21.45,113092
2023-03-28T04:00:00Z,21.16,21.485,21.15,21.45,389228
2023-03-27T04:00:00Z,21.05,21.235,21,21.23,319323
2023-03-24T04:00:00Z,21.515,21.56,21.215,21.225,389478
2023-03-23T04:00:00Z,21.115,21.34,21.025,21.28,419061
2023-03-22T04:00:00Z,20.515,21.2,20.505,21.095,404965
2023-03-21T04:00:00Z,20.64,20.64,20.37,20.54,189376
2023-03-20T04:00:00Z,20.575,20.74,20.46,20.68,95534
2023-03-17T04:00:00Z,20.185,20.77,20.165,20.625,670871
2023-03-16T04:00:00Z,20.16,20.175,19.74,19.925,124832
2023-03-15T04:00:00Z,20.375,20.425,19.885,19.99,572137
2023-03-14T04:00:00Z,20,20.21,19.875,19.89,1110531
2023-03-13T04:00:00Z,19.715,20.145,19.68,19.99,822768
2023-03-10T05:00:00Z,18.895,19.105,18.755,18.86,215200
2023-03-09T05:00:00Z,18.53,18.64,18.385,18.44,63589
2023-03-08T05:00:00Z,18.53,18.585,18.395,18.395,153970
2023-03-07T05:00:00Z,18.97,18.985,18.415,18.465,198811
2023-03-06T05:00:00Z,19.46,19.475,19.285,19.325,68858
2023-03-03T05:00:00Z,19.26,19.555,19.25,19.535,82828
2023-03-02T05:00:00Z,19.045,19.24,19.045,19.24,74187
2023-03-01T05:00:00Z,19.36,19.445,19.245,19.285,171557
2023-02-28T05:00:00Z,18.965,19.305,18.925,19.215,66480
2023-02-27T05:00:00Z,19.075,19.135,18.89,18.925,294699
2023-02-24T05:00:00Z,19.26,19.355,19.065,19.09,210769
2023-02-23T05:00:00Z,19.85,19.875,19.56,19.63,71920
2023-02-22T05:00:00Z,20.005,20.025,19.715,19.755,107798
2023-02-21T05:00:00Z,20.135,20.2,20.005,20.08,75330
2023-02-17T05:00:00Z,19.57,20.055,19.56,20.005,207432
2023-02-16T05:00:00Z,19.745,20.015,19.72,19.845,258664
2023-02-15T05:00:00Z,19.785,19.945,19.77,19.9,174214
2023-02-14T05:00:00Z,19.93,20.2,19.88,20.115,146193
2023-02-13T05:00:00Z,20.155,20.23,20.05,20.2,123651
2023-02-10T05:00:00Z,20.395,20.445,20.17,20.25,150648
2023-02-09T05:00:00Z,20.68,20.68,20.155,20.195,215676
2023-02-08T05:00:00Z,20.6,20.64,20.44,20.49,116902
2023-02-07T05:00:00Z,20.44,20.625,20.28,20.395,106469
2023-02-06T05:00:00Z,20.545,20.64,20.38,20.475,173055
2023-02-03T05:00:00Z,20.87,21.045,20.5,20.565,498123
2023-02-02T05:00:00Z,22.505,22.51,21.545,21.585,277527
2023-02-01T05:00:00Z,21.76,22.11,21.5,22.065,359126
2023-01-31T05:00:00Z,21.595,21.85,21.54,21.83,193501
2023-01-30T05:00:00Z,21.785,21.81,21.65,21.67,105833
2023-01-27T05:00:00Z,21.695,21.78,21.44,21.68,198668
2023-01-26T05:00:00Z,22.215,22.215,21.82,21.99,172101
2023-01-25T05:00:00Z,21.63,22.005,21.595,21.975,138195
2023-01-24T05:00:00Z,21.495,21.83,21.36,21.765,213895
2023-01-23T05:00:00Z,21.175,21.605,20.93,21.575,294783
2023-01-20T05:00:00Z,22.01,22.065,21.82,22.01,231457
2023-01-19T05:00:00Z,21.67,22.015,21.585,21.945,190411
2023-01-18T05:00:00Z,22.3,22.395,21.56,21.575,496595
2023-01-17T05:00:00Z,22.195,22.195,21.92,22.015,489024
2023-01-13T05:00:00Z,21.89,22.35,21.89,22.325,273562
2023-01-12T05:00:00Z,22.045,22.045,21.71,21.875,211302
2023-01-11T05:00:00Z,21.87,21.87,21.37,21.54,190056
2023-01-10T05:00:00Z,21.765,21.86,21.65,21.72,163307
2023-01-09T05:00:00Z,21.995,22.14,21.695,21.755,206200
2023-01-06T05:00:00Z,21.71,21.99,21.63,21.935,195123
2023-01-05T05:00:00Z,21.485,21.52,21.27,21.38,164824
2023-01-04T05:00:00Z,22.265,22.34,21.72,21.885,172372
2023-01-03T05:00:00Z,22.46,22.53,22.03,22.06,133692
2022-12-30T05:00:00Z,21.92,22.025,21.655,22.025,151424
2022-12-29T05:00:00Z,22.08,22.14,21.955,21.975,161622
2022-12-28T05:00:00Z,21.935,21.955,21.6,21.62,127495
2022-12-27T05:00:00Z,21.965,22.33,21.965,22.115,93877
2022-12-23T05:00:00Z,21.755,21.94,21.685,21.85,76871
2022-12-22T05:00:00Z,21.64,21.78,21.535,21.685,109651
2022-12-21T05:00:00Z,22.095,22.225,22.015,22.065,114276
2022-12-20T05:00:00Z,21.925,22.31,21.88,22.235,246324
2022-12-19T05:00:00Z,21.37,21.375,21.06,21.125,131707
2022-12-16T05:00:00Z,21.17,21.385,21.15,21.36,152424
2022-12-15T05:00:00Z,21.44,21.56,21.155,21.25,187359
2022-12-14T05:00:00Z,21.925,22.115,21.57,21.99,202085
2022-12-13T05:00:00Z,22.09,22.185,21.7,21.83,348527
2022-12-12T05:00:00Z,21.54,21.61,21.275,21.46,245944
2022-12-09T05:00:00Z,21.465,21.785,21.285,21.55,156733
2022-12-08T05:00:00Z,21.31,21.355,21.145,21.205,112443
2022-12-07T05:00:00Z,20.66,21,20.66,20.92,166619
2022-12-06T05:00:00Z,20.625,20.74,20.29,20.435,148654
2022-12-05T05:00:00Z,20.92,20.95,20.405,20.445,249198
2022-12-02T05:00:00Z,20.71,21.38,20.69,21.285,241007
2022-12-01T05:00:00Z,20.635,20.975,20.595,20.97,235204
2022-11-30T05:00:00Z,20.125,20.43,19.815,20.43,397945
2022-11-29T05:00:00Z,19.62,19.74,19.54,19.545,102111
2022-11-28T05:00:00Z,19.64,19.685,19.215,19.27,208493
2022-11-25T05:00:00Z,19.585,19.75,19.57,19.71,62064
2022-11-23T05:00:00Z,19.53,19.87,19.505,19.81,150147
2022-11-22T05:00:00Z,19.43,19.515,19.26,19.415,125382
2022-11-21T05:00:00Z,19.23,19.23,19.04,19.205,79918
2022-11-18T05:00:00Z,19.24,19.45,19.21,19.245,49496
2022-11-17T05:00:00Z,19.23,19.325,19.135,19.315,153710
2022-11-16T05:00:00Z,19.95,19.95,19.73,19.745,121367
2022-11-15T05:00:00Z,20.11,20.11,19.71,19.875,140803
2022-11-14T05:00:00Z,19.955,20.325,19.955,20.23,86168
2022-11-11T05:00:00Z,19.77,19.95,19.685,19.95,115787
2022-11-10T05:00:00Z,19.98,20.05,19.785,19.96,477387
2022-11-09T05:00:00Z,19.675,19.88,19.335,19.355,201940
2022-11-08T05:00:00Z,19.22,19.905,19.22,19.69,440212
2022-11-07T05:00:00Z,19.215,19.33,19.135,19.14,159194
2022-11-04T04:00:00Z,18.765,19.25,18.69,19.245,504966
2022-11-03T04:00:00Z,17.465,17.995,17.45,17.94,175913
2022-11-02T04:00:00Z,18.26,18.48,17.735,17.74,204073
2022-11-01T04:00:00Z,18.34,18.355,17.955,18.06,284981
2022-10-31T04:00:00Z,17.48,17.71,17.48,17.62,52083
2022-10-28T04:00:00Z,17.725,17.84,17.52,17.75,99263
2022-10-27T04:00:00Z,18.05,18.09,17.9,17.985,170344
2022-10-26T04:00:00Z,17.91,18.115,17.91,17.98,217667
2022-10-25T04:00:00Z,17.735,17.89,17.705,17.86,176554
2022-10-24T04:00:00Z,17.68,17.755,17.55,17.695,162929
2022-10-21T04:00:00Z,17.18,17.775,17.155,17.755,300551
2022-10-20T04:00:00Z,17.075,17.49,17.04,17.155,207486
2022-10-19T04:00:00Z,16.98,17.07,16.92,17.01,134753
2022-10-18T04:00:00Z,17.365,17.37,17.08,17.225,93922
2022-10-17T04:00:00Z,17.37,17.425,17.115,17.13,255557
2022-10-14T04:00:00Z,17.15,17.15,16.67,16.815,253318
2022-10-13T04:00:00Z,17.12,17.51,17.06,17.395,254242
2022-10-12T04:00:00Z,17.5,17.67,17.38,17.59,318719
2022-10-11T04:00:00Z,17.87,18.07,17.575,17.67,296710
2022-10-10T04:00:00Z,18.205,18.23,17.99,18.1,190774
2022-10-07T04:00:00Z,18.84,18.84,18.42,18.51,308818
2022-10-06T04:00:00Z,18.96,19.05,18.765,19.04,108108
2022-10-05T04:00:00Z,18.665,19.105,18.37,19,358022
2022-10-04T04:00:00Z,19.295,19.56,19.215,19.36,251184
2022-10-03T04:00:00Z,18.485,19.07,18.415,19.065,616908
2022-09-30T04:00:00Z,17.43,17.765,17.43,17.505,239393
2022-09-29T04:00:00Z,17.32,17.37,17.03,17.355,311141
2022-09-28T04:00:00Z,17.04,17.49,17,17.43,391540
2022-09-27T04:00:00Z,17.205,17.29,16.88,16.895,208868
2022-09-26T04:00:00Z,17.35,17.51,16.9,16.92,280708
2022-09-23T04:00:00Z,17.625,17.625,17.3,17.37,478680
2022-09-22T04:00:00Z,18.125,18.16,17.9,18.08,109629
2022-09-21T04:00:00Z,18.02,18.35,17.82,18.075,253066
2022-09-20T04:00:00Z,17.6,17.77,17.56,17.74,86214
2022-09-19T04:00:00Z,17.71,17.99,17.71,17.985,223490
2022-09-16T04:00:00Z,17.56,18.07,17.46,17.995,300017
2022-09-15T04:00:00Z,17.87,18.05,17.625,17.64,150565
2022-09-14T04:00:00Z,18.01,18.145,17.925,18,137609
2022-09-13T04:00:00Z,18.035,18.185,17.82,17.835,262260
2022-09-12T04:00:00Z,18.12,18.43,17.995,18.18,371822
2022-09-09T04:00:00Z,17.14,17.375,17.14,17.32,83566
2022-09-08T04:00:00Z,17.005,17.1,16.89,17.04,127793
2022-09-07T04:00:00Z,16.63,17.02,16.625,17.015,82586
2022-09-06T04:00:00Z,16.81,16.83,16.535,16.545,95349
2022-09-02T04:00:00Z,16.615,16.85,16.48,16.57,155049
2022-09-01T04:00:00Z,16.4,16.465,16.19,16.385,279909
2022-08-31T04:00:00Z,16.68,16.81,16.58,16.585,146558
2022-08-30T04:00:00Z,17.2,17.2,16.92,16.965,126349
2022-08-29T04:00:00Z,17.225,17.42,17.225,17.295,118712
2022-08-26T04:00:00Z,17.825,17.9,17.355,17.37,136364
2022-08-25T04:00:00Z,17.715,17.76,17.61,17.725,98718
2022-08-24T04:00:00Z,17.485,17.7,17.485,17.62,91859
2022-08-23T04:00:00Z,17.435,17.75,17.43,17.625,163697
2022-08-22T04:00:00Z,17.46,17.59,17.325,17.5,145587
2022-08-19T04:00:00Z,17.77,17.77,17.545,17.565,172904
2022-08-18T04:00:00Z,18.31,18.345,17.97,18.035,122582
2022-08-17T04:00:00Z,18.33,18.42,18.16,18.27,141775
2022-08-16T04:00:00Z,18.52,18.63,18.52,18.565,157231
2022-08-15T04:00:00Z,18.65,18.79,18.55,18.68,121109
2022-08-12T04:00:00Z,18.84,19.2,18.84,19.17,145437
2022-08-11T04:00:00Z,18.85,18.98,18.67,18.68,126718
2022-08-10T04:00:00Z,18.97,19.21,18.93,18.955,134637
2022-08-09T04:00:00Z,19.015,19.015,18.83,18.935,113668
2022-08-08T04:00:00Z,18.765,19.11,18.75,19.025,351504
2022-08-05T04:00:00Z,18.17,18.405,18.15,18.32,161865
2022-08-04T04:00:00Z,18.455,18.685,18.41,18.635,165308
2022-08-03T04:00:00Z,18.445,18.52,18.31,18.5,67758
2022-08-02T04:00:00Z,18.725,18.82,18.4,18.405,121383
2022-08-01T04:00:00Z,18.7,18.83,18.655,18.775,234602
2022-07-29T04:00:00Z,18.4,18.705,18.345,18.695,144008
2022-07-28T04:00:00Z,18.175,18.44,18.075,18.425,479651
2022-07-27T04:00:00Z,17.175,17.65,17.02,17.585,249024
2022-07-26T04:00:00Z,17.165,17.26,17.125,17.155,187550
2022-07-25T04:00:00Z,17.04,17.04,16.89,16.985,152393
2022-07-22T04:00:00Z,17.295,17.47,17.085,17.13,92223
2022-07-21T04:00:00Z,17.065,17.4,17.065,17.395,200985
2022-07-20T04:00:00Z,17.59,17.6,17.19,17.2,99419
2022-07-19T04:00:00Z,17.3,17.39,17.275,17.28,87052
2022-07-18T04:00:00Z,17.45,17.53,17.195,17.22,161028
2022-07-15T04:00:00Z,17.18,17.25,16.995,17.2,182183
2022-07-14T04:00:00Z,16.91,17.055,16.73,16.99,423565
2022-07-13T04:00:00Z,17.52,17.89,17.43,17.69,167503
2022-07-12T04:00:00Z,17.505,17.63,17.415,17.445,182591
2022-07-11T04:00:00Z,17.71,17.81,17.58,17.59,249611
2022-07-08T04:00:00Z,17.775,17.94,17.645,17.8,116721
2022-07-07T04:00:00Z,17.83,17.97,17.7,17.74,103118
2022-07-06T04:00:00Z,17.82,17.835,17.495,17.69,201421
2022-07-05T04:00:00Z,18.05,18.06,17.62,17.735,515794
2022-07-01T04:00:00Z,18.1,18.37,17.995,18.315,408011
2022-06-30T04:00:00Z,18.98,19,18.64,18.65,299175
2022-06-29T04:00:00Z,19.27,19.28,19.035,19.15,115132
2022-06-28T04:00:00Z,19.51,19.52,19.185,19.195,204676
2022-06-27T04:00:00Z,19.685,19.69,19.485,19.485,191172
2022-06-24T04:00:00Z,19.27,19.575,19.16,19.52,177072
2022-06-23T04:00:00Z,19.735,19.835,19.305,19.37,353906
2022-06-22T04:00:00Z,19.82,19.9,19.7,19.76,157057
2022-06-21T04:00:00Z,20.085,20.245,19.965,19.965,222164
2022-06-17T04:00:00Z,20.115,20.13,19.9,19.985,191893
2022-06-16T04:00:00Z,19.91,20.265,19.845,20.23,296825
2022-06-15T04:00:00Z,19.89,20.155,19.7,19.965,414438
2022-06-14T04:00:00Z,19.57,19.575,19.285,19.375,168829
2022-06-13T04:00:00Z,19.68,19.7,19.34,19.5,529765
2022-06-10T04:00:00Z,19.81,20.3,19.66,20.19,240762
2022-06-09T04:00:00Z,20.28,20.28,19.89,19.98,362108
2022-06-08T04:00:00Z,20.355,20.495,20.29,20.345,255612
2022-06-07T04:00:00Z,20.27,20.56,20.25,20.525,235777
2022-06-06T04:00:00Z,20.62,20.635,20.32,20.37,238657
2022-06-03T04:00:00Z,20.52,20.57,20.165,20.225,187531
2022-06-02T04:00:00Z,20.365,20.585,20.365,20.58,323584
2022-06-01T04:00:00Z,20.235,20.275,20.005,20.135,342155
2022-05-31T04:00:00Z,20.2,20.26,19.84,19.84,328020
2022-05-27T04:00:00Z,20.615,20.64,20.33,20.365,195697
2022-05-26T04:00:00Z,20.15,20.37,20.13,20.315,114206
2022-05-25T04:00:00Z,20.19,20.355,20.13,20.325,276261
2022-05-24T04:00:00Z,20.3,20.49,20.24,20.395,173717
2022-05-23T04:00:00Z,20.225,20.24,20.045,20.095,144361
2022-05-20T04:00:00Z,20.15,20.21,19.945,20.085,130298
2022-05-19T04:00:00Z,20.15,20.29,20.11,20.275,163287
2022-05-18T04:00:00Z,19.95,19.955,19.725,19.73,225659
2022-05-17T04:00:00Z,20,20.08,19.86,19.925,250615
2022-05-16T04:00:00Z,19.63,20.01,19.63,19.93,244732
2022-05-13T04:00:00Z,19.06,19.465,19.01,19.42,328776
2022-05-12T04:00:00Z,19.495,19.515,19.04,19.13,450746
2022-05-11T04:00:00Z,20.085,20.26,19.85,19.88,334802
2022-05-10T04:00:00Z,20.3,20.325,19.545,19.555,550161
2022-05-09T04:00:00Z,20.38,20.385,20.01,20.04,464663
2022-05-06T04:00:00Z,20.72,20.845,20.57,20.66,251653
2022-05-05T04:00:00Z,21.315,21.315,20.62,20.795,359315
2022-05-04T04:00:00Z,20.71,21.3,20.515,21.29,509256
2022-05-03T04:00:00Z,20.89,21.065,20.795,20.825,160294
2022-05-02T04:00:00Z,20.58,21.015,20.43,20.88,494236
2022-04-29T04:00:00Z,21.315,21.43,20.995,21.03,234518
2022-04-28T04:00:00Z,21.23,21.44,21.2,21.43,213249
2022-04-27T04:00:00Z,21.81,21.81,21.465,21.49,158699
2022-04-26T04:00:00Z,21.91,21.93,21.6,21.655,222061
2022-04-25T04:00:00Z,21.8,21.915,21.65,21.835,397645
2022-04-22T04:00:00Z,22.32,22.52,22.27,22.315,184969
2022-04-21T04:00:00Z,22.92,22.925,22.565,22.79,233116
2022-04-20T04:00:00Z,23.145,23.3,23.09,23.3,149975
2022-04-19T04:00:00Z,23.56,23.62,23.165,23.235,340294
2022-04-18T04:00:00Z,24.045,24.15,23.835,23.88,263889
2022-04-14T04:00:00Z,23.585,23.67,23.38,23.64,255777
2022-04-13T04:00:00Z,23.695,23.85,23.61,23.755,280992
2022-04-12T04:00:00Z,23.395,23.65,23.235,23.47,311784
2022-04-11T04:00:00Z,23.395,23.4,22.92,23.16,312652
2022-04-08T04:00:00Z,22.61,22.91,22.61,22.83,258638
2022-04-07T04:00:00Z,22.425,22.78,22.41,22.715,162113
2022-04-06T04:00:00Z,22.56,22.67,22.395,22.58,177079
2022-04-05T04:00:00Z,22.91,23.03,22.38,22.38,268774
2022-04-04T04:00:00Z,22.695,22.79,22.43,22.64,288005
2022-04-01T04:00:00Z,22.57,22.905,22.57,22.735,243973
2022-03-31T04:00:00Z,23.11,23.175,22.865,22.87,166215
2022-03-30T04:00:00Z,22.98,23.155,22.91,22.94,175349
2022-03-29T04:00:00Z,22.32,22.935,22.23,22.91,373875
2022-03-28T04:00:00Z,23.11,23.21,22.905,22.93,202417
2022-03-25T04:00:00Z,23.475,23.55,23.325,23.47,229875
2022-03-24T04:00:00Z,23.565,23.885,23.55,23.605,426185
2022-03-23T04:00:00Z,23.135,23.29,22.97,23.245,173912
2022-03-22T04:00:00Z,22.96,22.97,22.71,22.89,248244
2022-03-21T04:00:00Z,23.08,23.38,23.08,23.29,371454
2022-03-18T04:00:00Z,23.1,23.255,22.945,23.03,404727
2022-03-17T04:00:00Z,23.36,23.6,23.33,23.335,402518
2022-03-16T04:00:00Z,22.95,23.14,22.615,23.11,468180
2022-03-15T04:00:00Z,22.83,23.13,22.75,22.985,269734
2022-03-14T04:00:00Z,23.355,23.36,23.045,23.16,522587
2022-03-11T05:00:00Z,23.7,24.02,23.7,23.865,361630
2022-03-10T05:00:00Z,24.02,24.08,23.725,24,437433
2022-03-09T05:00:00Z,23.93,24.17,23.48,23.79,819699
2022-03-08T05:00:00Z,24.29,24.87,24,24.435,1689777
2022-03-07T05:00:00Z,23.54,23.76,23.44,23.7,844605
2022-03-04T05:00:00Z,23.39,23.785,23.37,23.645,847346
2022-03-03T05:00:00Z,23.29,23.33,23.075,23.285,339260
2022-03-02T05:00:00Z,23.2,23.455,23.05,23.355,515842
2022-03-01T05:00:00Z,22.87,23.605,22.86,23.55,1128598
2022-02-28T05:00:00Z,22.71,22.71,22.37,22.615,426350
2022-02-25T05:00:00Z,22.19,22.42,22.065,22.42,323872
2022-02-24T05:00:00Z,23.395,23.395,22.03,22.325,1302181
2022-02-23T05:00:00Z,22.41,22.715,22.41,22.715,542970
2022-02-22T05:00:00Z,22.405,22.5,22.3,22.31,456521
2022-02-18T05:00:00Z,22.12,22.23,22.07,22.11,275640
2022-02-17T05:00:00Z,21.885,22.1,21.85,22.035,246510
2022-02-16T05:00:00Z,21.64,21.87,21.64,21.86,302267
2022-02-15T05:00:00Z,21.425,21.65,21.34,21.615,237021
2022-02-14T05:00:00Z,22.04,22.125,21.93,22.06,354967
2022-02-11T05:00:00Z,21.37,21.9,21.32,21.825,595083
2022-02-10T05:00:00Z,21.535,21.915,21.415,21.43,615728
2022-02-09T05:00:00Z,21.44,21.59,21.37,21.54,188138
2022-02-08T05:00:00Z,21.29,21.49,21.23,21.45,295474
2022-02-07T05:00:00Z,21.115,21.355,21.105,21.27,349545
2022-02-04T05:00:00Z,20.69,20.955,20.69,20.795,191301
2022-02-03T05:00:00Z,20.71,20.815,20.34,20.695,278697
2022-02-02T05:00:00Z,20.96,21.08,20.78,20.94,164133
2022-02-01T05:00:00Z,21.185,21.24,20.835,20.925,1634281
2022-01-31T05:00:00Z,20.745,20.84,20.67,20.8,150395
2022-01-28T05:00:00Z,20.735,20.89,20.48,20.71,298152
2022-01-27T05:00:00Z,21.06,21.29,20.875,21.005,456451
2022-01-26T05:00:00Z,21.91,22.085,21.675,21.72,382181
2022-01-25T05:00:00Z,21.845,22.165,21.825,22.035,339054
2022-01-24T05:00:00Z,21.99,22.145,21.79,22.115,687964
2022-01-21T05:00:00Z,22.67,22.69,22.345,22.39,341266
2022-01-20T05:00:00Z,22.66,22.83,22.565,22.61,640441
2022-01-19T05:00:00Z,22.015,22.385,22.01,22.365,569853
2022-01-18T05:00:00Z,21.635,21.85,21.53,21.7,385274
2022-01-14T05:00:00Z,21.22,21.32,21.105,21.21,202587
2022-01-13T05:00:00Z,21.445,21.475,21.265,21.325,118942
2022-01-12T05:00:00Z,21.2,21.47,21.185,21.445,303027
2022-01-11T05:00:00Z,20.835,21.09,20.8,21.06,165212
2022-01-10T05:00:00Z,20.595,20.82,20.595,20.775,173707
2022-01-07T05:00:00Z,20.515,20.74,20.375,20.625,153528
2022-01-06T05:00:00Z,20.37,20.61,20.355,20.51,261952
2022-01-05T05:00:00Z,21.4,21.5,21.025,21.025,163161
2022-01-04T05:00:00Z,21.24,21.36,21.195,21.325,110598
2022-01-03T05:00:00Z,21.04,21.24,20.99,21.175,101757
2021-12-31T05:00:00Z,21.555,21.575,21.37,21.51,139959
2021-12-30T05:00:00Z,21.285,21.365,21.245,21.335,89331
2021-12-29T05:00:00Z,20.98,21.145,20.94,21.11,92260
2021-12-28T05:00:00Z,21.41,21.49,21.265,21.275,60809
2021-12-27T05:00:00Z,21.205,21.36,21.17,21.32,134190
2021-12-23T05:00:00Z,21,21.2,20.95,21.165,102290
2021-12-22T05:00:00Z,20.99,21.115,20.865,21.095,134383
2021-12-21T05:00:00Z,20.86,20.92,20.755,20.77,133751
2021-12-20T05:00:00Z,20.605,20.66,20.525,20.585,153488
2021-12-17T05:00:00Z,20.845,20.89,20.68,20.68,110887
2021-12-16T05:00:00Z,20.63,20.84,20.63,20.785,477009
2021-12-15T05:00:00Z,20.05,20.455,19.805,20.42,330159
2021-12-14T05:00:00Z,20.11,20.33,20.095,20.31,154601
2021-12-13T05:00:00Z,20.67,20.715,20.595,20.62,229964
2021-12-10T05:00:00Z,20.465,20.53,20.415,20.505,239136
2021-12-09T05:00:00Z,20.455,20.455,20.28,20.31,354271
2021-12-08T05:00:00Z,20.7,20.795,20.635,20.76,120154
2021-12-07T05:00:00Z,20.71,20.91,20.675,20.825,99624
2021-12-06T05:00:00Z,20.545,20.755,20.475,20.73,286544
2021-12-03T05:00:00Z,20.7,20.86,20.395,20.855,256887
2021-12-02T05:00:00Z,20.725,20.745,20.57,20.695,126695
2021-12-01T05:00:00Z,20.95,21.055,20.53,20.565,145341
2021-11-30T05:00:00Z,21.235,21.54,20.995,21.07,152299
2021-11-29T05:00:00Z,21.305,21.355,21.06,21.15,210463
2021-11-26T05:00:00Z,21.605,21.635,21.205,21.365,101454
2021-11-24T05:00:00Z,21.75,21.815,21.685,21.785,119015
2021-11-23T05:00:00Z,21.715,21.925,21.545,21.905,264298
2021-11-22T05:00:00Z,22.63,22.76,22.3,22.35,224570
2021-11-19T05:00:00Z,22.995,23.1,22.73,22.745,125391
2021-11-18T05:00:00Z,23.055,23.095,22.935,22.96,62708
2021-11-17T05:00:00Z,23.18,23.305,23.1,23.18,127911
2021-11-16T05:00:00Z,23.155,23.285,22.925,22.96,146785
2021-11-15T05:00:00Z,23.19,23.305,23.05,23.23,186126
2021-11-12T05:00:00Z,23.16,23.47,23.145,23.41,229239
2021-11-11T05:00:00Z,23.215,23.375,23.17,23.35,185976
2021-11-10T05:00:00Z,23.125,23.245,22.695,22.87,452708
2021-11-09T05:00:00Z,22.525,22.615,22.245,22.52,72382
2021-11-08T05:00:00Z,22.555,22.685,22.47,22.645,81357
2021-11-05T04:00:00Z,22.265,22.355,22.045,22.34,189567
2021-11-04T04:00:00Z,22.1,22.25,21.985,22.005,143234
2021-11-03T04:00:00Z,21.4,21.835,21.315,21.815,379945
2021-11-02T04:00:00Z,21.93,21.94,21.65,21.805,304415
2021-11-01T04:00:00Z,22.24,22.28,22.155,22.215,119014
2021-10-29T04:00:00Z,22.07,22.135,21.9,22.095,119435
2021-10-28T04:00:00Z,22.4,22.4,22.2,22.265,45001
2021-10-27T04:00:00Z,22.33,22.44,22.18,22.285,116687
2021-10-26T04:00:00Z,22.37,22.38,22.11,22.37,180507
2021-10-25T04:00:00Z,22.635,22.785,22.57,22.74,142113
2021-10-22T04:00:00Z,22.67,22.97,22.415,22.525,452064
2021-10-21T04:00:00Z,22.37,22.415,22.22,22.365,161149
2021-10-20T04:00:00Z,22.18,22.605,22.13,22.53,352301
2021-10-19T04:00:00Z,22.24,22.3,21.855,21.89,616231
2021-10-18T04:00:00Z,21.565,21.565,21.33,21.475,105650
2021-10-15T04:00:00Z,21.58,21.685,21.485,21.585,439242
2021-10-14T04:00:00Z,21.635,21.825,21.495,21.795,315307
2021-10-13T04:00:00Z,21.12,21.515,21.12,21.325,442692
2021-10-12T04:00:00Z,20.85,21.055,20.81,20.93,115083
2021-10-11T04:00:00Z,20.98,21.12,20.895,20.895,146520
2021-10-08T04:00:00Z,21.395,21.415,20.945,20.95,226585
2021-10-07T04:00:00Z,20.88,21.08,20.86,20.91,70887
2021-10-06T04:00:00Z,20.79,21.01,20.7,20.97,105133
2021-10-05T04:00:00Z,20.81,20.965,20.74,20.92,79015
2021-10-04T04:00:00Z,20.78,21.02,20.745,20.98,174157
2021-10-01T04:00:00Z,20.815,20.915,20.68,20.835,209282
2021-09-30T04:00:00Z,20.2,20.59,20.17,20.51,1104037
2021-09-29T04:00:00Z,20.135,20.2,19.84,19.935,376978
2021-09-28T04:00:00Z,20.8,20.84,20.645,20.79,73296
2021-09-27T04:00:00Z,20.96,21.145,20.935,20.945,95456
2021-09-24T04:00:00Z,20.5,20.81,20.485,20.715,148931
2021-09-23T04:00:00Z,20.91,21.045,20.885,20.895,107755
2021-09-22T04:00:00Z,21.105,21.42,20.93,20.99,140719
2021-09-21T04:00:00Z,20.885,21.025,20.74,20.845,130579
2021-09-20T04:00:00Z,20.62,20.84,20.54,20.59,100591
2021-09-17T04:00:00Z,20.945,20.965,20.69,20.735,354217
2021-09-16T04:00:00Z,21.34,21.35,20.94,21.245,274781
2021-09-15T04:00:00Z,22.11,22.125,21.96,22.07,57983
2021-09-14T04:00:00Z,22.045,22.18,21.9,22.105,107458
2021-09-13T04:00:00Z,21.79,22.09,21.77,22,169504
2021-09-10T04:00:00Z,22.335,22.355,21.995,21.995,82002
2021-09-09T04:00:00Z,22.32,22.36,22.19,22.28,34370
2021-09-08T04:00:00Z,22.475,22.48,22.16,22.185,230512
2021-09-07T04:00:00Z,22.665,22.745,22.385,22.525,140911
2021-09-03T04:00:00Z,22.61,23.04,22.555,22.89,274454
2021-09-02T04:00:00Z,22.265,22.265,22.055,22.14,94991
2021-09-01T04:00:00Z,22.36,22.46,22.315,22.37,92165
2021-08-31T04:00:00Z,22.305,22.375,22.07,22.14,70694
2021-08-30T04:00:00Z,22.35,22.355,22.16,22.265,69335
2021-08-27T04:00:00Z,21.705,22.32,21.63,22.315,225240
2021-08-26T04:00:00Z,21.92,21.955,21.72,21.845,84092
2021-08-25T04:00:00Z,22.025,22.13,21.895,22.095,67845
2021-08-24T04:00:00Z,22.08,22.19,22.025,22.1,115516
2021-08-23T04:00:00Z,21.83,21.95,21.77,21.88,212169
2021-08-20T04:00:00Z,21.45,21.53,21.2,21.355,143994
2021-08-19T04:00:00Z,21.64,21.64,21.44,21.51,160015
2021-08-18T04:00:00Z,21.85,21.86,21.6,21.75,152898
2021-08-17T04:00:00Z,21.98,22.11,21.85,21.905,112142
2021-08-16T04:00:00Z,22.025,22.145,21.9,22.125,86000
2021-08-13T04:00:00Z,21.79,22.08,21.72,21.98,149971
2021-08-12T04:00:00Z,21.46,21.55,21.325,21.51,96361
2021-08-11T04:00:00Z,21.755,21.855,21.635,21.845,98000
2021-08-10T04:00:00Z,21.595,21.75,21.59,21.62,97112
2021-08-09T04:00:00Z,22.095,22.155,21.54,21.755,440757
2021-08-06T04:00:00Z,22.665,22.68,22.43,22.525,481455
2021-08-05T04:00:00Z,23.54,23.55,23.25,23.3,93189
2021-08-04T04:00:00Z,24.02,24.065,23.47,23.54,222345
2021-08-03T04:00:00Z,23.645,23.72,23.59,23.67,52910
2021-08-02T04:00:00Z,23.505,23.67,23.485,23.535,79043
2021-07-30T04:00:00Z,23.685,23.735,23.49,23.63,118238
2021-07-29T04:00:00Z,23.665,23.905,23.665,23.7,366314
2021-07-28T04:00:00Z,22.9,23.18,22.86,23.165,192505
2021-07-27T04:00:00Z,23.27,23.295,22.7,22.955,200330
2021-07-26T04:00:00Z,23.41,23.43,23.335,23.355,52742
2021-07-23T04:00:00Z,23.305,23.37,23.2,23.34,30335
2021-07-22T04:00:00Z,23.21,23.585,23.2,23.56,112267
2021-07-21T04:00:00Z,23.185,23.46,23.185,23.425,104481
2021-07-20T04:00:00Z,23.235,23.345,23,23.125,135477
2021-07-19T04:00:00Z,23.475,23.5,23.185,23.295,1012549
2021-07-16T04:00:00Z,24.17,24.215,23.73,23.76,327925
2021-07-15T04:00:00Z,24.385,24.42,24.285,24.39,87505
2021-07-14T04:00:00Z,24.51,24.51,24.16,24.32,213425
2021-07-13T04:00:00Z,24.145,24.28,24.055,24.08,107549
2021-07-12T04:00:00Z,24.205,24.33,24.06,24.295,113294
2021-07-09T04:00:00Z,24.07,24.28,24.06,24.195,82161
2021-07-08T04:00:00Z,24.235,24.235,23.935,24.04,155604
2021-07-07T04:00:00Z,24.39,24.405,24.1,24.245,169838
2021-07-06T04:00:00Z,24.64,24.65,24.135,24.245,96456
2021-07-02T04:00:00Z,24.48,24.625,24.31,24.545,354020
2021-07-01T04:00:00Z,24.34,24.34,24.075,24.125,46745
2021-06-30T04:00:00Z,23.96,24.245,23.96,24.22,229471
2021-06-29T04:00:00Z,23.835,23.96,23.765,23.895,169529
2021-06-28T04:00:00Z,24.23,24.29,24.18,24.215,59235
2021-06-25T04:00:00Z,24.305,24.315,24.085,24.17,143704
2021-06-24T04:00:00Z,24.21,24.26,23.985,24.045,135840
2021-06-23T04:00:00Z,24.07,24.36,23.91,23.95,144052
2021-06-22T04:00:00Z,23.91,23.98,23.86,23.86,117677
2021-06-21T04:00:00Z,24.085,24.13,23.96,24.08,235885
2021-06-18T04:00:00Z,24.09,24.21,23.93,23.93,244842
2021-06-17T04:00:00Z,24.34,24.465,23.895,24.065,819558
2021-06-16T04:00:00Z,25.745,25.81,25.26,25.265,305374
2021-06-15T04:00:00Z,25.69,25.69,25.405,25.645,188208
2021-06-14T04:00:00Z,25.57,25.98,25.57,25.835,169575
2021-06-11T04:00:00Z,26.15,26.155,25.87,25.88,262325
2021-06-10T04:00:00Z,25.73,26.005,25.68,25.99,299448
2021-06-09T04:00:00Z,25.835,25.95,25.73,25.795,118681
2021-06-08T04:00:00Z,25.735,25.79,25.51,25.62,234609
2021-06-07T04:00:00Z,25.795,25.905,25.72,25.895,70992
2021-06-04T04:00:00Z,25.72,25.815,25.71,25.77,74027
2021-06-03T04:00:00Z,25.405,25.49,25.07,25.46,233917
2021-06-02T04:00:00Z,25.95,26.135,25.9,26.135,137340
2021-06-01T04:00:00Z,26.395,26.42,25.83,25.835,141361
2021-05-28T04:00:00Z,25.75,25.94,25.685,25.915,98114
2021-05-27T04:00:00Z,25.685,25.865,25.53,25.855,107113
2021-05-26T04:00:00Z,25.95,25.95,25.62,25.675,102469
2021-05-25T04:00:00Z,25.525,26.005,25.525,25.985,164692
2021-05-24T04:00:00Z,25.725,25.88,25.66,25.755,93565
2021-05-21T04:00:00Z,25.95,25.985,25.255,25.53,245067
2021-05-20T04:00:00Z,25.785,25.945,25.665,25.775,86450
2021-05-19T04:00:00Z,25.66,26.19,25.52,25.725,290427
2021-05-18T04:00:00Z,26.37,26.37,25.995,26.17,335487
2021-05-17T04:00:00Z,25.55,26.245,25.55,26.185,476962
2021-05-14T04:00:00Z,25.385,25.48,25.305,25.46,100922
2021-05-13T04:00:00Z,24.965,25.19,24.95,25.17,74876
2021-05-12T04:00:00Z,25.41,25.555,25.055,25.075,259172
2021-05-11T04:00:00Z,25.235,25.67,25.2,25.67,125880
2021-05-10T04:00:00Z,25.815,25.86,25.27,25.35,134813
2021-05-07T04:00:00Z,25.295,25.49,25.175,25.46,202516
2021-05-06T04:00:00Z,24.915,25.47,24.915,25.365,259543
2021-05-05T04:00:00Z,24.495,24.585,24.45,24.565,54774
2021-05-04T04:00:00Z,25.005,25.15,24.23,24.565,174642
2021-05-03T04:00:00Z,24.61,25.03,24.535,24.96,466011
2021-04-30T04:00:00Z,24.255,24.265,23.97,24.005,61787
2021-04-29T04:00:00Z,24.215,24.265,23.89,24.26,91618
2021-04-28T04:00:00Z,24.1,24.385,23.98,24.385,113722
2021-04-27T04:00:00Z,24.445,24.52,24.355,24.365,59563
2021-04-26T04:00:00Z,24.325,24.325,24.2,24.305,65758
2021-04-23T04:00:00Z,24.325,24.365,24,24.135,57099
2021-04-22T04:00:00Z,24.445,24.455,24.12,24.21,129383
2021-04-21T04:00:00Z,24.16,24.725,24.16,24.695,268037
2021-04-20T04:00:00Z,23.95,24.2,23.915,23.965,91213
2021-04-19T04:00:00Z,23.97,24.04,23.83,23.98,35222
2021-04-16T04:00:00Z,24.2,24.22,24.065,24.09,216584
2021-04-15T04:00:00Z,23.785,24.12,23.77,24.025,258923
2021-04-14T04:00:00Z,23.43,23.625,23.43,23.575,40022
2021-04-13T04:00:00Z,23.53,23.65,23.47,23.505,84330
2021-04-12T04:00:00Z,23.285,23.305,22.94,23.055,120750
2021-04-09T04:00:00Z,23.3,23.48,23.25,23.43,41126
2021-04-08T04:00:00Z,23.69,23.755,23.59,23.625,131880
2021-04-07T04:00:00Z,23.255,23.465,23.22,23.335,42023
2021-04-06T04:00:00Z,23.295,23.465,23.255,23.335,149395
2021-04-05T04:00:00Z,23.04,23.165,22.9,23.085,49855
2021-04-01T04:00:00Z,22.9,23.15,22.8,23.14,172081
2021-03-31T04:00:00Z,22.315,22.745,22.265,22.71,159810
2021-03-30T04:00:00Z,22.415,22.47,22.145,22.255,280258
2021-03-29T04:00:00Z,23.085,23.095,22.7,22.905,137944
2021-03-26T04:00:00Z,23.195,23.29,23.09,23.225,52050
2021-03-25T04:00:00Z,23.08,23.375,23.03,23.275,99896
2021-03-24T04:00:00Z,23.47,23.5,23.225,23.255,72338
2021-03-23T04:00:00Z,23.45,23.495,23.215,23.23,261577
2021-03-22T04:00:00Z,23.805,23.945,23.72,23.945,65698
2021-03-19T04:00:00Z,24.255,24.375,24.12,24.295,93889
2021-03-18T04:00:00Z,24.005,24.455,24.005,24.105,171505
2021-03-17T04:00:00Z,24.14,24.62,24.055,24.415,140169
2021-03-16T04:00:00Z,24.065,24.27,24.005,24.1,59282
2021-03-15T04:00:00Z,24.3,24.4,24.14,24.36,114564
2021-03-12T05:00:00Z,23.605,24.07,23.605,24.035,85060
2021-03-11T05:00:00Z,24.175,24.33,24,24.27,74138
2021-03-10T05:00:00Z,24.175,24.335,24.05,24.325,90791
2021-03-09T05:00:00Z,24.05,24.265,24.035,24.05,144280
2021-03-08T05:00:00Z,23.41,23.565,23.285,23.315,111323
2021-03-05T05:00:00Z,23.57,23.57,23.06,23.355,131264
2021-03-04T05:00:00Z,24.105,24.39,23.27,23.535,334747
2021-03-03T05:00:00Z,24.305,24.59,23.99,24.27,207958
2021-03-02T05:00:00Z,24.5,24.975,24.455,24.79,326888
2021-03-01T05:00:00Z,24.97,25.01,24.55,24.605,304816
2021-02-26T05:00:00Z,24.96,24.98,24.285,24.655,664705
2021-02-25T05:00:00Z,25.865,26,25.415,25.415,169983
2021-02-24T05:00:00Z,25.46,25.965,25.38,25.965,115961
2021-02-23T05:00:00Z,25.83,25.83,25.32,25.71,339381
2021-02-22T05:00:00Z,25.505,26.28,25.44,26.28,291912
2021-02-19T05:00:00Z,25.405,25.615,25.205,25.255,229818
2021-02-18T05:00:00Z,25.16,25.365,24.96,25.055,144264
2021-02-17T05:00:00Z,25.16,25.42,24.945,25.41,267036
2021-02-16T05:00:00Z,25.17,25.68,25.055,25.26,298643
2021-02-12T05:00:00Z,25.11,25.46,25.095,25.315,164414
2021-02-11T05:00:00Z,25.265,25.32,24.94,25.085,162754
2021-02-10T05:00:00Z,25.435,25.445,24.94,25.075,237904
2021-02-09T05:00:00Z,25.565,25.61,25.18,25.29,225444
2021-02-08T05:00:00Z,25.515,25.62,25.375,25.39,402317
2021-02-05T05:00:00Z,24.745,25.13,24.655,24.945,181320
2021-02-04T05:00:00Z,24.36,24.52,24.075,24.485,478925
2021-02-03T05:00:00Z,24.985,25.085,24.8,24.915,384525
2021-02-02T05:00:00Z,25.54,25.54,24.415,24.545,758436
2021-02-01T05:00:00Z,27.77,27.975,26.105,26.76,1957521
2021-01-29T05:00:00Z,25.34,25.47,24.785,24.995,899057
2021-01-28T05:00:00Z,24.54,25.085,23.83,24.685,1359595
2021-01-27T05:00:00Z,23.34,23.595,22.98,23.395,309800
2021-01-26T05:00:00Z,23.65,23.805,23.58,23.645,78746
2021-01-25T05:00:00Z,23.8,23.855,23.375,23.545,99332
2021-01-22T05:00:00Z,23.51,23.755,23.41,23.655,74719
2021-01-21T05:00:00Z,24,24.2,23.875,24.17,107813
2021-01-20T05:00:00Z,23.645,24.04,23.645,24.015,137803
2021-01-19T05:00:00Z,23.475,23.5,23.235,23.375,153557
2021-01-15T05:00:00Z,23.165,23.31,22.84,22.955,231027
2021-01-14T05:00:00Z,23.6,24.06,23.6,23.735,123526
2021-01-13T05:00:00Z,23.6,23.735,23.39,23.425,116018
2021-01-12T05:00:00Z,23.57,23.815,23.375,23.735,149524
2021-01-11T05:00:00Z,22.945,23.48,22.94,23.195,137367
2021-01-08T05:00:00Z,24.725,24.75,22.75,23.51,624053
2021-01-07T05:00:00Z,25.24,25.36,25.06,25.255,97555
2021-01-06T05:00:00Z,25.33,25.395,24.755,25.35,313425
2021-01-05T05:00:00Z,25.46,25.74,25.28,25.645,401492
2021-01-04T05:00:00Z,25.535,25.6,24.865,25.325,286051
2020-12-31T05:00:00Z,24.57,24.715,24.385,24.575,87846
2020-12-30T05:00:00Z,24.415,24.77,24.4,24.765,102235
2020-12-29T05:00:00Z,24.355,24.505,24.13,24.4,104594
2020-12-28T05:00:00Z,24.675,24.825,24.37,24.425,159855
2020-12-24T05:00:00Z,23.69,24.015,23.69,23.965,71158
2020-12-23T05:00:00Z,23.71,23.965,23.705,23.805,139593
2020-12-22T05:00:00Z,24.03,24.065,23.315,23.415,216521
2020-12-21T05:00:00Z,24.2,24.48,24.2,24.365,333753
2020-12-18T05:00:00Z,24.01,24.12,23.89,23.955,342730
2020-12-17T05:00:00Z,24.095,24.26,23.985,24.155,285152
2020-12-16T05:00:00Z,23.245,23.635,22.965,23.635,268015
2020-12-15T05:00:00Z,22.655,22.82,22.615,22.795,97918
2020-12-14T05:00:00Z,22.35,22.51,22.135,22.175,45669
2020-12-11T05:00:00Z,22.205,22.395,22.195,22.255,43437
2020-12-10T05:00:00Z,22.395,22.565,22.185,22.325,59285
2020-12-09T05:00:00Z,22.53,22.545,21.94,22.235,141594
2020-12-08T05:00:00Z,22.915,23.115,22.74,22.82,86014
2020-12-07T05:00:00Z,22.25,23.035,22.25,22.815,145309
2020-12-04T05:00:00Z,22.415,22.585,22.305,22.475,113072
2020-12-03T05:00:00Z,22.2,22.435,22.095,22.435,87591
2020-12-02T05:00:00Z,22.105,22.38,21.99,22.335,137278
2020-12-01T05:00:00Z,21.925,22.37,21.865,22.315,263081
2020-11-30T05:00:00Z,20.655,21.085,20.605,21.035,84834
2020-11-27T05:00:00Z,20.95,21.155,20.93,21.05,134904
2020-11-25T05:00:00Z,21.755,21.835,21.665,21.705,73089
2020-11-24T05:00:00Z,21.49,21.675,21.425,21.625,523554
2020-11-23T05:00:00Z,22.335,22.355,21.79,21.925,135758
2020-11-20T05:00:00Z,22.705,22.775,22.475,22.475,114251
2020-11-19T05:00:00Z,22.075,22.44,22.075,22.435,61801
2020-11-18T05:00:00Z,22.735,22.955,22.545,22.555,194290
2020-11-17T05:00:00Z,22.875,22.895,22.655,22.745,224144
2020-11-16T05:00:00Z,22.86,23.075,22.825,23.015,145376
2020-11-13T05:00:00Z,23.015,23.085,22.885,22.925,136804
2020-11-12T05:00:00Z,22.57,22.695,22.505,22.545,93699
2020-11-11T05:00:00Z,22.2,22.575,22.2,22.525,217643
2020-11-10T05:00:00Z,22.65,22.775,22.4,22.415,242831
2020-11-09T05:00:00Z,22.72,22.75,21.94,22.485,671954
2020-11-06T05:00:00Z,23.93,23.96,23.49,23.795,195227
2020-11-05T05:00:00Z,23.025,23.645,23.01,23.61,1015539
2020-11-04T05:00:00Z,22.36,22.495,22.105,22.235,508556
2020-11-03T05:00:00Z,22.64,22.64,22.395,22.455,141612
2020-11-02T05:00:00Z,22.285,22.43,22.095,22.405,144179
2020-10-30T04:00:00Z,22.07,22.075,21.785,21.995,139045
2020-10-29T04:00:00Z,21.275,21.925,21.275,21.705,223900
2020-10-28T04:00:00Z,21.81,21.865,21.425,21.75,346106
2020-10-27T04:00:00Z,22.61,22.795,22.51,22.725,119104
2020-10-26T04:00:00Z,22.655,22.805,22.52,22.625,236065
2020-10-23T04:00:00Z,22.99,22.995,22.73,22.925,190966
2020-10-22T04:00:00Z,23.035,23.08,22.68,22.975,279401
2020-10-21T04:00:00Z,23.305,23.525,23.185,23.265,325718
2020-10-20T04:00:00Z,22.89,23.185,22.815,23.03,561008
2020-10-19T04:00:00Z,23.04,23.04,22.515,22.575,479053
2020-10-16T04:00:00Z,22.745,22.81,22.435,22.435,139585
2020-10-15T04:00:00Z,22.03,22.615,22,22.575,202539
2020-10-14T04:00:00Z,22.795,22.91,22.505,22.55,174571
2020-10-13T04:00:00Z,22.67,22.67,22.285,22.495,235712
2020-10-12T04:00:00Z,23.34,23.495,23.065,23.34,208159
2020-10-09T04:00:00Z,22.83,23.405,22.775,23.405,369764
2020-10-08T04:00:00Z,22.4,22.525,22.025,22.175,147938
2020-10-07T04:00:00Z,21.985,22.305,21.9,22.105,146161
2020-10-06T04:00:00Z,22.645,22.715,21.63,21.72,220824
2020-10-05T04:00:00Z,22.31,22.79,22.31,22.64,233926
2020-10-02T04:00:00Z,22.195,22.515,22.045,22.105,326440
2020-10-01T04:00:00Z,22.06,22.49,21.775,22.09,328322
2020-09-30T04:00:00Z,22.24,22.375,21.565,21.635,508875
2020-09-29T04:00:00Z,22.245,22.7,22.17,22.505,316302
2020-09-28T04:00:00Z,21.75,22.08,21.515,22.015,374485
2020-09-25T04:00:00Z,21.16,21.535,21.12,21.31,227848
2020-09-24T04:00:00Z,20.59,21.72,20.465,21.55,559660
2020-09-23T04:00:00Z,21.91,22.06,21.03,21.165,1106309
2020-09-22T04:00:00Z,22.81,22.97,22.475,22.76,916702
2020-09-21T04:00:00Z,24.2,24.34,22.07,23.03,1468209
2020-09-18T04:00:00Z,25.01,25.24,24.92,24.92,190888
2020-09-17T04:00:00Z,24.65,25.215,24.515,25.215,321421
2020-09-16T04:00:00Z,25.445,25.53,25.015,25.21,232117
2020-09-15T04:00:00Z,25.46,25.485,25.165,25.235,237267
2020-09-14T04:00:00Z,25.14,25.415,25.14,25.295,443028
2020-09-11T04:00:00Z,25.09,25.16,24.745,24.915,176371
2020-09-10T04:00:00Z,25.54,25.565,24.84,24.87,447338
2020-09-09T04:00:00Z,24.99,25.24,24.9,25.175,381751
2020-09-08T04:00:00Z,24.38,25.08,24.06,24.76,426485
2020-09-04T04:00:00Z,24.88,25.14,24.495,25.06,322272
2020-09-03T04:00:00Z,25.365,25.505,24.655,24.72,828210
2020-09-02T04:00:00Z,25.705,25.72,25.22,25.555,411061
2020-09-01T04:00:00Z,26.745,26.745,25.73,26.16,658341
2020-08-31T04:00:00Z,26.045,26.41,25.975,26.235,272699
2020-08-28T04:00:00Z,25.61,25.805,25.495,25.61,219389
2020-08-27T04:00:00Z,25.88,25.88,24.69,25.165,659527
2020-08-26T04:00:00Z,24.63,25.56,24.63,25.56,375452
2020-08-25T04:00:00Z,24.74,24.765,24.285,24.755,436837
2020-08-24T04:00:00Z,25.08,25.08,24.525,24.61,346325
2020-08-21T04:00:00Z,24.83,25.005,24.44,24.88,504999
2020-08-20T04:00:00Z,24.92,25.62,24.885,25.59,289306
2020-08-19T04:00:00Z,25.88,26.025,24.715,24.89,631514
2020-08-18T04:00:00Z,26.415,26.465,25.25,25.89,431766
2020-08-17T04:00:00Z,25.485,25.655,25.26,25.62,367495
2020-08-14T04:00:00Z,25.11,25.195,23.98,24.585,519920
2020-08-13T04:00:00Z,24.685,25.79,24.575,25.445,803882
2020-08-12T04:00:00Z,24.16,24.415,23.44,23.44,1049268
2020-08-11T04:00:00Z,25.21,25.51,23.06,23.31,1795568
2020-08-10T04:00:00Z,26.6,27.385,26.59,26.995,569074
2020-08-07T04:00:00Z,26.265,26.37,25.48,26.17,1122191
2020-08-06T04:00:00Z,26.32,26.9,25.895,26.865,2139336
2020-08-05T04:00:00Z,25.105,25.275,24.635,25.075,828877
2020-08-04T04:00:00Z,22.71,24.235,22.62,24.235,688795
2020-08-03T04:00:00Z,22.59,22.765,22.385,22.745,216093
2020-07-31T04:00:00Z,22.22,22.655,22.115,22.65,267741
2020-07-30T04:00:00Z,21.68,21.98,21.43,21.735,554626
2020-07-29T04:00:00Z,22.67,23.235,21.725,22.565,734591
2020-07-28T04:00:00Z,22.305,22.965,22.08,22.77,607711
2020-07-27T04:00:00Z,22.53,22.84,22.44,22.84,675345
