2024-06-14T04:00:00Z,30.03,30.18,29.73,29.73,23030
2024-06-13T04:00:00Z,29.65,30.165,29.62,29.655,27260
2024-06-12T04:00:00Z,29.665,30.025,29.46,29.85,26564
2024-06-11T04:00:00Z,31.23,31.43,30.715,30.72,9046
2024-06-10T04:00:00Z,31.28,31.35,30.835,30.905,18176
2024-06-07T04:00:00Z,31.28,31.29,30.69,31.06,15665
2024-06-06T04:00:00Z,30.9,31.26,30.81,30.975,12182
2024-06-05T04:00:00Z,31.745,31.89,30.94,30.94,55358
2024-06-04T04:00:00Z,32.41,32.64,31.915,32.03,20294
2024-06-03T04:00:00Z,31.96,33.05,31.92,32.215,21815
2024-05-31T04:00:00Z,32.91,33.83,32.18,32.21,48908
2024-05-30T04:00:00Z,32.74,33.235,32.58,32.98,49775
2024-05-29T04:00:00Z,32.45,32.48,32.185,32.46,36613
2024-05-28T04:00:00Z,31.58,32.16,31.58,31.68,31726
2024-05-24T04:00:00Z,32.01,32.12,31.64,31.73,73744
2024-05-23T04:00:00Z,31.2,32.58,31.2,32.38,91079
2024-05-22T04:00:00Z,31.38,31.97,31.37,31.645,25313
2024-05-21T04:00:00Z,31.69,31.69,31.29,31.32,10937
2024-05-20T04:00:00Z,31.61,31.675,31.27,31.61,22438
2024-05-17T04:00:00Z,31.79,31.89,31.615,31.615,14506
2024-05-16T04:00:00Z,31.5,31.64,31.25,31.59,7156
2024-05-15T04:00:00Z,32.245,32.245,31.44,31.46,16197
2024-05-14T04:00:00Z,33.09,33.195,32.6,32.655,12607
2024-05-13T04:00:00Z,32.93,33.27,32.93,33.165,16081
2024-05-10T04:00:00Z,32.95,33.27,32.79,33.05,11880
2024-05-09T04:00:00Z,33.79,33.85,33.23,33.27,9632
2024-05-08T04:00:00Z,34.07,34.07,33.67,33.68,9908
2024-05-07T04:00:00Z,33.68,33.85,33.51,33.71,17070
2024-05-06T04:00:00Z,34.425,34.45,33.89,33.89,9801
2024-05-03T04:00:00Z,34.945,35.345,34.785,34.895,14586
2024-05-02T04:00:00Z,36.32,37.44,36.125,36.235,15948
2024-05-01T04:00:00Z,37.14,37.305,35.76,37.12,21490
2024-04-30T04:00:00Z,35.52,36.58,35.34,36.58,7208
2024-04-29T04:00:00Z,35.05,35.695,35.05,35.165,9760
2024-04-26T04:00:00Z,35.8,35.8,35.21,35.455,5168
2024-04-25T04:00:00Z,37.49,37.745,36.39,36.55,32483
2024-04-24T04:00:00Z,35.86,36.485,35.675,36.035,16405
2024-04-23T04:00:00Z,36.59,36.66,35.93,36.025,14305
2024-04-22T04:00:00Z,37.88,38.22,36.7,37.43,24352
2024-04-19T04:00:00Z,37.38,38.615,37.17,38.4,30188
2024-04-18T04:00:00Z,36.77,37.49,36.41,37.29,48527
2024-04-17T04:00:00Z,35.96,37.27,35.89,37.05,50198
2024-04-16T04:00:00Z,36.075,36.59,35.8,36.35,35353
2024-04-15T04:00:00Z,34.05,36.335,34.005,36.03,123011
2024-04-12T04:00:00Z,34.16,35.125,33.9,34.895,146599
2024-04-11T04:00:00Z,33.99,34.54,33.21,33.3,34799
2024-04-10T04:00:00Z,34.39,34.46,33.985,34.07,43106
2024-04-09T04:00:00Z,6.59,6.815,6.59,6.66,94406
2024-04-08T04:00:00Z,6.64,6.67,6.6,6.665,85916
2024-04-05T04:00:00Z,6.83,6.83,6.58,6.64,210955
2024-04-04T04:00:00Z,6.47,6.865,6.46,6.865,171238
2024-04-03T04:00:00Z,6.66,6.67,6.555,6.615,315689
2024-04-02T04:00:00Z,6.67,6.72,6.63,6.635,368126
2024-04-01T04:00:00Z,6.43,6.545,6.43,6.495,34913
2024-03-28T04:00:00Z,6.465,6.48,6.42,6.43,163543
2024-03-27T04:00:00Z,6.52,6.595,6.46,6.46,498198
2024-03-26T04:00:00Z,6.52,6.61,6.515,6.61,68730
2024-03-25T04:00:00Z,6.575,6.575,6.535,6.575,53687
2024-03-22T04:00:00Z,6.485,6.525,6.47,6.51,80912
2024-03-21T04:00:00Z,6.435,6.48,6.405,6.48,225359
2024-03-20T04:00:00Z,6.735,6.735,6.53,6.545,209999
2024-03-19T04:00:00Z,7.005,7.005,6.83,6.845,288678
2024-03-18T04:00:00Z,6.905,6.96,6.86,6.95,118415
2024-03-15T04:00:00Z,7.06,7.13,7.005,7.1,297303
2024-03-14T04:00:00Z,6.845,7.04,6.845,6.94,391121
2024-03-13T04:00:00Z,6.86,6.92,6.84,6.87,53995
2024-03-12T04:00:00Z,6.985,7.085,6.82,6.84,127701
2024-03-11T04:00:00Z,7.105,7.18,7.06,7.07,161596
2024-03-08T05:00:00Z,6.88,7.06,6.785,7.035,240137
2024-03-07T05:00:00Z,6.975,7.01,6.875,6.905,226132
2024-03-06T05:00:00Z,7.135,7.17,7.03,7.115,212678
2024-03-05T05:00:00Z,7.115,7.31,7.1,7.23,164809
2024-03-04T05:00:00Z,7.005,7.02,6.94,7.01,74286
2024-03-01T05:00:00Z,7.135,7.155,6.97,6.98,474514
2024-02-29T05:00:00Z,7.175,7.28,7.115,7.14,129910
2024-02-28T05:00:00Z,7.29,7.29,7.225,7.25,58723
2024-02-27T05:00:00Z,7.225,7.305,7.215,7.215,194420
2024-02-26T05:00:00Z,7.15,7.25,7.14,7.25,203882
2024-02-23T05:00:00Z,7.1,7.2,7.08,7.165,259059
2024-02-22T05:00:00Z,7.365,7.385,7.145,7.18,864736
2024-02-21T05:00:00Z,7.74,7.8,7.645,7.65,481825
2024-02-20T05:00:00Z,7.62,7.745,7.62,7.66,496155
2024-02-16T05:00:00Z,7.465,7.555,7.39,7.54,551536
2024-02-15T05:00:00Z,7.525,7.56,7.42,7.42,340979
2024-02-14T05:00:00Z,7.63,7.755,7.54,7.54,333010
2024-02-13T05:00:00Z,7.76,7.91,7.7,7.765,224903
2024-02-12T05:00:00Z,7.44,7.48,7.345,7.46,100317
2024-02-09T05:00:00Z,7.565,7.57,7.43,7.44,166518
2024-02-08T05:00:00Z,7.585,7.61,7.555,7.56,198717
2024-02-07T05:00:00Z,7.65,7.68,7.555,7.57,221250
2024-02-06T05:00:00Z,7.775,7.84,7.75,7.76,106156
2024-02-05T05:00:00Z,7.785,7.92,7.755,7.82,403223
2024-02-02T05:00:00Z,7.96,7.965,7.65,7.73,278947
2024-02-01T05:00:00Z,8.2,8.255,7.99,7.995,344270
2024-01-31T05:00:00Z,8.01,8.28,8,8.27,177916
2024-01-30T05:00:00Z,7.89,7.935,7.87,7.89,84726
2024-01-29T05:00:00Z,8.045,8.08,7.88,7.88,338259
2024-01-26T05:00:00Z,8.03,8.1,7.99,8.07,154945
2024-01-25T05:00:00Z,8.05,8.155,8.02,8.06,159114
2024-01-24T05:00:00Z,8.045,8.165,7.99,8.15,308026
2024-01-23T05:00:00Z,8.21,8.27,8.17,8.17,199733
2024-01-22T05:00:00Z,8.215,8.275,8.16,8.24,141402
2024-01-19T05:00:00Z,8.545,8.58,8.285,8.305,190991
2024-01-18T05:00:00Z,8.735,8.82,8.6,8.6,302628
2024-01-17T05:00:00Z,8.88,8.94,8.81,8.835,201589
2024-01-16T05:00:00Z,8.675,8.77,8.595,8.68,261644
2024-01-12T05:00:00Z,8.515,8.64,8.475,8.585,163249
2024-01-11T05:00:00Z,8.525,8.805,8.5,8.6,390153
2024-01-10T05:00:00Z,8.665,8.69,8.525,8.56,145699
2024-01-09T05:00:00Z,8.82,8.84,8.68,8.715,55905
2024-01-08T05:00:00Z,9.02,9.02,8.66,8.67,219615
2024-01-05T05:00:00Z,9.09,9.13,8.91,9.03,218524
2024-01-04T05:00:00Z,8.99,9.08,8.87,9.08,131592
2024-01-03T05:00:00Z,8.895,9.01,8.86,8.98,192307
2024-01-02T05:00:00Z,8.77,8.87,8.71,8.77,135183
2023-12-29T05:00:00Z,8.55,8.7,8.52,8.6,258557
2023-12-28T05:00:00Z,8.5,8.55,8.49,8.53,247278
2023-12-27T05:00:00Z,8.56,8.6,8.52,8.525,281021
2023-12-26T05:00:00Z,8.635,8.635,8.52,8.565,77322
2023-12-22T05:00:00Z,8.655,8.775,8.58,8.67,405332
2023-12-21T05:00:00Z,8.78,8.905,8.705,8.71,90556
2023-12-20T05:00:00Z,8.64,8.97,8.55,8.97,256037
2023-12-19T05:00:00Z,8.89,8.89,8.78,8.78,66670
2023-12-18T05:00:00Z,8.98,8.98,8.895,8.93,99199
2023-12-15T05:00:00Z,9.08,9.125,9.02,9.06,259209
2023-12-14T05:00:00Z,9,9.155,8.94,9.035,216757
2023-12-13T05:00:00Z,9.48,9.5,9.1,9.115,301839
2023-12-12T05:00:00Z,9.675,9.71,9.5,9.5,105144
2023-12-11T05:00:00Z,9.77,9.77,9.615,9.615,149865
2023-12-08T05:00:00Z,9.885,9.89,9.7,9.73,85338
2023-12-07T05:00:00Z,9.935,9.97,9.82,9.85,106007
2023-12-06T05:00:00Z,9.81,10.095,9.81,10.095,196771
2023-12-05T05:00:00Z,10.035,10.05,9.915,9.95,275316
2023-12-04T05:00:00Z,9.995,10.07,9.92,9.92,28696
2023-12-01T05:00:00Z,10,10.02,9.74,9.785,85111
2023-11-30T05:00:00Z,10.02,10.12,9.92,9.95,252614
2023-11-29T05:00:00Z,9.875,10.06,9.82,10.05,148765
2023-11-28T05:00:00Z,10.07,10.115,9.95,10.04,97657
2023-11-27T05:00:00Z,10.04,10.06,9.99,10.04,26869
2023-11-24T05:00:00Z,10.01,10.02,9.98,9.99,29736
2023-11-22T05:00:00Z,9.925,10.07,9.925,9.98,91134
2023-11-21T05:00:00Z,10.115,10.18,10.085,10.095,36921
2023-11-20T05:00:00Z,10.2,10.21,9.965,10.015,68748
2023-11-17T05:00:00Z,10.275,10.34,10.22,10.26,90258
2023-11-16T05:00:00Z,10.355,10.42,10.27,10.31,116253
2023-11-15T05:00:00Z,10.25,10.335,10.205,10.3,12561
2023-11-14T05:00:00Z,10.545,10.555,10.28,10.365,93234
2023-11-13T05:00:00Z,11.11,11.13,10.94,11.01,37120
2023-11-10T05:00:00Z,11.41,11.445,10.95,10.97,185847
2023-11-09T05:00:00Z,11.175,11.53,11.175,11.5,72754
2023-11-08T05:00:00Z,11.19,11.34,11.16,11.215,94768
2023-11-07T05:00:00Z,11.365,11.42,11.195,11.245,86047
2023-11-06T05:00:00Z,11.305,11.48,11.305,11.345,65942
2023-11-03T04:00:00Z,11.52,11.52,11.285,11.385,45680
2023-11-02T04:00:00Z,12.065,12.065,11.705,11.73,55157
2023-11-01T04:00:00Z,12.75,12.76,12.35,12.405,166747
2023-10-31T04:00:00Z,13.045,13.175,12.8,12.82,47845
2023-10-30T04:00:00Z,13.14,13.36,12.96,13.06,114322
2023-10-27T04:00:00Z,13.215,13.65,13.17,13.53,232854
2023-10-26T04:00:00Z,13,13.375,12.925,13.355,217280
2023-10-25T04:00:00Z,12.53,12.9,12.53,12.86,209913
2023-10-24T04:00:00Z,12.33,12.575,12.23,12.325,81449
2023-10-23T04:00:00Z,12.66,12.83,12.25,12.58,79968
2023-10-20T04:00:00Z,12.135,12.52,12.085,12.51,205143
2023-10-19T04:00:00Z,11.72,12.12,11.56,12.06,154036
2023-10-18T04:00:00Z,11.46,11.81,11.37,11.745,87397
2023-10-17T04:00:00Z,11.52,11.56,11.14,11.31,76785
2023-10-16T04:00:00Z,11.41,11.47,11.21,11.275,72328
2023-10-13T04:00:00Z,11.345,11.745,11.28,11.655,104770
2023-10-12T04:00:00Z,11.235,11.655,11.19,11.47,92545
2023-10-11T04:00:00Z,11.255,11.47,11.235,11.235,39986
2023-10-10T04:00:00Z,11.485,11.51,11.17,11.38,85347
2023-10-09T04:00:00Z,11.9,11.96,11.515,11.57,52126
2023-10-06T04:00:00Z,12.4,12.53,11.65,11.79,147936
2023-10-05T04:00:00Z,12.21,12.445,12.135,12.215,106166
2023-10-04T04:00:00Z,12.38,12.505,12.12,12.13,79023
2023-10-03T04:00:00Z,12.135,12.535,12.03,12.455,114119
2023-10-02T04:00:00Z,11.985,12.17,11.86,11.96,51381
2023-09-29T04:00:00Z,11.575,11.985,11.575,11.94,183529
2023-09-28T04:00:00Z,12.07,12.14,11.725,11.835,60619
2023-09-27T04:00:00Z,12,12.34,11.92,12.06,672097
2023-09-26T04:00:00Z,11.76,12.1,11.74,12.04,795010
2023-09-25T04:00:00Z,11.765,11.8,11.525,11.525,425516
2023-09-22T04:00:00Z,11.495,11.68,11.38,11.68,542236
2023-09-21T04:00:00Z,11.275,11.57,11.275,11.57,307656
2023-09-20T04:00:00Z,10.64,11.015,10.61,11.015,437917
2023-09-19T04:00:00Z,10.89,11.085,10.845,10.88,105585
2023-09-18T04:00:00Z,10.85,10.88,10.715,10.815,49448
2023-09-15T04:00:00Z,10.55,10.845,10.55,10.83,340364
2023-09-14T04:00:00Z,10.54,10.59,10.39,10.43,44822
2023-09-13T04:00:00Z,10.665,10.78,10.63,10.71,218416
2023-09-12T04:00:00Z,10.66,10.775,10.575,10.74,15831
2023-09-11T04:00:00Z,10.555,10.675,10.54,10.575,11973
2023-09-08T04:00:00Z,10.73,10.825,10.68,10.75,77428
2023-09-07T04:00:00Z,10.94,10.94,10.77,10.79,154017
2023-09-06T04:00:00Z,10.59,10.84,10.54,10.68,193491
2023-09-05T04:00:00Z,10.36,10.47,10.35,10.47,24635
2023-09-01T04:00:00Z,10.195,10.425,10.175,10.33,251427
2023-08-31T04:00:00Z,10.28,10.39,10.22,10.39,29579
2023-08-30T04:00:00Z,10.41,10.465,10.28,10.33,348341
2023-08-29T04:00:00Z,10.87,10.87,10.42,10.44,407052
2023-08-28T04:00:00Z,10.95,11.045,10.88,10.92,335037
2023-08-25T04:00:00Z,11.215,11.48,11,11.105,246340
2023-08-24T04:00:00Z,10.75,11.33,10.74,11.29,95803
2023-08-23T04:00:00Z,11.14,11.15,10.835,10.89,318617
2023-08-22T04:00:00Z,11.03,11.28,11.03,11.23,410939
2023-08-21T04:00:00Z,11.23,11.455,11.09,11.155,51868
2023-08-18T04:00:00Z,11.59,11.59,11.29,11.375,332950
2023-08-17T04:00:00Z,10.985,11.39,10.985,11.34,230053
2023-08-16T04:00:00Z,10.885,11.095,10.77,11.095,66324
2023-08-15T04:00:00Z,10.61,10.89,10.61,10.86,89403
2023-08-14T04:00:00Z,10.72,10.74,10.5,10.5,33990
2023-08-11T04:00:00Z,10.8,10.8,10.58,10.69,214849
2023-08-10T04:00:00Z,10.4,10.68,10.25,10.62,203691
2023-08-09T04:00:00Z,10.405,10.675,10.405,10.635,79162
2023-08-08T04:00:00Z,10.505,10.635,10.38,10.395,50338
2023-08-07T04:00:00Z,10.365,10.445,10.27,10.28,77324
2023-08-04T04:00:00Z,10.285,10.57,10.12,10.55,302395
2023-08-03T04:00:00Z,10.44,10.48,10.27,10.375,117163
2023-08-02T04:00:00Z,10.095,10.33,10.08,10.28,473938
2023-08-01T04:00:00Z,9.875,9.92,9.83,9.87,72502
2023-07-31T04:00:00Z,9.785,9.885,9.785,9.83,142068
2023-07-28T04:00:00Z,9.9,9.94,9.785,9.84,114718
2023-07-27T04:00:00Z,9.69,10.17,9.675,10.11,130461
2023-07-26T04:00:00Z,9.96,10.04,9.82,9.965,184303
2023-07-25T04:00:00Z,9.975,9.975,9.83,9.905,137267
2023-07-24T04:00:00Z,10,10.07,9.935,10.01,89989
2023-07-21T04:00:00Z,10.075,10.09,10.005,10.09,6148
2023-07-20T04:00:00Z,9.93,10.14,9.92,10.1,166211
2023-07-19T04:00:00Z,9.905,9.94,9.825,9.885,188135
2023-07-18T04:00:00Z,10.21,10.21,9.92,9.96,126091
2023-07-17T04:00:00Z,10.27,10.27,10.11,10.19,55968
2023-07-14T04:00:00Z,10.2,10.31,10.16,10.31,65667
2023-07-13T04:00:00Z,10.355,10.37,10.2,10.25,157930
2023-07-12T04:00:00Z,10.475,10.57,10.4,10.525,249110
2023-07-11T04:00:00Z,10.895,10.965,10.74,10.765,133338
2023-07-10T04:00:00Z,10.99,11.105,10.98,10.99,75554
2023-07-07T04:00:00Z,10.985,11.04,10.73,11.04,278120
2023-07-06T04:00:00Z,10.99,11.11,10.905,10.93,244732
2023-07-05T04:00:00Z,10.755,10.755,10.62,10.67,94918
2023-07-03T04:00:00Z,10.7,10.7,10.605,10.605,71200
2023-06-30T04:00:00Z,10.805,10.805,10.58,10.65,176309
2023-06-29T04:00:00Z,11.2,11.2,11.02,11.04,81787
2023-06-28T04:00:00Z,11.24,11.28,11.08,11.15,334799
2023-06-27T04:00:00Z,11.465,11.465,11.11,11.155,64173
2023-06-26T04:00:00Z,11.38,11.54,11.29,11.54,113042
2023-06-23T04:00:00Z,11.405,11.43,11.24,11.34,23212
2023-06-22T04:00:00Z,11.33,11.33,11.14,11.155,48031
2023-06-21T04:00:00Z,11.18,11.26,11.08,11.22,53297
2023-06-20T04:00:00Z,11.17,11.34,11.1,11.15,245201
2023-06-16T04:00:00Z,10.74,11.03,10.74,11.03,117927
2023-06-15T04:00:00Z,11.375,11.375,10.81,10.92,220949
2023-06-14T04:00:00Z,11.32,11.53,11.165,11.34,153527
2023-06-13T04:00:00Z,11.405,11.465,11.28,11.335,66041
2023-06-12T04:00:00Z,11.82,11.84,11.555,11.565,26835
2023-06-09T04:00:00Z,11.86,11.94,11.715,11.88,136762
2023-06-08T04:00:00Z,12.14,12.185,11.89,11.915,36877
2023-06-07T04:00:00Z,11.97,12.155,11.88,12.15,215482
2023-06-06T04:00:00Z,12.15,12.15,11.95,11.99,112032
2023-06-05T04:00:00Z,11.97,12.125,11.87,12.06,366518
2023-06-02T04:00:00Z,12.295,12.33,11.92,12,95687
2023-06-01T04:00:00Z,12.96,12.98,12.42,12.56,171684
2023-05-31T04:00:00Z,12.82,13.02,12.77,12.86,559362
2023-05-30T04:00:00Z,12.48,12.785,12.45,12.7,460341
2023-05-26T04:00:00Z,13.115,13.115,12.61,12.68,332040
2023-05-25T04:00:00Z,13.185,13.365,13.03,13.16,280886
2023-05-24T04:00:00Z,13.375,13.605,13.34,13.51,423421
2023-05-23T04:00:00Z,12.94,13.235,12.85,13.19,172689
2023-05-22T04:00:00Z,12.755,12.85,12.625,12.77,149929
2023-05-19T04:00:00Z,12.63,12.865,12.59,12.78,519757
2023-05-18T04:00:00Z,13.14,13.14,12.7,12.7,232115
2023-05-17T04:00:00Z,13.37,13.495,13.015,13.1,313362
2023-05-16T04:00:00Z,13.41,13.56,13.325,13.56,256036
2023-05-15T04:00:00Z,13.37,13.55,13.3,13.325,309946
2023-05-12T04:00:00Z,13.245,13.66,13.235,13.42,578732
2023-05-11T04:00:00Z,13.37,13.55,13.33,13.35,189764
2023-05-10T04:00:00Z,13.105,13.65,13.105,13.295,529754
2023-05-09T04:00:00Z,13.45,13.455,13.35,13.435,51135
2023-05-08T04:00:00Z,13.265,13.37,13.23,13.275,119438
2023-05-05T04:00:00Z,13.66,13.66,13.165,13.295,157873
2023-05-04T04:00:00Z,13.86,14.165,13.84,14.05,212398
2023-05-03T04:00:00Z,13.38,13.75,13.17,13.73,223838
2023-05-02T04:00:00Z,13.08,13.71,13.08,13.425,187767
2023-05-01T04:00:00Z,12.97,13.02,12.83,12.97,58150
2023-04-28T04:00:00Z,13.355,13.355,12.97,12.975,155565
2023-04-27T04:00:00Z,13.855,13.88,13.27,13.285,157616
2023-04-26T04:00:00Z,13.845,14.16,13.8,14.05,50302
2023-04-25T04:00:00Z,13.485,13.925,13.47,13.925,72446
2023-04-24T04:00:00Z,13.325,13.45,13.275,13.295,73176
2023-04-21T04:00:00Z,13.355,13.505,13.32,13.33,42255
2023-04-20T04:00:00Z,13.35,13.495,13.185,13.355,70919
2023-04-19T04:00:00Z,13.285,13.29,13.03,13.105,57261
2023-04-18T04:00:00Z,13.02,13.19,12.96,13.08,56006
2023-04-17T04:00:00Z,13.24,13.39,13.12,13.12,55967
2023-04-14T04:00:00Z,13.22,13.48,13,13.25,56000
2023-04-13T04:00:00Z,13.62,13.62,13.12,13.16,28394
2023-04-12T04:00:00Z,13.32,13.735,13.29,13.735,51020
2023-04-11T04:00:00Z,13.475,13.555,13.37,13.515,75188
2023-04-10T04:00:00Z,13.84,13.85,13.545,13.545,33607
2023-04-06T04:00:00Z,13.795,13.895,13.52,13.55,47751
2023-04-05T04:00:00Z,13.635,13.86,13.61,13.68,70972
2023-04-04T04:00:00Z,13.29,13.69,13.26,13.575,107057
2023-04-03T04:00:00Z,13.465,13.585,13.31,13.345,66149
2023-03-31T04:00:00Z,13.94,13.94,13.46,13.505,110094
2023-03-30T04:00:00Z,14.03,14.21,14.005,14.1,83700
2023-03-29T04:00:00Z,14.48,14.58,14.28,14.325,70745
2023-03-28T04:00:00Z,14.945,15.13,14.875,14.945,32439
2023-03-27T04:00:00Z,14.665,14.945,14.58,14.89,72118
2023-03-24T04:00:00Z,15.42,15.645,14.94,14.965,145342
2023-03-23T04:00:00Z,14.985,15.52,14.545,15.15,78224
2023-03-22T04:00:00Z,14.585,15.235,14.21,15.235,71396
2023-03-21T04:00:00Z,14.86,15.02,14.64,14.715,45176
2023-03-20T04:00:00Z,15.6,15.67,15.22,15.3,56173
2023-03-17T04:00:00Z,15.3,15.87,15.225,15.715,54279
2023-03-16T04:00:00Z,16.345,16.345,15.165,15.175,118257
2023-03-15T04:00:00Z,16.37,16.645,15.98,16.09,243889
2023-03-14T04:00:00Z,15.845,16.29,15.48,15.65,177593
2023-03-13T04:00:00Z,16.945,17.07,15.885,16.52,568691
2023-03-10T05:00:00Z,15.82,16.6,15.575,16.425,292621
2023-03-09T05:00:00Z,14.8,15.81,14.67,15.7,394741
2023-03-08T05:00:00Z,14.94,15.14,14.81,14.89,68909
2023-03-07T05:00:00Z,14.305,15.005,14.305,14.94,56043
2023-03-06T05:00:00Z,14.215,14.32,13.97,14.28,60840
2023-03-03T05:00:00Z,14.8,14.89,14.29,14.31,90254
2023-03-02T05:00:00Z,15.62,15.635,14.92,15.055,49643
2023-03-01T05:00:00Z,15.255,15.515,15.21,15.375,30692
2023-02-28T05:00:00Z,15.055,15.15,14.86,15.15,112656
2023-02-27T05:00:00Z,14.79,15.11,14.61,15.03,38207
2023-02-24T05:00:00Z,15.255,15.425,15.07,15.16,59852
2023-02-23T05:00:00Z,14.56,15.145,14.5,14.655,93442
2023-02-22T05:00:00Z,14.78,15.05,14.6,14.945,264923
2023-02-21T05:00:00Z,14.32,14.84,14.32,14.82,59326
2023-02-17T05:00:00Z,14.11,14.28,13.955,13.99,74672
2023-02-16T05:00:00Z,13.76,13.86,13.43,13.835,61413
2023-02-15T05:00:00Z,13.635,13.71,13.325,13.325,35713
2023-02-14T05:00:00Z,13.62,13.79,13.185,13.4,142073
2023-02-13T05:00:00Z,13.81,13.81,13.38,13.41,36457
2023-02-10T05:00:00Z,14.1,14.14,13.85,13.86,55657
2023-02-09T05:00:00Z,13.27,14.055,13.255,13.955,45534
2023-02-08T05:00:00Z,13.34,13.65,13.225,13.575,131726
2023-02-07T05:00:00Z,13.78,13.9,13.03,13.145,144342
2023-02-06T05:00:00Z,13.675,13.84,13.55,13.665,53151
2023-02-03T05:00:00Z,13.505,13.505,13,13.42,215299
2023-02-02T05:00:00Z,13.19,13.35,12.87,13.015,178133
2023-02-01T05:00:00Z,14.17,14.425,13.3,13.515,114312
2023-01-31T05:00:00Z,14.61,14.63,14.04,14.04,60213
2023-01-30T05:00:00Z,14.44,14.68,14.24,14.68,130232
2023-01-27T05:00:00Z,14.34,14.34,13.875,14.125,128407
2023-01-26T05:00:00Z,14.37,14.71,14.21,14.21,115188
2023-01-25T05:00:00Z,15.18,15.405,14.685,14.72,169091
2023-01-24T05:00:00Z,14.83,14.93,14.59,14.7,116586
2023-01-23T05:00:00Z,15.08,15.19,14.42,14.625,136936
2023-01-20T05:00:00Z,15.93,16.1,15.17,15.18,133481
2023-01-19T05:00:00Z,16.01,16.22,15.8,16.07,126916
2023-01-18T05:00:00Z,14.84,15.72,14.73,15.71,108056
2023-01-17T05:00:00Z,14.89,15.05,14.735,14.995,55736
2023-01-13T05:00:00Z,15.45,15.45,14.86,14.895,94515
2023-01-12T05:00:00Z,15.09,15.56,14.91,15.055,172352
2023-01-11T05:00:00Z,15.57,15.69,15.2,15.21,87757
2023-01-10T05:00:00Z,16.18,16.32,15.79,15.805,118483
2023-01-09T05:00:00Z,15.82,16.15,15.42,16.12,132745
2023-01-06T05:00:00Z,16.85,17.24,15.965,16.125,162935
2023-01-05T05:00:00Z,16.99,17.33,16.98,17.26,187728
2023-01-04T05:00:00Z,16.785,17.18,16.435,16.715,71892
2023-01-03T05:00:00Z,16.65,17.41,16.36,17.04,160983
2022-12-30T05:00:00Z,17.09,17.355,16.875,16.875,105329
2022-12-29T05:00:00Z,17.27,17.3,16.61,16.725,59180
2022-12-28T05:00:00Z,17.01,17.66,16.75,17.62,55287
2022-12-27T05:00:00Z,16.81,17.2,16.76,17,56104
2022-12-23T05:00:00Z,17.18,17.36,16.8,16.81,32184
2022-12-22T05:00:00Z,16.79,17.83,16.75,17.085,118919
2022-12-21T05:00:00Z,16.825,16.855,16.27,16.42,172407
2022-12-20T05:00:00Z,17.355,17.53,16.97,17.17,82325
2022-12-19T05:00:00Z,16.78,17.465,16.755,17.215,155112
2022-12-16T05:00:00Z,16.57,17.08,16.4,16.73,108190
2022-12-15T05:00:00Z,15.63,16.41,15.63,16.215,192643
2022-12-14T05:00:00Z,14.84,15.41,14.41,15.08,198115
2022-12-13T05:00:00Z,13.86,15.13,13.85,14.805,416034
2022-12-12T05:00:00Z,15.68,15.79,15.16,15.17,110829
2022-12-09T05:00:00Z,15.61,15.83,15.33,15.83,88626
2022-12-08T05:00:00Z,15.655,15.765,15.35,15.465,101347
2022-12-07T05:00:00Z,15.87,15.96,15.545,15.82,112907
2022-12-06T05:00:00Z,15.095,15.99,15.045,15.72,78732
2022-12-05T05:00:00Z,14.62,15.22,14.52,15.06,45823
2022-12-02T05:00:00Z,14.73,14.75,14.2,14.295,74144
2022-12-01T05:00:00Z,14.13,14.485,13.97,14.215,70362
2022-11-30T05:00:00Z,15.635,15.865,14.305,14.305,119785
2022-11-29T05:00:00Z,15.56,15.89,15.46,15.65,183234
2022-11-28T05:00:00Z,15.22,15.66,15.045,15.575,115985
2022-11-25T05:00:00Z,14.9,14.945,14.8,14.88,84222
2022-11-23T05:00:00Z,15.17,15.18,14.8,14.87,69099
2022-11-22T05:00:00Z,15.5,15.67,15.1,15.115,222628
2022-11-21T05:00:00Z,15.72,15.95,15.635,15.73,17716
2022-11-18T05:00:00Z,15.37,15.89,15.37,15.545,36374
2022-11-17T05:00:00Z,16.22,16.24,15.74,15.825,92905
2022-11-16T05:00:00Z,15.45,15.675,15.35,15.625,58916
2022-11-15T05:00:00Z,14.87,15.665,14.8,15.305,106836
2022-11-14T05:00:00Z,15.475,15.635,15.095,15.63,51791
2022-11-11T05:00:00Z,15.59,15.83,15.185,15.265,76597
2022-11-10T05:00:00Z,16.73,17.06,15.695,15.74,91577
2022-11-09T05:00:00Z,18.06,18.86,17.9,18.815,68379
2022-11-08T05:00:00Z,17.91,18.28,17.27,17.695,92042
2022-11-07T05:00:00Z,18.31,18.61,17.92,18.015,54847
2022-11-04T04:00:00Z,18.41,19.46,18.18,18.58,89855
2022-11-03T04:00:00Z,19.33,19.64,18.88,19.3,44041
2022-11-02T04:00:00Z,17.5,18.72,16.87,18.72,194438
2022-11-01T04:00:00Z,16.755,17.55,16.685,17.39,94705
2022-10-31T04:00:00Z,17.15,17.295,16.91,17.18,85774
2022-10-28T04:00:00Z,18.11,18.11,16.75,16.815,158740
2022-10-27T04:00:00Z,17.64,18.19,17.51,18.14,77502
2022-10-26T04:00:00Z,17.745,17.855,17.07,17.835,87544
2022-10-25T04:00:00Z,18.3,18.3,17.37,17.395,288716
2022-10-24T04:00:00Z,18.835,19.04,18.1,18.33,95417
2022-10-21T04:00:00Z,20.52,20.585,18.895,18.97,114924
2022-10-20T04:00:00Z,19.98,20.565,19.31,20.37,67838
2022-10-19T04:00:00Z,19.78,20.355,19.44,19.94,87469
2022-10-18T04:00:00Z,18.84,20.085,18.835,19.55,113992
2022-10-17T04:00:00Z,20.67,20.67,20.05,20.23,61523
2022-10-14T04:00:00Z,20.19,22.02,19.81,22.02,70873
2022-10-13T04:00:00Z,23.66,23.82,20.23,20.51,156840
2022-10-12T04:00:00Z,21.97,22.22,21.73,22.22,81019
2022-10-11T04:00:00Z,21.92,22.375,21.14,22.045,67366
2022-10-10T04:00:00Z,20.915,22,20.91,21.49,50177
2022-10-07T04:00:00Z,20.19,21.395,20.19,21.1,60616
2022-10-06T04:00:00Z,18.945,19.56,18.68,19.49,104174
2022-10-05T04:00:00Z,19.415,19.77,18.6,18.96,73883
2022-10-04T04:00:00Z,19.56,19.56,18.77,18.8,44009
2022-10-03T04:00:00Z,21.915,21.915,20.31,20.69,51523
2022-09-30T04:00:00Z,21.67,22.4,20.93,22.39,55585
2022-09-29T04:00:00Z,20.88,21.93,20.88,21.36,80963
2022-09-28T04:00:00Z,21.39,21.46,19.85,20.11,101046
2022-09-27T04:00:00Z,20.59,21.765,20.26,21.415,92048
2022-09-26T04:00:00Z,20.65,21.45,20.27,21.26,48748
2022-09-23T04:00:00Z,20.21,21.32,20.205,20.61,138827
2022-09-22T04:00:00Z,19.265,19.735,19.145,19.5,71474
2022-09-21T04:00:00Z,17.82,19.04,17.45,19.04,210399
2022-09-20T04:00:00Z,18.02,18.54,17.92,18.16,102751
2022-09-19T04:00:00Z,18.385,18.385,17.57,17.61,91963
2022-09-16T04:00:00Z,18.11,18.405,17.89,17.91,47487
2022-09-15T04:00:00Z,17.185,17.705,16.87,17.55,149400
2022-09-14T04:00:00Z,17.005,17.41,16.77,16.95,79243
2022-09-13T04:00:00Z,16.2,17.28,16.1,17.16,131689
2022-09-12T04:00:00Z,15.425,15.45,15.1,15.195,69392
2022-09-09T04:00:00Z,16.09,16.14,15.57,15.675,79229
2022-09-08T04:00:00Z,17.19,17.21,16.395,16.48,179991
2022-09-07T04:00:00Z,17.72,17.75,16.675,16.785,59108
2022-09-06T04:00:00Z,17.335,18.02,17.29,17.76,75969
2022-09-02T04:00:00Z,16.55,17.74,16.37,17.525,56352
2022-09-01T04:00:00Z,17.445,17.785,16.99,16.99,93208
2022-08-31T04:00:00Z,16.59,17.12,16.37,17.12,99592
2022-08-30T04:00:00Z,16.13,16.95,16.13,16.855,113835
2022-08-29T04:00:00Z,16.315,16.365,15.84,16.21,111117
2022-08-26T04:00:00Z,14.46,15.88,14.37,15.88,107525
2022-08-25T04:00:00Z,14.96,14.96,14.44,14.44,127936
2022-08-24T04:00:00Z,15.235,15.25,14.88,14.99,81812
2022-08-23T04:00:00Z,15.04,15.23,14.84,15.17,265965
2022-08-22T04:00:00Z,14.69,15.155,14.69,15.065,177120
2022-08-19T04:00:00Z,13.89,14.25,13.88,14.15,175692
2022-08-18T04:00:00Z,13.735,13.84,13.56,13.67,148646
2022-08-17T04:00:00Z,13.75,13.92,13.47,13.73,180180
2022-08-16T04:00:00Z,13.56,13.69,13.25,13.425,163644
2022-08-15T04:00:00Z,13.87,13.87,13.48,13.53,69839
2022-08-12T04:00:00Z,14.2,14.26,13.68,13.7,115815
2022-08-11T04:00:00Z,14.1,14.48,13.925,14.445,167141
2022-08-10T04:00:00Z,14.57,14.75,14.39,14.43,155488
2022-08-09T04:00:00Z,15.275,15.48,15.23,15.375,51056
2022-08-08T04:00:00Z,14.94,15.31,14.685,15.165,119358
2022-08-05T04:00:00Z,15.45,15.46,15.08,15.15,78751
2022-08-04T04:00:00Z,15.02,15.22,14.97,15.075,78617
2022-08-03T04:00:00Z,15.47,15.48,14.885,15.01,167203
2022-08-02T04:00:00Z,15.59,15.85,15.205,15.75,131337
2022-08-01T04:00:00Z,15.675,15.69,15.16,15.46,111393
2022-07-29T04:00:00Z,15.79,15.895,15.19,15.295,107278
2022-07-28T04:00:00Z,16.42,16.97,15.93,15.99,161823
2022-07-27T04:00:00Z,17.575,17.575,16.375,16.595,157488
2022-07-26T04:00:00Z,17.715,18.13,17.655,18.01,30157
2022-07-25T04:00:00Z,17.58,17.7,17.315,17.405,85669
2022-07-22T04:00:00Z,16.995,17.75,16.81,17.49,127414
2022-07-21T04:00:00Z,17.585,17.905,17,17,83873
2022-07-20T04:00:00Z,17.8,17.98,17.32,17.49,157613
2022-07-19T04:00:00Z,18.84,18.84,17.795,17.805,118299
2022-07-18T04:00:00Z,18.45,19.56,18.39,19.42,60308
2022-07-15T04:00:00Z,19.32,19.69,18.945,18.945,140917
2022-07-14T04:00:00Z,20.685,21.135,20.02,20.11,305798
2022-07-13T04:00:00Z,20.4,20.595,19.51,19.82,332050
2022-07-12T04:00:00Z,19.06,19.9,18.85,19.65,387148
2022-07-11T04:00:00Z,18.795,19.22,18.78,19.15,88113
2022-07-08T04:00:00Z,18.66,18.91,18.22,18.495,115162
2022-07-07T04:00:00Z,18.9,18.95,18.32,18.45,180546
2022-07-06T04:00:00Z,19.34,19.86,18.935,19.305,553766
2022-07-05T04:00:00Z,20.38,20.845,19.55,19.55,949526
2022-07-01T04:00:00Z,20.365,20.78,19.56,19.65,122797
2022-06-30T04:00:00Z,20.43,20.94,19.74,20.39,132553
2022-06-29T04:00:00Z,19.81,20.04,19.46,19.7,88212
2022-06-28T04:00:00Z,18.32,19.71,17.95,19.685,84803
2022-06-27T04:00:00Z,18.36,18.715,18.21,18.59,81793
2022-06-24T04:00:00Z,19.68,19.69,18.48,18.49,487300
2022-06-23T04:00:00Z,20.39,21.1,20.155,20.22,251983
2022-06-22T04:00:00Z,21.41,21.41,20.17,20.79,117523
2022-06-21T04:00:00Z,21.32,21.32,20.5,20.79,114348
2022-06-17T04:00:00Z,22.52,23.02,21.89,22.42,119295
2022-06-16T04:00:00Z,21.94,22.99,21.94,22.61,128902
2022-06-15T04:00:00Z,20.845,21.64,19.73,20.55,151890
2022-06-14T04:00:00Z,20.95,21.995,20.75,21.47,135228
2022-06-13T04:00:00Z,20.55,21.505,20.27,21.23,237034
2022-06-10T04:00:00Z,18.43,19.075,18.38,19.01,115736
2022-06-09T04:00:00Z,16.61,17.535,16.35,17.53,90162
2022-06-08T04:00:00Z,16.17,16.45,15.87,16.405,64173
2022-06-07T04:00:00Z,16.77,16.77,15.81,15.86,81750
2022-06-06T04:00:00Z,15.95,16.43,15.775,16.325,53327
2022-06-03T04:00:00Z,16.27,16.59,16.1,16.49,131920
2022-06-02T04:00:00Z,16.68,16.95,15.71,15.71,67638
2022-06-01T04:00:00Z,15.97,16.95,15.89,16.59,109914
2022-05-31T04:00:00Z,16.17,16.58,15.85,16.27,167013
2022-05-27T04:00:00Z,16.89,16.89,16.03,16.03,139925
2022-05-26T04:00:00Z,18.12,18.12,17.02,17.265,79806
2022-05-25T04:00:00Z,19.1,19.13,18.07,18.37,123940
2022-05-24T04:00:00Z,19,19.8,18.7,18.9,163047
2022-05-23T04:00:00Z,19.03,19.34,18.32,18.44,128572
2022-05-20T04:00:00Z,18.95,20.865,18.93,19.54,196880
2022-05-19T04:00:00Z,19.67,19.87,18.915,19.54,175514
2022-05-18T04:00:00Z,17.75,19.335,17.73,19.22,239069
2022-05-17T04:00:00Z,17.45,17.89,17.13,17.17,138219
2022-05-16T04:00:00Z,18.23,18.56,17.74,18.28,117384
2022-05-13T04:00:00Z,18.69,18.87,17.825,18.065,67988
2022-05-12T04:00:00Z,19.86,20.47,18.91,19.435,190268
2022-05-11T04:00:00Z,18.61,19.44,17.8,19.37,203534
2022-05-10T04:00:00Z,17.69,19.06,17.49,18.44,211294
2022-05-09T04:00:00Z,17.73,18.78,17.67,18.57,164872
2022-05-06T04:00:00Z,17.03,17.63,16.58,16.98,177060
2022-05-05T04:00:00Z,15.55,17.125,15.55,16.73,195848
2022-05-04T04:00:00Z,16.53,16.83,15.01,15.07,222971
2022-05-03T04:00:00Z,16.7,16.9,16.27,16.565,96308
2022-05-02T04:00:00Z,17.1,17.96,16.64,16.82,254299
2022-04-29T04:00:00Z,15.845,17.175,15.62,17.15,181818
2022-04-28T04:00:00Z,15.975,16.53,15.17,15.44,144802
2022-04-27T04:00:00Z,16.65,16.91,15.98,16.6,313150
2022-04-26T04:00:00Z,15.77,16.73,15.765,16.72,270477
2022-04-25T04:00:00Z,16,16.51,15.43,15.49,263141
2022-04-22T04:00:00Z,14.68,15.755,14.68,15.75,166848
2022-04-21T04:00:00Z,13.51,14.56,13.42,14.49,154339
2022-04-20T04:00:00Z,13.68,13.97,13.67,13.895,141857
2022-04-19T04:00:00Z,14.585,14.585,13.8,13.85,85518
2022-04-18T04:00:00Z,14.53,14.775,14.4,14.62,73022
2022-04-14T04:00:00Z,14.02,14.58,13.93,14.58,79650
2022-04-13T04:00:00Z,14.48,14.56,13.99,14.075,128020
2022-04-12T04:00:00Z,14.15,14.71,13.86,14.54,111409
2022-04-11T04:00:00Z,14.005,14.445,14,14.4,78188
2022-04-08T04:00:00Z,13.65,13.84,13.44,13.74,58818
2022-04-07T04:00:00Z,13.9,14.075,13.42,13.6,87726
2022-04-06T04:00:00Z,13.71,14.045,13.6,13.8,148025
2022-04-05T04:00:00Z,12.98,13.485,12.82,13.43,196643
2022-04-04T04:00:00Z,13.21,13.25,12.91,12.91,65186
2022-04-01T04:00:00Z,13.26,13.56,13.23,13.245,76317
2022-03-31T04:00:00Z,12.83,13.35,12.77,13.35,434928
2022-03-30T04:00:00Z,12.61,12.945,12.58,12.82,67582
2022-03-29T04:00:00Z,12.6,12.885,12.495,12.565,156275
2022-03-28T04:00:00Z,13.34,13.525,13.03,13.03,73543
2022-03-25T04:00:00Z,13.44,13.68,13.285,13.345,70435
2022-03-24T04:00:00Z,14,14.03,13.56,13.56,126119
2022-03-23T04:00:00Z,13.85,14.1,13.71,14.1,132767
2022-03-22T04:00:00Z,13.92,13.95,13.54,13.63,67526
2022-03-21T04:00:00Z,14.1,14.45,13.92,14.11,197061
2022-03-18T04:00:00Z,14.74,14.78,14.07,14.13,147667
2022-03-17T04:00:00Z,15.35,15.35,14.58,14.58,120346
2022-03-16T04:00:00Z,15.79,16.37,15.225,15.225,244352
2022-03-15T04:00:00Z,17.025,17.18,16.15,16.25,161533
2022-03-14T04:00:00Z,16.89,17.51,16.46,17.39,164283
2022-03-11T05:00:00Z,16.13,16.99,16.08,16.99,108819
2022-03-10T05:00:00Z,16.715,16.93,16.29,16.365,78532
2022-03-09T05:00:00Z,16.43,16.7,15.955,16.185,197787
2022-03-08T05:00:00Z,17.17,17.7,16.23,17.505,348079
2022-03-07T05:00:00Z,15.83,17.16,15.83,17.145,188408
2022-03-04T05:00:00Z,15.85,16.22,15.67,15.76,134370
2022-03-03T05:00:00Z,14.92,15.58,14.88,15.425,149239
2022-03-02T05:00:00Z,15.73,15.875,15,15.165,157932
2022-03-01T05:00:00Z,15.455,16.34,15.345,16.05,174728
2022-02-28T05:00:00Z,15.75,15.95,15.24,15.35,275740
2022-02-25T05:00:00Z,16.215,16.37,15.255,15.26,207034
2022-02-24T05:00:00Z,18.25,18.33,16.285,16.37,372686
2022-02-23T05:00:00Z,15.885,17.155,15.845,17.135,134597
2022-02-22T05:00:00Z,16.065,16.625,15.61,16.305,129275
2022-02-18T05:00:00Z,15.395,15.96,15.3,15.77,107829
2022-02-17T05:00:00Z,14.825,15.485,14.78,15.435,64359
2022-02-16T05:00:00Z,14.75,14.935,14.4,14.495,80407
2022-02-15T05:00:00Z,14.8,14.835,14.535,14.625,101674
2022-02-14T05:00:00Z,15.17,15.65,15.03,15.31,181032
2022-02-11T05:00:00Z,14.265,15.28,14.17,15.06,181276
2022-02-10T05:00:00Z,13.98,14.48,13.555,14.27,316636
2022-02-09T05:00:00Z,13.765,13.775,13.56,13.585,250735
2022-02-08T05:00:00Z,14.605,14.725,14.15,14.19,70526
2022-02-07T05:00:00Z,14.385,14.66,14.195,14.66,45500
2022-02-04T05:00:00Z,14.655,14.875,14.025,14.375,141178
2022-02-03T05:00:00Z,14.24,14.66,14.08,14.655,145134
2022-02-02T05:00:00Z,13.865,14.05,13.61,13.63,199496
2022-02-01T05:00:00Z,14.265,14.55,14.015,14.04,107302
2022-01-31T05:00:00Z,15.225,15.225,14.335,14.335,247623
2022-01-28T05:00:00Z,16.2,16.785,15.195,15.195,116572
2022-01-27T05:00:00Z,15.6,16.6,15.28,16.38,248927
2022-01-26T05:00:00Z,15.55,16.66,15,16.16,195604
2022-01-25T05:00:00Z,16.15,16.8,15.5,16.075,168568
2022-01-24T05:00:00Z,16.445,17.505,15.435,15.475,504781
2022-01-21T05:00:00Z,14.975,15.66,14.7,15.625,308475
2022-01-20T05:00:00Z,14.045,14.845,13.68,14.795,99718
2022-01-19T05:00:00Z,13.75,14.325,13.63,14.325,105777
2022-01-18T05:00:00Z,13.605,13.965,13.605,13.915,120845
2022-01-14T05:00:00Z,13.495,13.6,13.185,13.185,79053
2022-01-13T05:00:00Z,12.59,13.295,12.55,13.27,194092
2022-01-12T05:00:00Z,12.64,12.85,12.52,12.71,42429
2022-01-11T05:00:00Z,13.18,13.415,12.805,12.815,207599
2022-01-10T05:00:00Z,13.455,13.89,13.145,13.145,146738
2022-01-07T05:00:00Z,12.94,13.22,12.845,13.115,192293
2022-01-06T05:00:00Z,12.96,13.135,12.76,12.955,198780
2022-01-05T05:00:00Z,12.23,12.835,12.19,12.81,182350
2022-01-04T05:00:00Z,12.045,12.335,12.045,12.2,59906
2022-01-03T05:00:00Z,12.3,12.44,12.205,12.22,46850
2021-12-31T05:00:00Z,12.28,12.425,12.28,12.425,16739
2021-12-30T05:00:00Z,12.115,12.355,12.115,12.355,29477
2021-12-29T05:00:00Z,12.245,12.34,12.15,12.165,41080
2021-12-28T05:00:00Z,12.205,12.33,12.16,12.285,77236
2021-12-27T05:00:00Z,12.665,12.665,12.25,12.255,341894
2021-12-23T05:00:00Z,12.935,12.945,12.66,12.775,214678
2021-12-22T05:00:00Z,13.445,13.445,13.015,13.02,118573
2021-12-21T05:00:00Z,13.835,14.035,13.435,13.435,143267
2021-12-20T05:00:00Z,14.235,14.525,14.155,14.19,260254
2021-12-17T05:00:00Z,13.58,13.895,13.35,13.69,93363
2021-12-16T05:00:00Z,12.815,13.455,12.8,13.305,258481
2021-12-15T05:00:00Z,13.695,13.84,12.995,12.995,178451
2021-12-14T05:00:00Z,13.65,13.87,13.47,13.69,112486
2021-12-13T05:00:00Z,13.03,13.36,13.03,13.36,131853
2021-12-10T05:00:00Z,13.13,13.34,12.985,12.985,70658
2021-12-09T05:00:00Z,13.24,13.365,13.16,13.365,106316
2021-12-08T05:00:00Z,13.2,13.32,13.07,13.09,60937
2021-12-07T05:00:00Z,13.565,13.57,13.17,13.235,106491
2021-12-06T05:00:00Z,14.345,14.595,13.905,14.105,175081
2021-12-03T05:00:00Z,14.06,15.015,14.01,14.615,291539
2021-12-02T05:00:00Z,14.825,14.91,14.085,14.315,354294
2021-12-01T05:00:00Z,13.92,14.915,13.595,14.915,223758
2021-11-30T05:00:00Z,13.89,14.46,13.72,14.375,146531
2021-11-29T05:00:00Z,13.695,13.9,13.475,13.635,127739
2021-11-26T05:00:00Z,13.88,14.27,13.81,14.16,192586
2021-11-24T05:00:00Z,13.57,13.64,13.285,13.285,56996
2021-11-23T05:00:00Z,13.44,13.705,13.355,13.395,100776
2021-11-22T05:00:00Z,13.155,13.455,12.945,13.455,81858
2021-11-19T05:00:00Z,13.31,13.35,13.17,13.32,236579
2021-11-18T05:00:00Z,13.34,13.515,13.245,13.28,116405
2021-11-17T05:00:00Z,13.39,13.45,13.345,13.405,104878
2021-11-16T05:00:00Z,13.425,13.425,13.205,13.315,81940
2021-11-15T05:00:00Z,13.38,13.52,13.375,13.52,7324
2021-11-12T05:00:00Z,13.74,13.74,13.43,13.475,80754
2021-11-11T05:00:00Z,13.69,13.785,13.67,13.78,40841
2021-11-10T05:00:00Z,13.595,13.905,13.485,13.79,93566
2021-11-09T05:00:00Z,13.315,13.585,13.315,13.485,105720
2021-11-08T05:00:00Z,13.26,13.4,13.26,13.34,29926
2021-11-05T04:00:00Z,13.32,13.495,13.225,13.38,258782
2021-11-04T04:00:00Z,13.66,13.68,13.52,13.535,129045
2021-11-03T04:00:00Z,14.02,14.05,13.695,13.71,45829
2021-11-02T04:00:00Z,14.11,14.11,13.95,14,19249
2021-11-01T04:00:00Z,14.135,14.3,14.125,14.125,33842
2021-10-29T04:00:00Z,14.515,14.515,14.195,14.24,63530
2021-10-28T04:00:00Z,14.58,14.58,14.305,14.305,69470
2021-10-27T04:00:00Z,14.49,14.725,14.43,14.725,119023
2021-10-26T04:00:00Z,14.43,14.57,14.31,14.52,60801
2021-10-25T04:00:00Z,14.815,14.83,14.545,14.625,23706
2021-10-22T04:00:00Z,14.78,15.01,14.7,14.815,72340
2021-10-21T04:00:00Z,14.97,14.99,14.78,14.78,20013
2021-10-20T04:00:00Z,15.01,15.01,14.87,14.945,49702
2021-10-19T04:00:00Z,15.26,15.295,15.07,15.08,73057
2021-10-18T04:00:00Z,15.81,15.82,15.405,15.415,57814
2021-10-15T04:00:00Z,15.66,15.73,15.525,15.565,91535
2021-10-14T04:00:00Z,16.3,16.335,15.92,15.92,118666
2021-10-13T04:00:00Z,16.825,17.18,16.69,16.805,79549
2021-10-12T04:00:00Z,16.7,17.035,16.7,16.945,99156
2021-10-11T04:00:00Z,16.54,16.83,16.225,16.83,52892
2021-10-08T04:00:00Z,16.32,16.54,16.285,16.46,51922
2021-10-07T04:00:00Z,16.41,16.435,16.075,16.405,69046
2021-10-06T04:00:00Z,17.5,17.68,16.805,16.81,225931
2021-10-05T04:00:00Z,17.35,17.445,16.755,17.055,47727
2021-10-04T04:00:00Z,17.08,17.835,17.035,17.595,129959
2021-10-01T04:00:00Z,17.32,17.79,16.73,16.995,121846
2021-09-30T04:00:00Z,16.82,17.545,16.685,17.54,78463
2021-09-29T04:00:00Z,16.86,17,16.65,16.96,61739
2021-09-28T04:00:00Z,16.365,17.08,16.365,17.025,125832
2021-09-27T04:00:00Z,16.035,16.095,15.925,16.05,35980
2021-09-24T04:00:00Z,16.16,16.16,15.84,15.9,98242
2021-09-23T04:00:00Z,16.255,16.255,15.81,15.985,82416
2021-09-22T04:00:00Z,16.86,16.895,16.35,16.605,55923
2021-09-21T04:00:00Z,16.74,17.15,16.68,17.085,88285
2021-09-20T04:00:00Z,16.955,17.615,16.83,17.035,95419
2021-09-17T04:00:00Z,15.97,16.28,15.97,16.215,93383
2021-09-16T04:00:00Z,15.745,16.095,15.68,15.785,21271
2021-09-15T04:00:00Z,16.08,16.175,15.655,15.725,41792
2021-09-14T04:00:00Z,15.695,16.2,15.695,16.125,80372
2021-09-13T04:00:00Z,15.67,16.1,15.67,15.89,68222
2021-09-10T04:00:00Z,15.435,15.985,15.435,15.985,62770
2021-09-09T04:00:00Z,15.425,15.62,15.25,15.62,47559
2021-09-08T04:00:00Z,15.415,15.6,15.395,15.415,45722
2021-09-07T04:00:00Z,15.295,15.42,15.265,15.345,54826
2021-09-03T04:00:00Z,15.265,15.265,15.145,15.195,39427
2021-09-02T04:00:00Z,15.135,15.3,15.135,15.195,12429
2021-09-01T04:00:00Z,15.255,15.34,15.195,15.34,68453
2021-08-31T04:00:00Z,15.34,15.39,15.255,15.325,42426
2021-08-30T04:00:00Z,15.385,15.43,15.195,15.285,44511
2021-08-27T04:00:00Z,15.775,15.775,15.45,15.48,75005
2021-08-26T04:00:00Z,15.675,15.91,15.65,15.905,29066
2021-08-25T04:00:00Z,15.71,15.75,15.6,15.625,20585
2021-08-24T04:00:00Z,15.765,15.775,15.68,15.74,20093
2021-08-23T04:00:00Z,16.01,16.01,15.71,15.815,67022
2021-08-20T04:00:00Z,16.59,16.63,16.21,16.24,42118
2021-08-19T04:00:00Z,17.065,17.065,16.51,16.67,47062
2021-08-18T04:00:00Z,16.31,16.74,16.14,16.74,89490
2021-08-17T04:00:00Z,16.18,16.485,16.105,16.2,108102
2021-08-16T04:00:00Z,16.13,16.28,15.865,15.865,49598
2021-08-13T04:00:00Z,16.045,16.065,16.005,16.005,44986
2021-08-12T04:00:00Z,16.285,16.3,16.065,16.075,31764
2021-08-11T04:00:00Z,16.275,16.345,16.225,16.24,9921
2021-08-10T04:00:00Z,16.375,16.395,16.265,16.36,22546
2021-08-09T04:00:00Z,16.37,16.48,16.34,16.41,29316
2021-08-06T04:00:00Z,16.36,16.43,16.32,16.355,51746
2021-08-05T04:00:00Z,16.605,16.605,16.465,16.47,22733
2021-08-04T04:00:00Z,16.69,16.78,16.63,16.74,11751
2021-08-03T04:00:00Z,16.84,17.075,16.535,16.535,42577
2021-08-02T04:00:00Z,16.615,16.965,16.56,16.955,29105
2021-07-30T04:00:00Z,16.86,16.91,16.68,16.845,40617
2021-07-29T04:00:00Z,16.575,16.61,16.48,16.58,49525
2021-07-28T04:00:00Z,16.705,16.95,16.64,16.765,63675
2021-07-27T04:00:00Z,16.77,17.11,16.73,16.795,78651
2021-07-26T04:00:00Z,16.71,16.735,16.565,16.575,36313
2021-07-23T04:00:00Z,16.97,17.04,16.645,16.685,75244
2021-07-22T04:00:00Z,17.265,17.415,17.185,17.215,68778
2021-07-21T04:00:00Z,17.435,17.51,17.315,17.32,65519
2021-07-20T04:00:00Z,18.425,18.47,17.58,17.74,76590
2021-07-19T04:00:00Z,18.42,18.915,18.365,18.635,127105
2021-07-16T04:00:00Z,17.22,17.805,17.22,17.765,114631
2021-07-15T04:00:00Z,17.43,17.575,17.275,17.38,35905
2021-07-14T04:00:00Z,17.05,17.315,17.045,17.2,38738
2021-07-13T04:00:00Z,17.125,17.26,17,17.24,31924
2021-07-12T04:00:00Z,17.285,17.285,17.065,17.085,48446
2021-07-09T04:00:00Z,17.64,17.64,17.24,17.285,74107
2021-07-08T04:00:00Z,18.12,18.225,17.765,17.895,67025
2021-07-07T04:00:00Z,17.475,17.76,17.385,17.44,33226
2021-07-06T04:00:00Z,17.515,17.915,17.515,17.61,36307
2021-07-02T04:00:00Z,17.79,17.795,17.475,17.515,44272
2021-07-01T04:00:00Z,18.11,18.11,17.93,17.945,27684
2021-06-30T04:00:00Z,18.335,18.335,18.145,18.17,11259
2021-06-29T04:00:00Z,18.185,18.33,18.165,18.265,20057
2021-06-28T04:00:00Z,18.42,18.5,18.28,18.3,11343
2021-06-25T04:00:00Z,18.515,18.545,18.39,18.41,16953
2021-06-24T04:00:00Z,18.625,18.64,18.555,18.615,19034
2021-06-23T04:00:00Z,18.86,18.95,18.765,18.95,37882
2021-06-22T04:00:00Z,19.21,19.25,18.77,18.885,40269
2021-06-21T04:00:00Z,19.805,19.87,19.165,19.165,50437
2021-06-18T04:00:00Z,19.73,20.055,19.68,20.055,41314
2021-06-17T04:00:00Z,19.26,19.625,19.14,19.255,24977
2021-06-16T04:00:00Z,18.94,19.53,18.935,19.235,35157
2021-06-15T04:00:00Z,18.815,19.025,18.815,18.965,7426
2021-06-14T04:00:00Z,19.03,19.11,18.87,18.87,16035
2021-06-11T04:00:00Z,18.96,19.14,18.96,19.02,27079
2021-06-10T04:00:00Z,19.075,19.255,18.925,19.055,34764
2021-06-09T04:00:00Z,19.115,19.32,19.115,19.305,17463
2021-06-08T04:00:00Z,19.115,19.46,19.115,19.23,27864
2021-06-07T04:00:00Z,19.19,19.38,19.19,19.23,29316
2021-06-04T04:00:00Z,19.45,19.45,19.165,19.215,23180
2021-06-03T04:00:00Z,19.835,20.085,19.58,19.71,25696
2021-06-02T04:00:00Z,19.58,19.65,19.42,19.53,62490
2021-06-01T04:00:00Z,19.29,19.68,19.29,19.635,10315
2021-05-28T04:00:00Z,19.475,19.595,19.4,19.595,15116
2021-05-27T04:00:00Z,19.505,19.68,19.48,19.585,12994
2021-05-26T04:00:00Z,19.73,19.885,19.67,19.745,29091
2021-05-25T04:00:00Z,19.5,19.9,19.5,19.855,47469
2021-05-24T04:00:00Z,19.92,19.945,19.54,19.7,54111
2021-05-21T04:00:00Z,19.99,20.345,19.85,20.325,31949
2021-05-20T04:00:00Z,20.7,20.7,20.135,20.31,28599
2021-05-19T04:00:00Z,21.61,21.765,20.965,20.965,91505
2021-05-18T04:00:00Z,20.195,20.775,20.19,20.775,27488
2021-05-17T04:00:00Z,20.21,20.54,20.21,20.25,37627
2021-05-14T04:00:00Z,20.58,20.58,19.98,20.07,52118
2021-05-13T04:00:00Z,21.575,21.575,20.765,21.025,71761
2021-05-12T04:00:00Z,20.94,21.92,20.82,21.81,102570
2021-05-11T04:00:00Z,20.725,21.06,20.41,20.53,98616
2021-05-10T04:00:00Z,19.39,20.01,19.38,20.01,57427
2021-05-07T04:00:00Z,19.85,19.85,19.355,19.41,56934
2021-05-06T04:00:00Z,20.43,20.59,19.915,19.915,66588
2021-05-05T04:00:00Z,20.185,20.415,20.09,20.395,23710
2021-05-04T04:00:00Z,20.33,20.935,20.32,20.455,57320
2021-05-03T04:00:00Z,19.87,20.08,19.79,20.03,42366
2021-04-30T04:00:00Z,20.13,20.25,20,20.215,36706
2021-04-29T04:00:00Z,19.75,20.265,19.705,19.785,54540
2021-04-28T04:00:00Z,20.085,20.21,19.915,20.18,29892
2021-04-27T04:00:00Z,20.12,20.255,20.045,20.105,42657
2021-04-26T04:00:00Z,20.135,20.175,20.03,20.125,35022
2021-04-23T04:00:00Z,20.765,20.785,20.03,20.225,39674
2021-04-22T04:00:00Z,20.42,21.07,20.27,20.945,77138
2021-04-21T04:00:00Z,21.075,21.075,20.34,20.36,20275
2021-04-20T04:00:00Z,20.69,21.165,20.625,20.93,82139
2021-04-19T04:00:00Z,20.355,20.66,20.305,20.56,40338
2021-04-16T04:00:00Z,20.24,20.395,20.15,20.21,26984
2021-04-15T04:00:00Z,20.74,20.74,20.4,20.435,36992
2021-04-14T04:00:00Z,20.87,21.18,20.73,21.17,27161
2021-04-13T04:00:00Z,21.085,21.085,20.795,20.89,4967
2021-04-12T04:00:00Z,21.2,21.26,21.065,21.075,14199
2021-04-09T04:00:00Z,21.6,21.6,21.1,21.1,20471
2021-04-08T04:00:00Z,21.69,21.8,21.585,21.61,10447
2021-04-07T04:00:00Z,21.925,22.06,21.83,21.89,28440
2021-04-06T04:00:00Z,22,22.06,21.78,22.01,40927
2021-04-05T04:00:00Z,22.29,22.325,21.83,21.89,112908
2021-04-01T04:00:00Z,23.295,23.315,22.92,22.92,33469
2021-03-31T04:00:00Z,23.85,23.85,23.415,23.7,37995
2021-03-30T04:00:00Z,24.01,24.26,23.88,24.12,52426
2021-03-29T04:00:00Z,23.965,24.29,23.65,23.885,63673
2021-03-26T04:00:00Z,24.72,24.815,23.8,23.8,48213
2021-03-25T04:00:00Z,25.7,26.08,24.815,24.925,57979
2021-03-24T04:00:00Z,24.72,25.35,24.44,25.335,20514
2021-03-23T04:00:00Z,24.615,25.135,24.28,25.065,18155
2021-03-22T04:00:00Z,24.91,24.91,24.18,24.43,29232
2021-03-19T04:00:00Z,24.96,25.415,24.67,24.985,32639
2021-03-18T04:00:00Z,24.28,24.975,23.98,24.845,15927
2021-03-17T04:00:00Z,24.345,24.54,23.725,23.925,38623
2021-03-16T04:00:00Z,23.95,24.185,23.76,24.07,17389
2021-03-15T04:00:00Z,24.34,24.775,23.94,23.985,15305
2021-03-12T05:00:00Z,24.81,24.925,24.43,24.44,32921
2021-03-11T05:00:00Z,24.795,24.885,24.165,24.545,30449
2021-03-10T05:00:00Z,25.285,25.59,24.98,25.13,53928
2021-03-09T05:00:00Z,26.06,26.12,25.22,25.76,47877
2021-03-08T05:00:00Z,26.62,26.905,25.78,26.905,45231
2021-03-05T05:00:00Z,27.265,29.02,26.34,26.525,115501
2021-03-04T05:00:00Z,26.99,29.15,26.57,28.225,139719
2021-03-03T05:00:00Z,26.21,27.095,26.07,27.095,66144
2021-03-02T05:00:00Z,25.46,26.05,25.46,26.015,81632
2021-03-01T05:00:00Z,26.21,26.34,25.205,25.5,40633
2021-02-26T05:00:00Z,26.77,27.9,26.39,27.355,88432
2021-02-25T05:00:00Z,25.35,27.35,25.26,27,73509
2021-02-24T05:00:00Z,26.29,26.54,25.165,25.175,45326
2021-02-23T05:00:00Z,26.77,27.5,25.82,26.055,67717
2021-02-22T05:00:00Z,26.14,26.22,25.72,26.2,22566
2021-02-19T05:00:00Z,25.29,25.685,25.17,25.64,38378
2021-02-18T05:00:00Z,25.77,26.01,25.345,25.475,52236
2021-02-17T05:00:00Z,25.55,25.71,25.12,25.155,42525
2021-02-16T05:00:00Z,24.88,25.3,24.835,25.13,36785
2021-02-12T05:00:00Z,25.62,25.62,25.09,25.09,27875
2021-02-11T05:00:00Z,25.39,25.975,25.31,25.52,47478
2021-02-10T05:00:00Z,25.19,26.1,25.19,25.685,46413
2021-02-09T05:00:00Z,25.665,25.76,25.465,25.605,18718
2021-02-08T05:00:00Z,25.77,25.92,25.57,25.57,39521
2021-02-05T05:00:00Z,26.08,26.33,25.965,26.115,19364
2021-02-04T05:00:00Z,27.08,27.11,26.41,26.41,25805
2021-02-03T05:00:00Z,27.29,27.63,26.96,27.3,53653
2021-02-02T05:00:00Z,27.825,27.83,27.06,27.37,39573
2021-02-01T05:00:00Z,29.17,29.78,28.39,28.6,45432
2021-01-29T05:00:00Z,28.89,30.42,28.67,30.04,125220
2021-01-28T05:00:00Z,28.61,28.73,27.43,28.37,57173
2021-01-27T05:00:00Z,28.09,29.67,28.06,29.325,114952
2021-01-26T05:00:00Z,26.85,27.21,26.8,27.18,25945
2021-01-25T05:00:00Z,27.12,28.21,27.03,27.075,58450
2021-01-22T05:00:00Z,27.49,27.55,27.145,27.235,16786
2021-01-21T05:00:00Z,27.05,27.27,26.955,27,24637
2021-01-20T05:00:00Z,5.54,5.555,5.4,5.42,37741
2021-01-19T05:00:00Z,5.705,5.75,5.65,5.665,113160
2021-01-15T05:00:00Z,5.76,5.89,5.73,5.815,141618
2021-01-14T05:00:00Z,5.595,5.695,5.565,5.675,54130
2021-01-13T05:00:00Z,5.66,5.685,5.575,5.615,40442
2021-01-12T05:00:00Z,5.675,5.775,5.645,5.655,28245
2021-01-11T05:00:00Z,5.685,5.695,5.6,5.67,25976
2021-01-08T05:00:00Z,5.575,5.745,5.555,5.555,141449
2021-01-07T05:00:00Z,5.765,5.77,5.625,5.65,159697
2021-01-06T05:00:00Z,6.045,6.045,5.76,5.93,219749
2021-01-05T05:00:00Z,6.06,6.165,5.98,6.025,103975
2021-01-04T05:00:00Z,5.925,6.325,5.925,6.155,97220
2020-12-31T05:00:00Z,6.03,6.03,5.885,5.885,72903
2020-12-30T05:00:00Z,5.975,6.02,5.965,6.015,10672
2020-12-29T05:00:00Z,5.92,6.05,5.92,6.035,17047
2020-12-28T05:00:00Z,6.035,6.045,5.985,6.005,41784
2020-12-24T05:00:00Z,6.175,6.23,6.165,6.165,2428
2020-12-23T05:00:00Z,6.165,6.2,6.135,6.195,18249
2020-12-22T05:00:00Z,6.23,6.3,6.195,6.26,27011
2020-12-21T05:00:00Z,6.37,6.46,6.175,6.275,30253
2020-12-18T05:00:00Z,6.15,6.245,6.115,6.115,36326
2020-12-17T05:00:00Z,6.08,6.125,6.07,6.085,75953
2020-12-16T05:00:00Z,6.22,6.22,6.155,6.155,15610
2020-12-15T05:00:00Z,6.315,6.4,6.225,6.225,36309
2020-12-14T05:00:00Z,6.27,6.465,6.215,6.455,94695
2020-12-11T05:00:00Z,6.455,6.545,6.385,6.39,41509
2020-12-10T05:00:00Z,6.4,6.415,6.325,6.355,36912
2020-12-09T05:00:00Z,6.175,6.405,6.155,6.335,67632
2020-12-08T05:00:00Z,6.28,6.31,6.175,6.185,17838
2020-12-07T05:00:00Z,6.225,6.31,6.225,6.245,28577
2020-12-04T05:00:00Z,6.295,6.295,6.225,6.225,24167
2020-12-03T05:00:00Z,6.315,6.425,6.3,6.425,16360
2020-12-02T05:00:00Z,6.5,6.5,6.37,6.385,13053
2020-12-01T05:00:00Z,6.435,6.465,6.33,6.41,37769
2020-11-30T05:00:00Z,6.62,6.78,6.61,6.645,24471
2020-11-27T05:00:00Z,6.535,6.595,6.525,6.585,3046
2020-11-25T05:00:00Z,6.605,6.645,6.59,6.605,10798
2020-11-24T05:00:00Z,6.785,6.785,6.565,6.575,52492
2020-11-23T05:00:00Z,6.89,6.995,6.84,6.925,8268
2020-11-20T05:00:00Z,6.915,7.015,6.915,7.015,34390
2020-11-19T05:00:00Z,7.045,7.075,6.87,6.885,15421
2020-11-18T05:00:00Z,6.745,6.955,6.7,6.955,18701
2020-11-17T05:00:00Z,6.835,6.835,6.675,6.735,66201
2020-11-16T05:00:00Z,6.75,6.765,6.645,6.645,35132
2020-11-13T05:00:00Z,7.015,7.085,6.84,6.875,79303
2020-11-12T05:00:00Z,7.045,7.285,7,7.175,94101
2020-11-11T05:00:00Z,7.02,7.07,6.93,6.98,58544
2020-11-10T05:00:00Z,7.165,7.315,7.095,7.135,174329
2020-11-09T05:00:00Z,6.555,7.125,6.515,7.125,217767
2020-11-06T05:00:00Z,7.385,7.53,7.305,7.39,60142
2020-11-05T05:00:00Z,7.46,7.47,7.26,7.35,355493
2020-11-04T05:00:00Z,8,8.12,7.525,7.835,937546
2020-11-03T05:00:00Z,8.565,8.57,8.25,8.39,55229
2020-11-02T05:00:00Z,8.9,9.12,8.695,8.905,48675
2020-10-30T04:00:00Z,9.02,9.5,8.94,9.22,104858
2020-10-29T04:00:00Z,9.13,9.32,8.65,8.83,47797
2020-10-28T04:00:00Z,8.8,9.22,8.77,9.195,66642
2020-10-27T04:00:00Z,8.26,8.335,8.22,8.335,37152
2020-10-26T04:00:00Z,8.05,8.465,8.05,8.275,69659
2020-10-23T04:00:00Z,7.86,7.98,7.84,7.84,42824
2020-10-22T04:00:00Z,7.98,8.175,7.87,7.93,53208
2020-10-21T04:00:00Z,7.97,8.05,7.86,8.015,122130
2020-10-20T04:00:00Z,8,8.01,7.76,7.965,76455
2020-10-19T04:00:00Z,7.61,8.135,7.605,8.095,79220
2020-10-16T04:00:00Z,7.585,7.705,7.515,7.7,82939
2020-10-15T04:00:00Z,7.94,7.95,7.7,7.725,84622
2020-10-14T04:00:00Z,7.54,7.735,7.525,7.66,40304
2020-10-13T04:00:00Z,7.425,7.585,7.425,7.545,87806
2020-10-12T04:00:00Z,7.61,7.63,7.315,7.405,39241
2020-10-09T04:00:00Z,7.875,7.91,7.755,7.79,25216
2020-10-08T04:00:00Z,8.08,8.11,8.015,8.015,14950
2020-10-07T04:00:00Z,8.34,8.345,8.165,8.2,35189
2020-10-06T04:00:00Z,8.335,8.695,8.245,8.635,95577
2020-10-05T04:00:00Z,8.545,8.545,8.31,8.33,100531
2020-10-02T04:00:00Z,8.985,8.985,8.66,8.765,88987
2020-10-01T04:00:00Z,8.51,8.685,8.445,8.57,59473
2020-09-30T04:00:00Z,8.77,8.855,8.45,8.665,77840
2020-09-29T04:00:00Z,8.795,8.96,8.74,8.885,38200
2020-09-28T04:00:00Z,8.85,8.94,8.72,8.805,44607
2020-09-25T04:00:00Z,9.775,9.85,9.175,9.23,59429
2020-09-24T04:00:00Z,9.92,10.02,9.405,9.72,181523
2020-09-23T04:00:00Z,9.09,9.805,9.08,9.805,118302
2020-09-22T04:00:00Z,9.295,9.525,9.1,9.1,65645
2020-09-21T04:00:00Z,9.54,9.87,9.435,9.435,75951
2020-09-18T04:00:00Z,8.83,9.335,8.83,9.105,47468
2020-09-17T04:00:00Z,8.955,9.035,8.71,8.825,66908
2020-09-16T04:00:00Z,8.42,8.595,8.285,8.585,32017
2020-09-15T04:00:00Z,8.38,8.54,8.365,8.485,16424
2020-09-14T04:00:00Z,8.545,8.695,8.5,8.605,98491
2020-09-11T04:00:00Z,8.89,9.215,8.765,8.975,84391
2020-09-10T04:00:00Z,8.385,9.035,8.37,8.99,59085
2020-09-09T04:00:00Z,8.745,8.805,8.35,8.55,50654
2020-09-08T04:00:00Z,8.9,9.11,8.78,9.07,75541
2020-09-04T04:00:00Z,8.12,8.935,8.05,8.4,59400
2020-09-03T04:00:00Z,7.54,8.37,7.54,8.185,180326
2020-09-02T04:00:00Z,7.7,7.72,7.385,7.405,69191
2020-09-01T04:00:00Z,7.99,7.995,7.83,7.835,28080
2020-08-31T04:00:00Z,7.955,8.005,7.87,7.94,30735
2020-08-28T04:00:00Z,8.025,8.07,7.915,7.915,33839
2020-08-27T04:00:00Z,8.01,8.17,7.995,8.075,53745
2020-08-26T04:00:00Z,8.335,8.335,8.12,8.135,15501
2020-08-25T04:00:00Z,8.45,8.515,8.375,8.375,31145
2020-08-24T04:00:00Z,8.53,8.615,8.515,8.525,44349
2020-08-21T04:00:00Z,8.86,8.86,8.73,8.73,29317
2020-08-20T04:00:00Z,8.99,8.99,8.795,8.815,54467
2020-08-19T04:00:00Z,8.77,8.945,8.74,8.915,59146
2020-08-18T04:00:00Z,8.785,8.945,8.785,8.815,27870
2020-08-17T04:00:00Z,8.845,8.875,8.84,8.87,7980
2020-08-14T04:00:00Z,8.995,9.03,8.91,8.955,60295
2020-08-13T04:00:00Z,8.875,9.01,8.86,8.955,12367
2020-08-12T04:00:00Z,9.015,9.035,8.84,8.895,67557
2020-08-11T04:00:00Z,8.95,9.35,8.935,9.305,97788
2020-08-10T04:00:00Z,9.095,9.255,9.055,9.065,25831
2020-08-07T04:00:00Z,9.21,9.305,9.145,9.165,62118
2020-08-06T04:00:00Z,9.41,9.425,9.175,9.175,41930
2020-08-05T04:00:00Z,9.425,9.425,9.34,9.35,57282
2020-08-04T04:00:00Z,9.7,9.715,9.585,9.605,38019
2020-08-03T04:00:00Z,9.68,9.735,9.59,9.635,160227
2020-07-31T04:00:00Z,9.91,10.335,9.91,9.945,62070
2020-07-30T04:00:00Z,10.32,10.47,10.055,10.115,87918
2020-07-29T04:00:00Z,10.27,10.27,9.935,10.02,59078
2020-07-28T04:00:00Z,10.25,10.385,10.15,10.385,40391
2020-07-27T04:00:00Z,10.385,10.385,10.165,10.195,59868
