2024-06-14T04:00:00Z,17.58,17.745,17.49,17.645,293168
2024-06-13T04:00:00Z,17.52,17.68,17.435,17.645,773108
2024-06-12T04:00:00Z,18.035,18.035,17.57,17.605,914000
2024-06-11T04:00:00Z,17.81,17.94,17.735,17.86,570954
2024-06-10T04:00:00Z,18,18.02,17.75,17.87,821324
2024-06-07T04:00:00Z,18.18,18.205,17.97,18.115,776991
2024-06-06T04:00:00Z,18.33,18.445,18.23,18.275,314855
2024-06-05T04:00:00Z,18.28,18.315,18.16,18.305,900933
2024-06-04T04:00:00Z,17.955,18.36,17.9,18.36,796087
2024-06-03T04:00:00Z,18.13,18.325,17.96,18.01,793377
2024-05-31T04:00:00Z,17.49,18.27,17.47,18.235,1554546
2024-05-30T04:00:00Z,17.22,17.64,17.165,17.63,716166
2024-05-29T04:00:00Z,17.18,17.305,17.115,17.14,565310
2024-05-28T04:00:00Z,17.45,17.525,17.205,17.28,337124
2024-05-24T04:00:00Z,17.53,17.6,17.425,17.495,557548
2024-05-23T04:00:00Z,17.365,17.51,17.325,17.48,582616
2024-05-22T04:00:00Z,17.205,17.51,17.185,17.51,493913
2024-05-21T04:00:00Z,17.505,17.505,17.15,17.285,767443
2024-05-20T04:00:00Z,17.37,17.55,17.355,17.53,682394
2024-05-17T04:00:00Z,17.325,17.4,17.27,17.395,520109
2024-05-16T04:00:00Z,17.25,17.37,17.15,17.31,343412
2024-05-15T04:00:00Z,17.355,17.435,17.185,17.34,550765
2024-05-14T04:00:00Z,17.29,17.335,17.22,17.295,308762
2024-05-13T04:00:00Z,17.195,17.335,17.15,17.255,714422
2024-05-10T04:00:00Z,17.185,17.215,17.12,17.19,295783
2024-05-09T04:00:00Z,17.085,17.185,17.045,17.175,324801
2024-05-08T04:00:00Z,17.045,17.195,17.005,17.105,397492
2024-05-07T04:00:00Z,17.105,17.205,17.005,17.085,802844
2024-05-06T04:00:00Z,16.96,17.04,16.915,16.99,756336
2024-05-03T04:00:00Z,16.91,16.91,16.735,16.85,434856
2024-05-02T04:00:00Z,16.97,16.985,16.735,16.83,514763
2024-05-01T04:00:00Z,16.82,17.095,16.78,16.92,868504
2024-04-30T04:00:00Z,16.925,16.975,16.805,16.9,477210
2024-04-29T04:00:00Z,16.99,17.28,16.99,17.025,959697
2024-04-26T04:00:00Z,16.47,16.875,16.4,16.74,411154
2024-04-25T04:00:00Z,16.74,16.985,16.505,16.59,836081
2024-04-24T04:00:00Z,16.92,17.025,16.395,16.81,2085305
2024-04-23T04:00:00Z,16.365,16.525,16.295,16.505,738330
2024-04-22T04:00:00Z,16.69,16.715,16.175,16.31,1213877
2024-04-19T04:00:00Z,16.35,16.52,16.265,16.51,925816
2024-04-18T04:00:00Z,16.13,16.345,16.09,16.33,696831
2024-04-17T04:00:00Z,16.09,16.245,16.065,16.11,460792
2024-04-16T04:00:00Z,16.205,16.205,15.945,16.09,805197
2024-04-15T04:00:00Z,16.45,16.535,16.13,16.24,656859
2024-04-12T04:00:00Z,16.37,16.46,16.26,16.31,502457
2024-04-11T04:00:00Z,16.61,16.675,16.42,16.42,686683
2024-04-10T04:00:00Z,16.73,16.785,16.515,16.72,816412
2024-04-09T04:00:00Z,17,17.075,16.81,16.915,658861
2024-04-08T04:00:00Z,17.37,17.46,17.22,17.27,775350
2024-04-05T04:00:00Z,17.48,17.54,17.28,17.42,404117
2024-04-04T04:00:00Z,17.665,17.88,17.56,17.565,859197
2024-04-03T04:00:00Z,17.58,17.705,17.495,17.61,508685
2024-04-02T04:00:00Z,17.505,17.695,17.505,17.54,653441
2024-04-01T04:00:00Z,17.17,17.53,17.17,17.505,422714
2024-03-28T04:00:00Z,17.58,17.695,17.525,17.605,524605
2024-03-27T04:00:00Z,17.32,17.585,17.3,17.57,854710
2024-03-26T04:00:00Z,17.14,17.275,17.05,17.195,689801
2024-03-25T04:00:00Z,17.055,17.13,16.97,17.13,721657
2024-03-22T04:00:00Z,17.19,17.19,16.98,16.98,502274
2024-03-21T04:00:00Z,17.185,17.265,17.06,17.16,671433
2024-03-20T04:00:00Z,17.13,17.31,17.085,17.21,480396
2024-03-19T04:00:00Z,17.28,17.295,17.155,17.17,455000
2024-03-18T04:00:00Z,17.075,17.315,16.935,17.315,579896
2024-03-15T04:00:00Z,16.93,17.14,16.91,17.05,840583
2024-03-14T04:00:00Z,17.115,17.155,16.83,17.03,861930
2024-03-13T04:00:00Z,17.275,17.43,17.13,17.2,673699
2024-03-12T04:00:00Z,17.32,17.34,17.17,17.2,531947
2024-03-11T04:00:00Z,17.245,17.435,17.23,17.34,828066
2024-03-08T05:00:00Z,17.05,17.315,16.98,17.2,937822
2024-03-07T05:00:00Z,17.26,17.3,17.015,17.05,596866
2024-03-06T05:00:00Z,17.055,17.22,17.035,17.18,580680
2024-03-05T05:00:00Z,17.07,17.35,17.05,17.17,761621
2024-03-04T05:00:00Z,16.88,16.98,16.715,16.795,750031
2024-03-01T05:00:00Z,16.92,17.04,16.81,16.995,452789
2024-02-29T05:00:00Z,17.005,17.115,16.91,16.91,623316
2024-02-28T05:00:00Z,16.84,17.035,16.81,16.965,565693
2024-02-27T05:00:00Z,16.575,16.845,16.54,16.84,696411
2024-02-26T05:00:00Z,16.75,16.82,16.52,16.595,540227
2024-02-23T05:00:00Z,16.625,16.855,16.55,16.81,761280
2024-02-22T05:00:00Z,16.76,16.76,16.435,16.59,1842456
2024-02-21T05:00:00Z,16.93,17.01,16.84,17,525762
2024-02-20T05:00:00Z,16.9,17.13,16.875,16.92,657075
2024-02-16T05:00:00Z,16.95,17.07,16.76,16.97,575570
2024-02-15T05:00:00Z,17.02,17.22,17.005,17.09,470632
2024-02-14T05:00:00Z,16.96,17.085,16.845,16.91,413340
2024-02-13T05:00:00Z,17.15,17.2,16.765,16.9,347940
2024-02-12T05:00:00Z,16.835,17.06,16.76,17.025,759732
2024-02-09T05:00:00Z,16.755,16.875,16.575,16.835,1092613
2024-02-08T05:00:00Z,17.3,17.3,16.75,16.825,1161640
2024-02-07T05:00:00Z,17.605,17.61,17.3,17.335,976323
2024-02-06T05:00:00Z,17.655,17.77,17.55,17.615,588390
2024-02-05T05:00:00Z,17.67,17.865,17.58,17.73,630914
2024-02-02T05:00:00Z,17.89,17.98,17.76,17.835,721677
2024-02-01T05:00:00Z,18.08,18.15,17.835,18.06,1456896
2024-01-31T05:00:00Z,17.57,17.82,17.51,17.685,1153284
2024-01-30T05:00:00Z,17.24,17.59,17.185,17.52,1788042
2024-01-29T05:00:00Z,17.19,17.28,17.055,17.255,857451
2024-01-26T05:00:00Z,17.17,17.38,17.15,17.29,846716
2024-01-25T05:00:00Z,16.79,17.19,16.71,17.19,1463751
2024-01-24T05:00:00Z,16.59,17.025,16.46,16.69,2215529
2024-01-23T05:00:00Z,17.05,17.25,16.99,17.195,1641494
2024-01-22T05:00:00Z,16.72,16.9,16.655,16.79,1203766
2024-01-19T05:00:00Z,16.64,16.78,16.4,16.665,1217774
2024-01-18T05:00:00Z,16.3,16.415,16.2,16.4,750516
2024-01-17T05:00:00Z,16.38,16.63,16.35,16.41,1855805
2024-01-16T05:00:00Z,16.445,16.6,16.34,16.44,1196562
2024-01-12T05:00:00Z,16.35,16.615,16.34,16.475,830812
2024-01-11T05:00:00Z,16.74,16.76,16.15,16.24,1450366
2024-01-10T05:00:00Z,16.845,16.895,16.76,16.87,549950
2024-01-09T05:00:00Z,16.95,16.98,16.835,16.955,557485
2024-01-08T05:00:00Z,17.44,17.46,17.24,17.315,778983
2024-01-05T05:00:00Z,17.16,17.515,17.105,17.465,648535
2024-01-04T05:00:00Z,17.3,17.3,17.155,17.16,748094
2024-01-03T05:00:00Z,17.295,17.375,17.22,17.235,811523
2024-01-02T05:00:00Z,16.845,17.38,16.845,17.265,1090646
2023-12-29T05:00:00Z,16.62,16.825,16.62,16.81,729699
2023-12-28T05:00:00Z,16.54,16.865,16.54,16.76,760260
2023-12-27T05:00:00Z,16.485,16.61,16.46,16.59,424651
2023-12-26T05:00:00Z,16.5,16.61,16.45,16.57,299712
2023-12-22T05:00:00Z,16.505,16.73,16.505,16.56,414082
2023-12-21T05:00:00Z,16.48,16.505,16.355,16.49,712370
2023-12-20T05:00:00Z,16.6,16.605,16.4,16.405,722793
2023-12-19T05:00:00Z,16.43,16.62,16.42,16.62,432020
2023-12-18T05:00:00Z,16.63,16.735,16.41,16.46,811366
2023-12-15T05:00:00Z,16.5,16.655,16.45,16.52,772945
2023-12-14T05:00:00Z,16.53,16.81,16.525,16.655,1719665
2023-12-13T05:00:00Z,16.32,16.495,16.1,16.455,1178086
2023-12-12T05:00:00Z,16.57,16.58,16.345,16.41,1027287
2023-12-11T05:00:00Z,16.91,16.935,16.54,16.625,1109837
2023-12-08T05:00:00Z,17.07,17.07,16.81,16.915,830407
2023-12-07T05:00:00Z,17.025,17.125,16.91,17.095,820626
2023-12-06T05:00:00Z,17.17,17.28,16.86,16.945,1446000
2023-12-05T05:00:00Z,16.99,17.335,16.98,17.24,2082844
2023-12-04T05:00:00Z,16.66,16.77,16.55,16.665,1524710
2023-12-01T05:00:00Z,16.59,16.765,16.53,16.765,835356
2023-11-30T05:00:00Z,16.335,16.595,16.3,16.575,1158061
2023-11-29T05:00:00Z,16.19,16.325,16.165,16.295,709549
2023-11-28T05:00:00Z,16.175,16.2,16.03,16.17,629878
2023-11-27T05:00:00Z,16.205,16.25,16.085,16.22,715666
2023-11-24T05:00:00Z,16.25,16.32,16.205,16.21,352098
2023-11-22T05:00:00Z,16.235,16.28,16.105,16.175,1193907
2023-11-21T05:00:00Z,16.1,16.25,16.03,16.195,690157
2023-11-20T05:00:00Z,15.89,16.165,15.855,16.105,629750
2023-11-17T05:00:00Z,15.905,15.955,15.85,15.915,693746
2023-11-16T05:00:00Z,15.9,15.93,15.755,15.88,954108
2023-11-15T05:00:00Z,15.65,15.8,15.65,15.765,502999
2023-11-14T05:00:00Z,15.7,15.745,15.515,15.625,717730
2023-11-13T05:00:00Z,15.605,15.74,15.51,15.575,730285
2023-11-10T05:00:00Z,15.72,15.74,15.465,15.65,581798
2023-11-09T05:00:00Z,15.68,15.74,15.55,15.63,894760
2023-11-08T05:00:00Z,15.78,15.8,15.585,15.665,667315
2023-11-07T05:00:00Z,15.75,15.96,15.71,15.85,653385
2023-11-06T05:00:00Z,15.87,15.89,15.65,15.75,840181
2023-11-03T04:00:00Z,15.905,16.035,15.835,15.89,1045150
2023-11-02T04:00:00Z,15.63,15.78,15.565,15.735,804374
2023-11-01T04:00:00Z,15.47,15.695,15.435,15.57,1280522
2023-10-31T04:00:00Z,15.285,15.44,15.26,15.39,1070062
2023-10-30T04:00:00Z,15.03,15.375,15.03,15.265,1444202
2023-10-27T04:00:00Z,15.07,15.175,14.74,14.83,939220
2023-10-26T04:00:00Z,15.23,15.27,14.98,15.13,1772158
2023-10-25T04:00:00Z,15.51,15.58,15.075,15.2,1227861
2023-10-24T04:00:00Z,15.22,15.57,15.2,15.53,2016940
2023-10-23T04:00:00Z,15.37,15.37,14.86,14.94,1325527
2023-10-20T04:00:00Z,15.21,15.905,15.21,15.385,1927880
2023-10-19T04:00:00Z,15.48,15.655,15.165,15.24,2756411
2023-10-18T04:00:00Z,14.49,14.52,14.32,14.325,651735
2023-10-17T04:00:00Z,14.33,14.59,14.3,14.575,746627
2023-10-16T04:00:00Z,14.375,14.5,14.23,14.405,613003
2023-10-13T04:00:00Z,14.555,14.63,14.325,14.345,455895
2023-10-12T04:00:00Z,14.63,14.63,14.285,14.445,1633561
2023-10-11T04:00:00Z,14.97,15.045,14.685,14.775,1785493
2023-10-10T04:00:00Z,14.73,14.98,14.695,14.95,1169442
2023-10-09T04:00:00Z,14.46,14.745,14.46,14.73,740191
2023-10-06T04:00:00Z,14.42,14.505,14.125,14.455,1379507
2023-10-05T04:00:00Z,14.66,14.88,14.63,14.835,857411
2023-10-04T04:00:00Z,14.67,14.73,14.455,14.64,927638
2023-10-03T04:00:00Z,14.61,14.82,14.58,14.775,842989
2023-10-02T04:00:00Z,15.04,15.075,14.66,14.68,718789
2023-09-29T04:00:00Z,15.05,15.095,14.91,15.025,592372
2023-09-28T04:00:00Z,14.895,15.02,14.88,15.01,716963
2023-09-27T04:00:00Z,14.995,15,14.8,14.875,582203
2023-09-26T04:00:00Z,14.805,15.075,14.68,15.02,938870
2023-09-25T04:00:00Z,15.04,15.11,14.855,15.07,671897
2023-09-22T04:00:00Z,15.315,15.32,15.05,15.135,1068517
2023-09-21T04:00:00Z,15.43,15.53,15.29,15.315,731644
2023-09-20T04:00:00Z,15.295,15.73,15.28,15.54,1508489
2023-09-19T04:00:00Z,15.085,15.24,15.05,15.22,982349
2023-09-18T04:00:00Z,15.21,15.22,15.02,15.09,689843
2023-09-15T04:00:00Z,14.97,15.295,14.965,15.23,1373419
2023-09-14T04:00:00Z,14.92,15.15,14.87,15.07,1598217
2023-09-13T04:00:00Z,14.56,14.67,14.47,14.615,542339
2023-09-12T04:00:00Z,14.53,14.57,14.38,14.46,373720
2023-09-11T04:00:00Z,14.5,14.58,14.44,14.53,404538
2023-09-08T04:00:00Z,14.61,14.61,14.365,14.41,569526
2023-09-07T04:00:00Z,14.63,14.76,14.55,14.61,763850
2023-09-06T04:00:00Z,14.41,14.745,14.32,14.62,1365521
2023-09-05T04:00:00Z,14.66,14.745,14.47,14.475,786214
2023-09-01T04:00:00Z,14.82,14.86,14.64,14.64,493976
2023-08-31T04:00:00Z,14.835,14.88,14.7,14.795,1174244
2023-08-30T04:00:00Z,14.91,14.99,14.7,14.735,799824
2023-08-29T04:00:00Z,14.47,14.81,14.45,14.785,784840
2023-08-28T04:00:00Z,14.21,14.26,14.115,14.215,454144
2023-08-25T04:00:00Z,14.19,14.2,14.055,14.1,429525
2023-08-24T04:00:00Z,14.07,14.275,14.05,14.145,590495
2023-08-23T04:00:00Z,14.29,14.34,14.145,14.16,756594
2023-08-22T04:00:00Z,14.085,14.32,14.035,14.265,2178003
2023-08-21T04:00:00Z,14,14.135,13.925,14.1,3093853
2023-08-18T04:00:00Z,13.97,14.135,13.95,14.07,594184
2023-08-17T04:00:00Z,14.135,14.135,13.99,14,1026472
2023-08-16T04:00:00Z,14.14,14.185,14.01,14.1,544556
2023-08-15T04:00:00Z,14.21,14.21,14.1,14.145,519396
2023-08-14T04:00:00Z,14.29,14.365,14.185,14.26,412755
2023-08-11T04:00:00Z,14.165,14.395,14.125,14.38,722281
2023-08-10T04:00:00Z,14.315,14.345,14.17,14.18,620317
2023-08-09T04:00:00Z,14.165,14.345,14.155,14.275,468813
2023-08-08T04:00:00Z,13.97,14.195,13.955,14.18,793424
2023-08-07T04:00:00Z,14.025,14.09,13.89,14.01,711757
2023-08-04T04:00:00Z,14.07,14.1,14,14.02,745722
2023-08-03T04:00:00Z,14.22,14.26,14.03,14.085,682561
2023-08-02T04:00:00Z,14.26,14.56,14.215,14.35,1185825
2023-08-01T04:00:00Z,14.545,14.545,14.26,14.305,1630321
2023-07-31T04:00:00Z,14.45,14.59,14.415,14.53,1363313
2023-07-28T04:00:00Z,14.63,14.67,14.445,14.45,1654336
2023-07-27T04:00:00Z,14.905,14.91,14.5,14.5,1407738
2023-07-26T04:00:00Z,14.92,14.97,14.54,14.9,1449510
2023-07-25T04:00:00Z,15.07,15.105,14.72,14.79,2157112
2023-07-24T04:00:00Z,14.795,15.09,14.79,14.94,1354303
2023-07-21T04:00:00Z,14.63,14.78,14.625,14.765,1139454
2023-07-20T04:00:00Z,14.59,14.66,14.46,14.655,2071120
2023-07-19T04:00:00Z,14.31,14.64,14.275,14.6,3806508
2023-07-18T04:00:00Z,13.53,13.99,13.435,13.445,2653407
2023-07-17T04:00:00Z,14.15,14.15,13.48,13.53,4103334
2023-07-14T04:00:00Z,14.775,14.78,14.29,14.505,2047972
2023-07-13T04:00:00Z,15.13,15.165,15.01,15.125,670745
2023-07-12T04:00:00Z,15.26,15.26,15.105,15.13,900496
2023-07-11T04:00:00Z,15.3,15.335,15.12,15.225,957243
2023-07-10T04:00:00Z,15.54,15.54,15.22,15.27,906034
2023-07-07T04:00:00Z,15.54,15.745,15.53,15.6,420008
2023-07-06T04:00:00Z,16.01,16.02,15.84,15.875,494035
2023-07-05T04:00:00Z,16.07,16.23,16.005,16.08,609399
2023-07-03T04:00:00Z,15.97,16.11,15.96,16.1,368624
2023-06-30T04:00:00Z,16.035,16.035,15.835,15.93,790730
2023-06-29T04:00:00Z,15.76,16.01,15.755,15.995,525557
2023-06-28T04:00:00Z,15.825,15.825,15.615,15.79,649503
2023-06-27T04:00:00Z,15.54,15.89,15.54,15.845,729564
2023-06-26T04:00:00Z,15.44,15.65,15.43,15.63,645671
2023-06-23T04:00:00Z,15.58,15.725,15.42,15.435,705633
2023-06-22T04:00:00Z,15.525,15.635,15.47,15.575,947834
2023-06-21T04:00:00Z,15.7,15.715,15.49,15.61,1872017
2023-06-20T04:00:00Z,16,16.065,15.775,15.775,1052824
2023-06-16T04:00:00Z,16.09,16.13,15.965,16.06,865832
2023-06-15T04:00:00Z,15.885,16.095,15.795,16.03,878207
2023-06-14T04:00:00Z,15.875,16.01,15.825,15.835,732146
2023-06-13T04:00:00Z,15.78,15.965,15.68,15.83,1133314
2023-06-12T04:00:00Z,15.94,15.995,15.82,15.93,562232
2023-06-09T04:00:00Z,16.005,16.125,15.91,15.955,463755
2023-06-08T04:00:00Z,16.05,16.075,15.88,16.07,811191
2023-06-07T04:00:00Z,15.64,16.115,15.59,16.1,1028927
2023-06-06T04:00:00Z,15.53,15.75,15.36,15.67,763158
2023-06-05T04:00:00Z,15.37,15.44,15.25,15.39,1301516
2023-06-02T04:00:00Z,15.16,15.36,14.86,15.205,4656458
2023-06-01T04:00:00Z,15.705,15.87,15.625,15.805,579663
2023-05-31T04:00:00Z,15.63,15.865,15.625,15.745,828442
2023-05-30T04:00:00Z,15.49,15.685,15.42,15.65,918974
2023-05-26T04:00:00Z,15.21,15.62,15.185,15.505,1697467
2023-05-25T04:00:00Z,15.64,15.65,15,15.145,4122764
2023-05-24T04:00:00Z,16.095,16.095,15.95,15.955,585429
2023-05-23T04:00:00Z,16.25,16.3,16.07,16.1,1273059
2023-05-22T04:00:00Z,16.35,16.425,16.16,16.385,816509
2023-05-19T04:00:00Z,16.59,16.64,16.29,16.305,1110992
2023-05-18T04:00:00Z,16.61,16.645,16.375,16.545,802473
2023-05-17T04:00:00Z,16.63,16.75,16.55,16.65,695176
2023-05-16T04:00:00Z,16.91,16.94,16.51,16.53,919627
2023-05-15T04:00:00Z,17,17.09,16.94,16.965,658427
2023-05-12T04:00:00Z,17.01,17.185,16.95,17.025,421908
2023-05-11T04:00:00Z,16.93,16.995,16.885,16.955,469014
2023-05-10T04:00:00Z,17.08,17.08,16.86,17.04,699858
2023-05-09T04:00:00Z,17.045,17.105,16.915,17.025,685460
2023-05-08T04:00:00Z,17.01,17.17,16.955,17.125,684934
2023-05-05T04:00:00Z,16.97,17.13,16.885,17.125,410515
2023-05-04T04:00:00Z,17.01,17.075,16.85,16.905,533249
2023-05-03T04:00:00Z,17.15,17.25,17.085,17.095,633062
2023-05-02T04:00:00Z,17.31,17.36,17.03,17.065,1222692
2023-05-01T04:00:00Z,17.695,17.75,17.495,17.495,767473
2023-04-28T04:00:00Z,17.41,17.745,17.38,17.665,1157677
2023-04-27T04:00:00Z,17.36,17.625,17.36,17.615,1042843
2023-04-26T04:00:00Z,17.39,17.66,17.195,17.205,1057483
2023-04-25T04:00:00Z,17.52,17.765,17.46,17.515,1055970
2023-04-24T04:00:00Z,18.08,18.11,17.515,17.525,1489836
2023-04-21T04:00:00Z,17.89,18.395,17.85,18.215,1969760
2023-04-20T04:00:00Z,18.67,18.69,17.56,17.65,3646453
2023-04-19T04:00:00Z,19.8,19.82,19.61,19.7,1128478
2023-04-18T04:00:00Z,19.835,19.865,19.655,19.815,852864
2023-04-17T04:00:00Z,19.88,19.9,19.65,19.795,467300
2023-04-14T04:00:00Z,19.99,19.99,19.78,19.93,469671
2023-04-13T04:00:00Z,19.88,19.975,19.675,19.975,699985
2023-04-12T04:00:00Z,19.765,19.88,19.655,19.785,534383
2023-04-11T04:00:00Z,19.58,19.91,19.58,19.7,653370
2023-04-10T04:00:00Z,19.475,19.595,19.43,19.58,463024
2023-04-06T04:00:00Z,19.7,19.79,19.515,19.655,856087
2023-04-05T04:00:00Z,19.62,19.93,19.585,19.87,846512
2023-04-04T04:00:00Z,19.53,19.65,19.395,19.65,1098867
2023-04-03T04:00:00Z,19.25,19.475,19.22,19.395,593783
2023-03-31T04:00:00Z,19.115,19.25,19.035,19.23,810023
2023-03-30T04:00:00Z,19,19.13,18.99,19.075,424051
2023-03-29T04:00:00Z,18.915,19.05,18.835,19.005,649595
2023-03-28T04:00:00Z,18.83,18.985,18.72,18.725,469339
2023-03-27T04:00:00Z,18.765,18.95,18.705,18.88,598243
2023-03-24T04:00:00Z,18.46,18.655,18.36,18.615,913105
2023-03-23T04:00:00Z,18.4,18.565,18.35,18.44,648979
2023-03-22T04:00:00Z,18.59,18.715,18.39,18.39,518381
2023-03-21T04:00:00Z,18.685,18.71,18.435,18.55,636627
2023-03-20T04:00:00Z,18.245,18.575,18.235,18.5,662989
2023-03-17T04:00:00Z,18.31,18.335,18.03,18.135,928944
2023-03-16T04:00:00Z,18.165,18.425,18.09,18.39,972230
2023-03-15T04:00:00Z,18.2,18.34,18.07,18.33,666679
2023-03-14T04:00:00Z,18.38,18.505,18.21,18.43,737012
2023-03-13T04:00:00Z,18.29,18.65,18.225,18.295,999194
2023-03-10T05:00:00Z,18.31,18.485,18.245,18.44,930284
2023-03-09T05:00:00Z,18.69,18.69,18.31,18.315,565543
2023-03-08T05:00:00Z,18.6,18.64,18.19,18.61,630728
2023-03-07T05:00:00Z,18.81,18.925,18.6,18.71,596680
2023-03-06T05:00:00Z,18.825,18.955,18.775,18.78,575005
2023-03-03T05:00:00Z,18.73,18.85,18.67,18.815,361495
2023-03-02T05:00:00Z,18.53,18.745,18.515,18.66,440065
2023-03-01T05:00:00Z,18.84,18.86,18.565,18.66,424375
2023-02-28T05:00:00Z,18.98,19.01,18.845,18.92,478731
2023-02-27T05:00:00Z,19.28,19.335,19.01,19.035,563564
2023-02-24T05:00:00Z,19.19,19.27,18.98,19.245,550773
2023-02-23T05:00:00Z,19.42,19.58,19.265,19.345,656455
2023-02-22T05:00:00Z,19.245,19.425,19.215,19.395,751755
2023-02-21T05:00:00Z,19.29,19.35,19.135,19.2,446375
2023-02-17T05:00:00Z,19.26,19.51,19.135,19.45,545992
2023-02-16T05:00:00Z,19.04,19.41,18.93,19.265,564554
2023-02-15T05:00:00Z,19.03,19.27,18.995,19.255,1143685
2023-02-14T05:00:00Z,19.33,19.33,19.035,19.155,583478
2023-02-13T05:00:00Z,18.99,19.31,18.99,19.27,538996
2023-02-10T05:00:00Z,19.03,19.11,18.835,19.08,482850
2023-02-09T05:00:00Z,19.21,19.235,18.89,18.955,848564
2023-02-08T05:00:00Z,19.04,19.22,19.015,19.16,571560
2023-02-07T05:00:00Z,19.47,19.52,19.095,19.265,1013424
2023-02-06T05:00:00Z,19.745,19.745,19.49,19.585,691404
2023-02-03T05:00:00Z,20.225,20.25,19.78,19.83,632856
2023-02-02T05:00:00Z,20.08,20.49,20.045,20.28,1224162
2023-02-01T05:00:00Z,20.47,20.47,20.08,20.19,905574
2023-01-31T05:00:00Z,20.16,20.375,20.095,20.37,707655
2023-01-30T05:00:00Z,19.91,20.25,19.91,20.17,1008540
2023-01-27T05:00:00Z,19.905,20.095,19.815,19.945,1081508
2023-01-26T05:00:00Z,20.21,20.305,19.82,19.99,1171586
2023-01-25T05:00:00Z,19.75,20.48,19.75,20.405,2769244
2023-01-24T05:00:00Z,18.775,19.465,18.73,19.165,968113
2023-01-23T05:00:00Z,19.215,19.4,18.98,19.1,1002542
2023-01-20T05:00:00Z,18.91,19.23,18.77,19.225,664310
2023-01-19T05:00:00Z,18.85,19.02,18.79,18.94,774813
2023-01-18T05:00:00Z,19.29,19.33,18.975,19.025,996455
2023-01-17T05:00:00Z,19.535,19.55,19.265,19.32,1085162
2023-01-13T05:00:00Z,19.375,19.59,19.29,19.555,464900
2023-01-12T05:00:00Z,19.49,19.57,19.385,19.41,648823
2023-01-11T05:00:00Z,19.46,19.475,19.25,19.41,609037
2023-01-10T05:00:00Z,19.34,19.48,19.21,19.475,704689
2023-01-09T05:00:00Z,19.24,19.24,18.995,19.04,1487332
2023-01-06T05:00:00Z,19.36,19.785,19.355,19.545,650567
2023-01-05T05:00:00Z,19.125,19.32,18.965,19.2,694915
2023-01-04T05:00:00Z,18.86,19.365,18.82,19.115,1091552
2023-01-03T05:00:00Z,18.48,18.85,18.415,18.745,1033986
2022-12-30T05:00:00Z,18.405,18.475,18.225,18.41,410938
2022-12-29T05:00:00Z,18.24,18.545,18.24,18.44,445897
2022-12-28T05:00:00Z,18.485,18.535,18.19,18.22,547477
2022-12-27T05:00:00Z,18.28,18.515,18.225,18.45,739020
2022-12-23T05:00:00Z,18.17,18.315,18.105,18.315,322604
2022-12-22T05:00:00Z,18,18.28,17.935,18.28,431227
2022-12-21T05:00:00Z,18.24,18.25,18.075,18.155,675447
2022-12-20T05:00:00Z,17.87,18.085,17.83,18.065,673010
2022-12-19T05:00:00Z,18.265,18.315,17.635,17.85,1192575
2022-12-16T05:00:00Z,18.34,18.51,18.22,18.45,1180288
2022-12-15T05:00:00Z,18.65,18.805,18.365,18.46,946568
2022-12-14T05:00:00Z,19.05,19.09,18.765,18.89,925274
2022-12-13T05:00:00Z,19.41,19.49,19.075,19.12,1383185
2022-12-12T05:00:00Z,19.12,19.31,19.075,19.29,546458
2022-12-09T05:00:00Z,19.105,19.35,19.035,19.09,634028
2022-12-08T05:00:00Z,19.43,19.515,19.03,19.1,721611
2022-12-07T05:00:00Z,19.04,19.415,19.02,19.29,1105118
2022-12-06T05:00:00Z,18.83,19.18,18.83,19.165,820566
2022-12-05T05:00:00Z,18.92,18.965,18.695,18.74,695286
2022-12-02T05:00:00Z,19.02,19.055,18.86,19.015,539822
2022-12-01T05:00:00Z,19.26,19.4,19.09,19.18,439214
2022-11-30T05:00:00Z,18.9,19.275,18.805,19.25,769892
2022-11-29T05:00:00Z,18.77,19.03,18.75,19.01,477894
2022-11-28T05:00:00Z,19.095,19.145,18.775,18.825,461059
2022-11-25T05:00:00Z,19.175,19.285,19.07,19.115,324400
2022-11-23T05:00:00Z,18.9,19.11,18.9,19.09,785780
2022-11-22T05:00:00Z,18.935,19.035,18.895,19.01,970102
2022-11-21T05:00:00Z,19,19.055,18.76,18.835,936129
2022-11-18T05:00:00Z,19.07,19.12,18.925,18.985,826483
2022-11-17T05:00:00Z,18.72,18.985,18.525,18.98,966081
2022-11-16T05:00:00Z,19.02,19.045,18.785,18.96,891929
2022-11-15T05:00:00Z,19.13,19.385,18.82,19.02,1206855
2022-11-14T05:00:00Z,19.085,19.355,19.045,19.075,895541
2022-11-11T05:00:00Z,18.85,19.13,18.795,19.04,1597392
2022-11-10T05:00:00Z,18.825,18.97,18.58,18.845,1106901
2022-11-09T05:00:00Z,18.51,18.715,18.38,18.405,772114
2022-11-08T05:00:00Z,18.38,18.73,18.3,18.565,1024699
2022-11-07T05:00:00Z,18.32,18.395,18.15,18.37,1872064
2022-11-04T04:00:00Z,18.35,18.405,18.1,18.32,629150
2022-11-03T04:00:00Z,18.17,18.33,18.08,18.155,994312
2022-11-02T04:00:00Z,18.3,18.79,18.265,18.42,2081891
2022-11-01T04:00:00Z,18.57,18.58,18.245,18.345,1355849
2022-10-31T04:00:00Z,18.35,18.39,18.13,18.25,1301567
2022-10-28T04:00:00Z,18.27,18.59,18.24,18.47,1560204
2022-10-27T04:00:00Z,18.32,18.34,18,18.045,1193144
2022-10-26T04:00:00Z,17.83,18.235,17.82,18.15,1600629
2022-10-25T04:00:00Z,17.51,17.89,17.5,17.695,1788669
2022-10-24T04:00:00Z,17.41,17.85,17.4,17.53,2125924
2022-10-21T04:00:00Z,16.85,17.395,16.77,17.09,2351933
2022-10-20T04:00:00Z,16.2,17.145,16.135,16.74,3659809
2022-10-19T04:00:00Z,15.465,15.76,15.405,15.555,1575001
2022-10-18T04:00:00Z,15.58,15.695,15.45,15.6,1426676
2022-10-17T04:00:00Z,15.155,15.4,15.085,15.305,1003826
2022-10-14T04:00:00Z,15.17,15.265,14.97,15.01,1040184
2022-10-13T04:00:00Z,14.48,15.145,14.47,15.11,1296288
2022-10-12T04:00:00Z,14.73,14.93,14.62,14.62,719095
2022-10-11T04:00:00Z,14.84,14.91,14.685,14.81,712315
2022-10-10T04:00:00Z,15.04,15.125,14.765,14.91,777676
2022-10-07T04:00:00Z,15.24,15.24,14.905,14.95,958926
2022-10-06T04:00:00Z,15.64,15.81,15.31,15.32,904231
2022-10-05T04:00:00Z,15.945,16.13,15.765,15.94,592403
2022-10-04T04:00:00Z,15.99,16.145,15.895,16.095,712985
2022-10-03T04:00:00Z,15.75,16.17,15.66,15.9,1114716
2022-09-30T04:00:00Z,15.555,15.67,15.34,15.385,1226081
2022-09-29T04:00:00Z,15.705,15.73,15.415,15.51,1323071
2022-09-28T04:00:00Z,15.78,15.915,15.71,15.81,1188923
2022-09-27T04:00:00Z,15.8,16.025,15.675,15.74,894947
2022-09-26T04:00:00Z,15.91,15.98,15.585,15.7,975505
2022-09-23T04:00:00Z,16.1,16.105,15.85,15.99,953067
2022-09-22T04:00:00Z,16.26,16.38,16.145,16.24,1001852
2022-09-21T04:00:00Z,16.525,16.655,16.26,16.26,1002579
2022-09-20T04:00:00Z,16.64,16.645,16.465,16.555,690751
2022-09-19T04:00:00Z,16.615,16.855,16.585,16.765,518112
2022-09-16T04:00:00Z,16.67,16.81,16.555,16.72,1107980
2022-09-15T04:00:00Z,16.82,16.91,16.63,16.745,891649
2022-09-14T04:00:00Z,16.84,16.91,16.7,16.78,857715
2022-09-13T04:00:00Z,17.21,17.31,16.785,16.825,1047854
2022-09-12T04:00:00Z,17.07,17.395,17.045,17.39,868791
2022-09-09T04:00:00Z,16.91,17.065,16.87,17.03,1606943
2022-09-08T04:00:00Z,16.86,16.93,16.7,16.78,1204556
2022-09-07T04:00:00Z,16.72,17.135,16.68,16.88,1603453
2022-09-06T04:00:00Z,17.18,17.22,16.785,16.79,1107014
2022-09-02T04:00:00Z,17.61,17.61,17.16,17.19,924480
2022-09-01T04:00:00Z,17.48,17.66,17.415,17.51,670203
2022-08-31T04:00:00Z,17.8,17.855,17.505,17.55,824109
2022-08-30T04:00:00Z,17.785,17.895,17.765,17.815,767611
2022-08-29T04:00:00Z,17.8,17.915,17.71,17.785,462266
2022-08-26T04:00:00Z,18.04,18.09,17.855,17.885,523864
2022-08-25T04:00:00Z,18.04,18.095,17.94,18.085,531495
2022-08-24T04:00:00Z,18.055,18.055,17.87,18.025,408898
2022-08-23T04:00:00Z,18.12,18.185,18.02,18.06,521026
2022-08-22T04:00:00Z,18.3,18.325,18.07,18.15,594338
2022-08-19T04:00:00Z,18.38,18.505,18.32,18.43,482964
2022-08-18T04:00:00Z,18.26,18.525,18.19,18.42,553834
2022-08-17T04:00:00Z,18.42,18.61,18.33,18.41,558427
2022-08-16T04:00:00Z,18.385,18.7,18.375,18.57,683111
2022-08-15T04:00:00Z,18.205,18.46,18.2,18.39,630997
2022-08-12T04:00:00Z,18.1,18.265,18.09,18.26,378389
2022-08-11T04:00:00Z,18.04,18.17,18.015,18.05,818717
2022-08-10T04:00:00Z,18.22,18.235,17.99,17.99,1044212
2022-08-09T04:00:00Z,18.095,18.22,18.055,18.11,709528
2022-08-08T04:00:00Z,18.38,18.39,18,18.01,801957
2022-08-05T04:00:00Z,18.3,18.36,18.09,18.355,668568
2022-08-04T04:00:00Z,18.32,18.375,18.22,18.265,485863
2022-08-03T04:00:00Z,18.405,18.5,18.315,18.36,804326
2022-08-02T04:00:00Z,18.725,18.725,18.32,18.37,1468573
2022-08-01T04:00:00Z,18.84,18.86,18.615,18.73,637218
2022-07-29T04:00:00Z,18.51,18.845,18.485,18.79,970551
2022-07-28T04:00:00Z,18.3,18.77,18.29,18.57,1051217
2022-07-27T04:00:00Z,18.34,18.48,18.235,18.38,893427
2022-07-26T04:00:00Z,18.375,18.435,18.185,18.295,775912
2022-07-25T04:00:00Z,18.38,18.65,18.335,18.52,1221808
2022-07-22T04:00:00Z,18.66,18.68,18.25,18.39,2192560
2022-07-21T04:00:00Z,19.04,19.12,18.25,18.92,3796255
2022-07-20T04:00:00Z,20.81,20.82,20.405,20.48,901998
2022-07-19T04:00:00Z,20.61,20.85,20.55,20.78,555184
2022-07-18T04:00:00Z,20.63,20.69,20.51,20.53,413685
2022-07-15T04:00:00Z,20.56,20.585,20.21,20.56,527937
2022-07-14T04:00:00Z,20.13,20.345,20.05,20.33,536112
2022-07-13T04:00:00Z,20.46,20.6,20.235,20.445,704606
2022-07-12T04:00:00Z,20.63,20.85,20.465,20.59,628998
2022-07-11T04:00:00Z,20.71,20.85,20.63,20.67,752454
2022-07-08T04:00:00Z,20.98,21.05,20.755,20.795,871459
2022-07-07T04:00:00Z,21.17,21.32,21.03,21.14,713736
2022-07-06T04:00:00Z,21.14,21.225,20.895,21.085,924326
2022-07-05T04:00:00Z,21.08,21.18,20.78,21.18,865234
2022-07-01T04:00:00Z,20.9,21.385,20.875,21.32,938995
2022-06-30T04:00:00Z,20.8,21.15,20.755,20.98,954169
2022-06-29T04:00:00Z,20.67,21.02,20.55,20.94,664987
2022-06-28T04:00:00Z,20.93,21.055,20.605,20.64,463909
2022-06-27T04:00:00Z,20.99,21.02,20.67,20.8,710219
2022-06-24T04:00:00Z,20.69,21.06,20.51,21,1343806
2022-06-23T04:00:00Z,20.44,20.775,20.085,20.62,1355052
2022-06-22T04:00:00Z,19.85,20.545,19.85,20.32,1453583
2022-06-21T04:00:00Z,19.64,20.05,19.475,19.96,1227384
2022-06-17T04:00:00Z,19.145,19.42,19,19.37,2159529
2022-06-16T04:00:00Z,19.21,19.27,18.67,18.975,2913534
2022-06-15T04:00:00Z,19.6,19.705,19.18,19.44,1125399
2022-06-14T04:00:00Z,19.87,19.94,19.305,19.47,1004956
2022-06-13T04:00:00Z,20.38,20.475,19.675,19.77,1528397
2022-06-10T04:00:00Z,20.685,20.845,20.65,20.67,1050626
2022-06-09T04:00:00Z,21.02,21.16,20.875,20.885,704427
2022-06-08T04:00:00Z,21.1,21.19,20.995,21.05,444177
2022-06-07T04:00:00Z,20.875,21.185,20.77,21.13,510111
2022-06-06T04:00:00Z,20.93,21.05,20.84,20.94,599165
2022-06-03T04:00:00Z,21.04,21.14,20.8,20.89,639882
2022-06-02T04:00:00Z,21.25,21.25,20.945,21.195,767217
2022-06-01T04:00:00Z,21.41,21.46,21.12,21.22,1287804
2022-05-31T04:00:00Z,21.17,21.43,20.98,21.32,1228123
2022-05-27T04:00:00Z,21.26,21.405,21.15,21.3,1099596
2022-05-26T04:00:00Z,21.4,21.525,21.27,21.32,940531
2022-05-25T04:00:00Z,21.13,21.37,21.07,21.31,1345636
2022-05-24T04:00:00Z,20.82,21.225,20.62,21.19,1536417
2022-05-23T04:00:00Z,20.57,20.91,20.43,20.74,989869
2022-05-20T04:00:00Z,20.18,20.42,20.09,20.415,1677270
2022-05-19T04:00:00Z,19.99,20.335,19.92,20.22,1339917
2022-05-18T04:00:00Z,20.52,20.63,20.125,20.245,1575232
2022-05-17T04:00:00Z,20.4,20.67,20.245,20.57,1529474
2022-05-16T04:00:00Z,19.935,20.375,19.675,20.3,1328629
2022-05-13T04:00:00Z,19.74,19.86,19.545,19.84,890051
2022-05-12T04:00:00Z,19.53,19.735,19.44,19.73,1240120
2022-05-11T04:00:00Z,19.52,19.66,19.295,19.43,2022009
2022-05-10T04:00:00Z,19.62,19.845,19.245,19.36,966325
2022-05-09T04:00:00Z,19.98,20.02,19.475,19.57,1032470
2022-05-06T04:00:00Z,19.83,20.105,19.66,20.04,1437360
2022-05-05T04:00:00Z,19.74,19.99,19.69,19.98,1514673
2022-05-04T04:00:00Z,19.28,19.975,19.22,19.95,1879489
2022-05-03T04:00:00Z,19.18,19.67,19.04,19.33,1572654
2022-05-02T04:00:00Z,19.02,19.385,18.865,19.115,2880659
2022-04-29T04:00:00Z,19.345,19.37,18.82,18.85,2012524
2022-04-28T04:00:00Z,19.25,19.59,19.1,19.42,2609332
2022-04-27T04:00:00Z,19.19,19.355,18.99,19.08,2318564
2022-04-26T04:00:00Z,19.42,19.65,19.3,19.3,1708847
2022-04-25T04:00:00Z,19.75,19.87,19.115,19.52,2379375
2022-04-22T04:00:00Z,20.045,20.045,19.5,19.515,2063111
2022-04-21T04:00:00Z,19.67,20.345,19.63,20.22,2026998
2022-04-20T04:00:00Z,19.515,19.585,19.305,19.44,1446024
2022-04-19T04:00:00Z,19.49,19.635,19.39,19.49,1750316
2022-04-18T04:00:00Z,19.42,19.565,19.3,19.46,1203313
2022-04-14T04:00:00Z,19.33,19.59,19.21,19.54,1122699
2022-04-13T04:00:00Z,19.11,19.49,19.05,19.41,2422759
2022-04-12T04:00:00Z,19.77,20.05,19.51,19.57,2468240
2022-04-11T04:00:00Z,18.89,19.765,18.86,19.61,4236596
2022-04-08T04:00:00Z,23.685,24.24,23.555,24.14,1235362
2022-04-07T04:00:00Z,23.97,23.97,23.62,23.74,1631965
2022-04-06T04:00:00Z,23.895,24.14,23.595,24.03,872130
2022-04-05T04:00:00Z,23.97,24.14,23.855,23.88,841420
2022-04-04T04:00:00Z,23.85,24.2,23.58,24.19,1320129
2022-04-01T04:00:00Z,23.72,24,23.395,23.98,1195066
2022-03-31T04:00:00Z,23.98,24.125,23.625,23.64,977421
2022-03-30T04:00:00Z,24.035,24.15,23.92,24.13,786897
2022-03-29T04:00:00Z,23.93,24.06,23.855,24,1112052
2022-03-28T04:00:00Z,24,24.06,23.72,23.87,930493
2022-03-25T04:00:00Z,23.4,23.84,23.34,23.84,611999
2022-03-24T04:00:00Z,23.26,23.35,23.16,23.325,1216986
2022-03-23T04:00:00Z,23.22,23.445,23.17,23.2,934601
2022-03-22T04:00:00Z,23.32,23.49,23.18,23.2,688038
2022-03-21T04:00:00Z,23.26,23.51,23.09,23.16,1107080
2022-03-18T04:00:00Z,23.21,23.345,23.025,23.21,1036816
2022-03-17T04:00:00Z,23.03,23.27,22.94,23.2,1106458
2022-03-16T04:00:00Z,23.12,23.285,22.97,23.2,1092032
2022-03-15T04:00:00Z,22.98,23.2,22.915,23.08,1212421
2022-03-14T04:00:00Z,23.22,23.23,22.81,22.88,1443558
2022-03-11T05:00:00Z,23.59,23.69,23.15,23.19,1340027
2022-03-10T05:00:00Z,23.22,23.22,22.94,23.19,1315416
2022-03-09T05:00:00Z,23.28,23.51,23.21,23.25,1380752
2022-03-07T05:00:00Z,23.67,23.865,23.485,23.57,1274546
2022-03-04T05:00:00Z,23.71,23.885,23.44,23.875,886849
2022-03-03T05:00:00Z,24,24.085,23.68,23.91,982538
2022-03-02T05:00:00Z,23.55,24.04,23.53,23.8,989010
2022-03-01T05:00:00Z,23.645,23.73,23.185,23.54,870077
2022-02-28T05:00:00Z,23.56,23.745,23.42,23.67,1012501
2022-02-25T05:00:00Z,23.44,24.105,23.44,23.9,1112425
2022-02-24T05:00:00Z,23.02,23.285,22.65,23.215,1878392
2022-02-23T05:00:00Z,23.8,23.92,23.42,23.535,847671
2022-02-22T05:00:00Z,23.78,24.095,23.57,23.75,1212951
2022-02-18T05:00:00Z,23.69,23.96,23.555,23.87,1138159
2022-02-17T05:00:00Z,23.86,23.95,23.605,23.76,1423383
2022-02-16T05:00:00Z,24.17,24.33,23.78,23.94,952592
2022-02-15T05:00:00Z,24.17,24.455,24.115,24.34,922913
2022-02-14T05:00:00Z,24.02,24.235,23.84,24.05,1007207
2022-02-11T05:00:00Z,24.27,24.45,24.015,24.12,1164129
2022-02-10T05:00:00Z,24.48,24.65,24.21,24.25,1371574
2022-02-09T05:00:00Z,24.01,24.55,23.99,24.5,1388001
2022-02-08T05:00:00Z,23.9,24.1,23.83,23.935,871312
2022-02-07T05:00:00Z,24.02,24.075,23.645,23.925,1525522
2022-02-04T05:00:00Z,24.47,24.535,23.98,24.08,1207355
2022-02-03T05:00:00Z,24.58,24.895,24.44,24.555,1297587
2022-02-02T05:00:00Z,24.18,24.68,24.07,24.53,1926504
2022-02-01T05:00:00Z,24.19,24.56,24.125,24.415,2541928
2022-01-31T05:00:00Z,24.92,25.53,24.625,25.49,2061560
2022-01-28T05:00:00Z,24.09,25.235,23.945,25.2,1596077
2022-01-27T05:00:00Z,24.07,24.52,23.585,24.11,1608060
2022-01-26T05:00:00Z,26.91,26.91,24.3,24.39,2972025
2022-01-25T05:00:00Z,26.16,26.61,25.71,26.48,2225101
2022-01-24T05:00:00Z,26.19,26.57,26.095,26.415,322334
2022-01-21T05:00:00Z,26.84,26.99,26.445,26.645,1495383
2022-01-20T05:00:00Z,27.04,27.405,26.97,27.01,1026777
2022-01-19T05:00:00Z,27.45,27.45,26.78,27.29,2232313
2022-01-18T05:00:00Z,27.19,27.455,26.92,27.305,2254253
2022-01-14T05:00:00Z,26.69,27.23,26.48,27.2,1807399
2022-01-13T05:00:00Z,26.49,27.065,26.335,26.82,1630398
2022-01-12T05:00:00Z,26.26,26.505,26.165,26.46,677766
2022-01-11T05:00:00Z,26.59,26.72,26.145,26.33,1320796
2022-01-10T05:00:00Z,26.39,26.63,26.2,26.47,1538027
2022-01-07T05:00:00Z,25.9,26.51,25.83,26.3,1452255
2022-01-06T05:00:00Z,26.74,26.78,25.96,26.11,1468421
2022-01-05T05:00:00Z,26.02,26.815,26.02,26.21,2177057
2022-01-04T05:00:00Z,25.66,25.87,25.445,25.64,833448
2022-01-03T05:00:00Z,24.83,25.57,24.82,25.425,996739
2021-12-31T05:00:00Z,24.72,24.82,24.57,24.6,655583
2021-12-30T05:00:00Z,24.67,24.95,24.67,24.79,573969
2021-12-29T05:00:00Z,24.79,24.92,24.61,24.64,529651
2021-12-28T05:00:00Z,24.72,25.12,24.705,24.84,557531
2021-12-27T05:00:00Z,24.87,25.09,24.63,24.78,562558
2021-12-23T05:00:00Z,24.82,25.02,24.81,24.87,609685
2021-12-22T05:00:00Z,24.45,24.83,24.24,24.78,987748
2021-12-21T05:00:00Z,24.31,24.82,24.195,24.47,1446959
2021-12-20T05:00:00Z,24.03,24.29,23.76,24.19,1423530
2021-12-17T05:00:00Z,23.775,23.84,23.285,23.78,2142324
2021-12-16T05:00:00Z,22.7,23.885,22.69,23.695,2495707
2021-12-15T05:00:00Z,22.29,22.37,22.02,22.15,1933755
2021-12-14T05:00:00Z,22.39,22.72,22.255,22.265,1443147
2021-12-13T05:00:00Z,22.78,22.78,22.285,22.43,1610569
2021-12-10T05:00:00Z,23,23.035,22.75,22.85,776584
2021-12-09T05:00:00Z,23,23.04,22.69,22.935,907113
2021-12-08T05:00:00Z,22.98,23.55,22.98,23.165,878298
2021-12-07T05:00:00Z,23.28,23.365,22.97,23.08,1222356
2021-12-06T05:00:00Z,23.57,23.94,23.235,23.3,1244004
2021-12-03T05:00:00Z,22.98,23.53,22.92,23.47,1511103
2021-12-02T05:00:00Z,22.28,23.26,22.28,23.06,2237865
2021-12-01T05:00:00Z,23,23.19,22.22,22.22,1491395
2021-11-30T05:00:00Z,23.66,23.66,22.55,22.845,2079990
2021-11-29T05:00:00Z,24.24,24.245,23.855,23.895,966825
2021-11-26T05:00:00Z,24.08,24.31,24.01,24.22,1032133
2021-11-24T05:00:00Z,24.67,24.71,24.435,24.465,696303
2021-11-23T05:00:00Z,24.7,24.99,24.7,24.765,529525
2021-11-22T05:00:00Z,24.11,24.86,24.075,24.7,1112405
2021-11-19T05:00:00Z,24.3,24.335,23.96,24.13,1075849
2021-11-18T05:00:00Z,24.595,24.68,24.39,24.4,693828
2021-11-17T05:00:00Z,24.62,24.72,24.56,24.665,556048
2021-11-16T05:00:00Z,24.79,24.87,24.63,24.645,569996
2021-11-15T05:00:00Z,24.97,25.04,24.74,24.785,1330799
2021-11-12T05:00:00Z,24.915,25.075,24.915,24.945,557846
2021-11-11T05:00:00Z,24.98,25.095,24.885,24.895,731464
2021-11-10T05:00:00Z,24.69,25.13,24.69,24.96,783886
2021-11-09T05:00:00Z,24.76,24.85,24.58,24.715,749882
2021-11-08T05:00:00Z,25.06,25.13,24.74,24.87,683302
2021-11-05T04:00:00Z,24.9,25.305,24.9,25.095,693015
2021-11-04T04:00:00Z,25.12,25.245,24.54,24.81,1142441
2021-11-03T04:00:00Z,25.14,25.325,25.11,25.17,1102173
2021-11-02T04:00:00Z,25.44,25.465,25.13,25.225,674790
2021-11-01T04:00:00Z,25.47,25.575,25.365,25.375,1033642
2021-10-29T04:00:00Z,25.37,25.52,25.155,25.25,1231256
2021-10-28T04:00:00Z,25.105,25.63,25.105,25.54,2178031
2021-10-27T04:00:00Z,25.395,25.46,25.045,25.06,1342139
2021-10-26T04:00:00Z,25.635,25.695,25.35,25.37,880935
2021-10-22T04:00:00Z,25.77,25.79,25.47,25.48,1117966
2021-10-21T04:00:00Z,26.11,26.26,25.6,25.76,731103
2021-10-20T04:00:00Z,25.63,26.09,25.565,25.9,1078398
2021-10-19T04:00:00Z,25.42,25.595,25.275,25.595,867187
2021-10-18T04:00:00Z,25.56,25.65,25.295,25.335,764913
2021-10-15T04:00:00Z,25.7,25.94,25.655,25.695,1172627
2021-10-14T04:00:00Z,25.35,25.8,25.35,25.615,1056358
2021-10-13T04:00:00Z,25.3,25.445,25.01,25.305,1119410
2021-10-12T04:00:00Z,25.99,26.02,25.365,25.42,1422990
2021-10-11T04:00:00Z,26.71,26.755,26.03,26.035,1176168
2021-10-08T04:00:00Z,27.05,27.11,26.75,26.775,836396
2021-10-07T04:00:00Z,26.97,27.22,26.97,27.08,1259957
2021-10-06T04:00:00Z,27.245,27.335,26.97,27.315,763204
2021-10-05T04:00:00Z,27.29,27.475,27.165,27.34,847362
2021-10-04T04:00:00Z,27.24,27.45,27.09,27.25,1008514
2021-10-01T04:00:00Z,27.15,27.4,27.015,27.17,659275
2021-09-30T04:00:00Z,27.48,27.49,27.015,27.015,1438405
2021-09-29T04:00:00Z,27.3,27.57,27.17,27.41,752126
2021-09-28T04:00:00Z,27.48,27.73,27.19,27.23,896150
2021-09-27T04:00:00Z,27.18,27.645,27.18,27.4,903125
2021-09-24T04:00:00Z,27.15,27.375,27.115,27.13,724589
2021-09-23T04:00:00Z,27.045,27.29,27.03,27.19,834288
2021-09-22T04:00:00Z,27.04,27.2,26.99,26.99,794608
2021-09-21T04:00:00Z,27.29,27.42,26.95,26.95,833332
2021-09-20T04:00:00Z,27.32,27.365,26.95,27.24,951368
2021-09-17T04:00:00Z,27.46,27.9,27.46,27.52,1380109
2021-09-16T04:00:00Z,27.56,27.74,27.445,27.58,806774
2021-09-15T04:00:00Z,27.34,27.645,27.325,27.56,1025083
2021-09-14T04:00:00Z,27.55,27.605,27.255,27.33,796347
2021-09-13T04:00:00Z,27.355,27.745,27.33,27.525,1032525
2021-09-10T04:00:00Z,27.45,27.485,27.16,27.18,723774
2021-09-09T04:00:00Z,27.54,27.67,27.41,27.41,685448
2021-09-08T04:00:00Z,27.48,27.735,27.48,27.6,972039
2021-09-07T04:00:00Z,27.46,27.55,27.375,27.42,538875
2021-09-03T04:00:00Z,27.59,27.73,27.32,27.545,606171
2021-09-02T04:00:00Z,27.18,27.87,27.16,27.65,1285921
2021-09-01T04:00:00Z,27.425,27.455,27.14,27.185,575389
2021-08-31T04:00:00Z,27.18,27.49,27.125,27.425,762277
2021-08-30T04:00:00Z,27.16,27.3,27.05,27.22,712802
2021-08-27T04:00:00Z,27.02,27.19,26.89,27.125,622365
2021-08-26T04:00:00Z,27.395,27.415,27.02,27.025,790146
2021-08-25T04:00:00Z,27.44,27.515,27.345,27.44,343048
2021-08-24T04:00:00Z,27.55,27.55,27.37,27.45,381554
2021-08-23T04:00:00Z,27.69,27.715,27.5,27.52,551330
2021-08-20T04:00:00Z,27.54,27.835,27.43,27.58,502960
2021-08-19T04:00:00Z,27.82,27.84,27.5,27.54,644388
2021-08-18T04:00:00Z,28.13,28.13,27.805,27.81,477263
2021-08-17T04:00:00Z,28.09,28.265,28.02,28.2,489048
2021-08-16T04:00:00Z,28.105,28.285,27.98,28.195,448271
2021-08-13T04:00:00Z,28.04,28.26,28,28.2,484326
2021-08-12T04:00:00Z,28.185,28.215,27.95,28.01,384535
2021-08-11T04:00:00Z,28.105,28.215,28.03,28.16,382410
2021-08-10T04:00:00Z,27.83,28.105,27.775,28.09,496430
2021-08-09T04:00:00Z,27.98,27.985,27.815,27.835,535627
2021-08-06T04:00:00Z,27.94,28.08,27.93,27.95,375650
2021-08-05T04:00:00Z,27.91,27.995,27.865,27.93,560235
2021-08-04T04:00:00Z,28.02,28.12,27.81,27.85,584711
2021-08-03T04:00:00Z,28.12,28.245,27.91,28.195,640118
2021-08-02T04:00:00Z,28.24,28.55,28.035,28.11,880554
2021-07-30T04:00:00Z,28.39,28.4,28.015,28.045,832191
2021-07-29T04:00:00Z,28.13,28.445,28.13,28.29,650826
2021-07-28T04:00:00Z,28.19,28.285,27.86,28.025,638835
2021-07-27T04:00:00Z,27.95,28.385,27.89,28.2,582807
2021-07-26T04:00:00Z,28.06,28.24,28.02,28.175,1326663
2021-07-23T04:00:00Z,27.99,28.205,27.94,28.15,499091
2021-07-22T04:00:00Z,28.26,28.33,27.74,28.01,505599
2021-07-21T04:00:00Z,28.06,28.29,27.86,27.86,607557
2021-07-20T04:00:00Z,27.69,28.18,27.69,27.91,712767
2021-07-19T04:00:00Z,28.1,28.195,27.5,27.8,1130074
2021-07-16T04:00:00Z,28.51,28.63,28.3,28.345,504144
2021-07-15T04:00:00Z,28.23,28.495,28.21,28.44,568329
2021-07-14T04:00:00Z,28.24,28.355,28.16,28.255,583711
2021-07-13T04:00:00Z,28.475,28.61,28.22,28.25,462369
2021-07-12T04:00:00Z,28.32,28.57,28.24,28.49,341802
2021-07-09T04:00:00Z,28.295,28.535,28.255,28.46,554526
2021-07-08T04:00:00Z,28.27,28.36,28.09,28.17,885136
2021-07-07T04:00:00Z,29.04,29.07,28.865,28.925,513769
2021-07-06T04:00:00Z,29.245,29.325,28.955,29.01,565684
2021-07-02T04:00:00Z,29.12,29.345,29.1,29.23,1066193
2021-07-01T04:00:00Z,28.885,29.215,28.87,29.12,400206
2021-06-30T04:00:00Z,28.66,28.86,28.66,28.775,439356
2021-06-29T04:00:00Z,28.8,29.03,28.655,28.67,549743
2021-06-28T04:00:00Z,28.91,28.91,28.75,28.77,404928
2021-06-25T04:00:00Z,28.72,28.945,28.67,28.89,458861
2021-06-24T04:00:00Z,28.71,28.84,28.61,28.78,575516
2021-06-23T04:00:00Z,28.8,28.92,28.65,28.655,397917
2021-06-22T04:00:00Z,28.94,28.99,28.775,28.78,816988
2021-06-21T04:00:00Z,28.73,28.945,28.68,28.93,572733
2021-06-18T04:00:00Z,28.58,28.75,28.41,28.64,1245819
2021-06-17T04:00:00Z,29.07,29.14,28.71,28.73,773251
2021-06-16T04:00:00Z,29.29,29.34,28.99,29.05,702136
2021-06-15T04:00:00Z,29.065,29.295,29.05,29.28,596802
2021-06-14T04:00:00Z,29.24,29.27,28.96,29.1,475014
2021-06-11T04:00:00Z,29.23,29.35,0,29.35,814017
2021-06-10T04:00:00Z,29.01,29.29,29.01,29.18,831228
2021-06-09T04:00:00Z,28.91,29.18,28.9,29,1043579
2021-06-08T04:00:00Z,29.03,29.035,28.73,28.975,1252327
2021-06-07T04:00:00Z,29.3,29.325,29.01,29.095,585575
2021-06-04T04:00:00Z,29.23,29.335,29.19,29.275,1428078
2021-06-03T04:00:00Z,29.42,29.56,29.19,29.22,901031
2021-06-02T04:00:00Z,29.27,29.63,29.15,29.63,1204488
2021-06-01T04:00:00Z,29.48,29.51,29.225,29.32,913009
2021-05-28T04:00:00Z,29.67,29.69,29.375,29.49,869657
2021-05-27T04:00:00Z,29.66,29.9,29.57,29.74,838753
2021-05-26T04:00:00Z,29.51,29.64,29.385,29.55,791261
2021-05-25T04:00:00Z,29.71,29.73,29.24,29.53,1375077
2021-05-24T04:00:00Z,30.07,30.14,29.73,29.74,848735
2021-05-21T04:00:00Z,30.03,30.23,29.86,30.015,1838812
2021-05-20T04:00:00Z,28.95,29.695,28.91,29.64,2003971
2021-05-19T04:00:00Z,29.05,29.18,28.675,28.95,2562905
2021-05-18T04:00:00Z,29.865,30,28.89,29.55,5580035
2021-05-17T04:00:00Z,33.52,33.86,31.24,31.375,3981017
2021-05-14T04:00:00Z,32.31,32.545,32.22,32.22,467710
2021-05-13T04:00:00Z,31.73,32.35,31.69,32.21,772060
2021-05-12T04:00:00Z,32.18,32.29,31.935,31.97,659435
2021-05-11T04:00:00Z,32.55,32.67,32.08,32.27,784281
2021-05-10T04:00:00Z,32.32,32.9,32.28,32.63,1031327
2021-05-07T04:00:00Z,32.19,32.35,32.07,32.15,1077064
2021-05-06T04:00:00Z,32.03,32.415,31.975,32.415,949956
2021-05-05T04:00:00Z,32,32.17,31.82,32.03,619520
2021-05-04T04:00:00Z,31.58,32.07,31.56,32.03,1411014
2021-05-03T04:00:00Z,31.72,31.84,31.465,31.5,1073542
2021-04-30T04:00:00Z,31.36,31.425,31.05,31.42,594111
2021-04-29T04:00:00Z,31.12,31.51,31.12,31.34,903662
2021-04-28T04:00:00Z,30.97,31.15,30.9,30.945,552616
2021-04-27T04:00:00Z,30.8,30.88,30.63,30.77,1069150
2021-04-26T04:00:00Z,31.38,31.38,30.89,30.9,735731
2021-04-23T04:00:00Z,31.48,31.7,31.405,31.41,908897
2021-04-22T04:00:00Z,31.3,31.88,31.15,31.36,2520662
2021-04-21T04:00:00Z,29.96,30.23,29.91,30.105,940654
2021-04-20T04:00:00Z,29.96,30.01,29.85,29.88,532299
2021-04-16T04:00:00Z,29.885,30.03,29.84,29.95,453643
2021-04-15T04:00:00Z,29.75,29.835,29.685,29.755,809341
2021-04-14T04:00:00Z,29.59,29.795,29.31,29.715,576711
2021-04-13T04:00:00Z,29.85,29.85,29.51,29.63,430687
2021-04-12T04:00:00Z,30.01,30.16,29.905,29.97,516450
2021-04-09T04:00:00Z,30.05,30.185,29.915,30.035,978464
2021-04-08T04:00:00Z,30.29,30.33,29.935,30.01,627900
2021-04-07T04:00:00Z,31,31.145,30.805,30.93,711289
2021-04-06T04:00:00Z,30.72,30.98,30.695,30.98,705211
2021-04-05T04:00:00Z,30.63,30.83,30.61,30.705,565778
2021-04-01T04:00:00Z,30.2,30.48,30.035,30.48,671818
2021-03-31T04:00:00Z,30.62,30.64,30.21,30.26,658316
2021-03-30T04:00:00Z,30.61,30.74,30.4,30.74,784516
2021-03-29T04:00:00Z,30.39,30.645,30.225,30.57,766743
2021-03-26T04:00:00Z,30.25,30.595,30.08,30.305,1476675
2021-03-25T04:00:00Z,29.98,30.185,29.82,30.08,1104155
2021-03-24T04:00:00Z,29.98,30.285,29.98,29.99,805060
2021-03-23T04:00:00Z,29.91,30.255,29.82,29.995,1196596
2021-03-22T04:00:00Z,29.78,30.005,29.59,29.995,718206
2021-03-19T04:00:00Z,30,30.05,29.625,29.77,862868
2021-03-18T04:00:00Z,30.095,30.5,29.99,30.01,851746
2021-03-17T04:00:00Z,30.14,30.23,29.81,30.14,1245786
2021-03-16T04:00:00Z,29.71,30.03,29.71,29.985,807171
2021-03-15T04:00:00Z,29.935,30.07,29.68,29.925,1529957
2021-03-12T05:00:00Z,29.94,30.855,29.72,29.81,2072964
2021-03-11T05:00:00Z,29.9,30,29.5,29.53,861108
2021-03-10T05:00:00Z,29.88,30.15,29.58,29.985,944696
2021-03-09T05:00:00Z,29.895,30.135,29.63,29.63,1350062
2021-03-08T05:00:00Z,29.57,30.385,29.425,29.965,1613612
2021-03-05T05:00:00Z,29,29.74,29,29.61,1412251
2021-03-04T05:00:00Z,28.82,29.31,28.65,28.895,1610618
2021-03-03T05:00:00Z,28.2,28.93,28.19,28.72,1810169
2021-03-02T05:00:00Z,28.1,28.455,28.1,28.22,585123
2021-03-01T05:00:00Z,28.16,28.45,28.03,28.09,948673
2021-02-26T05:00:00Z,28.68,28.77,27.89,27.89,1627070
2021-02-25T05:00:00Z,29.2,29.255,28.595,28.635,1522827
2021-02-24T05:00:00Z,29.22,29.59,29.2,29.385,710591
2021-02-23T05:00:00Z,29.68,29.805,29.12,29.17,978604
2021-02-22T05:00:00Z,28.99,29.565,28.99,29.33,735192
2021-02-19T05:00:00Z,29.33,29.33,28.98,28.995,531967
2021-02-18T05:00:00Z,29.56,29.58,29.215,29.22,573739
2021-02-17T05:00:00Z,28.84,29.74,28.8,29.57,1178511
2021-02-16T05:00:00Z,28.79,29.18,28.74,28.98,1112494
2021-02-12T05:00:00Z,28.59,28.84,28.59,28.79,956901
2021-02-11T05:00:00Z,28.53,28.7,28.48,28.695,772536
2021-02-10T05:00:00Z,28.6,28.655,28.48,28.55,1185701
2021-02-09T05:00:00Z,28.69,28.78,28.565,28.62,542564
2021-02-08T05:00:00Z,28.96,28.975,28.62,28.77,597872
2021-02-05T05:00:00Z,29.05,29.07,28.865,28.92,485972
2021-02-04T05:00:00Z,28.52,28.89,28.47,28.885,804395
2021-02-03T05:00:00Z,28.51,28.65,28.455,28.515,1270703
2021-02-02T05:00:00Z,28.77,28.815,28.38,28.525,1035231
2021-02-01T05:00:00Z,28.92,28.92,28.34,28.64,725689
2021-01-29T05:00:00Z,28.78,29.04,28.575,28.625,1108277
2021-01-28T05:00:00Z,29.04,29.705,28.78,28.79,1278474
2021-01-27T05:00:00Z,29.035,30.19,28.99,29.13,2066893
2021-01-26T05:00:00Z,29.1,29.835,29.07,29.725,1336268
2021-01-25T05:00:00Z,28.7,29.18,28.49,29.145,899084
2021-01-22T05:00:00Z,28.76,29.05,28.58,28.955,619135
2021-01-21T05:00:00Z,28.94,29.075,28.765,28.835,573981
2021-01-20T05:00:00Z,29,29,28.745,28.95,453923
2021-01-19T05:00:00Z,29.26,29.375,28.905,28.94,697408
2021-01-15T05:00:00Z,28.97,29.28,28.86,29.175,856157
2021-01-14T05:00:00Z,28.65,29.765,28.54,29.295,1174187
2021-01-13T05:00:00Z,28.75,28.8,28.47,28.62,953306
2021-01-12T05:00:00Z,28.84,28.85,28.515,28.76,558497
2021-01-11T05:00:00Z,28.715,29.01,28.69,28.855,449151
2021-01-08T05:00:00Z,29.1,29.17,28.755,29.025,1145055
2021-01-07T05:00:00Z,30.02,30.085,29.68,29.915,1138686
2021-01-06T05:00:00Z,29.41,29.995,29.37,29.835,710451
2021-01-05T05:00:00Z,29.51,29.74,29.195,29.26,783294
2021-01-04T05:00:00Z,29.37,29.49,29.02,29.45,1080827
2020-12-31T05:00:00Z,28.45,28.795,28.39,28.765,573898
2020-12-30T05:00:00Z,28.54,28.675,28.43,28.48,534563
2020-12-29T05:00:00Z,28.675,28.88,28.52,28.545,417533
2020-12-28T05:00:00Z,28.92,28.95,28.5,28.525,482774
2020-12-24T05:00:00Z,28.74,28.76,28.505,28.715,315845
2020-12-23T05:00:00Z,28.5,28.93,28.5,28.745,470186
2020-12-22T05:00:00Z,29.01,29.01,28.32,28.39,852575
2020-12-21T05:00:00Z,28.99,29.2,28.76,29.01,752956
2020-12-18T05:00:00Z,29.55,29.675,29.27,29.395,718938
2020-12-17T05:00:00Z,30.07,30.08,29.545,29.61,811483
2020-12-16T05:00:00Z,30.54,30.57,30.245,30.28,546086
2020-12-15T05:00:00Z,30.68,30.695,30.285,30.585,548143
2020-12-14T05:00:00Z,31.21,31.255,30.405,30.56,593652
2020-12-11T05:00:00Z,30.39,31.09,30.39,31,496755
2020-12-10T05:00:00Z,31.07,31.11,30.49,30.695,623584
2020-12-09T05:00:00Z,31,31.88,30.97,31.465,1816130
2020-12-08T05:00:00Z,29.47,30.925,29.47,30.815,1454660
2020-12-07T05:00:00Z,29.73,29.78,29.525,29.645,664498
2020-12-04T05:00:00Z,29.37,29.755,29.315,29.55,753803
2020-12-03T05:00:00Z,29.04,29.23,28.905,29.225,571347
2020-12-02T05:00:00Z,28.82,29.195,28.79,29.085,358618
2020-12-01T05:00:00Z,28.82,29.135,28.75,28.86,645936
2020-11-30T05:00:00Z,28.86,29.01,28.695,28.755,704595
2020-11-27T05:00:00Z,29.03,29.18,28.885,28.985,268800
2020-11-25T05:00:00Z,29.27,29.27,28.9,28.985,266670
2020-11-24T05:00:00Z,28.92,29.435,28.92,29.22,1223090
2020-11-23T05:00:00Z,28.37,28.7,28.37,28.635,416434
2020-11-20T05:00:00Z,28.22,28.42,28.165,28.325,529151
2020-11-19T05:00:00Z,28.475,28.5,28.115,28.29,988988
2020-11-18T05:00:00Z,29.04,29.155,28.62,28.62,518883
2020-11-17T05:00:00Z,28.79,29.13,28.68,29.045,469649
2020-11-16T05:00:00Z,29.02,29.22,28.9,28.98,1099430
2020-11-13T05:00:00Z,28.57,28.985,28.475,28.905,575450
2020-11-12T05:00:00Z,28.53,28.58,28.19,28.435,620334
2020-11-11T05:00:00Z,28.95,28.96,28.43,28.725,720603
2020-11-10T05:00:00Z,28.57,28.97,28.49,28.825,838398
2020-11-09T05:00:00Z,28.27,28.79,28.15,28.315,1308455
2020-11-06T05:00:00Z,27.52,27.695,27.38,27.44,586139
2020-11-05T05:00:00Z,27.19,27.85,27.19,27.515,751727
2020-11-04T05:00:00Z,27.24,27.435,26.86,27.025,899243
2020-11-03T05:00:00Z,27.52,27.795,27.4,27.49,528969
2020-11-02T05:00:00Z,27.365,27.6,27.015,27.34,725772
2020-10-30T04:00:00Z,26.74,27.035,26.695,27.03,764479
2020-10-29T04:00:00Z,26.41,27.045,26.36,26.775,1076635
2020-10-28T04:00:00Z,26.62,26.87,26.45,26.475,982744
2020-10-27T04:00:00Z,27.26,27.27,26.905,26.92,559345
2020-10-26T04:00:00Z,27.65,27.65,27.09,27.365,784809
2020-10-23T04:00:00Z,28.34,28.395,27.75,27.8,840309
2020-10-22T04:00:00Z,27.84,28.5,27.71,28.28,1666465
2020-10-21T04:00:00Z,26.72,26.915,26.55,26.72,1195728
2020-10-20T04:00:00Z,26.99,27.12,26.66,26.795,575975
2020-10-19T04:00:00Z,27.43,27.465,26.825,26.86,585197
2020-10-16T04:00:00Z,27.48,27.57,27.325,27.34,536080
2020-10-15T04:00:00Z,27.3,27.45,27.11,27.44,563995
2020-10-14T04:00:00Z,27.71,27.94,27.48,27.485,962266
2020-10-13T04:00:00Z,27.99,28.12,27.68,27.75,964587
2020-10-12T04:00:00Z,28.29,28.29,28.01,28.12,698850
2020-10-09T04:00:00Z,28.61,28.69,28.24,28.33,578346
2020-10-08T04:00:00Z,28.29,28.625,28.25,28.615,577107
2020-10-07T04:00:00Z,28.86,28.975,28.69,28.8,587288
2020-10-06T04:00:00Z,28.76,29.16,28.66,28.7,667980
2020-10-05T04:00:00Z,28.55,28.75,28.375,28.665,429219
2020-10-02T04:00:00Z,28.27,28.89,28.21,28.675,492831
2020-10-01T04:00:00Z,28.51,28.64,28.355,28.48,430593
2020-09-30T04:00:00Z,28.41,28.67,28.285,28.525,551498
2020-09-29T04:00:00Z,28.285,28.4,28.13,28.315,438713
2020-09-28T04:00:00Z,28.32,28.65,28.245,28.385,576795
2020-09-25T04:00:00Z,27.895,28.105,27.755,28.045,469176
2020-09-24T04:00:00Z,27.85,28.25,27.76,28.045,639717
2020-09-23T04:00:00Z,28.53,28.675,27.845,27.87,551825
2020-09-22T04:00:00Z,28.51,28.92,28.425,28.515,516364
2020-09-21T04:00:00Z,28.78,28.8,28.265,28.625,741320
2020-09-18T04:00:00Z,29.08,29.215,28.915,28.95,573886
2020-09-17T04:00:00Z,29.1,29.235,28.96,29.07,531013
2020-09-16T04:00:00Z,29.15,29.525,29.125,29.245,475262
2020-09-15T04:00:00Z,29.185,29.335,29.065,29.145,556833
2020-09-14T04:00:00Z,29.12,29.295,29.005,29.145,279395
2020-09-11T04:00:00Z,28.94,29.13,28.8,29.01,372625
2020-09-10T04:00:00Z,29.34,29.34,28.91,28.915,827337
2020-09-09T04:00:00Z,29.63,29.69,29.375,29.375,572374
2020-09-08T04:00:00Z,29.42,29.59,29.025,29.515,851479
2020-09-04T04:00:00Z,29.73,29.86,29.26,29.435,628345
2020-09-03T04:00:00Z,29.92,30.17,29.425,29.585,612301
2020-09-02T04:00:00Z,29.34,29.835,29.34,29.705,503362
2020-09-01T04:00:00Z,29.72,29.72,29.32,29.475,573983
2020-08-31T04:00:00Z,30.03,30.155,29.81,29.835,703756
2020-08-28T04:00:00Z,29.89,30.075,29.82,30.055,380453
2020-08-27T04:00:00Z,30.015,30.16,29.815,29.895,639998
2020-08-26T04:00:00Z,29.81,30.12,29.705,29.975,378973
2020-08-25T04:00:00Z,30.035,30.125,29.835,29.905,363305
2020-08-24T04:00:00Z,29.68,30.025,29.68,30.025,484643
2020-08-21T04:00:00Z,29.68,29.785,29.535,29.695,263810
2020-08-20T04:00:00Z,29.54,29.865,29.51,29.675,373199
2020-08-19T04:00:00Z,29.795,29.885,29.68,29.745,358258
2020-08-18T04:00:00Z,29.81,29.93,29.77,29.805,545461
2020-08-17T04:00:00Z,30.03,30.03,29.805,29.845,355452
2020-08-14T04:00:00Z,29.79,30.145,29.765,30.005,303109
2020-08-13T04:00:00Z,29.965,30.125,29.845,29.905,352385
2020-08-12T04:00:00Z,30.42,30.49,30.115,30.185,272538
2020-08-11T04:00:00Z,30.485,30.765,30.115,30.22,565389
2020-08-10T04:00:00Z,30.01,30.2,30.005,30.19,940814
2020-08-07T04:00:00Z,29.72,30.055,29.58,30.025,902123
2020-08-06T04:00:00Z,29.7,30.08,29.7,29.855,347913
2020-08-05T04:00:00Z,30.15,30.195,29.8,29.86,384451
2020-08-04T04:00:00Z,29.585,30.155,29.56,29.985,603533
2020-08-03T04:00:00Z,29.95,29.96,29.415,29.615,602696
2020-07-31T04:00:00Z,29.49,29.61,29.27,29.575,572235
2020-07-30T04:00:00Z,29.45,29.73,29.365,29.57,440178
2020-07-29T04:00:00Z,29.54,29.655,29.315,29.575,802138
2020-07-28T04:00:00Z,29.2,29.885,29.2,29.665,547544
2020-07-27T04:00:00Z,29.5,29.51,29.22,29.28,322334
