2024-06-14T04:00:00Z,94.43,94.84,94.25,94.655,536758
2024-06-13T04:00:00Z,93.23,93.99,92.95,93.85,668567
2024-06-12T04:00:00Z,92.955,93.56,92.49,92.545,648680
2024-06-11T04:00:00Z,91.095,91.87,90.925,91.83,596067
2024-06-10T04:00:00Z,90.99,91.055,90.7,90.885,269943
2024-06-07T04:00:00Z,91.81,91.81,91.4,91.505,551368
2024-06-06T04:00:00Z,92.925,93.425,92.86,93.23,346238
2024-06-05T04:00:00Z,93,93.35,92.39,93.35,809683
2024-06-04T04:00:00Z,92.205,92.79,91.99,92.64,701094
2024-06-03T04:00:00Z,90.615,91.67,90.61,91.59,777220
2024-05-31T04:00:00Z,90.475,90.65,90.25,90.55,785716
2024-05-30T04:00:00Z,89.595,89.93,89.445,89.84,548952
2024-05-29T04:00:00Z,89.335,89.39,88.685,89,772499
2024-05-28T04:00:00Z,91.29,91.355,90.03,90.07,1005891
2024-05-24T04:00:00Z,90.95,91.47,90.9,91.375,390413
2024-05-23T04:00:00Z,91.77,91.77,90.82,91.115,740041
2024-05-22T04:00:00Z,91.27,91.745,91.27,91.7,544364
2024-05-21T04:00:00Z,91.735,91.76,91.44,91.615,210676
2024-05-20T04:00:00Z,91.055,91.305,91.01,91.12,243601
2024-05-17T04:00:00Z,91.615,91.795,91.345,91.4,353117
2024-05-16T04:00:00Z,92.38,92.4,91.94,92.03,566175
2024-05-15T04:00:00Z,91.86,92.25,91.64,92.135,931665
2024-05-14T04:00:00Z,90.63,90.915,90.425,90.855,412650
2024-05-13T04:00:00Z,90.55,90.57,90.31,90.37,424727
2024-05-10T04:00:00Z,90.255,90.375,89.96,90.15,441265
2024-05-09T04:00:00Z,89.85,90.76,89.82,90.585,637304
2024-05-08T04:00:00Z,90.31,90.455,90.165,90.205,419420
2024-05-07T04:00:00Z,90.895,91.23,90.62,90.735,601336
2024-05-06T04:00:00Z,89.875,90.25,89.67,90.145,480523
2024-05-03T04:00:00Z,89.935,90.1,89.285,89.825,1051771
2024-05-02T04:00:00Z,88.185,89.005,88.025,88.92,991155
2024-05-01T04:00:00Z,88.585,89.21,88.275,88.57,840626
2024-04-30T04:00:00Z,88.41,88.73,88.1,88.27,1311869
2024-04-29T04:00:00Z,88.665,89.01,88.485,88.99,611970
2024-04-26T04:00:00Z,88.245,88.6,88.175,88.26,471026
2024-04-25T04:00:00Z,87.425,87.9,87.355,87.78,604764
2024-04-24T04:00:00Z,88.595,88.595,87.98,88.37,621558
2024-04-23T04:00:00Z,88.73,89.53,88.555,89.02,393416
2024-04-22T04:00:00Z,88.675,89.1,88.67,89.01,333834
2024-04-19T04:00:00Z,89.355,89.375,88.91,89.15,615952
2024-04-18T04:00:00Z,89.14,89.245,88.59,88.825,613822
2024-04-17T04:00:00Z,88.87,89.365,88.47,89.29,593311
2024-04-16T04:00:00Z,88.05,88.58,87.8,88.33,759760
2024-04-15T04:00:00Z,89.21,89.23,88.55,88.915,1069167
2024-04-12T04:00:00Z,90.63,90.93,90.29,90.3,631560
2024-04-11T04:00:00Z,90.41,90.43,89.52,89.795,783338
2024-04-10T04:00:00Z,91.21,91.29,90.055,90.24,1160930
2024-04-09T04:00:00Z,91.85,92.35,91.84,92.24,486037
2024-04-08T04:00:00Z,91.21,91.58,91.14,91.395,573893
2024-04-05T04:00:00Z,91.685,92.16,91.38,91.38,745992
2024-04-04T04:00:00Z,92.65,92.75,92.045,92.665,793283
2024-04-03T04:00:00Z,91.255,92.05,91.06,92.03,530173
2024-04-02T04:00:00Z,91.58,92.195,91.355,92.075,772591
2024-04-01T04:00:00Z,93.285,93.285,92.46,92.545,1008797
2024-03-28T04:00:00Z,94.465,95.015,94.335,94.58,536927
2024-03-27T04:00:00Z,93.985,94.7,93.94,94.655,711239
2024-03-26T04:00:00Z,93.515,93.865,93.29,93.805,371547
2024-03-25T04:00:00Z,93.66,93.695,93.305,93.515,313964
2024-03-22T04:00:00Z,94.19,94.2,93.79,93.97,623853
2024-03-21T04:00:00Z,93.24,93.39,92.73,93.07,349956
2024-03-20T04:00:00Z,93.115,93.79,92.3,92.895,475417
2024-03-19T04:00:00Z,92.825,93.265,92.705,92.915,393754
2024-03-18T04:00:00Z,92.73,92.99,92.5,92.66,533003
2024-03-15T04:00:00Z,93.025,93.185,92.79,92.955,526592
2024-03-14T04:00:00Z,93.72,93.73,92.865,92.95,990854
2024-03-13T04:00:00Z,94.505,94.725,94.215,94.415,530826
2024-03-12T04:00:00Z,95.04,95.19,94.695,94.85,550902
2024-03-11T04:00:00Z,95.945,96,95.37,95.7,282065
2024-03-08T05:00:00Z,95.795,96.04,95.485,95.735,437310
2024-03-07T05:00:00Z,96.365,96.4,95.485,95.87,505534
2024-03-06T05:00:00Z,95.465,96.16,95.425,95.975,540857
2024-03-05T05:00:00Z,95.225,95.68,94.985,95.42,781721
2024-03-04T05:00:00Z,93.695,94.155,93.68,94.095,556281
2024-03-01T05:00:00Z,93.41,94.51,93.03,94.45,701137
2024-02-29T05:00:00Z,93.82,94.29,93.79,94.175,701135
2024-02-28T05:00:00Z,93.085,93.585,92.9,93.53,546431
2024-02-27T05:00:00Z,93.225,93.465,92.85,92.94,530489
2024-02-26T05:00:00Z,94.01,94.02,93.2,93.58,583949
2024-02-23T05:00:00Z,92.775,93.99,92.76,93.85,618800
2024-02-22T05:00:00Z,92.33,92.75,92.27,92.605,698200
2024-02-21T05:00:00Z,92.835,92.89,92.025,92.16,540663
2024-02-20T05:00:00Z,92.82,93.19,92.745,92.835,455950
2024-02-16T05:00:00Z,92.46,92.835,92.38,92.78,704891
2024-02-15T05:00:00Z,93.555,93.7,93,93.29,546558
2024-02-14T05:00:00Z,92.305,93.025,92.23,92.815,560462
2024-02-13T05:00:00Z,92.845,93.05,92.34,92.345,1006430
2024-02-12T05:00:00Z,93.85,94.13,93.51,93.97,398059
2024-02-09T05:00:00Z,93.755,94.005,93.67,93.84,551624
2024-02-08T05:00:00Z,94.02,94.295,93.66,94.015,771058
2024-02-07T05:00:00Z,94.555,95.23,94.525,94.59,609346
2024-02-06T05:00:00Z,94.24,95.145,94.23,94.995,494675
2024-02-05T05:00:00Z,94.64,94.845,94.025,94.14,1040972
2024-02-02T05:00:00Z,96.26,96.61,95.7,96.06,1397869
2024-02-01T05:00:00Z,97.42,98.665,97.23,98.19,1368836
2024-01-31T05:00:00Z,96.23,96.895,96.02,96.64,1268724
2024-01-30T05:00:00Z,95.48,95.74,94.75,95.715,566368
2024-01-29T05:00:00Z,94.3,95.16,94.125,94.89,649057
2024-01-26T05:00:00Z,93.925,94.07,93.49,93.775,554951
2024-01-25T05:00:00Z,93.955,94.2,93.585,93.95,728624
2024-01-24T05:00:00Z,94.505,94.52,93.1,93.36,755313
2024-01-23T05:00:00Z,93.9,93.97,93.445,93.91,576601
2024-01-22T05:00:00Z,94.81,95.07,94.39,94.62,644647
2024-01-19T05:00:00Z,93.71,94.13,93.305,94.085,638674
2024-01-18T05:00:00Z,94.435,94.57,93.525,93.82,654091
2024-01-17T05:00:00Z,94.6,94.995,94.16,94.66,700493
2024-01-16T05:00:00Z,95.64,95.755,94.515,94.82,986313
2024-01-12T05:00:00Z,96.75,97.255,96.27,96.535,710379
2024-01-11T05:00:00Z,96.16,96.825,95.72,96.71,1185507
2024-01-10T05:00:00Z,96.92,97.035,96.125,96.155,598064
2024-01-09T05:00:00Z,96.63,97.15,96.59,96.675,561293
2024-01-08T05:00:00Z,96.23,97.37,96.09,97.255,546754
2024-01-05T05:00:00Z,96.455,97.675,96.21,96.34,946419
2024-01-04T05:00:00Z,97.435,97.625,97.07,97.26,829076
2024-01-03T05:00:00Z,97.38,98.84,97.15,98.73,1284093
2024-01-02T05:00:00Z,98.2,98.65,98,98.33,707649
2023-12-29T05:00:00Z,99.14,99.8,98.8,98.92,669784
2023-12-28T05:00:00Z,100.09,100.56,99.565,99.76,515179
2023-12-27T05:00:00Z,99.795,100.505,99.52,100.49,748210
2023-12-26T05:00:00Z,98.52,98.87,98.485,98.76,236631
2023-12-22T05:00:00Z,99.35,99.365,98.24,98.475,828242
2023-12-21T05:00:00Z,99.76,99.83,98.75,98.93,720540
2023-12-20T05:00:00Z,99.19,99.675,98.59,99.575,616353
2023-12-19T05:00:00Z,98.845,99.255,98.665,98.89,582348
2023-12-18T05:00:00Z,98.46,98.46,98.025,98.37,463765
2023-12-15T05:00:00Z,98.665,99.335,98.585,99.16,632498
2023-12-14T05:00:00Z,97.67,99.025,97.42,98.97,1517802
2023-12-13T05:00:00Z,95.15,96.965,95.02,96.85,1433424
2023-12-12T05:00:00Z,94.15,94.695,93.91,94.59,820978
2023-12-11T05:00:00Z,94.025,94.435,93.56,94.325,999011
2023-12-08T05:00:00Z,94.41,94.705,93.915,94.52,1059368
2023-12-07T05:00:00Z,95.17,96.07,95.085,95.32,969979
2023-12-06T05:00:00Z,95.07,96.05,94.87,95.89,848970
2023-12-05T05:00:00Z,93.63,94.615,93.59,94.585,1609995
2023-12-04T05:00:00Z,92.495,92.8,92.09,92.58,599534
2023-12-01T05:00:00Z,91.31,93.055,91.14,92.92,1099185
2023-11-30T05:00:00Z,91.96,92.16,91.155,91.6,1424317
2023-11-29T05:00:00Z,92.095,92.68,91.78,92.62,903468
2023-11-28T05:00:00Z,90.915,91.525,90.815,91.47,856286
2023-11-27T05:00:00Z,90.3,91.305,90.205,91.295,859562
2023-11-24T05:00:00Z,90.115,90.255,89.805,89.805,571401
2023-11-22T05:00:00Z,91.09,91.31,90.4,90.88,647933
2023-11-21T05:00:00Z,90.45,90.79,89.9,90.535,389145
2023-11-20T05:00:00Z,89.64,90.65,89.64,90.575,684703
2023-11-17T05:00:00Z,90.16,90.41,89.655,90.025,802675
2023-11-16T05:00:00Z,89.3,89.96,89.28,89.62,1014730
2023-11-15T05:00:00Z,89.065,89.13,88.315,88.525,1088924
2023-11-14T05:00:00Z,90.04,90.145,89.29,89.785,1052671
2023-11-13T05:00:00Z,87.19,87.94,86.9,87.795,577633
2023-11-10T05:00:00Z,88.23,88.425,87.775,88.015,478113
2023-11-09T05:00:00Z,88.96,88.97,86.745,87.47,1723648
2023-11-08T05:00:00Z,88.47,89.61,88.46,89.58,959741
2023-11-07T05:00:00Z,87.605,88.495,87.6,88.01,577793
2023-11-06T05:00:00Z,87.09,87.19,86.6,86.8,1015959
2023-11-03T04:00:00Z,88.815,89.035,87.575,87.63,1461565
2023-11-02T04:00:00Z,86.7,87.305,86.23,87.015,1417170
2023-11-01T04:00:00Z,84.085,85.12,84.05,85.085,1492778
2023-10-31T04:00:00Z,84.36,84.77,83.57,83.58,1161182
2023-10-30T04:00:00Z,83.81,84.43,83.25,84.02,1154231
2023-10-27T04:00:00Z,84.19,84.48,83.76,84.37,715961
2023-10-26T04:00:00Z,83.49,84.81,83.41,84.72,1054360
2023-10-25T04:00:00Z,84.035,84.125,83.14,83.425,1255340
2023-10-24T04:00:00Z,84.44,85.34,84.11,85.305,776082
2023-10-23T04:00:00Z,82.835,84.85,82.42,84.25,1429918
2023-10-20T04:00:00Z,83.005,83.54,82.775,83.215,1391725
2023-10-19T04:00:00Z,83.88,84.56,82.745,82.76,2071989
2023-10-18T04:00:00Z,84.375,84.72,83.85,84.485,1567484
2023-10-17T04:00:00Z,84.88,85.62,84.51,85.255,1027509
2023-10-16T04:00:00Z,86.18,86.365,85.905,86.19,1069153
2023-10-13T04:00:00Z,87.59,87.805,87.175,87.61,689597
2023-10-12T04:00:00Z,88.115,88.18,85.925,86.03,1527371
2023-10-11T04:00:00Z,87.845,88.47,87.6,88.46,1180739
2023-10-10T04:00:00Z,85.83,87.165,85.525,86.65,806708
2023-10-09T04:00:00Z,85.525,86.8,84.95,86.785,692217
2023-10-06T04:00:00Z,84.185,85.68,84.06,84.78,1055785
2023-10-05T04:00:00Z,86.115,86.16,85.65,85.83,622971
2023-10-04T04:00:00Z,85.775,86.31,85.38,86.3,1015050
2023-10-03T04:00:00Z,86.27,86.64,84.885,85.06,1549819
2023-10-02T04:00:00Z,87.795,87.92,86.72,86.96,999778
2023-09-29T04:00:00Z,89.28,89.475,88.135,88.74,1069575
2023-09-28T04:00:00Z,87.62,88.73,87.11,88.66,1385222
2023-09-27T04:00:00Z,89.535,89.615,88.1,88.43,931719
2023-09-26T04:00:00Z,89.44,89.615,88.71,88.87,855557
2023-09-25T04:00:00Z,89.67,90.03,89.155,89.185,941531
2023-09-22T04:00:00Z,90.79,91.605,90.685,91.44,554246
2023-09-21T04:00:00Z,91.27,91.355,90.69,90.7,1175173
2023-09-20T04:00:00Z,93.29,93.59,93.04,93.07,446840
2023-09-19T04:00:00Z,93.08,93.43,92.8,92.84,453104
2023-09-18T04:00:00Z,92.845,93.53,92.845,93.475,414425
2023-09-15T04:00:00Z,93.46,93.48,92.99,92.99,842291
2023-09-14T04:00:00Z,93.93,94.2,93.4,93.56,628618
2023-09-13T04:00:00Z,93.925,94.525,93.835,94.2,470487
2023-09-12T04:00:00Z,93.93,94.24,93.605,94.23,498610
2023-09-11T04:00:00Z,93.69,93.97,93.55,93.7,349403
2023-09-08T04:00:00Z,94.39,94.88,94.18,94.36,268963
2023-09-07T04:00:00Z,93.99,94.065,93.715,93.99,513045
2023-09-06T04:00:00Z,94.085,94.095,93.46,93.78,456512
2023-09-05T04:00:00Z,94.26,94.28,93.495,93.52,563916
2023-09-01T04:00:00Z,95.79,95.82,94.625,94.85,605054
2023-08-31T04:00:00Z,96.52,97.045,96.425,96.66,621587
2023-08-30T04:00:00Z,96.185,96.4,95.905,96.2,271513
2023-08-29T04:00:00Z,94.96,96.5,94.96,96.3,671441
2023-08-28T04:00:00Z,95.645,95.65,94.925,95.31,557753
2023-08-25T04:00:00Z,94.665,95.5,94.515,95.2,474881
2023-08-24T04:00:00Z,95.155,95.54,94.885,94.9,449876
2023-08-23T04:00:00Z,94.275,95.55,94.245,95.51,807117
2023-08-22T04:00:00Z,92.63,93.27,92.46,93.225,431944
2023-08-21T04:00:00Z,92.625,92.76,92.25,92.51,525993
2023-08-18T04:00:00Z,93.44,94.18,93.32,93.805,358677
2023-08-17T04:00:00Z,93.495,93.6,93.03,93.465,600816
2023-08-16T04:00:00Z,94.26,94.77,93.725,93.86,427115
2023-08-15T04:00:00Z,94.8,95.19,94.56,94.57,344012
2023-08-14T04:00:00Z,95.23,95.925,94.9,95.16,357581
2023-08-11T04:00:00Z,95.3,95.865,95.215,95.375,428181
2023-08-10T04:00:00Z,97.025,97.33,95.595,95.625,932750
2023-08-09T04:00:00Z,96.975,97.285,96.86,97.185,403665
2023-08-08T04:00:00Z,96.855,97.36,96.445,96.68,486494
2023-08-07T04:00:00Z,96.105,96.2,95.505,95.58,586039
2023-08-04T04:00:00Z,95.18,96.68,95.16,96.53,495111
2023-08-03T04:00:00Z,95.175,95.305,94.54,94.88,1026235
2023-08-02T04:00:00Z,97.01,97.215,96.41,97.095,520804
2023-08-01T04:00:00Z,98.84,98.895,97.9,98.135,690984
2023-07-31T04:00:00Z,99.63,100.325,99.63,100.1,741913
2023-07-28T04:00:00Z,99.395,99.835,99.15,99.805,445781
2023-07-27T04:00:00Z,100.71,100.915,98.92,99.315,873000
2023-07-26T04:00:00Z,101.67,101.685,100.98,101.185,327655
2023-07-25T04:00:00Z,100.835,101.5,100.81,101.18,295070
2023-07-24T04:00:00Z,101.985,102.135,101.31,101.36,307661
2023-07-21T04:00:00Z,102.08,102.34,101.63,101.725,272249
2023-07-20T04:00:00Z,102.21,102.305,101.285,101.68,772284
2023-07-19T04:00:00Z,102.005,102.98,101.73,102.97,517271
2023-07-18T04:00:00Z,101.8,102.05,101.575,101.81,434849
2023-07-17T04:00:00Z,101.215,101.48,100.92,101.32,575899
2023-07-14T04:00:00Z,101.725,101.905,101.24,101.295,479958
2023-07-13T04:00:00Z,101.34,101.965,101.05,101.85,606238
2023-07-12T04:00:00Z,100.085,101.11,99.77,100.84,574117
2023-07-11T04:00:00Z,99.58,99.955,99.3,99.71,336848
2023-07-10T04:00:00Z,98.86,99.5,98.86,99.2,487381
2023-07-07T04:00:00Z,99.175,99.6,98.99,99.07,418512
2023-07-06T04:00:00Z,100.2,100.36,99.475,99.69,589908
2023-07-05T04:00:00Z,101.885,102,100.77,101.11,385247
2023-07-03T04:00:00Z,102.82,103.24,102.075,102.08,179308
2023-06-30T04:00:00Z,102.04,103.055,101.88,102.95,569788
2023-06-29T04:00:00Z,102.125,102.33,101.46,101.745,620863
2023-06-28T04:00:00Z,103.41,103.82,102.83,103.635,278663
2023-06-27T04:00:00Z,103.645,103.91,102.78,103.17,330437
2023-06-26T04:00:00Z,103.59,103.79,103.18,103.43,236212
2023-06-23T04:00:00Z,103.835,103.92,103,103.32,473908
2023-06-22T04:00:00Z,102.75,103.23,102.205,102.345,394627
2023-06-21T04:00:00Z,102.82,103.65,102.36,103.59,203345
2023-06-20T04:00:00Z,103.12,103.655,103.12,103.325,337410
2023-06-16T04:00:00Z,102.435,102.805,102.03,102.62,379787
2023-06-15T04:00:00Z,103.03,103.555,102.615,102.99,480509
2023-06-14T04:00:00Z,101.615,102.29,101.49,102.06,250728
2023-06-13T04:00:00Z,102.14,102.295,100.965,101.23,399739
2023-06-12T04:00:00Z,102.2,102.29,101.135,102.21,294538
2023-06-09T04:00:00Z,101.585,102.25,101.345,101.93,336524
2023-06-08T04:00:00Z,100.86,102.14,100.82,102.05,315632
2023-06-07T04:00:00Z,102.155,102.405,100.785,100.895,464399
2023-06-06T04:00:00Z,101.83,102.465,101.4,102.41,213480
2023-06-05T04:00:00Z,101.33,102.41,101.21,101.825,232641
2023-06-02T04:00:00Z,102.99,103.065,101.945,101.98,322060
2023-06-01T04:00:00Z,103.285,103.59,102.63,103.1,323969
2023-05-31T04:00:00Z,101.99,103.175,101.92,103.015,397379
2023-05-30T04:00:00Z,101.41,102.23,101.26,102.085,502145
2023-05-26T04:00:00Z,100.12,101.17,100,101.17,281202
2023-05-25T04:00:00Z,100.695,100.79,100.04,100.29,323335
2023-05-24T04:00:00Z,101.295,101.36,100.54,100.555,309520
2023-05-23T04:00:00Z,100.43,101.25,100.285,101,439662
2023-05-22T04:00:00Z,101.25,101.66,100.675,100.77,263977
2023-05-19T04:00:00Z,101.255,101.85,100.95,101.13,371230
2023-05-18T04:00:00Z,102.23,102.26,101.77,101.83,368407
2023-05-17T04:00:00Z,103.065,103.155,102.355,102.61,394275
2023-05-16T04:00:00Z,102.395,102.89,102.12,102.87,432234
2023-05-15T04:00:00Z,103.39,103.44,103.12,103.2,295062
2023-05-12T04:00:00Z,105.035,105.24,104.255,104.275,302714
2023-05-11T04:00:00Z,105.34,105.5,104.75,105.14,188896
2023-05-10T04:00:00Z,103.675,104.24,103.64,104.035,378211
2023-05-09T04:00:00Z,103.48,103.63,103.005,103.1,386526
2023-05-08T04:00:00Z,103.52,103.86,103.32,103.46,507490
2023-05-05T04:00:00Z,104.34,104.895,104.13,104.875,263219
2023-05-04T04:00:00Z,105.22,106.445,105.17,105.235,372777
2023-05-03T04:00:00Z,106.015,106.595,105.295,106.26,555269
2023-05-02T04:00:00Z,104.01,105.675,103.895,105.675,591647
2023-05-01T04:00:00Z,105.27,105.42,102.84,103.21,608524
2023-04-28T04:00:00Z,106.21,106.755,105.87,106.44,601238
2023-04-27T04:00:00Z,105.19,105.27,104.61,104.79,336459
2023-04-26T04:00:00Z,106.79,107.235,105.675,105.83,365170
2023-04-25T04:00:00Z,106.34,107.13,106.28,106.98,603167
2023-04-24T04:00:00Z,104.96,105.48,104.86,105.4,352334
2023-04-21T04:00:00Z,105.335,105.45,104.28,104.41,263189
2023-04-20T04:00:00Z,104.845,105.27,104.76,104.985,319294
2023-04-19T04:00:00Z,103.9,104.225,103.48,104.1,321481
2023-04-18T04:00:00Z,103.81,104.585,103.8,104.195,251144
2023-04-17T04:00:00Z,104.4,104.59,103.715,103.83,540427
2023-04-14T04:00:00Z,105.385,105.54,104.77,105.03,469401
2023-04-13T04:00:00Z,107.07,107.36,105.88,106.05,453333
2023-04-12T04:00:00Z,107.06,107.135,105.89,106.9,453525
2023-04-11T04:00:00Z,107.04,107.075,106.51,106.99,350920
2023-04-10T04:00:00Z,107.62,107.76,106.56,106.8,514967
2023-04-06T04:00:00Z,108.415,108.865,108.4,108.51,351174
2023-04-05T04:00:00Z,107.8,108.36,107.42,108.22,549051
2023-04-04T04:00:00Z,105.75,107.74,105.75,107.15,374896
2023-04-03T04:00:00Z,105.9,107.08,105.71,106.595,309706
2023-03-31T04:00:00Z,105.35,106.56,105.08,106.32,518469
2023-03-30T04:00:00Z,104.46,105.045,104.28,104.79,415797
2023-03-29T04:00:00Z,103.67,104.43,103.61,104.3,400770
2023-03-28T04:00:00Z,104.24,104.675,104.03,104.525,554251
2023-03-27T04:00:00Z,105.06,105.76,104.33,104.37,597674
2023-03-24T04:00:00Z,107.09,107.42,106.26,106.81,559498
2023-03-23T04:00:00Z,105.37,106.55,104.86,106.38,626239
2023-03-22T04:00:00Z,104.66,106.445,104.47,106.37,662581
2023-03-21T04:00:00Z,105.07,105.4,104.545,104.98,411927
2023-03-20T04:00:00Z,106.87,106.94,105.72,105.86,643482
2023-03-17T04:00:00Z,106.51,107.71,106.485,106.86,656169
2023-03-16T04:00:00Z,107.41,108.02,105.065,105.26,723122
2023-03-15T04:00:00Z,106.79,107.68,105.35,106.1,1003312
2023-03-14T04:00:00Z,105.135,105.58,103.77,104.055,785570
2023-03-13T04:00:00Z,108.19,109.04,105.04,105.81,1356061
2023-03-10T05:00:00Z,104.05,105.685,104,105.58,1157341
2023-03-09T05:00:00Z,101.53,102.5,101.34,102.025,476793
2023-03-08T05:00:00Z,102.435,102.96,101.44,101.84,610951
2023-03-07T05:00:00Z,101.49,102.33,100.97,101.71,527640
2023-03-06T05:00:00Z,102.22,102.315,101,101.125,420008
2023-03-03T05:00:00Z,100.95,101.895,100.57,101.885,982219
2023-03-02T05:00:00Z,99.05,99.64,98.88,99.49,648974
2023-03-01T05:00:00Z,100.81,100.99,99.965,100.405,494058
2023-02-28T05:00:00Z,100.545,101.7,100.29,101.7,269524
2023-02-27T05:00:00Z,101.27,101.695,100.92,101.235,323566
2023-02-24T05:00:00Z,101.44,101.785,100.565,100.95,405394
2023-02-23T05:00:00Z,101.585,102.545,101.5,102.29,402707
2023-02-22T05:00:00Z,101.01,101.685,100.965,101.35,419240
2023-02-21T05:00:00Z,101.015,101.19,100.29,100.39,558248
2023-02-17T05:00:00Z,101.105,102.36,100.99,102.36,463155
2023-02-16T05:00:00Z,102.06,102.21,101.34,101.615,417141
2023-02-15T05:00:00Z,103.55,103.91,102.495,103.05,297306
2023-02-14T05:00:00Z,104.21,104.82,103.15,104.01,374677
2023-02-13T05:00:00Z,103.7,104.4,103.625,104.26,276918
2023-02-10T05:00:00Z,104.42,104.42,103.12,103.38,355618
2023-02-09T05:00:00Z,106.49,106.61,104.395,104.57,460905
2023-02-08T05:00:00Z,105.06,105.58,104.42,105.58,343843
2023-02-07T05:00:00Z,105.32,106.21,105.01,105.05,459827
2023-02-06T05:00:00Z,105.725,106.29,105.68,105.92,323121
2023-02-03T05:00:00Z,106.75,107.09,106.1,106.71,379108
2023-02-02T05:00:00Z,108.94,109.35,108.09,108.33,381530
2023-02-01T05:00:00Z,107.48,108.57,106.45,108.18,565774
2023-01-31T05:00:00Z,106.93,107.27,105.875,107.27,371807
2023-01-30T05:00:00Z,106.435,107.145,106.19,106.31,233842
2023-01-27T05:00:00Z,106.19,106.95,106.12,106.73,258307
2023-01-26T05:00:00Z,107.09,107.6,106.495,106.95,287387
2023-01-25T05:00:00Z,107.34,107.905,106.65,107.465,302410
2023-01-24T05:00:00Z,106.1,107.445,105.4,107.22,413472
2023-01-23T05:00:00Z,105.55,106.19,105.52,105.69,206156
2023-01-20T05:00:00Z,106.94,107.22,106.13,106.235,375427
2023-01-19T05:00:00Z,108.1,108.36,107.445,107.99,342102
2023-01-18T05:00:00Z,108.48,108.77,107.12,108.62,544706
2023-01-17T05:00:00Z,105.68,106.64,105.66,106.07,289859
2023-01-13T05:00:00Z,107.14,107.78,106.38,106.785,380162
2023-01-12T05:00:00Z,105.82,107.805,104.58,107.775,672737
2023-01-11T05:00:00Z,104.96,105.715,104.72,105.715,326928
2023-01-10T05:00:00Z,104.5,104.8,103.5,103.96,548712
2023-01-09T05:00:00Z,104.41,105.93,104.29,105.715,260702
2023-01-06T05:00:00Z,102.7,105.295,102.655,105.18,518341
2023-01-05T05:00:00Z,101.885,103.27,101.79,103.27,306178
2023-01-04T05:00:00Z,103.27,103.465,102.22,102.87,484835
2023-01-03T05:00:00Z,102.19,102.315,100.9,101.46,435011
2022-12-30T05:00:00Z,99.85,100.535,99.385,99.575,407526
2022-12-29T05:00:00Z,99.835,100.985,99.79,100.67,304777
2022-12-28T05:00:00Z,100.63,100.775,99.36,99.51,373024
2022-12-27T05:00:00Z,100.455,101.06,100.015,100.14,521699
2022-12-23T05:00:00Z,102.55,102.78,102.025,102.19,201203
2022-12-22T05:00:00Z,103.56,104.085,103.4,103.68,140226
2022-12-21T05:00:00Z,104.26,104.37,102.96,103.66,246129
2022-12-20T05:00:00Z,103.355,103.8,103.105,103.46,649852
2022-12-19T05:00:00Z,105.825,105.825,104.985,105.32,476277
2022-12-16T05:00:00Z,106.595,107.81,106.32,107.11,334988
2022-12-15T05:00:00Z,108.41,109.115,108.195,108.375,314345
2022-12-14T05:00:00Z,107.655,108.315,106.91,108.245,363591
2022-12-13T05:00:00Z,109.04,109.06,107.46,107.69,328336
2022-12-12T05:00:00Z,107.89,108.105,106.27,106.67,254909
2022-12-09T05:00:00Z,107.96,108.17,106.29,106.29,583182
2022-12-08T05:00:00Z,108.73,109.41,108.495,109.18,233429
2022-12-07T05:00:00Z,108.405,109.665,108.215,109.465,500153
2022-12-06T05:00:00Z,106.53,107.385,106.22,106.965,590712
2022-12-05T05:00:00Z,105.86,105.95,104.91,105.615,361022
2022-12-02T05:00:00Z,105.33,107.1,104.62,107.1,479143
2022-12-01T05:00:00Z,103.19,105.79,103.13,105.785,736186
2022-11-30T05:00:00Z,101.63,102.65,101.38,102.59,268244
2022-11-29T05:00:00Z,102.12,102.935,101.935,102.005,209111
2022-11-28T05:00:00Z,103.605,103.8,102.695,103.2,184984
2022-11-25T05:00:00Z,102.63,102.93,102.435,102.93,152178
2022-11-23T05:00:00Z,102.18,103.21,102.095,103.2,363036
2022-11-22T05:00:00Z,100.68,101.62,100.54,101.47,404137
2022-11-21T05:00:00Z,100.695,100.79,99.8,100.08,313565
2022-11-18T05:00:00Z,100.595,100.87,99.545,99.66,274579
2022-11-17T05:00:00Z,100.225,100.535,99.785,100.28,637087
2022-11-16T05:00:00Z,100.02,101.45,99.74,101.45,541771
2022-11-15T05:00:00Z,98.26,99.29,98.115,99.23,437253
2022-11-14T05:00:00Z,97.95,97.95,97.095,97.61,212876
2022-11-11T05:00:00Z,97.57,98.36,97.54,97.87,360549
2022-11-10T05:00:00Z,96.73,98.43,96.73,98.27,778253
2022-11-09T05:00:00Z,93.84,95,93.7,94.555,192257
2022-11-08T05:00:00Z,93.8,94.935,93.78,94.3,306799
2022-11-07T05:00:00Z,94.77,94.815,93.25,93.31,209854
2022-11-04T04:00:00Z,95.12,95.645,94.23,94.23,687220
2022-11-03T04:00:00Z,95.13,96.37,95.1,95.81,388808
2022-11-02T04:00:00Z,96.93,97.61,95.995,96.285,295966
2022-11-01T04:00:00Z,97.39,97.405,96.22,96.76,332903
2022-10-31T04:00:00Z,96.33,96.6,95.03,96.02,510516
2022-10-28T04:00:00Z,96.82,97.57,96.415,96.795,350199
2022-10-27T04:00:00Z,96.98,97.89,96.22,97.4,354473
2022-10-26T04:00:00Z,95.77,96.68,95.77,96.41,587015
2022-10-25T04:00:00Z,94.595,95.22,94.44,95.06,791200
2022-10-24T04:00:00Z,92.84,93.53,91.85,92.4,591999
2022-10-21T04:00:00Z,92.99,93.92,92.47,93.12,804198
2022-10-20T04:00:00Z,95.92,96.325,94.74,94.88,445776
2022-10-19T04:00:00Z,97.16,97.42,96.33,96.52,546818
2022-10-18T04:00:00Z,97.98,98.46,96.975,98.315,313925
2022-10-17T04:00:00Z,99.28,99.64,97.945,98.07,476811
2022-10-14T04:00:00Z,99.94,99.94,98.27,98.535,235610
2022-10-13T04:00:00Z,98.36,100.36,98.36,99.36,804842
2022-10-12T04:00:00Z,99.27,100.52,99.27,100.355,510410
2022-10-11T04:00:00Z,99.77,100.89,98.995,99.87,539072
2022-10-10T04:00:00Z,100.49,100.495,98.815,99.39,272605
2022-10-07T04:00:00Z,100.81,101.615,100.48,100.965,298819
2022-10-06T04:00:00Z,102.62,102.81,101.54,101.97,207658
2022-10-05T04:00:00Z,102.72,102.82,101.585,102.51,355697
2022-10-04T04:00:00Z,104.17,104.63,103.33,103.67,281485
2022-10-03T04:00:00Z,103.85,104.66,103.16,103.81,546152
2022-09-30T04:00:00Z,104.27,104.85,102.23,102.48,604775
2022-09-29T04:00:00Z,102.84,104.225,102.83,103.75,372685
2022-09-28T04:00:00Z,103.12,104.435,102.48,104.395,1054273
2022-09-27T04:00:00Z,102.7,102.965,100.9,100.94,634615
2022-09-26T04:00:00Z,105.33,105.33,103.235,103.67,580111
2022-09-23T04:00:00Z,105.355,106.38,104.56,105.72,506218
2022-09-22T04:00:00Z,105.75,105.95,104.73,105.27,794546
2022-09-21T04:00:00Z,106.59,108.025,106,108.025,533448
2022-09-20T04:00:00Z,105.68,106.83,105.415,106.23,314003
2022-09-19T04:00:00Z,106.835,107.8,106.83,107.34,332219
2022-09-16T04:00:00Z,107,108,106.8,107.095,328785
2022-09-15T04:00:00Z,107.88,108.1,107.595,107.94,156327
2022-09-14T04:00:00Z,107.37,108.2,107.115,108.06,262623
2022-09-13T04:00:00Z,106.55,107.73,106.26,107.72,772569
2022-09-12T04:00:00Z,108.61,108.86,106.92,107.41,296195
2022-09-09T04:00:00Z,108.36,108.77,107.68,108.335,202010
2022-09-08T04:00:00Z,108.81,109.475,108.08,108.08,279295
2022-09-07T04:00:00Z,108.295,109.48,108.22,109.205,449920
2022-09-06T04:00:00Z,108.88,108.92,107.44,107.495,512987
2022-09-02T04:00:00Z,109.64,110.52,109.48,110.235,207866
2022-09-01T04:00:00Z,109.85,110.22,108.97,109.62,365907
2022-08-31T04:00:00Z,112.71,113.28,111.59,111.875,176388
2022-08-30T04:00:00Z,112.6,113.5,112.235,113.03,355965
2022-08-29T04:00:00Z,112.93,112.995,112.175,112.625,473276
2022-08-26T04:00:00Z,112.3,113.92,112.08,113.645,328083
2022-08-25T04:00:00Z,111.27,113.085,111,112.77,637804
2022-08-24T04:00:00Z,111.5,111.86,110.865,111.21,243779
2022-08-23T04:00:00Z,112.2,113.47,111.75,112.07,286360
2022-08-22T04:00:00Z,112.76,112.9,112.145,112.67,179062
2022-08-19T04:00:00Z,113.18,113.275,112.745,113.05,362616
2022-08-18T04:00:00Z,115,115.62,114.625,114.9,145205
2022-08-17T04:00:00Z,114.9,115.05,114.32,114.65,331229
2022-08-16T04:00:00Z,115.23,116.01,114.245,116.01,174809
2022-08-15T04:00:00Z,116.33,116.72,115.465,115.5,194926
2022-08-12T04:00:00Z,115.18,115.56,114.455,115.555,229898
2022-08-11T04:00:00Z,116.85,117.01,114.095,114.39,524157
2022-08-10T04:00:00Z,117.745,118.9,116.75,117.155,306839
2022-08-09T04:00:00Z,117.8,118.35,117.49,117.89,163128
2022-08-08T04:00:00Z,117.64,118.52,117.57,118.305,358316
2022-08-05T04:00:00Z,117.08,117.105,115.89,116.53,329735
2022-08-04T04:00:00Z,118.81,119.51,118.545,119.24,121391
2022-08-03T04:00:00Z,117.15,119.44,116.36,119.44,267993
2022-08-02T04:00:00Z,120.15,120.69,117.3,117.52,283596
2022-08-01T04:00:00Z,118.33,120.095,118.125,120.01,399688
2022-07-29T04:00:00Z,117.67,119.3,117.37,117.43,292365
2022-07-28T04:00:00Z,118.075,118.91,117.34,117.72,386918
2022-07-27T04:00:00Z,118.005,118.46,116.725,116.835,259902
2022-07-26T04:00:00Z,118.86,119.24,117.395,117.485,357707
2022-07-25T04:00:00Z,116.68,117.51,116.47,117.355,434451
2022-07-22T04:00:00Z,118.28,119.25,117.99,118.61,556067
2022-07-21T04:00:00Z,115.22,116.71,115.08,116.62,361297
2022-07-20T04:00:00Z,115.52,115.52,114.06,114.625,188180
2022-07-19T04:00:00Z,114.99,115.11,113.67,114.29,173276
2022-07-18T04:00:00Z,115.25,115.285,114.2,114.94,403438
2022-07-15T04:00:00Z,115.82,116.82,115.6,116.14,283758
2022-07-14T04:00:00Z,115.12,116.13,114.485,115.395,478711
2022-07-13T04:00:00Z,113.74,116.625,113.49,116.42,406723
2022-07-12T04:00:00Z,115.51,116.21,114.995,115.03,289331
2022-07-11T04:00:00Z,113.82,114.78,113.715,114.445,387483
2022-07-08T04:00:00Z,113.4,113.4,112.055,112.505,320945
2022-07-07T04:00:00Z,115.11,115.11,113.52,113.82,270358
2022-07-06T04:00:00Z,117.415,117.515,114.77,114.77,410850
2022-07-05T04:00:00Z,116.91,117.74,116.185,116.74,447422
2022-07-01T04:00:00Z,115.92,117.59,115.225,115.835,451015
2022-06-30T04:00:00Z,114.89,115.765,114.755,114.845,463579
2022-06-29T04:00:00Z,112.375,113.9,112.335,113.9,275831
2022-06-28T04:00:00Z,111.22,112.165,110.9,112.13,254846
2022-06-27T04:00:00Z,111.21,112.19,111.17,111.635,179583
2022-06-24T04:00:00Z,113.485,114.09,112.505,112.54,290805
2022-06-23T04:00:00Z,113.89,115.14,113.58,114.17,523467
2022-06-22T04:00:00Z,112.74,113.28,112.44,113.185,337099
2022-06-21T04:00:00Z,110.1,110.98,109.825,110.16,265551
2022-06-17T04:00:00Z,111.98,112.81,110.96,112.26,621582
2022-06-16T04:00:00Z,108.46,111.68,108.125,111.68,478205
2022-06-15T04:00:00Z,110.135,110.98,109.06,110.98,331867
2022-06-14T04:00:00Z,110.48,110.98,108.59,108.9,367764
2022-06-13T04:00:00Z,111.46,111.64,109.24,110.3,704569
2022-06-10T04:00:00Z,114.32,114.61,112.97,113.76,270743
2022-06-09T04:00:00Z,113.85,114.65,113.71,114.485,248523
2022-06-08T04:00:00Z,114.7,115.12,114.095,114.095,112859
2022-06-07T04:00:00Z,114.61,115.775,114.595,115.125,299530
2022-06-06T04:00:00Z,115.16,115.43,113.815,113.9,316767
2022-06-03T04:00:00Z,115.14,116.03,114.92,116.03,218847
2022-06-02T04:00:00Z,116.64,116.66,115.465,116.28,144181
2022-06-01T04:00:00Z,116.855,117.32,115.69,116.245,201491
2022-05-31T04:00:00Z,117.18,117.2,115.93,116.78,449196
2022-05-27T04:00:00Z,119.36,119.715,118.74,119.13,176120
2022-05-26T04:00:00Z,118.92,119.04,117.83,118.795,269267
2022-05-25T04:00:00Z,119.555,119.58,118.615,119.33,193507
2022-05-24T04:00:00Z,117.93,119.625,117.9,118.92,444359
2022-05-23T04:00:00Z,117.75,118.22,116.565,116.625,331958
2022-05-20T04:00:00Z,117.09,119.015,117.09,118.515,444257
2022-05-19T04:00:00Z,118.68,118.7,116.89,117.175,464333
2022-05-18T04:00:00Z,114.74,116.995,114.62,116.93,478658
2022-05-17T04:00:00Z,114.68,115.33,114.365,114.47,233098
2022-05-16T04:00:00Z,116.185,116.925,115.88,115.93,178462
2022-05-13T04:00:00Z,116.945,117.15,115.9,115.95,377772
2022-05-12T04:00:00Z,118.1,118.875,117.71,117.74,482134
2022-05-11T04:00:00Z,114.76,117.9,114.44,117.9,640216
2022-05-10T04:00:00Z,115.9,116.96,115.5,115.76,602394
2022-05-09T04:00:00Z,112.83,114.695,112.645,114.685,362646
2022-05-06T04:00:00Z,114.13,115.03,113.315,113.71,394251
2022-05-05T04:00:00Z,116.34,116.44,114.015,115.43,825412
2022-05-04T04:00:00Z,117.93,118.95,117.375,118.55,450346
2022-05-03T04:00:00Z,119.08,119.29,117.9,118.03,326254
2022-05-02T04:00:00Z,117.79,118.23,116.935,117.25,528813
2022-04-29T04:00:00Z,119.25,120.96,119.11,119.5,495370
2022-04-28T04:00:00Z,120.41,121.06,120.02,121.02,214836
2022-04-27T04:00:00Z,122.165,122.32,120.775,120.94,385617
2022-04-26T04:00:00Z,122.4,123.02,121.78,122.38,692930
2022-04-25T04:00:00Z,121.4,122.18,121.13,121.17,494283
2022-04-22T04:00:00Z,120.07,121.42,119.81,120.04,236801
2022-04-21T04:00:00Z,120.7,120.84,119.19,120.74,350506
2022-04-20T04:00:00Z,120.22,121.955,119.94,121.7,423553
2022-04-19T04:00:00Z,119.16,119.69,118.68,119.305,355181
2022-04-18T04:00:00Z,120.89,121.06,119.695,120.1,269057
2022-04-14T04:00:00Z,122.85,122.93,120.38,120.72,626596
2022-04-13T04:00:00Z,123.04,124.28,122.95,123.26,243644
2022-04-12T04:00:00Z,124.03,124.15,122.68,122.99,413404
2022-04-11T04:00:00Z,123.98,124.18,122.58,123.15,536898
2022-04-08T04:00:00Z,125.43,125.81,124.26,125.01,579193
2022-04-07T04:00:00Z,126.09,126.655,125.41,126.48,460556
2022-04-06T04:00:00Z,126.41,128.3,126.4,127.5,457145
2022-04-05T04:00:00Z,130.76,130.77,128.3,128.515,562357
2022-04-04T04:00:00Z,131.94,131.94,130.72,131.48,273429
2022-04-01T04:00:00Z,130.025,132.95,129.725,132.3,349610
2022-03-31T04:00:00Z,131.99,132.65,131.7,132.215,333401
2022-03-30T04:00:00Z,130.08,132.005,129.995,131.765,249722
2022-03-29T04:00:00Z,130.64,131.5,129.75,130.84,283868
2022-03-28T04:00:00Z,129.53,130.56,129.1,129.81,314643
2022-03-25T04:00:00Z,129.5,129.5,127.75,128.61,439866
2022-03-24T04:00:00Z,129.69,131.145,129.615,130.45,339385
2022-03-23T04:00:00Z,129.39,131.595,128.87,131.595,460553
2022-03-22T04:00:00Z,128.92,129.31,128.36,128.68,479322
2022-03-21T04:00:00Z,131.23,131.66,129.775,130.3,478381
2022-03-18T04:00:00Z,132.61,133.535,132.59,133.42,1773176
2022-03-17T04:00:00Z,132.81,133.31,131.08,131.88,408254
2022-03-16T04:00:00Z,131.94,133.12,130.355,132.865,401583
2022-03-15T04:00:00Z,132.8,133.14,131.2,131.54,407922
2022-03-14T04:00:00Z,132.7,132.885,131.725,131.735,711148
2022-03-11T05:00:00Z,134.35,135.42,134.24,134.935,343626
2022-03-10T05:00:00Z,134.81,135.17,133.74,134.45,686354
2022-03-09T05:00:00Z,137.065,137.3,136.15,136.37,421741
2022-03-08T05:00:00Z,137.53,138.25,137.25,137.78,548656
2022-03-07T05:00:00Z,139.14,140.56,138.79,139.32,451393
2022-03-04T05:00:00Z,140.36,140.825,139.32,140.3,608015
2022-03-03T05:00:00Z,137.52,138.68,137.06,137.84,399453
2022-03-02T05:00:00Z,139.845,140.39,136.415,136.465,610955
2022-03-01T05:00:00Z,140.34,142.3,140.04,141.47,670966
2022-02-28T05:00:00Z,138.455,140.025,138.33,139.87,429214
2022-02-25T05:00:00Z,136.9,137.24,136.19,136.88,295356
2022-02-24T05:00:00Z,139.125,139.15,136.255,136.88,662274
2022-02-23T05:00:00Z,137.745,137.77,136.575,136.675,303169
2022-02-22T05:00:00Z,137.69,138.665,137.51,138.595,438793
2022-02-18T05:00:00Z,137.49,138.35,137.185,138.32,335681
2022-02-17T05:00:00Z,136.445,137.55,135.96,136.81,381532
2022-02-16T05:00:00Z,135.935,136.06,134.57,135.795,308527
2022-02-15T05:00:00Z,135.63,135.78,134.94,134.98,329012
2022-02-14T05:00:00Z,137.165,137.725,136.045,136.505,449406
2022-02-11T05:00:00Z,136.88,138.495,135.39,138.34,871622
2022-02-10T05:00:00Z,137.67,137.8,135.84,136.175,511994
2022-02-09T05:00:00Z,138.71,139.345,138.2,138.42,226207
2022-02-08T05:00:00Z,138.28,138.56,137.83,138.13,259380
2022-02-07T05:00:00Z,138.885,139.305,138.56,139.14,205801
2022-02-04T05:00:00Z,139.84,140.105,138.785,139.02,390321
2022-02-03T05:00:00Z,140.325,141.465,140.185,141.115,238027
2022-02-02T05:00:00Z,141.97,143.565,141.97,142.21,369255
2022-02-01T05:00:00Z,142.255,142.3,141.06,141.735,386239
2022-01-31T05:00:00Z,142.19,142.95,141.985,142.42,269531
2022-01-28T05:00:00Z,142.06,143.45,141.87,143.1,231931
2022-01-27T05:00:00Z,142.58,143.36,142.55,143.16,470404
2022-01-26T05:00:00Z,142.36,142.55,140.515,140.52,419085
2022-01-25T05:00:00Z,143.05,143.68,141.83,142.2,258558
2022-01-24T05:00:00Z,144.3,144.36,142.43,142.46,473231
2022-01-21T05:00:00Z,143.345,144.09,142.68,143.63,499414
2022-01-20T05:00:00Z,141.36,141.94,141.1,141.91,231781
2022-01-19T05:00:00Z,140.49,141.67,140.345,141.1,347776
2022-01-18T05:00:00Z,140.95,141.29,140.04,140.05,395263
2022-01-14T05:00:00Z,143.41,143.41,141.8,142.145,436273
2022-01-13T05:00:00Z,143.29,144.41,143.05,144.27,237870
2022-01-12T05:00:00Z,143.945,143.985,143.01,143.01,256636
2022-01-11T05:00:00Z,142.89,143.625,142.71,143.585,499908
2022-01-10T05:00:00Z,141.625,142.79,141.37,142.64,312338
2022-01-07T05:00:00Z,143.06,143.21,141.58,142.245,289444
2022-01-06T05:00:00Z,142.5,143.435,142.33,143.25,260371
2022-01-05T05:00:00Z,144.14,144.16,142.77,142.97,288264
2022-01-04T05:00:00Z,143.61,144.1,142.74,143.705,429237
2022-01-03T05:00:00Z,146.41,146.82,144.33,144.33,755802
2021-12-31T05:00:00Z,147.81,149.02,147.435,148.085,280066
2021-12-30T05:00:00Z,147.155,147.955,146.49,147.9,165078
2021-12-29T05:00:00Z,146.965,147.3,146.42,146.69,202700
2021-12-28T05:00:00Z,149.65,149.74,148.015,148.245,128861
2021-12-27T05:00:00Z,148.46,149.01,148.36,148.87,120484
2021-12-23T05:00:00Z,149.42,149.42,148.08,148.505,193908
2021-12-22T05:00:00Z,149.81,149.855,149.04,149.85,179285
2021-12-21T05:00:00Z,148.115,149.195,147.62,149.12,267243
2021-12-20T05:00:00Z,150.75,150.98,149.6,149.83,279830
2021-12-17T05:00:00Z,150.39,150.97,150.195,150.78,293880
2021-12-16T05:00:00Z,148.82,149.88,148.74,149.08,288783
2021-12-15T05:00:00Z,149.66,150.78,149.14,149.275,483961
2021-12-14T05:00:00Z,150.29,150.88,149.34,150.66,232403
2021-12-13T05:00:00Z,150.435,151.29,150.37,151.02,421313
2021-12-10T05:00:00Z,149.99,150.21,148.81,148.85,214589
2021-12-09T05:00:00Z,149.375,149.8,148.53,149.22,246385
2021-12-08T05:00:00Z,150.46,150.46,148.37,148.37,838547
2021-12-07T05:00:00Z,151.72,152.48,150.88,151.01,438764
2021-12-06T05:00:00Z,154.05,154.34,151.945,152.25,844427
2021-12-03T05:00:00Z,151.68,155.105,151.36,154.34,736042
2021-12-02T05:00:00Z,152.955,152.955,151.55,152.48,312990
2021-12-01T05:00:00Z,150.515,152.37,149.79,152.29,694833
2021-11-30T05:00:00Z,150.83,152.06,150.3,151.64,497664
2021-11-29T05:00:00Z,148.3,149.635,148.18,149.325,401381
2021-11-26T05:00:00Z,148.84,150.675,148.765,150.5,515904
2021-11-24T05:00:00Z,144.93,146.785,144.81,146.785,236683
2021-11-23T05:00:00Z,145.94,146.05,144.52,144.52,201832
2021-11-22T05:00:00Z,147.41,147.63,146.135,146.61,317766
2021-11-19T05:00:00Z,147.62,148.59,147.62,148.36,218127
2021-11-18T05:00:00Z,146.165,146.88,146,146.725,130326
2021-11-17T05:00:00Z,144.6,146.24,144.52,146.24,243700
2021-11-16T05:00:00Z,145.71,146.38,144.88,145.225,169340
2021-11-15T05:00:00Z,146.86,146.96,145.245,145.49,258523
2021-11-12T05:00:00Z,148.075,148.51,146.76,147.365,201400
2021-11-11T05:00:00Z,148.55,148.55,147.91,147.97,83029
2021-11-10T05:00:00Z,150.83,150.89,147.06,148.33,564250
2021-11-09T05:00:00Z,150.83,151.755,150.645,150.91,680630
2021-11-08T05:00:00Z,148.975,149.275,148.54,149.08,277673
2021-11-05T04:00:00Z,148.52,149.565,148.15,149.24,565595
2021-11-04T04:00:00Z,145.935,147.35,145.89,147.1,356494
2021-11-03T04:00:00Z,147.94,147.95,145.565,145.61,375776
2021-11-02T04:00:00Z,146.635,147.56,146.58,147.09,139571
2021-11-01T04:00:00Z,145.76,146.745,145.705,146.63,318456
2021-10-29T04:00:00Z,146.52,147.98,146.35,147.62,242229
2021-10-28T04:00:00Z,147.83,148.26,146.87,147.28,211571
2021-10-27T04:00:00Z,146.49,148.14,145.945,147.7,382194
2021-10-26T04:00:00Z,144.56,145.095,143.78,145.095,227297
2021-10-25T04:00:00Z,143.825,144.27,143.74,143.9,119219
2021-10-22T04:00:00Z,143.375,144.38,143.23,144.065,190905
2021-10-21T04:00:00Z,143.065,143.065,142.25,142.57,191164
2021-10-20T04:00:00Z,143.25,143.615,142.55,142.76,158454
2021-10-19T04:00:00Z,144.48,144.72,143.655,143.77,160206
2021-10-18T04:00:00Z,145.02,146,144.52,145.69,139632
2021-10-15T04:00:00Z,145.01,145.135,144.49,145.04,515075
2021-10-14T04:00:00Z,145.39,145.945,144.95,145.9,112026
2021-10-13T04:00:00Z,144.7,145.52,144.59,145.34,341729
2021-10-12T04:00:00Z,142.635,144.005,142.49,143.925,262266
2021-10-11T04:00:00Z,141.51,141.89,141.46,141.48,121132
2021-10-08T04:00:00Z,142.21,142.35,141.54,141.9,327862
2021-10-07T04:00:00Z,143.205,143.33,142.59,142.855,213965
2021-10-06T04:00:00Z,144.255,144.695,144.03,144.39,227419
2021-10-05T04:00:00Z,144.505,144.645,143.48,143.61,356820
2021-10-04T04:00:00Z,144.61,145.445,144.11,145,642004
2021-10-01T04:00:00Z,144.79,145.365,144.21,145.335,365081
2021-09-30T04:00:00Z,144.115,144.49,143.68,144.36,415931
2021-09-29T04:00:00Z,144.7,145.425,143.72,144.38,533789
2021-09-28T04:00:00Z,144.31,145.05,143.645,144.05,329277
2021-09-27T04:00:00Z,145.98,146.81,145.89,146.38,213344
2021-09-24T04:00:00Z,147.82,147.82,146.735,146.94,407274
2021-09-23T04:00:00Z,150.4,150.44,148.345,148.375,319904
2021-09-22T04:00:00Z,150.785,151.775,150.47,151.775,204916
2021-09-21T04:00:00Z,150.68,150.95,150.22,150.945,115112
2021-09-20T04:00:00Z,150.59,151.365,150.245,151.07,201571
2021-09-17T04:00:00Z,149.18,149.345,148.715,149.185,222159
2021-09-16T04:00:00Z,149.645,150.42,149.52,149.91,138604
2021-09-15T04:00:00Z,151.185,151.195,149.99,150.58,174147
2021-09-14T04:00:00Z,149.71,151.55,149.62,151.065,224166
2021-09-13T04:00:00Z,149.16,149.475,149,149.4,285206
2021-09-10T04:00:00Z,148.915,149.165,148.175,148.44,207979
2021-09-09T04:00:00Z,148.235,149.875,147.925,149.66,168227
2021-09-08T04:00:00Z,147.685,148.165,147.405,147.91,244073
2021-09-07T04:00:00Z,147.225,147.51,146.685,146.97,167847
2021-09-03T04:00:00Z,148.2,148.495,147.94,148.19,235406
2021-09-02T04:00:00Z,149.21,149.545,148.755,149.545,93546
2021-09-01T04:00:00Z,149.275,149.36,148.505,148.86,92193
2021-08-31T04:00:00Z,149.64,150,148.51,148.93,147668
2021-08-30T04:00:00Z,149.04,149.9,148.945,149.825,117977
2021-08-27T04:00:00Z,148.725,149.46,148.35,149.445,274112
2021-08-26T04:00:00Z,147.955,148.52,147.52,148.52,140939
2021-08-25T04:00:00Z,149.215,149.33,147.64,148.01,300709
2021-08-24T04:00:00Z,149.635,150.03,149.31,149.34,224032
2021-08-23T04:00:00Z,150.135,150.49,149.92,150.44,158079
2021-08-20T04:00:00Z,150.745,150.79,150.15,150.51,129712
2021-08-19T04:00:00Z,150.24,150.45,149.86,150.45,162658
2021-08-18T04:00:00Z,148.745,149.445,148.47,149.375,81924
2021-08-17T04:00:00Z,148.905,149.44,148.69,148.955,102022
2021-08-16T04:00:00Z,149.235,150.01,148.82,148.905,160436
2021-08-13T04:00:00Z,146.84,148.54,146.84,148.535,313561
2021-08-12T04:00:00Z,146.035,146.41,145.48,146.275,143585
2021-08-11T04:00:00Z,146.42,147.13,145.78,146.495,122966
2021-08-10T04:00:00Z,147.25,147.375,146.58,146.58,103960
2021-08-09T04:00:00Z,148.22,148.525,147.25,147.3,126610
2021-08-06T04:00:00Z,148.375,148.705,147.71,147.78,174180
2021-08-05T04:00:00Z,150.755,150.79,150.05,150.285,202640
2021-08-04T04:00:00Z,151.56,151.8,149.73,151.035,130499
2021-08-03T04:00:00Z,150.885,151.195,150.43,150.74,114587
2021-08-02T04:00:00Z,149.45,151.16,149.25,150.65,235310
2021-07-30T04:00:00Z,149.205,149.71,149.065,149.48,110785
2021-07-29T04:00:00Z,148.69,149.19,148.595,148.78,82356
2021-07-28T04:00:00Z,148.79,149.625,148.35,149.625,91017
2021-07-27T04:00:00Z,149.37,149.675,149.015,149.63,132919
2021-07-26T04:00:00Z,149.01,149.035,147.885,148.115,86202
2021-07-23T04:00:00Z,147.945,148.65,147.945,148.535,241886
2021-07-22T04:00:00Z,148.09,149.77,148.09,149.48,315994
2021-07-21T04:00:00Z,148.18,148.5,147.31,148.16,211427
2021-07-20T04:00:00Z,152.52,152.68,149.77,150,291148
2021-07-19T04:00:00Z,150.96,151.95,150.625,151.46,628304
2021-07-16T04:00:00Z,147.34,148.34,147.34,148.16,163760
2021-07-15T04:00:00Z,147.98,148.58,147.04,148.475,221614
2021-07-14T04:00:00Z,146,146.895,145.835,146.87,113151
2021-07-13T04:00:00Z,146.82,147.45,144.74,145.18,188562
2021-07-12T04:00:00Z,147.05,147.16,146.18,146.325,90929
2021-07-09T04:00:00Z,146.85,146.94,146.495,146.525,138796
2021-07-08T04:00:00Z,148.85,149.375,148.17,148.54,125541
2021-07-07T04:00:00Z,147.46,148.54,147.27,148.02,188616
2021-07-06T04:00:00Z,145.725,146.98,145.715,146.72,237985
2021-07-02T04:00:00Z,144.165,145.035,144.155,145.025,148201
2021-07-01T04:00:00Z,143.97,144.305,143.56,144.115,125741
2021-06-30T04:00:00Z,144.39,144.915,144.08,144.355,190963
2021-06-29T04:00:00Z,143.18,143.69,143.05,143.655,95522
2021-06-28T04:00:00Z,142.755,143.8,142.74,143.46,164514
2021-06-25T04:00:00Z,143.35,143.38,141.39,142.065,204818
2021-06-24T04:00:00Z,143.52,143.86,143.35,143.445,110645
2021-06-23T04:00:00Z,143.005,143.485,142.76,143.235,107883
2021-06-22T04:00:00Z,142.155,143.68,142.155,143.595,161926
2021-06-21T04:00:00Z,144.37,144.48,143.025,143.33,187543
2021-06-18T04:00:00Z,144.33,146.025,144.13,145.765,315036
2021-06-17T04:00:00Z,141.81,144.9,141.65,143.04,357831
2021-06-16T04:00:00Z,141.34,141.63,140.22,140.96,138128
2021-06-15T04:00:00Z,140.785,141.075,140.505,141.065,278707
2021-06-14T04:00:00Z,142.01,142.01,141.015,141.195,62581
2021-06-11T04:00:00Z,142.33,142.4,141.855,142.315,94763
2021-06-10T04:00:00Z,140.84,142.54,140.71,142.54,256274
2021-06-09T04:00:00Z,141.755,142.15,141.255,141.66,145936
2021-06-08T04:00:00Z,140.63,140.64,140.23,140.455,152901
2021-06-07T04:00:00Z,139.6,139.7,139.33,139.48,98851
2021-06-04T04:00:00Z,138.6,139.87,138.6,139.87,178109
2021-06-03T04:00:00Z,138.48,138.48,137.85,138.005,76592
2021-06-02T04:00:00Z,138.545,138.78,138.34,138.495,87502
2021-06-01T04:00:00Z,137.81,138.25,137.255,138.235,146463
2021-05-28T04:00:00Z,138.7,139.27,138.415,138.44,109241
2021-05-27T04:00:00Z,138.4,138.69,138.005,138.65,148679
2021-05-26T04:00:00Z,139.565,139.84,138.88,139.29,134490
2021-05-25T04:00:00Z,138.63,139.49,138.63,139.45,212092
2021-05-24T04:00:00Z,137.96,138.56,137.92,138.195,108545
2021-05-21T04:00:00Z,137.625,137.69,137.06,137.67,136706
2021-05-20T04:00:00Z,136.77,137.46,136.77,137.275,157220
2021-05-19T04:00:00Z,136.64,137.29,135.63,136.13,165665
2021-05-18T04:00:00Z,136.34,136.555,136.1,136.455,117514
2021-05-17T04:00:00Z,136.74,137.165,136.565,136.835,59141
2021-05-14T04:00:00Z,136.46,137,136.25,136.99,193623
2021-05-13T04:00:00Z,135.93,136.33,135.645,135.89,128594
2021-05-12T04:00:00Z,136.63,136.78,135.37,135.64,389020
2021-05-11T04:00:00Z,137.2,137.4,136.775,137.04,370893
2021-05-10T04:00:00Z,138.94,139.245,137.695,137.85,312646
2021-05-07T04:00:00Z,140.045,140.59,138.915,139.24,191708
2021-05-06T04:00:00Z,139.35,140.19,139.35,139.87,248142
2021-05-05T04:00:00Z,139.065,139.84,138.95,139.715,77266
2021-05-04T04:00:00Z,139.485,140.12,139.16,139.45,209704
2021-05-03T04:00:00Z,138.74,139.645,138.3,138.45,190853
2021-04-30T04:00:00Z,138.475,138.7,137.99,138.69,165861
2021-04-29T04:00:00Z,137.455,138.35,137.155,138.32,227177
2021-04-28T04:00:00Z,138.64,138.88,138.02,138.755,137585
2021-04-27T04:00:00Z,139.56,139.76,138.58,138.67,104605
2021-04-26T04:00:00Z,140.04,140.5,139.86,139.87,98293
2021-04-23T04:00:00Z,140.455,140.455,139.53,140.035,107052
2021-04-22T04:00:00Z,140.04,140.34,139.22,140.34,148196
2021-04-21T04:00:00Z,139.61,139.9,139.085,139.76,87752
2021-04-20T04:00:00Z,138.62,139.73,138.62,139.54,75412
2021-04-19T04:00:00Z,138.75,139.31,138.565,138.885,124980
2021-04-16T04:00:00Z,139.09,139.7,138.995,139.23,185456
2021-04-15T04:00:00Z,139.485,140.965,139.485,140.32,281790
2021-04-14T04:00:00Z,138.01,138.22,137.63,138.03,53452
2021-04-13T04:00:00Z,137.31,138.49,137.21,138.49,62560
2021-04-12T04:00:00Z,137.45,137.475,137.135,137.475,71802
2021-04-09T04:00:00Z,137.54,138.16,137.1,137.52,76924
2021-04-08T04:00:00Z,137.49,138.045,137.41,137.98,64771
2021-04-07T04:00:00Z,137.52,138.095,136.895,136.93,125957
2021-04-06T04:00:00Z,137.17,137.97,137.03,137.825,87956
2021-04-05T04:00:00Z,136.5,136.965,135.95,136.95,95687
2021-04-01T04:00:00Z,136.54,137.605,136.31,137.48,201567
2021-03-31T04:00:00Z,136.33,136.57,135.01,135.64,202950
2021-03-30T04:00:00Z,135.3,136.515,135.005,136.22,212379
2021-03-29T04:00:00Z,136.82,136.84,134.97,135.49,119348
2021-03-26T04:00:00Z,136.41,137.17,136.235,136.675,115792
2021-03-25T04:00:00Z,138.385,138.65,137.1,137.18,270250
2021-03-24T04:00:00Z,137.07,138.27,136.98,138.16,143463
2021-03-23T04:00:00Z,136.58,137.525,136.195,137.44,215453
2021-03-22T04:00:00Z,135.665,136.39,135.395,136.23,167307
2021-03-19T04:00:00Z,134.085,134.825,133.815,134.77,166875
2021-03-18T04:00:00Z,133.32,134.46,133.21,133.94,315697
2021-03-17T04:00:00Z,135.145,135.49,134.18,135.28,189943
2021-03-16T04:00:00Z,137.04,137.09,135.79,136.32,144103
2021-03-15T04:00:00Z,136.475,137.08,136.47,136.77,64665
2021-03-12T05:00:00Z,136.4,136.44,135.675,136.05,187296
2021-03-11T05:00:00Z,139.1,139.355,138.52,139,76548
2021-03-10T05:00:00Z,139.805,140.13,139.33,139.975,70813
2021-03-09T05:00:00Z,139.38,139.815,139,139.715,117852
2021-03-08T05:00:00Z,138.84,138.84,137.85,137.875,90650
2021-03-05T05:00:00Z,138.15,139.245,138.02,138.955,206571
2021-03-04T05:00:00Z,139.64,139.875,137.96,138.65,247209
2021-03-03T05:00:00Z,139.355,140.14,138.79,139.53,89706
2021-03-02T05:00:00Z,140.44,141.09,140.335,141.09,79609
2021-03-01T05:00:00Z,140.68,141.4,140.09,141.05,178810
2021-02-26T05:00:00Z,140.77,143.23,139.72,143.23,415714
2021-02-25T05:00:00Z,139.53,139.915,136.65,138.62,526043
2021-02-24T05:00:00Z,139.32,141.15,139.18,140.865,236124
2021-02-23T05:00:00Z,141.52,142.44,141.21,141.82,177231
2021-02-22T05:00:00Z,143.02,143.68,141.745,142.2,107327
2021-02-19T05:00:00Z,144.11,144.275,142.865,143.255,134465
2021-02-18T05:00:00Z,144.59,145.6,144.33,145.24,99679
2021-02-17T05:00:00Z,146.03,146.35,144.98,145.77,243110
2021-02-16T05:00:00Z,145.205,145.65,144.7,144.96,307005
2021-02-12T05:00:00Z,147.69,148.07,147.035,147.12,293609
2021-02-11T05:00:00Z,149.69,149.77,148.79,148.965,228732
2021-02-10T05:00:00Z,149.26,149.78,149.165,149.78,104053
2021-02-09T05:00:00Z,149.3,149.645,148.655,148.785,81499
2021-02-08T05:00:00Z,148.295,149.265,148.05,148.64,106437
2021-02-05T05:00:00Z,149.04,149.48,148.07,148.15,106261
2021-02-04T05:00:00Z,149.19,149.475,148.82,149.32,82347
2021-02-03T05:00:00Z,150.46,150.54,149.585,149.665,130479
2021-02-02T05:00:00Z,150.64,151.055,150.6,151.035,82959
2021-02-01T05:00:00Z,151.58,152.35,151.53,152.005,167062
2021-01-29T05:00:00Z,151.33,152.48,151.3,152.075,205835
2021-01-28T05:00:00Z,153.41,153.43,152.25,152.95,112563
2021-01-27T05:00:00Z,154.145,154.48,153.55,153.885,77031
2021-01-26T05:00:00Z,153.07,153.58,153.03,153.39,75104
2021-01-25T05:00:00Z,152.68,153.69,152.66,153.65,103344
2021-01-22T05:00:00Z,151.92,151.99,151.47,151.845,66672
2021-01-21T05:00:00Z,151.445,151.71,151.13,151.385,92485
2021-01-20T05:00:00Z,151.985,152.475,151.83,152.455,60355
2021-01-19T05:00:00Z,151.62,152.36,151.54,152.36,108834
2021-01-15T05:00:00Z,152.13,152.34,151.535,151.85,173640
2021-01-14T05:00:00Z,152.6,152.63,150.82,151.25,220238
2021-01-13T05:00:00Z,151.66,153.065,151.65,152.645,170047
2021-01-12T05:00:00Z,150.75,151.12,149.96,150.945,163790
2021-01-11T05:00:00Z,150.91,151.18,150.545,151.055,119831
2021-01-08T05:00:00Z,151.43,151.92,150.7,151.41,190029
2021-01-07T05:00:00Z,151.76,152.12,151.29,151.84,256865
2021-01-06T05:00:00Z,153.77,153.83,152.3,153.11,311103
2021-01-05T05:00:00Z,156.93,156.93,155.68,156.375,186901
2021-01-04T05:00:00Z,156.675,158.14,156.55,157.555,282650
2020-12-31T05:00:00Z,157.46,158.07,157.46,157.745,113484
2020-12-30T05:00:00Z,156.835,157.515,156.69,157.515,190126
2020-12-29T05:00:00Z,156.38,157.27,156.38,157.155,247826
2020-12-28T05:00:00Z,156.365,157.45,156.105,157.375,123146
2020-12-24T05:00:00Z,156.94,157.35,156.87,157.325,31451
2020-12-23T05:00:00Z,156.53,156.67,155.51,156.635,94645
2020-12-22T05:00:00Z,157.62,157.81,157.16,157.76,56817
2020-12-21T05:00:00Z,157.08,157.31,156.49,156.9,116979
2020-12-18T05:00:00Z,157.14,157.35,156.19,156.405,53279
2020-12-17T05:00:00Z,158.08,158.44,156.455,156.73,143940
2020-12-16T05:00:00Z,156.455,157.86,156.395,157.365,76556
2020-12-15T05:00:00Z,157.83,158.385,157.36,157.82,58795
2020-12-14T05:00:00Z,157.47,158.68,157.115,158.295,63028
2020-12-11T05:00:00Z,158.65,159.38,158.345,158.795,115987
2020-12-10T05:00:00Z,157.36,158.27,156.885,158.19,116726
2020-12-09T05:00:00Z,156.6,157.29,156.03,156.765,95048
2020-12-08T05:00:00Z,157.6,158.01,157.22,157.32,56514
2020-12-07T05:00:00Z,156.34,156.83,156.2,156.595,91631
2020-12-04T05:00:00Z,155.635,155.78,154.81,155.19,142328
2020-12-03T05:00:00Z,156.94,157.785,156.715,157.55,103635
2020-12-02T05:00:00Z,156.87,156.91,155.505,156.23,125657
2020-12-01T05:00:00Z,158.51,158.71,156.735,157.55,175800
2020-11-30T05:00:00Z,160.04,160.5,159.82,160.07,233691
2020-11-27T05:00:00Z,159.61,160.25,159.61,160.2,86983
2020-11-25T05:00:00Z,159.4,159.86,158.62,158.68,128396
2020-11-24T05:00:00Z,159.97,159.97,159.03,159.195,136734
2020-11-23T05:00:00Z,160.805,160.975,160.29,160.735,167632
2020-11-20T05:00:00Z,160.54,161.535,160.4,161.505,84203
2020-11-19T05:00:00Z,160,160.705,159.85,160.08,188005
2020-11-18T05:00:00Z,159.42,159.535,158.37,159.26,123247
2020-11-17T05:00:00Z,158.82,159.12,158.615,158.845,95205
2020-11-16T05:00:00Z,157.715,158.25,157.63,157.805,62444
2020-11-13T05:00:00Z,158.31,158.48,157.925,158.165,90727
2020-11-12T05:00:00Z,156.92,158.39,156.72,158.38,181274
2020-11-11T05:00:00Z,155.05,155.93,155.02,155.74,71578
2020-11-10T05:00:00Z,154.955,155.8,154.795,155.235,152938
2020-11-09T05:00:00Z,155.89,156.135,154.68,156.11,210014
2020-11-06T05:00:00Z,159.59,159.9,158.96,159.48,139293
2020-11-05T05:00:00Z,161.65,161.73,160.645,161.37,184231
2020-11-04T05:00:00Z,161.6,162.14,160.595,161.08,390678
2020-11-03T05:00:00Z,157.82,157.935,157.13,157.66,175022
2020-11-02T05:00:00Z,158.665,159.11,158.34,158.55,99021
2020-10-30T04:00:00Z,159.03,159.3,157.58,157.58,303337
2020-10-29T04:00:00Z,160.75,160.815,158.54,159.145,157193
2020-10-28T04:00:00Z,161.42,161.46,160.2,160.71,136971
2020-10-27T04:00:00Z,160.25,160.645,159.895,160.56,146931
2020-10-26T04:00:00Z,159.16,159.995,159.14,159.47,105529
2020-10-23T04:00:00Z,156.96,158.19,156.96,157.995,84261
2020-10-22T04:00:00Z,158.31,158.605,156.98,156.98,161777
2020-10-21T04:00:00Z,158.69,159.355,158.42,158.795,135785
2020-10-20T04:00:00Z,159.92,159.955,159,159.21,143154
2020-10-19T04:00:00Z,160.465,160.95,160.14,160.8,128949
2020-10-16T04:00:00Z,161.79,162.235,161.12,161.44,132736
2020-10-15T04:00:00Z,163.08,163.19,161.69,161.87,121067
2020-10-14T04:00:00Z,162.27,162.71,161.995,162.105,113414
2020-10-13T04:00:00Z,161.2,161.82,161.195,161.75,90785
2020-10-12T04:00:00Z,160.42,160.67,160.12,160.57,55679
2020-10-09T04:00:00Z,159.49,160.23,158.85,160.1,197020
2020-10-08T04:00:00Z,160.04,160.24,159.675,160.13,179021
2020-10-07T04:00:00Z,159.55,160.38,158.88,159.26,122833
2020-10-06T04:00:00Z,159.26,161.405,158.7,160.4,268347
2020-10-05T04:00:00Z,160.87,160.91,159.55,159.56,286356
2020-10-02T04:00:00Z,163.41,163.41,162.2,162.76,121846
2020-10-01T04:00:00Z,162.5,163.73,162.11,163.36,145757
2020-09-30T04:00:00Z,163.94,163.94,162.58,163.31,135255
2020-09-29T04:00:00Z,164.84,165.23,164.64,164.825,102762
2020-09-28T04:00:00Z,164.83,164.87,164.375,164.67,90108
2020-09-25T04:00:00Z,165.09,165.38,164.75,165.11,44713
2020-09-24T04:00:00Z,164.98,165.11,164.64,165.1,117050
2020-09-23T04:00:00Z,164.295,164.53,163.485,164.5,90122
2020-09-22T04:00:00Z,164.45,164.85,163.89,164.29,389240
2020-09-21T04:00:00Z,164.885,165.32,164.15,164.38,230026
2020-09-18T04:00:00Z,164.06,164.15,163.365,163.56,89844
2020-09-17T04:00:00Z,164.855,164.855,163.81,164.1,88559
2020-09-16T04:00:00Z,164.79,164.79,163.07,163.6,171759
2020-09-15T04:00:00Z,164.155,164.435,163.8,164.08,101550
2020-09-14T04:00:00Z,164.925,164.965,164.24,164.51,54943
2020-09-11T04:00:00Z,164.28,164.56,164.1,164.45,76597
2020-09-10T04:00:00Z,162.54,164.315,161.99,164.14,102769
2020-09-09T04:00:00Z,163.94,164.22,162.805,163.32,129626
2020-09-08T04:00:00Z,164.44,165.26,163.74,163.77,207247
2020-09-04T04:00:00Z,164.43,164.645,162.52,162.8,157868
2020-09-03T04:00:00Z,165.75,167.165,165.45,165.91,182611
2020-09-02T04:00:00Z,163.53,165.545,163.5,165.445,231963
2020-09-01T04:00:00Z,161.78,164.04,161.24,163.86,94640
2020-08-31T04:00:00Z,161.62,163.2,161.59,162.12,122971
2020-08-28T04:00:00Z,161.795,162.02,160.67,161.145,93067
2020-08-27T04:00:00Z,164.76,164.76,161.17,161.235,247507
2020-08-26T04:00:00Z,164.1,164.32,163.29,164.03,107094
2020-08-25T04:00:00Z,164.395,165.08,163.835,164.665,152058
2020-08-24T04:00:00Z,166.34,166.93,165.87,165.895,70895
2020-08-21T04:00:00Z,165.755,166.305,165.05,166.21,120062
2020-08-20T04:00:00Z,165.46,165.615,164.95,165.195,154607
2020-08-19T04:00:00Z,165.39,165.59,163.41,163.74,126953
2020-08-18T04:00:00Z,164.32,164.87,164.09,164.735,77292
2020-08-17T04:00:00Z,163.99,164.44,163.44,163.59,53156
2020-08-14T04:00:00Z,163.82,164.14,163.16,163.17,46534
2020-08-13T04:00:00Z,165.27,165.56,163.185,163.785,166020
2020-08-12T04:00:00Z,165.685,166.025,165,165.52,168986
2020-08-11T04:00:00Z,167.17,167.485,165.88,167.1,259419
2020-08-10T04:00:00Z,170.2,170.2,169.075,169.075,79844
2020-08-07T04:00:00Z,171.32,171.41,169.705,169.86,86996
2020-08-06T04:00:00Z,171.4,172.25,170.625,171.01,87206
2020-08-05T04:00:00Z,170.06,170.55,169.7,170.155,67746
2020-08-04T04:00:00Z,170.83,171.58,170.74,171.575,130458
2020-08-03T04:00:00Z,169.225,169.975,169.04,169.96,80783
2020-07-31T04:00:00Z,170.235,171.45,170,171.095,50420
2020-07-30T04:00:00Z,170.955,171.26,170.8,171.13,98844
2020-07-29T04:00:00Z,170.22,170.385,168.995,169.955,46415
2020-07-28T04:00:00Z,169.525,170.325,169.525,170.275,108458
2020-07-27T04:00:00Z,170,170.24,168.99,169.09,52786
