2024-06-14T04:00:00Z,35.27,35.55,34.44,34.87,83460
2024-06-13T04:00:00Z,37.3,37.49,35.85,36.62,94127
2024-06-12T04:00:00Z,38.735,39.47,37.285,37.64,146176
2024-06-11T04:00:00Z,35.3,36.165,34.8,35.91,72894
2024-06-10T04:00:00Z,34.975,36.47,34.86,36.335,66548
2024-06-07T04:00:00Z,36.25,37.06,35.79,36.035,65538
2024-06-06T04:00:00Z,37.675,38.02,37.1,37.32,86864
2024-06-05T04:00:00Z,37.11,38.17,36.45,38.17,76110
2024-06-04T04:00:00Z,37.24,37.47,36.38,36.5,85023
2024-06-03T04:00:00Z,39.595,39.595,37.24,38.02,72701
2024-05-31T04:00:00Z,38.2,38.88,37.2,38.62,79590
2024-05-30T04:00:00Z,37.38,38.205,37.26,37.765,51331
2024-05-29T04:00:00Z,36.75,37.22,36.575,36.72,57485
2024-05-28T04:00:00Z,39.42,39.48,37.84,38.48,71894
2024-05-24T04:00:00Z,38.24,38.7,37.8,38.64,73240
2024-05-23T04:00:00Z,39.385,39.385,36.955,37.45,83418
2024-05-22T04:00:00Z,39.955,40.34,39.01,39.455,101928
2024-05-21T04:00:00Z,40.295,40.6,40.14,40.42,39321
2024-05-20T04:00:00Z,40.33,41.075,40.12,40.595,51862
2024-05-17T04:00:00Z,40.51,40.53,39.89,40.3,73688
2024-05-16T04:00:00Z,40.92,41.02,40.25,40.33,66493
2024-05-15T04:00:00Z,41.13,41.32,40.18,41.07,82757
2024-05-14T04:00:00Z,40.045,40.045,39.16,39.76,68034
2024-05-13T04:00:00Z,39.22,39.52,38.455,38.5,39418
2024-05-10T04:00:00Z,39.47,39.57,37.94,38.26,73066
2024-05-09T04:00:00Z,38.26,39.2,37.96,39.105,25581
2024-05-08T04:00:00Z,37.43,38.14,37.39,38.075,36812
2024-05-07T04:00:00Z,38.68,39.39,38.55,38.69,74097
2024-05-06T04:00:00Z,37.99,38.62,37.88,38.345,84556
2024-05-03T04:00:00Z,37.7,38.2,36.68,37.02,94803
2024-05-02T04:00:00Z,35.275,36.06,34.26,36.01,90032
2024-05-01T04:00:00Z,33.93,36.23,33.56,34.115,120346
2024-04-30T04:00:00Z,34.84,35.43,33.895,33.94,60800
2024-04-29T04:00:00Z,35.865,36.41,35.6,36.065,111810
2024-04-26T04:00:00Z,34.5,35.57,34.35,35.43,64175
2024-04-25T04:00:00Z,33.8,34.515,32.995,34.335,51713
2024-04-24T04:00:00Z,35.39,35.7,34.43,35.05,66519
2024-04-23T04:00:00Z,33.81,35.89,33.81,35.45,102753
2024-04-22T04:00:00Z,33.25,34.32,32.63,33.8,122611
2024-04-19T04:00:00Z,32.15,33.33,31.87,32.75,115128
2024-04-18T04:00:00Z,32.98,34,32.3,32.57,143272
2024-04-17T04:00:00Z,34.4,34.57,32.75,32.78,76493
2024-04-16T04:00:00Z,33.36,34.39,32.94,33.83,164729
2024-04-15T04:00:00Z,36.135,36.6,33.79,34.2,163445
2024-04-12T04:00:00Z,37.21,37.61,35.25,35.77,150451
2024-04-11T04:00:00Z,37.69,38.19,36.67,37.87,145120
2024-04-10T04:00:00Z,37.08,38.29,36.37,37.09,164100
2024-04-09T04:00:00Z,40.23,40.57,39.24,40.225,81777
2024-04-08T04:00:00Z,40.19,40.35,39.32,39.87,73362
2024-04-05T04:00:00Z,38.51,39.9,38.37,39.26,234072
2024-04-04T04:00:00Z,41.5,41.645,38.57,38.81,123962
2024-04-03T04:00:00Z,38.83,40.44,38.69,40.1,82063
2024-04-02T04:00:00Z,40.04,40.15,38.72,39.33,115551
2024-04-01T04:00:00Z,43.04,43.04,41.5,41.63,89101
2024-03-28T04:00:00Z,42.66,43.81,42.66,42.91,86960
2024-03-27T04:00:00Z,40.8,42.49,40.53,42.49,128657
2024-03-26T04:00:00Z,41.1,41.36,39.89,39.91,57620
2024-03-25T04:00:00Z,40.29,41.02,40.18,40.21,66765
2024-03-22T04:00:00Z,41.48,41.81,40,40,80759
2024-03-21T04:00:00Z,41.075,42.25,41.04,41.63,107755
2024-03-20T04:00:00Z,37.59,40.76,37.51,40.27,87720
2024-03-19T04:00:00Z,36.825,38.37,36.73,38.085,61501
2024-03-18T04:00:00Z,38.47,38.73,37.46,37.6,76130
2024-03-15T04:00:00Z,37.62,38.67,37.615,38.32,82916
2024-03-14T04:00:00Z,39.88,40.01,37.045,38.03,93900
2024-03-13T04:00:00Z,39.88,40.82,39.85,40.3,46721
2024-03-12T04:00:00Z,40.03,40.4,39.03,39.86,78603
2024-03-11T04:00:00Z,40.59,41.01,39.78,40.03,61437
2024-03-08T05:00:00Z,42.11,43.14,40.42,40.96,147763
2024-03-07T05:00:00Z,41.05,41.77,40.83,41.11,85843
2024-03-06T05:00:00Z,40.53,40.62,39.5,40.15,116035
2024-03-05T05:00:00Z,39.63,40.545,38.86,39.29,178525
2024-03-04T05:00:00Z,41.22,41.67,40.34,40.48,125605
2024-03-01T05:00:00Z,39.82,40.815,39.02,40.58,151694
2024-02-29T05:00:00Z,40.16,40.68,38.7,39.295,173764
2024-02-28T05:00:00Z,38.46,39.47,38.34,38.63,118972
2024-02-27T05:00:00Z,39,39.67,38.755,39.535,85507
2024-02-26T05:00:00Z,37.035,38.22,36.92,38,75778
2024-02-23T05:00:00Z,37.06,37.95,36.575,37.3,137573
2024-02-22T05:00:00Z,36.72,37.39,36.32,37.08,86616
2024-02-21T05:00:00Z,36.11,36.41,35.44,36.26,60962
2024-02-20T05:00:00Z,36.98,37.23,36.32,36.77,120238
2024-02-16T05:00:00Z,38.7,39.575,38.09,38.37,199364
2024-02-15T05:00:00Z,38.13,40.2,38.08,40,125318
2024-02-14T05:00:00Z,36.27,37.46,35.685,37.26,99936
2024-02-13T05:00:00Z,35.7,36.36,33.82,34.68,186212
2024-02-12T05:00:00Z,37.885,39.92,37.87,39.59,206707
2024-02-09T05:00:00Z,36.15,37.67,36,37.59,133968
2024-02-08T05:00:00Z,34.34,35.95,34.06,35.87,86757
2024-02-07T05:00:00Z,34.62,34.79,33.7,34.33,114439
2024-02-06T05:00:00Z,33.55,34.605,33.18,34.51,77039
2024-02-05T05:00:00Z,33.965,34.28,32.68,33.6,136126
2024-02-02T05:00:00Z,34.25,35.59,33.91,35.02,150660
2024-02-01T05:00:00Z,34.99,35.73,33.53,35.685,169687
2024-01-31T05:00:00Z,36.54,37.63,34.18,34.25,267367
2024-01-30T05:00:00Z,37.35,37.62,36.64,36.98,83604
2024-01-29T05:00:00Z,36.12,37.935,35.59,37.93,98235
2024-01-26T05:00:00Z,36.48,37.11,35.76,36.06,85791
2024-01-25T05:00:00Z,36.59,36.965,35.29,36.04,125268
2024-01-24T05:00:00Z,37.39,37.49,35.145,35.21,165689
2024-01-23T05:00:00Z,37.43,37.61,35.6,36.12,140975
2024-01-22T05:00:00Z,35.33,36.62,35.24,36.53,151050
2024-01-19T05:00:00Z,33.54,34.51,32.64,34.33,106988
2024-01-18T05:00:00Z,33.48,33.66,32.18,33.33,80419
2024-01-17T05:00:00Z,31.9,33.04,31.81,32.8,104564
2024-01-16T05:00:00Z,33.93,34.305,33.18,33.57,94429
2024-01-12T05:00:00Z,36.21,36.9,34.55,34.825,108356
2024-01-11T05:00:00Z,35.56,35.71,33.84,35.07,129628
2024-01-10T05:00:00Z,35.775,36.095,34.85,35.93,127647
2024-01-09T05:00:00Z,35.56,36.31,34.98,35.88,91117
2024-01-08T05:00:00Z,34.99,37.01,34.5,36.99,88599
2024-01-05T05:00:00Z,34.69,36.2,34.49,35.02,130761
2024-01-04T05:00:00Z,35.49,36.16,35.3,35.37,194215
2024-01-03T05:00:00Z,37.48,37.59,35.37,35.52,298574
2024-01-02T05:00:00Z,38.49,39.88,38.06,38.62,99698
2023-12-29T05:00:00Z,41.18,41.4,39.45,39.5,97809
2023-12-28T05:00:00Z,41.24,42.14,41.02,41.425,88535
2023-12-27T05:00:00Z,41.67,42.37,41.15,41.96,182862
2023-12-26T05:00:00Z,40.34,41.795,40.19,41.49,53376
2023-12-22T05:00:00Z,39.67,40.73,39.29,39.98,136980
2023-12-21T05:00:00Z,38.32,39.05,37.785,39.01,136931
2023-12-20T05:00:00Z,39.38,40.78,37.25,37.29,322899
2023-12-19T05:00:00Z,38.11,39.835,38.05,39.67,123206
2023-12-18T05:00:00Z,37.89,38.4,37.26,37.46,134061
2023-12-15T05:00:00Z,38.7,38.88,36.83,37.41,499728
2023-12-14T05:00:00Z,37.46,39.14,37.26,38.41,260896
2023-12-13T05:00:00Z,32.19,35.64,31.54,35.64,307692
2023-12-12T05:00:00Z,32,32.54,31.4,32.2,108461
2023-12-11T05:00:00Z,32.095,32.52,31.69,32.31,135431
2023-12-08T05:00:00Z,31.27,32.595,31.18,32.11,177975
2023-12-07T05:00:00Z,30.79,31.51,30.46,31.48,87815
2023-12-06T05:00:00Z,31.565,32.73,30.675,30.77,254662
2023-12-05T05:00:00Z,31.66,31.74,30.82,30.99,222155
2023-12-04T05:00:00Z,30.89,32.325,30.85,32.3,333928
2023-12-01T05:00:00Z,28.475,31.4,28.08,31.315,143440
2023-11-30T05:00:00Z,29.03,29.25,28.41,28.81,89173
2023-11-29T05:00:00Z,28.73,29.73,28.37,28.48,148257
2023-11-28T05:00:00Z,28.27,28.58,27.65,28.04,82355
2023-11-27T05:00:00Z,28.19,28.55,27.7,28.39,50824
2023-11-24T05:00:00Z,28.25,28.87,27.98,28.68,55160
2023-11-22T05:00:00Z,28.08,28.72,27.88,28.13,77854
2023-11-21T05:00:00Z,28.215,28.36,27.6,27.66,74933
2023-11-20T05:00:00Z,28.34,28.91,28.02,28.76,87168
2023-11-17T05:00:00Z,28,28.41,27.74,28.305,115780
2023-11-16T05:00:00Z,28.39,28.5,26.855,27.26,212017
2023-11-15T05:00:00Z,28.445,30,28.29,28.605,357649
2023-11-14T05:00:00Z,26.64,28.44,26.63,28.43,156189
2023-11-13T05:00:00Z,24.03,24.69,23.72,24.43,71788
2023-11-10T05:00:00Z,24.04,24.61,23.49,24.43,94275
2023-11-09T05:00:00Z,25.17,25.3,23.54,23.68,114742
2023-11-08T05:00:00Z,25.56,25.805,24.59,24.85,153033
2023-11-07T05:00:00Z,25.5,26,25.15,25.7,73770
2023-11-06T05:00:00Z,26.96,27.03,25.5,25.945,88951
2023-11-03T04:00:00Z,26.2,27.42,26.2,26.93,179553
2023-11-02T04:00:00Z,24.03,24.96,23.865,24.93,125834
2023-11-01T04:00:00Z,22.69,23.155,22.13,23.08,155758
2023-10-31T04:00:00Z,22.26,22.9,22.03,22.75,69682
2023-10-30T04:00:00Z,22.405,22.83,21.71,22.15,96132
2023-10-27T04:00:00Z,22.83,22.87,21.6,21.82,170232
2023-10-26T04:00:00Z,22.66,23.25,22.25,22.62,154806
2023-10-25T04:00:00Z,22.93,23.21,22.365,22.47,75951
2023-10-24T04:00:00Z,23.7,24.1,23.24,23.61,70260
2023-10-23T04:00:00Z,23.28,24.04,22.895,23.08,128044
2023-10-20T04:00:00Z,24.37,24.72,23.65,23.68,152393
2023-10-19T04:00:00Z,25.65,26.215,24.525,24.67,140504
2023-10-18T04:00:00Z,26.93,26.96,25.76,25.89,76057
2023-10-17T04:00:00Z,26.44,28.255,26.44,27.62,93115
2023-10-16T04:00:00Z,26.12,26.86,25.92,26.7,53716
2023-10-13T04:00:00Z,26.58,26.59,25.23,25.5,88330
2023-10-12T04:00:00Z,28.1,28.1,25.74,26.18,110730
2023-10-11T04:00:00Z,28.455,28.82,27.49,28.07,80328
2023-10-10T04:00:00Z,27.53,28.71,27.52,28.2,111118
2023-10-09T04:00:00Z,26.38,27.55,26.29,27.3,76868
2023-10-06T04:00:00Z,25.68,27.23,25.26,26.84,114878
2023-10-05T04:00:00Z,25.85,26.365,25.49,26.14,71568
2023-10-04T04:00:00Z,25.98,26.26,25.12,26.08,92307
2023-10-03T04:00:00Z,26.97,27.13,25.7,26.06,80577
2023-10-02T04:00:00Z,28.575,28.69,27.01,27.42,85691
2023-09-29T04:00:00Z,29.85,29.95,28.51,28.74,107447
2023-09-28T04:00:00Z,28.53,29.65,28.43,29.23,66603
2023-09-27T04:00:00Z,28.19,28.905,27.79,28.45,140418
2023-09-26T04:00:00Z,28.27,28.95,27.67,27.73,66616
2023-09-25T04:00:00Z,28.05,28.98,27.92,28.81,44038
2023-09-22T04:00:00Z,28.94,29.22,28.4,28.42,37729
2023-09-21T04:00:00Z,29.37,29.37,28.67,28.67,80859
2023-09-20T04:00:00Z,31.44,31.88,30.09,30.09,31537
2023-09-19T04:00:00Z,31.57,31.7,30.765,31,29075
2023-09-18T04:00:00Z,32.03,32.08,31.42,31.42,19359
2023-09-15T04:00:00Z,32.76,32.79,31.64,32.03,42571
2023-09-14T04:00:00Z,32.7,33.29,32.48,33.13,40433
2023-09-13T04:00:00Z,32.62,32.78,31.53,31.81,41839
2023-09-12T04:00:00Z,32.41,33.06,32.4,32.48,32501
2023-09-11T04:00:00Z,33.04,33.22,32.49,32.55,26434
2023-09-08T04:00:00Z,32.69,32.72,32.08,32.4,22609
2023-09-07T04:00:00Z,32.97,33.11,32.18,32.62,48146
2023-09-06T04:00:00Z,34.04,34.595,33.035,33.62,34378
2023-09-05T04:00:00Z,35.7,35.7,33.97,33.97,50974
2023-09-01T04:00:00Z,35.86,36.71,35.71,36.18,53518
2023-08-31T04:00:00Z,35.475,35.915,35.08,35.12,24320
2023-08-30T04:00:00Z,34.67,35.635,34.42,35.32,45303
2023-08-29T04:00:00Z,33.39,34.925,32.965,34.83,44108
2023-08-28T04:00:00Z,33.23,34.035,33.225,33.49,34245
2023-08-25T04:00:00Z,32.82,33.12,31.37,32.61,45997
2023-08-24T04:00:00Z,33.35,33.925,32.26,32.27,57570
2023-08-23T04:00:00Z,32.72,33.81,32.51,33.605,59649
2023-08-22T04:00:00Z,33.28,33.55,32.38,32.64,39269
2023-08-21T04:00:00Z,33,33.38,32.24,32.91,38433
2023-08-18T04:00:00Z,31.685,33.375,31.66,33.075,75508
2023-08-17T04:00:00Z,34.035,34.23,32.58,32.6,45962
2023-08-16T04:00:00Z,35.02,35.59,33.82,33.83,47752
2023-08-15T04:00:00Z,35.89,35.89,35.05,35.12,49543
2023-08-14T04:00:00Z,36.23,36.55,35.45,36.55,39766
2023-08-11T04:00:00Z,36.29,37.13,36.09,36.75,42438
2023-08-10T04:00:00Z,37.46,38.55,36.18,36.62,59130
2023-08-09T04:00:00Z,37.88,37.88,36.76,37.12,54971
2023-08-08T04:00:00Z,37.37,38.16,36.56,38.13,53872
2023-08-07T04:00:00Z,38.935,39.19,37.84,38.84,46308
2023-08-04T04:00:00Z,39.16,39.98,38.5,38.705,104552
2023-08-03T04:00:00Z,38.75,39.63,38.15,39.02,55120
2023-08-02T04:00:00Z,39.6,39.86,38.81,39.435,53665
2023-08-01T04:00:00Z,40.7,41.08,39.84,41.05,47288
2023-07-31T04:00:00Z,40.705,41.62,40.69,41.62,41299
2023-07-28T04:00:00Z,39.9,40.48,39.68,40.24,51661
2023-07-27T04:00:00Z,41.02,41.08,38.325,38.76,117436
2023-07-26T04:00:00Z,39.29,40.72,39.29,40.34,52144
2023-07-25T04:00:00Z,39.13,40.19,39.13,39.46,59069
2023-07-24T04:00:00Z,39.25,40.21,38.88,39.43,50889
2023-07-21T04:00:00Z,40.19,40.35,38.95,39.15,66556
2023-07-20T04:00:00Z,40.6,40.63,39.08,39.63,75058
2023-07-19T04:00:00Z,40.56,41.12,40.12,40.64,64940
2023-07-18T04:00:00Z,38.8,40.36,38.8,40.17,47916
2023-07-17T04:00:00Z,37.42,39.15,37.33,38.705,27102
2023-07-14T04:00:00Z,38.49,38.49,36.8,37.55,90795
2023-07-13T04:00:00Z,38.11,38.84,37.77,38.67,49410
2023-07-12T04:00:00Z,38.42,38.42,37.5,37.715,84288
2023-07-11T04:00:00Z,35.88,36.75,35.46,36.59,41417
2023-07-10T04:00:00Z,33.71,35.6,33.48,35.6,51771
2023-07-07T04:00:00Z,32.94,34.7,32.94,33.88,67032
2023-07-06T04:00:00Z,33.16,33.26,31.67,32.75,75045
2023-07-05T04:00:00Z,35.15,35.15,34.3,34.45,53965
2023-07-03T04:00:00Z,35.07,36.1,35.03,35.73,28879
2023-06-30T04:00:00Z,35.79,35.95,35.18,35.28,76713
2023-06-29T04:00:00Z,33.84,35.245,33.81,34.97,57908
2023-06-28T04:00:00Z,32.96,33.8,32.63,33.67,37477
2023-06-27T04:00:00Z,32.11,33.55,31.74,33.23,71301
2023-06-26T04:00:00Z,31.79,32.89,31.79,31.86,41202
2023-06-23T04:00:00Z,31.96,32.705,31.5,31.67,54438
2023-06-22T04:00:00Z,33.76,33.76,32.835,33.27,34788
2023-06-21T04:00:00Z,33.78,34.72,33.49,34.06,37664
2023-06-20T04:00:00Z,34.48,34.73,33.78,34.56,35807
2023-06-16T04:00:00Z,36.41,36.46,34.54,34.98,48840
2023-06-15T04:00:00Z,34.62,35.93,34.58,35.9,48117
2023-06-14T04:00:00Z,36.39,36.92,34.3,35.01,65744
2023-06-13T04:00:00Z,35.35,36.79,35.35,36.26,70301
2023-06-12T04:00:00Z,34.69,35.51,34.19,35.07,51798
2023-06-09T04:00:00Z,35.43,35.5,34.315,34.6,40780
2023-06-08T04:00:00Z,35.65,35.755,34.6,35.44,115094
2023-06-07T04:00:00Z,35.195,36.2,34.895,35.945,60801
2023-06-06T04:00:00Z,31.295,34.34,31.27,34.07,61093
2023-06-05T04:00:00Z,32.22,32.23,30.975,31.53,100327
2023-06-02T04:00:00Z,30.86,32.91,30.58,32.87,85271
2023-06-01T04:00:00Z,28.71,29.97,28.36,29.67,56013
2023-05-31T04:00:00Z,29.21,29.56,28.09,28.72,45460
2023-05-30T04:00:00Z,30.4,30.665,29.31,29.7,64639
2023-05-26T04:00:00Z,29.1,30.09,28.97,29.935,56273
2023-05-25T04:00:00Z,29.46,29.68,28.34,29.05,64153
2023-05-24T04:00:00Z,30.17,30.33,29.34,29.71,70997
2023-05-23T04:00:00Z,30.98,32.34,30.735,30.8,42685
2023-05-22T04:00:00Z,30.305,31.55,30.055,31.19,47369
2023-05-19T04:00:00Z,31.29,31.33,29.705,30.07,66733
2023-05-18T04:00:00Z,29.63,30.81,29.6,30.72,37897
2023-05-17T04:00:00Z,28.77,30.29,28.22,30.17,56959
2023-05-16T04:00:00Z,28.93,28.95,28.255,28.26,60252
2023-05-15T04:00:00Z,28.81,29.97,28.6,29.51,38172
2023-05-12T04:00:00Z,29.21,29.225,28,28.53,54829
2023-05-11T04:00:00Z,28.82,29,28.24,28.73,31979
2023-05-10T04:00:00Z,30.16,30.16,28.595,29.44,48801
2023-05-09T04:00:00Z,28.69,29.33,28.34,28.98,22763
2023-05-08T04:00:00Z,29.95,29.95,28.82,29.24,56486
2023-05-05T04:00:00Z,28.88,29.76,28.81,29.435,83687
2023-05-04T04:00:00Z,27.87,28.03,26.76,27.545,106216
2023-05-03T04:00:00Z,28.49,30.04,28.45,28.515,72857
2023-05-02T04:00:00Z,29.6,29.6,27.32,28.17,91737
2023-05-01T04:00:00Z,29.96,31.04,29.82,30.14,23517
2023-04-28T04:00:00Z,29.11,30.32,29.07,30.02,87025
2023-04-27T04:00:00Z,28.46,29.34,27.93,29.27,63742
2023-04-26T04:00:00Z,28.575,29.15,27.97,28.22,124741
2023-04-25T04:00:00Z,30.43,30.5,29.02,29.04,52058
2023-04-24T04:00:00Z,31.32,31.85,30.85,31.3,54696
2023-04-21T04:00:00Z,31.51,31.59,30.625,31.415,48545
2023-04-20T04:00:00Z,31.09,31.87,30.9,31.28,46246
2023-04-19T04:00:00Z,31.19,32.09,30.97,31.86,73113
2023-04-18T04:00:00Z,32.54,32.54,31.12,31.65,48785
2023-04-17T04:00:00Z,31.19,32.14,31.08,32.09,44845
2023-04-14T04:00:00Z,31.845,32.35,30.35,30.95,55863
2023-04-13T04:00:00Z,30.97,32.1,30.69,31.82,100443
2023-04-12T04:00:00Z,32.09,32.19,30.525,30.615,57882
2023-04-11T04:00:00Z,31.03,31.75,30.85,31.27,61911
2023-04-10T04:00:00Z,29.48,30.66,29.21,30.63,43213
2023-04-06T04:00:00Z,29.61,29.95,29.08,29.69,46182
2023-04-05T04:00:00Z,29.89,30.21,29.035,29.64,93642
2023-04-04T04:00:00Z,32.48,32.48,29.96,30.47,85082
2023-04-03T04:00:00Z,32.52,32.87,31.13,32.2,79844
2023-03-31T04:00:00Z,31.15,32.25,31.15,32.15,73278
2023-03-30T04:00:00Z,31.37,31.6,30.13,30.5,50597
2023-03-29T04:00:00Z,30.49,30.69,29.95,30.67,90611
2023-03-28T04:00:00Z,29.53,30.175,29.29,29.69,88359
2023-03-27T04:00:00Z,29.87,30.27,29.125,29.845,85573
2023-03-24T04:00:00Z,27.28,28.955,26.72,28.84,70628
2023-03-23T04:00:00Z,29.165,30.17,27.35,28.075,58410
2023-03-22T04:00:00Z,31.12,31.385,28.51,28.51,84305
2023-03-21T04:00:00Z,31.12,31.85,30.835,31.22,38261
2023-03-20T04:00:00Z,29.43,30.5,29.09,29.58,28914
2023-03-17T04:00:00Z,30.03,30.18,28.28,28.545,58132
2023-03-16T04:00:00Z,28.43,31.47,28.22,31.02,45617
2023-03-15T04:00:00Z,28.92,29.88,28.1,29.68,104079
2023-03-14T04:00:00Z,32.35,32.75,30.4,31.44,211626
2023-03-13T04:00:00Z,29.44,31.35,28.65,29.71,164826
2023-03-10T05:00:00Z,33.43,33.6,30.205,31.22,155233
2023-03-09T05:00:00Z,37.33,37.72,34.18,34.29,101326
2023-03-08T05:00:00Z,37.51,37.905,36.5,37.39,77326
2023-03-07T05:00:00Z,38.67,38.85,37.2,37.38,52870
2023-03-06T05:00:00Z,40.39,40.46,38.215,38.7,63882
2023-03-03T05:00:00Z,39.22,40.74,38.63,40.49,56801
2023-03-02T05:00:00Z,37.51,39.09,37.26,38.9,41187
2023-03-01T05:00:00Z,38.43,39.27,37.9,38.58,80608
2023-02-28T05:00:00Z,38.45,39.56,38.45,38.51,36381
2023-02-27T05:00:00Z,39.1,39.69,38.17,38.52,49724
2023-02-24T05:00:00Z,37.515,38.24,37.06,38.1,78380
2023-02-23T05:00:00Z,39.31,39.77,37.69,39.26,87404
2023-02-22T05:00:00Z,38.63,39.17,37.78,38.48,65905
2023-02-21T05:00:00Z,40.39,40.65,38.05,38.15,47660
2023-02-17T05:00:00Z,41.12,41.995,40.48,41.83,61731
2023-02-16T05:00:00Z,41.05,43.01,40.75,41.56,69041
2023-02-15T05:00:00Z,40.595,42.87,40.27,42.84,66631
2023-02-14T05:00:00Z,40.685,42.47,39.99,41.57,87036
2023-02-13T05:00:00Z,40.29,41.72,39.71,41.63,49051
2023-02-10T05:00:00Z,39.66,40.38,39.17,40.19,51688
2023-02-09T05:00:00Z,42.82,43.21,39.7,40.01,62030
2023-02-08T05:00:00Z,43.05,43.58,41.51,41.87,65247
2023-02-07T05:00:00Z,42.53,44.04,41.27,43.78,71085
2023-02-06T05:00:00Z,43.85,44.27,42.34,42.83,62305
2023-02-03T05:00:00Z,44.15,46.19,43.9,44.715,54295
2023-02-02T05:00:00Z,44.28,46.29,43.985,45.79,113781
2023-02-01T05:00:00Z,40.9,44.25,40.45,43.08,64370
2023-01-31T05:00:00Z,38.82,41.28,38.82,41.24,46724
2023-01-30T05:00:00Z,39.01,40.11,38.39,38.47,53589
2023-01-27T05:00:00Z,39.15,40.56,39.025,40.13,46172
2023-01-26T05:00:00Z,39.765,40.27,38.16,39.57,64271
2023-01-25T05:00:00Z,37.44,38.89,36.67,38.84,67255
2023-01-24T05:00:00Z,38.4,39.06,37.87,38.63,48483
2023-01-23T05:00:00Z,37.62,39.22,37.18,38.83,69926
2023-01-20T05:00:00Z,36.05,37.46,35.24,37.42,56071
2023-01-19T05:00:00Z,36.09,36.27,34.955,35.66,70288
2023-01-18T05:00:00Z,39.12,39.94,36.74,36.75,72806
2023-01-17T05:00:00Z,38.83,39.26,38.28,38.65,62459
2023-01-13T05:00:00Z,37.33,38.92,37.16,38.83,80176
2023-01-12T05:00:00Z,36.78,38.13,35.78,38.11,79549
2023-01-11T05:00:00Z,35.455,36.29,35.105,36.29,65210
2023-01-10T05:00:00Z,33.34,35.02,33.23,35,61114
2023-01-09T05:00:00Z,34.2,34.76,33.385,33.54,66497
2023-01-06T05:00:00Z,32.12,33.58,31.39,33.36,59335
2023-01-05T05:00:00Z,31.81,31.84,30.62,31.25,82514
2023-01-04T05:00:00Z,31.81,32.91,31.715,32.35,50709
2023-01-03T05:00:00Z,32.53,33.22,30.37,31.13,56869
2022-12-30T05:00:00Z,31.1,31.85,30.75,31.85,66199
2022-12-29T05:00:00Z,30.4,32.18,30.23,32,68999
2022-12-28T05:00:00Z,31.22,31.62,29.715,29.815,43081
2022-12-27T05:00:00Z,31.94,31.94,30.9,31.24,55843
2022-12-23T05:00:00Z,31.36,31.88,30.87,31.83,32383
2022-12-22T05:00:00Z,31.805,31.92,29.85,31.47,66310
2022-12-21T05:00:00Z,32.04,33.23,31.86,32.74,47707
2022-12-20T05:00:00Z,30.5,31.68,30.32,31.2,30010
2022-12-19T05:00:00Z,32.45,32.45,30.53,30.81,56625
2022-12-16T05:00:00Z,31.93,32.5,31.21,32.17,70185
2022-12-15T05:00:00Z,34.3,34.54,32.53,32.9,89772
2022-12-14T05:00:00Z,36.26,37.16,34.79,35.57,92774
2022-12-13T05:00:00Z,38.77,39.31,35.58,36.22,80583
2022-12-12T05:00:00Z,34.28,35.54,33.85,35.4,26236
2022-12-09T05:00:00Z,35.04,35.49,34.2,34.2,54091
2022-12-08T05:00:00Z,35.7,36.46,34.79,35.51,49296
2022-12-07T05:00:00Z,34.98,35.82,34.67,34.86,38414
2022-12-06T05:00:00Z,36.81,36.82,34.57,35.19,24803
2022-12-05T05:00:00Z,39.37,39.37,36.45,36.81,36718
2022-12-02T05:00:00Z,38.12,40.64,37.99,40.23,39343
2022-12-01T05:00:00Z,40.22,40.9,38.96,39.48,46081
2022-11-30T05:00:00Z,37.08,39.62,35.79,39.62,63379
2022-11-29T05:00:00Z,36.56,37.48,36.56,36.77,31850
2022-11-28T05:00:00Z,37.89,38.34,36.115,36.39,45497
2022-11-25T05:00:00Z,38.47,39.17,38.3,38.79,13944
2022-11-23T05:00:00Z,38.11,38.9,37.55,38.485,42197
2022-11-22T05:00:00Z,37.42,38.4,36.9,38.32,43177
2022-11-21T05:00:00Z,37.08,37.3,36.29,37.08,26991
2022-11-18T05:00:00Z,38.58,38.64,37.01,37.66,73924
2022-11-17T05:00:00Z,36.41,37.21,35.78,37.11,43593
2022-11-16T05:00:00Z,39.62,39.62,37.78,38,96239
2022-11-15T05:00:00Z,40.55,41.47,39.37,40.17,61540
2022-11-14T05:00:00Z,39.09,40.4,38.55,38.63,20905
2022-11-11T05:00:00Z,39.21,41.07,39.19,39.84,57989
2022-11-10T05:00:00Z,36.94,38.96,36.59,38.9,81899
2022-11-09T05:00:00Z,34.68,35.16,32.71,32.92,36182
2022-11-08T05:00:00Z,36.03,37.21,34.78,35.75,27401
2022-11-07T05:00:00Z,36.08,36.41,34.75,35.985,19839
2022-11-04T04:00:00Z,35.42,35.99,33.515,35.35,49479
2022-11-03T04:00:00Z,33,34.82,32.81,34.13,12034
2022-11-02T04:00:00Z,38.03,39.19,34.67,34.67,72381
2022-11-01T04:00:00Z,39.54,39.61,38.105,38.57,43907
2022-10-31T04:00:00Z,37.78,38.945,37.52,38.36,49310
2022-10-28T04:00:00Z,36.25,38.4,35.64,38.28,83873
2022-10-27T04:00:00Z,36.825,37.56,35.73,35.9,39272
2022-10-26T04:00:00Z,35.7,37.75,35.44,35.79,84043
2022-10-25T04:00:00Z,33,35.675,32.91,35.27,33458
2022-10-24T04:00:00Z,32.43,32.91,31.34,32.66,40594
2022-10-21T04:00:00Z,30.64,32.485,29.885,32.24,60492
2022-10-20T04:00:00Z,31.76,32.72,29.99,30.37,73307
2022-10-19T04:00:00Z,32.3,32.71,30.5,31.51,45897
2022-10-18T04:00:00Z,34.1,34.87,32.43,33.17,62890
2022-10-17T04:00:00Z,31.11,32.24,31.11,32.04,24412
2022-10-14T04:00:00Z,32.6,32.84,29.315,29.315,60907
2022-10-13T04:00:00Z,27.93,32.23,27.22,31.81,68598
2022-10-12T04:00:00Z,29.84,30.24,28.86,29.78,43766
2022-10-11T04:00:00Z,29.46,31.05,28.38,30.02,39950
2022-10-10T04:00:00Z,30.63,30.67,29.55,29.95,10136
2022-10-07T04:00:00Z,32.2,32.2,30.06,30.44,60418
2022-10-06T04:00:00Z,33.45,34.57,33.13,33.41,55846
2022-10-05T04:00:00Z,33.21,34.28,32.02,33.87,70939
2022-10-04T04:00:00Z,32.81,34.73,32.81,34.73,21609
2022-10-03T04:00:00Z,29.99,31.55,29.17,31.13,67865
2022-09-30T04:00:00Z,29.34,31.15,28.77,28.77,83722
2022-09-29T04:00:00Z,30.28,30.4,28.43,29.44,38296
2022-09-28T04:00:00Z,29.27,32.045,29.09,31.51,71891
2022-09-27T04:00:00Z,30.095,30.28,28.19,28.83,24887
2022-09-26T04:00:00Z,29.805,30.79,28.44,28.54,9199
2022-09-23T04:00:00Z,30.57,30.77,28.65,29.8,36639
2022-09-22T04:00:00Z,34.39,34.39,31.78,32.23,21889
2022-09-21T04:00:00Z,36.82,37.85,34.5,34.76,34682
2022-09-20T04:00:00Z,36.44,36.53,35.33,36.05,13700
2022-09-19T04:00:00Z,35.47,37.73,35.47,37.5,38856
2022-09-16T04:00:00Z,36.85,37.03,35.59,36.54,16231
2022-09-15T04:00:00Z,38.6,40.18,37.87,38.31,7756
2022-09-14T04:00:00Z,38.595,39.285,38.34,39.285,3944
2022-09-13T04:00:00Z,40.5,41.22,38.31,38.87,19784
2022-09-12T04:00:00Z,43.21,44.02,42.99,43.98,17547
2022-09-09T04:00:00Z,41.06,42.54,41.06,42.39,20594
2022-09-08T04:00:00Z,37.91,39.95,37.54,39.94,10766
2022-09-07T04:00:00Z,36.43,39.06,36.43,39.06,44964
2022-09-06T04:00:00Z,38.11,38.11,36.36,36.73,7251
2022-09-02T04:00:00Z,40.01,40.225,37.25,37.79,18631
2022-09-01T04:00:00Z,38.91,38.91,37.04,38.705,18873
2022-08-31T04:00:00Z,40.86,41.28,39.95,40.11,10591
2022-08-30T04:00:00Z,42.98,42.98,40.08,40.81,20372
2022-08-29T04:00:00Z,42.8,43.7,42.66,42.77,7897
2022-08-26T04:00:00Z,48.61,48.61,43.56,43.78,26496
2022-08-25T04:00:00Z,47.05,48.6,47.05,48.6,17019
2022-08-24T04:00:00Z,45.06,47.025,45.06,46.46,12481
2022-08-23T04:00:00Z,45.79,46.24,45.2,45.47,6415
2022-08-22T04:00:00Z,45.96,46.05,44.785,45.125,15652
2022-08-19T04:00:00Z,50.04,50.04,47.8,48.27,14155
2022-08-18T04:00:00Z,50.81,51.735,50.37,51.49,22452
2022-08-17T04:00:00Z,51.28,51.71,49.67,50.59,34082
2022-08-16T04:00:00Z,52.64,54.04,52.13,53.27,18268
2022-08-15T04:00:00Z,51.33,53.36,51.16,53.28,11173
2022-08-12T04:00:00Z,50.51,52.83,50.29,52.78,53120
2022-08-11T04:00:00Z,50.8,51.96,49.67,49.75,23526
2022-08-10T04:00:00Z,47.66,49.45,47.54,49.25,30373
2022-08-09T04:00:00Z,46.59,46.705,44.63,45.38,18344
2022-08-08T04:00:00Z,46.89,48.58,46.74,47.55,11402
2022-08-05T04:00:00Z,43.43,46,43.43,46,14536
2022-08-04T04:00:00Z,45.04,45.19,44.54,44.97,22784
2022-08-03T04:00:00Z,44.33,45.375,44.09,45.09,25406
2022-08-02T04:00:00Z,42.91,44.38,42.72,43.26,10182
2022-08-01T04:00:00Z,42.37,43.995,41.58,43.265,8507
2022-07-29T04:00:00Z,42.67,43.74,42.25,43.36,18286
2022-07-28T04:00:00Z,41.45,42.62,40.28,42.61,11727
2022-07-27T04:00:00Z,38.975,41.3,38.845,40.895,16031
2022-07-26T04:00:00Z,38.28,38.6,37.8,38.285,17663
2022-07-25T04:00:00Z,38.67,39.23,38.49,38.99,6621
2022-07-22T04:00:00Z,40.56,40.59,37.555,38.42,13652
2022-07-21T04:00:00Z,38.87,40.28,38.85,40.275,7086
2022-07-20T04:00:00Z,38.06,39.92,37.98,39.775,32323
2022-07-19T04:00:00Z,35.6,38.05,35.6,38,16965
2022-07-18T04:00:00Z,36.42,36.455,34.065,34.34,15388
2022-07-15T04:00:00Z,34.05,34.73,32.53,34.595,28334
2022-07-14T04:00:00Z,32.32,32.72,31.25,32.62,15493
2022-07-13T04:00:00Z,32.56,34.17,32.45,33.8,22846
2022-07-12T04:00:00Z,34.57,34.735,33.25,33.785,9167
2022-07-11T04:00:00Z,35.75,35.75,33.89,33.89,11222
2022-07-08T04:00:00Z,35.97,37.11,35.31,36.38,19236
2022-07-07T04:00:00Z,35.08,36.52,35.08,36.39,23231
2022-07-06T04:00:00Z,34.97,35.12,33.19,34.03,5812
2022-07-05T04:00:00Z,31.83,34.655,31.13,34.65,11217
2022-07-01T04:00:00Z,32.37,34.02,32.1,33.98,7611
2022-06-30T04:00:00Z,32.23,33.81,31.2,32.7,26617
2022-06-29T04:00:00Z,34.55,34.55,32.525,33.53,16993
2022-06-28T04:00:00Z,37.59,37.76,34.565,34.57,19715
2022-06-27T04:00:00Z,36.54,37.33,35.69,36.57,14226
2022-06-24T04:00:00Z,33.99,36.11,33.96,36.11,35046
2022-06-23T04:00:00Z,32.63,33.33,31.445,33.17,22378
2022-06-22T04:00:00Z,30.63,32.8,30.63,31.99,26577
2022-06-21T04:00:00Z,32.27,33.145,31.54,32.09,19378
2022-06-17T04:00:00Z,30.66,31.64,30.14,30.63,12177
2022-06-16T04:00:00Z,32.32,32.32,29.32,29.72,15918
2022-06-15T04:00:00Z,34.28,35.93,32.91,34.73,26496
2022-06-14T04:00:00Z,34.16,34.26,32.26,33.25,25940
2022-06-13T04:00:00Z,36.23,36.23,33.3,33.7,18375
2022-06-10T04:00:00Z,40.64,40.91,38.61,39.35,39755
2022-06-09T04:00:00Z,44.86,45.13,42.74,42.8,12738
2022-06-08T04:00:00Z,46.78,47.465,44.98,45.63,12665
2022-06-07T04:00:00Z,44.25,47.805,44.25,47.805,7458
2022-06-06T04:00:00Z,46.55,46.55,45.11,45.58,6801
2022-06-03T04:00:00Z,44.96,45.56,44.1,45.17,37282
2022-06-02T04:00:00Z,43.31,46.2,43.31,46.2,15165
2022-06-01T04:00:00Z,44.43,44.43,41.425,43.17,13035
2022-05-31T04:00:00Z,45,45.25,43.165,43.77,23533
2022-05-27T04:00:00Z,42.85,45.46,42.74,45.46,19988
2022-05-26T04:00:00Z,41.09,42.76,41.09,42.1,24352
2022-05-25T04:00:00Z,37.07,40.04,37.07,39.54,8300
2022-05-24T04:00:00Z,38.19,38.26,35.62,37.45,22192
2022-05-23T04:00:00Z,39.06,39.71,37.74,39.25,18760
2022-05-20T04:00:00Z,39.51,39.51,35.52,38,17579
2022-05-19T04:00:00Z,37.34,39.62,37.21,38.21,181402
2022-05-18T04:00:00Z,40.89,41.5,37.5,38,18462
2022-05-17T04:00:00Z,41.37,42.55,40.14,42.44,26696
2022-05-16T04:00:00Z,38.81,40.115,38.54,38.92,33254
2022-05-13T04:00:00Z,37.79,40.275,37.79,39.4,24732
2022-05-12T04:00:00Z,34.32,37.06,34.13,35.94,31914
2022-05-11T04:00:00Z,37.68,39.55,34.74,34.94,30969
2022-05-10T04:00:00Z,39.39,39.77,35.33,37.41,23191
2022-05-09T04:00:00Z,41.17,41.17,37.15,37.67,70736
2022-05-06T04:00:00Z,44.88,44.88,41.77,42.96,60663
2022-05-05T04:00:00Z,49.61,49.61,43.59,45.245,35629
2022-05-04T04:00:00Z,48.31,51.87,45.76,51.57,76141
2022-05-03T04:00:00Z,46.42,48.53,45.79,47.855,53691
2022-05-02T04:00:00Z,45.63,47.17,43.59,46.6,75368
2022-04-29T04:00:00Z,49.2,50.4,44.88,45.3,66506
2022-04-28T04:00:00Z,48.69,49.94,45.23,49.33,73128
2022-04-27T04:00:00Z,47.37,48.99,46.41,46.88,123965
2022-04-26T04:00:00Z,51.215,51.34,47.34,47.4,78480
2022-04-25T04:00:00Z,50.16,52.63,48.84,52.32,81526
2022-04-22T04:00:00Z,55.14,55.33,51.25,51.57,81297
2022-04-21T04:00:00Z,61.53,61.91,55.25,55.72,38114
2022-04-20T04:00:00Z,60.62,61.09,59.52,59.91,35879
2022-04-19T04:00:00Z,56.275,59.64,56.01,59.47,21353
2022-04-18T04:00:00Z,57,57,54.99,55.7,24820
2022-04-14T04:00:00Z,59.5,60.02,56.98,56.98,29693
2022-04-13T04:00:00Z,56.63,59.16,56.52,58.77,8674
2022-04-12T04:00:00Z,56.81,59.21,54.98,55.68,27620
2022-04-11T04:00:00Z,55.54,57.11,54.55,55.01,23344
2022-04-08T04:00:00Z,57.56,57.98,56.02,56.18,12560
2022-04-07T04:00:00Z,58.45,58.71,55.23,57.63,12725
2022-04-06T04:00:00Z,59.26,59.62,56.93,58.21,38513
2022-04-05T04:00:00Z,65.47,66.43,60.59,60.75,20482
2022-04-04T04:00:00Z,65.81,65.84,63.7,65.21,23828
2022-04-01T04:00:00Z,64.01,65.2,62.77,64.95,19031
2022-03-31T04:00:00Z,64.67,66.19,63.11,63.19,18959
2022-03-30T04:00:00Z,68.61,69.15,64.26,64.86,16261
2022-03-29T04:00:00Z,65.72,69.69,65.72,69.09,27065
2022-03-28T04:00:00Z,63.59,63.98,61.44,63.98,12803
2022-03-25T04:00:00Z,63.92,64.44,62.55,64.06,15650
2022-03-24T04:00:00Z,62.45,63.69,61.14,63.69,6623
2022-03-23T04:00:00Z,63.63,64.495,61.69,61.7,9129
2022-03-22T04:00:00Z,63.93,65.95,63.5,64.88,11859
2022-03-21T04:00:00Z,64.83,65.63,62,62.83,15843
2022-03-18T04:00:00Z,62.29,64.83,62.04,64.74,21247
2022-03-17T04:00:00Z,58.98,62.89,58.82,62.64,18824
2022-03-16T04:00:00Z,56.45,59.98,55.25,59.98,35997
2022-03-15T04:00:00Z,53.06,54.79,52.64,54.79,20220
2022-03-14T04:00:00Z,56.3,56.3,51.77,52.5,33044
2022-03-11T05:00:00Z,59.36,60.16,55.75,55.75,36093
2022-03-10T05:00:00Z,56.33,58.6,55.705,58.6,24692
2022-03-09T05:00:00Z,57.18,59.47,57.13,58.81,20101
2022-03-08T05:00:00Z,54.05,58.27,53.32,54.98,33411
2022-03-07T05:00:00Z,58.205,58.48,53.55,53.82,37641
2022-03-04T05:00:00Z,58.94,59.58,56.38,57.83,15766
2022-03-03T05:00:00Z,63.26,63.49,59.38,60.51,44823
2022-03-02T05:00:00Z,59.85,63.52,59.82,62.89,25855
2022-03-01T05:00:00Z,62.16,62.51,57.26,57.64,20142
2022-02-28T05:00:00Z,60.04,63.25,60.04,62.3,20236
2022-02-25T05:00:00Z,58.03,61.47,57,61.47,37034
2022-02-24T05:00:00Z,49.57,57.8,49.45,57.7,42228
2022-02-23T05:00:00Z,57.735,58.25,53.13,53.505,18140
2022-02-22T05:00:00Z,58.25,59.71,55.7,56.58,19176
2022-02-18T05:00:00Z,60.42,61.6,58.69,59.09,12154
2022-02-17T05:00:00Z,63.91,64.19,60.34,60.92,15767
2022-02-16T05:00:00Z,64.59,66.29,63.65,65.8,20100
2022-02-15T05:00:00Z,62.33,65.46,62.33,65.11,13647
2022-02-14T05:00:00Z,61.53,62.47,59.34,60.39,23702
2022-02-11T05:00:00Z,63.65,65.335,59.59,61.22,28106
2022-02-10T05:00:00Z,62.48,68.35,61.86,63.13,83868
2022-02-09T05:00:00Z,63.975,65.83,63.965,65.8,16806
2022-02-08T05:00:00Z,60.24,62.5,59.56,62.31,20925
2022-02-07T05:00:00Z,58.79,61,58.34,59.37,35466
2022-02-04T05:00:00Z,57.98,60.01,55.82,58.8,24477
2022-02-03T05:00:00Z,59.18,61.06,57.53,57.83,26174
2022-02-02T05:00:00Z,63.17,63.52,59.6,61.215,26594
2022-02-01T05:00:00Z,61.685,63.26,59.26,63.26,21640
2022-01-31T05:00:00Z,55.35,61.21,55.24,61.21,32053
2022-01-28T05:00:00Z,53.23,55.93,50.39,55.93,42874
2022-01-27T05:00:00Z,58.93,59.73,52.43,53.15,44654
2022-01-26T05:00:00Z,62,63.68,54.94,57.1,110004
2022-01-25T05:00:00Z,59.16,62.06,55.65,59.41,117843
2022-01-24T05:00:00Z,55.2,62.72,52.92,62.18,212264
2022-01-21T05:00:00Z,60.52,63.34,58.31,58.58,87332
2022-01-20T05:00:00Z,66.43,69.23,61.16,61.35,23605
2022-01-19T05:00:00Z,69.68,69.93,65.04,65.04,43253
2022-01-18T05:00:00Z,72.37,72.53,68.12,68.35,33578
2022-01-14T05:00:00Z,72.91,75.25,71.31,75.2,33786
2022-01-13T05:00:00Z,77.82,79.27,74.33,74.75,23941
2022-01-12T05:00:00Z,79.95,80.48,75.58,76.925,23614
2022-01-11T05:00:00Z,76.15,78.82,74.02,78.63,27387
2022-01-10T05:00:00Z,75.97,76.22,72.095,76.22,28496
2022-01-07T05:00:00Z,79.9,81.55,77.12,77.12,27403
2022-01-06T05:00:00Z,79.94,81.7,77.36,79.81,24512
2022-01-05T05:00:00Z,87.36,88.28,78.81,78.81,29229
2022-01-04T05:00:00Z,88.96,89.93,85.83,87.43,16601
2022-01-03T05:00:00Z,86.6,89.28,85.045,87.71,31246
2021-12-31T05:00:00Z,85.38,86.27,84.66,84.75,28117
2021-12-30T05:00:00Z,84.91,87.94,84.91,85.31,29683
2021-12-29T05:00:00Z,84.42,85.675,83.38,85.15,19284
2021-12-28T05:00:00Z,86.27,88.34,84.59,84.73,25340
2021-12-27T05:00:00Z,84.54,86.52,82.82,86.52,12654
2021-12-23T05:00:00Z,82.34,84.9,82.34,84.2,12897
2021-12-22T05:00:00Z,79.53,82.14,78.75,82.08,14848
2021-12-21T05:00:00Z,75.8,80.02,75.8,80,28198
2021-12-20T05:00:00Z,73.58,74.01,70.25,73.98,40030
2021-12-17T05:00:00Z,74.14,79.13,71.89,77.21,55618
2021-12-16T05:00:00Z,81.73,82.06,74.06,75.18,41682
2021-12-15T05:00:00Z,76.15,80.23,72.82,79.69,48893
2021-12-14T05:00:00Z,76.73,79.48,75.17,76.04,37162
2021-12-13T05:00:00Z,81.4,81.4,76.83,78.12,47157
2021-12-10T05:00:00Z,84.59,84.71,80.01,81.655,33071
2021-12-09T05:00:00Z,86.53,87.66,82.44,82.44,27140
2021-12-08T05:00:00Z,87.15,89.35,85.52,88.79,28544
2021-12-07T05:00:00Z,84.3,88.65,84.3,86.54,37837
2021-12-06T05:00:00Z,77.5,82.44,75.4,80.9,61310
2021-12-03T05:00:00Z,82.21,82.39,74.57,76.44,87241
2021-12-02T05:00:00Z,76.72,82.07,76.08,81.24,70853
2021-12-01T05:00:00Z,85.6,87.09,75.31,75.31,91794
2021-11-30T05:00:00Z,83.59,84.77,78.01,81.32,52591
2021-11-29T05:00:00Z,89.86,90.39,84.25,86.04,41428
2021-11-26T05:00:00Z,88.6,89.83,82.17,86.17,82808
2021-11-24T05:00:00Z,94.18,97.39,93.27,97.39,36959
2021-11-23T05:00:00Z,97,98.66,93.495,96.71,38360
2021-11-22T05:00:00Z,99.53,102.2,97.16,97.22,37823
2021-11-19T05:00:00Z,98.99,100.51,98.07,98.52,20231
2021-11-18T05:00:00Z,103.85,103.92,98.9,101.22,33476
2021-11-17T05:00:00Z,104.85,105.35,101.96,102.83,24617
2021-11-16T05:00:00Z,104.92,107.15,104.12,106.59,29313
2021-11-15T05:00:00Z,108.91,108.92,104.91,106.19,30488
2021-11-12T05:00:00Z,108.05,108.28,106.52,107.45,14223
2021-11-11T05:00:00Z,105.84,108.455,105.03,106.81,23604
2021-11-10T05:00:00Z,108.82,110.17,103.38,104.57,34437
2021-11-09T05:00:00Z,111.47,111.63,107.66,109.57,42699
2021-11-08T05:00:00Z,113.01,113.95,110.89,111.54,15877
2021-11-05T04:00:00Z,109.91,112.78,108.57,110.94,50908
2021-11-04T04:00:00Z,107.6,109.44,105.11,106.32,45074
2021-11-03T04:00:00Z,101.03,107.89,100.67,106.4,49144
2021-11-02T04:00:00Z,100.66,101.29,99.07,101.13,26974
2021-11-01T04:00:00Z,94.78,100.58,94.6,100.45,48149
2021-10-29T04:00:00Z,92.66,94,92,93.39,21930
2021-10-28T04:00:00Z,90.06,93.19,89.98,93.19,21668
2021-10-27T04:00:00Z,92.38,92.48,87.95,87.95,28898
2021-10-26T04:00:00Z,95.31,96.63,93.34,93.34,22924
2021-10-25T04:00:00Z,93.5,95.66,93.12,95.35,18570
2021-10-22T04:00:00Z,92.96,93.79,91.11,92.79,15197
2021-10-21T04:00:00Z,92.37,94.21,91.86,93.06,17005
2021-10-20T04:00:00Z,90.7,93.31,90.19,92.48,19204
2021-10-19T04:00:00Z,90.28,91.94,89.54,90.8,18145
2021-10-18T04:00:00Z,88.63,90.46,88.51,89.78,20263
2021-10-15T04:00:00Z,93.33,93.56,89.89,89.95,38142
2021-10-14T04:00:00Z,89.48,90.99,89.06,90.21,29170
2021-10-13T04:00:00Z,86.18,87,84.1,86.89,19933
2021-10-12T04:00:00Z,84.56,86.85,84.56,86.07,28530
2021-10-11T04:00:00Z,86.34,88.13,84.77,84.77,27682
2021-10-08T04:00:00Z,88.35,88.5,85.92,86.02,23306
2021-10-07T04:00:00Z,85.89,89.73,85.88,87.98,20102
2021-10-06T04:00:00Z,82.71,84.31,80.49,83.96,49724
2021-10-05T04:00:00Z,85.28,87.655,84.4,85.57,19580
2021-10-04T04:00:00Z,86.74,86.78,83.07,84.43,20740
2021-10-01T04:00:00Z,84.16,88.13,82.18,86.74,30564
2021-09-30T04:00:00Z,86.45,87.18,82.8,82.8,21404
2021-09-29T04:00:00Z,86.92,86.97,84.7,85.28,14093
2021-09-28T04:00:00Z,90.44,90.44,85.57,85.83,26565
2021-09-27T04:00:00Z,89.22,93.36,89.16,91.95,23284
2021-09-24T04:00:00Z,88.24,89.45,87.3,88.21,12936
2021-09-23T04:00:00Z,87.37,90.21,87.37,89.39,13895
2021-09-22T04:00:00Z,83.07,86.52,83.07,84.85,25173
2021-09-21T04:00:00Z,82.89,83,80.58,81.33,18181
2021-09-20T04:00:00Z,81.15,82.71,77.37,80.25,58908
2021-09-17T04:00:00Z,87.05,87.4,84.81,87.02,26837
2021-09-16T04:00:00Z,86.72,87.81,84.69,86.6,21034
2021-09-15T04:00:00Z,84.08,87.03,83.61,86.5,22682
2021-09-14T04:00:00Z,87.82,88.02,83.09,84.01,25468
2021-09-13T04:00:00Z,87.13,87.81,85.62,87.6,12237
2021-09-10T04:00:00Z,90.06,90.06,86.11,86.11,10648
2021-09-09T04:00:00Z,88.12,91.565,88.12,89.19,9479
2021-09-08T04:00:00Z,90.38,90.515,87.56,88.68,8876
2021-09-07T04:00:00Z,93.49,94.57,91.67,91.67,12355
2021-09-03T04:00:00Z,94.17,94.34,92.88,93.7,6892
2021-09-02T04:00:00Z,94.12,96,93.5,95.05,14705
2021-09-01T04:00:00Z,91.93,93.91,90.58,93.05,17683
2021-08-31T04:00:00Z,91.09,92.04,89.76,91.47,16469
2021-08-30T04:00:00Z,93.01,93.01,90.27,90.72,20874
2021-08-27T04:00:00Z,85.77,92.57,85.77,91.68,28953
2021-08-26T04:00:00Z,87.02,88.22,84.4,85.06,21574
2021-08-25T04:00:00Z,86.66,89.09,85.76,87.605,23247
2021-08-24T04:00:00Z,85,86.64,84.37,86.44,15809
2021-08-23T04:00:00Z,81.88,84.41,81.88,84.4,13948
2021-08-20T04:00:00Z,75.55,80.03,75.55,79.64,18251
2021-08-19T04:00:00Z,75.95,77.92,74.6,75.67,39405
2021-08-18T04:00:00Z,80.47,82.36,78.51,78.69,18644
2021-08-17T04:00:00Z,80.83,81.89,77.86,80.78,45913
2021-08-16T04:00:00Z,84.67,85.11,82.49,83.77,7748
2021-08-13T04:00:00Z,87.84,87.9,85.78,85.95,12787
2021-08-12T04:00:00Z,89.19,89.19,87.15,88.53,18522
2021-08-11T04:00:00Z,88.48,89.23,85.67,89.23,30592
2021-08-10T04:00:00Z,87.84,88.61,86.57,88.03,12716
2021-08-09T04:00:00Z,88.36,88.71,86.85,87.33,13650
2021-08-06T04:00:00Z,89.33,90.95,87.93,88.93,28881
2021-08-05T04:00:00Z,84.07,87.74,84.07,87.14,36316
2021-08-04T04:00:00Z,83.94,86.06,82.88,83.04,20007
2021-08-03T04:00:00Z,86.27,86.27,82,86.24,14591
2021-08-02T04:00:00Z,88,90.3,84.895,85.235,33691
2021-07-30T04:00:00Z,86.75,89.74,85.47,86.43,25652
2021-07-29T04:00:00Z,88.26,90.29,88.24,88.24,19621
2021-07-28T04:00:00Z,83.93,87.9,82.64,86.43,23533
2021-07-27T04:00:00Z,83.65,84.12,80.05,82.67,25992
2021-07-26T04:00:00Z,85.84,87.13,84.35,85.48,14316
2021-07-23T04:00:00Z,84.95,84.95,81.84,84.61,29322
2021-07-22T04:00:00Z,86,86.26,82.54,83.5,27120
2021-07-21T04:00:00Z,84.78,87.92,84.78,87.74,17759
2021-07-20T04:00:00Z,77.2,84.4,76.16,83.23,40114
2021-07-19T04:00:00Z,75.15,79.36,73.49,76.28,62341
2021-07-16T04:00:00Z,85.19,85.19,79.55,80.07,29350
2021-07-15T04:00:00Z,83.17,84.5,80.01,82.66,25307
2021-07-14T04:00:00Z,90.04,90.92,84.24,84.48,31928
2021-07-13T04:00:00Z,92.39,92.77,88.56,88.56,17548
2021-07-12T04:00:00Z,92.55,94.09,91.63,94,10072
2021-07-09T04:00:00Z,91.05,93.72,90.43,93.72,25749
2021-07-08T04:00:00Z,85.19,90.49,83.65,88.04,42865
2021-07-07T04:00:00Z,93.33,94.13,88.35,90.71,12200
2021-07-06T04:00:00Z,95.85,95.85,91.01,93.26,24936
2021-07-02T04:00:00Z,100.44,100.47,96.94,97.24,35333
2021-07-01T04:00:00Z,99.69,100.9,98.31,100.42,38666
2021-06-30T04:00:00Z,97.28,98.8,96.06,97.9,42671
2021-06-29T04:00:00Z,100.26,100.74,97.265,97.69,28162
2021-06-28T04:00:00Z,101.72,101.72,97.2,99.36,19558
2021-06-25T04:00:00Z,101.53,103,101,101.52,24640
2021-06-24T04:00:00Z,98.82,101,98.44,101,12416
2021-06-23T04:00:00Z,96.69,98.47,96.69,96.95,11646
2021-06-22T04:00:00Z,93.45,96.3,92.12,96.19,16697
2021-06-21T04:00:00Z,91.29,95.09,90.4,94.8,48921
2021-06-18T04:00:00Z,91.27,93.49,87.93,89.09,27379
2021-06-17T04:00:00Z,99.05,99.1,92.61,95.46,29087
2021-06-16T04:00:00Z,98.54,99.88,96.22,98.73,46389
2021-06-15T04:00:00Z,100.56,100.74,97.21,99.26,24155
2021-06-14T04:00:00Z,102.08,103.4,99.31,100.39,25576
2021-06-11T04:00:00Z,99.63,101.39,99.45,101.39,15602
2021-06-10T04:00:00Z,101.3,101.865,97.49,98.23,51906
2021-06-09T04:00:00Z,102.82,102.95,100.06,100.32,47354
2021-06-08T04:00:00Z,100.94,103.06,99.14,102.49,14399
2021-06-07T04:00:00Z,96.44,99.64,96.26,99.23,14402
2021-06-04T04:00:00Z,95.72,95.96,94.11,95.56,11322
2021-06-03T04:00:00Z,95.21,95.34,91.5,94.36,28926
2021-06-02T04:00:00Z,97.4,97.4,94.89,96.82,21297
2021-06-01T04:00:00Z,95.41,96.85,94.76,96.41,6027
2021-05-28T04:00:00Z,95.13,95.14,92.9,93.21,15012
2021-05-27T04:00:00Z,92.6,93.99,91.75,93.68,5610
2021-05-26T04:00:00Z,87,90.91,87,90.51,7272
2021-05-25T04:00:00Z,89.26,91.01,85.91,85.94,21429
2021-05-24T04:00:00Z,87.29,89.55,87.16,88.27,9290
2021-05-21T04:00:00Z,87.91,88.91,86.7,86.92,8790
2021-05-20T04:00:00Z,83.83,86.23,82.82,85.68,7343
2021-05-19T04:00:00Z,81.94,84.52,80.19,84.33,20523
2021-05-18T04:00:00Z,88.77,90.5,86.77,86.77,12290
2021-05-17T04:00:00Z,86.51,88.31,84.94,88.31,18089
2021-05-14T04:00:00Z,83.97,88.325,83.76,88.06,19393
2021-05-13T04:00:00Z,79.03,83.58,78.1,82.19,20958
2021-05-12T04:00:00Z,84.27,85.82,77.545,78,24578
2021-05-11T04:00:00Z,81.33,87.22,80.96,86.31,19404
2021-05-10T04:00:00Z,93.02,93.02,87.335,87.335,13778
2021-05-07T04:00:00Z,90.41,94.3,90.41,94.22,7550
2021-05-06T04:00:00Z,90.18,90.84,86.77,90.84,10744
2021-05-05T04:00:00Z,92.86,92.86,89.385,90.5,9569
2021-05-04T04:00:00Z,93.35,93.59,89.16,91.59,12369
2021-05-03T04:00:00Z,94.97,96.28,94.78,95.13,7786
2021-04-30T04:00:00Z,95.34,97.13,93.11,93.86,10376
2021-04-29T04:00:00Z,100.04,100.04,95.09,97.42,22722
2021-04-28T04:00:00Z,97.52,99.44,96.64,98.63,17718
2021-04-27T04:00:00Z,98.59,99.14,97.26,97.85,14007
2021-04-26T04:00:00Z,96.81,98.37,96.22,97.89,17981
2021-04-23T04:00:00Z,91.86,95.89,91.55,94.79,19443
2021-04-22T04:00:00Z,91.73,94.36,88.94,90.24,28078
2021-04-21T04:00:00Z,84.34,90.97,83.5,90.95,24935
2021-04-20T04:00:00Z,89.2,89.57,82.44,84.73,24197
2021-04-19T04:00:00Z,92.56,92.56,88.52,89.98,8085
2021-04-16T04:00:00Z,94.97,94.97,92.5,93.86,10243
2021-04-15T04:00:00Z,93.35,93.35,91.6,92.95,6262
2021-04-14T04:00:00Z,90.49,95.51,90.49,91.88,19057
2021-04-13T04:00:00Z,88.88,90.18,87.38,89.82,11445
2021-04-12T04:00:00Z,91.5,91.5,89.16,90.37,6313
2021-04-09T04:00:00Z,90.71,91.72,89.99,91.58,6938
2021-04-08T04:00:00Z,89.335,91.49,87.65,91.49,5568
2021-04-07T04:00:00Z,93.63,93.63,88.385,88.77,9852
2021-04-06T04:00:00Z,95.09,96.45,93.27,93.5,5500
2021-04-05T04:00:00Z,95.96,96.14,93.34,94.46,9385
2021-04-01T04:00:00Z,91.07,92.98,91.07,92.98,9431
2021-03-31T04:00:00Z,87.94,91.245,87.58,89.54,16023
2021-03-30T04:00:00Z,82.16,86.76,81.41,85.69,19216
2021-03-29T04:00:00Z,88.25,89.58,81.89,81.97,15873
2021-03-26T04:00:00Z,87.68,89.56,84.36,89.56,17098
2021-03-25T04:00:00Z,77.53,85.72,75.94,85.05,18496
2021-03-24T04:00:00Z,88.58,90.04,79.58,79.58,30205
2021-03-23T04:00:00Z,93.37,93.49,84.29,85.48,19451
2021-03-22T04:00:00Z,99.25,99.26,94.73,95.78,11354
2021-03-19T04:00:00Z,95.45,99.92,93.35,98.99,39323
2021-03-18T04:00:00Z,103.49,105.71,95.06,95.83,47833
2021-03-17T04:00:00Z,100.78,105.72,98.88,104.89,36663
2021-03-16T04:00:00Z,107.77,107.77,101.07,103.02,26519
2021-03-15T04:00:00Z,107.24,108.27,105.28,108.27,23529
2021-03-12T05:00:00Z,105.09,107.66,104.4,107.465,21365
2021-03-11T05:00:00Z,101.48,105.06,101.34,105.06,14658
2021-03-10T05:00:00Z,96.4,100.76,96.4,98.84,47272
2021-03-09T05:00:00Z,92.48,95.68,91.14,93.93,11614
2021-03-08T05:00:00Z,87.24,92.45,87.24,89.78,26599
2021-03-05T05:00:00Z,86.18,87.26,75.62,87.26,44473
2021-03-04T05:00:00Z,89.58,90.95,77.48,82.5,50888
2021-03-03T05:00:00Z,93.49,95.35,89.44,89.44,36943
2021-03-02T05:00:00Z,97.81,97.81,92.32,92.32,33839
2021-03-01T05:00:00Z,95.02,98.71,94.41,98.08,13833
2021-02-26T05:00:00Z,90.3,93.08,84.55,89.35,43901
2021-02-25T05:00:00Z,99.98,100.74,88.525,89.64,27428
2021-02-24T05:00:00Z,94.96,100.42,93.68,100.42,26215
2021-02-23T05:00:00Z,91.94,94.84,85.92,93.68,40405
2021-02-22T05:00:00Z,96.62,99.28,95.8,96.07,21734
2021-02-19T05:00:00Z,94.89,99.19,94.8,97.97,31617
2021-02-18T05:00:00Z,93.81,94.65,90.93,92.22,38733
2021-02-17T05:00:00Z,95.88,97.605,92.79,96.92,33242
2021-02-16T05:00:00Z,104.06,104.06,97.77,99.14,37008
2021-02-12T05:00:00Z,98.63,101.35,97.75,101.03,32605
2021-02-11T05:00:00Z,101.92,103.2,96.33,100.12,56785
2021-02-10T05:00:00Z,104.44,104.94,98.02,100.09,69228
2021-02-09T05:00:00Z,101.22,103.49,99.9,102.23,19896
2021-02-08T05:00:00Z,96.26,101.04,96.25,101.04,14113
2021-02-05T05:00:00Z,92.875,94.04,90.39,94.04,14214
2021-02-04T05:00:00Z,86.17,90.29,86.17,90.29,16890
2021-02-03T05:00:00Z,84.75,85.31,82.19,85.04,18888
2021-02-02T05:00:00Z,83.575,84.66,81.11,84.35,21745
2021-02-01T05:00:00Z,78,81.66,76,81.5,27184
2021-01-29T05:00:00Z,79.31,81.24,74.58,75.35,57134
2021-01-28T05:00:00Z,81.315,82.78,78.01,79.22,38446
2021-01-27T05:00:00Z,78.99,83.74,77.33,79.49,49612
2021-01-26T05:00:00Z,87.85,87.85,83.69,84.35,33507
2021-01-25T05:00:00Z,86.63,89.19,82.21,85.49,46070
2021-01-22T05:00:00Z,80.93,86.6,80.93,86.36,12855
2021-01-21T05:00:00Z,85.07,85.07,82.74,83.63,21946
2021-01-20T05:00:00Z,85.57,87.1,84.19,85.65,17760
2021-01-19T05:00:00Z,84.54,84.54,82.67,84.39,19719
2021-01-15T05:00:00Z,82.54,83,78.63,81.21,35406
2021-01-14T05:00:00Z,82.05,86.3,82.05,84.76,14627
2021-01-13T05:00:00Z,82.61,82.61,80.2,80.48,13305
2021-01-12T05:00:00Z,79.73,82.18,79.73,82.18,5667
2021-01-11T05:00:00Z,75.91,78.51,75.36,78.17,13777
2021-01-08T05:00:00Z,80.16,80.29,74.745,78.18,37541
2021-01-07T05:00:00Z,76.12,78.92,76.05,78.69,17753
2021-01-06T05:00:00Z,69.85,76.415,69.85,74.77,19259
2021-01-05T05:00:00Z,64.61,67.41,64.61,66.5,9807
2021-01-04T05:00:00Z,66.79,67.34,61.23,63.56,17817
2020-12-31T05:00:00Z,65.23,66.85,65.2,66.61,9951
2020-12-30T05:00:00Z,65.67,67.47,65.64,66.71,9404
2020-12-29T05:00:00Z,67.96,67.96,63.9,64.59,7403
2020-12-28T05:00:00Z,71.33,71.33,68.69,68.7,10536
2020-12-24T05:00:00Z,69.45,69.76,68.62,69.39,6517
2020-12-23T05:00:00Z,69.05,70,68.64,69.51,4254
2020-12-22T05:00:00Z,65.93,67.88,65.78,67.64,11531
2020-12-21T05:00:00Z,62.1,65.82,62.02,65.61,16997
2020-12-18T05:00:00Z,67.29,68.14,65.2,65.57,12749
2020-12-17T05:00:00Z,64.76,66.485,64.67,66.485,4640
2020-12-16T05:00:00Z,65.385,65.42,63.46,64.35,8927
2020-12-15T05:00:00Z,61.51,64.92,61.51,64.92,13246
2020-12-14T05:00:00Z,62.96,63.24,60.7,60.74,15148
2020-12-11T05:00:00Z,60.135,61.55,58.74,60.33,10858
2020-12-10T05:00:00Z,58,61.31,58,61.31,7343
2020-12-09T05:00:00Z,61.94,62.53,58.25,59.67,16983
2020-12-08T05:00:00Z,58.42,60.94,58.42,60.94,4291
2020-12-07T05:00:00Z,58.66,59.05,57.72,58.57,11984
2020-12-04T05:00:00Z,56.16,58.55,56.06,58.53,16765
2020-12-03T05:00:00Z,54.69,55.47,54.06,54.51,7738
2020-12-02T05:00:00Z,52.4,54.11,52,54.11,8866
2020-12-01T05:00:00Z,54.31,54.37,52.91,53.64,10851
2020-11-30T05:00:00Z,54.94,54.94,51.9,52.18,8814
2020-11-27T05:00:00Z,54.64,55.01,54.23,54.89,922
2020-11-25T05:00:00Z,53.36,54.76,53.02,54.34,7243
2020-11-24T05:00:00Z,54.32,55.89,53.46,54.96,16229
2020-11-23T05:00:00Z,50.85,52.76,50.41,52.2,7623
2020-11-20T05:00:00Z,48.53,49.46,48.02,49.22,7194
2020-11-19T05:00:00Z,47.42,49.26,47.42,49.26,8327
2020-11-18T05:00:00Z,50.37,51.165,48.13,48.13,14809
2020-11-17T05:00:00Z,48.3,49.92,46.74,49.9,7328
2020-11-16T05:00:00Z,48.665,49.48,48.01,49.18,6869
2020-11-13T05:00:00Z,44.77,46.575,44.65,46.15,7748
2020-11-12T05:00:00Z,44.07,44.95,42.38,43.45,11140
2020-11-11T05:00:00Z,46.19,46.19,44.23,45.5,9808
2020-11-10T05:00:00Z,44.25,46,43.86,45.6,10642
2020-11-09T05:00:00Z,47.6,47.72,43.12,43.12,28228
2020-11-06T05:00:00Z,40.25,40.25,38.885,38.97,9062
2020-11-05T05:00:00Z,38.87,40.36,38.82,40.1,13942
2020-11-04T05:00:00Z,36.4,38.08,35.35,37.05,13329
2020-11-03T05:00:00Z,35.9,37.11,35.41,37.11,9829
2020-11-02T05:00:00Z,33.07,33.85,32.54,33.85,7866
2020-10-30T04:00:00Z,33.19,33.53,31.22,32.02,14273
2020-10-29T04:00:00Z,31.96,33.87,31.48,33.58,12020
2020-10-28T04:00:00Z,33.28,33.48,32.29,32.29,12820
2020-10-27T04:00:00Z,36.46,36.775,35.59,35.59,7527
2020-10-26T04:00:00Z,37.84,37.84,35.4,36.49,9568
2020-10-23T04:00:00Z,38.67,39.18,38.34,39.06,7444
2020-10-22T04:00:00Z,37.22,38.4,36.49,38.4,4907
2020-10-21T04:00:00Z,37.575,37.72,36.55,36.55,7722
2020-10-20T04:00:00Z,38.28,38.38,37.28,37.54,3916
2020-10-19T04:00:00Z,39.315,39.745,37.05,37.2,13203
2020-10-16T04:00:00Z,39.105,39.49,38.8,38.8,3740
2020-10-15T04:00:00Z,36.53,39.13,36.53,38.95,8873
2020-10-14T04:00:00Z,39.615,39.615,37.74,37.81,15330
2020-10-13T04:00:00Z,38.97,39.27,38.31,39,10202
2020-10-12T04:00:00Z,39.04,40,39.035,39.81,15804
2020-10-09T04:00:00Z,39.5,39.5,38.36,38.92,35447
2020-10-08T04:00:00Z,38.27,38.555,37.71,38.31,15153
2020-10-07T04:00:00Z,36.185,37.43,36.185,37.18,13859
2020-10-06T04:00:00Z,36,37.67,34.74,34.85,41457
2020-10-05T04:00:00Z,34.015,35.25,34.015,35.06,14945
2020-10-02T04:00:00Z,30.35,32.795,30.35,32.59,23220
2020-10-01T04:00:00Z,31.51,32.005,30.435,32.005,20920
2020-09-30T04:00:00Z,30.98,31.83,29.96,30.59,9290
2020-09-29T04:00:00Z,30.315,30.81,29.52,30.38,9528
2020-09-28T04:00:00Z,30.21,30.89,29.935,30.63,15266
2020-09-25T04:00:00Z,27.13,28.79,27.13,28.59,17380
2020-09-24T04:00:00Z,26.59,28.53,26.47,27.41,11355
2020-09-23T04:00:00Z,30.13,30.425,27.22,27.24,21663
2020-09-22T04:00:00Z,29.785,30.045,28.55,29.99,16106
2020-09-21T04:00:00Z,30.52,30.69,28.28,29.27,52201
2020-09-18T04:00:00Z,33.31,33.805,31.455,32.62,16906
2020-09-17T04:00:00Z,32.19,33.395,32.03,32.93,19272
2020-09-16T04:00:00Z,33.255,34.945,33.255,33.65,18896
2020-09-15T04:00:00Z,33.41,33.495,32.485,32.56,19566
2020-09-14T04:00:00Z,31.435,32.73,31.435,32.625,14242
2020-09-11T04:00:00Z,30.97,31.18,29.3,30.22,30801
2020-09-10T04:00:00Z,33.03,33.07,30.905,31.14,18156
2020-09-09T04:00:00Z,31.42,32.42,31.33,32.07,11777
2020-09-08T04:00:00Z,30.92,32.3,30.46,30.68,34680
2020-09-04T04:00:00Z,34.45,34.45,30.36,32.62,37464
2020-09-03T04:00:00Z,36.07,36.22,32.75,33.25,47531
2020-09-02T04:00:00Z,35.635,36.75,34.985,36.5,14932
2020-09-01T04:00:00Z,34.145,35.5,34.145,35.5,11101
2020-08-31T04:00:00Z,35,35.065,34.365,34.5,9087
2020-08-28T04:00:00Z,34.925,35.56,34.7,35.53,8920
2020-08-27T04:00:00Z,34.81,35.29,33.995,34.815,14412
2020-08-26T04:00:00Z,35.045,35.29,34.31,34.41,15854
2020-08-25T04:00:00Z,35.01,35.1,34.04,35.1,19677
2020-08-24T04:00:00Z,34.22,34.91,33.75,34.845,10466
2020-08-21T04:00:00Z,34.46,34.46,33.255,33.91,12858
2020-08-20T04:00:00Z,33.89,35.04,33.89,34.64,12558
2020-08-19T04:00:00Z,35.43,36.15,35,35.16,13201
2020-08-18T04:00:00Z,35.87,35.87,34.77,35.04,8639
2020-08-17T04:00:00Z,35.715,36.165,35.47,36.04,8850
2020-08-14T04:00:00Z,34.93,35.98,34.93,35.5,9574
2020-08-13T04:00:00Z,36.005,36.485,35.49,35.69,13644
2020-08-12T04:00:00Z,36.69,36.69,35.25,35.88,18513
2020-08-11T04:00:00Z,37.47,37.47,35.01,35.3,21613
2020-08-10T04:00:00Z,35.49,36.71,35.49,36.065,21627
2020-08-07T04:00:00Z,33.38,34.86,33.38,34.86,22684
2020-08-06T04:00:00Z,33.5,33.725,32.9,33.37,16020
2020-08-05T04:00:00Z,32.61,33.49,32.285,33.48,19530
2020-08-04T04:00:00Z,30.915,31.63,30.62,31.57,14314
2020-08-03T04:00:00Z,29.55,31.03,29.52,31.03,17134
2020-07-31T04:00:00Z,29.78,29.91,27.93,29.41,34943
2020-07-30T04:00:00Z,29.55,30.44,28.88,30.24,23999
2020-07-29T04:00:00Z,29.75,30.73,29.62,30.525,18238
2020-07-28T04:00:00Z,29.75,29.915,28.84,28.84,21298
2020-07-27T04:00:00Z,28.69,29.69,28.56,29.685,21739
