2024-06-14T04:00:00Z,72.96,74.11,72.78,74.11,146849
2024-06-13T04:00:00Z,73.62,73.835,72.14,73.1,143592
2024-06-12T04:00:00Z,71.02,72.955,70.73,72,362281
2024-06-11T04:00:00Z,67.295,69.3,66.66,69.3,157187
2024-06-10T04:00:00Z,66.61,68.035,66.48,67.885,130301
2024-06-07T04:00:00Z,67.12,68.29,66.725,67.04,190436
2024-06-06T04:00:00Z,67.61,67.835,66.9,67.38,149554
2024-06-05T04:00:00Z,65.13,67.465,64.75,67.465,293818
2024-06-04T04:00:00Z,63.03,64.1,62.27,63.62,317639
2024-06-03T04:00:00Z,63.8,64.08,60.98,63.08,247233
2024-05-31T04:00:00Z,62.6,62.86,58.97,62.49,485532
2024-05-30T04:00:00Z,64.11,64.17,61.99,62.585,293271
2024-05-29T04:00:00Z,64.27,65.4,64.27,64.63,167849
2024-05-28T04:00:00Z,65.82,66.08,64.84,66.08,502295
2024-05-24T04:00:00Z,64.06,65.87,63.965,65.365,383995
2024-05-23T04:00:00Z,66.5,66.5,62.81,63.61,346584
2024-05-22T04:00:00Z,64.68,65,63.45,64.5,245124
2024-05-21T04:00:00Z,63.44,64.67,63.36,64.6,271358
2024-05-20T04:00:00Z,63.04,64.525,62.96,64.195,297158
2024-05-17T04:00:00Z,63.09,63.34,62.07,62.97,217288
2024-05-16T04:00:00Z,63.36,64.195,63.005,63.005,301463
2024-05-15T04:00:00Z,61.7,63.6,61.1,63.46,374999
2024-05-14T04:00:00Z,59.36,60.88,59.295,60.72,261587
2024-05-13T04:00:00Z,59.94,59.94,58.99,59.58,199345
2024-05-10T04:00:00Z,59.36,60.05,58.56,59.16,348231
2024-05-09T04:00:00Z,58.51,58.985,57.76,58.745,146215
2024-05-08T04:00:00Z,57.5,59.01,57.5,58.475,211081
2024-05-07T04:00:00Z,58.725,59.215,58.3,58.56,429423
2024-05-06T04:00:00Z,57.42,58.575,57.18,58.575,237369
2024-05-03T04:00:00Z,56.28,57.055,55.75,56.71,366769
2024-05-02T04:00:00Z,52.92,53.83,51.23,53.52,433136
2024-05-01T04:00:00Z,52.12,54.7,51.29,51.64,743432
2024-04-30T04:00:00Z,55.36,55.76,52.745,52.745,257177
2024-04-29T04:00:00Z,56.1,56.31,54.89,55.95,263768
2024-04-26T04:00:00Z,54.06,55.85,53.79,55.31,348255
2024-04-25T04:00:00Z,50.86,53.17,50.49,52.83,431300
2024-04-24T04:00:00Z,54.385,54.875,52.87,53.74,400861
2024-04-23T04:00:00Z,51.66,53.6,51.54,53.255,330608
2024-04-22T04:00:00Z,50.45,51.765,49.2,50.93,442184
2024-04-19T04:00:00Z,52.25,52.42,48.87,49.47,935392
2024-04-18T04:00:00Z,53.88,54.5,52.52,52.74,518677
2024-04-17T04:00:00Z,56.53,56.54,53.365,53.71,688133
2024-04-16T04:00:00Z,55.67,56.8,55.25,55.81,538760
2024-04-15T04:00:00Z,60.18,60.2,55.44,55.76,733009
2024-04-12T04:00:00Z,59.88,60.33,58.15,58.73,472990
2024-04-11T04:00:00Z,59.59,62.05,58.69,61.72,940267
2024-04-10T04:00:00Z,58.3,59.26,58.06,58.855,868732
2024-04-09T04:00:00Z,60.81,60.91,58.62,60.54,355254
2024-04-08T04:00:00Z,60.22,60.63,59.39,59.87,247647
2024-04-05T04:00:00Z,58.33,60.91,58.08,59.89,507428
2024-04-04T04:00:00Z,62.37,62.6,57.75,57.78,669332
2024-04-03T04:00:00Z,59.46,61.42,59.46,60.68,288450
2024-04-02T04:00:00Z,59.86,60.42,59.01,60.3,286810
2024-04-01T04:00:00Z,61.93,62.98,61.17,61.965,285958
2024-03-28T04:00:00Z,61.9,62.22,61.4,61.55,252388
2024-03-27T04:00:00Z,62.58,62.61,60.74,61.95,321487
2024-03-26T04:00:00Z,62.53,62.98,61.3,61.38,267698
2024-03-25T04:00:00Z,61.41,62.62,61.07,62.05,219834
2024-03-22T04:00:00Z,62.27,63.14,61.925,62.66,212496
2024-03-21T04:00:00Z,63.76,63.93,62.44,62.47,331128
2024-03-20T04:00:00Z,60.15,61.83,59.38,61.73,496054
2024-03-19T04:00:00Z,58.55,59.935,57.72,59.77,239644
2024-03-18T04:00:00Z,59.89,60.8,59.29,59.38,275881
2024-03-15T04:00:00Z,58.64,58.91,57.29,57.79,438361
2024-03-14T04:00:00Z,60.88,61.04,58.8,59.935,631501
2024-03-13T04:00:00Z,61.355,61.36,60.06,60.42,426635
2024-03-12T04:00:00Z,60.38,62.04,58.96,61.89,492055
2024-03-11T04:00:00Z,59.305,59.86,58.57,59.34,500316
2024-03-08T05:00:00Z,62.89,64.09,59.8,60.055,1198878
2024-03-07T05:00:00Z,61.55,63.3,60.95,62.93,472600
2024-03-06T05:00:00Z,60.76,61.42,59.35,60.12,646449
2024-03-05T05:00:00Z,61.1,61.1,58.03,59.02,654837
2024-03-04T05:00:00Z,63.135,63.27,62.33,62.39,518205
2024-03-01T05:00:00Z,60.75,63.51,60.735,63.14,602357
2024-02-29T05:00:00Z,60.075,60.83,58.795,60.515,760250
2024-02-28T05:00:00Z,59.03,59.5,58.59,58.94,813892
2024-02-27T05:00:00Z,59.92,60.07,58.9,60,283325
2024-02-26T05:00:00Z,59.96,60.35,59.44,59.54,311992
2024-02-23T05:00:00Z,60.855,61.19,59.22,59.62,458373
2024-02-22T05:00:00Z,58.91,60.57,58.5,60.2,606072
2024-02-21T05:00:00Z,54.78,55.42,53.82,55.38,444779
2024-02-20T05:00:00Z,56.51,57.13,54.58,56.09,658794
2024-02-16T05:00:00Z,59.18,59.18,57.11,57.37,514789
2024-02-15T05:00:00Z,58.85,59.21,57.75,59.01,580159
2024-02-14T05:00:00Z,57.82,58.74,56.88,58.65,445170
2024-02-13T05:00:00Z,56.1,57.85,55.44,56.745,802881
2024-02-12T05:00:00Z,60.18,61.14,59.315,59.59,456540
2024-02-09T05:00:00Z,59.04,60.59,58.73,60.27,430143
2024-02-08T05:00:00Z,58.37,58.89,58.045,58.59,546391
2024-02-07T05:00:00Z,57.7,58.65,57.18,58.31,441581
2024-02-06T05:00:00Z,57.4,57.64,55.66,56.625,529674
2024-02-05T05:00:00Z,57.18,57.4,55.585,56.95,613750
2024-02-02T05:00:00Z,55.185,57.67,54.87,57.25,892352
2024-02-01T05:00:00Z,53.28,54.62,52.92,54.48,475755
2024-01-31T05:00:00Z,54.08,54.97,52.59,52.68,727591
2024-01-30T05:00:00Z,56.7,56.91,55.61,55.95,376253
2024-01-29T05:00:00Z,55.63,57.17,55.38,57.12,520386
2024-01-26T05:00:00Z,55.645,56.35,55.2,55.41,370091
2024-01-25T05:00:00Z,57.27,57.51,55.53,56.45,760591
2024-01-24T05:00:00Z,56.96,57.87,56.15,56.33,742382
2024-01-23T05:00:00Z,55,55.46,54.28,55.38,436455
2024-01-22T05:00:00Z,55.4,55.91,54.52,54.74,622224
2024-01-19T05:00:00Z,52.35,54.615,52.1,54.58,594433
2024-01-18T05:00:00Z,50.705,51.675,50.11,51.56,763215
2024-01-17T05:00:00Z,49.1,49.585,47.9,49.46,708972
2024-01-16T05:00:00Z,49.88,50.895,49.33,50.31,565052
2024-01-12T05:00:00Z,50.67,50.96,49.84,50.35,561029
2024-01-11T05:00:00Z,50.55,50.96,48.41,50.29,900771
2024-01-10T05:00:00Z,49.19,50.395,48.85,50.05,627642
2024-01-09T05:00:00Z,47.69,49.385,47.63,49.08,459730
2024-01-08T05:00:00Z,46.39,48.89,46.33,48.82,605450
2024-01-05T05:00:00Z,45.87,46.91,45.48,45.95,745512
2024-01-04T05:00:00Z,45.86,46.97,45.74,45.79,479286
2024-01-03T05:00:00Z,47.17,47.53,46.45,46.53,600696
2024-01-02T05:00:00Z,49.35,49.4,47.27,48.13,684734
2023-12-29T05:00:00Z,51.37,51.51,50,50.71,448646
2023-12-28T05:00:00Z,51.91,52.01,51.28,51.385,374665
2023-12-27T05:00:00Z,51.38,51.65,51.05,51.55,330139
2023-12-26T05:00:00Z,50.64,51.5,50.625,51.24,351673
2023-12-22T05:00:00Z,50.6,50.93,49.64,50.38,502407
2023-12-21T05:00:00Z,49.88,50.25,48.97,50.16,788518
2023-12-20T05:00:00Z,50.45,51.25,48.46,48.5,955885
2023-12-19T05:00:00Z,50.39,51.06,50.37,51.04,495940
2023-12-18T05:00:00Z,49.4,50.59,49.38,50.315,491830
2023-12-15T05:00:00Z,49.02,49.78,48.71,49.2,635148
2023-12-14T05:00:00Z,49.24,49.7,47.56,48.65,742039
2023-12-13T05:00:00Z,47.4,49.06,47.1,48.86,1113955
2023-12-12T05:00:00Z,45.98,47.09,45.58,47.09,591573
2023-12-11T05:00:00Z,44.67,46.07,44.62,45.99,600718
2023-12-08T05:00:00Z,43.65,45,43.65,44.82,937461
2023-12-07T05:00:00Z,43.48,44.535,43.12,44.32,941212
2023-12-06T05:00:00Z,44.31,44.31,42.41,42.53,897367
2023-12-05T05:00:00Z,42.39,43.7,42.29,43.3,677874
2023-12-04T05:00:00Z,42.9,43.06,41.76,42.94,897868
2023-12-01T05:00:00Z,43.46,44.415,42.93,44.24,518210
2023-11-30T05:00:00Z,44.27,44.43,42.86,43.84,745698
2023-11-29T05:00:00Z,45.25,45.72,44.13,44.215,663248
2023-11-28T05:00:00Z,43.805,44.595,43.67,44.39,990296
2023-11-27T05:00:00Z,44.04,44.72,43.785,44.06,398222
2023-11-24T05:00:00Z,44.26,44.42,43.85,44.19,196735
2023-11-22T05:00:00Z,44.61,45.41,44.065,44.39,606799
2023-11-21T05:00:00Z,44.09,44.11,43.3,43.9,382843
2023-11-20T05:00:00Z,43.165,44.93,43.165,44.7,572937
2023-11-17T05:00:00Z,42.87,43.49,42.57,43.16,641354
2023-11-16T05:00:00Z,42.75,43.2,42.34,43.14,1259115
2023-11-15T05:00:00Z,43.65,43.765,42.61,43.08,808623
2023-11-14T05:00:00Z,42.5,43.275,42.295,42.975,898385
2023-11-13T05:00:00Z,40.265,40.72,39.75,40.39,639461
2023-11-10T05:00:00Z,38.76,40.81,38.59,40.78,717640
2023-11-09T05:00:00Z,39.35,39.71,38.07,38.2,816936
2023-11-08T05:00:00Z,39.21,39.415,38.44,39.17,770206
2023-11-07T05:00:00Z,38.36,39.37,37.98,39.1,911044
2023-11-06T05:00:00Z,37.84,38.2,37.34,38.04,599257
2023-11-03T04:00:00Z,36.71,37.97,36.65,37.64,640307
2023-11-02T04:00:00Z,35.78,36.37,35.42,36.32,1169950
2023-11-01T04:00:00Z,33,34.625,32.975,34.52,1421746
2023-10-31T04:00:00Z,32.32,32.88,31.605,32.78,688595
2023-10-30T04:00:00Z,31.98,32.69,31.575,32.32,1122973
2023-10-27T04:00:00Z,31.67,32.21,30.95,31.31,1610944
2023-10-26T04:00:00Z,32.39,32.635,30.48,30.83,1775133
2023-10-25T04:00:00Z,34.62,34.675,32.58,32.76,1403642
2023-10-24T04:00:00Z,34.9,35.59,34.4,35.36,927894
2023-10-23T04:00:00Z,33.675,35.405,33.06,34.39,1009910
2023-10-20T04:00:00Z,35.485,35.68,34.025,34.1,985352
2023-10-19T04:00:00Z,37.14,37.51,35.45,35.69,1701453
2023-10-18T04:00:00Z,37.47,38.17,36.37,36.66,1049739
2023-10-17T04:00:00Z,37.5,38.81,36.85,38.29,709847
2023-10-16T04:00:00Z,37.83,39,37.78,38.64,910711
2023-10-13T04:00:00Z,39.09,39.26,36.99,37.38,1232241
2023-10-12T04:00:00Z,39.5,40.03,38.13,38.87,846829
2023-10-11T04:00:00Z,39,39.395,38.4,39.34,567511
2023-10-10T04:00:00Z,38.01,39.355,37.87,38.52,1143540
2023-10-09T04:00:00Z,36.57,38.08,36.15,37.895,733587
2023-10-06T04:00:00Z,34.67,37.69,34.42,37.33,1515620
2023-10-05T04:00:00Z,35.89,36,34.5,35.55,1037385
2023-10-04T04:00:00Z,34.79,36.17,34.65,35.915,1637411
2023-10-03T04:00:00Z,35.75,36.36,34.05,34.54,1255894
2023-10-02T04:00:00Z,35.65,36.88,35.48,36.475,1080193
2023-09-29T04:00:00Z,36.57,37,35.23,35.63,1880433
2023-09-28T04:00:00Z,34.42,36.15,34.15,35.55,1419220
2023-09-27T04:00:00Z,34.79,35.255,33.635,34.73,1424454
2023-09-26T04:00:00Z,35.37,35.47,34.18,34.49,965904
2023-09-25T04:00:00Z,35.31,36.135,35.02,36.125,688375
2023-09-22T04:00:00Z,36.13,36.76,35.525,35.6,1087806
2023-09-21T04:00:00Z,36.54,36.78,35.575,35.59,1006144
2023-09-20T04:00:00Z,39.77,39.895,37.71,37.74,1189129
2023-09-19T04:00:00Z,39.4,39.82,38.605,39.56,887566
2023-09-18T04:00:00Z,39.46,40.21,39.33,39.85,586331
2023-09-15T04:00:00Z,41.44,41.58,39.45,39.71,758780
2023-09-14T04:00:00Z,41.54,42.235,40.8,41.92,611481
2023-09-13T04:00:00Z,40.565,41.48,40.19,40.94,1353161
2023-09-12T04:00:00Z,41.275,41.79,40.41,40.52,752548
2023-09-11T04:00:00Z,41.49,42.08,40.85,41.9,481539
2023-09-08T04:00:00Z,40.32,41.21,40.17,40.51,561378
2023-09-07T04:00:00Z,39.7,40.575,39.385,40.37,599163
2023-09-06T04:00:00Z,42.14,42.22,40.6,41.31,602790
2023-09-05T04:00:00Z,41.98,42.79,41.67,42.39,513135
2023-09-01T04:00:00Z,43.23,43.35,41.75,42.245,999596
2023-08-31T04:00:00Z,42.04,42.97,42.04,42.38,967019
2023-08-30T04:00:00Z,41.44,42.27,41.1,42.09,821524
2023-08-29T04:00:00Z,38.8,41.515,38.7,41.43,1035583
2023-08-28T04:00:00Z,38.95,39.155,38.105,38.89,781989
2023-08-25T04:00:00Z,37.41,38.51,36.35,38.03,1282343
2023-08-24T04:00:00Z,40.88,40.88,37.1,37.145,851069
2023-08-23T04:00:00Z,38.33,40.09,38.29,39.78,686987
2023-08-22T04:00:00Z,38.965,38.98,37.77,37.985,958587
2023-08-21T04:00:00Z,36.86,38.36,36.76,38.195,762766
2023-08-18T04:00:00Z,35.5,36.805,35.385,36.41,1051695
2023-08-17T04:00:00Z,38.25,38.35,36.44,36.58,782556
2023-08-16T04:00:00Z,38.92,39.375,37.825,37.845,525809
2023-08-15T04:00:00Z,40.04,40.33,38.88,39.11,611464
2023-08-14T04:00:00Z,38.85,40.435,38.61,40.435,434282
2023-08-11T04:00:00Z,38.98,39.67,38.6,39.07,638958
2023-08-10T04:00:00Z,40.685,41.75,39.39,39.87,1011292
2023-08-09T04:00:00Z,41.14,41.19,39.46,39.66,679986
2023-08-08T04:00:00Z,41.29,41.29,40.01,41.065,605539
2023-08-07T04:00:00Z,41.76,42.195,40.94,42.165,438301
2023-08-04T04:00:00Z,42.38,43.125,40.99,41.135,1255259
2023-08-03T04:00:00Z,41.115,42.43,41.06,41.76,890525
2023-08-02T04:00:00Z,43.685,43.685,41.54,41.98,1274162
2023-08-01T04:00:00Z,44.8,45.22,44.23,44.94,389008
2023-07-31T04:00:00Z,45.375,45.7,44.82,45.33,675343
2023-07-28T04:00:00Z,44.19,45.58,44.14,45.2,802223
2023-07-27T04:00:00Z,45.12,45.66,42.45,42.925,1069621
2023-07-26T04:00:00Z,43.28,43.85,42.445,43.26,795006
2023-07-25T04:00:00Z,43.08,44.275,43.08,43.78,509169
2023-07-24T04:00:00Z,42.975,43.31,42.22,42.85,330628
2023-07-21T04:00:00Z,43.875,44.13,42.535,42.69,820830
2023-07-20T04:00:00Z,45.14,45.67,42.7,43.075,1178322
2023-07-19T04:00:00Z,46.76,47.125,45.825,46.23,781195
2023-07-18T04:00:00Z,45,46.8,44.33,46.365,763024
2023-07-17T04:00:00Z,44.265,45.535,44.19,45.21,547980
2023-07-14T04:00:00Z,44.28,45.35,43.75,44.05,667748
2023-07-13T04:00:00Z,43.04,44.355,42.865,44.115,402651
2023-07-12T04:00:00Z,41.84,42.435,41.16,41.96,997965
2023-07-11T04:00:00Z,40.03,40.6,39.3,40.485,414342
2023-07-10T04:00:00Z,39.76,40.07,38.95,39.865,604391
2023-07-07T04:00:00Z,40.24,41.24,39.795,39.85,611535
2023-07-06T04:00:00Z,39.96,40.42,39.29,40.275,881901
2023-07-05T04:00:00Z,40.73,41.83,40.73,41.27,534122
2023-07-03T04:00:00Z,41.19,41.47,40.85,41.3,275735
2023-06-30T04:00:00Z,40.42,41.335,40.3,41.03,736512
2023-06-29T04:00:00Z,39.37,39.55,38.69,39.18,928306
2023-06-28T04:00:00Z,38.68,40.14,38.64,39.47,989595
2023-06-27T04:00:00Z,37.81,39.5,37.61,39.31,564526
2023-06-26T04:00:00Z,38.74,39.65,37.34,37.37,879031
2023-06-23T04:00:00Z,38.83,39.7,38.395,38.91,854219
2023-06-22T04:00:00Z,38.375,40.19,38.24,40.17,806341
2023-06-21T04:00:00Z,40.055,40.18,38.5,38.85,665973
2023-06-20T04:00:00Z,40.33,41.05,39.63,40.645,560531
2023-06-16T04:00:00Z,42.44,42.44,40.66,40.795,767977
2023-06-15T04:00:00Z,39.725,42.07,39.53,41.59,1133770
2023-06-14T04:00:00Z,39.4,40.3,38.44,40.17,918355
2023-06-13T04:00:00Z,39.39,39.61,38.33,39.38,1025887
2023-06-12T04:00:00Z,37.15,38.495,36.85,38.49,392240
2023-06-09T04:00:00Z,36.69,37.61,36.2,36.64,669129
2023-06-08T04:00:00Z,35.04,36.35,34.95,36.205,517867
2023-06-07T04:00:00Z,36.98,37.555,34.8,34.95,623143
2023-06-06T04:00:00Z,36.68,37.14,36.305,36.9,438054
2023-06-05T04:00:00Z,36.77,37.7,36.58,36.89,707908
2023-06-02T04:00:00Z,36.595,37.17,36.01,36.78,882984
2023-06-01T04:00:00Z,34.745,36.415,34.485,36.025,716536
2023-05-31T04:00:00Z,34.95,35.53,34.41,34.74,607873
2023-05-30T04:00:00Z,36.33,36.65,35.05,35.45,1355787
2023-05-26T04:00:00Z,32.805,35.24,32.8,34.99,1131490
2023-05-25T04:00:00Z,32.42,32.86,31.69,32.52,1215576
2023-05-24T04:00:00Z,30.24,30.68,29.77,30.34,964474
2023-05-23T04:00:00Z,31.56,31.88,30.73,30.825,1284535
2023-05-22T04:00:00Z,31.67,32.35,31.67,32.08,807103
2023-05-19T04:00:00Z,32.06,32.23,31.45,31.75,1003671
2023-05-18T04:00:00Z,30.41,32.035,30.405,31.98,1480759
2023-05-17T04:00:00Z,29.55,30.46,29.27,30.34,742342
2023-05-16T04:00:00Z,28.98,29.73,28.98,29.27,1107849
2023-05-15T04:00:00Z,28.845,29.23,28.435,29.19,1291616
2023-05-12T04:00:00Z,29.2,29.29,28.17,28.72,1107575
2023-05-11T04:00:00Z,28.92,29.185,28.5,29.03,958849
2023-05-10T04:00:00Z,28.52,29.015,27.885,28.78,1713313
2023-05-09T04:00:00Z,27.99,28.195,27.81,27.885,411470
2023-05-08T04:00:00Z,28.135,28.505,27.83,28.44,572536
2023-05-05T04:00:00Z,27.1,28.455,27.05,28.23,856882
2023-05-04T04:00:00Z,26.78,27.045,26.29,26.53,1571324
2023-05-03T04:00:00Z,27.5,28.17,26.84,26.88,1170356
2023-05-02T04:00:00Z,28.14,28.215,26.96,27.39,1204455
2023-05-01T04:00:00Z,28.14,28.52,27.885,28.16,603632
2023-04-28T04:00:00Z,27.61,28.27,27.35,28.27,1483574
2023-04-27T04:00:00Z,26.56,27.82,26.39,27.715,1387384
2023-04-26T04:00:00Z,26.01,26.38,25.51,25.63,1376074
2023-04-25T04:00:00Z,26.28,26.44,25.17,25.18,1386839
2023-04-24T04:00:00Z,26.81,27.16,26.15,26.69,891596
2023-04-21T04:00:00Z,26.71,27.075,26.25,26.9,896624
2023-04-20T04:00:00Z,26.64,27.57,26.485,26.82,1180810
2023-04-19T04:00:00Z,26.87,27.725,26.845,27.475,1118822
2023-04-18T04:00:00Z,28.07,28.165,27.2,27.52,688774
2023-04-17T04:00:00Z,27.32,27.6,26.82,27.5,696234
2023-04-14T04:00:00Z,27.2,27.92,26.71,27.46,1317874
2023-04-13T04:00:00Z,26.54,27.74,26.495,27.65,871212
2023-04-12T04:00:00Z,27.36,27.48,26,26.09,1944233
2023-04-11T04:00:00Z,27.34,27.36,26.7,26.83,681559
2023-04-10T04:00:00Z,26.68,27.36,26.17,27.335,893032
2023-04-06T04:00:00Z,26.44,27.55,26.11,27.43,863089
2023-04-05T04:00:00Z,27.44,27.5,26.415,26.88,2086955
2023-04-04T04:00:00Z,28.17,28.41,27.425,27.75,1373089
2023-04-03T04:00:00Z,27.65,28.11,27.335,28.06,1565610
2023-03-31T04:00:00Z,26.96,28.31,26.92,28.26,1722442
2023-03-30T04:00:00Z,26.83,27.07,26.49,26.93,1560305
2023-03-29T04:00:00Z,25.8,26.36,25.57,26.23,1743218
2023-03-28T04:00:00Z,25.12,25.135,24.29,24.87,1735288
2023-03-27T04:00:00Z,25.995,26.25,25.08,25.21,1893756
2023-03-24T04:00:00Z,25.42,25.84,24.84,25.83,2689759
2023-03-23T04:00:00Z,25.59,26.59,24.895,25.57,1717932
2023-03-22T04:00:00Z,25.715,26.93,24.65,24.65,2449410
2023-03-21T04:00:00Z,25.315,26,24.94,25.85,1628431
2023-03-20T04:00:00Z,24.44,24.885,23.89,24.82,1450534
2023-03-17T04:00:00Z,24.92,25.49,24.1,24.57,1796255
2023-03-16T04:00:00Z,22.88,25.03,22.74,24.95,1430581
2023-03-15T04:00:00Z,22.125,23.215,21.85,23.12,3766744
2023-03-14T04:00:00Z,22.14,22.89,21.93,22.78,3932283
2023-03-13T04:00:00Z,20.46,22.13,20.14,21.32,6386256
2023-03-10T05:00:00Z,21.79,22.16,20.625,20.85,5512512
2023-03-09T05:00:00Z,23.09,23.71,21.595,21.765,2882987
2023-03-08T05:00:00Z,22.76,23.13,22.34,23,2039333
2023-03-07T05:00:00Z,23.55,23.77,22.53,22.68,1182829
2023-03-06T05:00:00Z,23.77,24.465,23.5,23.54,1253494
2023-03-03T05:00:00Z,22.51,23.525,22.4,23.47,1785699
2023-03-02T05:00:00Z,20.99,22.29,20.96,22.12,2101085
2023-03-01T05:00:00Z,22.04,22.2,21.375,21.56,1550199
2023-02-28T05:00:00Z,22.08,22.7,22.01,22.16,1321731
2023-02-27T05:00:00Z,22.49,22.8,22.1,22.23,1641392
2023-02-24T05:00:00Z,21.74,22.01,21.35,21.735,1653690
2023-02-23T05:00:00Z,23.19,23.23,21.95,22.94,1745928
2023-02-22T05:00:00Z,22.475,22.84,21.99,22.325,1629863
2023-02-21T05:00:00Z,23.11,23.44,22.295,22.32,1274431
2023-02-17T05:00:00Z,24,24.215,23.3,24.035,1882088
2023-02-16T05:00:00Z,24.83,25.83,24.54,24.55,1843874
2023-02-15T05:00:00Z,25.06,26.075,24.87,26.075,1464649
2023-02-14T05:00:00Z,24.54,25.715,24.065,25.49,3057056
2023-02-13T05:00:00Z,24.14,25.09,23.85,24.95,1322048
2023-02-10T05:00:00Z,23.75,24.23,23.225,23.82,1565206
2023-02-09T05:00:00Z,26.075,26.09,23.94,24.28,1503060
2023-02-08T05:00:00Z,26.08,26.29,24.815,25,1505726
2023-02-07T05:00:00Z,24.83,26.685,24.555,26.44,1990511
2023-02-06T05:00:00Z,24.845,25.44,24.53,24.87,1106933
2023-02-03T05:00:00Z,25.18,27.135,25.12,25.52,2475706
2023-02-02T05:00:00Z,25.96,27.425,25.75,26.935,2361889
2023-02-01T05:00:00Z,22.84,24.92,22.375,24.325,1844817
2023-01-31T05:00:00Z,21.95,22.91,21.91,22.91,1105407
2023-01-30T05:00:00Z,22.54,22.9,21.85,21.88,1427680
2023-01-27T05:00:00Z,22.4,23.8,22.365,23.32,1141205
2023-01-26T05:00:00Z,22.25,22.7,21.605,22.69,2192840
2023-01-25T05:00:00Z,20.53,21.58,19.98,21.405,1704205
2023-01-24T05:00:00Z,21.39,21.85,21.245,21.615,1095304
2023-01-23T05:00:00Z,20.6,22,20.39,21.76,1693927
2023-01-20T05:00:00Z,19.12,20.445,18.97,20.415,1068634
2023-01-19T05:00:00Z,19.05,19.31,18.58,18.83,1235297
2023-01-18T05:00:00Z,20.58,20.9,19.4,19.435,1570604
2023-01-17T05:00:00Z,20.07,20.51,19.825,20.195,1425135
2023-01-13T05:00:00Z,19.15,20.16,19.1,20.095,1574440
2023-01-12T05:00:00Z,19.555,19.92,18.59,19.705,2573140
2023-01-11T05:00:00Z,18.73,19.43,18.52,19.42,1044692
2023-01-10T05:00:00Z,17.79,18.48,17.71,18.47,1552412
2023-01-09T05:00:00Z,18.11,18.95,17.9,18.02,1454602
2023-01-06T05:00:00Z,16.685,17.885,16.1,17.655,1943615
2023-01-05T05:00:00Z,16.8,16.83,16.28,16.345,1578404
2023-01-04T05:00:00Z,17.34,17.49,16.55,17.16,1643566
2023-01-03T05:00:00Z,17.73,18.02,16.47,16.92,1401485
2022-12-30T05:00:00Z,16.755,17.295,16.5,17.295,1305454
2022-12-29T05:00:00Z,16.67,17.49,16.545,17.335,1436663
2022-12-28T05:00:00Z,16.725,17.19,16.1,16.16,1409169
2022-12-27T05:00:00Z,17.46,17.46,16.72,16.83,852678
2022-12-23T05:00:00Z,17.21,17.72,16.83,17.58,671304
2022-12-22T05:00:00Z,18.19,18.23,16.585,17.485,1945542
2022-12-21T05:00:00Z,18.41,19.25,18.24,18.98,883960
2022-12-20T05:00:00Z,18.005,18.555,17.68,18.2,800249
2022-12-19T05:00:00Z,19.08,19.11,17.985,18.285,631101
2022-12-16T05:00:00Z,19.47,19.795,18.715,19.04,867541
2022-12-15T05:00:00Z,20.845,21.02,19.35,19.63,1791919
2022-12-14T05:00:00Z,22.215,22.97,21.12,21.83,1214814
2022-12-13T05:00:00Z,24.22,24.22,21.74,22.335,2544204
2022-12-12T05:00:00Z,20.915,21.65,20.685,21.65,766804
2022-12-09T05:00:00Z,21.05,21.69,20.775,20.88,1008207
2022-12-08T05:00:00Z,20.86,21.5,20.425,21.31,1319871
2022-12-07T05:00:00Z,20.56,21.02,20.2,20.585,1700112
2022-12-06T05:00:00Z,22.17,22.195,20.5,20.86,1110954
2022-12-05T05:00:00Z,22.9,23.2,21.875,22.2,861622
2022-12-02T05:00:00Z,22.45,23.615,22.39,23.4,1629260
2022-12-01T05:00:00Z,23.725,24.15,23.01,23.715,828416
2022-11-30T05:00:00Z,20.855,23.635,20.65,23.635,1240699
2022-11-29T05:00:00Z,21.33,21.41,20.48,20.785,1008682
2022-11-28T05:00:00Z,21.79,22.265,21.07,21.29,1112378
2022-11-25T05:00:00Z,22.36,22.5,22.16,22.235,528841
2022-11-23T05:00:00Z,22.06,22.85,22.02,22.715,1546321
2022-11-22T05:00:00Z,21.36,22.1,20.84,22.06,1363932
2022-11-21T05:00:00Z,21.515,21.8,20.98,21.175,974728
2022-11-18T05:00:00Z,22.57,22.58,21.28,21.85,1587912
2022-11-17T05:00:00Z,20.93,22.2,20.92,21.86,2222311
2022-11-16T05:00:00Z,22.495,22.555,21.84,22.025,1396711
2022-11-15T05:00:00Z,23.68,23.93,22.19,22.97,2289828
2022-11-14T05:00:00Z,22.175,22.955,21.82,22.05,1253544
2022-11-11T05:00:00Z,21.47,22.83,21.12,22.65,2135253
2022-11-10T05:00:00Z,20.15,21.53,19.7,21.46,2498285
2022-11-09T05:00:00Z,18.52,18.7,17.54,17.575,1022369
2022-11-08T05:00:00Z,18.86,19.6,18.14,18.915,1630008
2022-11-07T05:00:00Z,18.17,18.64,17.71,18.52,2242352
2022-11-04T04:00:00Z,18.14,18.32,16.85,17.94,3477279
2022-11-03T04:00:00Z,17.59,17.93,17.05,17.14,1795126
2022-11-02T04:00:00Z,20.3,20.95,18.205,18.205,2029858
2022-11-01T04:00:00Z,21.77,21.86,20.22,20.28,1658169
2022-10-31T04:00:00Z,21.19,21.355,20.49,20.92,1699227
2022-10-28T04:00:00Z,19.73,21.805,19.73,21.72,1992351
2022-10-27T04:00:00Z,20.86,21.12,19.77,19.835,2821407
2022-10-26T04:00:00Z,21.15,22.5,20.94,21,2241766
2022-10-25T04:00:00Z,21.48,22.635,21.48,22.56,886207
2022-10-24T04:00:00Z,20.68,21.47,19.8,21.26,1182450
2022-10-21T04:00:00Z,18.95,20.67,18.73,20.615,1503269
2022-10-20T04:00:00Z,19.42,20.455,18.97,19.2,1285609
2022-10-19T04:00:00Z,19.38,20.215,19.02,19.55,1050153
2022-10-18T04:00:00Z,20.91,21,19.19,19.795,1781404
2022-10-17T04:00:00Z,18.81,19.495,18.81,19.345,1371778
2022-10-14T04:00:00Z,19.85,19.98,17.465,17.57,1262565
2022-10-13T04:00:00Z,16.5,19.6,16.335,19.315,1771331
2022-10-12T04:00:00Z,18.255,18.62,17.95,18.135,864449
2022-10-11T04:00:00Z,18.5,19.135,17.745,18.115,1850440
2022-10-10T04:00:00Z,19.53,19.585,18.3,18.855,1593325
2022-10-07T04:00:00Z,20.85,20.905,19.17,19.47,2462645
2022-10-06T04:00:00Z,22.3,23.055,21.92,22.02,1441582
2022-10-05T04:00:00Z,21.66,23,21.02,22.56,1468966
2022-10-04T04:00:00Z,21.925,22.76,21.925,22.595,1273838
2022-10-03T04:00:00Z,19.705,21.01,19.365,20.67,1572104
2022-09-30T04:00:00Z,20.12,21.08,19.28,19.39,1836470
2022-09-29T04:00:00Z,21.305,21.39,19.64,20.395,2349171
2022-09-28T04:00:00Z,21.02,22.58,20.69,22.29,3060823
2022-09-27T04:00:00Z,21.81,22.35,20.5,21.07,1907719
2022-09-26T04:00:00Z,21.175,22.2,20.88,20.94,1974162
2022-09-23T04:00:00Z,21.78,21.86,20.45,21.32,1901811
2022-09-22T04:00:00Z,22.855,23.11,22.1,22.38,1442880
2022-09-21T04:00:00Z,24.84,25.875,23.25,23.25,2162324
2022-09-20T04:00:00Z,24.535,25.17,23.99,24.57,1116560
2022-09-19T04:00:00Z,23.94,25.225,23.94,25.21,925266
2022-09-16T04:00:00Z,24.19,24.72,23.68,24.59,1373109
2022-09-15T04:00:00Z,25.89,26.53,24.66,25.07,1637187
2022-09-14T04:00:00Z,26.12,26.65,25.64,26.5,1342044
2022-09-13T04:00:00Z,28.21,28.6,25.56,25.84,1534663
2022-09-12T04:00:00Z,30.29,31.03,30.2,30.92,974859
2022-09-09T04:00:00Z,28.675,30.005,28.675,29.86,1049132
2022-09-08T04:00:00Z,26.96,28.4,26.655,28.02,1555062
2022-09-07T04:00:00Z,26.16,27.89,26.11,27.62,1473347
2022-09-06T04:00:00Z,26.73,26.97,25.485,26.04,1411202
2022-09-02T04:00:00Z,28.64,29.025,26.175,26.62,2793019
2022-09-01T04:00:00Z,27.03,27.925,26.025,27.85,2589934
2022-08-31T04:00:00Z,29.14,29.38,27.78,27.81,1951722
2022-08-30T04:00:00Z,29.79,29.92,27.57,28.3,2050013
2022-08-29T04:00:00Z,29.31,30.115,28.96,29.28,1124553
2022-08-26T04:00:00Z,34.35,34.72,30.215,30.215,816519
2022-08-25T04:00:00Z,33.25,34.44,32.94,34.42,694282
2022-08-24T04:00:00Z,32.375,33.29,32.14,32.715,558510
2022-08-23T04:00:00Z,32.45,33.34,32.2,32.41,807375
2022-08-22T04:00:00Z,33.825,33.95,32.27,32.555,940926
2022-08-19T04:00:00Z,36.42,36.67,35.07,35.38,953818
2022-08-18T04:00:00Z,37.25,37.94,36.7,37.56,820856
2022-08-17T04:00:00Z,37.52,38.28,36.55,37.25,833299
2022-08-16T04:00:00Z,38.555,39.37,37.54,38.66,849703
2022-08-15T04:00:00Z,37.675,39.07,37.675,38.87,575165
2022-08-12T04:00:00Z,36.62,38.045,36.25,38.01,586124
2022-08-11T04:00:00Z,37.36,38.02,35.67,35.91,943822
2022-08-10T04:00:00Z,36.16,36.64,35.32,36.55,821909
2022-08-09T04:00:00Z,34.21,34.35,33.205,33.715,833195
2022-08-08T04:00:00Z,35.59,36.805,34.455,34.93,796738
2022-08-05T04:00:00Z,34.4,35.96,34.16,35.28,1012444
2022-08-04T04:00:00Z,35.69,36.26,34.98,36.12,798898
2022-08-03T04:00:00Z,33.59,35.935,33.58,35.625,1065121
2022-08-02T04:00:00Z,32.49,34.335,32.26,32.99,1203918
2022-08-01T04:00:00Z,32.785,34.395,32.45,33.27,939636
2022-07-29T04:00:00Z,32.155,33.635,31.71,33.38,1086475
2022-07-28T04:00:00Z,30.675,31.81,29.52,31.65,1473465
2022-07-27T04:00:00Z,28.66,31.24,28.44,30.74,1699322
2022-07-26T04:00:00Z,28.505,28.53,27.075,27.3,1397967
2022-07-25T04:00:00Z,29.48,29.63,28.44,29.02,947090
2022-07-22T04:00:00Z,30.89,31.505,28.95,29.52,1256916
2022-07-21T04:00:00Z,30.02,31.155,29.22,31.11,1243455
2022-07-20T04:00:00Z,28.69,30.25,28.44,29.875,1647276
2022-07-19T04:00:00Z,27.19,28.615,26.73,28.545,1345481
2022-07-18T04:00:00Z,27.61,27.995,25.845,26.11,1362631
2022-07-15T04:00:00Z,26.255,26.83,25.825,26.795,1821039
2022-07-14T04:00:00Z,24.46,25.675,23.62,25.43,1839833
2022-07-13T04:00:00Z,23.84,25.825,23.69,25.23,1597315
2022-07-12T04:00:00Z,26.42,26.96,24.925,25.35,1647961
2022-07-11T04:00:00Z,27.185,27.25,25.86,26.05,1366735
2022-07-08T04:00:00Z,26.98,28.305,26.73,27.87,1630711
2022-07-07T04:00:00Z,26.41,28,26.41,27.77,1324494
2022-07-06T04:00:00Z,25.78,26.71,25.3,26.08,1874605
2022-07-05T04:00:00Z,23.42,25.68,23.005,25.68,3622720
2022-07-01T04:00:00Z,23.75,24.465,23.1,24.39,1631132
2022-06-30T04:00:00Z,24.05,24.88,22.76,23.915,2751181
2022-06-29T04:00:00Z,24.81,25.27,24.1,24.9,2034609
2022-06-28T04:00:00Z,27.47,28.19,24.76,24.81,1928483
2022-06-27T04:00:00Z,28.345,28.485,27,27.34,2020657
2022-06-24T04:00:00Z,26.14,28.005,26.06,28.005,1293526
2022-06-23T04:00:00Z,24.935,25.57,24.185,25.35,1820117
2022-06-22T04:00:00Z,23.65,25.445,23.57,24.3,2125286
2022-06-21T04:00:00Z,23.82,24.97,23.79,24.37,1756958
2022-06-17T04:00:00Z,22.06,23.275,21.67,22.71,1535632
2022-06-16T04:00:00Z,22.98,23.1,21.32,21.875,1905481
2022-06-15T04:00:00Z,24.11,25.915,23.355,24.895,2750425
2022-06-14T04:00:00Z,23.63,23.85,22.52,23.19,2389616
2022-06-13T04:00:00Z,24.25,24.97,22.825,23.11,3543424
2022-06-10T04:00:00Z,28.27,28.59,26.68,26.76,2147272
2022-06-09T04:00:00Z,32.04,33.04,29.945,29.96,1585303
2022-06-08T04:00:00Z,33.07,33.93,32.35,32.64,937433
2022-06-07T04:00:00Z,31.41,33.58,31.055,33.36,1216402
2022-06-06T04:00:00Z,33.63,34.12,32,32.5,1915587
2022-06-03T04:00:00Z,33.11,33.61,31.76,32.13,2089790
2022-06-02T04:00:00Z,31.92,34.965,31.515,34.93,1454598
2022-06-01T04:00:00Z,33.885,34.42,31.55,32.29,1661105
2022-05-31T04:00:00Z,33.31,34,31.75,33.06,1534079
2022-05-27T04:00:00Z,31.31,33.31,31.305,33.31,1404889
2022-05-26T04:00:00Z,27.73,30.78,27.72,30.365,1588306
2022-05-25T04:00:00Z,26.455,28.59,26.455,27.96,1606918
2022-05-24T04:00:00Z,27.12,27.32,25.43,26.79,1186624
2022-05-23T04:00:00Z,27.575,28.81,26.96,28.7,933031
2022-05-20T04:00:00Z,28.765,28.82,24.95,27.36,1314524
2022-05-19T04:00:00Z,27.6,29.02,27.05,27.62,1054761
2022-05-18T04:00:00Z,31.44,31.68,27.71,28.09,973958
2022-05-17T04:00:00Z,32.45,33.08,31.25,33,1021114
2022-05-16T04:00:00Z,30.995,31.775,30.18,30.575,870734
2022-05-13T04:00:00Z,29.865,32,29.385,31.64,1386534
2022-05-12T04:00:00Z,27.4,29.88,26.69,28.545,1763984
2022-05-11T04:00:00Z,30.83,32.57,28.475,28.72,1753079
2022-05-10T04:00:00Z,32.725,33.07,30.28,31.63,1590042
2022-05-09T04:00:00Z,32.55,33.41,30.01,30.42,1379244
2022-05-06T04:00:00Z,35.18,36.53,33.1,34.585,1274511
2022-05-05T04:00:00Z,40.43,40.5,34.53,36.01,1831436
2022-05-04T04:00:00Z,38.54,42.43,36.53,42.2,1441481
2022-05-03T04:00:00Z,38.18,39.13,37.33,38.28,766429
2022-05-02T04:00:00Z,36.37,38.27,35.13,38.2,841053
2022-04-29T04:00:00Z,40.34,41.76,36.2,36.425,1988276
2022-04-28T04:00:00Z,39.835,42.72,38.31,42.01,1368006
2022-04-27T04:00:00Z,38.12,40.22,37.37,37.97,1341969
2022-04-26T04:00:00Z,42.21,42.24,38.115,38.14,1212732
2022-04-25T04:00:00Z,40.82,43.13,40.32,43.12,930164
2022-04-22T04:00:00Z,44.995,45.5,41.31,41.49,1240938
2022-04-21T04:00:00Z,49.67,50.755,44.61,45.145,863442
2022-04-20T04:00:00Z,50.51,50.73,47.45,47.91,683190
2022-04-19T04:00:00Z,46.76,50.4,46.45,50.18,669568
2022-04-18T04:00:00Z,46.52,48,45.825,47.08,596899
2022-04-14T04:00:00Z,50.39,50.62,46.84,46.92,717211
2022-04-13T04:00:00Z,47.66,50.81,47.38,50.37,661140
2022-04-12T04:00:00Z,50.185,50.9,46.89,47.56,1051610
2022-04-11T04:00:00Z,49.78,50.25,47.96,48.095,735989
2022-04-08T04:00:00Z,53.19,53.58,51.5,51.76,730464
2022-04-07T04:00:00Z,53.31,55.07,51.6,53.98,652649
2022-04-06T04:00:00Z,54.84,55.35,52.41,53.625,1038364
2022-04-05T04:00:00Z,60.71,61.14,56.9,57.49,875106
2022-04-04T04:00:00Z,58.49,61.5,58.265,61.49,476913
2022-04-01T04:00:00Z,58.31,58.78,56.41,57.97,765988
2022-03-31T04:00:00Z,60.6,60.83,58.02,58.02,485304
2022-03-30T04:00:00Z,61.76,62.52,59.8,60.59,616986
2022-03-29T04:00:00Z,61.54,62.96,60.21,62.64,633749
2022-03-28T04:00:00Z,56.94,59.6,56.34,59.6,592922
2022-03-25T04:00:00Z,57.06,57.555,54.87,56.9,624467
2022-03-24T04:00:00Z,54.45,57.07,53.41,57.07,597903
2022-03-23T04:00:00Z,54.565,56.24,53.525,53.565,640488
2022-03-22T04:00:00Z,53.13,56.33,52.88,55.91,746868
2022-03-21T04:00:00Z,52.9,53.91,50.77,52.835,893853
2022-03-18T04:00:00Z,49.52,53.37,48.99,53.36,784337
2022-03-17T04:00:00Z,47.57,50.16,47.07,50.16,677606
2022-03-16T04:00:00Z,45.22,48.45,43.7,48.45,1187088
2022-03-15T04:00:00Z,40.93,43.88,40.25,43.585,1003068
2022-03-14T04:00:00Z,41.81,43.13,39.57,39.79,1210848
2022-03-11T05:00:00Z,46.31,46.455,42.11,42.11,994170
2022-03-10T05:00:00Z,44.89,45.61,43.2,45.11,917877
2022-03-09T05:00:00Z,45.385,47.17,44.36,46.67,867783
2022-03-08T05:00:00Z,42.31,46,40.77,42.245,1118749
2022-03-07T05:00:00Z,48.04,48.54,42.645,42.7,1029083
2022-03-04T05:00:00Z,49.26,49.69,47.005,48.05,1409639
2022-03-03T05:00:00Z,53.76,53.76,49.41,50.215,1181768
2022-03-02T05:00:00Z,50.755,53,49.42,52.45,782481
2022-03-01T05:00:00Z,51.91,52.95,48.85,50,784022
2022-02-28T05:00:00Z,50.42,53.17,49.95,52.375,944674
2022-02-25T05:00:00Z,49.97,52,48.285,51.99,808805
2022-02-24T05:00:00Z,40.77,49.84,40.62,49.65,1486202
2022-02-23T05:00:00Z,50.25,50.6,45,45.1,955425
2022-02-22T05:00:00Z,49.06,51.49,47.22,48.87,888081
2022-02-18T05:00:00Z,52.59,52.78,49.34,50.34,789554
2022-02-17T05:00:00Z,55.82,56.04,51.98,52.125,539196
2022-02-16T05:00:00Z,56.22,57.78,54.74,57.28,668544
2022-02-15T05:00:00Z,55.81,57.44,55.35,57.405,542465
2022-02-14T05:00:00Z,52.925,54.94,51.7,53.4,523632
2022-02-11T05:00:00Z,58.76,59.545,52.56,53.27,1050808
2022-02-10T05:00:00Z,59.33,62.9,57.81,58.82,799653
2022-02-09T05:00:00Z,61.61,63.07,60.8,63,450399
2022-02-08T05:00:00Z,56.86,59.805,56.23,59.3,553060
2022-02-07T05:00:00Z,59.19,60.25,56.735,57.295,549638
2022-02-04T05:00:00Z,57.06,60.4,55.94,58.84,761361
2022-02-03T05:00:00Z,59.27,61.06,56.14,56.565,542850
2022-02-02T05:00:00Z,65.24,65.33,62.36,64.56,556256
2022-02-01T05:00:00Z,62.36,63.345,59.775,63.03,443851
2022-01-31T05:00:00Z,57.02,62,56.23,61.99,555860
2022-01-28T05:00:00Z,52.41,56.435,50.115,56.435,859633
2022-01-27T05:00:00Z,55.47,56.19,51.05,51.455,640489
2022-01-26T05:00:00Z,57.08,58.82,51.4,53.425,888538
2022-01-25T05:00:00Z,54.17,56.26,51.81,53.3,617418
2022-01-24T05:00:00Z,53.64,57.735,48.2,57.61,1155110
2022-01-21T05:00:00Z,60.59,62,56.56,56.56,680987
2022-01-20T05:00:00Z,66.19,68.13,61.52,61.73,353391
2022-01-19T05:00:00Z,67.285,68.6,64.215,64.26,322228
2022-01-18T05:00:00Z,68.46,69.695,66.23,66.57,338489
2022-01-14T05:00:00Z,69.13,72.04,69.13,72.035,306770
2022-01-13T05:00:00Z,77.19,77.435,70.055,70.24,315576
2022-01-12T05:00:00Z,154.05,155.87,149.95,152.34,226789
2022-01-11T05:00:00Z,143.5,151.02,141.14,150.87,309634
2022-01-10T05:00:00Z,138.12,144.91,132.1,144.48,290040
2022-01-07T05:00:00Z,148.69,150.78,142.025,144,201957
2022-01-06T05:00:00Z,147.025,152.73,144.485,149.02,306000
2022-01-05T05:00:00Z,162.19,163.63,149.02,149.02,220022
2022-01-04T05:00:00Z,171.63,171.76,160.54,164.67,144885
2022-01-03T05:00:00Z,167.86,171.38,165.19,171.14,118632
2021-12-31T05:00:00Z,168.73,170.36,165.78,165.98,100895
2021-12-30T05:00:00Z,171.31,173.65,168.79,168.84,77929
2021-12-29T05:00:00Z,171.48,172.86,168.01,171.2,76428
2021-12-28T05:00:00Z,174.81,174.95,170.05,170.75,189338
2021-12-27T05:00:00Z,167.01,173.48,167.01,173.475,61922
2021-12-23T05:00:00Z,162.32,167.17,162,165.58,124004
2021-12-22T05:00:00Z,155.39,161.975,154.86,161.88,104137
2021-12-21T05:00:00Z,150.2,156.26,145.74,156.23,148331
2021-12-20T05:00:00Z,144.78,147.22,142.63,145.95,155817
2021-12-17T05:00:00Z,148.75,155.735,147,150.955,143729
2021-12-16T05:00:00Z,167.09,167.59,151.04,153.29,299063
2021-12-15T05:00:00Z,155.13,166.16,150.21,166.16,224461
2021-12-14T05:00:00Z,154.13,157.43,150,154.62,152713
2021-12-13T05:00:00Z,167.56,167.64,159.865,159.87,125292
2021-12-10T05:00:00Z,165.96,167.74,161.85,167.74,190985
2021-12-09T05:00:00Z,168.48,170.37,162.18,162.42,128949
2021-12-08T05:00:00Z,167.99,170,165.59,170,156717
2021-12-07T05:00:00Z,161.74,168.16,161.74,167.54,60582
2021-12-06T05:00:00Z,150.59,155.195,145.68,153.9,170575
2021-12-03T05:00:00Z,159.71,161.14,145.01,150.36,217768
2021-12-02T05:00:00Z,152.97,160.51,151.8,158.2,237730
2021-12-01T05:00:00Z,169.19,171.62,154.55,154.55,440364
2021-11-30T05:00:00Z,169.63,172.57,160.72,163.22,236271
2021-11-29T05:00:00Z,166.34,172.15,165.46,170.86,166599
2021-11-26T05:00:00Z,166.68,168.64,158.86,160.25,183136
2021-11-24T05:00:00Z,165.43,170.51,162.4,170.48,228127
2021-11-23T05:00:00Z,169.39,172.09,162.815,168.83,254022
2021-11-22T05:00:00Z,179.37,183.3,170.87,170.895,222720
2021-11-19T05:00:00Z,176.58,178.6,175.35,177.21,108799
2021-11-18T05:00:00Z,171.71,174.86,168.99,174.31,95604
2021-11-17T05:00:00Z,169.22,171.66,167.84,168.96,77825
2021-11-16T05:00:00Z,164.44,169.39,164.37,168.81,82802
2021-11-15T05:00:00Z,166.8,167.26,162.19,165.32,102018
2021-11-12T05:00:00Z,161.86,166.06,159.76,165.51,125669
2021-11-11T05:00:00Z,162.71,162.91,160.11,160.49,50590
2021-11-10T05:00:00Z,162.62,166.34,156.73,159.195,229941
2021-11-09T05:00:00Z,171.41,171.59,164.64,166.24,157440
2021-11-08T05:00:00Z,170.62,171.78,169.1,169.8,30261
2021-11-05T04:00:00Z,171.93,173.44,168.945,170.42,114053
2021-11-04T04:00:00Z,165.4,171.34,164.77,170.1,156443
2021-11-03T04:00:00Z,159.81,164.16,158.27,163.835,109600
2021-11-02T04:00:00Z,155.97,159.27,155.97,158.88,65963
2021-11-01T04:00:00Z,155.84,156.85,153.41,156.85,64590
2021-10-29T04:00:00Z,148.78,155.38,148.78,155.38,102160
2021-10-28T04:00:00Z,150.25,152.99,149.63,152.96,170915
2021-10-27T04:00:00Z,147.62,151.68,147.38,148.135,132540
2021-10-26T04:00:00Z,148.33,151.095,145.7,146.95,98175
2021-10-25T04:00:00Z,143.08,146.68,140.84,145.29,72258
2021-10-22T04:00:00Z,143.28,144.61,139.36,141.24,162659
2021-10-21T04:00:00Z,141.73,145.18,141.28,145.18,137068
2021-10-20T04:00:00Z,143.61,144.19,140.79,142.245,100440
2021-10-19T04:00:00Z,141.16,142.95,140.35,142.9,67200
2021-10-18T04:00:00Z,134.27,139.96,133.82,139.94,78405
2021-10-15T04:00:00Z,134.81,135.81,133.65,135.79,71271
2021-10-14T04:00:00Z,130.2,133.39,129.55,133.17,90562
2021-10-13T04:00:00Z,125.81,126.855,123.66,126.05,109996
2021-10-12T04:00:00Z,126.09,126.58,122.64,123.44,214115
2021-10-11T04:00:00Z,125.81,129.62,124.815,124.825,143827
2021-10-08T04:00:00Z,130.72,130.9,127.01,127.45,196143
2021-10-07T04:00:00Z,129.33,132.3,128.99,129.37,108663
2021-10-06T04:00:00Z,120.1,126.24,119.29,126.24,211594
2021-10-05T04:00:00Z,120.07,125.925,119.73,123.54,120376
2021-10-04T04:00:00Z,125.09,125.48,116.5,118.795,186427
2021-10-01T04:00:00Z,125.29,127.87,120.92,126.48,243659
2021-09-30T04:00:00Z,127.77,129.48,124.56,125.03,149426
2021-09-29T04:00:00Z,127.77,130.18,125.44,125.94,127314
2021-09-28T04:00:00Z,133.01,133.88,126.1,126.66,186160
2021-09-27T04:00:00Z,138.06,139.33,135.52,138.3,118583
2021-09-24T04:00:00Z,138.67,142.16,138.33,141.93,72597
2021-09-23T04:00:00Z,138.93,142.52,138.47,141.34,79204
2021-09-22T04:00:00Z,135.05,139.11,133.64,137.56,143827
2021-09-21T04:00:00Z,135.6,136.59,132.6,134.34,73275
2021-09-20T04:00:00Z,135.21,137.32,128.01,133.285,128508
2021-09-17T04:00:00Z,146.55,146.55,141.06,142.49,114487
2021-09-16T04:00:00Z,145.7,148.08,143.37,147.5,62761
2021-09-15T04:00:00Z,145.02,147.49,141.83,146.95,108167
2021-09-14T04:00:00Z,147.11,147.76,142.87,143.65,83289
2021-09-13T04:00:00Z,147.935,148.51,142.84,145.15,47964
2021-09-10T04:00:00Z,151.33,151.72,145.22,145.3,47323
2021-09-09T04:00:00Z,150.79,151.96,148.65,148.7,20956
2021-09-08T04:00:00Z,151.78,151.78,147.78,150.235,38252
2021-09-07T04:00:00Z,151.59,152.81,150.5,152.09,41367
2021-09-03T04:00:00Z,149.23,151.8,148.82,151.43,31771
2021-09-02T04:00:00Z,152.08,152.08,148.67,149.92,52605
2021-09-01T04:00:00Z,150.87,152.67,150.08,150.24,52347
2021-08-31T04:00:00Z,150.22,150.22,147.88,149.56,53632
2021-08-30T04:00:00Z,146,150.49,146,150.01,43197
2021-08-27T04:00:00Z,141.68,145.6,141.5,145.2,52575
2021-08-26T04:00:00Z,142.74,143.46,140.58,140.96,70671
2021-08-25T04:00:00Z,143.47,144.25,142.63,143.48,45259
2021-08-24T04:00:00Z,142.74,143.9,142.11,143.2,31291
2021-08-23T04:00:00Z,137.1,142.66,137.02,141.76,43641
2021-08-20T04:00:00Z,133.01,136.26,132.9,135.96,51739
2021-08-19T04:00:00Z,127.49,133.52,127.46,131.73,114551
2021-08-18T04:00:00Z,132.98,134.66,129.52,129.65,84978
2021-08-17T04:00:00Z,134.27,135.25,130.99,133.65,103862
2021-08-16T04:00:00Z,136.08,137.295,131.73,137.295,63349
2021-08-13T04:00:00Z,136.22,137.56,135.87,137.19,28498
2021-08-12T04:00:00Z,133.79,136.16,132.25,135.92,26233
2021-08-11T04:00:00Z,136.45,137,132.96,134.25,32593
2021-08-10T04:00:00Z,137.79,138.08,133.85,134.98,42634
2021-08-09T04:00:00Z,137.18,137.74,135.82,137.12,31219
2021-08-06T04:00:00Z,136.9,137.71,135.17,136.49,34447
2021-08-05T04:00:00Z,136.61,138.42,135.93,138.42,42437
2021-08-04T04:00:00Z,135,136.66,134,135.86,37973
2021-08-03T04:00:00Z,133.73,135.1,129.98,135.07,68752
2021-08-02T04:00:00Z,134.55,135.11,132.1,132.55,40747
2021-07-30T04:00:00Z,130.4,133.295,130.32,132.45,48958
2021-07-29T04:00:00Z,133.66,136.1,133.64,134.93,38248
2021-07-28T04:00:00Z,133.73,135.65,131.3,134.35,94930
2021-07-27T04:00:00Z,136.79,136.79,127.92,132.52,101294
2021-07-26T04:00:00Z,136.03,137.53,135.22,137.1,45521
2021-07-23T04:00:00Z,133.865,137.08,132.5,136.7,67166
2021-07-22T04:00:00Z,129.89,132.14,129.88,132.08,56891
2021-07-21T04:00:00Z,126.29,129.41,126.08,129.3,65443
2021-07-20T04:00:00Z,123.64,128.26,121.73,126.77,90794
2021-07-19T04:00:00Z,121.8,122.92,119.73,121.85,188801
2021-07-16T04:00:00Z,129.69,130.64,125.23,125.44,98790
2021-07-15T04:00:00Z,131.4,131.52,126.51,128.46,93858
2021-07-14T04:00:00Z,133.3,134,130.65,131.08,70713
2021-07-13T04:00:00Z,130.31,133.91,129.96,130.355,70107
2021-07-12T04:00:00Z,130.98,131.07,129.15,130.75,47045
2021-07-09T04:00:00Z,126.35,129.66,125.78,129.27,67649
2021-07-08T04:00:00Z,123.29,127.68,122.4,126.98,100068
2021-07-07T04:00:00Z,130.97,131.22,127.2,129.15,54512
2021-07-06T04:00:00Z,127.54,128.64,124.6,128.44,55822
2021-07-02T04:00:00Z,124.6,127.12,124.54,126.79,42276
2021-07-01T04:00:00Z,121.775,123.11,120.65,122.56,112533
2021-06-30T04:00:00Z,122.815,123.24,121.85,122.63,81085
2021-06-29T04:00:00Z,121.55,123.045,120.75,122.99,105132
2021-06-28T04:00:00Z,118.85,121.86,118.755,121.73,86344
2021-06-25T04:00:00Z,118.42,118.665,116.89,117.485,46361
2021-06-24T04:00:00Z,117.755,119.29,117.4,117.89,45866
2021-06-23T04:00:00Z,115.79,116.945,114.93,115.7,61930
2021-06-22T04:00:00Z,112.39,116.03,112.03,115.585,43444
2021-06-21T04:00:00Z,110.7,112.71,108.44,112.54,88763
2021-06-18T04:00:00Z,111.66,112.48,109.74,110.24,67537
2021-06-17T04:00:00Z,107.97,114.03,107.97,113.32,57198
2021-06-16T04:00:00Z,110.62,111.59,105.53,108.88,127736
2021-06-15T04:00:00Z,111.68,112.11,109.53,109.87,30212
2021-06-14T04:00:00Z,109.51,112.205,108.88,112.205,48750
2021-06-11T04:00:00Z,108.4,109.16,107.77,109.16,48994
2021-06-10T04:00:00Z,105.49,108.47,105.05,108.41,45197
2021-06-09T04:00:00Z,106.4,106.97,105,105.15,19241
2021-06-08T04:00:00Z,106.58,107.345,103.485,105.045,28019
2021-06-07T04:00:00Z,103.45,104.93,102.95,104.88,25367
2021-06-04T04:00:00Z,100.76,104.36,100.76,104,41777
2021-06-03T04:00:00Z,99.49,100.625,97.41,98.88,40648
2021-06-02T04:00:00Z,101.98,102.94,100.57,102.15,29762
2021-06-01T04:00:00Z,103.77,103.86,100.35,101.53,33866
2021-05-28T04:00:00Z,102.95,104.06,102.33,102.46,34292
2021-05-27T04:00:00Z,102.46,103.01,101.52,102.13,30414
2021-05-26T04:00:00Z,102.38,103.15,101.85,102.595,31157
2021-05-25T04:00:00Z,103.07,103.44,100.79,101.73,41013
2021-05-24T04:00:00Z,98.55,102.29,98.55,101.21,68091
2021-05-21T04:00:00Z,99.53,99.77,96.12,96.28,61289
2021-05-20T04:00:00Z,93.99,98.84,93.83,98.22,71031
2021-05-19T04:00:00Z,87.59,92.98,87.4,92.9,54853
2021-05-18T04:00:00Z,95.29,96.25,92.27,92.27,236863
2021-05-17T04:00:00Z,94.48,94.98,91.83,94.34,66288
2021-05-14T04:00:00Z,93.04,96.875,92.47,96.13,269865
2021-05-13T04:00:00Z,90.73,92.61,88.16,90.13,274729
2021-05-12T04:00:00Z,90.83,93.13,87.33,88.15,200136
2021-05-11T04:00:00Z,90.18,96.19,90.17,95.67,334383
2021-05-10T04:00:00Z,102.65,102.65,95.81,95.94,176846
2021-05-07T04:00:00Z,104.03,106.01,102.81,103.95,243312
2021-05-06T04:00:00Z,98.82,101.4,97.27,101.4,49069
2021-05-05T04:00:00Z,102.13,102.81,98.49,98.915,329333
2021-05-04T04:00:00Z,103.4,103.54,96.6,99.935,86580
2021-05-03T04:00:00Z,108.66,109.225,105.5,105.72,31316
2021-04-30T04:00:00Z,107.06,109.73,106.78,107.03,43887
2021-04-29T04:00:00Z,112.01,112.19,106.66,109.67,55641
2021-04-28T04:00:00Z,109.41,110.2,108.07,108.29,34730
2021-04-27T04:00:00Z,111.25,111.45,109,109.86,50558
2021-04-26T04:00:00Z,109.32,111.46,108.57,111.11,70465
2021-04-23T04:00:00Z,105.82,110.24,105.82,109.16,51889
2021-04-22T04:00:00Z,108.81,109.57,103.96,105.12,92344
2021-04-21T04:00:00Z,105.01,109.22,104.82,109.08,47200
2021-04-20T04:00:00Z,108.365,108.96,104.43,106.07,68693
2021-04-19T04:00:00Z,110.23,111.33,106.76,108.4,49555
2021-04-16T04:00:00Z,111.68,111.96,110.04,111.79,23183
2021-04-15T04:00:00Z,109.46,111.75,109.26,111.31,42177
2021-04-14T04:00:00Z,110.77,110.77,105.9,106.07,41078
2021-04-13T04:00:00Z,108.17,111,108.17,110.67,38358
2021-04-12T04:00:00Z,106.15,107.13,105.25,106.74,31665
2021-04-09T04:00:00Z,104.09,107.41,103.49,107.18,162275
2021-04-08T04:00:00Z,104.78,105.32,104.21,105.27,70255
2021-04-07T04:00:00Z,101.03,102.97,100.24,102.12,270020
2021-04-06T04:00:00Z,101.36,103.13,100.88,101.41,35481
2021-04-05T04:00:00Z,98.31,102.21,98.06,101.855,40821
2021-04-01T04:00:00Z,94.61,96.03,94.52,95.965,128052
2021-03-31T04:00:00Z,88.82,92.58,88.69,91.21,133190
2021-03-30T04:00:00Z,86.96,87.76,85,86.57,80360
2021-03-29T04:00:00Z,88.29,89.48,85.94,88.21,59984
2021-03-26T04:00:00Z,85.1,88.85,83.925,88.85,77452
2021-03-25T04:00:00Z,83.82,86.13,81.7,84.93,256945
2021-03-24T04:00:00Z,91.04,91.04,85.395,85.475,24719
2021-03-23T04:00:00Z,91.65,93.13,89.2,89.73,178792
2021-03-22T04:00:00Z,89.09,92.8,88.91,91.14,83306
2021-03-19T04:00:00Z,85.33,87.53,83.59,86.66,54385
2021-03-18T04:00:00Z,89.61,90.27,84.98,85.3,112153
2021-03-17T04:00:00Z,89.9,95.68,88.715,93.99,192612
2021-03-16T04:00:00Z,93.4,95.95,91.67,92.93,118993
2021-03-15T04:00:00Z,88.75,91.5,87.39,91.5,26755
2021-03-12T05:00:00Z,87.17,88.65,85.15,88.585,71421
2021-03-11T05:00:00Z,89.13,92.165,88.17,90.74,47961
2021-03-10T05:00:00Z,89.07,89.34,84.32,84.88,65869
2021-03-09T05:00:00Z,82.67,87.11,82.05,85.62,54194
2021-03-08T05:00:00Z,83.25,84.845,76.34,76.34,72608
2021-03-05T05:00:00Z,82.43,84.32,75.08,84.32,77962
2021-03-04T05:00:00Z,83.88,86.56,77.09,79.87,203357
2021-03-03T05:00:00Z,91.22,92.07,84.3,84.35,103954
2021-03-02T05:00:00Z,97.35,97.5,92.11,92.18,39778
2021-03-01T05:00:00Z,93.42,97.16,92.35,97.16,80889
2021-02-26T05:00:00Z,90.4,92.94,86.39,90.01,110946
2021-02-25T05:00:00Z,95.65,98,86.48,87.785,171333
2021-02-24T05:00:00Z,93.29,98.39,90.975,98.39,195467
2021-02-23T05:00:00Z,91.68,97.35,86.47,96.18,251429
2021-02-22T05:00:00Z,100.41,101.68,96.6,96.72,135962
2021-02-19T05:00:00Z,107.25,107.55,103.9,104.77,92771
2021-02-18T05:00:00Z,104.05,106.88,102.37,106.05,81168
2021-02-17T05:00:00Z,106.24,107.88,104.18,107.61,147574
2021-02-16T05:00:00Z,111.02,111.805,108.14,109.37,170476
2021-02-12T05:00:00Z,107.46,110.2,106.51,110.14,49700
2021-02-11T05:00:00Z,108.27,108.72,106.165,108.5,67221
2021-02-10T05:00:00Z,108.915,109.02,103.53,106.28,93182
2021-02-09T05:00:00Z,106.55,108.51,106.55,107.35,31209
2021-02-08T05:00:00Z,107.03,107.47,105.63,107.38,47631
2021-02-05T05:00:00Z,104.9,106.07,103.745,105.28,27191
2021-02-04T05:00:00Z,102.22,104.19,101.09,104.19,31673
2021-02-03T05:00:00Z,102.64,103.84,100.82,100.96,95162
2021-02-02T05:00:00Z,99.89,102.89,99.84,102.03,62807
2021-02-01T05:00:00Z,93.56,97.97,91.8,97.74,80483
2021-01-29T05:00:00Z,95,95.645,88.84,90.51,145655
2021-01-28T05:00:00Z,96.26,100.86,95.5,96.79,64084
2021-01-27T05:00:00Z,101.09,101.11,93,94.65,169123
2021-01-26T05:00:00Z,103.73,104.5,102.25,103.51,35376
2021-01-25T05:00:00Z,103.845,105.01,96.88,103.27,92671
2021-01-22T05:00:00Z,100.53,101.45,99.98,101.095,23826
2021-01-21T05:00:00Z,100.14,102.09,99.28,101.58,77363
2021-01-20T05:00:00Z,191.83,199.67,191.44,199.01,9474
2021-01-19T05:00:00Z,182.09,185.89,179.75,185.28,24066
2021-01-15T05:00:00Z,181.28,182.98,175.69,177.39,25927
2021-01-14T05:00:00Z,185.73,187.26,181.13,181.72,20536
2021-01-13T05:00:00Z,182.06,186,180.81,184.79,28081
2021-01-12T05:00:00Z,182.01,183.98,176.62,181.96,127466
2021-01-11T05:00:00Z,184.78,186.9,180.91,181.84,29001
2021-01-08T05:00:00Z,187.6,190.66,183.61,190.66,37323
2021-01-07T05:00:00Z,175.57,184.465,175.57,183.88,14548
2021-01-06T05:00:00Z,169.53,178.2,168.29,170.89,34589
2021-01-05T05:00:00Z,173.37,178.54,173.37,178.13,35558
2021-01-04T05:00:00Z,184.19,184.19,167.17,173.37,51543
2020-12-31T05:00:00Z,180.36,182.3,179.03,182.12,18239
2020-12-30T05:00:00Z,182.79,182.79,179.78,180.17,6865
2020-12-29T05:00:00Z,182.32,183.21,179.03,179.84,19962
2020-12-28T05:00:00Z,179.2,180.62,176.47,179.96,9781
2020-12-24T05:00:00Z,173.34,175.395,173.21,174.65,6904
2020-12-23T05:00:00Z,175.36,175.52,172.33,172.33,13964
2020-12-22T05:00:00Z,174.83,176.5,170.7,174.76,17977
2020-12-21T05:00:00Z,169.33,174.29,165.08,173.5,27085
2020-12-18T05:00:00Z,177.39,177.74,170.75,175.07,26910
2020-12-17T05:00:00Z,175.74,176.63,174.47,176.4,17926
2020-12-16T05:00:00Z,170.44,174.08,169.01,172.87,18809
2020-12-15T05:00:00Z,168.67,169.96,165.11,169.96,16695
2020-12-14T05:00:00Z,163.59,167.87,163.59,164.39,23447
2020-12-11T05:00:00Z,159.695,161.47,156.1,160.76,29314
2020-12-10T05:00:00Z,157.15,164.175,155.33,162.6,39878
2020-12-09T05:00:00Z,171.8,172.08,158.88,161.02,43441
2020-12-08T05:00:00Z,170.04,172.6,166.71,172.22,21289
2020-12-07T05:00:00Z,167.66,170.69,167.66,170.5,21655
2020-12-04T05:00:00Z,165.6,167.71,164.51,167.575,15530
2020-12-03T05:00:00Z,165.99,167.695,164.5,164.89,16809
2020-12-02T05:00:00Z,161.97,165.3,159.27,164.64,16724
2020-12-01T05:00:00Z,161.69,166.8,160.24,164.84,38092
2020-11-30T05:00:00Z,157.82,158.62,150.66,158.12,48117
2020-11-27T05:00:00Z,156.015,158.955,155.86,156.815,114891
2020-11-25T05:00:00Z,152.15,154,150.53,153.12,123446
2020-11-24T05:00:00Z,145.79,150.92,143.89,150.41,22220
2020-11-23T05:00:00Z,146.36,147.68,140.97,144.19,16204
2020-11-20T05:00:00Z,146.52,148.21,144.25,144.25,8986
2020-11-19T05:00:00Z,142.92,147.48,142.28,147.34,17068
2020-11-18T05:00:00Z,146.3,148.67,143.95,143.95,11371
2020-11-17T05:00:00Z,148.68,149.07,146.38,146.87,19217
2020-11-16T05:00:00Z,143.86,148.71,143.86,147.99,12225
2020-11-13T05:00:00Z,144.37,145.76,140.84,145.47,12427
2020-11-12T05:00:00Z,144.91,146.87,139.86,140.94,26730
2020-11-11T05:00:00Z,138.03,144.04,137.65,143.6,28773
2020-11-10T05:00:00Z,137.14,139.16,130.65,135.01,64437
2020-11-09T05:00:00Z,156.1,157.025,141.555,141.775,25540
2020-11-06T05:00:00Z,149.91,152.47,144.11,151.68,29352
2020-11-05T05:00:00Z,149.65,152.3,147.75,151.17,33812
2020-11-04T05:00:00Z,135.64,142.47,134.3,139.97,59904
2020-11-03T05:00:00Z,120.06,126.275,119.27,123.89,59232
2020-11-02T05:00:00Z,119.52,121.96,113.8,117.26,34190
2020-10-30T04:00:00Z,123.625,124.55,113.615,116.8,54956
2020-10-29T04:00:00Z,123,130.055,121.27,127.02,47462
2020-10-28T04:00:00Z,129.13,129.88,119.965,120.09,58340
2020-10-27T04:00:00Z,134.26,137.06,132.7,136.03,39849
2020-10-26T04:00:00Z,136.41,139.66,127.6,132.77,66846
2020-10-23T04:00:00Z,137.18,139.265,135.61,139.21,14286
2020-10-22T04:00:00Z,139.88,140.92,134.14,138.125,24279
2020-10-21T04:00:00Z,139.17,142.3,137.91,138.44,28972
2020-10-20T04:00:00Z,138.7,143.21,136.88,138.92,49171
2020-10-19T04:00:00Z,147.92,148.8,136.63,137.5,33466
2020-10-16T04:00:00Z,149.5,152.2,145.55,145.55,28081
2020-10-15T04:00:00Z,142.81,148.345,141.95,147.23,35612
2020-10-14T04:00:00Z,154.55,156.72,147.66,150.59,34311
2020-10-13T04:00:00Z,156.44,158.09,152.39,154.68,53811
2020-10-12T04:00:00Z,148.25,158.58,147,154.55,68872
2020-10-09T04:00:00Z,137.42,141.37,137.42,141.37,26932
2020-10-08T04:00:00Z,136.23,136.23,133.77,135.205,15793
2020-10-07T04:00:00Z,130.39,133.84,129.74,133.66,12569
2020-10-06T04:00:00Z,133.09,135,125.25,126.44,35876
2020-10-05T04:00:00Z,128.4,134,128.4,133.95,21899
2020-10-02T04:00:00Z,127.88,133.44,125.27,125.91,193002
2020-10-01T04:00:00Z,136.495,137.88,133.83,136.97,17618
2020-09-30T04:00:00Z,129.21,135.415,128.805,131.6,99550
2020-09-29T04:00:00Z,129.25,130.47,127.87,128.53,16849
2020-09-28T04:00:00Z,128.76,129.595,125.9,129.4,22584
2020-09-25T04:00:00Z,115.26,123.34,113.21,122.68,21487
2020-09-24T04:00:00Z,109.69,118.12,109.57,114.51,44622
2020-09-23T04:00:00Z,123.68,124,111.845,112.73,28764
2020-09-22T04:00:00Z,121.04,124.91,116.96,124.49,29091
2020-09-21T04:00:00Z,111.74,117.83,108.93,117.83,37420
2020-09-18T04:00:00Z,122.95,123.25,111.22,116.5,39557
2020-09-17T04:00:00Z,117.38,123.73,116.33,120.66,130945
2020-09-16T04:00:00Z,134.59,134.86,126.68,126.68,20685
2020-09-15T04:00:00Z,133.56,135.025,131.24,133.57,43000
2020-09-14T04:00:00Z,127.32,130.3,125.38,128.17,19389
2020-09-11T04:00:00Z,128.01,128.01,117,122.05,63834
2020-09-10T04:00:00Z,136.49,137.96,121.89,123.84,85430
2020-09-09T04:00:00Z,129.13,134.62,126.2,132.29,34811
2020-09-08T04:00:00Z,124.73,133.66,121.2,121.2,80898
2020-09-04T04:00:00Z,144.66,150.08,124.05,142.47,99796
2020-09-03T04:00:00Z,166.14,166.14,143.15,148.2,69894
2020-09-02T04:00:00Z,175.51,175.51,164.98,175.31,58593
2020-09-01T04:00:00Z,165.82,169.28,163.8,169.26,19882
2020-08-31T04:00:00Z,158.73,164.24,157.91,162.35,8149
2020-08-28T04:00:00Z,157.52,158.48,155.63,157.79,10007
2020-08-27T04:00:00Z,158.53,159.16,151.81,155.46,33000
2020-08-26T04:00:00Z,149.535,157.01,149.35,156.73,14707
2020-08-25T04:00:00Z,142.92,147.26,142.195,147.26,11875
2020-08-24T04:00:00Z,146.48,147.37,140.765,143.21,39737
2020-08-21T04:00:00Z,138.87,141.76,138.18,141.44,15359
2020-08-20T04:00:00Z,131.8,138.86,131.45,138.73,10207
2020-08-19T04:00:00Z,136.03,137.07,132.52,132.94,12430
2020-08-18T04:00:00Z,134.105,136.07,131.56,135.67,8248
2020-08-17T04:00:00Z,130.08,132.275,129.88,131.62,11068
2020-08-14T04:00:00Z,128.82,128.82,125.835,127.6,12222
2020-08-13T04:00:00Z,129.345,130.99,126.67,127.94,5651
2020-08-12T04:00:00Z,121.29,128.28,121.29,127.12,14292
2020-08-11T04:00:00Z,123.62,125.11,117.71,118.17,22302
2020-08-10T04:00:00Z,127.44,127.555,120.55,124.96,12325
2020-08-07T04:00:00Z,130.33,131.74,123.89,126.87,19066
2020-08-06T04:00:00Z,126.43,131.45,125.48,131.075,6098
2020-08-05T04:00:00Z,126.035,126.84,125.24,126.52,6074
2020-08-04T04:00:00Z,123.68,125.43,122.51,125.36,11876
2020-08-03T04:00:00Z,122.37,124.96,122.29,124.27,12684
2020-07-31T04:00:00Z,119.45,119.45,113.19,119.22,26352
2020-07-30T04:00:00Z,108.66,113.8,107.45,113.21,32104
2020-07-29T04:00:00Z,109.69,112.5,109.565,111.52,25047
2020-07-28T04:00:00Z,111.115,111.675,107.6,107.78,43390
2020-07-27T04:00:00Z,108.47,112.54,107.97,111.86,49857
