2024-06-14T04:00:00Z,185.8,185.97,176.93,178.01,582519
2024-06-13T04:00:00Z,188.275,191.01,181.325,182.4,995522
2024-06-12T04:00:00Z,171.185,180.51,169.94,177.31,1073621
2024-06-11T04:00:00Z,173.88,174.47,167.46,170.58,460684
2024-06-10T04:00:00Z,176.02,178.515,173.18,173.89,394930
2024-06-07T04:00:00Z,176.26,179.32,175.585,177.47,309544
2024-06-06T04:00:00Z,174.44,179.63,172.76,177.99,506074
2024-06-05T04:00:00Z,175.35,176.13,172.195,174.96,392401
2024-06-04T04:00:00Z,174.73,177.755,174.02,174.78,394650
2024-06-03T04:00:00Z,178.03,182.575,174.505,176.24,378058
2024-05-31T04:00:00Z,178.44,180.25,173.865,178.12,306751
2024-05-30T04:00:00Z,178.46,182.615,175.47,178.765,660233
2024-05-29T04:00:00Z,174.15,178.04,174,176.26,406861
2024-05-28T04:00:00Z,176.32,178.15,173.33,176.74,390485
2024-05-24T04:00:00Z,174.835,180.06,173.935,179.25,387999
2024-05-23T04:00:00Z,181.52,181.52,173.31,173.79,526964
2024-05-22T04:00:00Z,182.765,183.48,178.22,180.19,403411
2024-05-21T04:00:00Z,174.85,186.875,174.82,186.63,1053089
2024-05-20T04:00:00Z,177.57,177.65,173.52,175,425628
2024-05-17T04:00:00Z,173.475,179.62,172.775,177.54,547091
2024-05-16T04:00:00Z,174.06,175.77,171.5,174.86,390581
2024-05-15T04:00:00Z,179.78,179.78,173.19,174.07,383784
2024-05-14T04:00:00Z,174.535,179.465,174.11,177.64,479762
2024-05-13T04:00:00Z,169.98,175.14,169.05,171.92,379059
2024-05-10T04:00:00Z,173.01,173.02,167.75,168.49,488394
2024-05-09T04:00:00Z,174.965,175.54,171.4,171.98,428401
2024-05-08T04:00:00Z,171.55,176.03,170.15,174.69,560664
2024-05-07T04:00:00Z,182.76,183.15,177.4,177.9,367976
2024-05-06T04:00:00Z,183.995,187.52,182.25,184.89,422347
2024-05-03T04:00:00Z,182.08,184.62,178.46,181.25,461648
2024-05-02T04:00:00Z,182.99,184.5,176.05,180.12,612003
2024-05-01T04:00:00Z,181.97,185.805,179.11,180.01,471006
2024-04-30T04:00:00Z,186.96,190.83,182.86,183.34,898567
2024-04-29T04:00:00Z,188.44,198.86,184.585,194.08,2804150
2024-04-26T04:00:00Z,168.925,172.05,166.38,168.23,631963
2024-04-25T04:00:00Z,158.89,170.75,158.38,170.29,923933
2024-04-24T04:00:00Z,162.88,167.96,157.61,162.11,2039422
2024-04-23T04:00:00Z,143.17,147.21,141.15,144.63,724804
2024-04-22T04:00:00Z,140.61,144.38,138.855,142.04,885865
2024-04-19T04:00:00Z,148.89,150.76,146.24,147.01,804722
2024-04-18T04:00:00Z,151.25,152.2,148.74,149.89,688032
2024-04-17T04:00:00Z,157.67,158.3,153.81,155.45,567716
2024-04-16T04:00:00Z,156.67,158.17,153.785,157.07,786851
2024-04-15T04:00:00Z,170.19,170.59,161.38,161.5,832034
2024-04-12T04:00:00Z,172.31,173.75,170.375,171.06,620583
2024-04-11T04:00:00Z,172.53,175.87,168.57,174.6,950658
2024-04-10T04:00:00Z,173.03,174.9,170.02,171.78,477427
2024-04-09T04:00:00Z,172.98,179.175,172.07,176.96,578735
2024-04-08T04:00:00Z,169.33,174.45,167.8,172.99,734889
2024-04-05T04:00:00Z,169.175,170.825,160.58,164.86,1662946
2024-04-04T04:00:00Z,170.21,177.115,168.03,171.18,872460
2024-04-03T04:00:00Z,164.01,168.76,163.3,168.42,870292
2024-04-02T04:00:00Z,164.74,167.69,163.48,166.64,1274571
2024-04-01T04:00:00Z,176.13,176.72,170.24,175.25,773036
2024-03-28T04:00:00Z,177.54,179.54,175.34,175.72,461630
2024-03-27T04:00:00Z,181.44,181.89,176.03,179.88,508592
2024-03-26T04:00:00Z,178.625,184.23,177.38,177.7,971088
2024-03-25T04:00:00Z,168.74,175.13,168.74,172.64,596544
2024-03-22T04:00:00Z,166.8,171.17,166.345,170.8,465002
2024-03-21T04:00:00Z,176.36,178.15,171.81,172.77,467540
2024-03-20T04:00:00Z,172.84,176.225,170.855,175.56,556914
2024-03-19T04:00:00Z,172.19,172.745,167.445,171.345,702247
2024-03-18T04:00:00Z,170.09,174.62,165.91,173.79,1051923
2024-03-15T04:00:00Z,162.87,165.11,160.8,163.6,789946
2024-03-14T04:00:00Z,167.58,171.07,160.54,162.51,1214261
2024-03-13T04:00:00Z,173.05,175.98,169.16,169.5,655848
2024-03-12T04:00:00Z,177.7,179.41,172.43,177.44,526513
2024-03-11T04:00:00Z,175.37,182.76,174.91,177.86,554542
2024-03-08T05:00:00Z,181.55,182.71,174.72,175.27,498625
2024-03-07T05:00:00Z,174.31,180,173.75,178.58,701727
2024-03-06T05:00:00Z,180.03,181.53,173.715,176.48,759003
2024-03-05T05:00:00Z,182.87,184.445,177.57,180.83,905284
2024-03-04T05:00:00Z,198.69,199.62,186.76,188.21,769127
2024-03-01T05:00:00Z,200.53,204.43,198.5,202.6,389014
2024-02-29T05:00:00Z,204.13,205.26,198.5,201.81,390956
2024-02-28T05:00:00Z,200.285,205.125,198.55,202.09,390818
2024-02-27T05:00:00Z,203.75,205.5,198.27,199.79,559779
2024-02-26T05:00:00Z,192.15,201.75,192.035,199.39,597446
2024-02-23T05:00:00Z,195.16,197.47,191.73,191.97,445127
2024-02-22T05:00:00Z,194.12,198.3,191.41,197.34,734721
2024-02-21T05:00:00Z,193.15,199.425,191.98,194.77,435707
2024-02-20T05:00:00Z,196.21,198.55,189.17,193.74,551437
2024-02-16T05:00:00Z,202.13,203.15,197.43,199.99,549752
2024-02-15T05:00:00Z,189.185,200.87,188.99,200.49,728933
2024-02-14T05:00:00Z,185.1,188.88,183.48,188.64,407562
2024-02-13T05:00:00Z,184.01,187.245,182.17,184.06,548463
2024-02-12T05:00:00Z,192.14,194.67,187.33,188.16,463510
2024-02-09T05:00:00Z,190.11,194.01,189.76,193.53,329985
2024-02-08T05:00:00Z,188.785,191.6,185.59,189.59,459517
2024-02-07T05:00:00Z,188.03,189.77,182.77,187.61,735585
2024-02-06T05:00:00Z,177.23,186.47,177.23,185.07,885081
2024-02-05T05:00:00Z,184.2,184.64,175.02,181.05,919860
2024-02-02T05:00:00Z,184.955,188.62,182.2,187.83,950950
2024-02-01T05:00:00Z,188.51,189.83,184.3,188.81,500574
2024-01-31T05:00:00Z,186.775,193.93,185.95,187.24,699975
2024-01-30T05:00:00Z,195.21,196.35,190.63,191.59,614305
2024-01-29T05:00:00Z,185.55,191.41,183.71,190.965,901742
2024-01-26T05:00:00Z,185.67,186.465,182.15,183.225,634870
2024-01-25T05:00:00Z,189.74,192.71,180.07,182.63,2233557
2024-01-24T05:00:00Z,211.835,212.67,206.78,207.86,775218
2024-01-23T05:00:00Z,211.49,215.585,207.76,209.13,685942
2024-01-22T05:00:00Z,212.17,217.8,206.27,208.8,1104480
2024-01-19T05:00:00Z,209.84,213.15,207.61,212.13,559002
2024-01-18T05:00:00Z,216.83,217.39,208.78,211.8,683922
2024-01-17T05:00:00Z,214.85,215.65,212.01,215.54,805991
2024-01-16T05:00:00Z,215.17,223.41,212.21,219.97,538385
2024-01-12T05:00:00Z,220.05,225.31,217.18,218.83,675656
2024-01-11T05:00:00Z,230.44,230.75,225.37,227.23,510249
2024-01-10T05:00:00Z,235,235.49,231.35,233.89,412480
2024-01-09T05:00:00Z,238.01,238.9,232.11,234.88,424334
2024-01-08T05:00:00Z,236,241.18,235.385,240.42,421830
2024-01-05T05:00:00Z,236.74,239.99,235.03,237.48,350952
2024-01-04T05:00:00Z,239.21,242.67,237.8,237.94,356107
2024-01-03T05:00:00Z,245.05,245.64,236.4,238.44,826974
2024-01-02T05:00:00Z,250.1,251.17,244.55,248.48,491314
2023-12-29T05:00:00Z,255.09,255.14,247.49,248.46,402669
2023-12-28T05:00:00Z,263.52,265.06,252.75,253.26,465514
2023-12-27T05:00:00Z,258.24,263.285,257.63,261.47,320365
2023-12-26T05:00:00Z,254.45,257.94,252.97,256.68,300021
2023-12-22T05:00:00Z,256.63,258.185,251.405,252.57,358173
2023-12-21T05:00:00Z,251.81,254.745,248.58,254.47,502628
2023-12-20T05:00:00Z,256.47,259.82,247.01,247.21,607944
2023-12-19T05:00:00Z,253.44,258.3,253.065,257.18,496219
2023-12-18T05:00:00Z,253.91,258.675,251.44,252.06,510636
2023-12-15T05:00:00Z,251.35,254.12,248.45,253.35,827052
2023-12-14T05:00:00Z,241.125,253.87,240.855,251.125,1422260
2023-12-13T05:00:00Z,234.15,240.265,228.23,239.28,680541
2023-12-12T05:00:00Z,238.345,238.51,233.94,237.04,410495
2023-12-11T05:00:00Z,242.69,243.195,237.49,239.52,422596
2023-12-08T05:00:00Z,240.11,245.17,239.455,243.77,344705
2023-12-07T05:00:00Z,241.465,244,236.99,242.59,373720
2023-12-06T05:00:00Z,243.265,246.49,239.19,239.4,595759
2023-12-05T05:00:00Z,233.79,246.64,233.76,238.84,542949
2023-12-04T05:00:00Z,235.57,239.3,233.35,235.59,367376
2023-12-01T05:00:00Z,233.11,240.15,231.98,238.75,542908
2023-11-30T05:00:00Z,245.17,245.17,236.985,239.79,640237
2023-11-29T05:00:00Z,249.37,252.7,242.79,244.19,617573
2023-11-28T05:00:00Z,236.73,246.935,234.045,246.725,674378
2023-11-27T05:00:00Z,236.91,238.325,232.195,236.14,409127
2023-11-24T05:00:00Z,233.86,238.72,232.4,235.51,261120
2023-11-22T05:00:00Z,242.055,243.85,231.505,234.25,425087
2023-11-21T05:00:00Z,235.055,243.57,233.43,241.26,651500
2023-11-20T05:00:00Z,234.23,237.08,231.22,235.73,462177
2023-11-17T05:00:00Z,231.925,237.37,226.57,234.37,557986
2023-11-16T05:00:00Z,239.46,240.745,230.97,233.41,774494
2023-11-15T05:00:00Z,239.325,246.66,236.635,242.9,674969
2023-11-14T05:00:00Z,235.13,238.125,230.81,237.42,686436
2023-11-13T05:00:00Z,215.57,225.34,211.7,223.76,551421
2023-11-10T05:00:00Z,210.04,215.32,205.73,214.71,583249
2023-11-09T05:00:00Z,219.785,220.8,206.82,209.98,849611
2023-11-08T05:00:00Z,223.03,224.02,217.65,222.1,383562
2023-11-07T05:00:00Z,220.02,223.06,215.76,222.26,443186
2023-11-06T05:00:00Z,224.21,226.21,215.01,219.33,455908
2023-11-03T04:00:00Z,221.16,226.22,218.505,219.95,748939
2023-11-02T04:00:00Z,212.96,219.14,211.54,218.56,755958
2023-11-01T04:00:00Z,204.09,205.96,197.89,205.63,760741
2023-10-31T04:00:00Z,195.78,202.78,194.07,200.88,710435
2023-10-30T04:00:00Z,209.43,210.66,194.7,197.36,1022855
2023-10-27T04:00:00Z,210.57,212.355,205.87,207.305,746586
2023-10-26T04:00:00Z,211.345,214.755,204.94,205.72,740859
2023-10-25T04:00:00Z,215.92,220.07,212.2,212.37,825367
2023-10-24T04:00:00Z,216.43,221.945,214.23,216.51,781634
2023-10-23T04:00:00Z,209.84,216.79,202.53,212.02,883326
2023-10-20T04:00:00Z,217.075,218.74,210.51,211.94,1122666
2023-10-19T04:00:00Z,225.56,230.525,216.81,220.14,1644541
2023-10-18T04:00:00Z,252.75,254.535,242.12,242.55,948417
2023-10-17T04:00:00Z,250.045,257.15,247.11,254.93,439910
2023-10-16T04:00:00Z,250.05,255.39,248.48,253.79,519612
2023-10-13T04:00:00Z,259,259.59,250.23,251.19,562857
2023-10-12T04:00:00Z,262.89,265.36,256.64,259.005,528530
2023-10-11T04:00:00Z,266.21,268.495,260.91,262.94,463850
2023-10-10T04:00:00Z,257.91,268.91,257.79,263.67,563138
2023-10-09T04:00:00Z,255.28,261.31,252.12,259.68,524060
2023-10-06T04:00:00Z,253.79,261.61,250.68,260.52,709986
2023-10-05T04:00:00Z,259.8,263.46,256.295,260.08,658002
2023-10-04T04:00:00Z,248.25,261.83,247.62,261.07,719863
2023-10-03T04:00:00Z,248.635,250,244.465,246.63,566789
2023-10-02T04:00:00Z,244.855,254.235,242.73,251.61,805529
2023-09-29T04:00:00Z,250.05,254.655,246.46,250.22,673690
2023-09-28T04:00:00Z,240.24,247.45,238.75,246.335,464359
2023-09-27T04:00:00Z,244.43,245.25,234.69,240.58,764488
2023-09-26T04:00:00Z,242.955,249.51,241.735,244.24,552394
2023-09-25T04:00:00Z,243.54,247.08,238.51,247.05,509466
2023-09-22T04:00:00Z,257.43,257.68,244.49,244.85,730784
2023-09-21T04:00:00Z,257.75,260.74,254.25,255.68,706019
2023-09-20T04:00:00Z,267.135,273.78,262.49,262.565,638231
2023-09-19T04:00:00Z,264.2,267.83,261.3,266.48,434034
2023-09-18T04:00:00Z,271.1,271.31,263.8,265.27,548522
2023-09-15T04:00:00Z,277.82,278.805,271.135,274.44,613861
2023-09-14T04:00:00Z,271.37,276.64,270.48,276,577269
2023-09-13T04:00:00Z,270.29,274.955,268.19,271.27,670825
2023-09-12T04:00:00Z,270.745,278.22,266.72,267.41,819739
2023-09-11T04:00:00Z,264.21,274.825,260.67,273.63,1167982
2023-09-08T04:00:00Z,251.415,256.49,246.85,248.42,643680
2023-09-07T04:00:00Z,244.95,252.77,243.355,251.48,600115
2023-09-06T04:00:00Z,255,255.17,245.11,251.99,584619
2023-09-05T04:00:00Z,245.01,257.985,244.88,256.49,607162
2023-09-01T04:00:00Z,257.37,258.99,242.525,244.965,733464
2023-08-31T04:00:00Z,256.215,261.1,255.05,258.06,485304
2023-08-30T04:00:00Z,254.27,260.5,250.65,257.05,613431
2023-08-29T04:00:00Z,238.55,257.41,237.835,257.2,834005
2023-08-28T04:00:00Z,242.71,244.37,235.35,238.76,503883
2023-08-25T04:00:00Z,231.35,238.92,230.44,238.56,508290
2023-08-24T04:00:00Z,238.7,238.855,228.335,230.04,471519
2023-08-23T04:00:00Z,229.35,238.93,229.325,236.805,584901
2023-08-22T04:00:00Z,240.27,240.65,229.63,233.26,620834
2023-08-21T04:00:00Z,221.55,232.08,220.62,231.24,792477
2023-08-18T04:00:00Z,214.07,217.53,212.46,215.485,782957
2023-08-17T04:00:00Z,226.11,226.63,218.84,219.22,501763
2023-08-16T04:00:00Z,228.01,233.7,225.445,225.59,577092
2023-08-15T04:00:00Z,238.76,240.44,232.615,232.88,416076
2023-08-14T04:00:00Z,235.55,240.65,233.79,239.8,479188
2023-08-11T04:00:00Z,241.77,243.74,238.2,242.58,534105
2023-08-10T04:00:00Z,245.5,251.74,243.055,245.38,537099
2023-08-09T04:00:00Z,250.97,250.99,241.91,242.08,395024
2023-08-08T04:00:00Z,247.605,250.88,245.08,249.72,391164
2023-08-07T04:00:00Z,251.62,253.545,242.88,251.44,515131
2023-08-04T04:00:00Z,261.05,264.67,253.13,253.76,645687
2023-08-03T04:00:00Z,252.05,260.475,252.05,259.31,405821
2023-08-02T04:00:00Z,255.53,259.405,250.545,254.325,517157
2023-08-01T04:00:00Z,266.25,266.415,260.29,261.1,345514
2023-07-31T04:00:00Z,267.45,269.01,263.88,267.53,339673
2023-07-28T04:00:00Z,259.89,267.23,258.26,266.54,628368
2023-07-27T04:00:00Z,268.39,269.07,255.305,255.73,588463
2023-07-26T04:00:00Z,263.155,268,261.81,264.3,389446
2023-07-25T04:00:00Z,272.51,272.82,265,265.235,537963
2023-07-24T04:00:00Z,255.77,269.74,254.17,269.12,680258
2023-07-21T04:00:00Z,267.94,268,255.81,259.84,1016216
2023-07-20T04:00:00Z,279.48,280.93,261.2,263.02,1248437
2023-07-19T04:00:00Z,296.05,299.25,289.57,291.2,838129
2023-07-18T04:00:00Z,290.24,295.21,286.08,293.26,570523
2023-07-17T04:00:00Z,286.73,292.15,283.63,290.33,584520
2023-07-14T04:00:00Z,277.01,285.3,276.45,281.39,620245
2023-07-13T04:00:00Z,274.61,279.4,270.64,277.9,497146
2023-07-12T04:00:00Z,276.31,276.4,271.5,271.99,663629
2023-07-11T04:00:00Z,268.63,270.89,266.5,269.84,584728
2023-07-10T04:00:00Z,276.51,277.39,265.1,269.49,676220
2023-07-07T04:00:00Z,278.41,280.65,273.82,274.44,552676
2023-07-06T04:00:00Z,278.09,279.7,272.89,276.61,557957
2023-07-05T04:00:00Z,279,283.84,277.62,282.465,668310
2023-07-03T04:00:00Z,276.53,284.24,275.28,279.9,707757
2023-06-30T04:00:00Z,260.65,264.4,260.03,261.73,540291
2023-06-29T04:00:00Z,257.99,260.61,253.695,257.53,512641
2023-06-28T04:00:00Z,249.73,259.83,248.94,256.35,782034
2023-06-27T04:00:00Z,243.08,250.38,240.92,250.14,817581
2023-06-26T04:00:00Z,250.05,258.335,240.72,241.02,1084192
2023-06-23T04:00:00Z,259.13,262.42,252.85,256.5,1009011
2023-06-22T04:00:00Z,250.51,264.76,248.29,264.58,1450027
2023-06-21T04:00:00Z,274.98,276.94,257.79,259.44,1342959
2023-06-20T04:00:00Z,261.57,274.745,261.13,274.43,808952
2023-06-16T04:00:00Z,259.02,263.58,257.27,260.41,919753
2023-06-15T04:00:00Z,248.36,258.88,247.3,256.02,677418
2023-06-14T04:00:00Z,260.21,261.55,250.55,256.78,958493
2023-06-13T04:00:00Z,253.5,259.63,251.35,258.69,781286
2023-06-12T04:00:00Z,247.96,250.895,244.71,249.88,796125
2023-06-09T04:00:00Z,249.02,252.3,242.03,244.42,1371778
2023-06-08T04:00:00Z,224.13,235.23,223.07,234.85,843667
2023-06-07T04:00:00Z,228.09,230.81,223.24,224.59,1065013
2023-06-06T04:00:00Z,216.05,221.9,212.56,221.42,794635
2023-06-05T04:00:00Z,217.84,221.23,214.76,217.62,859501
2023-06-02T04:00:00Z,210.02,217.23,209.785,213.96,1031035
2023-06-01T04:00:00Z,202.55,209.79,199.38,207.49,1220618
2023-05-31T04:00:00Z,199.83,203.935,195.21,203.88,1018943
2023-05-30T04:00:00Z,200.09,204.45,197.64,201.16,917562
2023-05-26T04:00:00Z,184.62,198.59,184.57,193.2,1213724
2023-05-25T04:00:00Z,186.54,186.78,180.65,184.43,671485
2023-05-24T04:00:00Z,182.23,184.17,178.235,182.9,792431
2023-05-23T04:00:00Z,186.49,192.95,185.27,185.79,958252
2023-05-22T04:00:00Z,180.885,189.31,180.16,188.95,848410
2023-05-19T04:00:00Z,177.07,181.94,176.35,180.14,908055
2023-05-18T04:00:00Z,174.22,177.06,172.52,176.95,625014
2023-05-17T04:00:00Z,168.345,174.47,167.26,173.79,735890
2023-05-16T04:00:00Z,165.69,169.46,164.48,166.52,548078
2023-05-15T04:00:00Z,167.6,169.66,164.56,166.4,467231
2023-05-12T04:00:00Z,176.13,177.34,167.255,167.97,1187252
2023-05-11T04:00:00Z,168.705,173.55,166.82,172.06,662151
2023-05-10T04:00:00Z,172.52,174.35,166.7,168.54,802607
2023-05-09T04:00:00Z,168.71,169.8,166.62,169.15,532224
2023-05-08T04:00:00Z,173.69,173.69,169.25,171.83,716698
2023-05-05T04:00:00Z,164.09,170.75,163.56,170.085,836533
2023-05-04T04:00:00Z,162.725,162.93,159.67,161.23,639012
2023-05-03T04:00:00Z,160.01,165,159.96,160.58,810824
2023-05-02T04:00:00Z,162.045,165.46,158.985,160.29,846606
2023-05-01T04:00:00Z,163.23,163.24,158.84,161.81,659808
2023-04-28T04:00:00Z,160.83,165,157.34,164.35,922081
2023-04-27T04:00:00Z,152.59,160.45,152.42,160.15,1058849
2023-04-26T04:00:00Z,160.2,160.61,153.18,153.67,1428357
2023-04-25T04:00:00Z,159.835,163.45,158.81,160.64,870153
2023-04-24T04:00:00Z,164.64,165.64,158.61,162.56,956833
2023-04-21T04:00:00Z,164.805,165.995,161.34,165.035,1031254
2023-04-20T04:00:00Z,166.19,169.48,160.57,162.99,2374790
2023-04-19T04:00:00Z,179.13,183.49,177.75,180.48,1189465
2023-04-18T04:00:00Z,187.15,187.675,183.615,184.31,642916
2023-04-17T04:00:00Z,186.43,189.68,182.74,187,742105
2023-04-14T04:00:00Z,183.88,186.23,182.035,185.01,839148
2023-04-13T04:00:00Z,182.95,186.44,181.06,185.87,953635
2023-04-12T04:00:00Z,190.95,191.57,180.35,180.54,1226691
2023-04-11T04:00:00Z,186.67,189.17,185.67,186.81,897539
2023-04-10T04:00:00Z,179.83,185.08,176.16,184.5,859990
2023-04-06T04:00:00Z,182.71,186.38,179.84,185.04,646333
2023-04-05T04:00:00Z,190.37,190.59,183.85,185.51,865253
2023-04-04T04:00:00Z,197.35,198.63,190.34,192.66,804973
2023-04-03T04:00:00Z,199.79,202.655,192.21,194.75,1224166
2023-03-31T04:00:00Z,197.37,207.78,197.27,207.41,1290473
2023-03-30T04:00:00Z,195.69,197.25,194.5,195.28,707946
2023-03-29T04:00:00Z,193.13,195.18,189.47,193.86,731284
2023-03-28T04:00:00Z,191.94,192.3,185.45,189.21,775825
2023-03-27T04:00:00Z,194.575,197.35,190.02,191.82,666148
2023-03-24T04:00:00Z,191.72,192.28,187.195,190.4,1035260
2023-03-23T04:00:00Z,195.265,199.31,188.685,192.27,990780
2023-03-22T04:00:00Z,199.13,200.65,190.95,191,1313868
2023-03-21T04:00:00Z,188.45,197.98,188.08,197.53,1167756
2023-03-20T04:00:00Z,178.07,186.41,176.415,183.23,785555
2023-03-17T04:00:00Z,184.515,186.03,177.33,180.09,1020838
2023-03-16T04:00:00Z,180.41,185.77,178.91,184.07,1051489
2023-03-15T04:00:00Z,180.885,182.31,176.12,180.51,1128110
2023-03-14T04:00:00Z,177.44,183.73,177.175,183.27,1327855
2023-03-13T04:00:00Z,167.47,177.34,163.96,174.46,1328395
2023-03-10T05:00:00Z,175.055,178.25,168.44,173.44,1576775
2023-03-09T05:00:00Z,180.3,185.1,172.53,172.9,1158500
2023-03-08T05:00:00Z,184.54,186.45,180,182.01,1132342
2023-03-07T05:00:00Z,191.11,194.18,186.13,187.7,1090883
2023-03-06T05:00:00Z,198.52,198.58,192.3,193.8,877196
2023-03-03T05:00:00Z,194.94,200.48,192.89,197.76,1084469
2023-03-02T05:00:00Z,186.74,193.62,186.02,190.96,1721880
2023-03-01T05:00:00Z,206.12,207.2,198.68,202.8,866777
2023-02-28T05:00:00Z,210.66,211.22,203.75,205.815,1243930
2023-02-27T05:00:00Z,202.08,209.35,201.305,207.63,1069674
2023-02-24T05:00:00Z,196.13,197.65,192.8,196.89,822429
2023-02-23T05:00:00Z,204.055,205.03,196.41,202.07,1067971
2023-02-22T05:00:00Z,197.765,201.98,191.805,200.93,1173515
2023-02-21T05:00:00Z,204.7,209.67,197.28,197.35,1137346
2023-02-17T05:00:00Z,200,208.41,197.51,208.41,1276019
2023-02-16T05:00:00Z,210.755,217.585,201.845,202,1477993
2023-02-15T05:00:00Z,211.77,214.65,206.19,214.15,1526898
2023-02-14T05:00:00Z,191.8,209.725,189.48,209.27,1490581
2023-02-13T05:00:00Z,194.36,196.28,187.61,194.65,1375524
2023-02-10T05:00:00Z,202.2,206.2,192.92,196.82,1757983
2023-02-09T05:00:00Z,207.79,214,204.78,207.33,1899933
2023-02-08T05:00:00Z,196.1,202.87,194.42,201.31,1314985
2023-02-07T05:00:00Z,196.56,197.48,189.56,196.8,1124347
2023-02-06T05:00:00Z,193.08,197.44,190.01,194.81,1227236
2023-02-03T05:00:00Z,184.2,198.99,183.795,189.95,1818400
2023-02-02T05:00:00Z,187.33,196.72,182.63,188.41,2022179
2023-02-01T05:00:00Z,173.89,183.78,169.95,181.32,1374243
2023-01-31T05:00:00Z,164.54,174.26,162.82,173.2,1564171
2023-01-30T05:00:00Z,178.05,179.73,166.5,166.71,2345943
2023-01-27T05:00:00Z,162.48,180.67,161.21,177.85,2761180
2023-01-26T05:00:00Z,159.96,161.38,154.8,160.29,2575211
2023-01-25T05:00:00Z,141.825,146.41,138.08,144.51,1468126
2023-01-24T05:00:00Z,143.04,146.4,141.13,143.97,961116
2023-01-23T05:00:00Z,135.82,145.31,134.32,143.81,1618161
2023-01-20T05:00:00Z,128.63,133.5,127.4,133.44,1035227
2023-01-19T05:00:00Z,127.3,129.99,124.31,127.14,1337094
2023-01-18T05:00:00Z,136.59,136.65,127.01,128.75,1927702
2023-01-17T05:00:00Z,125.74,131.69,125.02,131.48,1759771
2023-01-13T05:00:00Z,116.6,122.62,115.6,122.42,1590015
2023-01-12T05:00:00Z,122.62,124.09,117.045,123.52,1289116
2023-01-11T05:00:00Z,122.09,125.91,120.52,123.24,1499863
2023-01-10T05:00:00Z,121.1,122.75,114.97,118.85,1447251
2023-01-09T05:00:00Z,118.98,123.5,117.15,119.79,1832023
2023-01-06T05:00:00Z,102.9,114.38,101.87,113.01,2237225
2023-01-05T05:00:00Z,110.24,111.71,107.18,110.36,1129742
2023-01-04T05:00:00Z,109.15,114.57,107.62,113.66,1347852
2023-01-03T05:00:00Z,118.28,118.8,104.66,108.045,2387826
2022-12-30T05:00:00Z,119.955,124.43,119.78,123.22,1155255
2022-12-29T05:00:00Z,120.36,123.56,117.5,121.82,1829723
2022-12-28T05:00:00Z,110.34,116.21,108.31,112.72,2799630
2022-12-27T05:00:00Z,117.56,119.655,108.76,109.075,3985057
2022-12-23T05:00:00Z,126.445,128.58,121.05,123.13,4999128
2022-12-22T05:00:00Z,135.89,136.56,122.31,125.35,2782335
2022-12-21T05:00:00Z,139.39,141.25,135.9,137.48,2674391
2022-12-20T05:00:00Z,146.055,148.46,137.68,137.765,1917309
2022-12-19T05:00:00Z,154.005,155.225,145.84,149.875,2135645
2022-12-16T05:00:00Z,159.57,160.9,150.05,150.175,1621587
2022-12-15T05:00:00Z,153.38,160.87,153.31,157.78,1603284
2022-12-14T05:00:00Z,159.59,161.59,155.33,156.825,2444279
2022-12-13T05:00:00Z,174.92,174.94,156.94,160.98,2262941
2022-12-12T05:00:00Z,175.83,177.36,167.54,167.75,1334208
2022-12-09T05:00:00Z,173.61,182.5,173.36,179.02,1420065
2022-12-08T05:00:00Z,172.02,175.18,169.07,173.4,1480080
2022-12-07T05:00:00Z,175,179.36,172.23,173.96,1020736
2022-12-06T05:00:00Z,181.23,183.64,175.35,179.84,1248250
2022-12-05T05:00:00Z,189.31,191.18,180.65,182.5,1151562
2022-12-02T05:00:00Z,191.76,196.18,191.14,194.88,942402
2022-12-01T05:00:00Z,197.06,198.87,191.83,194.8,1484949
2022-11-30T05:00:00Z,182.5,194.73,180.66,194.7,1623852
2022-11-29T05:00:00Z,184.98,186.37,178.8,180.86,977909
2022-11-28T05:00:00Z,179.36,188.47,179.08,182.93,948286
2022-11-25T05:00:00Z,184.95,184.95,180.69,182.95,648071
2022-11-23T05:00:00Z,173.69,183.61,172.52,183.29,1585331
2022-11-22T05:00:00Z,168.47,170.81,166.19,169.87,1399962
2022-11-21T05:00:00Z,175.74,176.75,167.55,167.91,1621135
2022-11-18T05:00:00Z,185.13,185.13,176.57,180.25,1404717
2022-11-17T05:00:00Z,183.43,186.13,180.92,183.2,1015019
2022-11-16T05:00:00Z,191.42,192.55,185.67,186.935,1617457
2022-11-15T05:00:00Z,195.99,200.76,192.09,194.44,1314863
2022-11-14T05:00:00Z,192.78,195.72,186.39,191,2160446
2022-11-11T05:00:00Z,185.95,196.5,182.63,195.92,3108106
2022-11-10T05:00:00Z,189.8,191,180.03,190.6,3204476
2022-11-09T05:00:00Z,190.71,195.88,177.13,177.62,3113485
2022-11-08T05:00:00Z,194.02,195.2,186.76,191.27,3592470
2022-11-07T05:00:00Z,208.74,208.83,196.675,197.03,2436950
2022-11-04T04:00:00Z,222.66,223.79,203.09,207.53,2290214
2022-11-03T04:00:00Z,211.16,221.18,210.15,215.4,1241059
2022-11-02T04:00:00Z,225.91,227.71,214.83,214.89,1822368
2022-11-01T04:00:00Z,234.62,237.33,227.28,227.88,1227254
2022-10-31T04:00:00Z,226.16,229.825,222,227.48,1226995
2022-10-28T04:00:00Z,225.03,228.79,216.45,228.44,1501384
2022-10-27T04:00:00Z,229.82,233.8,222.86,225.02,998422
2022-10-26T04:00:00Z,219.34,230.6,218.25,224.62,1574095
2022-10-25T04:00:00Z,210.32,224.25,210.22,222.42,1691133
2022-10-24T04:00:00Z,205.8,213.47,198.59,211.25,2234426
2022-10-21T04:00:00Z,206.44,214.65,203.81,214.54,1613846
2022-10-20T04:00:00Z,208.02,215.51,202,207.17,2692381
2022-10-19T04:00:00Z,219.63,222.85,217.81,222.17,1008393
2022-10-18T04:00:00Z,229.33,229.65,217.27,220.25,1334965
2022-10-17T04:00:00Z,210.25,221.8,209.49,219.45,1446878
2022-10-14T04:00:00Z,224.08,226.24,204.17,205.1,1870244
2022-10-13T04:00:00Z,208.25,222.99,206.32,221.83,1919133
2022-10-12T04:00:00Z,215.78,219.26,211.55,217.16,1145966
2022-10-11T04:00:00Z,220.93,225.64,215,216.55,1248394
2022-10-10T04:00:00Z,223.64,226.97,218.39,222.93,1115232
2022-10-07T04:00:00Z,233.94,234.54,222.03,222.91,1612240
2022-10-06T04:00:00Z,239.46,244.45,235.35,238.11,1421199
2022-10-05T04:00:00Z,244.795,246.63,233.28,240.76,1885697
2022-10-04T04:00:00Z,250.7,256.82,242.08,249.67,2177609
2022-10-03T04:00:00Z,254.27,254.98,241.01,242.4,2000620
2022-09-30T04:00:00Z,265.94,275.52,262.54,265.11,1467601
2022-09-29T04:00:00Z,282.79,283.45,265.81,268.27,1490325
2022-09-28T04:00:00Z,283.06,288.99,277.57,287.75,953601
2022-09-27T04:00:00Z,284.12,288.63,277.57,283.02,1315625
2022-09-26T04:00:00Z,271.91,284,270.345,276.08,1157840
2022-09-23T04:00:00Z,283.02,284.5,272.88,275.33,1356634
2022-09-22T04:00:00Z,299.71,301.21,285.86,288.52,1685275
2022-09-21T04:00:00Z,308.28,313.76,300.68,300.68,1209749
2022-09-20T04:00:00Z,306.9,313.3,305.58,308.62,1375715
2022-09-19T04:00:00Z,300.09,309.84,297.81,309.2,1248821
2022-09-16T04:00:00Z,299.62,303.7,295.62,303.1,1649506
2022-09-15T04:00:00Z,302.07,309.07,300.76,303.75,1287921
2022-09-14T04:00:00Z,292.26,305.94,291.64,302.66,1539952
2022-09-13T04:00:00Z,292.94,297.37,290.59,291.94,1176386
2022-09-12T04:00:00Z,300.64,305.45,300.48,304.47,769890
2022-09-09T04:00:00Z,291.64,299.83,291.29,299.71,832990
2022-09-08T04:00:00Z,281.11,289.48,279.82,289.28,829666
2022-09-07T04:00:00Z,273,283.84,272.52,283.73,907950
2022-09-06T04:00:00Z,272.74,275.98,265.81,274.465,997660
2022-09-02T04:00:00Z,281.53,282.32,269.14,270.23,792341
2022-09-01T04:00:00Z,272.195,277.53,266.15,277.44,843741
2022-08-31T04:00:00Z,280.63,280.88,271.84,275.47,553695
2022-08-30T04:00:00Z,288.31,288.32,272.66,277.79,573402
2022-08-29T04:00:00Z,282.82,287.68,280.75,284.85,615546
2022-08-26T04:00:00Z,297.48,301.99,287.5,288.22,940690
2022-08-25T04:00:00Z,302.31,302.94,291.67,296.11,861175
2022-08-24T04:00:00Z,892.86,910.68,889.73,890.91,392680
2022-08-23T04:00:00Z,874.67,896.26,863.93,889.3,387042
2022-08-22T04:00:00Z,875.83,877,859.19,869.89,334232
2022-08-19T04:00:00Z,897.21,900.61,877.71,890.08,510047
2022-08-18T04:00:00Z,917.07,919.1,905.73,908.39,254929
2022-08-17T04:00:00Z,908.97,928.89,900.4,912,395054
2022-08-16T04:00:00Z,934.8,943.76,908.8,919.8,548130
2022-08-15T04:00:00Z,905.23,939.06,904.15,927.84,577852
2022-08-12T04:00:00Z,867.57,900.3,855.31,899.99,499991
2022-08-11T04:00:00Z,889.685,894.63,857.63,860.62,566791
2022-08-10T04:00:00Z,891.74,892.5,850.12,882.38,674838
2022-08-09T04:00:00Z,871.13,877.14,838.45,849.9,768424
2022-08-08T04:00:00Z,884.77,915.48,867.45,871.28,929091
2022-08-05T04:00:00Z,907.99,912,856.7,864.47,1097277
2022-08-04T04:00:00Z,933.99,940.5,915.23,925.88,570326
2022-08-03T04:00:00Z,915.17,928.24,903.63,922.22,540800
2022-08-02T04:00:00Z,882.23,923.23,878,901.85,591467
2022-08-01T04:00:00Z,903.725,934.95,885,891.79,812950
2022-07-29T04:00:00Z,842.39,894.96,837.64,891.47,699018
2022-07-28T04:00:00Z,840.34,849.82,818.67,842.68,560122
2022-07-27T04:00:00Z,791.685,827.53,785.54,824.24,621283
2022-07-26T04:00:00Z,798.73,801.78,769.37,776.63,512401
2022-07-25T04:00:00Z,816.675,822.2,802.42,805,554701
2022-07-22T04:00:00Z,828.67,841.95,812.37,816.7,725718
2022-07-21T04:00:00Z,765.47,819.57,765,815.16,1283280
2022-07-20T04:00:00Z,740.93,751.99,730.53,742.04,589389
2022-07-19T04:00:00Z,734.98,741.12,711.2,736,591336
2022-07-18T04:00:00Z,734.5,751.25,718.95,721.235,618355
2022-07-15T04:00:00Z,720.78,730,711.44,720.19,451350
2022-07-14T04:00:00Z,704.7,715.875,688.12,714.94,592074
2022-07-13T04:00:00Z,676.57,725.74,675.15,711.02,750457
2022-07-12T04:00:00Z,710.29,719.3,685.45,699.36,592621
2022-07-11T04:00:00Z,755.81,758.86,700.935,703.05,845878
2022-07-08T04:00:00Z,726.76,763.87,724.11,752.2,633406
2022-07-07T04:00:00Z,702.07,736.04,696.69,733.63,657110
2022-07-06T04:00:00Z,692.45,703,682.04,694.36,484217
2022-07-05T04:00:00Z,667.59,699.44,648.63,699.44,741025
2022-07-01T04:00:00Z,681.02,690.46,666.53,681.7,661372
2022-06-30T04:00:00Z,673.8,688,656.81,674.5,948482
2022-06-29T04:00:00Z,691.7,693.475,666.89,685.2,861840
2022-06-28T04:00:00Z,733.45,749.8,697.05,697.98,867229
2022-06-27T04:00:00Z,748,755.485,727.87,734.8,765057
2022-06-24T04:00:00Z,712.56,738.2,708.5,737.36,863505
2022-06-23T04:00:00Z,714.29,717.46,686,705.22,820156
2022-06-22T04:00:00Z,703.13,740.29,701.84,708.48,947928
2022-06-21T04:00:00Z,673.71,730.61,673.48,710.74,1401677
2022-06-17T04:00:00Z,640.395,662.85,639.77,650.075,608440
2022-06-16T04:00:00Z,667.91,675.27,626.2,639.13,1036142
2022-06-15T04:00:00Z,663.13,706.66,655,698.83,969923
2022-06-14T04:00:00Z,654.805,678.99,635.22,662.72,903927
2022-06-13T04:00:00Z,668.23,679.61,644.18,647.2,1002797
2022-06-10T04:00:00Z,705.49,718.32,683.84,697.27,791269
2022-06-09T04:00:00Z,747.59,766.26,718.07,719.15,766830
2022-06-08T04:00:00Z,720.46,749.57,717.74,725.48,589727
2022-06-07T04:00:00Z,701.97,719.91,690.41,716.36,692591
2022-06-06T04:00:00Z,733.66,734.45,703.23,714.33,756071
2022-06-03T04:00:00Z,729,743.33,700.33,703.55,1061179
2022-06-02T04:00:00Z,732.5,792.48,726.57,774.89,919935
2022-06-01T04:00:00Z,755.57,771.03,730.955,740.23,618057
2022-05-31T04:00:00Z,773.56,778.405,734.29,758.55,882314
2022-05-27T04:00:00Z,723.13,759.69,720.92,759.54,787518
2022-05-26T04:00:00Z,661.19,718.62,654.09,707.61,937465
2022-05-25T04:00:00Z,623.54,668.96,623.54,658.345,777732
2022-05-24T04:00:00Z,653.63,653.63,620.85,628.58,849943
2022-05-23T04:00:00Z,655.21,679.84,638.64,674.89,744341
2022-05-20T04:00:00Z,714.62,721.39,633.01,664.42,1154545
2022-05-19T04:00:00Z,707.175,733.61,694.18,709.36,866914
2022-05-18T04:00:00Z,744.52,760.15,700.87,710.24,885680
2022-05-17T04:00:00Z,747.32,764.19,729.11,761.78,687728
2022-05-16T04:00:00Z,767.67,769.22,719.13,724.73,724956
2022-05-13T04:00:00Z,773.27,787.11,752.24,769.2,708767
2022-05-12T04:00:00Z,701.63,759.03,680,728.5,1286486
2022-05-11T04:00:00Z,794.83,809.7,727.54,734.495,954977
2022-05-10T04:00:00Z,819,825.08,774.31,800.75,737753
2022-05-09T04:00:00Z,835.095,845.35,781.27,788.13,849435
2022-05-06T04:00:00Z,886.03,887.4,843.58,866,673874
2022-05-05T04:00:00Z,939.22,945.185,857.88,873.77,952291
2022-05-04T04:00:00Z,903.16,955.03,885.8,952.48,766835
2022-05-03T04:00:00Z,902.65,923.8,889.57,909.32,513776
2022-05-02T04:00:00Z,861.78,905.29,848.79,903.17,679696
2022-04-29T04:00:00Z,901.86,933.82,870.085,870.77,806151
2022-04-28T04:00:00Z,896.775,898.94,821.755,877.34,1262288
2022-04-27T04:00:00Z,899.005,917.57,877.455,881.78,701671
2022-04-26T04:00:00Z,996.1,999.93,875.25,875.7,1138104
2022-04-25T04:00:00Z,979.69,1008.47,976.2,998.76,539945
2022-04-22T04:00:00Z,1014.515,1034.455,994.45,1005.085,606584
2022-04-21T04:00:00Z,1074.4,1090.08,996.79,1009.52,863941
2022-04-20T04:00:00Z,1030.33,1033.38,975.31,977.24,664419
2022-04-19T04:00:00Z,1003.845,1034.66,995.4,1028.55,345749
2022-04-18T04:00:00Z,991.98,1014.58,974.21,1003.84,417909
2022-04-14T04:00:00Z,999.075,1011.43,982.35,984.56,534979
2022-04-13T04:00:00Z,980.76,1026.06,973.42,1022.78,466643
2022-04-12T04:00:00Z,997.87,1020.42,976.85,987.01,544266
2022-04-11T04:00:00Z,980.49,1007.85,974.76,975.725,547099
2022-04-08T04:00:00Z,1043.32,1047.81,1022.555,1025.25,463710
2022-04-07T04:00:00Z,1053.61,1076,1022.13,1056.53,727748
2022-04-06T04:00:00Z,1071.69,1077.615,1028.01,1045.52,873977
2022-04-05T04:00:00Z,1136.62,1151.305,1087.7,1091.15,651687
2022-04-04T04:00:00Z,1089.25,1149.9,1073.2,1145.75,733727
2022-04-01T04:00:00Z,1081.04,1094.62,1067.59,1084.59,459805
2022-03-31T04:00:00Z,1094.65,1102.72,1077.2,1077.7,452502
2022-03-30T04:00:00Z,1091.17,1113.645,1084.75,1093.3,490812
2022-03-29T04:00:00Z,1107.56,1114.47,1073.3,1099,654804
2022-03-28T04:00:00Z,1064.5,1097.18,1053.63,1092.14,790516
2022-03-25T04:00:00Z,1008.26,1021.14,997.49,1011.155,537705
2022-03-24T04:00:00Z,1009.99,1023.73,988.96,1014,540810
2022-03-23T04:00:00Z,980.49,1040.35,976.4,998.73,1040774
2022-03-22T04:00:00Z,930,997.66,922.07,994.25,944075
2022-03-21T04:00:00Z,914.98,942.63,907.32,920.83,710039
2022-03-18T04:00:00Z,875,907.83,867.39,905.39,803700
2022-03-17T04:00:00Z,830.99,874.82,826.5,871.53,644817
2022-03-16T04:00:00Z,808,842,803.26,840.42,904064
2022-03-15T04:00:00Z,775.27,805.385,756.67,801.35,702266
2022-03-14T04:00:00Z,781.12,800.7,756.06,766.6,635397
2022-03-11T05:00:00Z,840.38,843.055,793.9,794.73,667855
2022-03-10T05:00:00Z,851.5,853.355,810.76,838.21,596398
2022-03-09T05:00:00Z,839.48,860.52,832.795,858.725,565846
2022-03-08T05:00:00Z,795.49,849.63,782.51,824.38,769728
2022-03-07T05:00:00Z,857.5,866.13,804.94,805.09,762953
2022-03-04T05:00:00Z,848.73,854.95,825.28,838.23,673403
2022-03-03T05:00:00Z,878.69,885.45,832.92,839.38,585697
2022-03-02T05:00:00Z,872.78,885.76,845.555,879.95,788535
2022-03-01T05:00:00Z,869.59,888.9,854.16,864.2,632580
2022-02-28T05:00:00Z,815.01,876.58,815,871.14,748672
2022-02-25T05:00:00Z,810,819.06,783.03,809.66,603363
2022-02-24T05:00:00Z,701,802.37,700.01,800.53,1336268
2022-02-23T05:00:00Z,830.56,834.79,760.65,764.04,878927
2022-02-22T05:00:00Z,834.19,856.62,801.27,821.25,826434
2022-02-18T05:00:00Z,885.6,886.085,837.86,856.97,568255
2022-02-17T05:00:00Z,912.19,918.18,874.22,876.02,561445
2022-02-16T05:00:00Z,914.01,926.14,901.5,923.39,363304
2022-02-15T05:00:00Z,898.07,922.84,894.47,922.17,573770
2022-02-14T05:00:00Z,861.65,898.68,853.405,875.66,646354
2022-02-11T05:00:00Z,909.32,915.39,850.8,860,756623
2022-02-10T05:00:00Z,908.37,943.7,896.99,904.5,572118
2022-02-09T05:00:00Z,935.21,945.63,922.42,931.51,425577
2022-02-08T05:00:00Z,905.01,926.04,895.78,921.62,455021
2022-02-07T05:00:00Z,923.69,946.99,903,906.945,501678
2022-02-04T05:00:00Z,896.93,936.47,881.81,923.32,699280
2022-02-03T05:00:00Z,881.935,936.98,881.07,891.17,699079
2022-02-02T05:00:00Z,926.58,931.35,889.48,905.64,542975
2022-02-01T05:00:00Z,934.4,943.35,905.02,930.48,651095
2022-01-31T05:00:00Z,871.62,937.5,862.66,936.5,971682
2022-01-28T05:00:00Z,832,857.29,792.35,846.365,1070652
2022-01-27T05:00:00Z,934.035,934.41,829.02,829.135,1509103
2022-01-26T05:00:00Z,952.56,987.4,906.18,938.965,914050
2022-01-25T05:00:00Z,913.405,950.72,904.15,918.33,647474
2022-01-24T05:00:00Z,904.99,933.04,852,929.85,1284149
2022-01-21T05:00:00Z,996.99,1003.85,940.57,943.6,799913
2022-01-20T05:00:00Z,1008.14,1041.34,994.12,996.45,514293
2022-01-19T05:00:00Z,1041.35,1054.17,995,995.61,512908
2022-01-18T05:00:00Z,1025.935,1070.7,1017.13,1030.5,452791
2022-01-14T05:00:00Z,1019.99,1051.1,1013.51,1049.89,450191
2022-01-13T05:00:00Z,1109.69,1115.17,1026.61,1032.27,726383
2022-01-12T05:00:00Z,1079.96,1114.46,1073.47,1105.55,529437
2022-01-11T05:00:00Z,1053.85,1075.1,1041.39,1064.45,401417
2022-01-10T05:00:00Z,1001.76,1058.96,980.04,1058.47,737529
2022-01-07T05:00:00Z,1080.37,1080.49,1010.71,1026.42,602989
2022-01-06T05:00:00Z,1077,1085.01,1021.565,1065.13,737711
2022-01-05T05:00:00Z,1146.92,1169.82,1081.5,1087.875,639682
2022-01-04T05:00:00Z,1189.55,1206.61,1123.26,1149.67,696530
2022-01-03T05:00:00Z,1148.905,1200.7,1137,1200,883186
2021-12-31T05:00:00Z,1073.39,1080.76,1054.74,1056.86,273175
2021-12-30T05:00:00Z,1060.87,1095.11,1056.5,1070.85,351629
2021-12-29T05:00:00Z,1098.985,1102.77,1064.56,1085.35,397160
2021-12-28T05:00:00Z,1108.93,1116.63,1078.88,1088.32,409746
2021-12-27T05:00:00Z,1073.71,1117,1071.45,1093.81,475316
2021-12-23T05:00:00Z,1006.8,1072.82,997.98,1067.6,616503
2021-12-22T05:00:00Z,965.83,1015.375,957.99,1008.87,567685
2021-12-21T05:00:00Z,917.63,939.33,886.5,939.33,513560
2021-12-20T05:00:00Z,909.89,921,893.61,900,381925
2021-12-17T05:00:00Z,913.87,960.28,910,931.155,611406
2021-12-16T05:00:00Z,994.5,994.5,923.355,927,656646
2021-12-15T05:00:00Z,952.91,977.93,928.49,975.72,461884
2021-12-14T05:00:00Z,944.99,965.92,930,959.15,509648
2021-12-13T05:00:00Z,1001.26,1002.92,952.18,966.41,886748
2021-12-10T05:00:00Z,1009.43,1020.18,982.77,1016.565,429927
2021-12-09T05:00:00Z,1060.99,1062,1002.71,1003.01,480856
2021-12-08T05:00:00Z,1052.87,1072.07,1033.43,1068.51,220101
2021-12-07T05:00:00Z,1044.81,1056.78,1027.01,1051.55,396965
2021-12-06T05:00:00Z,1001.51,1020.32,950.53,1008.68,533219
2021-12-03T05:00:00Z,1086.99,1089.18,1000.25,1015.24,713850
2021-12-02T05:00:00Z,1099.17,1111.76,1057.04,1084.71,502127
2021-12-01T05:00:00Z,1160.695,1171.68,1092.09,1093.41,570644
2021-11-30T05:00:00Z,1148,1167.675,1118.24,1144.74,492109
2021-11-29T05:00:00Z,1100.99,1142.42,1100.53,1136.53,382996
2021-11-26T05:00:00Z,1098.95,1107.16,1081.24,1083.13,230995
2021-11-24T05:00:00Z,1080.39,1131.95,1062.41,1115.85,399215
2021-11-23T05:00:00Z,1163.8,1179.56,1063.22,1110,711307
2021-11-22T05:00:00Z,1162.31,1201.43,1134.5,1155.73,693242
2021-11-19T05:00:00Z,1101.55,1138.535,1093.01,1136.28,391116
2021-11-18T05:00:00Z,1104.925,1111.83,1075.31,1096.03,378248
2021-11-17T05:00:00Z,1064.35,1119.315,1056.32,1089.84,574444
2021-11-16T05:00:00Z,1003.99,1056.99,1003.42,1054.54,433605
2021-11-15T05:00:00Z,1016.13,1031.79,979.01,1013.445,721606
2021-11-12T05:00:00Z,1047.79,1053.89,1019.5,1033.98,518715
2021-11-11T05:00:00Z,1103.08,1104,1054.96,1063.2,409542
2021-11-10T05:00:00Z,1010.59,1077.5,988.23,1068.1,708151
2021-11-09T05:00:00Z,1173.6,1173.6,1011.85,1023.39,1053414
2021-11-08T05:00:00Z,1149,1196.7,1133.45,1161.37,453086
2021-11-05T04:00:00Z,1228.01,1239.64,1208.42,1221.68,445002
2021-11-04T04:00:00Z,1235.6,1242.86,1217.32,1229.73,511137
2021-11-03T04:00:00Z,1177.33,1215.19,1152.855,1213.65,644473
2021-11-02T04:00:00Z,1158.5,1208.095,1146.6,1171.85,1022051
2021-11-01T04:00:00Z,1145.25,1209.75,1119.035,1209.11,1646892
2021-10-29T04:00:00Z,1084.69,1115.065,1073.9,1114.34,473995
2021-10-28T04:00:00Z,1068.24,1080.65,1054.6,1077.09,495510
2021-10-27T04:00:00Z,1038.13,1070.5,1031.12,1038.39,1149971
2021-10-26T04:00:00Z,1024.47,1094.6,1001.61,1018.29,1291182
2021-10-25T04:00:00Z,950.76,1044.98,944.325,1024.47,1223329
2021-10-22T04:00:00Z,894.79,910,891.23,909.74,467272
2021-10-21T04:00:00Z,855.775,900,855.725,893.91,684948
2021-10-20T04:00:00Z,865.37,869.29,857.52,865.22,352676
2021-10-19T04:00:00Z,877.755,877.755,862.62,863.69,359220
2021-10-18T04:00:00Z,851.52,874.74,851.52,870.26,425875
2021-10-15T04:00:00Z,825.57,843.21,822.755,843.1,547254
2021-10-14T04:00:00Z,815.99,820.22,813.73,818.325,193882
2021-10-13T04:00:00Z,810.81,815.18,805.89,811.19,233575
2021-10-12T04:00:00Z,800.355,812.3,798,805.925,340643
2021-10-11T04:00:00Z,787.77,801.13,785.67,791.65,225129
2021-10-08T04:00:00Z,796.1,796.1,781.92,785.5,278067
2021-10-07T04:00:00Z,784.56,804.57,783.76,793.31,306142
2021-10-06T04:00:00Z,776.26,786.38,773.27,782.73,241330
2021-10-05T04:00:00Z,784.42,797.22,774.61,780.61,303275
2021-10-04T04:00:00Z,795.755,806.78,776.15,780.89,600336
2021-10-01T04:00:00Z,778.04,780.38,763.76,774.88,319258
2021-09-30T04:00:00Z,780,788.93,775.01,775.01,323528
2021-09-29T04:00:00Z,780.27,793.33,770.97,781.33,358752
2021-09-28T04:00:00Z,787.09,795.61,766.41,777.65,448672
2021-09-27T04:00:00Z,773,798.84,769.43,791,491305
2021-09-24T04:00:00Z,745.82,774.75,744.82,774.55,464611
2021-09-23T04:00:00Z,754.585,757.9,748.11,753.94,239221
2021-09-22T04:00:00Z,743.27,753.55,739.51,752.1,291053
2021-09-21T04:00:00Z,734.97,744.53,730.47,739.27,301178
2021-09-20T04:00:00Z,734.02,741.77,718.78,730.29,580651
2021-09-17T04:00:00Z,757.15,760.87,750.57,759.9,414952
2021-09-16T04:00:00Z,752.4,758.9,747.86,756.79,345875
2021-09-15T04:00:00Z,745.65,756.8,738.83,755.61,291686
2021-09-14T04:00:00Z,743.79,754.27,736.51,744.49,306826
2021-09-13T04:00:00Z,739.98,744.55,709.075,742.97,488792
2021-09-10T04:00:00Z,759.67,762.51,734.63,735.83,318524
2021-09-09T04:00:00Z,753.66,762.02,751.66,754.85,306590
2021-09-08T04:00:00Z,761.42,764.37,740.935,753.835,383487
2021-09-07T04:00:00Z,740.715,760.11,739.26,752.92,340631
2021-09-03T04:00:00Z,731.725,733.98,724.25,733.82,344199
2021-09-02T04:00:00Z,734.25,740.73,730.605,731.92,249120
2021-09-01T04:00:00Z,734.7,741.78,731.5,734.08,207393
2021-08-31T04:00:00Z,733.745,740.215,726.64,735.48,385017
2021-08-30T04:00:00Z,714.685,730.92,713.05,730.83,366403
2021-08-27T04:00:00Z,705.21,714.96,702.885,711.8,324013
2021-08-26T04:00:00Z,708.29,715.3,697.75,701.2,300626
2021-08-25T04:00:00Z,707.02,716.61,704.64,711.01,236698
2021-08-24T04:00:00Z,710.675,714.99,702.69,708.67,248072
2021-08-23T04:00:00Z,684.055,711.92,681.4,706.43,395729
2021-08-20T04:00:00Z,682.92,691.61,673.8,680.1,243422
2021-08-19T04:00:00Z,678.56,686.085,667.7,673.45,254589
2021-08-18T04:00:00Z,671.15,695.62,670.22,689.205,378834
2021-08-17T04:00:00Z,672.5,674.09,649.09,665.91,444238
2021-08-16T04:00:00Z,705.07,709.03,678.21,686.14,496714
2021-08-13T04:00:00Z,722.765,729.73,714.73,717.07,300436
2021-08-12T04:00:00Z,706.34,722.59,699.76,722.26,347400
2021-08-11T04:00:00Z,713.37,714.78,704.53,707.63,200379
2021-08-10T04:00:00Z,713.88,716.32,701.93,709.72,247071
2021-08-09T04:00:00Z,710.19,718.72,705.26,713.805,248154
2021-08-06T04:00:00Z,711.745,716.32,697.84,698.86,360577
2021-08-05T04:00:00Z,715.4,720.79,711.72,714.58,264530
2021-08-04T04:00:00Z,710.8,724.88,709.13,710.99,375525
2021-08-03T04:00:00Z,719.49,722.32,701.23,710.08,417001
2021-08-02T04:00:00Z,700.24,726.79,698.4,710.245,748084
2021-07-30T04:00:00Z,671.365,697.34,669.26,687.58,602151
2021-07-29T04:00:00Z,649.43,683.67,649.39,677.3,665202
2021-07-28T04:00:00Z,647.145,654.91,639.69,646.935,401535
2021-07-27T04:00:00Z,663.61,666.255,627.37,644.825,702890
2021-07-26T04:00:00Z,650.95,668.05,647.44,658.165,461589
2021-07-23T04:00:00Z,646.36,648.78,637.44,643.315,319000
2021-07-22T04:00:00Z,656.18,661.81,644.72,649.04,260954
2021-07-21T04:00:00Z,659.96,664.67,650.51,655.23,238705
2021-07-20T04:00:00Z,652.48,662.18,640.81,660.97,281161
2021-07-19T04:00:00Z,630.28,646.95,621.44,646.4,344620
2021-07-16T04:00:00Z,654.35,656.415,642.35,644.35,326647
2021-07-15T04:00:00Z,658.37,665.82,637.985,650.8,366658
2021-07-14T04:00:00Z,670.75,678.22,652.91,653.18,405794
2021-07-13T04:00:00Z,687.1,692.83,666.35,668.99,399988
2021-07-12T04:00:00Z,662.975,687.05,662.27,685.61,461894
2021-07-09T04:00:00Z,653.94,658.76,647.57,656.85,387472
2021-07-08T04:00:00Z,628.115,654.25,620.825,653.43,498022
2021-07-07T04:00:00Z,664.26,665.46,638.42,644.48,431646
2021-07-06T04:00:00Z,681.61,683.94,651.6,659.745,533725
2021-07-02T04:00:00Z,678.84,700,673.35,678.53,514837
2021-07-01T04:00:00Z,683.92,687.73,673.305,677.955,404277
2021-06-30T04:00:00Z,679.77,692.49,678.31,679.83,331211
2021-06-29T04:00:00Z,685.145,687.46,676.05,680.64,335467
2021-06-28T04:00:00Z,671.54,694.295,670.47,688.5,341959
2021-06-25T04:00:00Z,689.58,693.65,668.85,672.27,564969
2021-06-24T04:00:00Z,674.75,697.54,667.64,679.98,841177
2021-06-23T04:00:00Z,631.97,657.13,630.3,656.35,631242
2021-06-22T04:00:00Z,618.695,628.21,615.62,623.02,386597
2021-06-21T04:00:00Z,624.88,631.2,609.105,620.715,469963
2021-06-18T04:00:00Z,612.59,628.3,611.96,623.47,443411
2021-06-17T04:00:00Z,601.89,621.38,601.73,616.28,398160
2021-06-16T04:00:00Z,597.125,608.29,593.7,604.545,509092
2021-06-15T04:00:00Z,616.6,616.725,598.31,598.905,405336
2021-06-14T04:00:00Z,612.27,625,609.49,617.65,408675
2021-06-11T04:00:00Z,610.28,612.42,601.59,609.84,365988
2021-06-10T04:00:00Z,603.9,616.32,600.62,609.74,505779
2021-06-09T04:00:00Z,602.48,611.57,597.79,598.915,396305
2021-06-08T04:00:00Z,623.09,623.09,595.72,603.685,611287
2021-06-07T04:00:00Z,591.67,608.1,583,605.24,480662
2021-06-04T04:00:00Z,580.68,600.49,577.24,599.12,598051
2021-06-03T04:00:00Z,601.8,604.54,571.48,572.935,757393
2021-06-02T04:00:00Z,620.42,623,599.22,604.68,536598
2021-06-01T04:00:00Z,627.66,633.6,620.63,623.7,401353
2021-05-28T04:00:00Z,631.84,635.58,622.56,625.36,502980
2021-05-27T04:00:00Z,620.76,630.995,616.47,630.945,508669
2021-05-26T04:00:00Z,607.74,626.07,601.76,619.11,560787
2021-05-25T04:00:00Z,607.74,613.83,595.93,604.835,548768
2021-05-24T04:00:00Z,582.45,614.39,574.68,606.23,623641
2021-05-21T04:00:00Z,595.825,596.22,580.01,580.64,595220
2021-05-20T04:00:00Z,575.19,588.6,571.19,586.725,710214
2021-05-19T04:00:00Z,551.46,566.075,547.05,563.32,849520
2021-05-18T04:00:00Z,568.57,596,563.88,577.3,872122
2021-05-17T04:00:00Z,575.3,589.53,561.44,576.74,763877
2021-05-14T04:00:00Z,583.85,592.685,570.6,589.76,762000
2021-05-13T04:00:00Z,601.88,605.98,560,571.85,980753
2021-05-12T04:00:00Z,602.45,619.98,586.84,590.055,778067
2021-05-11T04:00:00Z,599.01,626.9,596.05,617.125,1016200
2021-05-10T04:00:00Z,664.67,665,627.66,629.36,888219
2021-05-07T04:00:00Z,665.98,683.46,660.86,672.34,585556
2021-05-06T04:00:00Z,680.59,681,650,664.42,709737
2021-05-05T04:00:00Z,680.96,685.12,667.6,671.15,547222
2021-05-04T04:00:00Z,678.41,683.16,657.85,673.855,833792
2021-05-03T04:00:00Z,703.84,705.51,680.76,684.96,715471
2021-04-30T04:00:00Z,666.995,715.04,666.14,709.8,894965
2021-04-29T04:00:00Z,699.8,702.04,669.05,676.74,720750
2021-04-28T04:00:00Z,695.57,708.3,693.61,694.5,587027
2021-04-27T04:00:00Z,717.92,723.72,703.4,704.7,829698
2021-04-26T04:00:00Z,741.01,749.09,732.7,737.94,715346
2021-04-23T04:00:00Z,720.89,737.18,715.6,729.56,699440
2021-04-22T04:00:00Z,741.49,753.42,718.27,719.67,764312
2021-04-21T04:00:00Z,704.69,744.78,698.29,744.29,865960
2021-04-20T04:00:00Z,717.42,737.15,710.95,718.8,916596
2021-04-19T04:00:00Z,719.62,724.63,692.03,714.91,938026
2021-04-16T04:00:00Z,729.85,749.29,724.72,739.315,689508
2021-04-15T04:00:00Z,743.66,743.66,721.67,738.8,712939
2021-04-14T04:00:00Z,770.8,780.65,728.23,732.68,1213246
2021-04-13T04:00:00Z,712.66,762.92,710.94,762.5,685258
2021-04-12T04:00:00Z,685.39,704.73,682.25,701.2,786327
2021-04-09T04:00:00Z,678.055,680.94,669.51,676.95,601443
2021-04-08T04:00:00Z,676.53,689.47,671.87,683.775,841088
2021-04-07T04:00:00Z,686.9,691.32,668.67,670.87,821495
2021-04-06T04:00:00Z,690.63,696.47,681.61,691.48,765773
2021-04-05T04:00:00Z,707.71,708.01,684.89,690.51,979885
2021-04-01T04:00:00Z,688.74,692.28,659.575,660,1061050
2021-03-31T04:00:00Z,646.68,671.95,641.57,668.01,846594
2021-03-30T04:00:00Z,601.75,637.3,591.25,636.15,998402
2021-03-29T04:00:00Z,615.64,615.99,596.66,610.51,545217
2021-03-26T04:00:00Z,642.335,642.61,600,618.75,1002279
2021-03-25T04:00:00Z,612.63,645.35,610.23,640.225,970381
2021-03-24T04:00:00Z,667.47,667.5,630.97,630.97,887490
2021-03-23T04:00:00Z,675.79,677.56,657.84,663.05,764945
2021-03-22T04:00:00Z,684.06,699.46,669,669.61,1039555
2021-03-19T04:00:00Z,645.98,657.02,625.05,655.54,1008235
2021-03-18T04:00:00Z,684.8,688.72,652.08,653.8,753991
2021-03-17T04:00:00Z,656.87,703.53,651.21,701.73,953839
2021-03-16T04:00:00Z,703.36,707.64,671.43,676.52,762613
2021-03-15T04:00:00Z,694.17,713.03,685.53,707.41,715334
2021-03-12T05:00:00Z,669.29,694.77,666.34,694.04,865187
2021-03-11T05:00:00Z,699.77,702.21,677.22,699.6,944853
2021-03-10T05:00:00Z,700.58,717.7,656.7,668.01,993558
2021-03-09T05:00:00Z,607.875,678.07,595.52,673.31,1497670
2021-03-08T05:00:00Z,600.27,619.795,559.21,563,910664
2021-03-05T05:00:00Z,625.48,627.175,540.27,597.74,1530433
2021-03-04T05:00:00Z,653.81,668.24,600,621.29,1363490
2021-03-03T05:00:00Z,687.99,699.725,651.77,651.92,679981
2021-03-02T05:00:00Z,717.87,720.83,685.32,686.54,492189
2021-03-01T05:00:00Z,691.73,718.88,685.48,718.64,578508
2021-02-26T05:00:00Z,699.695,706.445,659.92,673.38,854674
2021-02-25T05:00:00Z,725.05,737.19,670.955,683.14,854565
2021-02-24T05:00:00Z,712.18,744.76,694.76,742.14,664804
2021-02-23T05:00:00Z,661.71,713,619.815,698.54,1107717
2021-02-22T05:00:00Z,762.435,768.31,710.72,714.82,800752
2021-02-19T05:00:00Z,794.67,796.355,777.61,781.05,325583
2021-02-18T05:00:00Z,780.9,794.59,776.51,787.24,370457
2021-02-17T05:00:00Z,779.09,799.7,762.63,798.31,557239
2021-02-16T05:00:00Z,818.89,820.68,792.59,796.56,426579
2021-02-12T05:00:00Z,801.18,817.23,785.42,816.6,438717
2021-02-11T05:00:00Z,811.95,829.21,801.73,811.26,329364
2021-02-10T05:00:00Z,843.635,844.68,800.32,804.97,835938
2021-02-09T05:00:00Z,855.19,859.77,841.88,849.14,290535
2021-02-08T05:00:00Z,868.85,876.75,855.23,863,288561
2021-02-05T05:00:00Z,845.45,864.48,839.35,852.72,349702
2021-02-04T05:00:00Z,855.67,855.67,833.51,849.79,268392
2021-02-03T05:00:00Z,877.03,878.08,853.76,854.73,290317
2021-02-02T05:00:00Z,845.34,880,843.06,872.47,395777
2021-02-01T05:00:00Z,813.73,841.885,796.23,840.25,489036
2021-01-29T05:00:00Z,829.21,841.81,780.45,793.24,661203
2021-01-28T05:00:00Z,819,847.61,802.32,836.27,672563
2021-01-27T05:00:00Z,870.565,890.855,858.87,863.46,603621
2021-01-26T05:00:00Z,891.77,895.67,872.35,883.03,498215
2021-01-25T05:00:00Z,854.42,900.22,839.56,881.85,973158
2021-01-22T05:00:00Z,834.38,847.98,829.1,846.99,314144
2021-01-21T05:00:00Z,854.46,855.49,841.6,844.83,506468
2021-01-20T05:00:00Z,858.8,859.405,837.605,851.21,480252
2021-01-19T05:00:00Z,837.82,849,833.3,844.5,491980
2021-01-15T05:00:00Z,850.61,858.99,819.13,826.03,769340
2021-01-14T05:00:00Z,843.5,863,839.07,845.79,661734
2021-01-13T05:00:00Z,853.06,860.105,832.01,854.33,512253
2021-01-12T05:00:00Z,830.94,867.94,827.42,849.22,786133
2021-01-11T05:00:00Z,848.47,854.25,804.35,810.835,1314656
2021-01-08T05:00:00Z,856,884.355,838.47,880.53,1489866
2021-01-07T05:00:00Z,777.63,816.91,775.45,816.01,815782
2021-01-06T05:00:00Z,758.5,773.86,749.97,756.36,796459
2021-01-05T05:00:00Z,723.66,740.82,719.32,735.345,478272
2021-01-04T05:00:00Z,718.49,744.215,717.19,729.51,692360
2020-12-31T05:00:00Z,699.99,718.71,691.22,705.64,643014
2020-12-30T05:00:00Z,672.02,696.44,668.67,694.53,439292
2020-12-29T05:00:00Z,660.77,669.45,655.02,665.9,294110
2020-12-28T05:00:00Z,674.51,680.61,660.94,663.9,413945
2020-12-24T05:00:00Z,644.43,666.08,641.2,661.97,279605
2020-12-23T05:00:00Z,631.92,650.98,622.87,645.98,374495
2020-12-22T05:00:00Z,646.89,649.88,614.43,640.46,712790
2020-12-21T05:00:00Z,666.24,668.26,646.09,648.425,1029566
2020-12-18T05:00:00Z,668.9,684.66,628.78,660.4,2116830
2020-12-17T05:00:00Z,628.59,658.74,619.54,655.54,627109
2020-12-16T05:00:00Z,628.8,631.58,605,622.535,518267
2020-12-15T05:00:00Z,643.55,646.74,623.98,632.74,705119
2020-12-14T05:00:00Z,618.685,642.655,610.27,639.55,731937
2020-12-11T05:00:00Z,615.01,623.88,596.97,609.99,443977
2020-12-10T05:00:00Z,574.37,627.67,567.21,627.67,620701
2020-12-09T05:00:00Z,653.86,654.31,588.9,604.47,961677
2020-12-08T05:00:00Z,624.99,651.2,618.85,649.84,575933
2020-12-07T05:00:00Z,604.76,648.53,603.64,642.1,449462
2020-12-04T05:00:00Z,591.625,598.98,586.58,598.95,232102
2020-12-03T05:00:00Z,590.87,598.78,582.55,593.09,376819
2020-12-02T05:00:00Z,552.81,571.08,541.57,568,434701
2020-12-01T05:00:00Z,597.14,597.43,572.37,584.875,427000
2020-11-30T05:00:00Z,602.5,607.24,554.8,566.51,474354
2020-11-27T05:00:00Z,581.35,598.62,578.55,585.55,328916
2020-11-25T05:00:00Z,550.07,573.985,545.68,573.985,327792
2020-11-24T05:00:00Z,540.7,559.94,526.41,555.66,537562
2020-11-23T05:00:00Z,503.315,525.83,502.065,521.48,367979
2020-11-20T05:00:00Z,497.99,501.99,489.1,489.13,289158
2020-11-19T05:00:00Z,492.02,508.41,487.57,499.2,591715
2020-11-18T05:00:00Z,448.08,495.87,443.87,486.64,683709
2020-11-17T05:00:00Z,460.34,461.75,433.38,441.52,693483
2020-11-16T05:00:00Z,410.22,412.28,404.21,407.94,440642
2020-11-13T05:00:00Z,410.79,412.44,401.79,408.44,256077
2020-11-12T05:00:00Z,415.1,423,409.57,411.91,167423
2020-11-11T05:00:00Z,416.56,418.6,411.09,416.93,210055
2020-11-10T05:00:00Z,420.09,420.09,396.07,410.62,368287
2020-11-09T05:00:00Z,439.55,452.35,421.16,421.16,411616
2020-11-06T05:00:00Z,436.065,436.515,424.75,429.9,258378
2020-11-05T05:00:00Z,428.525,440,424.715,438.06,185064
2020-11-04T05:00:00Z,430.99,435.26,417.33,420.22,237258
2020-11-03T05:00:00Z,409.94,427.72,406.86,423.75,365498
2020-11-02T05:00:00Z,394,406.76,392.51,401,274298
2020-10-30T04:00:00Z,406.75,406.935,379.15,388.25,573208
2020-10-29T04:00:00Z,409.95,418.035,406.86,410.96,223656
2020-10-28T04:00:00Z,415.53,418.41,406.03,406.34,266670
2020-10-27T04:00:00Z,423.905,430.435,420.51,424.61,199254
2020-10-26T04:00:00Z,411.505,425.7,410,420.4,296168
2020-10-23T04:00:00Z,421.84,422.74,407.41,420.42,1135399
2020-10-22T04:00:00Z,441.9,445,424.6,425.97,1467415
2020-10-21T04:00:00Z,422.58,432.95,421.3,422.26,1024215
2020-10-20T04:00:00Z,431.6,431.6,419.09,421.84,1267236
2020-10-19T04:00:00Z,446.4,446.65,428.9,430.865,2015400
2020-10-16T04:00:00Z,454.2,455.81,438.85,439.74,1071093
2020-10-15T04:00:00Z,450.31,456.42,442.54,448.94,1300516
2020-10-14T04:00:00Z,449.8,465.79,447.38,461.32,1975185
2020-10-13T04:00:00Z,443.57,448.89,436.75,446.83,1381485
2020-10-12T04:00:00Z,441.82,448.69,438.58,442.08,1411451
2020-10-09T04:00:00Z,430.3,434.55,426.58,433.885,831245
2020-10-08T04:00:00Z,438.69,438.81,425.3,425.865,1162517
2020-10-07T04:00:00Z,420.1,429.87,413.92,425.21,1184711
2020-10-06T04:00:00Z,423.51,428.73,406.13,413.905,1542741
2020-10-05T04:00:00Z,422.865,433.63,419.33,425.45,1244477
2020-10-02T04:00:00Z,421.17,438.95,415,415,1820704
2020-10-01T04:00:00Z,440.835,448.87,434.56,447.935,1415489
2020-09-30T04:00:00Z,421.31,433.43,420.6,429.29,271753
2020-09-29T04:00:00Z,416,428.2,411.76,418.99,181837
2020-09-28T04:00:00Z,424.775,427.77,415.7,420.97,271077
2020-09-25T04:00:00Z,393.19,408.565,391.65,407.29,317829
2020-09-24T04:00:00Z,363.63,399.28,351.62,387.6,583193
2020-09-23T04:00:00Z,405.505,411.785,376.01,380.005,581867
2020-09-22T04:00:00Z,429.21,437.75,417.85,423.93,289215
2020-09-21T04:00:00Z,452.86,455.52,407.57,449.44,514833
2020-09-18T04:00:00Z,447.835,450.61,429.26,441.69,469658
2020-09-17T04:00:00Z,415.2,437.595,409.05,423.16,453433
2020-09-16T04:00:00Z,439.25,457.63,436,442.05,287798
2020-09-15T04:00:00Z,436.83,461.89,430.85,450.27,678254
2020-09-14T04:00:00Z,381.14,419.86,373.61,419.63,656826
2020-09-11T04:00:00Z,381.96,382.05,360.61,372.85,353424
2020-09-10T04:00:00Z,386.59,398.73,360.785,371.2,614295
2020-09-09T04:00:00Z,357.39,368.84,341.58,366.1,681218
2020-09-08T04:00:00Z,355.48,368.37,330,330.1,1302183
2020-09-04T04:00:00Z,402.67,427.65,372.53,418.39,1131942
2020-09-03T04:00:00Z,407.485,431.29,402.02,407.115,779391
2020-09-02T04:00:00Z,478.775,478.775,405.21,447.425,876924
2020-09-01T04:00:00Z,502.205,502.205,471,475.045,1188112
2020-08-31T04:00:00Z,444.69,500.02,440.26,498.71,1430913
2020-08-28T04:00:00Z,2294.2,2318.455,2186.81,2215.57,180307
2020-08-27T04:00:00Z,2182.55,2293.74,2143.27,2237.825,190403
2020-08-26T04:00:00Z,2060.94,2165.555,2056.33,2151.67,126518
2020-08-25T04:00:00Z,1973.295,2026.245,1969.1,2024.365,86297
2020-08-24T04:00:00Z,2126.96,2127.88,1938.92,2015.02,144621
2020-08-21T04:00:00Z,2045.15,2095.43,2027.62,2049.485,267749
2020-08-20T04:00:00Z,1860,2021.86,1860,2001.07,181286
2020-08-19T04:00:00Z,1860.56,1910.96,1845.19,1878.94,78322
2020-08-18T04:00:00Z,1897.02,1923.6,1848.34,1889.045,145068
2020-08-17T04:00:00Z,1673.14,1845.255,1673.14,1834.57,141043
2020-08-14T04:00:00Z,1663,1667.5,1628.205,1650.71,67611
2020-08-13T04:00:00Z,1613.92,1650.28,1570.13,1621.05,102314
2020-08-12T04:00:00Z,1467.925,1584.96,1438.17,1554.34,149372
2020-08-11T04:00:00Z,1393.34,1418.71,1368.76,1373.1,46580
2020-08-10T04:00:00Z,1445.275,1455.74,1388.19,1419.81,58043
2020-08-07T04:00:00Z,1498.26,1499.34,1415.49,1453.46,95459
2020-08-06T04:00:00Z,1488.31,1516.59,1477.885,1491.3,47420
2020-08-05T04:00:00Z,1493.885,1497.16,1470.22,1486.3,47298
2020-08-04T04:00:00Z,1496.91,1527.22,1464.36,1487.54,80533
2020-08-03T04:00:00Z,1450.18,1508.4,1444.69,1485.11,55401
2020-07-31T04:00:00Z,1506.41,1511.65,1421.115,1431.66,127894
2020-07-30T04:00:00Z,1482.055,1513.24,1473.42,1487.5,49434
2020-07-29T04:00:00Z,1498.09,1533.31,1492.2,1499.28,49589
2020-07-28T04:00:00Z,1500.805,1564.325,1477.45,1479.35,77486
2020-07-27T04:00:00Z,1433.52,1546.99,1417.26,1542.59,86492
