2024-06-14T04:00:00Z,16.74,16.74,16.175,16.415,108911
2024-06-13T04:00:00Z,17.905,17.905,16.71,16.785,151536
2024-06-12T04:00:00Z,18.06,18.555,17.83,17.905,417311
2024-06-11T04:00:00Z,17.89,17.91,17.325,17.57,131911
2024-06-10T04:00:00Z,17.22,17.98,17.22,17.97,173644
2024-06-07T04:00:00Z,17.72,17.75,17.2,17.265,231757
2024-06-06T04:00:00Z,17.52,18.12,17.33,18.025,136863
2024-06-05T04:00:00Z,17.98,17.98,17.56,17.64,207085
2024-06-04T04:00:00Z,17.88,18.2,17.865,17.94,142117
2024-06-03T04:00:00Z,18.5,18.52,17.855,18.02,75467
2024-05-31T04:00:00Z,18.19,18.61,18.03,18.29,118358
2024-05-30T04:00:00Z,18.675,18.675,18.13,18.21,174308
2024-05-29T04:00:00Z,18.71,18.925,18.345,18.76,226714
2024-05-28T04:00:00Z,19.38,19.575,18.92,19.08,319130
2024-05-24T04:00:00Z,19.51,19.655,19.32,19.4,136016
2024-05-23T04:00:00Z,20.3,20.345,19.47,19.59,230443
2024-05-22T04:00:00Z,20.61,20.9,20.325,20.46,151521
2024-05-21T04:00:00Z,21.03,21.04,20.51,20.55,136976
2024-05-20T04:00:00Z,21.635,21.65,21.225,21.25,78590
2024-05-17T04:00:00Z,22.1,22.14,21.56,21.67,137468
2024-05-16T04:00:00Z,22.43,22.52,22.04,22.09,318945
2024-05-15T04:00:00Z,23.285,23.3,21.9,22.365,159562
2024-05-14T04:00:00Z,23.225,24.115,23.025,23.03,191681
2024-05-13T04:00:00Z,21.815,23.055,21.615,22.685,182324
2024-05-10T04:00:00Z,23.945,24.44,21.645,21.685,600251
2024-05-09T04:00:00Z,23.825,24.515,23.585,24.17,417136
2024-05-08T04:00:00Z,24.625,24.695,23.96,24.095,240065
2024-05-07T04:00:00Z,25.36,25.58,25.22,25.33,151226
2024-05-06T04:00:00Z,25.07,25.485,25.07,25.485,115693
2024-05-03T04:00:00Z,24.875,25.105,24.42,24.735,83391
2024-05-02T04:00:00Z,24.67,24.67,23.895,24.165,231849
2024-05-01T04:00:00Z,24.25,25.295,24.025,24.555,112210
2024-04-30T04:00:00Z,24.59,24.81,24.23,24.27,75237
2024-04-29T04:00:00Z,24.45,25.06,24.41,24.98,129956
2024-04-26T04:00:00Z,23.34,24.405,23.22,24.16,169035
2024-04-25T04:00:00Z,22.795,23.36,22.69,23.315,85259
2024-04-24T04:00:00Z,23.39,23.68,23.035,23.57,148801
2024-04-23T04:00:00Z,22.91,23.605,22.66,23.09,115940
2024-04-22T04:00:00Z,23.075,23.075,22.395,22.885,109757
2024-04-19T04:00:00Z,23.22,23.7,22.755,22.885,164986
2024-04-18T04:00:00Z,23.655,23.925,23.33,23.425,86138
2024-04-17T04:00:00Z,24,24.27,23.7,23.72,129559
2024-04-16T04:00:00Z,23.92,24.19,23.49,23.94,120060
2024-04-15T04:00:00Z,25.29,25.37,24.15,24.43,182235
2024-04-12T04:00:00Z,25.715,25.76,25.21,25.3,203741
2024-04-11T04:00:00Z,26.23,26.55,25.81,26.05,66244
2024-04-10T04:00:00Z,26.28,26.57,25.735,25.915,214076
2024-04-09T04:00:00Z,26.57,27.125,26.405,27.085,188349
2024-04-08T04:00:00Z,25.625,26.345,25.625,26.21,167483
2024-04-05T04:00:00Z,25.01,25.59,24.955,25.35,84350
2024-04-04T04:00:00Z,26.19,26.365,25.3,25.3,166112
2024-04-03T04:00:00Z,25.99,26.075,25.57,25.76,121681
2024-04-02T04:00:00Z,25.96,26.265,25.49,26.25,190103
2024-04-01T04:00:00Z,26.63,26.84,25.85,26.605,147107
2024-03-28T04:00:00Z,27.15,27.845,26.69,26.7,152948
2024-03-27T04:00:00Z,27.01,27.205,25.12,26.99,261978
2024-03-26T04:00:00Z,27.64,27.67,26.55,26.69,397562
2024-03-25T04:00:00Z,26.92,27.45,26.92,27.19,74024
2024-03-22T04:00:00Z,27.32,27.38,26.95,26.985,124810
2024-03-21T04:00:00Z,27.61,28.47,27.5,27.565,230118
2024-03-20T04:00:00Z,25.95,27.25,25.635,27.155,378969
2024-03-19T04:00:00Z,25.65,26.035,25.13,26.01,114709
2024-03-18T04:00:00Z,26.005,26.31,25.51,26.07,145119
2024-03-15T04:00:00Z,25.66,26.19,25.64,26.09,244273
2024-03-14T04:00:00Z,25.83,26.075,25.42,26.02,236211
2024-03-13T04:00:00Z,25.75,26.84,25.7,26.18,287126
2024-03-12T04:00:00Z,26.935,26.935,25.585,25.955,413060
2024-03-11T04:00:00Z,26.96,27.505,26.82,27.1,219176
2024-03-08T05:00:00Z,27.655,28.05,27.01,27.035,213647
2024-03-07T05:00:00Z,27.28,27.585,26.68,27.34,106350
2024-03-06T05:00:00Z,27.24,27.33,26.3,27.06,213233
2024-03-05T05:00:00Z,26.465,27,26.02,26.89,299453
2024-03-04T05:00:00Z,28.61,28.61,26.875,27.01,450080
2024-03-01T05:00:00Z,29.14,29.425,28.33,28.895,186448
2024-02-29T05:00:00Z,29.35,29.965,28.905,29.35,161833
2024-02-28T05:00:00Z,30.365,30.455,29.07,29.28,319606
2024-02-27T05:00:00Z,29.06,31.66,27.76,31.045,1061959
2024-02-26T05:00:00Z,31.34,33.42,31.34,33.01,440235
2024-02-23T05:00:00Z,30.95,31.55,30.59,31.26,158068
2024-02-22T05:00:00Z,31.585,31.83,30.86,31.02,245548
2024-02-21T05:00:00Z,31.01,31.365,30.585,30.865,177757
2024-02-20T05:00:00Z,33.24,33.24,31.64,32.02,274872
2024-02-16T05:00:00Z,34.335,34.9,33.84,33.89,156947
2024-02-15T05:00:00Z,35.29,35.54,34.33,35.045,184356
2024-02-14T05:00:00Z,33.86,35.195,33.73,34.91,226069
2024-02-13T05:00:00Z,32.03,33.385,31.76,33.1,304527
2024-02-12T05:00:00Z,33.57,35.54,33.56,34.11,227842
2024-02-09T05:00:00Z,33.85,34.385,33.48,33.82,129812
2024-02-08T05:00:00Z,32.62,33.59,32.145,33.435,170768
2024-02-07T05:00:00Z,32.25,32.88,31.685,32.49,136746
2024-02-06T05:00:00Z,31.82,32.26,31.4,32.04,108080
2024-02-05T05:00:00Z,33.14,33.42,31.235,31.47,292472
2024-02-02T05:00:00Z,31.425,32.895,30.925,32.84,157871
2024-02-01T05:00:00Z,32.46,32.77,31.42,31.955,288859
2024-01-31T05:00:00Z,33.005,34.09,32.34,32.37,186516
2024-01-30T05:00:00Z,34.17,34.295,33.455,33.5,153778
2024-01-29T05:00:00Z,33.11,34.695,32.835,34.64,191426
2024-01-26T05:00:00Z,33.01,33.9,33.01,33.1,177508
2024-01-25T05:00:00Z,33.26,33.665,32.71,32.87,269914
2024-01-24T05:00:00Z,35.11,35.11,33.025,33.025,289641
2024-01-23T05:00:00Z,34.85,34.93,33.785,34.285,134090
2024-01-22T05:00:00Z,34,35.49,33.68,34.23,290672
2024-01-19T05:00:00Z,33.1,33.345,32.25,33.12,180861
2024-01-18T05:00:00Z,34.45,34.46,32.45,32.87,136148
2024-01-17T05:00:00Z,33.22,33.31,32.22,32.97,259936
2024-01-16T05:00:00Z,33.795,34.295,32.93,34.115,164848
2024-01-12T05:00:00Z,34.45,35.49,34.31,34.59,238065
2024-01-11T05:00:00Z,36.77,37.04,34.655,34.79,388645
2024-01-10T05:00:00Z,36.02,38.835,35.54,37.12,392490
2024-01-09T05:00:00Z,38.67,38.67,35.53,35.86,512482
2024-01-08T05:00:00Z,37.585,39.285,37.14,38.98,270847
2024-01-05T05:00:00Z,36.24,38.34,36.17,37.79,162906
2024-01-04T05:00:00Z,36.73,37.67,36.325,37.045,264741
2024-01-03T05:00:00Z,37.76,38.17,36.785,36.92,205023
2024-01-02T05:00:00Z,39.915,40.65,38.28,38.785,311528
2023-12-29T05:00:00Z,42.27,42.53,40.08,40.915,150721
2023-12-28T05:00:00Z,42.335,42.795,41.74,42.69,86482
2023-12-27T05:00:00Z,42.81,43.5,41.47,42.74,140947
2023-12-26T05:00:00Z,40.07,42.435,39.95,42.14,240114
2023-12-22T05:00:00Z,38.445,39.58,37.49,39.23,206830
2023-12-21T05:00:00Z,39.53,40.04,38.59,39.71,167248
2023-12-20T05:00:00Z,40.825,41.385,38.61,38.655,217348
2023-12-19T05:00:00Z,39.72,41.36,39.63,40.95,237018
2023-12-18T05:00:00Z,39.2,39.785,38.49,39.32,193318
2023-12-15T05:00:00Z,38.64,39.64,38,39.37,254019
2023-12-14T05:00:00Z,36.44,38.375,36.44,38.29,316459
2023-12-13T05:00:00Z,33.32,35.47,33.245,35.39,250969
2023-12-12T05:00:00Z,32.46,33.37,32,33.21,161874
2023-12-11T05:00:00Z,32.25,32.615,31.605,32.43,101667
2023-12-08T05:00:00Z,31.62,33.64,31.62,32.725,224437
2023-12-07T05:00:00Z,31.415,32.02,31.165,31.905,174705
2023-12-06T05:00:00Z,31.99,32.54,31.46,31.47,218838
2023-12-05T05:00:00Z,32.3,32.58,30.83,31.255,191525
2023-12-04T05:00:00Z,31.94,33.01,31.9,32.63,286413
2023-12-01T05:00:00Z,29.385,32.695,29.255,32.53,420890
2023-11-30T05:00:00Z,30.64,30.67,29.32,29.51,134823
2023-11-29T05:00:00Z,30.24,31.63,29.94,30.36,355067
2023-11-28T05:00:00Z,28,29.42,27.92,29.38,140060
2023-11-27T05:00:00Z,28.61,29.43,27.775,28.12,341275
2023-11-24T05:00:00Z,28.48,29.11,28.48,28.89,66830
2023-11-22T05:00:00Z,28.89,28.98,27.96,28.57,129378
2023-11-21T05:00:00Z,29.03,29.28,28.12,28.41,202490
2023-11-20T05:00:00Z,29.41,30.12,29.06,29.44,176624
2023-11-17T05:00:00Z,28.91,29.42,28.46,29.21,157232
2023-11-16T05:00:00Z,30.03,30.09,28.64,28.91,234390
2023-11-15T05:00:00Z,29.39,30.38,28.93,30.2,341397
2023-11-14T05:00:00Z,29.32,29.48,27.98,29.16,288542
2023-11-13T05:00:00Z,26.415,28.475,26.415,28.17,723134
2023-11-10T05:00:00Z,22.3,27.15,22.29,27.015,1390325
2023-11-09T05:00:00Z,26.99,27,25.175,25.25,361473
2023-11-08T05:00:00Z,26.97,27.51,25.94,26.07,320343
2023-11-07T05:00:00Z,26.01,27.37,25.96,26.82,199871
2023-11-06T05:00:00Z,28.43,28.47,25.555,25.81,280430
2023-11-03T04:00:00Z,26.83,28.13,26.83,27.64,291670
2023-11-02T04:00:00Z,26.33,26.9,26.02,26.06,192674
2023-11-01T04:00:00Z,25.375,25.375,24.365,25.08,101633
2023-10-31T04:00:00Z,25.26,25.65,24.855,25.365,129131
2023-10-30T04:00:00Z,25.88,25.88,24.72,25.08,171003
2023-10-27T04:00:00Z,26.43,26.43,25.495,25.545,133924
2023-10-26T04:00:00Z,25.54,26.075,25.285,25.9,508874
2023-10-25T04:00:00Z,27.02,27.16,25.675,25.685,192562
2023-10-24T04:00:00Z,26.85,27.8,26.83,27.46,171774
2023-10-23T04:00:00Z,25.8,26.875,25.61,26.35,303183
2023-10-20T04:00:00Z,27.33,27.61,26.92,27.18,159053
2023-10-19T04:00:00Z,27.86,28.09,27.33,27.5,226601
2023-10-18T04:00:00Z,28.8,28.83,27.38,27.5,235452
2023-10-17T04:00:00Z,28.13,29.32,28.13,28.96,180700
2023-10-16T04:00:00Z,27.91,28.545,27.08,28.37,215643
2023-10-13T04:00:00Z,28.82,28.875,27.99,28.02,166234
2023-10-12T04:00:00Z,30.31,30.37,28.91,29.05,280733
2023-10-11T04:00:00Z,30.02,31.01,29.75,30.27,192870
2023-10-10T04:00:00Z,31.21,31.63,29.735,30.015,491661
2023-10-09T04:00:00Z,29.21,29.79,28.96,29.695,131213
2023-10-06T04:00:00Z,28.28,30.37,28.26,30.14,233444
2023-10-05T04:00:00Z,29.32,29.365,28.435,28.76,225553
2023-10-04T04:00:00Z,29.63,29.64,28.79,29.42,202048
2023-10-03T04:00:00Z,30.03,30.24,29.1,29.32,191507
2023-10-02T04:00:00Z,31.51,31.52,30.42,30.53,156665
2023-09-29T04:00:00Z,31.31,31.87,31.23,31.41,142189
2023-09-28T04:00:00Z,30.265,31.09,29.93,30.69,153988
2023-09-27T04:00:00Z,30.905,31,30.28,30.57,164719
2023-09-26T04:00:00Z,30.93,31.49,30.34,30.44,272299
2023-09-25T04:00:00Z,31.15,31.62,30.83,31.38,215897
2023-09-22T04:00:00Z,32.13,32.59,31.56,31.61,240952
2023-09-21T04:00:00Z,32.31,32.66,31.59,31.715,379078
2023-09-20T04:00:00Z,33.96,34.25,33.24,33.3,116660
2023-09-19T04:00:00Z,33.32,34.47,33.12,33.955,129783
2023-09-18T04:00:00Z,35.04,35.28,32.455,33.44,491277
2023-09-15T04:00:00Z,36.365,37.2,35.32,36.29,235589
2023-09-14T04:00:00Z,35.73,37.465,35.3,35.73,245440
2023-09-13T04:00:00Z,38.2,38.71,35.855,36.82,372417
2023-09-12T04:00:00Z,37.495,39.73,37.46,38.97,350430
2023-09-11T04:00:00Z,38.31,38.685,37.53,38.01,90533
2023-09-08T04:00:00Z,38.16,38.98,37.455,37.67,114298
2023-09-07T04:00:00Z,37.9,38.12,36.815,38.015,214357
2023-09-06T04:00:00Z,38.38,40.04,38.31,39.28,199030
2023-09-05T04:00:00Z,36.75,38.79,36.44,38.6,215887
2023-09-01T04:00:00Z,37.42,38.05,37.035,37.08,69309
2023-08-31T04:00:00Z,37.225,37.59,36.64,37.095,82160
2023-08-30T04:00:00Z,36.88,37.92,36.47,37.445,90079
2023-08-29T04:00:00Z,34.71,37.08,34.59,36.97,143541
2023-08-28T04:00:00Z,35.435,35.56,34.115,34.685,90797
2023-08-25T04:00:00Z,34.11,34.865,33.885,34.735,90832
2023-08-24T04:00:00Z,35.165,35.215,33.5,33.85,143097
2023-08-23T04:00:00Z,34.08,34.98,33.97,34.63,111815
2023-08-22T04:00:00Z,34.93,35.09,33.675,34.04,89726
2023-08-21T04:00:00Z,34.4,34.86,33.99,34.52,87506
2023-08-18T04:00:00Z,32.94,34.695,32.9,34.41,141073
2023-08-17T04:00:00Z,34.775,34.82,33.63,33.87,155809
2023-08-16T04:00:00Z,34.905,35.575,34.645,34.71,112166
2023-08-15T04:00:00Z,36.05,36.29,35.09,35.315,138485
2023-08-14T04:00:00Z,35.8,36.555,35.25,36.535,136763
2023-08-11T04:00:00Z,36.38,36.99,36.01,36.605,137735
2023-08-10T04:00:00Z,37.73,38.525,36.73,37.085,127065
2023-08-09T04:00:00Z,38.6,38.65,37.3,37.57,91970
2023-08-08T04:00:00Z,38.62,39.01,37.63,38.9,179922
2023-08-07T04:00:00Z,40.015,40.23,38.85,39.95,145930
2023-08-04T04:00:00Z,41.585,42.065,39.905,40.17,193182
2023-08-03T04:00:00Z,42.66,42.805,40.31,41.13,219021
2023-08-02T04:00:00Z,43.6,44.02,41.15,41.45,356626
2023-08-01T04:00:00Z,45.15,45.72,44.21,45.3,256398
2023-07-31T04:00:00Z,46.52,47.09,45.46,45.86,137721
2023-07-28T04:00:00Z,44.37,45.555,43.92,45.4,113319
2023-07-27T04:00:00Z,45.33,47.125,42.74,43.205,282138
2023-07-26T04:00:00Z,42.88,44.02,42.455,43.34,89226
2023-07-25T04:00:00Z,44.11,44.66,43.16,43.19,98185
2023-07-24T04:00:00Z,44.9,45.15,42.93,43.555,156837
2023-07-21T04:00:00Z,45.18,45.76,44.425,44.48,167080
2023-07-20T04:00:00Z,47.05,47.52,44.185,44.46,231435
2023-07-19T04:00:00Z,48.33,50.01,47.2,48.49,354456
2023-07-18T04:00:00Z,45.98,47.675,45.01,47.115,333696
2023-07-17T04:00:00Z,44.745,46.47,43.8,46.075,148810
2023-07-14T04:00:00Z,47.13,48.075,44.03,44.33,285554
2023-07-13T04:00:00Z,44.49,47.785,44.29,46.84,198060
2023-07-12T04:00:00Z,44.66,44.68,42.335,43.69,186813
2023-07-11T04:00:00Z,40.41,44.04,40.28,43.83,245833
2023-07-10T04:00:00Z,39.86,40.11,38.7,39.93,181352
2023-07-07T04:00:00Z,40.64,41.42,40.36,40.47,182455
2023-07-06T04:00:00Z,40.47,40.76,39.69,40.535,205587
2023-07-05T04:00:00Z,43.56,43.905,41.445,41.59,229566
2023-07-03T04:00:00Z,43.42,44.19,43.2,43.5,68372
2023-06-30T04:00:00Z,44.63,45.05,43.28,43.44,149301
2023-06-29T04:00:00Z,44.47,44.47,42.9,43.68,196827
2023-06-28T04:00:00Z,42.685,44.48,41.935,44.13,297570
2023-06-27T04:00:00Z,38.87,42.57,38.83,42.395,443366
2023-06-26T04:00:00Z,37.08,37.715,36.2,36.73,279491
2023-06-23T04:00:00Z,36.85,37.78,36.46,37.455,155420
2023-06-22T04:00:00Z,37.59,38.675,37.45,37.85,268351
2023-06-21T04:00:00Z,39.89,40.24,37.55,38.37,332349
2023-06-20T04:00:00Z,42.02,43.775,39.36,40.005,396343
2023-06-16T04:00:00Z,42.77,45.05,41.93,42.56,424698
2023-06-15T04:00:00Z,40.74,42.1,40.46,41.69,226391
2023-06-14T04:00:00Z,38.71,42.32,38.25,41.04,418726
2023-06-13T04:00:00Z,36.74,39.34,36.53,38.56,344958
2023-06-12T04:00:00Z,36.27,37.39,35.57,35.99,190822
2023-06-09T04:00:00Z,37.36,38.1,35.85,36.3,223767
2023-06-08T04:00:00Z,34.73,36.28,34.43,36.28,171717
2023-06-07T04:00:00Z,36.49,38.19,34.665,34.73,255922
2023-06-06T04:00:00Z,37.58,37.585,34.58,35.81,441245
2023-06-05T04:00:00Z,31.105,39.45,30.94,36.285,1108482
2023-06-02T04:00:00Z,30.875,31.555,30,31.005,309835
2023-06-01T04:00:00Z,29.21,30.28,29.06,30.095,95459
2023-05-31T04:00:00Z,28.37,29.815,28.27,29.76,149573
2023-05-30T04:00:00Z,28.3,29.49,27.99,28.725,167611
2023-05-26T04:00:00Z,27.11,28.36,27.02,27.64,143436
2023-05-25T04:00:00Z,28.76,28.76,26.665,27.08,179467
2023-05-24T04:00:00Z,27.77,28.4,27.695,28.33,108140
2023-05-23T04:00:00Z,29.56,29.75,28.075,28.3,165095
2023-05-22T04:00:00Z,29.415,30.35,29.15,30.165,92579
2023-05-19T04:00:00Z,29.98,30.03,28.9,29.11,88534
2023-05-18T04:00:00Z,30.08,30.43,29.7,30.255,89618
2023-05-17T04:00:00Z,28.31,30.125,28.31,30.07,167724
2023-05-16T04:00:00Z,29.455,29.455,27.58,28.14,248119
2023-05-15T04:00:00Z,29.23,30.145,29.085,30.005,184118
2023-05-12T04:00:00Z,32.21,32.21,29.22,29.65,200418
2023-05-11T04:00:00Z,30.42,32.755,30.02,32.455,570744
2023-05-10T04:00:00Z,29,29.08,28.21,28.72,222644
2023-05-09T04:00:00Z,27.92,28.51,27.82,28.31,80839
2023-05-08T04:00:00Z,26.9,28.645,26.805,28.36,259554
2023-05-05T04:00:00Z,25.185,26.625,25.185,26.455,88209
2023-05-04T04:00:00Z,24.88,25.34,24.69,24.815,77838
2023-05-03T04:00:00Z,25.33,25.96,24.7,24.98,121171
2023-05-02T04:00:00Z,26.44,26.535,25.2,25.305,162715
2023-05-01T04:00:00Z,26.71,27.1,26.53,26.78,62970
2023-04-28T04:00:00Z,27.095,27.425,26.32,26.965,78941
2023-04-27T04:00:00Z,26.77,27.305,26.51,27.175,124256
2023-04-26T04:00:00Z,27.29,27.37,26.165,26.255,118666
2023-04-25T04:00:00Z,27.86,28.01,26.98,26.98,75993
2023-04-24T04:00:00Z,28.51,28.78,27.785,28.335,47766
2023-04-21T04:00:00Z,28.59,28.83,28.32,28.65,49490
2023-04-20T04:00:00Z,28.84,29.42,28.63,28.665,55416
2023-04-19T04:00:00Z,28.88,29.7,28.88,29.525,48123
2023-04-18T04:00:00Z,30.56,30.56,29.26,29.4,60611
2023-04-17T04:00:00Z,29.34,30.03,28.88,29.975,60924
2023-04-14T04:00:00Z,29.335,30.06,28.85,29.43,114903
2023-04-13T04:00:00Z,29.14,30.185,29.135,29.475,81371
2023-04-12T04:00:00Z,31.695,31.71,28.9,28.91,218085
2023-04-11T04:00:00Z,30.86,31.185,30.4,30.81,164654
2023-04-10T04:00:00Z,30.4,30.815,29.92,30.67,184551
2023-04-06T04:00:00Z,30.04,31.4,29.8,31.12,111636
2023-04-05T04:00:00Z,31.95,31.95,29.36,30.425,168328
2023-04-04T04:00:00Z,32.83,32.86,31.68,32.43,148256
2023-04-03T04:00:00Z,32.1,32.54,31.605,32.16,182131
2023-03-31T04:00:00Z,29.37,32.53,29.275,32.42,265435
2023-03-30T04:00:00Z,29.86,29.94,29,29.335,113070
2023-03-29T04:00:00Z,28.185,29.33,27.87,29.225,113950
2023-03-28T04:00:00Z,28.015,28.035,27.37,27.76,75755
2023-03-27T04:00:00Z,29.08,29.12,27.61,28.06,161628
2023-03-24T04:00:00Z,29.09,29.76,28.57,28.7,175359
2023-03-23T04:00:00Z,28.935,30.905,28.84,29.17,160753
2023-03-22T04:00:00Z,29.9,30.19,28.31,28.37,133308
2023-03-21T04:00:00Z,28.89,30.2,28.805,29.8,163943
2023-03-20T04:00:00Z,28.155,28.63,27.6,28.15,149989
2023-03-17T04:00:00Z,29.5,29.5,28,28.29,179043
2023-03-16T04:00:00Z,28.655,29.35,27.97,28.74,131454
2023-03-15T04:00:00Z,27,28.47,26.83,28.33,130552
2023-03-14T04:00:00Z,28.7,29.07,27.26,27.43,151330
2023-03-13T04:00:00Z,27.1,28.7,25.91,27.865,219793
2023-03-10T05:00:00Z,27.64,28.13,26.38,27.25,350085
2023-03-09T05:00:00Z,29.095,30.06,27.76,27.88,169476
2023-03-08T05:00:00Z,29.24,29.87,28.845,29.49,193170
2023-03-07T05:00:00Z,29.93,30.435,29.06,29.33,509080
2023-03-06T05:00:00Z,31.085,31.49,30.16,30.25,154188
2023-03-03T05:00:00Z,29.56,31.345,29.54,30.845,188278
2023-03-02T05:00:00Z,28.925,29.835,28.78,29.405,191970
2023-03-01T05:00:00Z,30.8,30.84,29.66,29.7,164283
2023-02-28T05:00:00Z,29.69,31.13,29.365,30.465,228550
2023-02-27T05:00:00Z,30,30.58,29.12,29.705,213777
2023-02-24T05:00:00Z,30.58,30.78,29.03,29.635,392349
2023-02-23T05:00:00Z,35.15,35.19,30.765,31.825,633436
2023-02-22T05:00:00Z,36.65,38.02,36.52,37.86,207964
2023-02-21T05:00:00Z,38.88,39.47,35.96,36.48,194096
2023-02-17T05:00:00Z,40.39,40.39,38.81,39.655,166869
2023-02-16T05:00:00Z,40.83,42.41,40.4,40.76,191056
2023-02-15T05:00:00Z,40.58,42.945,39.68,42.68,428730
2023-02-14T05:00:00Z,36.35,39.91,35.74,39.74,263645
2023-02-13T05:00:00Z,36.005,38.11,34.68,37.46,178923
2023-02-10T05:00:00Z,38.63,39.14,35.415,35.705,327032
2023-02-09T05:00:00Z,39.21,42.165,39.19,39.96,1197128
2023-02-08T05:00:00Z,36.93,39.77,36.24,36.345,298596
2023-02-07T05:00:00Z,36.74,37.32,34.825,36.71,298876
2023-02-06T05:00:00Z,36.585,38.4,36.41,36.94,270159
2023-02-03T05:00:00Z,37.27,40.32,36.8,37.38,371630
2023-02-02T05:00:00Z,39.89,41.805,39.035,40.42,582024
2023-02-01T05:00:00Z,35.31,36.87,34.09,36.59,432458
2023-01-31T05:00:00Z,33.525,35.91,33.45,35.55,188480
2023-01-30T05:00:00Z,35.34,35.85,33.38,33.43,136733
2023-01-27T05:00:00Z,34.04,36.985,33.615,36.3,239067
2023-01-26T05:00:00Z,36.22,36.67,32.56,34.18,211844
2023-01-25T05:00:00Z,33.34,34.925,31.7,34.74,364395
2023-01-24T05:00:00Z,34.68,35.65,34.045,34.98,166022
2023-01-23T05:00:00Z,31.67,35.385,31.26,35.15,351874
2023-01-20T05:00:00Z,29.28,31.64,29.11,31.325,177397
2023-01-19T05:00:00Z,29.825,30.26,28.53,28.93,305313
2023-01-18T05:00:00Z,33.36,33.93,30.31,30.68,280465
2023-01-17T05:00:00Z,31.9,32.42,30.77,32.4,314011
2023-01-13T05:00:00Z,30.415,32.41,30.34,31.57,180035
2023-01-12T05:00:00Z,31.755,31.78,29.505,31.36,339257
2023-01-11T05:00:00Z,32.035,32.885,31.28,32.55,239334
2023-01-10T05:00:00Z,28.99,31.16,28.9,31.15,212329
2023-01-09T05:00:00Z,28.29,30.3,27.84,29.24,326749
2023-01-06T05:00:00Z,25.92,27.41,24.725,27.26,219704
2023-01-05T05:00:00Z,27.695,27.695,25.99,26.07,237422
2023-01-04T05:00:00Z,27.84,28.965,27.16,28.345,196551
2023-01-03T05:00:00Z,29.7,29.925,26.505,26.9,200306
2022-12-30T05:00:00Z,27.66,28.665,27.65,28.59,170903
2022-12-29T05:00:00Z,26.86,28.565,26.28,28.475,156677
2022-12-28T05:00:00Z,26.13,26.78,25.84,26.52,184844
2022-12-27T05:00:00Z,27.32,27.5,26.26,26.46,168635
2022-12-23T05:00:00Z,27.36,27.72,26.565,27.62,98563
2022-12-22T05:00:00Z,28.13,28.2,26.025,27.4,192678
2022-12-21T05:00:00Z,27.83,28.97,27.33,28.65,213802
2022-12-20T05:00:00Z,27.51,28.47,27.39,27.755,108616
2022-12-19T05:00:00Z,28.865,28.94,27.45,27.91,139207
2022-12-16T05:00:00Z,29.15,29.485,28.47,29,183953
2022-12-15T05:00:00Z,31.28,31.81,29.2,29.485,267808
2022-12-14T05:00:00Z,33.435,34.34,32.2,32.54,273583
2022-12-13T05:00:00Z,37.81,38.2,32.85,33.68,282971
2022-12-12T05:00:00Z,33.68,34.35,33.275,33.66,206057
2022-12-09T05:00:00Z,35.5,35.78,33.81,33.94,284856
2022-12-08T05:00:00Z,34.1,36,32.94,35.33,426977
2022-12-07T05:00:00Z,34.04,35.04,32.82,33.77,212203
2022-12-06T05:00:00Z,37.99,37.99,33.655,34.32,302433
2022-12-05T05:00:00Z,41.07,42.14,38.005,38.07,302307
2022-12-02T05:00:00Z,39.475,42.18,38.965,40.955,339262
2022-12-01T05:00:00Z,38.98,40.9,38.98,40.65,362737
2022-11-30T05:00:00Z,36.1,39.53,36.08,39.5,467532
2022-11-29T05:00:00Z,35.89,38.05,35.59,36.09,445881
2022-11-28T05:00:00Z,34.51,36.285,34.51,35.53,365992
2022-11-25T05:00:00Z,35.28,36.35,35.28,35.76,198968
2022-11-23T05:00:00Z,33.88,36.43,33.88,36.17,419324
2022-11-22T05:00:00Z,31.54,33.455,31.5,33.38,281419
2022-11-21T05:00:00Z,33,33.965,31.855,32.08,380325
2022-11-18T05:00:00Z,34.76,34.76,33.24,34.66,416343
2022-11-17T05:00:00Z,31.645,34.8,31.53,33.84,285742
2022-11-16T05:00:00Z,34.725,35.8,32.84,33.29,803632
2022-11-15T05:00:00Z,34.55,36.76,34.51,36.06,549205
2022-11-14T05:00:00Z,32.265,33.71,31.65,32.72,586375
2022-11-11T05:00:00Z,27.34,32.805,27.01,32.57,794273
2022-11-10T05:00:00Z,24.865,28.41,24.75,27.82,943773
2022-11-09T05:00:00Z,23.17,23.25,21.22,21.49,577726
2022-11-08T05:00:00Z,24.535,24.91,23.1,23.76,290484
2022-11-07T05:00:00Z,25.73,25.75,24.09,24.78,204891
2022-11-04T04:00:00Z,27.11,27.22,25.05,25.26,336105
2022-11-03T04:00:00Z,26.55,27.72,26.23,26.28,247998
2022-11-02T04:00:00Z,28.85,28.85,26.59,26.59,278262
2022-11-01T04:00:00Z,30.995,31.42,28.88,28.94,183614
2022-10-31T04:00:00Z,29.12,29.59,28.6,29.5,121869
2022-10-28T04:00:00Z,28.61,29.25,27.36,29.25,144046
2022-10-27T04:00:00Z,28.91,29.43,27.65,27.87,562326
2022-10-26T04:00:00Z,28.63,31.17,28.22,28.495,322132
2022-10-25T04:00:00Z,29.595,29.735,28.86,29.635,493937
2022-10-24T04:00:00Z,28.4,28.835,26.94,28.645,178074
2022-10-21T04:00:00Z,29.66,29.66,27.62,29.15,318464
2022-10-20T04:00:00Z,29.45,31.56,29.45,30.48,133869
2022-10-19T04:00:00Z,30.535,31.46,29.25,29.475,219257
2022-10-18T04:00:00Z,32.68,32.82,30.63,31.37,223128
2022-10-17T04:00:00Z,30.555,31.795,30.38,30.93,251069
2022-10-14T04:00:00Z,31.43,31.65,28.915,28.97,203789
2022-10-13T04:00:00Z,29.285,31.24,28.41,30.49,274452
2022-10-12T04:00:00Z,31.18,31.43,29.9,30.74,189389
2022-10-11T04:00:00Z,31.64,32.2,29.95,31.07,281605
2022-10-10T04:00:00Z,32.57,33.29,31.22,31.66,135870
2022-10-07T04:00:00Z,34.945,34.945,32.61,32.76,153996
2022-10-06T04:00:00Z,36.03,37.03,34.615,35.84,113442
2022-10-05T04:00:00Z,35.225,36.06,34.29,35.78,114239
2022-10-04T04:00:00Z,35.99,36.62,35.19,36.295,233774
2022-10-03T04:00:00Z,32.27,34.35,31.43,33.94,109819
2022-09-30T04:00:00Z,31.275,33.33,31.275,31.87,108109
2022-09-29T04:00:00Z,33.31,33.54,31.41,31.78,186127
2022-09-28T04:00:00Z,32.78,34.695,32.695,34.39,135896
2022-09-27T04:00:00Z,33.76,34.49,32.525,32.75,150062
2022-09-26T04:00:00Z,33.26,34.45,32.58,32.58,140763
2022-09-23T04:00:00Z,32.86,33.85,32.45,33.25,302054
2022-09-22T04:00:00Z,34.94,34.94,33.205,33.33,252451
2022-09-21T04:00:00Z,35.52,36.86,34.43,34.89,213628
2022-09-20T04:00:00Z,35.97,36.31,35.155,35.2,150422
2022-09-19T04:00:00Z,35.3,37.01,35.17,36.9,137877
2022-09-16T04:00:00Z,36.54,37.735,35.45,35.55,300525
2022-09-15T04:00:00Z,36.83,38.84,36.2,38.06,270946
2022-09-14T04:00:00Z,36.81,37.965,35.885,37.815,200859
2022-09-13T04:00:00Z,38.7,39.01,36.33,36.65,297589
2022-09-12T04:00:00Z,41.77,42.51,39.96,42.3,325997
2022-09-09T04:00:00Z,39.73,41.43,39.625,41.3,498185
2022-09-08T04:00:00Z,38.45,39.785,37.66,38.75,460798
2022-09-07T04:00:00Z,37.96,39.7,37.75,39.12,193554
2022-09-06T04:00:00Z,40.86,40.86,37.79,38.67,149645
2022-09-02T04:00:00Z,41.97,42.74,40.35,40.78,182246
2022-09-01T04:00:00Z,41.62,41.95,38.93,41.295,142661
2022-08-31T04:00:00Z,43.765,44.36,42.37,42.7,140868
2022-08-30T04:00:00Z,45.66,46.08,42.15,42.605,147076
2022-08-29T04:00:00Z,43.87,46.425,43.69,44.455,90237
2022-08-26T04:00:00Z,49.365,49.73,43.67,44.535,194667
2022-08-25T04:00:00Z,46.99,48.975,45.47,48.9,184968
2022-08-24T04:00:00Z,45.34,46.79,44.95,45.77,60186
2022-08-23T04:00:00Z,45.76,47.08,44.81,44.94,157048
2022-08-22T04:00:00Z,46.085,46.84,44.22,45.18,138792
2022-08-19T04:00:00Z,49.96,49.96,47.06,47.69,261400
2022-08-18T04:00:00Z,52.35,52.38,50.75,51.11,127887
2022-08-17T04:00:00Z,52.35,53.4,51.62,52.05,175016
2022-08-16T04:00:00Z,54.41,54.75,51.51,53.62,260166
2022-08-15T04:00:00Z,55.62,57.02,53.46,54.3,397138
2022-08-12T04:00:00Z,55.05,58.62,53.82,58.49,433937
2022-08-11T04:00:00Z,55.79,58.37,52.82,54.3,385748
2022-08-10T04:00:00Z,52.94,55.8,51.505,55.61,611325
2022-08-09T04:00:00Z,53.14,53.205,48.895,50.29,1174265
2022-08-08T04:00:00Z,48.02,52.69,47.87,49.72,450222
2022-08-05T04:00:00Z,43.54,50.04,43.305,48.03,594488
2022-08-04T04:00:00Z,43.49,46.05,43.43,45.34,386034
2022-08-03T04:00:00Z,41.75,45.36,41.75,45.04,379893
2022-08-02T04:00:00Z,38.005,41.66,38.005,40.98,300520
2022-08-01T04:00:00Z,37.03,39.28,35.88,38.94,277618
2022-07-29T04:00:00Z,36.82,37.385,35.96,37.38,282048
2022-07-28T04:00:00Z,36.54,38.36,35.26,37.57,206953
2022-07-27T04:00:00Z,34.85,37.47,34.05,37.225,344741
2022-07-26T04:00:00Z,34.68,34.7,33.03,33.52,408524
2022-07-25T04:00:00Z,36.37,36.94,35.095,35.54,197160
2022-07-22T04:00:00Z,39.585,39.7,36.02,36.465,347031
2022-07-21T04:00:00Z,39.17,41.35,39.1,40.39,299612
2022-07-20T04:00:00Z,35.95,41.495,35.73,40.49,572361
2022-07-19T04:00:00Z,36.04,36.04,33.64,35.66,391745
2022-07-18T04:00:00Z,34.88,36.59,34.59,35.3,419498
2022-07-15T04:00:00Z,33.01,34.14,32.1,33.72,356227
2022-07-14T04:00:00Z,33.11,33.42,31.75,32.5,470238
2022-07-13T04:00:00Z,34,34.96,32.515,32.82,1490471
2022-07-12T04:00:00Z,41.63,42.56,38.55,39.76,223253
2022-07-11T04:00:00Z,44.53,44.94,41.14,41.365,217494
2022-07-08T04:00:00Z,42.615,46.375,42.1,45.24,203734
2022-07-07T04:00:00Z,41.23,44.605,40.81,44.5,264754
2022-07-06T04:00:00Z,41.675,43.12,40.65,41.3,203532
2022-07-05T04:00:00Z,36.95,42.35,35.77,42.35,301121
2022-07-01T04:00:00Z,37.22,39.47,36.86,37.59,237957
2022-06-30T04:00:00Z,38.49,38.49,36.03,36.82,419878
2022-06-29T04:00:00Z,40.47,41.27,39.175,39.54,172065
2022-06-28T04:00:00Z,43.68,45.25,40.31,40.655,219046
2022-06-27T04:00:00Z,46.77,47.15,43.1,44.39,226621
2022-06-24T04:00:00Z,44.765,47.14,44.21,46.84,348569
2022-06-23T04:00:00Z,39.61,44.65,39.34,44.485,279985
2022-06-22T04:00:00Z,36.545,40.22,36.5,39.26,213352
2022-06-21T04:00:00Z,36.54,39.105,36.51,37.48,185644
2022-06-17T04:00:00Z,33.075,36,32.97,35.475,257906
2022-06-16T04:00:00Z,34,34.58,31.805,32.84,192524
2022-06-15T04:00:00Z,34.49,37.22,34.12,36.19,279242
2022-06-14T04:00:00Z,34.42,35.3,33.22,33.78,236433
2022-06-13T04:00:00Z,34.57,35.52,33.305,34.41,242070
2022-06-10T04:00:00Z,40.36,40.4,36.3,36.9,452739
2022-06-09T04:00:00Z,44.73,45.11,41.27,41.27,290607
2022-06-08T04:00:00Z,44.6,47.08,44.6,45.79,237643
2022-06-07T04:00:00Z,41.71,44.35,41.42,44.3,248723
2022-06-06T04:00:00Z,42.85,43.58,40.52,42.85,380952
2022-06-03T04:00:00Z,42.7,44.06,41.47,41.76,255140
2022-06-02T04:00:00Z,38.68,44.35,38.5,44.12,301747
2022-06-01T04:00:00Z,40.44,41.865,37.76,38.45,181164
2022-05-31T04:00:00Z,42.01,42.67,39.06,39.94,255240
2022-05-27T04:00:00Z,39.03,41.615,39,41.35,182914
2022-05-26T04:00:00Z,36.28,38.86,36.16,38.32,242745
2022-05-25T04:00:00Z,35.38,37.855,34.97,37.42,231199
2022-05-24T04:00:00Z,39.01,39.11,34.565,35.22,616019
2022-05-23T04:00:00Z,40.565,41.75,39.41,40.97,136001
2022-05-20T04:00:00Z,42.39,43.19,38.45,41.33,300457
2022-05-19T04:00:00Z,37.775,42.66,37.24,41.61,488431
2022-05-18T04:00:00Z,37.805,40.745,37.05,37.39,558571
2022-05-17T04:00:00Z,37.07,38.61,34.955,38.35,332278
2022-05-16T04:00:00Z,38.77,39.91,35.97,36.12,470580
2022-05-13T04:00:00Z,36.83,40.45,36.7,39.14,601159
2022-05-12T04:00:00Z,30.025,37.52,29.1,35.1,1267890
2022-05-11T04:00:00Z,32.35,34.67,29.305,30.3,2002857
2022-05-10T04:00:00Z,51.39,53.57,44.56,48.02,839376
2022-05-09T04:00:00Z,56.63,57.05,49.79,50.36,387898
2022-05-06T04:00:00Z,60.925,62.1,55.85,57.355,373273
2022-05-05T04:00:00Z,66.22,66.69,60.5,62.01,227528
2022-05-04T04:00:00Z,67.62,69.73,62.6,69.46,331360
2022-05-03T04:00:00Z,67.91,70.64,67,67.88,132147
2022-05-02T04:00:00Z,65.83,69.045,64.81,68.695,202166
2022-04-29T04:00:00Z,70,71.98,66.215,66.36,196755
2022-04-28T04:00:00Z,69.155,71.4,65.76,69.94,245458
2022-04-27T04:00:00Z,74.07,75.55,68.56,68.63,346147
2022-04-26T04:00:00Z,78.285,78.64,73,74.31,279936
2022-04-25T04:00:00Z,75.28,79.81,74.99,79.45,181562
2022-04-22T04:00:00Z,78.995,80.31,75.35,75.725,153626
2022-04-21T04:00:00Z,85.21,87.45,78.41,78.72,187454
2022-04-20T04:00:00Z,91.06,91.2,83.41,83.81,193399
2022-04-19T04:00:00Z,87.1,92.77,86.74,91.6,76843
2022-04-18T04:00:00Z,88.85,88.85,85.13,87.24,112473
2022-04-14T04:00:00Z,93.5,94.28,88.655,89.12,128633
2022-04-13T04:00:00Z,89.93,95.41,89.55,94,89205
2022-04-12T04:00:00Z,92.95,96.49,89.83,90.16,158558
2022-04-11T04:00:00Z,88.88,92.06,86.69,90.36,129190
2022-04-08T04:00:00Z,92.31,93.36,90.29,90.68,98854
2022-04-07T04:00:00Z,94.54,98.33,89.77,93.73,215107
2022-04-06T04:00:00Z,98.62,99.01,91.89,93.83,170900
2022-04-05T04:00:00Z,107.98,109.92,100.85,100.9,178010
2022-04-04T04:00:00Z,101.415,109.21,101.03,108.65,218530
2022-04-01T04:00:00Z,98.75,102,94.38,98.94,123751
2022-03-31T04:00:00Z,102.19,103.37,99.19,99.23,108559
2022-03-30T04:00:00Z,102.39,105.77,100.05,101.295,209767
2022-03-29T04:00:00Z,100.18,104.76,99.09,103.925,233263
2022-03-28T04:00:00Z,95.185,98.15,93.2,98.15,85495
2022-03-25T04:00:00Z,100.33,100.59,91.76,94.01,187573
2022-03-24T04:00:00Z,99.75,100.93,95.46,99.8,114518
2022-03-23T04:00:00Z,95.26,101.44,94.36,98.27,228115
2022-03-22T04:00:00Z,93.95,99.16,92.96,97.38,214005
2022-03-21T04:00:00Z,95.5,97.88,92.32,94.09,213419
2022-03-18T04:00:00Z,92.4,97.755,92.03,97.14,264948
2022-03-17T04:00:00Z,85.94,93.11,85.92,92.72,239795
2022-03-16T04:00:00Z,80.96,88.2,80.49,87.77,271017
2022-03-15T04:00:00Z,74.06,78.68,73.78,77.22,237947
2022-03-14T04:00:00Z,77.83,79.11,73.15,74.36,326347
2022-03-11T05:00:00Z,85.26,85.26,78.8,78.83,160259
2022-03-10T05:00:00Z,85.77,85.77,81.22,83.12,226286
2022-03-09T05:00:00Z,84.33,89.25,83.99,87.84,255682
2022-03-07T05:00:00Z,91.06,92.56,81.71,81.79,285515
2022-03-04T05:00:00Z,96.63,96.63,88.07,89.04,254187
2022-03-03T05:00:00Z,100.01,100.1,94.17,94.88,296897
2022-03-02T05:00:00Z,103.69,104.28,98.2,101.33,215043
2022-03-01T05:00:00Z,106.85,108.1,103.04,104.025,117229
2022-02-28T05:00:00Z,104.95,107.565,102.5,106.5,194613
2022-02-25T05:00:00Z,102.41,104.115,98.805,104.08,178413
2022-02-24T05:00:00Z,89.68,103.55,89.35,103.2,391491
2022-02-23T05:00:00Z,97.6,98.4,94.12,94.14,284887
2022-02-22T05:00:00Z,97.57,101.87,95.35,96.07,194832
2022-02-18T05:00:00Z,103.22,104.98,98.75,99.16,256939
2022-02-17T05:00:00Z,109.315,110.085,101.46,102.28,224211
2022-02-16T05:00:00Z,111.94,112,107.67,110.3,164778
2022-02-15T05:00:00Z,110.88,114.13,109.34,113.58,170909
2022-02-14T05:00:00Z,109.35,111.98,105.95,107.53,183255
2022-02-11T05:00:00Z,112.83,117.495,109.1,111.36,173378
2022-02-10T05:00:00Z,113.11,119.6,111.37,112.7,262693
2022-02-09T05:00:00Z,110.99,115.8,109.41,115.55,248278
2022-02-08T05:00:00Z,104,108.67,102.93,107.58,113973
2022-02-07T05:00:00Z,109.205,113.7,104.98,105.54,198726
2022-02-04T05:00:00Z,101.825,111.02,93.895,108.69,555968
2022-02-03T05:00:00Z,96.55,98.65,91.99,92.57,473160
2022-02-02T05:00:00Z,109.71,109.71,99.6,102,200864
2022-02-01T05:00:00Z,108,108.73,101.84,107.95,222437
2022-01-31T05:00:00Z,96.2,105.635,95.5,105.06,313170
2022-01-28T05:00:00Z,92.79,97.15,90.18,94.87,379072
2022-01-27T05:00:00Z,101.8,102.32,94.13,94.72,306004
2022-01-26T05:00:00Z,107.48,108.67,101.69,102.335,307746
2022-01-25T05:00:00Z,108.3,108.75,102.125,104.04,309238
2022-01-24T05:00:00Z,100.86,103.76,97.82,99.87,128618
2022-01-21T05:00:00Z,112.055,114.83,106.48,106.82,315997
2022-01-20T05:00:00Z,114.45,119.71,113.18,113.57,196354
2022-01-19T05:00:00Z,110.62,116.82,110.62,113.05,228821
2022-01-18T05:00:00Z,115,120.4,112.09,112.79,240473
2022-01-14T05:00:00Z,116.37,119.9,114.78,117.9,245264
2022-01-13T05:00:00Z,128.2,128.2,116.57,116.57,235938
2022-01-12T05:00:00Z,134.22,136.45,127.45,129.12,200280
2022-01-11T05:00:00Z,125.51,132,123.9,129.73,203476
2022-01-10T05:00:00Z,119.87,126.52,115.34,125.98,251041
2022-01-07T05:00:00Z,120.01,126.35,118.43,120.29,143797
2022-01-06T05:00:00Z,118.88,123.85,114.175,119.74,340386
2022-01-05T05:00:00Z,127.83,132.6,119.76,120.96,313107
2022-01-04T05:00:00Z,138.63,138.64,125.15,129.79,362959
2022-01-03T05:00:00Z,144.425,144.425,135.75,138.52,109868
2021-12-31T05:00:00Z,146.365,147,142.88,143.03,52988
2021-12-30T05:00:00Z,145.04,148.77,144.95,145.82,59935
2021-12-29T05:00:00Z,143.58,145.06,139.69,144.53,62649
2021-12-28T05:00:00Z,148.745,150.49,142.01,143.4,69464
2021-12-27T05:00:00Z,147.02,149.26,144.84,148.13,86399
2021-12-23T05:00:00Z,145.53,146.8,140.56,145.5,80466
2021-12-22T05:00:00Z,146.26,148.65,143.01,144.87,76225
2021-12-21T05:00:00Z,139.35,146.09,138.03,145.84,177391
2021-12-20T05:00:00Z,133.7,139.26,131.6,137.245,167000
2021-12-17T05:00:00Z,130.05,138.69,127.39,138.43,236257
2021-12-16T05:00:00Z,143.51,145.735,131.61,133.68,271451
2021-12-15T05:00:00Z,137.21,140.915,133.2,140.87,200719
2021-12-14T05:00:00Z,139.03,142.21,135.8,140,172805
2021-12-13T05:00:00Z,138.5,140.315,130.94,139.25,446246
2021-12-10T05:00:00Z,142.13,146.49,138.26,139.43,151995
2021-12-09T05:00:00Z,151.83,152.78,136.965,139.94,433460
2021-12-08T05:00:00Z,153,157.46,146.365,154.02,286614
2021-12-07T05:00:00Z,153.98,156.39,147.46,153.6,243079
2021-12-06T05:00:00Z,142.245,148.81,136.18,147.63,238894
2021-12-03T05:00:00Z,153.03,154.01,138.75,146.92,393319
2021-12-02T05:00:00Z,152.8,158.67,147.1,152.435,243030
2021-12-01T05:00:00Z,174.6,176.06,151.015,151.585,308718
2021-11-30T05:00:00Z,169.51,174.03,165.98,172.275,235227
2021-11-29T05:00:00Z,185.14,186.13,165.27,170.33,437245
2021-11-26T05:00:00Z,180,180.97,175.34,179.945,113457
2021-11-24T05:00:00Z,174.23,183.045,173.51,181.7,202639
2021-11-23T05:00:00Z,174.43,184.9,171.52,176.15,257197
2021-11-22T05:00:00Z,193.56,195.34,174.41,177.15,362073
2021-11-19T05:00:00Z,198.495,199.3,188.52,189.89,268474
2021-11-18T05:00:00Z,194.63,209.91,193.27,201.17,401573
2021-11-17T05:00:00Z,195.82,198.26,190.1,191.5,243261
2021-11-16T05:00:00Z,187.655,198.39,187.105,195.965,649864
2021-11-15T05:00:00Z,198.03,207,197.165,197.54,265422
2021-11-12T05:00:00Z,183.505,196.8,180.3,196.8,305002
2021-11-11T05:00:00Z,179.7,189.53,179.68,182.165,334840
2021-11-10T05:00:00Z,160.1,188.9,155.1,176.42,574480
2021-11-09T05:00:00Z,169.57,177.15,163.22,171.68,819494
2021-11-08T05:00:00Z,154.25,163.45,154.25,163.2,301948
2021-11-05T04:00:00Z,151.95,154,149.95,152.04,69321
2021-11-04T04:00:00Z,150.76,154.22,149.99,151.725,95227
2021-11-03T04:00:00Z,144.05,148,142.69,147.44,73870
2021-11-02T04:00:00Z,149.61,149.61,143.34,143.85,133693
2021-11-01T04:00:00Z,153.15,155.01,147.24,148.52,82295
2021-10-29T04:00:00Z,150.07,151.98,149,151.42,75294
2021-10-28T04:00:00Z,145.38,149.05,144.95,148.11,62064
2021-10-27T04:00:00Z,147.03,150.38,142.875,144.07,66404
2021-10-26T04:00:00Z,149.32,151.87,145.81,147.64,123750
2021-10-22T04:00:00Z,146.35,147.6,143.66,143.73,132393
2021-10-21T04:00:00Z,141.97,148.82,141.97,147.05,69427
2021-10-20T04:00:00Z,148,148.05,140.5,142.36,102464
2021-10-19T04:00:00Z,146.59,149.715,145.485,147.875,218105
2021-10-18T04:00:00Z,141.17,146.825,141.17,145.82,109713
2021-10-15T04:00:00Z,141.65,143.09,140.225,141.04,75078
2021-10-14T04:00:00Z,139.53,142.12,139.14,141.4,73702
2021-10-13T04:00:00Z,139.47,141.41,137.59,137.79,63371
2021-10-12T04:00:00Z,136.43,139.52,135.87,139.18,61479
2021-10-11T04:00:00Z,134.2,138.49,133.54,135.63,59433
2021-10-08T04:00:00Z,136.93,138.205,134.48,136.335,156407
2021-10-07T04:00:00Z,132.82,137.09,132.69,136.11,148859
2021-10-06T04:00:00Z,126.085,130.71,125.55,130.43,97250
2021-10-05T04:00:00Z,120.78,128.16,120.78,128.07,177650
2021-10-04T04:00:00Z,124.9,124.9,118.355,119.84,80266
2021-10-01T04:00:00Z,126,127.72,123.63,126.11,63966
2021-09-30T04:00:00Z,126.27,127.7,125.17,126.29,76004
2021-09-29T04:00:00Z,129.79,130.19,125.3,125.67,93953
2021-09-28T04:00:00Z,134.4,135.4,127.02,127.1,190831
2021-09-27T04:00:00Z,140.88,140.88,136.31,137.84,61248
2021-09-24T04:00:00Z,138.6,142.76,138.6,142.51,79903
2021-09-23T04:00:00Z,137.76,144.49,137.73,140.845,185154
2021-09-22T04:00:00Z,131.13,134.58,130.95,133.27,98881
2021-09-21T04:00:00Z,128.66,132.13,128.17,131.01,83318
2021-09-20T04:00:00Z,131.38,133.15,124.45,127.525,228489
2021-09-17T04:00:00Z,135.25,138.47,133.75,136.76,202835
2021-09-16T04:00:00Z,132.5,136.47,132.46,134.44,105063
2021-09-15T04:00:00Z,131.25,132.39,128.84,132.03,208951
2021-09-14T04:00:00Z,130.89,134.99,130.67,131.88,97279
2021-09-13T04:00:00Z,133.1,133.77,128.33,131.17,140431
2021-09-10T04:00:00Z,135.445,139.19,134,135.105,213340
2021-09-09T04:00:00Z,132.05,135.61,131.82,134.14,111779
2021-09-08T04:00:00Z,134.96,135.57,131.27,133.62,121685
2021-09-07T04:00:00Z,133.88,136.9,132.84,136.32,187740
2021-09-03T04:00:00Z,132.69,135.52,132.46,133.6,95040
2021-09-02T04:00:00Z,126.62,134.25,126.62,133.2,324522
2021-09-01T04:00:00Z,125.93,128.14,125.205,126.47,136450
2021-08-31T04:00:00Z,127.01,128.9,124.79,126.715,76538
2021-08-30T04:00:00Z,124.36,128.24,123.18,126.35,108353
2021-08-27T04:00:00Z,120.73,124.14,120.73,123.53,37732
2021-08-26T04:00:00Z,123.45,126.33,118.87,120.04,103250
2021-08-25T04:00:00Z,125.11,126.23,123.45,124.58,52686
2021-08-24T04:00:00Z,125.65,127.08,124.49,125.18,81356
2021-08-23T04:00:00Z,123.67,125.7,122.6,125.3,63715
2021-08-20T04:00:00Z,116.7,122.95,116.7,122.84,163743
2021-08-19T04:00:00Z,115.2,119.09,114.85,116.3,95250
2021-08-18T04:00:00Z,120.55,121.65,117.12,117.88,122287
2021-08-17T04:00:00Z,119.06,123.49,118.88,120.62,209910
2021-08-16T04:00:00Z,127.89,128.44,120.5,122.205,245957
2021-08-13T04:00:00Z,125.76,129,123.915,128.86,557401
2021-08-12T04:00:00Z,120.08,127.94,119.17,126.715,560597
2021-08-11T04:00:00Z,112.04,121.4,112.04,121.4,448330
2021-08-10T04:00:00Z,110.06,111.98,107.03,107.15,98318
2021-08-09T04:00:00Z,108.355,112.29,107.71,110.3,104315
2021-08-06T04:00:00Z,109.17,110.36,106.55,106.95,70390
2021-08-05T04:00:00Z,108.27,110.91,107.79,110.22,72855
2021-08-04T04:00:00Z,105.15,109.3,105.15,109.16,123568
2021-08-03T04:00:00Z,106.81,106.81,103.12,105.11,134997
2021-08-02T04:00:00Z,106.96,109.08,103.87,107.62,66424
2021-07-30T04:00:00Z,110.14,110.7,106.3,107.15,85811
2021-07-29T04:00:00Z,108.07,111.69,107.515,111.24,237051
2021-07-28T04:00:00Z,101.49,108.8,101.11,108.8,346230
2021-07-27T04:00:00Z,102.69,103.2,99.43,100.785,263652
2021-07-26T04:00:00Z,104.57,105.34,103.04,103.27,139666
2021-07-23T04:00:00Z,104.49,105.85,103.15,105.45,185878
2021-07-22T04:00:00Z,104.56,104.64,102.28,104.12,150157
2021-07-21T04:00:00Z,100.16,103.33,100.16,103.3,158280
2021-07-20T04:00:00Z,98.51,100.645,96.25,100.175,142072
2021-07-19T04:00:00Z,93.95,98.75,92.62,98.25,160227
2021-07-16T04:00:00Z,97.735,98.69,95.8,96.59,118752
2021-07-15T04:00:00Z,99.85,101.395,96.23,96.705,213943
2021-07-14T04:00:00Z,104.39,104.39,99.25,99.64,115535
2021-07-13T04:00:00Z,103.9,106.32,103.335,103.53,66914
2021-07-12T04:00:00Z,107.015,107.32,103.485,106.28,42392
2021-07-09T04:00:00Z,105.2,107.145,103.11,106.51,46125
2021-07-08T04:00:00Z,100.05,105.2,99.08,105.2,360249
2021-07-07T04:00:00Z,107.81,108.07,103.23,104.46,61041
2021-07-06T04:00:00Z,106.74,108.36,104.71,106.59,36429
2021-07-02T04:00:00Z,106.12,107.76,105.525,106.07,26998
2021-07-01T04:00:00Z,110.2,110.99,105.09,105.785,93197
2021-06-30T04:00:00Z,109.65,111.86,109.22,109.805,47416
2021-06-29T04:00:00Z,111.12,111.92,109.28,110.88,62450
2021-06-28T04:00:00Z,111.53,112.8,109.92,110.55,81753
2021-06-25T04:00:00Z,113.96,113.96,109.58,110.11,118263
2021-06-24T04:00:00Z,113.45,115.465,112.9,113.81,311653
2021-06-23T04:00:00Z,109.69,113.23,109.69,112.99,206677
2021-06-22T04:00:00Z,108.03,111.82,107.72,110.27,310072
2021-06-21T04:00:00Z,105.17,109.87,104.69,107.93,227464
2021-06-18T04:00:00Z,104.045,105.915,102.53,105.035,278939
2021-06-17T04:00:00Z,96.48,104.46,96.415,103.87,249395
2021-06-16T04:00:00Z,97.87,99.87,95.17,96.91,68502
2021-06-15T04:00:00Z,102.29,103.24,96.81,98.05,116566
2021-06-14T04:00:00Z,100.3,103.725,99.51,102.29,173905
2021-06-11T04:00:00Z,99.79,101.38,98.81,99.69,78980
2021-06-10T04:00:00Z,99.12,100.93,97.86,100.83,99707
2021-06-09T04:00:00Z,98.99,100,97.77,98.68,135558
2021-06-08T04:00:00Z,98.3,99.78,96.12,98.1,99597
2021-06-07T04:00:00Z,94.36,98.42,94.36,98.11,75492
2021-06-04T04:00:00Z,93.62,95.38,93.25,95.08,33546
2021-06-03T04:00:00Z,93.26,95.05,92.53,93.155,102857
2021-06-02T04:00:00Z,93.275,94.3,92.36,93.51,122845
2021-06-01T04:00:00Z,95.18,95.77,92.285,93.75,83816
2021-05-28T04:00:00Z,96.42,98.55,94.41,94.41,95249
2021-05-27T04:00:00Z,95.71,96.68,93.75,95.765,242335
2021-05-26T04:00:00Z,95.87,98.49,94.87,96.28,300421
2021-05-25T04:00:00Z,97.26,97.34,94.58,95.25,134487
2021-05-24T04:00:00Z,94.48,96.66,93.245,96.355,98421
2021-05-21T04:00:00Z,91.35,94.645,90.69,93.55,203691
2021-05-20T04:00:00Z,89.3,92.21,88.88,90.03,100593
2021-05-19T04:00:00Z,85.79,88.53,85.105,88.32,131226
2021-05-18T04:00:00Z,86.76,91.27,86.065,89.595,91197
2021-05-17T04:00:00Z,86.085,87.17,84.55,86.6,88769
2021-05-14T04:00:00Z,83.3,87.835,82.51,87.47,231623
2021-05-13T04:00:00Z,84.46,87.24,78.99,80.94,298430
2021-05-12T04:00:00Z,89.9,92.09,81.24,84.2,563574
2021-05-11T04:00:00Z,77.25,85.01,76,84.35,409941
2021-05-10T04:00:00Z,88.45,88.45,81.37,81.51,280610
2021-05-07T04:00:00Z,89.89,93.1,88.965,89.51,197205
2021-05-06T04:00:00Z,90.75,91.61,86.55,88.28,310644
2021-05-05T04:00:00Z,95.26,95.96,91.53,92.01,78022
2021-05-04T04:00:00Z,95.07,95.08,92.04,94.4,164869
2021-05-03T04:00:00Z,101.175,101.23,96.59,96.77,115864
2021-04-30T04:00:00Z,100.66,104,100.66,101.62,70189
2021-04-29T04:00:00Z,106.17,106.4,101.305,103.125,111442
2021-04-28T04:00:00Z,103.14,105.85,102.36,105.33,92712
2021-04-27T04:00:00Z,104.59,105.68,102.68,104.02,69153
2021-04-26T04:00:00Z,102.88,105.46,100.56,104.62,133238
2021-04-23T04:00:00Z,102.17,103.94,101.92,102.51,93303
2021-04-22T04:00:00Z,102.12,105.83,101.53,101.92,193628
2021-04-21T04:00:00Z,96.44,101.43,94.77,101.4,156355
2021-04-20T04:00:00Z,97.71,99.11,95.36,97.43,102122
2021-04-16T04:00:00Z,101.12,101.43,98.675,100.86,122540
2021-04-15T04:00:00Z,101.86,102.08,100.55,101.83,164695
2021-04-14T04:00:00Z,102.12,103.01,99.89,101.15,104931
2021-04-13T04:00:00Z,98.81,102.08,98.81,101.39,112414
2021-04-12T04:00:00Z,96.6,98.15,94.275,98,155935
2021-04-09T04:00:00Z,97.77,98.06,96.44,97.23,108760
2021-04-08T04:00:00Z,99.32,100.185,98.55,98.93,98754
2021-04-07T04:00:00Z,101.58,101.58,97.68,97.94,136398
2021-04-06T04:00:00Z,100.03,102.985,98.99,102.2,131411
2021-04-05T04:00:00Z,102.68,102.98,99.9,100.59,123973
2021-04-01T04:00:00Z,102.82,103.83,99.845,101.09,113272
2021-03-31T04:00:00Z,98.85,101.9,97.875,100.36,121539
2021-03-30T04:00:00Z,92.89,97.23,90.94,96.9,200360
2021-03-29T04:00:00Z,94.7,95.04,91.11,94.41,194230
2021-03-26T04:00:00Z,94.12,96.3,91.18,95.3,159979
2021-03-25T04:00:00Z,90.01,92.02,88.3,90.92,190209
2021-03-24T04:00:00Z,96.995,97.64,92.18,92.69,191818
2021-03-23T04:00:00Z,99.7,100.38,96.76,97.16,152062
2021-03-22T04:00:00Z,101.65,102.75,99.565,100.37,114972
2021-03-19T04:00:00Z,101.62,102.69,99.6,100.79,232434
2021-03-18T04:00:00Z,108.43,108.835,100.83,101.71,231812
2021-03-17T04:00:00Z,106.16,110.55,104.07,109.01,245003
2021-03-16T04:00:00Z,113.05,113.94,106.72,108.665,202441
2021-03-15T04:00:00Z,107.115,109.98,105.76,109.55,210050
2021-03-12T05:00:00Z,103.59,105.845,101.6,105.72,111768
2021-03-11T05:00:00Z,104.79,107.325,103.57,106.68,322803
2021-03-10T05:00:00Z,100.13,102.4,97.65,99.91,184295
2021-03-09T05:00:00Z,98.5,99.56,96.5,97.99,253236
2021-03-08T05:00:00Z,95.05,100.14,92.34,92.65,296306
2021-03-05T05:00:00Z,96.04,97.56,86,93.815,306531
2021-03-04T05:00:00Z,100.06,103.12,93.61,95.56,402309
2021-03-03T05:00:00Z,107.37,108.25,100.73,102.91,180371
2021-03-02T05:00:00Z,109.945,111.41,107.66,108.17,159885
2021-03-01T05:00:00Z,110.07,111.93,107.4,108.7,80652
2021-02-26T05:00:00Z,103.94,108,101.22,107.83,325625
2021-02-25T05:00:00Z,109.66,110.45,102.1,104.5,242373
2021-02-24T05:00:00Z,111.01,113.17,108.54,110.67,175291
2021-02-23T05:00:00Z,107.635,112.82,98.22,110.66,425317
2021-02-22T05:00:00Z,119.52,119.825,115.02,115.57,245237
2021-02-19T05:00:00Z,119.28,121.38,118.26,121.38,232918
2021-02-18T05:00:00Z,120.25,120.78,115.01,118.43,131473
2021-02-17T05:00:00Z,124.62,124.665,118.35,121.4,245888
2021-02-16T05:00:00Z,129.065,130.15,123.68,125.265,254362
2021-02-12T05:00:00Z,125.24,126,122.86,126,84488
2021-02-11T05:00:00Z,128.37,129.4,124.5,125.34,192917
2021-02-10T05:00:00Z,129.41,130,125.8,127.64,164474
2021-02-09T05:00:00Z,127.3,131.4,126.68,127.99,358731
2021-02-08T05:00:00Z,127.9,129.12,123.75,124.735,717468
2021-02-05T05:00:00Z,131.99,139.73,128.57,128.695,648743
2021-02-04T05:00:00Z,149.67,153.15,147.62,149.66,103083
2021-02-03T05:00:00Z,149.41,150.93,147.1,148.21,64817
2021-02-02T05:00:00Z,154.45,154.45,147.84,147.84,109041
2021-02-01T05:00:00Z,155.05,158.41,150.02,152.8,44163
2021-01-29T05:00:00Z,152.5,156.61,147.89,150.46,48858
2021-01-28T05:00:00Z,153.56,158.2,150.275,154.19,67648
2021-01-27T05:00:00Z,145.32,164,141,155.69,179610
2021-01-26T05:00:00Z,152.455,155.39,148.42,149.14,54398
2021-01-25T05:00:00Z,158.33,167.06,150.5,151.26,177880
2021-01-22T05:00:00Z,145.51,155.85,145.51,154.11,63668
2021-01-21T05:00:00Z,145.82,148.115,142.745,146.895,54403
2021-01-20T05:00:00Z,147.645,149.79,145.8,147.23,32208
2021-01-19T05:00:00Z,150.97,151.12,143.8,144.86,53151
2021-01-15T05:00:00Z,152.86,158.01,147.8,148.1,67345
2021-01-14T05:00:00Z,153.19,157.1,146.65,150.055,79522
2021-01-13T05:00:00Z,148.98,156.595,148.54,151.025,64475
2021-01-12T05:00:00Z,142.57,149.39,141.93,147.085,48765
2021-01-11T05:00:00Z,143.17,145,139,141.5,58489
2021-01-08T05:00:00Z,141.85,149.84,141.85,146.34,141237
2021-01-07T05:00:00Z,139.345,140.96,135.62,138.62,251842
2021-01-06T05:00:00Z,141.35,142.425,136.41,137.58,168495
2021-01-05T05:00:00Z,141.88,149.2,138.32,148.64,74441
2021-01-04T05:00:00Z,154,154,141.29,144.07,161229
2020-12-31T05:00:00Z,155.46,156.5,152.36,153.355,30328
2020-12-30T05:00:00Z,153.48,157.53,149.475,154.63,49777
2020-12-29T05:00:00Z,158.11,158.11,147.29,151.05,133402
2020-12-28T05:00:00Z,169.36,169.36,154.84,156.42,100098
2020-12-24T05:00:00Z,169.51,172.99,164.07,164.725,32796
2020-12-23T05:00:00Z,174.39,174.8,165.25,167.8,45062
2020-12-22T05:00:00Z,168.33,173.46,162.84,172.29,55496
2020-12-21T05:00:00Z,159.32,165.53,155.225,165.35,57947
2020-12-18T05:00:00Z,155.01,157.97,151.3,157.825,55433
2020-12-17T05:00:00Z,153.635,156.34,148.64,151.22,77436
2020-12-16T05:00:00Z,146.37,150.615,144.92,146.64,72722
2020-12-15T05:00:00Z,150,150,142.405,144.21,53854
2020-12-14T05:00:00Z,154.665,155.805,144.06,146.66,65247
2020-12-11T05:00:00Z,159,159.01,151.755,152.24,55422
2020-12-10T05:00:00Z,151.12,161.18,150.775,157.915,52483
2020-12-09T05:00:00Z,169.8,169.8,149.63,151.665,271331
2020-12-08T05:00:00Z,160.125,167.7,160.125,167.14,58328
2020-12-07T05:00:00Z,153.41,158.09,150.86,155.36,36254
2020-12-04T05:00:00Z,148.57,154.8,147.03,150.63,38993
2020-12-03T05:00:00Z,144.12,149.78,144.12,145.09,50846
2020-12-02T05:00:00Z,142.84,145.14,136.025,140.29,91661
2020-12-01T05:00:00Z,154.665,155.71,143.05,147.01,80010
2020-11-30T05:00:00Z,147.01,152.14,139.56,151.6,87506
2020-11-27T05:00:00Z,143.47,148,141.88,147.54,91364
2020-11-25T05:00:00Z,130.59,138.8,128.26,137.41,38909
2020-11-24T05:00:00Z,130.91,133.625,126.4,128.16,44305
2020-11-23T05:00:00Z,123.42,129.87,122.79,129.39,49076
2020-11-20T05:00:00Z,117.35,123.88,116.7,122.64,72316
2020-11-19T05:00:00Z,116.35,118.34,114.1,116.02,27011
2020-11-18T05:00:00Z,118.39,118.895,113.83,115.07,33456
2020-11-17T05:00:00Z,109.24,122.95,109.24,118.015,62985
2020-11-16T05:00:00Z,109,112.34,105.69,111.23,121398
2020-11-13T05:00:00Z,100.77,116.48,100.77,114.735,208057
2020-11-12T05:00:00Z,104.98,106.19,99.72,101.74,79724
2020-11-11T05:00:00Z,102.45,105.96,101.66,105.27,49140
2020-11-10T05:00:00Z,105.005,105.24,98,99.605,95287
2020-11-09T05:00:00Z,116.98,116.98,102.41,102.89,104907
2020-11-06T05:00:00Z,110.61,119.59,108.45,119.135,29117
2020-11-05T05:00:00Z,110.37,112.77,107.23,110.69,69507
2020-11-04T05:00:00Z,101.74,106.78,100.615,106.32,83019
2020-11-03T05:00:00Z,95.97,99.295,94.915,98.06,70352
2020-11-02T05:00:00Z,97.33,98.69,93.395,93.57,78022
2020-10-30T04:00:00Z,104.55,107.05,93.21,94.57,152752
2020-10-29T04:00:00Z,99.98,109.19,99.98,108.715,29680
2020-10-28T04:00:00Z,99.51,101.89,96.495,99.58,34454
2020-10-27T04:00:00Z,102.205,107.73,95.78,103.95,94580
2020-10-26T04:00:00Z,98.38,102.965,91.925,99.96,45550
2020-10-23T04:00:00Z,103.77,103.77,93.66,97.33,58686
2020-10-22T04:00:00Z,91.2,100.97,88.54,100.89,71810
2020-10-21T04:00:00Z,87.5,91.15,87.5,90.86,45073
2020-10-20T04:00:00Z,89.85,90.42,86.2,87.21,39570
2020-10-19T04:00:00Z,94.46,95.01,88.21,89.12,59669
2020-10-16T04:00:00Z,92.335,93.33,90.98,92.6,20975
2020-10-15T04:00:00Z,88.46,93.225,87.22,91.365,43987
2020-10-14T04:00:00Z,94.705,96.035,89.5,89.99,71062
2020-10-13T04:00:00Z,93.26,94.25,91.095,92.125,62905
2020-10-12T04:00:00Z,100.11,100.825,89.9,89.99,100046
2020-10-09T04:00:00Z,93.825,100,93.16,98.795,25169
2020-10-08T04:00:00Z,90.66,92.99,88.89,91.34,14948
2020-10-07T04:00:00Z,84.025,89.445,84.025,88.55,45335
2020-10-06T04:00:00Z,84.375,84.7,82.8,82.8,39579
2020-10-05T04:00:00Z,84.8,84.8,82.55,83.69,43660
2020-10-02T04:00:00Z,81.775,87.44,81.77,83.52,199112
2020-10-01T04:00:00Z,89.44,90.895,83.505,84.405,215677
2020-09-30T04:00:00Z,94.695,96.11,85.17,87,125874
2020-09-29T04:00:00Z,97.22,102.32,93.925,94.78,57867
2020-09-28T04:00:00Z,94.365,99.97,94.245,95.595,148122
2020-09-25T04:00:00Z,84.69,93.13,84.26,89.48,100090
2020-09-24T04:00:00Z,77.595,83.845,75.85,83.615,79818
2020-09-23T04:00:00Z,88.53,88.765,79.99,81.8,168243
2020-09-22T04:00:00Z,76.82,84.81,75.42,84.81,190472
2020-09-21T04:00:00Z,67.34,73.98,65.5,73.64,135437
2020-09-18T04:00:00Z,74.63,76.5,67,68.615,641564
