2024-06-14T04:00:00Z,20.32,20.37,19.715,19.86,24606
2024-06-13T04:00:00Z,20.645,20.645,19.9,20.13,31468
2024-06-12T04:00:00Z,20.895,21.35,20.57,20.82,11833
2024-06-11T04:00:00Z,20.84,21.56,20.625,21.54,41279
2024-06-10T04:00:00Z,20.95,21.125,19.64,20.185,54854
2024-06-07T04:00:00Z,19.37,20.29,19.37,20.18,58906
2024-06-06T04:00:00Z,19.49,19.69,18.8,19.295,13376
2024-06-05T04:00:00Z,18.235,19.055,18.22,18.96,41468
2024-06-04T04:00:00Z,18.67,18.82,17.65,18.02,44439
2024-06-03T04:00:00Z,18.785,18.99,18.005,18.93,22970
2024-05-31T04:00:00Z,17.715,17.945,17.395,17.6,82440
2024-05-30T04:00:00Z,17.78,17.995,17.54,17.565,58444
2024-05-29T04:00:00Z,18.69,18.69,18.2,18.225,62036
2024-05-28T04:00:00Z,18.9,19.43,18.795,19.37,31927
2024-05-24T04:00:00Z,19.55,19.575,18.925,19.025,70960
2024-05-23T04:00:00Z,21.44,21.61,19.84,20.11,228989
2024-05-22T04:00:00Z,19.61,20.91,19.54,20.545,23306
2024-05-21T04:00:00Z,19.58,19.87,19.18,19.49,31102
2024-05-20T04:00:00Z,19.42,19.855,19.38,19.815,44623
2024-05-17T04:00:00Z,18.73,19.18,18.66,19.1,61354
2024-05-16T04:00:00Z,18.055,18.74,17.9,18.17,48930
2024-05-15T04:00:00Z,17,17.72,16.96,17.61,22705
2024-05-14T04:00:00Z,17.05,17.52,17.05,17.17,30728
2024-05-13T04:00:00Z,16.76,17.44,16.69,17.32,36178
2024-05-10T04:00:00Z,16.72,16.79,16.47,16.5,11867
2024-05-09T04:00:00Z,16.26,16.93,16.26,16.92,59922
2024-05-08T04:00:00Z,16.335,16.335,15.86,15.965,41163
2024-05-07T04:00:00Z,16.11,16.23,15.94,16.17,14354
2024-05-06T04:00:00Z,16.175,16.51,16,16.015,64666
2024-05-03T04:00:00Z,15.05,15.76,14.89,15.67,64414
2024-05-02T04:00:00Z,14.555,14.975,14.53,14.86,36879
2024-05-01T04:00:00Z,14.15,14.25,13.985,14.12,36957
2024-04-30T04:00:00Z,14.84,14.95,14.32,14.425,36957
2024-04-29T04:00:00Z,14.355,14.955,14.34,14.925,27380
2024-04-26T04:00:00Z,14.16,14.235,13.955,14.055,18644
2024-04-25T04:00:00Z,14.27,14.51,14.15,14.345,25658
2024-04-24T04:00:00Z,14.85,14.85,14.32,14.35,32002
2024-04-23T04:00:00Z,15.005,15.485,14.97,15.45,13548
2024-04-22T04:00:00Z,14.92,15.075,14.81,15.04,17479
2024-04-19T04:00:00Z,14.72,14.79,14.39,14.52,27651
2024-04-18T04:00:00Z,14.49,14.6,14.34,14.42,34293
2024-04-17T04:00:00Z,14.12,14.39,14,14.39,31329
2024-04-16T04:00:00Z,14.145,15,13.885,14.49,91211
2024-04-15T04:00:00Z,14.395,14.555,14.075,14.13,80743
2024-04-12T04:00:00Z,14.67,14.885,14.67,14.885,21809
2024-04-11T04:00:00Z,15.37,15.37,14.735,14.84,31289
2024-04-10T04:00:00Z,16.03,16.03,15.635,15.67,70597
2024-04-09T04:00:00Z,15.83,16.05,15.46,15.87,48789
2024-04-08T04:00:00Z,15.1,15.46,15.07,15.42,32569
2024-04-05T04:00:00Z,14.915,15.23,14.83,14.83,25080
2024-04-04T04:00:00Z,15.3,15.38,14.8,14.895,34963
2024-04-03T04:00:00Z,15.82,15.82,15.375,15.46,18676
2024-04-02T04:00:00Z,15.06,15.71,15.06,15.48,34176
2024-04-01T04:00:00Z,15.245,15.49,15.09,15.39,80313
2024-03-28T04:00:00Z,14.55,14.92,14.38,14.575,72758
2024-03-27T04:00:00Z,14.435,14.49,14.27,14.345,25186
2024-03-26T04:00:00Z,15.04,15.075,14.86,14.945,17321
2024-03-25T04:00:00Z,14.98,15.185,14.9,15.035,12639
2024-03-22T04:00:00Z,15.005,15.225,14.98,15.105,16039
2024-03-21T04:00:00Z,15.19,15.37,15.03,15.31,26126
2024-03-20T04:00:00Z,15.41,15.52,15.32,15.37,21149
2024-03-19T04:00:00Z,15.67,15.76,15.39,15.65,9836
2024-03-18T04:00:00Z,15.52,15.52,15.065,15.34,36284
2024-03-15T04:00:00Z,15.28,15.335,14.88,15.11,21377
2024-03-14T04:00:00Z,14.97,15.745,14.97,15.58,31984
2024-03-13T04:00:00Z,14.89,15.195,14.835,14.93,123761
2024-03-12T04:00:00Z,16.02,16.02,15.155,15.33,66664
2024-03-11T04:00:00Z,15.93,15.955,15.69,15.69,73331
2024-03-08T05:00:00Z,16.095,16.42,16.055,16.125,21557
2024-03-07T05:00:00Z,17,17.28,16,16.04,54674
2024-03-06T05:00:00Z,17.58,17.585,17.2,17.28,7769
2024-03-05T05:00:00Z,17.08,17.95,16.96,17.51,43862
2024-03-04T05:00:00Z,17.31,17.77,17.025,17.29,63490
2024-03-01T05:00:00Z,16.48,16.585,16.295,16.415,19710
2024-02-29T05:00:00Z,16.565,17.12,16.5,16.545,69684
2024-02-28T05:00:00Z,16.605,17.01,16.55,16.73,33534
2024-02-27T05:00:00Z,16.115,16.415,15.85,16.16,40743
2024-02-26T05:00:00Z,16.13,16.14,15.38,15.61,61390
2024-02-23T05:00:00Z,15.57,15.57,15.12,15.22,69386
2024-02-22T05:00:00Z,16.235,16.46,15.68,16.27,42882
2024-02-21T05:00:00Z,16.47,16.69,16.115,16.62,66575
2024-02-20T05:00:00Z,14.6,14.91,14.57,14.77,46189
2024-02-16T05:00:00Z,14.9,15.225,14.83,14.99,47376
2024-02-15T05:00:00Z,15.115,15.13,14.67,14.815,63671
2024-02-14T05:00:00Z,15.28,15.47,14.8,14.885,55498
2024-02-13T05:00:00Z,15.58,15.71,15.34,15.52,61712
2024-02-12T05:00:00Z,17.06,17.26,16.075,16.17,51748
2024-02-09T05:00:00Z,17.28,17.32,16.94,17.15,21848
2024-02-08T05:00:00Z,18,18.13,17.31,17.43,53258
2024-02-07T05:00:00Z,18.685,18.685,18.135,18.24,33585
2024-02-06T05:00:00Z,18.77,18.885,18.5,18.54,87276
2024-02-05T05:00:00Z,19.165,19.45,19.035,19.275,45687
2024-02-02T05:00:00Z,19.13,19.41,19.07,19.355,51504
2024-02-01T05:00:00Z,19.4,19.565,18.85,18.92,29415
2024-01-31T05:00:00Z,19.47,19.96,19.42,19.65,39625
2024-01-30T05:00:00Z,19.365,19.59,19.06,19.4,71695
2024-01-29T05:00:00Z,19.46,19.59,18.965,19.115,32388
2024-01-26T05:00:00Z,20.06,20.21,19.46,20.135,43757
2024-01-25T05:00:00Z,21.05,21.05,20.035,20.085,25097
2024-01-24T05:00:00Z,20.71,21.135,20.35,21.06,80949
2024-01-23T05:00:00Z,4.865,5.05,4.865,5.04,197999
2024-01-22T05:00:00Z,4.92,4.98,4.9,4.92,118338
2024-01-19T05:00:00Z,5.39,5.39,5.19,5.195,427197
2024-01-18T05:00:00Z,5.735,5.735,5.515,5.58,1281561
2024-01-17T05:00:00Z,5.765,5.99,5.69,5.83,178372
2024-01-16T05:00:00Z,5.995,6.085,5.77,5.775,393028
2024-01-12T05:00:00Z,6.765,6.835,6.49,6.805,469773
2024-01-11T05:00:00Z,6.115,6.535,6.04,6.285,423310
2024-01-10T05:00:00Z,6.21,6.305,6.01,6.165,876447
2024-01-09T05:00:00Z,6.395,6.86,6.16,6.475,914352
2024-01-08T05:00:00Z,5.555,6.1,5.525,6.005,123997
2024-01-05T05:00:00Z,5.485,5.87,5.48,5.835,281135
2024-01-04T05:00:00Z,5.695,5.8,5.55,5.765,240178
2024-01-03T05:00:00Z,5.46,5.505,5.33,5.445,138104
2024-01-02T05:00:00Z,5.245,5.25,5.115,5.195,82498
2023-12-29T05:00:00Z,5.095,5.17,5.045,5.075,117615
2023-12-28T05:00:00Z,5.085,5.205,5.085,5.145,142808
2023-12-27T05:00:00Z,5.105,5.18,4.92,4.955,75460
2023-12-26T05:00:00Z,4.88,4.935,4.835,4.925,246365
2023-12-22T05:00:00Z,4.905,5.05,4.895,5.045,28792
2023-12-21T05:00:00Z,4.835,5.035,4.8,5,65436
2023-12-20T05:00:00Z,4.82,4.86,4.69,4.69,68484
2023-12-19T05:00:00Z,4.715,4.915,4.63,4.91,93610
2023-12-18T05:00:00Z,5.04,5.06,4.88,4.9,113760
2023-12-15T05:00:00Z,4.855,4.98,4.81,4.835,166878
2023-12-14T05:00:00Z,4.64,4.77,4.595,4.765,156038
2023-12-13T05:00:00Z,4.54,4.68,4.515,4.61,94573
2023-12-12T05:00:00Z,4.645,4.72,4.51,4.515,153016
2023-12-11T05:00:00Z,4.595,4.825,4.53,4.81,132683
2023-12-08T05:00:00Z,5.055,5.13,5.02,5.025,67787
2023-12-07T05:00:00Z,5.04,5.15,4.98,5.06,201035
2023-12-06T05:00:00Z,5.335,5.35,5.01,5.05,205675
2023-12-05T05:00:00Z,5.46,5.48,5.28,5.335,45521
2023-12-04T05:00:00Z,5.295,5.35,5.225,5.33,101185
2023-12-01T05:00:00Z,5.465,5.595,5.44,5.46,107991
2023-11-30T05:00:00Z,5.58,5.595,5.45,5.525,140705
2023-11-29T05:00:00Z,5.63,5.63,5.5,5.505,249516
2023-11-28T05:00:00Z,5.69,5.785,5.51,5.51,498232
2023-11-27T05:00:00Z,5.745,5.805,5.685,5.795,61643
2023-11-24T05:00:00Z,5.825,5.965,5.815,5.935,21671
2023-11-22T05:00:00Z,5.905,6.005,5.835,5.98,100476
2023-11-21T05:00:00Z,5.945,6.045,5.88,5.89,117763
2023-11-20T05:00:00Z,6.015,6.095,5.99,6.005,116634
2023-11-17T05:00:00Z,6.135,6.175,6.05,6.165,105765
2023-11-16T05:00:00Z,6.52,6.59,6.315,6.365,257411
2023-11-15T05:00:00Z,6.625,6.78,6.555,6.56,191383
2023-11-14T05:00:00Z,6.555,6.655,6.44,6.455,235915
2023-11-13T05:00:00Z,6.595,6.755,6.52,6.73,280871
2023-11-10T05:00:00Z,6.345,6.355,6.29,6.33,31535
2023-11-09T05:00:00Z,6.41,6.43,6.3,6.34,378100
2023-11-08T05:00:00Z,6.46,6.595,6.37,6.535,213365
2023-11-07T05:00:00Z,6.48,6.63,6.48,6.605,153755
2023-11-06T05:00:00Z,6.935,6.955,6.77,6.82,129673
2023-11-03T04:00:00Z,7.28,7.41,7.25,7.255,28251
2023-11-02T04:00:00Z,7.145,7.295,7.11,7.29,93963
2023-11-01T04:00:00Z,7.165,7.39,7.13,7.255,117559
2023-10-31T04:00:00Z,7.245,7.545,7.245,7.495,194505
2023-10-30T04:00:00Z,6.935,7.025,6.925,6.94,145971
2023-10-27T04:00:00Z,7.4,7.435,7.18,7.205,91577
2023-10-26T04:00:00Z,7.1,7.36,7.035,7.315,258525
2023-10-25T04:00:00Z,6.995,7.075,6.93,7.065,112954
2023-10-24T04:00:00Z,6.8,6.955,6.78,6.95,49711
2023-10-23T04:00:00Z,6.765,6.845,6.75,6.81,138585
2023-10-20T04:00:00Z,6.785,6.82,6.76,6.79,117528
2023-10-19T04:00:00Z,7.145,7.175,6.9,6.915,141188
2023-10-18T04:00:00Z,7.335,7.335,7.16,7.18,49625
2023-10-17T04:00:00Z,7.205,7.245,7.095,7.17,59717
2023-10-16T04:00:00Z,7.28,7.35,7.155,7.27,108678
2023-10-13T04:00:00Z,7.59,7.62,7.48,7.485,163192
2023-10-12T04:00:00Z,7.775,7.97,7.725,7.805,267946
2023-10-11T04:00:00Z,7.665,7.94,7.51,7.895,149793
2023-10-10T04:00:00Z,7.88,7.94,7.78,7.905,110081
2023-10-09T04:00:00Z,7.78,7.915,7.75,7.875,213389
2023-10-06T04:00:00Z,7.455,7.825,7.455,7.74,1468081
2023-10-05T04:00:00Z,7.045,7.45,7.04,7.4,222447
2023-10-04T04:00:00Z,7.085,7.095,6.88,6.97,67192
2023-10-03T04:00:00Z,6.725,6.89,6.71,6.85,69477
2023-10-02T04:00:00Z,6.715,6.765,6.6,6.63,86072
2023-09-29T04:00:00Z,6.745,6.905,6.74,6.835,97602
2023-09-28T04:00:00Z,6.855,6.925,6.765,6.835,121681
2023-09-27T04:00:00Z,6.68,6.84,6.68,6.715,60050
2023-09-26T04:00:00Z,6.605,6.72,6.57,6.615,132135
2023-09-25T04:00:00Z,6.755,6.82,6.695,6.735,118696
2023-09-22T04:00:00Z,6.68,6.71,6.61,6.7,49616
2023-09-21T04:00:00Z,6.81,6.845,6.58,6.625,83794
2023-09-20T04:00:00Z,6.785,6.845,6.76,6.795,116624
2023-09-19T04:00:00Z,6.985,7.13,6.985,7.03,110557
2023-09-18T04:00:00Z,6.865,6.99,6.825,6.945,74227
2023-09-15T04:00:00Z,6.91,6.965,6.785,6.81,90490
2023-09-14T04:00:00Z,7.065,7.15,6.915,6.925,129688
2023-09-13T04:00:00Z,6.91,7.13,6.79,6.955,323155
2023-09-12T04:00:00Z,6.82,7.125,6.75,7.06,206722
2023-09-11T04:00:00Z,6.635,6.77,6.635,6.715,138026
2023-09-08T04:00:00Z,6.685,6.785,6.645,6.705,100759
2023-09-07T04:00:00Z,6.43,6.7,6.43,6.645,233871
2023-09-06T04:00:00Z,6.435,6.53,6.43,6.475,115610
2023-09-05T04:00:00Z,6.685,6.725,6.6,6.65,158454
2023-09-01T04:00:00Z,7.225,7.325,7.05,7.055,32234
2023-08-31T04:00:00Z,7.075,7.33,6.96,7.105,216972
2023-08-30T04:00:00Z,6.97,7.2,6.925,7.195,114070
2023-08-29T04:00:00Z,6.885,6.885,6.72,6.855,63738
2023-08-28T04:00:00Z,7.175,7.175,6.81,6.855,86612
2023-08-25T04:00:00Z,6.69,6.86,6.635,6.855,41786
2023-08-24T04:00:00Z,6.535,6.865,6.51,6.735,141749
2023-08-23T04:00:00Z,6.715,6.73,6.59,6.595,98689
2023-08-22T04:00:00Z,6.975,6.98,6.745,6.785,87683
2023-08-21T04:00:00Z,7.07,7.08,6.955,6.985,69818
2023-08-18T04:00:00Z,6.95,6.995,6.87,6.925,65868
2023-08-17T04:00:00Z,7.105,7.175,7.045,7.065,37330
2023-08-16T04:00:00Z,7.05,7.055,6.93,6.995,132169
2023-08-15T04:00:00Z,7.275,7.28,7.125,7.175,110803
2023-08-14T04:00:00Z,7.47,7.54,7.4,7.515,20842
2023-08-11T04:00:00Z,7.28,7.49,7.27,7.485,78650
2023-08-10T04:00:00Z,7.725,7.765,7.395,7.475,225354
2023-08-09T04:00:00Z,8.045,8.075,7.835,7.965,208649
2023-08-08T04:00:00Z,7.375,7.52,7.32,7.515,54542
2023-08-07T04:00:00Z,7.225,7.39,7.215,7.39,94004
2023-08-04T04:00:00Z,6.975,6.985,6.885,6.945,275500
2023-08-03T04:00:00Z,6.805,6.94,6.765,6.875,109526
2023-08-02T04:00:00Z,6.725,6.745,6.6,6.67,289413
2023-08-01T04:00:00Z,6.835,6.925,6.835,6.92,96840
2023-07-31T04:00:00Z,7.04,7.105,7.01,7.105,40483
2023-07-28T04:00:00Z,7.12,7.125,6.98,7.085,63300
2023-07-27T04:00:00Z,7.075,7.11,6.855,6.995,92972
2023-07-26T04:00:00Z,7.155,7.25,7.125,7.215,46902
2023-07-25T04:00:00Z,7.215,7.4,7.205,7.345,59405
2023-07-24T04:00:00Z,7.195,7.295,7.16,7.245,75189
2023-07-21T04:00:00Z,7.235,7.315,7.215,7.26,58618
2023-07-20T04:00:00Z,7.27,7.395,7.22,7.285,301332
2023-07-19T04:00:00Z,7.025,7.075,6.935,7.015,54193
2023-07-18T04:00:00Z,6.91,7.06,6.905,6.995,98107
2023-07-17T04:00:00Z,6.715,6.805,6.655,6.765,59998
2023-07-14T04:00:00Z,6.925,6.94,6.665,6.79,118254
2023-07-13T04:00:00Z,7.005,7.05,6.795,6.815,81576
2023-07-12T04:00:00Z,7.085,7.145,7.005,7.07,101833
2023-07-11T04:00:00Z,7.175,7.335,7.165,7.29,117616
2023-07-10T04:00:00Z,7.075,7.185,7.03,7.12,88725
2023-07-07T04:00:00Z,6.98,7.14,6.785,6.86,75676
2023-07-06T04:00:00Z,7.11,7.15,6.92,7.035,60862
2023-07-05T04:00:00Z,7.375,7.39,7.085,7.105,78311
2023-07-03T04:00:00Z,7.23,7.26,7.14,7.22,27493
2023-06-30T04:00:00Z,7.145,7.535,7.145,7.43,161560
2023-06-29T04:00:00Z,7.05,7.315,7.05,7.175,102036
2023-06-28T04:00:00Z,7.35,7.375,7.075,7.095,91393
2023-06-27T04:00:00Z,7.575,7.69,7.365,7.48,101211
2023-06-26T04:00:00Z,7.74,7.805,7.615,7.695,96694
2023-06-23T04:00:00Z,7,7.595,7,7.545,251736
2023-06-22T04:00:00Z,7.17,7.21,6.99,7.175,81744
2023-06-21T04:00:00Z,6.855,7.135,6.85,7.135,69670
2023-06-20T04:00:00Z,7.215,7.255,6.85,6.85,99652
2023-06-16T04:00:00Z,7.04,7.28,6.93,7.185,152949
2023-06-15T04:00:00Z,6.655,7.035,6.655,7.025,284751
2023-06-14T04:00:00Z,6.44,6.48,6.375,6.455,58509
2023-06-13T04:00:00Z,6.475,6.48,6.35,6.42,65292
2023-06-12T04:00:00Z,6.135,6.26,6.07,6.245,65891
2023-06-09T04:00:00Z,6.255,6.355,6.185,6.215,99021
2023-06-08T04:00:00Z,6.335,6.5,6.26,6.415,78754
2023-06-07T04:00:00Z,6.37,6.435,6.245,6.395,146298
2023-06-06T04:00:00Z,6.125,6.275,6.125,6.21,50737
2023-06-05T04:00:00Z,6.285,6.35,6.105,6.185,156363
2023-06-02T04:00:00Z,6.02,6.125,5.94,5.98,107128
2023-06-01T04:00:00Z,5.985,6.01,5.89,5.935,235723
2023-05-31T04:00:00Z,6.56,6.56,6.17,6.195,168711
2023-05-30T04:00:00Z,6.36,6.4,6.205,6.335,129208
2023-05-26T04:00:00Z,6.555,6.765,6.535,6.635,173212
2023-05-25T04:00:00Z,6.975,7.04,6.67,6.755,150398
2023-05-24T04:00:00Z,7.02,7.06,6.95,7.05,81361
2023-05-23T04:00:00Z,6.865,7.005,6.825,6.875,196336
2023-05-22T04:00:00Z,7.125,7.125,6.9,6.995,135065
2023-05-19T04:00:00Z,7.605,7.72,7.395,7.455,222699
2023-05-18T04:00:00Z,6.925,7.525,6.87,7.495,310187
2023-05-17T04:00:00Z,6.79,6.995,6.78,6.895,84633
2023-05-16T04:00:00Z,7.11,7.185,6.865,6.865,139158
2023-05-15T04:00:00Z,6.84,6.96,6.8,6.935,98393
2023-05-12T04:00:00Z,6.445,6.825,6.42,6.64,142387
2023-05-11T04:00:00Z,6.465,6.595,6.355,6.39,40856
2023-05-10T04:00:00Z,6.425,6.52,6.325,6.395,126872
2023-05-09T04:00:00Z,6.635,6.67,6.475,6.625,88712
2023-05-08T04:00:00Z,6.475,6.565,6.37,6.52,157326
2023-05-05T04:00:00Z,6.2,6.33,6.165,6.175,101048
2023-05-04T04:00:00Z,6.28,6.28,6.1,6.1,174325
2023-05-03T04:00:00Z,6.275,6.37,6.15,6.305,177971
2023-05-02T04:00:00Z,6.575,6.575,6.405,6.485,124954
2023-05-01T04:00:00Z,6.925,6.93,6.7,6.76,134531
2023-04-28T04:00:00Z,6.96,7.085,6.87,7.005,124585
2023-04-27T04:00:00Z,6.845,6.93,6.695,6.885,101767
2023-04-26T04:00:00Z,6.75,6.78,6.65,6.76,122109
2023-04-25T04:00:00Z,7.105,7.145,6.985,7.005,167923
2023-04-24T04:00:00Z,6.985,7.25,6.975,7.19,137785
2023-04-21T04:00:00Z,7.035,7.1,6.95,7.01,81510
2023-04-20T04:00:00Z,6.97,7.11,6.765,7.005,159193
2023-04-19T04:00:00Z,7.015,7.09,6.91,6.99,120630
2023-04-18T04:00:00Z,7.21,7.375,7.085,7.34,118316
2023-04-17T04:00:00Z,7.135,7.185,7.045,7.13,308731
2023-04-14T04:00:00Z,6.3,6.735,6.275,6.695,149891
2023-04-13T04:00:00Z,6.51,6.535,6.35,6.405,157563
2023-04-12T04:00:00Z,6.855,6.94,6.57,6.64,130636
2023-04-11T04:00:00Z,6.89,7.06,6.76,7.06,86808
2023-04-10T04:00:00Z,6.845,7.02,6.77,6.855,176150
2023-04-06T04:00:00Z,6.755,6.755,6.32,6.4,112376
2023-04-05T04:00:00Z,6.875,6.88,6.695,6.79,66060
2023-04-04T04:00:00Z,6.655,6.715,6.58,6.63,97646
2023-04-03T04:00:00Z,6.73,6.775,6.58,6.7,173350
2023-03-31T04:00:00Z,6.905,7.08,6.85,6.955,129222
2023-03-30T04:00:00Z,6.755,6.84,6.595,6.685,94157
2023-03-29T04:00:00Z,6.715,7.02,6.68,6.905,66666
2023-03-28T04:00:00Z,6.935,7.11,6.79,6.825,119283
2023-03-27T04:00:00Z,7.13,7.175,6.92,7.06,124235
2023-03-24T04:00:00Z,7.375,7.53,7.33,7.33,66732
2023-03-23T04:00:00Z,7.36,7.535,7.17,7.18,61202
2023-03-22T04:00:00Z,7.6,7.715,7.25,7.365,68535
2023-03-21T04:00:00Z,7.17,7.85,7.17,7.735,92959
2023-03-20T04:00:00Z,7.705,7.705,7.36,7.455,53980
2023-03-17T04:00:00Z,7.975,8.005,7.72,7.795,80388
2023-03-16T04:00:00Z,8.17,8.385,8.12,8.345,38695
2023-03-15T04:00:00Z,8.145,8.22,7.91,8.095,50673
2023-03-14T04:00:00Z,8.6,8.68,8.38,8.565,34461
2023-03-13T04:00:00Z,8.265,8.68,8.265,8.65,100307
2023-03-10T05:00:00Z,8.265,8.355,8.025,8.04,67496
2023-03-09T05:00:00Z,8.635,8.71,8.17,8.24,106949
2023-03-08T05:00:00Z,8.7,8.7,8.34,8.58,77994
2023-03-07T05:00:00Z,8.675,8.84,8.59,8.775,64388
2023-03-06T05:00:00Z,8.685,8.765,8.39,8.625,231556
2023-03-03T05:00:00Z,9.355,9.97,9.28,9.895,130837
2023-03-02T05:00:00Z,9.315,9.32,8.95,9.175,33748
2023-03-01T05:00:00Z,8.9,9.36,8.89,9.295,118280
2023-02-28T05:00:00Z,8.9,9.135,8.48,9.125,81254
2023-02-27T05:00:00Z,8.91,9.03,8.625,8.965,211502
2023-02-24T05:00:00Z,8.33,8.515,8.135,8.495,164387
2023-02-23T05:00:00Z,7.94,8.195,7.67,8.085,164144
2023-02-22T05:00:00Z,7.485,7.98,7.45,7.58,175220
2023-02-21T05:00:00Z,7.405,7.45,7.15,7.215,200232
2023-02-17T05:00:00Z,7.85,7.91,7.605,7.76,188629
2023-02-16T05:00:00Z,8.46,8.505,8.13,8.255,203719
2023-02-15T05:00:00Z,8.62,8.76,8.36,8.42,113154
2023-02-14T05:00:00Z,8.57,8.9,8.57,8.855,87151
2023-02-13T05:00:00Z,8.38,8.585,8.14,8.33,123969
2023-02-10T05:00:00Z,8.47,8.805,8.33,8.8,94786
2023-02-09T05:00:00Z,8.26,8.63,8.18,8.34,115446
2023-02-08T05:00:00Z,8.66,8.735,8.09,8.225,154059
2023-02-07T05:00:00Z,8.515,8.9,8.515,8.845,102910
2023-02-06T05:00:00Z,8.255,8.515,8.09,8.5,90218
2023-02-03T05:00:00Z,8.275,8.325,8,8.18,102403
2023-02-02T05:00:00Z,8.655,8.845,8.305,8.365,139528
2023-02-01T05:00:00Z,8.905,8.97,8.42,8.52,274478
2023-01-31T05:00:00Z,9.005,9.385,8.98,9.305,88735
2023-01-30T05:00:00Z,9.28,9.44,9.1,9.115,86642
2023-01-27T05:00:00Z,9.73,9.905,9.5,9.81,50268
2023-01-26T05:00:00Z,9.315,9.78,9.18,9.605,129521
2023-01-25T05:00:00Z,10.155,10.24,9.82,9.825,46041
2023-01-24T05:00:00Z,10.795,10.855,10.37,10.48,39315
2023-01-23T05:00:00Z,10.52,11.05,10.22,11.02,45366
2023-01-20T05:00:00Z,10.66,10.86,10.19,10.26,39110
2023-01-19T05:00:00Z,10.69,10.78,10.48,10.49,34251
2023-01-18T05:00:00Z,10.89,11.06,10.585,10.61,55995
2023-01-17T05:00:00Z,11.61,11.785,11.255,11.54,57574
2023-01-13T05:00:00Z,11.33,11.55,10.78,11.025,60967
2023-01-12T05:00:00Z,12.465,12.53,11.7,11.75,53088
2023-01-11T05:00:00Z,11.6,11.785,10.925,11.73,77739
2023-01-10T05:00:00Z,11.66,11.81,11.3,11.425,79291
2023-01-09T05:00:00Z,12.305,13.11,12.28,12.43,84332
2023-01-06T05:00:00Z,11.8,12.2,11.68,11.87,83093
2023-01-05T05:00:00Z,12.195,12.29,11.625,11.96,65178
2023-01-04T05:00:00Z,13.04,13.37,12.76,13.235,24329
2023-01-03T05:00:00Z,12.825,13.01,12.5,12.78,45894
2022-12-30T05:00:00Z,14.01,14.39,13.925,14.075,46162
2022-12-29T05:00:00Z,14.44,14.615,14.07,14.55,31590
2022-12-28T05:00:00Z,14.82,15.11,14.19,15.035,55880
2022-12-27T05:00:00Z,16.125,16.34,15.89,16.12,30256
2022-12-23T05:00:00Z,15.445,16.26,15.34,15.885,33834
2022-12-22T05:00:00Z,16.435,16.87,15.62,15.825,52434
2022-12-21T05:00:00Z,17.135,17.2,16.48,16.87,22263
2022-12-20T05:00:00Z,16.835,16.905,16.415,16.645,34056
2022-12-19T05:00:00Z,18.56,18.82,17.9,17.975,38961
2022-12-16T05:00:00Z,19.71,20.4,19.71,20.115,28719
2022-12-15T05:00:00Z,20.08,21.32,19.76,20.9,19178
2022-12-14T05:00:00Z,20.11,20.325,19.34,19.46,52805
2022-12-13T05:00:00Z,21.31,21.66,20.76,21.265,52415
2022-12-12T05:00:00Z,20.92,21,19.84,19.895,35873
2022-12-09T05:00:00Z,19.25,19.42,18.5,19.26,38415
2022-12-08T05:00:00Z,17.875,18.75,17.785,18.255,19582
2022-12-07T05:00:00Z,17.095,17.815,16.47,17.74,49261
2022-12-06T05:00:00Z,16.81,17.1,16.305,16.38,51665
2022-12-05T05:00:00Z,17.73,17.875,17.015,17.125,73424
2022-12-02T05:00:00Z,19.775,20.32,18.975,19.095,69454
2022-12-01T05:00:00Z,21.635,21.635,20.48,20.87,33481
2022-11-30T05:00:00Z,22.055,22.055,20.77,21.225,50764
2022-11-29T05:00:00Z,22.09,22.54,21.65,22.13,19629
2022-11-28T05:00:00Z,21.53,22.5,21.53,22.34,40962
2022-11-25T05:00:00Z,22.99,23.53,22.62,22.69,15599
2022-11-23T05:00:00Z,24.58,24.62,23.24,23.53,20464
2022-11-22T05:00:00Z,21.65,22.94,21.52,22.88,35559
2022-11-21T05:00:00Z,21.23,22.14,21.23,21.8,55884
2022-11-18T05:00:00Z,19.7,20.785,19.7,20.545,56624
2022-11-17T05:00:00Z,20.555,21.03,20.31,20.605,30695
2022-11-16T05:00:00Z,18.735,20.18,18.58,20.09,82561
2022-11-15T05:00:00Z,19.16,19.8,18.91,19.775,37203
2022-11-14T05:00:00Z,20.69,20.69,19.05,19.525,79095
2022-11-11T05:00:00Z,20.45,20.96,18.72,19.16,184039
2022-11-10T05:00:00Z,19.67,20.18,19.24,19.87,59618
2022-11-09T05:00:00Z,18.93,19.39,18.48,19.16,47144
2022-11-08T05:00:00Z,20.57,20.57,19.6,20.2,43452
2022-11-07T05:00:00Z,22.54,23.32,21.23,21.75,56773
2022-11-04T04:00:00Z,19.62,20.99,19.08,20.81,71262
2022-11-03T04:00:00Z,19.54,19.78,18.98,19.1,26824
2022-11-02T04:00:00Z,19.79,20.26,19.585,19.84,20970
2022-11-01T04:00:00Z,19.32,19.4,18.22,18.84,53759
2022-10-31T04:00:00Z,20.25,20.55,19.67,20.37,48256
2022-10-28T04:00:00Z,18.39,18.73,17.93,18.68,26914
2022-10-27T04:00:00Z,19.46,19.68,18.43,18.915,47314
2022-10-26T04:00:00Z,19.25,19.97,19.23,19.84,34858
2022-10-25T04:00:00Z,18.96,20.01,18.87,20.01,57891
2022-10-24T04:00:00Z,18.21,18.84,18.21,18.585,24156
2022-10-21T04:00:00Z,17.83,17.99,17.49,17.81,46428
2022-10-20T04:00:00Z,18.83,19.19,18.61,18.82,24244
2022-10-19T04:00:00Z,19.4,19.6,19.05,19.065,23606
2022-10-18T04:00:00Z,21.01,21.12,19.89,20.04,31503
2022-10-17T04:00:00Z,20.78,21.145,20.67,20.84,38824
2022-10-14T04:00:00Z,22.61,22.7,22.2,22.34,11780
2022-10-13T04:00:00Z,22.15,23.31,22.01,23.05,15915
2022-10-12T04:00:00Z,22.98,23.22,22.05,22.07,19743
2022-10-11T04:00:00Z,22.8,22.88,22.13,22.65,13858
2022-10-10T04:00:00Z,23.63,23.72,22.07,22.44,25449
2022-10-07T04:00:00Z,23.68,23.79,22.92,22.945,21230
2022-10-06T04:00:00Z,24.25,24.38,23.69,23.835,6180
2022-10-05T04:00:00Z,23.87,24.05,23.62,23.97,18577
2022-10-04T04:00:00Z,22.7,23.68,22.66,23.5,20583
2022-10-03T04:00:00Z,22.28,22.515,21.72,22.48,50385
2022-09-30T04:00:00Z,23.27,24.22,23.11,23.37,31747
2022-09-29T04:00:00Z,23.37,23.94,22.73,23.69,15383
2022-09-28T04:00:00Z,23.02,24.16,22.83,24.12,26209
2022-09-27T04:00:00Z,23.51,24.24,23.22,23.41,27055
2022-09-26T04:00:00Z,23.34,24.34,23.07,24.2,25834
2022-09-23T04:00:00Z,23.77,24.68,23.64,24.07,73252
2022-09-22T04:00:00Z,26.58,26.6,24.72,25.16,20519
2022-09-21T04:00:00Z,27.42,27.42,26.19,26.96,40670
2022-09-20T04:00:00Z,26.96,27.62,26.52,26.65,29850
2022-09-19T04:00:00Z,26.51,27.4,26.39,27.35,39706
2022-09-16T04:00:00Z,27.69,27.89,26.81,26.92,39948
2022-09-15T04:00:00Z,29.28,29.5,28.41,28.68,48743
2022-09-14T04:00:00Z,30.495,31.93,30,31.445,52244
2022-09-13T04:00:00Z,28.86,29.14,28.24,29.13,21593
2022-09-12T04:00:00Z,27.98,29.03,27.96,29,35801
2022-09-09T04:00:00Z,27.78,27.88,27.36,27.88,13020
2022-09-08T04:00:00Z,27.7,27.71,27.28,27.535,9958
2022-09-07T04:00:00Z,27.61,27.75,26.99,27.035,26667
2022-09-06T04:00:00Z,28.87,29.3,27.29,27.77,27342
2022-09-02T04:00:00Z,31.09,31.09,29.83,30.725,54274
2022-09-01T04:00:00Z,32.18,32.44,31.69,31.745,30630
2022-08-31T04:00:00Z,30.8,32.09,30.57,31.63,37405
2022-08-30T04:00:00Z,31.1,31.66,30.67,31.41,22062
2022-08-29T04:00:00Z,31.64,33,31.52,31.95,27750
2022-08-26T04:00:00Z,32.93,33.26,31.72,32.01,33008
2022-08-25T04:00:00Z,32.28,32.42,31.73,32.295,21514
2022-08-24T04:00:00Z,31.92,32.51,31.36,31.87,54545
2022-08-23T04:00:00Z,33.94,34.5,31.2,32.02,120122
2022-08-22T04:00:00Z,33.86,33.86,32.64,33.78,59595
2022-08-19T04:00:00Z,31.68,32.36,31.26,32.07,39891
2022-08-18T04:00:00Z,31.88,33.26,30.76,31.79,85420
2022-08-17T04:00:00Z,32.64,32.64,31.46,31.88,24441
2022-08-16T04:00:00Z,31.78,32.42,31.16,32.28,38449
2022-08-15T04:00:00Z,29.2,30.78,29,30.57,40065
2022-08-12T04:00:00Z,30.5,30.66,29.94,30.26,45707
2022-08-11T04:00:00Z,29.16,30.935,28.5,30.08,25818
2022-08-10T04:00:00Z,27,28.485,26.89,28.41,87327
2022-08-09T04:00:00Z,26.92,27.2,26.56,26.98,21016
2022-08-08T04:00:00Z,26.5,26.8,26.04,26.28,29470
2022-08-05T04:00:00Z,27.7,28.38,27.495,27.57,22976
2022-08-04T04:00:00Z,28.04,28.35,27.02,28.17,47817
2022-08-03T04:00:00Z,26.4,29.1,26.1,28.54,69064
2022-08-02T04:00:00Z,26.99,27.26,26.34,26.445,27923
2022-08-01T04:00:00Z,27.16,28.59,26.94,28.5,49318
2022-07-29T04:00:00Z,28.72,28.76,27.715,28.63,23686
2022-07-28T04:00:00Z,29.36,30.48,28.055,28.35,20899
2022-07-27T04:00:00Z,29.98,30.06,28.81,29.735,36258
2022-07-26T04:00:00Z,31.47,31.47,29.88,30.08,52271
2022-07-25T04:00:00Z,28.76,30.02,28.34,29.735,27632
2022-07-22T04:00:00Z,27.81,28.56,27.81,28.315,33382
2022-07-21T04:00:00Z,26.28,27.62,26.245,26.99,27416
2022-07-20T04:00:00Z,25.32,27.31,24.98,26.78,37315
2022-07-19T04:00:00Z,24.56,25.2,24.4,24.9,39241
2022-07-18T04:00:00Z,25.04,25.68,24.98,25.33,28427
2022-07-15T04:00:00Z,22.54,24.27,22.52,24.26,27405
2022-07-14T04:00:00Z,23.12,23.32,22.27,22.7,27852
2022-07-13T04:00:00Z,22.16,23.075,21.86,22.43,35521
2022-07-12T04:00:00Z,22.52,22.52,20.48,21.21,52901
2022-07-11T04:00:00Z,22.44,22.6,21.64,22.04,23018
2022-07-08T04:00:00Z,21.16,21.3,20.49,20.58,8029
2022-07-07T04:00:00Z,19.67,21.645,19.55,21.12,67020
2022-07-06T04:00:00Z,19.03,19.08,18.35,18.855,20673
2022-07-05T04:00:00Z,18.99,19.44,18.435,18.66,35918
2022-07-01T04:00:00Z,19.88,20.06,19.22,19.37,42456
2022-06-30T04:00:00Z,22.18,22.36,18.33,18.95,90045
2022-06-29T04:00:00Z,22.81,23.06,21.92,21.92,32407
2022-06-28T04:00:00Z,22.59,22.89,22.05,22.615,19780
2022-06-27T04:00:00Z,21.08,22.37,20.9,22.11,21409
2022-06-24T04:00:00Z,21.09,21.67,21.06,21.31,8376
2022-06-23T04:00:00Z,22.86,22.86,21.31,21.33,17015
2022-06-22T04:00:00Z,22.64,23.61,22.64,23.22,11226
2022-06-21T04:00:00Z,22.77,23.51,22.56,23.2,17581
2022-06-17T04:00:00Z,24.89,24.945,23.35,23.66,21873
2022-06-16T04:00:00Z,26.73,26.845,24.85,25.28,18618
2022-06-15T04:00:00Z,25.68,25.955,24.84,25.47,21746
2022-06-14T04:00:00Z,26.68,26.825,23.83,24.69,97038
2022-06-13T04:00:00Z,30.16,30.2,28.65,29.4,26697
2022-06-10T04:00:00Z,29.72,30.21,29.24,29.74,34763
2022-06-09T04:00:00Z,27.42,30.54,27.24,30.36,42821
2022-06-08T04:00:00Z,32.24,32.72,28.78,29.395,72047
2022-06-07T04:00:00Z,31.53,31.96,31.32,31.71,31975
2022-06-06T04:00:00Z,30.98,31.86,30.62,31.73,68958
2022-06-03T04:00:00Z,28.99,29.16,28.52,28.97,34649
2022-06-02T04:00:00Z,30.36,30.44,28.44,28.8,62508
2022-06-01T04:00:00Z,28.96,29.815,28.72,29.815,46816
2022-05-31T04:00:00Z,28.99,29.1,27.64,27.89,63881
2022-05-27T04:00:00Z,28.53,29.8,28.14,29.57,42382
2022-05-26T04:00:00Z,30.62,31.94,29.49,29.73,46365
2022-05-25T04:00:00Z,31.34,31.92,30.14,30.545,50167
2022-05-24T04:00:00Z,29.94,30.22,29.54,30.1,30356
2022-05-23T04:00:00Z,27.88,30.19,27.86,30.05,28505
2022-05-20T04:00:00Z,27.52,28.07,27.52,27.77,20378
2022-05-19T04:00:00Z,28.2,29.09,27.975,27.975,13674
2022-05-18T04:00:00Z,28.94,29.08,28.18,28.5,32013
2022-05-17T04:00:00Z,28.38,28.68,27.96,28.45,26437
2022-05-16T04:00:00Z,27.71,28.04,26.4,27.41,28690
2022-05-13T04:00:00Z,26.76,26.78,25.89,26.26,25423
2022-05-12T04:00:00Z,25.63,26.65,25.54,26.41,23970
2022-05-11T04:00:00Z,26.07,26.49,25.86,26.36,20399
2022-05-10T04:00:00Z,23.25,25.495,23.24,24.82,31845
2022-05-09T04:00:00Z,26.06,26.14,23.935,24.32,78871
2022-05-06T04:00:00Z,29.265,29.29,27.345,27.66,60606
2022-05-05T04:00:00Z,28.7,30.185,27.93,30.09,42974
2022-05-04T04:00:00Z,28.8,29.07,28.465,28.995,60238
2022-05-03T04:00:00Z,27.385,27.98,26.78,26.78,43972
2022-05-02T04:00:00Z,25.425,26.02,25.325,26.02,12413
2022-04-29T04:00:00Z,24.35,25.1,24.125,25.015,11263
2022-04-28T04:00:00Z,24.5,24.5,23.68,23.86,26782
2022-04-27T04:00:00Z,24.52,25.75,24.38,25.185,54258
2022-04-26T04:00:00Z,24.16,24.52,23.4,23.805,96324
2022-04-25T04:00:00Z,22.8,24.4,22.78,24.22,42275
2022-04-22T04:00:00Z,23.855,24.06,22.555,22.585,31964
2022-04-21T04:00:00Z,24.69,24.72,23.53,24.195,73320
2022-04-20T04:00:00Z,24.825,24.845,23.7,23.995,91401
2022-04-19T04:00:00Z,25.03,25.255,24.25,24.965,143200
2022-04-18T04:00:00Z,26.6,28.125,26.57,27.14,154451
2022-04-14T04:00:00Z,24.445,25.595,24.29,25.575,62781
2022-04-13T04:00:00Z,23.775,24.74,23.665,24.625,143142
2022-04-12T04:00:00Z,23.42,24.23,23.08,23.395,65755
2022-04-11T04:00:00Z,22.91,23.325,22.685,23.29,54909
2022-04-08T04:00:00Z,22.415,22.515,21.875,22.095,33212
2022-04-07T04:00:00Z,21,22.465,21,22.35,51743
2022-04-06T04:00:00Z,21.94,22.16,20.96,21.215,66419
2022-04-05T04:00:00Z,20.86,21.63,20.84,21.055,198054
2022-04-04T04:00:00Z,20.08,20.42,19.9,20.015,26145
2022-04-01T04:00:00Z,19.695,20.155,19.56,19.925,47288
2022-03-31T04:00:00Z,19.71,20.325,19.625,19.725,200501
2022-03-30T04:00:00Z,19.045,19.61,19.045,19.375,64956
2022-03-29T04:00:00Z,19.145,19.16,18.58,18.605,53659
2022-03-28T04:00:00Z,19.17,19.525,19.17,19.225,24513
2022-03-25T04:00:00Z,19.575,19.605,19.125,19.485,52944
2022-03-24T04:00:00Z,18.24,19.16,18.04,18.965,55937
2022-03-23T04:00:00Z,18.495,18.62,17.965,18.05,50095
2022-03-22T04:00:00Z,17.985,18.275,17.715,18.095,61502
2022-03-21T04:00:00Z,16.8,17.45,16.74,17.45,7269
2022-03-18T04:00:00Z,17.3,17.3,17.03,17.215,42631
2022-03-17T04:00:00Z,17.125,17.545,17.09,17.355,60600
2022-03-16T04:00:00Z,16.55,16.775,16.33,16.71,25190
2022-03-15T04:00:00Z,15.82,16.295,15.7,16.215,62611
2022-03-14T04:00:00Z,16.44,16.5,16.065,16.46,56161
2022-03-11T05:00:00Z,16.65,16.88,16.495,16.815,27969
2022-03-10T05:00:00Z,16.08,16.42,16.04,16.345,34844
2022-03-09T05:00:00Z,15.94,16.135,15.845,15.905,45499
2022-03-08T05:00:00Z,16.16,16.545,15.935,16.055,78359
2022-03-07T05:00:00Z,17.47,17.48,16.85,16.895,58238
2022-03-04T05:00:00Z,17.03,17.73,17.03,17.36,91962
2022-03-03T05:00:00Z,16.455,16.98,16.29,16.605,50689
2022-03-02T05:00:00Z,16.74,17.285,16.425,17.015,71363
2022-03-01T05:00:00Z,15.68,16.28,15.68,16.12,57022
2022-02-28T05:00:00Z,15.76,15.8,15.39,15.505,37512
2022-02-25T05:00:00Z,15.955,16.025,15.55,15.815,59027
2022-02-24T05:00:00Z,16.96,17.22,16.24,16.32,71657
2022-02-23T05:00:00Z,15.99,16.47,15.985,16.095,65054
2022-02-22T05:00:00Z,15.98,16.16,15.585,15.675,85090
2022-02-18T05:00:00Z,16.04,16.04,15.34,15.41,130854
2022-02-17T05:00:00Z,15.925,16.065,15.325,15.68,79301
2022-02-16T05:00:00Z,15.45,16.14,15.45,15.825,176686
2022-02-15T05:00:00Z,14.975,15.19,14.65,15.13,146286
2022-02-14T05:00:00Z,14.26,14.715,14.24,14.565,59762
2022-02-11T05:00:00Z,13.74,14.14,13.58,13.95,123776
2022-02-10T05:00:00Z,13.74,13.98,13.63,13.92,35793
2022-02-09T05:00:00Z,14.15,14.2,13.95,14.03,89368
2022-02-08T05:00:00Z,15.08,15.245,14.69,14.73,41470
2022-02-07T05:00:00Z,15.04,15.215,14.425,14.985,123181
2022-02-04T05:00:00Z,16.78,17.16,15.725,15.845,86315
2022-02-03T05:00:00Z,17.105,17.545,16.9,17.235,96303
2022-02-02T05:00:00Z,18.51,19.465,18.4,18.99,184053
2022-02-01T05:00:00Z,16.475,17.105,16.295,17.095,102873
2022-01-31T05:00:00Z,17.085,17.4,16.45,17.035,87045
2022-01-28T05:00:00Z,16.655,16.935,16.075,16.285,120289
2022-01-27T05:00:00Z,14.25,15.455,14.17,15.205,114999
2022-01-26T05:00:00Z,14.44,14.44,13.92,13.99,66182
2022-01-25T05:00:00Z,13.39,13.71,13.35,13.57,51841
2022-01-24T05:00:00Z,13.38,13.68,13.28,13.345,43440
2022-01-21T05:00:00Z,12.975,13.39,12.91,13.1,135542
2022-01-20T05:00:00Z,13.015,13.045,12.72,12.815,109104
2022-01-19T05:00:00Z,14.28,14.28,13.42,13.45,77155
2022-01-18T05:00:00Z,14.385,14.465,14.05,14.335,83862
2022-01-14T05:00:00Z,14.045,14.27,13.88,14.155,25405
2022-01-13T05:00:00Z,14.895,15.045,14.155,14.18,114225
2022-01-12T05:00:00Z,15.235,16.185,15.04,15.97,174780
2022-01-11T05:00:00Z,13.435,14.125,13.405,14.085,76797
2022-01-10T05:00:00Z,13.7,13.8,13.235,13.755,92242
2022-01-07T05:00:00Z,12.885,13.2,12.88,13.03,65065
2022-01-06T05:00:00Z,12.77,12.875,12.66,12.805,47222
2022-01-05T05:00:00Z,12.695,12.91,12.505,12.805,52362
2022-01-04T05:00:00Z,12.76,12.77,12.35,12.435,67943
2022-01-03T05:00:00Z,12.275,12.795,12.1,12.775,40152
2021-12-31T05:00:00Z,12.27,12.575,12.05,12.5,52967
2021-12-30T05:00:00Z,12.47,12.51,11.755,11.92,59269
2021-12-29T05:00:00Z,13.03,13.245,12.705,12.75,47700
2021-12-28T05:00:00Z,12.765,13.02,12.73,12.945,49725
2021-12-27T05:00:00Z,12.515,13.185,12.515,13.055,69996
2021-12-23T05:00:00Z,12.06,12.275,11.69,12.105,79436
2021-12-22T05:00:00Z,12.89,13.03,12.71,12.725,35830
2021-12-21T05:00:00Z,12.46,12.73,12.42,12.505,76698
2021-12-20T05:00:00Z,12.615,12.75,12.34,12.525,31112
2021-12-17T05:00:00Z,12.215,12.465,12,12.025,26505
2021-12-16T05:00:00Z,12.635,12.78,12.235,12.355,39682
2021-12-15T05:00:00Z,12.705,12.835,12.4,12.46,58532
2021-12-14T05:00:00Z,12.32,12.5,12.1,12.46,30225
2021-12-13T05:00:00Z,13.265,13.325,12.35,12.54,53453
2021-12-10T05:00:00Z,12.66,12.975,12.54,12.71,38283
2021-12-09T05:00:00Z,12.505,12.84,12.36,12.37,40190
2021-12-08T05:00:00Z,12.75,12.755,12.485,12.505,31192
2021-12-07T05:00:00Z,12.245,12.535,12.045,12.23,52633
2021-12-06T05:00:00Z,12.265,12.28,11.93,12.04,126320
2021-12-03T05:00:00Z,13.665,13.905,13.33,13.33,41605
2021-12-02T05:00:00Z,14.02,14.115,13.25,13.46,69972
2021-12-01T05:00:00Z,14.435,14.46,13.835,13.915,61697
2021-11-30T05:00:00Z,14.82,15.355,14.695,15.08,76688
2021-11-29T05:00:00Z,15.955,16.2,15.795,15.86,119250
2021-11-26T05:00:00Z,17.485,17.5,16.79,17.44,43063
2021-11-24T05:00:00Z,16.63,17.015,16.56,16.695,19467
2021-11-23T05:00:00Z,16.445,16.835,16.35,16.745,54670
2021-11-22T05:00:00Z,15.605,16.1,15.58,15.925,65715
2021-11-19T05:00:00Z,16.49,17.145,16.305,16.74,50550
2021-11-18T05:00:00Z,16.675,16.675,16.295,16.4,9459
2021-11-17T05:00:00Z,16.37,16.65,16.085,16.26,30983
2021-11-16T05:00:00Z,17.62,17.965,17.09,17.185,38254
2021-11-15T05:00:00Z,16.21,16.875,16.125,16.82,90760
2021-11-12T05:00:00Z,16.875,16.88,15.91,16.065,50004
2021-11-11T05:00:00Z,16.395,17.26,16.395,17.125,51787
2021-11-10T05:00:00Z,15.885,16.545,15.79,16.395,79800
2021-11-09T05:00:00Z,17.045,17.175,16.41,16.575,103730
2021-11-08T05:00:00Z,18.56,18.68,18.055,18.055,53109
2021-11-05T04:00:00Z,18.505,18.795,18.38,18.755,37661
2021-11-04T04:00:00Z,19.275,19.525,18.515,19.025,59714
2021-11-03T04:00:00Z,18.665,19.415,18.635,19.415,43762
2021-11-02T04:00:00Z,18.105,18.545,17.98,18.41,59430
2021-11-01T04:00:00Z,17.715,17.885,17.105,17.375,66655
2021-10-29T04:00:00Z,18.54,18.67,18.085,18.46,55635
2021-10-28T04:00:00Z,19.725,19.96,19.09,19.28,48141
2021-10-27T04:00:00Z,20.605,20.935,19.78,20.445,45137
2021-10-26T04:00:00Z,19.42,20.175,19.175,19.94,119062
2021-10-25T04:00:00Z,19.58,20.555,19.58,20.42,83120
2021-10-22T04:00:00Z,18.58,18.605,17.985,18.365,38496
2021-10-21T04:00:00Z,17.89,18.19,17.52,18.125,38320
2021-10-20T04:00:00Z,17.385,18.3,17.385,18.165,41320
2021-10-19T04:00:00Z,17.26,17.89,17.26,17.77,44262
2021-10-18T04:00:00Z,18,18.295,17.43,17.435,55577
2021-10-15T04:00:00Z,19.155,19.43,18.76,18.855,38907
2021-10-14T04:00:00Z,20.075,20.46,19.44,19.59,28757
2021-10-13T04:00:00Z,18.71,19.675,18.585,19.56,71746
2021-10-12T04:00:00Z,18.35,19.075,18.28,18.855,131347
2021-10-11T04:00:00Z,18.48,18.95,18.41,18.645,62708
2021-10-08T04:00:00Z,19.43,19.66,19.21,19.375,35395
2021-10-07T04:00:00Z,19.23,20.005,18.91,19.955,55967
2021-10-06T04:00:00Z,20.34,20.45,19.61,19.735,83982
2021-10-05T04:00:00Z,21.045,22.085,21.045,21.79,106563
2021-10-04T04:00:00Z,20.59,20.96,19.93,20.395,98474
2021-10-01T04:00:00Z,19.65,19.885,19.25,19.265,80194
2021-09-30T04:00:00Z,19.115,20.375,19.08,20.135,212155
2021-09-29T04:00:00Z,19.405,19.56,18.77,18.83,66592
2021-09-28T04:00:00Z,20.545,21.04,19.55,20.14,174643
2021-09-27T04:00:00Z,19.195,20.38,19.01,20.315,118180
2021-09-24T04:00:00Z,17.79,18.115,17.46,18.08,23914
2021-09-23T04:00:00Z,17.03,17.655,17.01,17.635,53281
2021-09-22T04:00:00Z,16.76,16.92,16.65,16.65,17969
2021-09-21T04:00:00Z,16.96,16.985,16.51,16.865,38388
2021-09-20T04:00:00Z,17.67,18,17.14,17.275,35581
2021-09-17T04:00:00Z,18.11,18.32,17.61,17.68,37977
2021-09-16T04:00:00Z,18.84,18.87,18.36,18.48,50320
2021-09-15T04:00:00Z,19.405,19.665,18.585,19.065,60276
2021-09-14T04:00:00Z,18.43,18.6,18.18,18.47,38140
2021-09-13T04:00:00Z,17.965,18.45,17.945,18.095,49483
2021-09-10T04:00:00Z,17.33,17.425,17.15,17.33,14688
2021-09-09T04:00:00Z,17.09,17.59,16.85,17.485,74952
2021-09-08T04:00:00Z,16.925,17.47,16.79,17.195,107817
2021-09-07T04:00:00Z,16.295,16.31,15.97,15.98,28902
2021-09-03T04:00:00Z,16.385,16.455,16.26,16.405,34004
2021-09-02T04:00:00Z,16.24,16.48,16.125,16.16,47153
2021-09-01T04:00:00Z,15.57,16.41,15.555,16.12,74103
2021-08-31T04:00:00Z,14.98,15.4,14.89,15.33,36791
2021-08-30T04:00:00Z,14.865,15.15,14.77,15.095,29619
2021-08-27T04:00:00Z,15.175,15.35,15.105,15.335,92871
2021-08-26T04:00:00Z,14.355,14.815,14.34,14.705,62208
2021-08-25T04:00:00Z,13.705,13.965,13.685,13.755,12968
2021-08-24T04:00:00Z,13.72,13.73,13.63,13.66,3150
2021-08-23T04:00:00Z,13.69,13.84,13.615,13.81,3427
2021-08-20T04:00:00Z,13.785,13.785,13.47,13.48,9700
2021-08-19T04:00:00Z,13.185,13.585,13.12,13.525,62559
2021-08-18T04:00:00Z,13.295,13.545,13.295,13.405,19356
2021-08-17T04:00:00Z,13.53,13.555,13.36,13.405,23814
2021-08-16T04:00:00Z,13.86,13.95,13.83,13.84,6304
2021-08-13T04:00:00Z,13.725,13.845,13.49,13.49,15335
2021-08-12T04:00:00Z,14.09,14.09,13.705,13.705,27640
2021-08-11T04:00:00Z,13.985,14.25,13.985,14.23,9665
2021-08-10T04:00:00Z,14.36,14.445,14.275,14.405,16448
2021-08-09T04:00:00Z,14.195,14.225,14.055,14.21,5957
2021-08-06T04:00:00Z,14.54,14.685,14.435,14.495,22133
2021-08-05T04:00:00Z,14.66,14.7,14.5,14.6,36901
2021-08-04T04:00:00Z,14.42,14.73,14.42,14.575,24573
2021-08-03T04:00:00Z,14.155,14.265,14.11,14.26,8853
2021-08-02T04:00:00Z,13.98,14.135,13.8,13.86,14920
2021-07-30T04:00:00Z,13.665,13.775,13.53,13.76,14002
2021-07-29T04:00:00Z,13.96,14.34,13.96,14.18,15747
2021-07-28T04:00:00Z,13.95,14.105,13.835,13.86,13163
2021-07-27T04:00:00Z,14.03,14.05,13.75,13.755,38040
2021-07-26T04:00:00Z,14.465,14.465,14.08,14.245,16390
2021-07-23T04:00:00Z,14.06,14.15,14.055,14.08,4242
2021-07-22T04:00:00Z,13.67,13.965,13.635,13.95,14473
2021-07-21T04:00:00Z,13.635,13.745,13.635,13.64,2270
2021-07-20T04:00:00Z,13.42,13.585,13.375,13.585,48892
2021-07-19T04:00:00Z,13.05,13.185,12.985,13.145,37485
2021-07-16T04:00:00Z,12.775,12.855,12.735,12.825,15926
2021-07-15T04:00:00Z,12.78,12.86,12.6,12.645,88040
2021-07-14T04:00:00Z,13.02,13.02,12.68,12.79,13735
2021-07-13T04:00:00Z,12.895,12.97,12.88,12.9,8055
2021-07-12T04:00:00Z,13.115,13.12,12.95,13.095,24003
2021-07-09T04:00:00Z,12.915,13.005,12.845,12.875,8173
2021-07-08T04:00:00Z,12.585,12.915,12.58,12.87,40191
2021-07-07T04:00:00Z,12.575,12.595,12.305,12.54,37746
2021-07-06T04:00:00Z,12.7,12.895,12.615,12.87,28828
2021-07-02T04:00:00Z,12.855,13.015,12.8,12.895,17962
2021-07-01T04:00:00Z,12.9,12.9,12.6,12.785,9761
2021-06-30T04:00:00Z,12.975,13.285,12.6,13.095,59193
2021-06-29T04:00:00Z,13.06,13.31,12.72,12.8,35930
2021-06-28T04:00:00Z,12.635,12.745,12.535,12.575,72735
2021-06-25T04:00:00Z,12.205,12.31,12.205,12.305,9241
2021-06-24T04:00:00Z,11.66,12.065,11.66,12.01,9027
2021-06-23T04:00:00Z,11.765,11.87,11.66,11.66,17521
2021-06-22T04:00:00Z,11.44,11.49,11.42,11.47,13305
2021-06-21T04:00:00Z,11.09,11.285,11.085,11.27,8161
2021-06-18T04:00:00Z,11.35,11.45,11.31,11.31,5503
2021-06-17T04:00:00Z,11.35,11.46,11.24,11.43,28098
2021-06-16T04:00:00Z,11.335,11.495,11.335,11.425,2936
2021-06-15T04:00:00Z,11.7,11.7,11.3,11.3,26697
2021-06-14T04:00:00Z,11.585,11.82,11.51,11.815,11004
2021-06-11T04:00:00Z,11.465,11.68,11.46,11.545,30245
2021-06-10T04:00:00Z,11.21,11.22,11.06,11.09,8120
2021-06-09T04:00:00Z,11.12,11.12,10.99,11.04,7853
2021-06-08T04:00:00Z,11.235,11.235,10.99,11.01,15623
2021-06-07T04:00:00Z,10.84,10.84,10.795,10.83,6745
2021-06-04T04:00:00Z,10.64,10.89,10.64,10.89,647
2021-06-03T04:00:00Z,10.74,10.82,10.705,10.77,12661
2021-06-02T04:00:00Z,10.94,10.94,10.74,10.8,18076
2021-06-01T04:00:00Z,10.95,11.03,10.885,10.935,16959
2021-05-28T04:00:00Z,10.615,10.63,10.5,10.53,16884
2021-05-27T04:00:00Z,10.56,10.56,10.26,10.42,15393
2021-05-26T04:00:00Z,10.505,10.7,10.495,10.625,7805
2021-05-25T04:00:00Z,10.445,10.525,10.415,10.525,38116
2021-05-24T04:00:00Z,10.3,10.43,10.29,10.415,2915
2021-05-21T04:00:00Z,10.475,10.495,10.45,10.45,5431
2021-05-20T04:00:00Z,10.53,10.6,10.46,10.595,9690
2021-05-19T04:00:00Z,10.66,10.71,10.585,10.665,7230
2021-05-18T04:00:00Z,10.92,10.92,10.81,10.82,8245
2021-05-17T04:00:00Z,11.175,11.265,11.13,11.165,30465
2021-05-14T04:00:00Z,10.68,10.68,10.6,10.645,16457
2021-05-13T04:00:00Z,10.55,10.71,10.55,10.655,8206
2021-05-12T04:00:00Z,10.585,10.69,10.565,10.67,12540
2021-05-11T04:00:00Z,10.35,10.625,10.35,10.585,7940
2021-05-10T04:00:00Z,10.43,10.52,10.43,10.49,10670
2021-05-07T04:00:00Z,10.48,10.68,10.43,10.6,20550
2021-05-06T04:00:00Z,10.51,10.55,10.44,10.52,4700
2021-05-05T04:00:00Z,10.6,10.64,10.445,10.64,11175
2021-05-04T04:00:00Z,10.63,10.65,10.505,10.65,20646
2021-05-03T04:00:00Z,10.63,10.65,10.51,10.625,24227
2021-04-30T04:00:00Z,10.515,10.53,10.5,10.515,11683
2021-04-29T04:00:00Z,10.58,10.58,10.35,10.425,6575
2021-04-28T04:00:00Z,10.66,10.7,10.57,10.58,20922
2021-04-27T04:00:00Z,10.43,10.545,10.43,10.535,23809
2021-04-26T04:00:00Z,10,10.32,10,10.315,13457
2021-04-23T04:00:00Z,10.15,10.18,10.07,10.07,35074
2021-04-22T04:00:00Z,9.96,10.23,9.96,10.145,23164
2021-04-21T04:00:00Z,9.855,9.965,9.855,9.955,7621
2021-04-20T04:00:00Z,10.045,10.07,10.04,10.04,5830
2021-04-19T04:00:00Z,9.94,10.1,9.935,10.085,28506
2021-04-16T04:00:00Z,9.865,9.89,9.82,9.88,8555
2021-04-15T04:00:00Z,9.56,9.815,9.555,9.805,9151
2021-04-14T04:00:00Z,9.705,9.735,9.615,9.635,14484
2021-04-13T04:00:00Z,9.57,9.7,9.57,9.66,6328
2021-04-12T04:00:00Z,9.495,9.495,9.36,9.425,6610
2021-04-09T04:00:00Z,9.35,9.37,9.275,9.28,11372
2021-04-08T04:00:00Z,9.275,9.32,9.19,9.295,17235
2021-04-07T04:00:00Z,9.215,9.37,9.215,9.255,37087
2021-04-06T04:00:00Z,9.4,9.4,9.045,9.08,22577
2021-04-05T04:00:00Z,9.37,9.39,9.18,9.255,19572
2021-04-01T04:00:00Z,9.705,9.77,9.6,9.69,12240
2021-03-31T04:00:00Z,9.53,9.65,9.53,9.585,6860
2021-03-30T04:00:00Z,9.69,9.74,9.62,9.665,13860
2021-03-29T04:00:00Z,9.55,9.735,9.54,9.725,6101
2021-03-26T04:00:00Z,9.685,9.71,9.61,9.665,19315
2021-03-25T04:00:00Z,9.46,9.655,9.46,9.64,10063
2021-03-24T04:00:00Z,9.54,9.545,9.45,9.45,22548
2021-03-23T04:00:00Z,9.545,9.58,9.405,9.42,29363
2021-03-22T04:00:00Z,9.47,9.665,9.45,9.62,39479
2021-03-19T04:00:00Z,9.2,9.48,9.18,9.48,44456
2021-03-18T04:00:00Z,9.1,9.41,9.07,9.28,77024
2021-03-17T04:00:00Z,9.5,9.5,9.32,9.42,17453
2021-03-16T04:00:00Z,9.43,9.545,9.43,9.535,5416
2021-03-15T04:00:00Z,9.425,9.425,9.28,9.345,10259
2021-03-12T05:00:00Z,9.945,9.97,9.665,9.68,15210
2021-03-11T05:00:00Z,9.97,10.07,9.88,9.945,25537
2021-03-10T05:00:00Z,9.84,10.04,9.84,10.035,7205
2021-03-09T05:00:00Z,9.845,10.025,9.845,10.025,5504
2021-03-08T05:00:00Z,9.84,9.97,9.84,9.96,13166
2021-03-05T05:00:00Z,10.29,10.29,10.03,10.085,9499
2021-03-04T05:00:00Z,10.35,10.35,10.06,10.255,28854
2021-03-03T05:00:00Z,10.665,10.665,10.485,10.505,13558
2021-03-02T05:00:00Z,10.47,10.67,10.45,10.635,32997
2021-03-01T05:00:00Z,10.26,10.39,10.26,10.375,11944
2021-02-26T05:00:00Z,10.24,10.4,10.18,10.33,9080
2021-02-25T05:00:00Z,10.5,10.54,10.32,10.32,15829
2021-02-24T05:00:00Z,10.6,10.62,10.46,10.48,11799
2021-02-23T05:00:00Z,10.67,10.79,10.65,10.705,60678
2021-02-22T05:00:00Z,10.85,11.03,10.775,10.93,15045
2021-02-19T05:00:00Z,11.22,11.29,11.095,11.15,49829
2021-02-18T05:00:00Z,11.135,11.135,10.965,10.975,57047
2021-02-17T05:00:00Z,11.01,11.34,11,11.3,82595
2021-02-16T05:00:00Z,11.285,11.285,10.86,11.09,46565
2021-02-12T05:00:00Z,10.555,10.84,10.53,10.665,15324
2021-02-11T05:00:00Z,10.93,10.93,10.42,10.43,73593
2021-02-10T05:00:00Z,10.54,10.865,10.47,10.845,35765
2021-02-09T05:00:00Z,10.31,10.415,10.27,10.32,11024
2021-02-08T05:00:00Z,10.57,10.61,10.46,10.585,19449
2021-02-05T05:00:00Z,11.12,11.12,10.46,10.545,51105
2021-02-04T05:00:00Z,10.285,10.895,10.19,10.835,71128
2021-02-03T05:00:00Z,10.24,10.285,10.065,10.155,23725
2021-02-02T05:00:00Z,10.92,10.92,10.32,10.405,42346
2021-02-01T05:00:00Z,10.27,10.47,10.225,10.315,51322
2021-01-29T05:00:00Z,9.74,9.85,9.395,9.425,44479
2021-01-28T05:00:00Z,9.79,9.87,9.51,9.845,51182
2021-01-27T05:00:00Z,9.845,10.01,9.8,9.825,18901
2021-01-26T05:00:00Z,9.55,9.685,9.51,9.665,26354
2021-01-25T05:00:00Z,9.34,9.545,9.33,9.535,17697
2021-01-22T05:00:00Z,9.03,9.08,8.955,9.01,35541
2021-01-21T05:00:00Z,9.12,9.195,9.03,9.18,35944
2021-01-20T05:00:00Z,9.09,9.335,9.05,9.285,34638
2021-01-19T05:00:00Z,9.37,9.425,9.19,9.255,19325
2021-01-15T05:00:00Z,10.04,10.05,9.81,9.955,22412
2021-01-14T05:00:00Z,9.99,10.01,9.65,9.685,25272
2021-01-13T05:00:00Z,9.98,10.18,9.82,9.945,24943
2021-01-12T05:00:00Z,10.34,10.37,9.89,9.925,24785
2021-01-11T05:00:00Z,9.54,10.165,9.54,10.105,13426
2021-01-08T05:00:00Z,9.58,9.87,9.58,9.755,8840
2021-01-07T05:00:00Z,9.855,9.96,9.685,9.685,16042
2021-01-06T05:00:00Z,9.78,9.97,9.76,9.835,16330
2021-01-05T05:00:00Z,9.745,9.89,9.72,9.795,27604
2021-01-04T05:00:00Z,9.53,9.53,9.3,9.435,8013
2020-12-31T05:00:00Z,9,9.215,8.88,9.19,40375
2020-12-30T05:00:00Z,8.91,8.91,8.695,8.795,9047
2020-12-29T05:00:00Z,8.69,8.955,8.69,8.865,31373
2020-12-28T05:00:00Z,8.255,8.55,8.23,8.505,46256
2020-12-24T05:00:00Z,9.4,9.41,9.23,9.24,4405
2020-12-23T05:00:00Z,9.67,9.67,9.27,9.395,24408
2020-12-22T05:00:00Z,9.96,10.04,9.84,9.885,16643
2020-12-21T05:00:00Z,9.605,9.75,9.605,9.735,6543
2020-12-18T05:00:00Z,9.785,9.79,9.605,9.745,10741
2020-12-17T05:00:00Z,9.71,9.76,9.44,9.62,18144
2020-12-16T05:00:00Z,9.665,9.7,9.575,9.695,9019
2020-12-15T05:00:00Z,9.54,9.755,9.535,9.645,10603
2020-12-14T05:00:00Z,9.72,9.775,9.475,9.625,17078
2020-12-11T05:00:00Z,9.32,9.505,9.32,9.375,11038
2020-12-10T05:00:00Z,8.95,9.36,8.915,9.31,39152
2020-12-09T05:00:00Z,9.055,9.065,8.77,8.785,18342
2020-12-08T05:00:00Z,8.805,8.89,8.58,8.825,15229
2020-12-07T05:00:00Z,8.67,8.81,8.63,8.785,30813
2020-12-04T05:00:00Z,9.18,9.495,9.18,9.275,26976
2020-12-03T05:00:00Z,9.355,9.355,9,9.085,82783
2020-12-02T05:00:00Z,10.39,10.44,9.935,9.955,20170
2020-12-01T05:00:00Z,10.41,10.455,10.3,10.415,11367
2020-11-30T05:00:00Z,10.81,10.82,10.45,10.61,20629
2020-11-27T05:00:00Z,10.455,10.455,10.25,10.265,4648
2020-11-25T05:00:00Z,10.48,10.86,10.41,10.675,22935
2020-11-24T05:00:00Z,10.475,10.515,10.385,10.465,56536
2020-11-23T05:00:00Z,10.12,10.275,10.1,10.215,23171
2020-11-20T05:00:00Z,10.05,10.095,9.975,10.055,39457
2020-11-19T05:00:00Z,9.67,10.02,9.62,9.895,62189
2020-11-18T05:00:00Z,10.415,10.495,10.265,10.265,13036
2020-11-17T05:00:00Z,10.305,10.355,10.185,10.29,23370
2020-11-16T05:00:00Z,10.65,10.65,10.305,10.315,25041
2020-11-13T05:00:00Z,11.56,11.59,11.265,11.325,10332
2020-11-12T05:00:00Z,11.435,11.545,11.2,11.205,11670
2020-11-11T05:00:00Z,11.235,11.565,11.125,11.51,18228
2020-11-10T05:00:00Z,11.075,11.325,11.075,11.205,26011
2020-11-09T05:00:00Z,10.955,10.975,10.77,10.835,18444
2020-11-06T05:00:00Z,11.085,11.115,10.9,10.975,22096
2020-11-05T05:00:00Z,11.625,11.74,11.11,11.11,14596
2020-11-04T05:00:00Z,11.515,11.675,11.4,11.6,15799
2020-11-03T05:00:00Z,11.755,11.755,11.555,11.6,32816
2020-11-02T05:00:00Z,12.275,12.38,12.2,12.265,32356
2020-10-30T04:00:00Z,12.395,12.75,12.365,12.745,17253
2020-10-29T04:00:00Z,12.02,12.655,11.965,12.565,11012
2020-10-28T04:00:00Z,12.54,12.54,12.42,12.465,11198
2020-10-27T04:00:00Z,12.25,12.62,12.25,12.525,7307
2020-10-26T04:00:00Z,12.41,12.41,12.175,12.31,10317
2020-10-23T04:00:00Z,12.23,12.23,12.08,12.095,12632
2020-10-22T04:00:00Z,12.54,12.6,12.34,12.385,7115
2020-10-21T04:00:00Z,12.69,12.725,12.65,12.655,9088
2020-10-20T04:00:00Z,12.61,12.61,12.31,12.385,8082
2020-10-19T04:00:00Z,12.31,12.51,12.3,12.495,9834
2020-10-16T04:00:00Z,12.4,12.6,12.185,12.265,14040
2020-10-15T04:00:00Z,12.425,12.54,12.28,12.395,24806
2020-10-14T04:00:00Z,11.95,12.13,11.735,11.785,65767
2020-10-13T04:00:00Z,12.6,12.94,12.57,12.66,15016
2020-10-12T04:00:00Z,13.11,13.125,12.71,12.77,32953
2020-10-09T04:00:00Z,12.435,12.63,12.285,12.385,54305
2020-10-08T04:00:00Z,11.4,11.9,11.4,11.855,22718
2020-10-07T04:00:00Z,11.91,11.91,11.45,11.715,13118
2020-10-06T04:00:00Z,11.6,11.81,11.255,11.325,21546
2020-10-05T04:00:00Z,11.93,12.19,11.74,11.875,27042
2020-10-02T04:00:00Z,11.07,11.455,10.945,11.065,18511
2020-10-01T04:00:00Z,11.23,11.325,10.99,11.215,18014
2020-09-30T04:00:00Z,11.35,11.545,11.18,11.41,13026
2020-09-29T04:00:00Z,11.72,11.82,11.265,11.265,34658
2020-09-28T04:00:00Z,12.2,12.58,12.2,12.445,9694
2020-09-25T04:00:00Z,12.83,12.83,12.585,12.635,14606
2020-09-24T04:00:00Z,12.67,13.13,12.48,12.885,20888
2020-09-23T04:00:00Z,12.18,12.71,12.18,12.63,26254
2020-09-22T04:00:00Z,11.805,11.805,11.52,11.665,12797
2020-09-21T04:00:00Z,11.8,12.23,11.64,12.185,38160
2020-09-18T04:00:00Z,11.62,11.895,11.54,11.87,22990
2020-09-17T04:00:00Z,11.755,11.755,11.3,11.485,59801
2020-09-16T04:00:00Z,12.47,12.48,12.075,12.135,39630
2020-09-15T04:00:00Z,12.56,12.71,12.505,12.575,13198
2020-09-14T04:00:00Z,12.69,12.72,12.32,12.415,12482
2020-09-11T04:00:00Z,12.28,12.35,12.07,12.07,21311
2020-09-10T04:00:00Z,12.695,12.82,12.4,12.405,21004
2020-09-09T04:00:00Z,12.99,13.03,12.58,12.825,32894
2020-09-08T04:00:00Z,13.55,13.55,12.77,12.78,31551
2020-09-04T04:00:00Z,13.24,13.95,13.08,13.875,27997
2020-09-03T04:00:00Z,13.69,13.75,13.28,13.325,19782
2020-09-02T04:00:00Z,13.27,13.73,13.25,13.455,27523
2020-09-01T04:00:00Z,13.78,14.03,13.465,13.495,32965
2020-08-31T04:00:00Z,13.55,14.22,13.485,14.145,25022
2020-08-28T04:00:00Z,14.33,14.43,14.085,14.305,13184
2020-08-27T04:00:00Z,14.19,14.545,14.16,14.475,56575
2020-08-26T04:00:00Z,13.82,14.05,13.54,13.575,11795
2020-08-25T04:00:00Z,13.91,14.03,13.81,13.87,10350
2020-08-24T04:00:00Z,14.065,14.25,13.985,14.035,13347
2020-08-21T04:00:00Z,13.05,13.845,13.05,13.76,22302
2020-08-20T04:00:00Z,13.69,13.72,13.425,13.435,10519
2020-08-19T04:00:00Z,13.695,13.825,13.615,13.79,9202
2020-08-18T04:00:00Z,13.93,13.96,13.63,13.715,20629
2020-08-17T04:00:00Z,13.45,13.46,13.11,13.305,13791
2020-08-14T04:00:00Z,12.98,13.5,12.885,13.335,24124
2020-08-13T04:00:00Z,12.28,12.505,12.22,12.505,12809
2020-08-12T04:00:00Z,11.95,12.315,11.925,12.225,52655
2020-08-11T04:00:00Z,12.5,12.515,12.22,12.22,16921
2020-08-10T04:00:00Z,12.505,12.545,12.105,12.315,28200
2020-08-07T04:00:00Z,12.665,12.825,12.415,12.81,38200
2020-08-06T04:00:00Z,12.95,12.95,12.195,12.235,40296
2020-08-05T04:00:00Z,12.725,12.84,12.38,12.595,23956
2020-08-04T04:00:00Z,11.97,12.5,11.91,12.435,62618
2020-08-03T04:00:00Z,11.335,12.25,11.28,12.015,106421
2020-07-31T04:00:00Z,10.43,10.47,10.215,10.265,8263
2020-07-30T04:00:00Z,10.71,10.725,10.375,10.435,20398
2020-07-29T04:00:00Z,10.725,11.04,10.635,10.845,22181
2020-07-28T04:00:00Z,10.63,10.635,10.355,10.595,11313
2020-07-27T04:00:00Z,10.48,10.48,10.105,10.165,20426
