2024-06-14T04:00:00Z,76.77,76.77,75.895,76.11,10289
2024-06-13T04:00:00Z,76.27,76.4,75.72,75.755,12591
2024-06-12T04:00:00Z,76.86,76.9,75.61,75.97,28933
2024-06-11T04:00:00Z,75.18,75.65,74.92,75.52,32882
2024-06-10T04:00:00Z,73.95,75.52,73.95,75.475,80101
2024-06-07T04:00:00Z,73.35,73.88,72.97,73.03,56513
2024-06-06T04:00:00Z,72.335,73.42,72.16,73.285,9178
2024-06-05T04:00:00Z,71.39,71.95,70.78,71.875,23826
2024-06-04T04:00:00Z,70.96,71.33,70.52,71.095,11295
2024-06-03T04:00:00Z,73.76,73.78,71.76,71.825,90363
2024-05-31T04:00:00Z,75.72,75.72,74.35,74.84,22658
2024-05-30T04:00:00Z,76.04,76.67,75.285,75.53,32449
2024-05-29T04:00:00Z,77.66,77.66,76.575,76.585,12692
2024-05-28T04:00:00Z,76.89,77.77,76.595,77.67,19475
2024-05-24T04:00:00Z,74.935,75.56,74.75,75.34,8861
2024-05-23T04:00:00Z,76.14,76.17,74.14,74.48,10885
2024-05-22T04:00:00Z,75.13,75.83,74.85,74.87,23415
2024-05-21T04:00:00Z,75.92,76.34,75.58,76.16,14231
2024-05-20T04:00:00Z,76.54,77.52,76.22,76.74,30071
2024-05-17T04:00:00Z,76.35,77.11,76.23,76.99,83596
2024-05-16T04:00:00Z,76.64,76.715,75.98,76.26,98675
2024-05-15T04:00:00Z,74.47,75.865,73.9,75.865,27958
2024-05-14T04:00:00Z,75.63,75.63,74.84,75.205,25722
2024-05-13T04:00:00Z,75.85,76.37,75.66,76.17,37788
2024-05-10T04:00:00Z,76.56,76.64,75.26,75.325,23797
2024-05-09T04:00:00Z,76.25,76.55,75.9,76.535,22348
2024-05-08T04:00:00Z,74.59,76.18,74.59,76.135,17892
2024-05-07T04:00:00Z,74.99,76.13,74.67,75.485,13518
2024-05-06T04:00:00Z,75.52,75.93,74.96,75.65,68499
2024-05-03T04:00:00Z,75.61,75.71,75.035,75.125,39998
2024-05-02T04:00:00Z,76.12,76.37,75.39,75.915,33540
2024-05-01T04:00:00Z,77.695,78.285,75.8,75.945,233384
2024-04-30T04:00:00Z,78.95,79.21,77.82,78.41,24050
2024-04-29T04:00:00Z,80.21,80.31,79.19,79.49,26070
2024-04-26T04:00:00Z,80.72,80.76,80.16,80.38,7198
2024-04-25T04:00:00Z,79.7,80.475,78.83,80.45,12606
2024-04-24T04:00:00Z,79.74,80.24,79.22,79.62,30381
2024-04-23T04:00:00Z,78.26,80.085,78.26,79.99,12326
2024-04-22T04:00:00Z,77.82,78.95,77.61,78.805,17197
2024-04-19T04:00:00Z,78.745,79.52,78.6,78.84,500306
2024-04-18T04:00:00Z,79.14,79.48,78.2,78.815,37689
2024-04-17T04:00:00Z,80.29,80.95,78.72,78.91,88016
2024-04-16T04:00:00Z,81.33,81.7,81.03,81.335,46826
2024-04-15T04:00:00Z,81.03,81.68,80.1,81.63,243419
2024-04-12T04:00:00Z,83.12,83.41,81.27,81.54,329363
2024-04-11T04:00:00Z,81.57,81.57,80.86,81.545,86294
2024-04-10T04:00:00Z,81.36,82.1,80.43,82.08,74323
2024-04-09T04:00:00Z,82.11,82.11,80.9,81.115,48273
2024-04-08T04:00:00Z,82.4,82.63,81.21,82.19,42552
2024-04-05T04:00:00Z,82.52,83.24,82.14,82.39,55649
2024-04-04T04:00:00Z,81.15,82.825,80.48,82.275,118805
2024-04-03T04:00:00Z,81.4,81.78,81.105,81.22,32522
2024-04-02T04:00:00Z,80.54,80.905,79.89,80.81,104260
2024-04-01T04:00:00Z,78.99,80.17,78.805,79.655,71950
2024-03-28T04:00:00Z,78.26,78.94,78.04,78.735,42230
2024-03-27T04:00:00Z,77.15,77.535,76.84,77.535,24035
2024-03-26T04:00:00Z,77.795,77.91,77.23,77.29,38839
2024-03-25T04:00:00Z,77.07,78.21,77.07,77.74,19465
2024-03-22T04:00:00Z,77.115,77.115,76.35,76.67,27583
2024-03-21T04:00:00Z,76.86,76.89,76.17,76.835,40156
2024-03-20T04:00:00Z,77.21,77.46,76.62,77.22,66228
2024-03-19T04:00:00Z,78.1,78.76,77.985,78.445,27686
2024-03-18T04:00:00Z,76.97,78.175,76.65,77.955,68064
2024-03-15T04:00:00Z,75.98,76.61,75.885,76.32,31744
2024-03-14T04:00:00Z,75.99,76.75,75.85,76.285,57240
2024-03-13T04:00:00Z,74.805,75.25,74.44,75.1,56985
2024-03-12T04:00:00Z,73.32,74.14,73.01,73.37,37146
2024-03-11T04:00:00Z,72.73,73.88,72.4,73.61,36756
2024-03-08T05:00:00Z,73.88,74.06,73.01,73.37,62682
2024-03-07T05:00:00Z,73.51,74.76,73.42,74.21,39511
2024-03-06T05:00:00Z,74.84,75.715,74.18,74.33,71003
2024-03-05T05:00:00Z,73.545,74.635,73.15,73.47,65467
2024-03-04T05:00:00Z,75.45,75.49,73.84,74.015,47827
2024-03-01T05:00:00Z,75.065,75.905,74.55,74.98,111959
2024-02-29T05:00:00Z,74.155,74.45,73.21,73.39,21849
2024-02-28T05:00:00Z,74.365,74.73,73.275,73.63,32126
2024-02-27T05:00:00Z,73.45,74.12,73.25,73.84,53552
2024-02-26T05:00:00Z,71.49,73.185,71.49,72.81,38190
2024-02-23T05:00:00Z,72.15,72.64,71.69,71.91,30487
2024-02-22T05:00:00Z,73.15,74.03,73.13,73.61,24844
2024-02-21T05:00:00Z,72.245,73.22,72.195,73.21,41095
2024-02-20T05:00:00Z,73.26,73.26,72.14,72.42,48277
2024-02-16T05:00:00Z,73.08,73.61,72.47,73.4,109567
2024-02-15T05:00:00Z,71.89,73.095,71.89,72.85,56113
2024-02-14T05:00:00Z,73.37,73.51,71.44,71.54,50822
2024-02-13T05:00:00Z,72.51,73.14,72.06,72.63,46652
2024-02-12T05:00:00Z,71.89,72.12,71.56,72.085,43884
2024-02-09T05:00:00Z,72.25,72.25,71.215,71.66,35191
2024-02-08T05:00:00Z,70.49,71.6,70.31,71.51,89827
2024-02-07T05:00:00Z,69.21,69.385,68.76,69.385,52666
2024-02-06T05:00:00Z,68.84,69.04,68.14,68.81,18327
2024-02-05T05:00:00Z,67.53,68.51,66.87,68.21,20252
2024-02-02T05:00:00Z,67.99,68.34,67.29,67.51,59699
2024-02-01T05:00:00Z,71.71,71.97,68.99,69.055,152843
2024-01-31T05:00:00Z,71.68,71.68,70.68,70.91,85849
2024-01-30T05:00:00Z,72.36,73.09,71.785,72.795,71950
2024-01-29T05:00:00Z,72.1,72.255,71.6,72.02,18442
2024-01-26T05:00:00Z,72.09,73.18,71.34,73.14,70714
2024-01-25T05:00:00Z,71.465,72.415,71.03,72.215,49454
2024-01-24T05:00:00Z,70.15,70.81,69.68,70.55,63474
2024-01-23T05:00:00Z,69.675,70.3,69.12,69.66,48608
2024-01-22T05:00:00Z,69.27,70.43,69.27,69.715,153246
2024-01-19T05:00:00Z,69.385,69.69,68.23,68.8,104918
2024-01-18T05:00:00Z,68.35,69.3,67.88,69.04,82645
2024-01-17T05:00:00Z,66.55,67.95,66.32,67.95,75958
2024-01-16T05:00:00Z,67.78,68.245,67.19,67.24,63631
2024-01-12T05:00:00Z,69.41,69.73,67.71,68.02,59586
2024-01-11T05:00:00Z,68.23,68.92,67.12,67.63,118444
2024-01-10T05:00:00Z,68.2,68.63,66.35,66.58,97010
2024-01-09T05:00:00Z,67.17,67.91,66.77,67.39,34857
2024-01-08T05:00:00Z,65.99,66.48,65.56,66.375,123451
2024-01-05T05:00:00Z,68.86,69.3,68.37,69.06,124814
2024-01-04T05:00:00Z,67.92,68.07,66.45,67.555,155602
2024-01-03T05:00:00Z,66.94,68.35,66.74,68.21,174376
2024-01-02T05:00:00Z,67.19,67.36,65.49,65.77,276263
2023-12-29T05:00:00Z,67.67,67.67,66.655,66.66,68608
2023-12-28T05:00:00Z,68.48,68.84,67.01,67.16,88536
2023-12-27T05:00:00Z,69.89,70.08,68.91,68.91,42668
2023-12-26T05:00:00Z,70.44,71.03,70.12,70.22,196553
2023-12-22T05:00:00Z,69.68,69.945,68.62,68.71,22742
2023-12-21T05:00:00Z,68.3,69.075,68.2,69.04,40831
2023-12-20T05:00:00Z,70.1,70.225,68.7,68.8,35880
2023-12-19T05:00:00Z,68.31,69.43,68.27,69.355,77369
2023-12-18T05:00:00Z,69.19,69.55,67.63,68.09,102315
2023-12-15T05:00:00Z,67.13,67.31,65.88,67.15,118184
2023-12-14T05:00:00Z,66.98,67.79,66.91,67.175,122695
2023-12-13T05:00:00Z,64.385,65.34,64.385,65.34,18359
2023-12-12T05:00:00Z,64.81,64.995,63.87,64.26,98363
2023-12-11T05:00:00Z,66.405,67,66.02,66.81,16829
2023-12-08T05:00:00Z,66.09,66.805,65.97,66.54,46825
2023-12-07T05:00:00Z,65.62,65.65,64.45,65.12,20970
2023-12-06T05:00:00Z,65.985,66.285,64.66,64.77,129944
2023-12-05T05:00:00Z,68.68,69.22,67.515,67.52,186078
2023-12-04T05:00:00Z,68.54,69.76,67.88,68.48,201736
2023-12-01T05:00:00Z,71.06,71.47,69.07,69.26,29227
2023-11-30T05:00:00Z,73.575,74.11,70.08,70.09,117310
2023-11-29T05:00:00Z,72.02,72.805,70.76,72.51,59956
2023-11-28T05:00:00Z,70.52,71.74,70.26,71.26,36303
2023-11-27T05:00:00Z,70.21,71.04,69.55,69.965,31056
2023-11-24T05:00:00Z,71.01,71.795,70.75,70.825,31560
2023-11-22T05:00:00Z,69.19,71.89,68.91,71.56,91926
2023-11-21T05:00:00Z,71.85,72.575,71.81,72.555,183655
2023-11-20T05:00:00Z,72.02,73.02,72.02,72.305,66429
2023-11-17T05:00:00Z,69.27,70.93,69.25,70.74,127044
2023-11-16T05:00:00Z,69.6,69.695,67.47,68.05,208546
2023-11-15T05:00:00Z,71.98,72.275,71.19,71.34,68965
2023-11-14T05:00:00Z,73.66,73.97,72.64,72.68,27075
2023-11-13T05:00:00Z,72.25,72.95,72.2,72.945,24961
2023-11-10T05:00:00Z,71.5,72.13,71.27,71.8,25262
2023-11-09T05:00:00Z,70.74,71.61,70.17,70.24,57733
2023-11-08T05:00:00Z,71.195,71.59,69.72,70.21,68172
2023-11-07T05:00:00Z,73.02,73.11,71.63,71.82,110421
2023-11-06T05:00:00Z,75.74,76.03,74.81,74.9,38417
2023-11-03T04:00:00Z,75.28,76.39,74.17,74.86,56255
2023-11-02T04:00:00Z,75,76.5,74.93,76.17,66887
2023-11-01T04:00:00Z,76.56,76.72,74.31,74.74,25576
2023-10-31T04:00:00Z,76.05,76.81,74.57,75.02,64833
2023-10-30T04:00:00Z,77.23,77.54,75.46,76.105,101173
2023-10-27T04:00:00Z,77.59,78.97,76.64,78.38,75210
2023-10-26T04:00:00Z,76.93,77.55,76.52,76.9,69850
2023-10-25T04:00:00Z,77.22,78.7,75.72,78.455,114552
2023-10-24T04:00:00Z,78.04,78.175,76.33,76.94,158676
2023-10-23T04:00:00Z,80.16,80.16,78.38,78.86,67964
2023-10-20T04:00:00Z,81.765,81.94,80.18,80.74,78905
2023-10-19T04:00:00Z,79.33,81.745,79.055,81.695,86172
2023-10-18T04:00:00Z,79.765,80.305,79.42,79.86,73515
2023-10-17T04:00:00Z,78.19,78.83,77.44,78.78,67003
2023-10-16T04:00:00Z,78.63,78.84,77.92,78.4,47602
2023-10-13T04:00:00Z,77.68,79.16,77.19,78.98,115484
2023-10-12T04:00:00Z,76.58,76.58,74.68,75.44,47257
2023-10-11T04:00:00Z,76.16,76.32,74.775,75.68,105264
2023-10-10T04:00:00Z,77.13,77.14,76.23,76.72,51182
2023-10-09T04:00:00Z,76.72,77.3,76.42,77.16,51475
2023-10-06T04:00:00Z,74.23,74.57,73.43,74.16,29522
2023-10-05T04:00:00Z,74.14,75.42,73.685,74.005,52108
2023-10-04T04:00:00Z,77.58,77.62,75.24,75.61,95825
2023-10-03T04:00:00Z,79.7,80.305,79.35,79.93,31963
2023-10-02T04:00:00Z,81.07,81.07,79.24,79.4,52742
2023-09-29T04:00:00Z,81.65,81.65,80.54,80.865,19110
2023-09-28T04:00:00Z,82.37,82.6,81.23,81.58,39528
2023-09-27T04:00:00Z,82.27,83.28,82.17,82.88,98240
2023-09-26T04:00:00Z,79.95,81,79.95,80.9,52682
2023-09-25T04:00:00Z,80.53,80.53,79.68,80.38,46241
2023-09-22T04:00:00Z,81.43,81.55,79.99,80.65,63221
2023-09-21T04:00:00Z,81.415,81.475,80.4,80.42,20855
2023-09-20T04:00:00Z,80.585,81.555,80.14,80.16,68869
2023-09-19T04:00:00Z,82.22,82.265,81.16,81.52,50598
2023-09-18T04:00:00Z,81.58,81.91,80.82,81.465,17476
2023-09-15T04:00:00Z,80.13,81.32,80.13,81.3,24587
2023-09-14T04:00:00Z,80.63,81.14,80.53,81.1,67784
2023-09-13T04:00:00Z,79.68,79.985,79.23,79.68,24524
2023-09-12T04:00:00Z,79.45,80.01,79.38,79.74,92843
2023-09-11T04:00:00Z,79.01,79.01,78.215,78.36,13622
2023-09-08T04:00:00Z,77.92,78.66,77.92,78.28,10457
2023-09-07T04:00:00Z,78.24,78.42,77.45,77.94,14699
2023-09-06T04:00:00Z,77.92,78.7,77.49,78.52,13616
2023-09-05T04:00:00Z,78.09,78.76,77.49,77.76,81788
2023-09-01T04:00:00Z,76.07,76.93,75.97,76.92,49708
2023-08-31T04:00:00Z,74.37,75.1,73.96,75.08,47391
2023-08-30T04:00:00Z,73.9,73.9,73.11,73.68,37308
2023-08-29T04:00:00Z,72.32,73.34,71.8,73.295,22251
2023-08-28T04:00:00Z,72.95,72.95,72.25,72.44,8569
2023-08-25T04:00:00Z,72.63,72.63,70.84,72.48,47394
2023-08-24T04:00:00Z,70.67,71.71,70.47,71.41,10483
2023-08-23T04:00:00Z,70.765,71.95,70.48,71.34,40146
2023-08-22T04:00:00Z,72.73,72.85,72.12,72.3,9358
2023-08-21T04:00:00Z,73.41,73.41,72.46,72.58,19867
2023-08-18T04:00:00Z,72.19,73.03,71.95,72.82,16442
2023-08-17T04:00:00Z,72.61,72.79,71.93,71.98,23490
2023-08-16T04:00:00Z,72.895,73.09,71.3,71.38,39779
2023-08-15T04:00:00Z,73.15,73.15,72.195,72.65,48963
2023-08-14T04:00:00Z,73.78,74.08,73.5,73.8,10885
2023-08-11T04:00:00Z,74.6,74.73,74.21,74.24,17095
2023-08-10T04:00:00Z,74.86,74.9,73.98,74.18,15997
2023-08-09T04:00:00Z,74.765,75.3,74.32,75.075,27975
2023-08-08T04:00:00Z,72.07,74.195,72.07,74.04,19164
2023-08-07T04:00:00Z,73.75,73.86,73.115,73.84,8766
2023-08-04T04:00:00Z,73.4,74.25,73.18,73.805,7387
2023-08-03T04:00:00Z,71.735,73.235,71.735,73.14,24900
2023-08-02T04:00:00Z,72.46,72.62,70.94,71.51,25542
2023-08-01T04:00:00Z,72.56,73.1,72.25,73,11063
2023-07-31T04:00:00Z,72.91,73.275,72.61,73.18,12912
2023-07-28T04:00:00Z,71.1,72.21,70.955,72.1,11203
2023-07-27T04:00:00Z,71.13,71.88,70.93,71.4,10944
2023-07-26T04:00:00Z,70.86,71.245,70.52,70.67,10181
2023-07-25T04:00:00Z,70.39,71.36,70.31,71.15,13113
2023-07-24T04:00:00Z,69.51,70.925,69.51,70.69,31547
2023-07-21T04:00:00Z,68.53,69.245,68.495,69,14562
2023-07-20T04:00:00Z,68.4,68.4,67.29,68.06,10186
2023-07-19T04:00:00Z,68.37,68.9,67.5,67.715,14858
2023-07-18T04:00:00Z,67.09,68.045,67.09,67.97,13104
2023-07-17T04:00:00Z,66.86,67.29,66.56,66.59,21137
2023-07-14T04:00:00Z,68.32,68.46,67.42,67.44,12791
2023-07-13T04:00:00Z,68,69.09,68,69.08,18952
2023-07-12T04:00:00Z,67.83,67.95,67.34,67.87,23538
2023-07-11T04:00:00Z,66.065,67.045,66.065,67.015,19327
2023-07-10T04:00:00Z,65.85,66.3,65.19,65.56,18105
2023-07-07T04:00:00Z,64.51,66,64.51,65.82,51097
2023-07-06T04:00:00Z,64.28,64.51,63.37,64.44,27267
2023-07-05T04:00:00Z,64.69,64.85,63.9,64.65,38560
2023-07-03T04:00:00Z,63.47,63.91,63.17,63.38,2699
2023-06-30T04:00:00Z,63.25,63.94,63.25,63.56,20944
2023-06-29T04:00:00Z,62.88,63.465,62.28,62.98,9032
2023-06-28T04:00:00Z,61.38,62.92,61.23,62.5,78384
2023-06-27T04:00:00Z,62.25,62.55,61.125,61.3,14145
2023-06-26T04:00:00Z,62.68,63.1,62.31,62.72,21425
2023-06-23T04:00:00Z,61.03,62.49,61.03,62.44,30181
2023-06-22T04:00:00Z,63.14,63.61,62.16,62.5,21554
2023-06-21T04:00:00Z,63.985,65.055,63.985,65.04,11989
2023-06-20T04:00:00Z,63.195,63.945,62.7,63.92,14046
2023-06-16T04:00:00Z,63.48,64.515,63.43,64.32,21184
2023-06-15T04:00:00Z,62.31,63.59,62.2,63.44,13547
2023-06-14T04:00:00Z,63.18,63.18,61.28,61.84,28370
2023-06-13T04:00:00Z,62.105,62.62,62.03,62.14,19114
2023-06-12T04:00:00Z,60.99,61.21,60.09,60.24,46616
2023-06-09T04:00:00Z,63.55,64.14,62.86,62.94,47511
2023-06-08T04:00:00Z,64.71,64.71,61.895,63.46,134916
2023-06-07T04:00:00Z,64.36,65.14,64.36,64.725,30529
2023-06-06T04:00:00Z,63.055,64.37,63.055,63.815,6921
2023-06-05T04:00:00Z,65.25,65.25,64.02,64.05,50718
2023-06-02T04:00:00Z,64.07,64.31,63.48,64.16,73736
2023-06-01T04:00:00Z,60.92,63.33,60.8,62.55,39265
2023-05-31T04:00:00Z,61.55,62,60.615,60.615,49597
2023-05-30T04:00:00Z,62.49,62.915,61.735,62.3,66590
2023-05-26T04:00:00Z,64.86,64.95,64.42,64.82,17649
2023-05-25T04:00:00Z,64.25,64.575,63.24,64.095,39497
2023-05-24T04:00:00Z,65.935,66.23,65.05,65.68,30878
2023-05-23T04:00:00Z,64.56,65.375,64.54,64.89,50313
2023-05-22T04:00:00Z,63.41,64.33,63.41,63.925,8215
2023-05-19T04:00:00Z,64.42,64.47,63.29,63.9,17790
2023-05-18T04:00:00Z,64.12,64.29,63.65,64.04,27707
2023-05-17T04:00:00Z,63.77,64.91,63.085,64.62,52188
2023-05-16T04:00:00Z,63.19,63.255,62.45,62.54,15674
2023-05-15T04:00:00Z,62.655,63.41,62.44,62.97,27852
2023-05-12T04:00:00Z,63.26,63.475,61.96,62.05,85622
2023-05-11T04:00:00Z,63.52,63.56,62.66,63.24,30498
2023-05-10T04:00:00Z,64.45,64.695,63.77,64.4,25590
2023-05-09T04:00:00Z,64.13,65.11,63.17,64.88,50075
2023-05-08T04:00:00Z,64.81,64.88,64.095,64.265,30304
2023-05-05T04:00:00Z,62.72,63.34,62.69,63.02,76151
2023-05-04T04:00:00Z,60.65,61.61,59.94,60.72,25868
2023-05-03T04:00:00Z,61.22,61.285,60.16,60.32,107565
2023-05-02T04:00:00Z,65.18,65.18,63.03,63.06,95898
2023-05-01T04:00:00Z,66.69,66.84,65.67,66.575,11114
2023-04-28T04:00:00Z,65.72,67.5,65.72,67.5,25180
2023-04-27T04:00:00Z,65.54,65.985,65.35,65.82,13587
2023-04-26T04:00:00Z,66.67,67.77,65.23,65.38,65433
2023-04-25T04:00:00Z,67.82,68.105,67.26,67.64,20104
2023-04-24T04:00:00Z,68.25,69.55,68.17,69.28,15213
2023-04-21T04:00:00Z,68.5,68.5,67.96,68.34,9206
2023-04-20T04:00:00Z,67.87,68.17,67.59,67.665,25807
2023-04-19T04:00:00Z,69.49,69.925,69.01,69.315,43192
2023-04-18T04:00:00Z,70.605,71.31,70.15,70.74,8977
2023-04-17T04:00:00Z,71.76,71.77,70.53,70.86,31225
2023-04-14T04:00:00Z,72.32,72.35,71.75,72.105,13260
2023-04-13T04:00:00Z,72.2,72.52,71.75,71.8,8630
2023-04-12T04:00:00Z,71.69,72.59,71.69,72.42,30563
2023-04-11T04:00:00Z,70.38,71.19,70.38,71.065,11234
2023-04-10T04:00:00Z,70.345,70.74,69.66,69.76,19817
2023-04-06T04:00:00Z,69.8,70.41,69.8,70.26,8855
2023-04-05T04:00:00Z,70.45,70.53,69.86,70.26,14680
2023-04-04T04:00:00Z,71.01,71.025,69.7,70.285,13065
2023-04-03T04:00:00Z,69.9,70.7,69.76,70.28,60539
2023-03-31T04:00:00Z,66.18,66.445,65.45,66.44,6849
2023-03-30T04:00:00Z,64.79,65.415,64.21,65.31,17759
2023-03-29T04:00:00Z,65.04,65.26,64.03,64.16,14511
2023-03-28T04:00:00Z,63.85,64.98,63.85,64.515,11619
2023-03-27T04:00:00Z,62.01,64.25,62.01,64.145,39802
2023-03-24T04:00:00Z,60,61.21,60,60.98,12883
2023-03-23T04:00:00Z,62.685,62.895,61.01,61.025,14720
2023-03-22T04:00:00Z,61.435,62.53,61.1,61.595,20921
2023-03-21T04:00:00Z,61.09,61.26,60.16,61.215,40544
2023-03-20T04:00:00Z,59.02,59.85,58.11,59.8,27479
2023-03-17T04:00:00Z,59.33,59.51,58.34,58.65,100888
2023-03-16T04:00:00Z,58.68,60.9,58.2,60.065,27803
2023-03-15T04:00:00Z,60.21,60.73,58.02,59.99,97917
2023-03-14T04:00:00Z,64.1,65.3,62.36,62.95,71265
2023-03-13T04:00:00Z,64.79,66.645,64.71,65.25,28787
2023-03-10T05:00:00Z,66.54,67.44,66.295,67.12,12566
2023-03-09T05:00:00Z,68.25,68.25,66.17,66.26,12174
2023-03-08T05:00:00Z,67.11,67.74,66.91,67.1,11926
2023-03-07T05:00:00Z,70.165,70.165,67.58,67.845,56896
2023-03-06T05:00:00Z,69.22,70.51,69.22,70.505,25334
2023-03-03T05:00:00Z,67.5,69.89,67.5,69.825,50446
2023-03-02T05:00:00Z,68.34,68.74,68.02,68.28,8465
2023-03-01T05:00:00Z,67.15,68.1,67.01,68.05,13036
2023-02-28T05:00:00Z,67.64,67.82,67.2,67.23,9444
2023-02-27T05:00:00Z,66.6,66.63,65.75,66.27,23759
2023-02-24T05:00:00Z,65.4,67.15,65.29,67.12,20304
2023-02-23T05:00:00Z,66.32,66.65,65.71,66.365,23071
2023-02-22T05:00:00Z,66.55,66.55,64.92,64.93,22556
2023-02-21T05:00:00Z,67.52,67.8,66.59,66.695,25673
2023-02-17T05:00:00Z,66.325,67.255,66.325,66.95,35829
2023-02-16T05:00:00Z,69.03,69.3,68.45,68.46,10617
2023-02-15T05:00:00Z,68.69,69.28,67.815,69.005,17521
2023-02-14T05:00:00Z,68.3,69.53,68.3,69.41,16606
2023-02-13T05:00:00Z,69.47,70.4,69.15,69.5,23507
2023-02-10T05:00:00Z,69.36,69.89,69.07,69.87,18979
2023-02-09T05:00:00Z,67.95,68.48,67.31,67.925,20277
2023-02-08T05:00:00Z,68.63,68.745,67.7,68.71,23571
2023-02-07T05:00:00Z,65.94,67.845,65.94,67.75,43065
2023-02-06T05:00:00Z,64.77,65.53,63.69,65.53,13935
2023-02-03T05:00:00Z,67.64,68.34,64.37,64.39,54473
2023-02-02T05:00:00Z,67.13,67.48,66.04,66.55,13394
2023-02-01T05:00:00Z,68.83,69,66.81,67.36,22998
2023-01-31T05:00:00Z,68.41,69.335,68.41,69.335,20960
2023-01-30T05:00:00Z,68.695,69.83,68.065,68.11,33312
2023-01-27T05:00:00Z,71.56,71.78,69.305,69.51,38918
2023-01-26T05:00:00Z,71.63,71.63,70.43,70.93,7847
2023-01-25T05:00:00Z,70.195,71.01,69.9,70.49,17388
2023-01-24T05:00:00Z,71.38,71.64,69.97,70.23,11998
2023-01-23T05:00:00Z,71.78,72.13,71.34,71.49,25019
2023-01-20T05:00:00Z,70.645,71.53,69.97,71.53,19972
2023-01-19T05:00:00Z,70.23,71.07,69.73,70.59,14895
2023-01-18T05:00:00Z,71.61,71.89,69.355,69.49,23699
2023-01-17T05:00:00Z,70.8,71.06,69.64,70.85,26786
2023-01-13T05:00:00Z,69.15,70.085,68.97,70.03,45347
2023-01-12T05:00:00Z,68.75,69.195,68.525,68.61,24541
2023-01-11T05:00:00Z,67.06,68.16,66.56,68.04,35164
2023-01-10T05:00:00Z,66.19,66.64,65.49,65.89,14874
2023-01-09T05:00:00Z,66.63,67.22,65.59,65.9,13071
2023-01-06T05:00:00Z,65.75,66.12,64.53,64.83,25840
2023-01-05T05:00:00Z,64.19,65.7,64.19,64.75,24318
2023-01-04T05:00:00Z,65.34,65.35,64.07,64.3,40988
2023-01-03T05:00:00Z,68.38,69.21,67.17,67.63,28815
2022-12-30T05:00:00Z,68.4,70.245,68.4,70.11,23149
2022-12-29T05:00:00Z,67.51,68.54,67.47,68.54,18363
2022-12-28T05:00:00Z,69.21,69.21,67.6,68.595,16782
2022-12-27T05:00:00Z,69.59,70.46,69.16,69.55,8097
2022-12-23T05:00:00Z,69.125,69.51,68.91,69.29,13259
2022-12-22T05:00:00Z,68.54,68.54,66.93,67.72,12381
2022-12-21T05:00:00Z,67.67,68.125,67.47,68.05,12664
2022-12-20T05:00:00Z,65.8,66.78,64.88,66.21,17275
2022-12-19T05:00:00Z,65.83,66.23,64.92,66.03,38980
2022-12-16T05:00:00Z,64.27,65.76,64.18,64.87,36421
2022-12-15T05:00:00Z,66.94,66.95,65.69,66.21,26722
2022-12-14T05:00:00Z,66.95,67.61,66.31,67.385,95956
2022-12-13T05:00:00Z,65.45,66.42,65.36,65.86,23940
2022-12-12T05:00:00Z,63.16,64.58,63.155,64.41,25321
2022-12-09T05:00:00Z,63.02,63.66,61.95,62.83,29424
2022-12-08T05:00:00Z,64.16,64.56,62.54,62.73,28049
2022-12-07T05:00:00Z,65.47,65.785,63.28,63.66,41694
2022-12-06T05:00:00Z,66.96,67.15,64.55,65.21,20313
2022-12-05T05:00:00Z,71.56,71.56,67.28,67.71,27278
2022-12-02T05:00:00Z,70.71,70.94,69.4,69.85,36191
2022-12-01T05:00:00Z,71.745,72.09,70.395,70.43,26706
2022-11-30T05:00:00Z,70.17,70.34,69.68,70.22,15483
2022-11-29T05:00:00Z,68.65,68.98,67.31,68.305,31766
2022-11-28T05:00:00Z,65.25,67.65,65.07,66.925,83336
2022-11-25T05:00:00Z,68.075,68.45,66.83,67,12083
2022-11-23T05:00:00Z,67.82,68.14,66.995,67.425,26685
2022-11-22T05:00:00Z,69.98,70.69,69.7,69.99,21427
2022-11-21T05:00:00Z,66.39,69.28,65.61,69.05,56336
2022-11-18T05:00:00Z,67.62,69.1,67.605,69.05,37114
2022-11-17T05:00:00Z,71.34,71.34,69.79,70.175,23695
2022-11-16T05:00:00Z,72.18,72.42,71.44,72.04,15755
2022-11-15T05:00:00Z,71.67,74.7,71.67,73.24,18549
2022-11-14T05:00:00Z,73.58,74.26,71.89,71.91,26951
2022-11-11T05:00:00Z,74.78,75.085,73.77,74.36,16466
2022-11-10T05:00:00Z,71.38,72.92,71.23,72.24,13041
2022-11-09T05:00:00Z,72.85,73.08,71.595,71.67,45568
2022-11-08T05:00:00Z,76.22,76.22,74.24,74.465,11791
2022-11-07T05:00:00Z,76.87,77.69,76.39,76.55,6127
2022-11-04T04:00:00Z,76.62,76.9,76.055,76.825,25523
2022-11-03T04:00:00Z,73.26,73.95,73.26,73.35,4640
2022-11-02T04:00:00Z,73.04,74.76,72.88,74.07,14543
2022-11-01T04:00:00Z,73.52,73.56,72.79,73.13,26516
2022-10-31T04:00:00Z,72.43,72.43,70.82,71.57,11894
2022-10-28T04:00:00Z,73.055,73.18,72.24,72.82,5387
2022-10-27T04:00:00Z,73.59,73.98,73.41,73.625,7490
2022-10-26T04:00:00Z,72.025,73.01,71.82,72.96,13205
2022-10-25T04:00:00Z,70.37,71.24,70.37,70.62,8686
2022-10-24T04:00:00Z,70.32,70.68,70.21,70.41,3639
2022-10-21T04:00:00Z,70.51,70.59,69.79,70.59,11578
2022-10-20T04:00:00Z,71.145,71.79,69.99,70.17,10776
2022-10-19T04:00:00Z,68.925,70.56,68.66,70.05,11631
2022-10-18T04:00:00Z,69.51,69.61,67.965,68.73,19121
2022-10-17T04:00:00Z,71.33,71.4,69.9,70.11,8352
2022-10-14T04:00:00Z,71.45,71.45,69.95,70.175,10620
2022-10-13T04:00:00Z,70.715,72.79,70.55,72.51,10181
2022-10-12T04:00:00Z,71.46,71.6,70.33,70.88,12311
2022-10-11T04:00:00Z,72.5,73.02,71.59,71.73,19005
2022-10-10T04:00:00Z,75.02,76.1,73.645,73.75,25120
2022-10-07T04:00:00Z,73.53,75.81,73.53,75.12,28468
2022-10-06T04:00:00Z,71.73,73.015,71.73,73.01,13454
2022-10-05T04:00:00Z,71.11,72.12,69.9,71.945,26600
2022-10-04T04:00:00Z,69.7,70.69,69.36,70.26,34782
2022-10-03T04:00:00Z,68.67,68.83,67.45,67.84,17688
2022-09-30T04:00:00Z,65.34,66.425,65.1,65.26,30528
2022-09-29T04:00:00Z,67.415,67.67,66.41,66.78,7292
2022-09-28T04:00:00Z,65.28,67.27,65.28,67.15,24328
2022-09-27T04:00:00Z,64.3,65.36,63.79,64.44,11972
2022-09-26T04:00:00Z,65.52,66.09,63.17,63.21,25800
2022-09-23T04:00:00Z,65.83,65.83,64.68,65.315,80521
2022-09-22T04:00:00Z,70.66,70.79,68.64,68.99,25163
2022-09-21T04:00:00Z,69.73,69.73,68.2,68.735,31805
2022-09-20T04:00:00Z,69.4,69.51,68.525,69.23,21026
2022-09-19T04:00:00Z,67.63,70.22,67.63,70.06,31951
2022-09-16T04:00:00Z,69.82,70.76,69.64,69.9,18808
2022-09-15T04:00:00Z,70.85,71.04,69.45,69.79,21430
2022-09-14T04:00:00Z,72.92,73.65,72.26,72.73,14863
2022-09-13T04:00:00Z,72.1,72.55,70.19,72,39868
2022-09-12T04:00:00Z,72.53,73.12,72.21,72.37,18695
2022-09-09T04:00:00Z,70.34,71.51,70.07,71.11,22169
2022-09-08T04:00:00Z,68.44,69.23,67.77,68.11,23317
2022-09-07T04:00:00Z,69.02,69.71,67.59,67.6,58577
2022-09-06T04:00:00Z,72.06,72.06,71.22,71.43,18292
2022-09-02T04:00:00Z,72.73,72.9,71.3,71.445,34367
2022-09-01T04:00:00Z,71.95,72.51,70.955,70.96,38528
2022-08-31T04:00:00Z,73.85,75,73.065,73.1,35967
2022-08-30T04:00:00Z,76.535,76.535,74.61,75.45,37158
2022-08-29T04:00:00Z,77.24,78.94,77.24,78.69,59316
2022-08-26T04:00:00Z,75.54,76.07,74.91,75.85,26767
2022-08-25T04:00:00Z,78.29,78.29,76,76.51,24003
2022-08-24T04:00:00Z,77.25,78.065,76.38,78.03,20055
2022-08-23T04:00:00Z,76.45,77.2,76.37,76.84,19840
2022-08-22T04:00:00Z,72.63,74.73,71.63,74.71,107060
2022-08-19T04:00:00Z,74.035,75.33,73.985,74.045,37735
2022-08-18T04:00:00Z,73.59,74.825,73.48,74.21,26222
2022-08-17T04:00:00Z,71.565,73.17,71.29,72.08,31515
2022-08-16T04:00:00Z,73.02,73.5,70.8,71.27,27817
2022-08-15T04:00:00Z,71.56,73.34,71.36,72.9,25761
2022-08-12T04:00:00Z,75.235,75.4,74.39,74.94,16541
2022-08-11T04:00:00Z,75.85,76.94,74.985,76.25,34032
2022-08-10T04:00:00Z,73.08,74.95,71.79,74.34,20502
2022-08-09T04:00:00Z,74.25,74.57,72.72,73.47,13940
2022-08-08T04:00:00Z,71.55,73.63,71.55,73.52,18685
2022-08-05T04:00:00Z,70.96,73.03,70.91,71.545,21569
2022-08-04T04:00:00Z,72.705,73.57,71.09,71.53,34116
2022-08-03T04:00:00Z,76.175,76.46,73.36,73.59,13793
2022-08-02T04:00:00Z,75.99,77.19,75.4,75.94,13857
2022-08-01T04:00:00Z,74.65,75.41,74.02,75.13,20549
2022-07-29T04:00:00Z,79.17,80.44,78,78.02,28525
2022-07-28T04:00:00Z,78.305,78.305,76.63,77.15,14683
2022-07-27T04:00:00Z,76.435,78.16,75.43,77.89,18447
2022-07-26T04:00:00Z,76.83,77.4,75.145,75.17,15951
2022-07-25T04:00:00Z,75.475,76.26,74.99,76.19,15391
2022-07-22T04:00:00Z,75.5,76.53,74.49,74.51,37659
2022-07-21T04:00:00Z,75.82,76.045,74.74,75.5,25150
2022-07-20T04:00:00Z,77.2,78.19,76.49,77.65,17801
2022-07-19T04:00:00Z,76.16,78.175,76.16,78.04,15981
2022-07-18T04:00:00Z,77.21,77.48,76.57,76.82,31838
2022-07-15T04:00:00Z,74.115,74.55,73.1,73.76,30704
2022-07-14T04:00:00Z,71.06,73.24,69.76,72.855,50919
2022-07-13T04:00:00Z,73.07,74.35,72.25,73.19,22889
2022-07-12T04:00:00Z,73.81,74.06,72.62,72.83,33824
2022-07-11T04:00:00Z,77.525,78.89,76.91,78.22,11384
2022-07-08T04:00:00Z,78.61,78.94,77.26,78.56,28247
2022-07-07T04:00:00Z,76.47,77.85,76.31,76.51,36604
2022-07-06T04:00:00Z,73.97,73.97,71.84,73.61,49456
2022-07-05T04:00:00Z,78.48,78.485,73.47,74.83,77194
2022-07-01T04:00:00Z,82.11,82.44,80.86,81.65,63008
2022-06-30T04:00:00Z,81.87,82.24,79.95,80.37,48212
2022-06-29T04:00:00Z,85.69,86.36,82.95,82.96,26229
2022-06-28T04:00:00Z,83.86,85.03,83.49,84.76,14648
2022-06-27T04:00:00Z,81.29,83.34,80.54,82.92,25521
2022-06-24T04:00:00Z,80.78,82.115,80.52,81.25,21002
2022-06-23T04:00:00Z,81.635,81.635,78.97,78.97,21228
2022-06-22T04:00:00Z,78.71,82.265,78.54,80.92,21948
2022-06-21T04:00:00Z,84.58,85.23,83.69,84.05,29283
2022-06-17T04:00:00Z,86.72,86.72,81.96,83.31,83739
2022-06-16T04:00:00Z,86.395,88.43,85.12,87.7,40421
2022-06-15T04:00:00Z,88.02,88.41,86.31,86.875,21863
2022-06-14T04:00:00Z,91.03,91.85,87.68,88.51,38415
2022-06-13T04:00:00Z,89.02,91.08,87.85,90.37,46700
2022-06-10T04:00:00Z,90.26,90.73,88.53,90.11,44972
2022-06-09T04:00:00Z,91.02,91.45,90.74,91.1,25315
2022-06-08T04:00:00Z,90.19,92.145,89.86,91.99,36470
2022-06-07T04:00:00Z,88.73,90.105,88.16,90.03,15599
2022-06-06T04:00:00Z,89.18,89.18,87.91,88.41,32368
2022-06-03T04:00:00Z,87.22,89.53,87.01,89.45,21603
2022-06-02T04:00:00Z,85.96,87.45,85.44,87.31,28937
2022-06-01T04:00:00Z,86.92,87.195,85.51,85.51,24601
2022-05-31T04:00:00Z,88.05,88.2,84.73,85.49,67035
2022-05-27T04:00:00Z,84.3,85.425,84.235,85.41,10070
2022-05-26T04:00:00Z,83.51,85.05,83.49,84.59,28025
2022-05-25T04:00:00Z,82.18,82.57,81.64,82.445,11086
2022-05-24T04:00:00Z,82.1,82.68,81.63,81.94,13796
2022-05-23T04:00:00Z,81.38,82.14,81.09,81.85,12956
2022-05-20T04:00:00Z,81.19,81.795,80.3,81.595,29434
2022-05-19T04:00:00Z,78.91,81.33,78.54,80.54,39954
2022-05-18T04:00:00Z,81.83,81.88,78.86,79.24,26393
2022-05-17T04:00:00Z,83.155,83.62,80.88,81.03,51115
2022-05-16T04:00:00Z,81.19,83.38,80.93,83.11,44402
2022-05-13T04:00:00Z,80.56,81.37,80.07,81.29,27976
2022-05-12T04:00:00Z,78.46,79.4,78.05,79.24,36624
2022-05-11T04:00:00Z,77.99,79.005,77.43,78.22,40842
2022-05-10T04:00:00Z,77.11,77.32,74.3,74.53,31695
2022-05-09T04:00:00Z,79.99,79.99,76.38,76.56,43267
2022-05-06T04:00:00Z,80.755,82.4,80.59,82.13,50245
2022-05-05T04:00:00Z,82.17,82.26,79.32,80.46,43138
2022-05-04T04:00:00Z,79.4,80.7,78.7,80.22,43359
2022-05-03T04:00:00Z,77.05,77.53,76.25,76.57,7798
2022-05-02T04:00:00Z,75.23,78.39,74.92,78.37,34525
2022-04-29T04:00:00Z,78.93,79.64,76.945,77.14,57217
2022-04-28T04:00:00Z,76.22,78.23,75.92,78.11,50671
2022-04-27T04:00:00Z,75.195,76.56,74.91,76.37,39083
2022-04-26T04:00:00Z,75.385,76.83,74.5,76.48,24432
2022-04-25T04:00:00Z,72.5,74.84,72.02,74.67,28423
2022-04-22T04:00:00Z,77.035,77.43,76.29,76.31,19536
2022-04-21T04:00:00Z,78.35,79.12,77.2,78.13,34905
2022-04-20T04:00:00Z,77.51,77.78,75.64,77.25,46267
2022-04-19T04:00:00Z,78.075,78.075,76.45,76.87,79017
2022-04-18T04:00:00Z,80.81,81.655,80.06,80.385,32078
2022-04-14T04:00:00Z,77.455,80.21,77.25,79.57,71570
2022-04-13T04:00:00Z,77.18,78.51,75.92,78.43,65891
2022-04-12T04:00:00Z,75,76.34,74.97,75.97,69248
2022-04-11T04:00:00Z,71.76,72.71,71.32,72.31,39469
2022-04-08T04:00:00Z,72.815,74.55,72.42,74.11,45772
2022-04-07T04:00:00Z,73.34,73.59,71.3,73.145,42173
2022-04-06T04:00:00Z,76.35,76.7,72.34,73.04,27003
2022-04-05T04:00:00Z,77.385,77.535,74.64,74.785,12197
2022-04-04T04:00:00Z,76.485,77.095,75.51,76.885,53492
2022-04-01T04:00:00Z,73.37,74.65,73.29,74.14,22313
2022-03-31T04:00:00Z,76.24,76.69,73.58,74.115,56938
2022-03-30T04:00:00Z,78.02,78.58,77.34,77.89,22589
2022-03-29T04:00:00Z,72.37,76.3,72.265,76.17,33037
2022-03-28T04:00:00Z,76.83,77.88,74.29,74.56,55061
2022-03-25T04:00:00Z,79.21,81.53,78.96,80.75,31859
2022-03-24T04:00:00Z,81.54,81.57,79.32,79.67,31506
2022-03-23T04:00:00Z,81.41,82.47,81.25,81.91,40478
2022-03-22T04:00:00Z,78.69,79.54,77.68,78.57,9244
2022-03-21T04:00:00Z,77.39,79.63,77.275,79.505,35751
2022-03-18T04:00:00Z,74.56,74.96,73.63,74.69,32123
2022-03-17T04:00:00Z,72.61,74.42,72.44,73.79,81520
2022-03-16T04:00:00Z,70.72,70.92,67.96,68.31,92091
2022-03-15T04:00:00Z,69.53,70.4,67.95,68.6,141391
2022-03-14T04:00:00Z,73.25,73.25,71.54,72.79,62157
2022-03-11T05:00:00Z,74.73,76.54,74.28,76.42,64378
2022-03-10T05:00:00Z,77.085,77.44,73.05,74.11,120439
2022-03-09T05:00:00Z,79.98,81.02,73.08,75.47,373751
2022-03-08T05:00:00Z,85.43,87.81,81.635,85.37,327492
2022-03-07T05:00:00Z,79.87,83.31,79.79,82.335,189956
2022-03-04T05:00:00Z,77.1,80,76.23,79.45,168987
2022-03-03T05:00:00Z,74.63,76.22,74,74.535,131122
2022-03-02T05:00:00Z,74.165,76.16,71.81,75.345,165191
2022-03-01T05:00:00Z,70.31,72.52,70.2,71.78,95630
2022-02-28T05:00:00Z,67.38,68.235,66.875,67.49,66707
2022-02-25T05:00:00Z,65.6,66.1,64.435,65.755,35424
2022-02-24T05:00:00Z,70.06,70.06,65.09,66.35,100739
2022-02-23T05:00:00Z,65.94,67.19,65.69,66.27,65283
2022-02-22T05:00:00Z,66.73,66.85,65.31,65.54,87608
2022-02-18T05:00:00Z,63.14,64.98,63.14,64.735,71010
2022-02-17T05:00:00Z,63.63,64.435,63.43,64.185,69713
2022-02-16T05:00:00Z,65.285,65.8,63.525,63.53,69708
2022-02-15T05:00:00Z,63.99,64.38,63.56,64.265,78633
2022-02-14T05:00:00Z,64.98,66.84,64.98,66.335,123646
2022-02-11T05:00:00Z,64.44,66.25,64.39,65.75,75807
2022-02-10T05:00:00Z,64.01,65.03,63.75,63.97,20364
2022-02-09T05:00:00Z,63.74,64.315,63.55,64.15,41493
2022-02-08T05:00:00Z,63.66,63.77,62.89,63.605,38970
2022-02-07T05:00:00Z,64.63,64.94,64.49,64.69,19038
2022-02-04T05:00:00Z,64.73,65.3,64.73,64.925,44722
2022-02-03T05:00:00Z,62.11,63.76,61.99,63.525,67557
2022-02-02T05:00:00Z,62.69,62.765,61.87,62.54,29372
2022-02-01T05:00:00Z,61.77,62.69,61.605,62.51,31551
2022-01-31T05:00:00Z,61.98,62.5,61.53,62.48,27092
2022-01-28T05:00:00Z,62.755,62.94,61.53,61.97,34664
2022-01-27T05:00:00Z,62.56,62.68,61.37,61.86,48790
2022-01-26T05:00:00Z,61.73,62.5,61.445,61.68,46169
2022-01-25T05:00:00Z,59.98,61.115,59.96,60.96,58112
2022-01-24T05:00:00Z,59.83,60.19,58.9,60.12,65376
2022-01-21T05:00:00Z,60.75,61.2,60.215,60.78,47334
2022-01-20T05:00:00Z,61.18,62.155,60.635,60.65,52876
2022-01-19T05:00:00Z,61.39,61.895,61.02,61.07,56832
2022-01-18T05:00:00Z,60.42,61.08,60.215,60.965,113010
2022-01-14T05:00:00Z,59.12,59.98,59.08,59.97,53589
2022-01-13T05:00:00Z,59.04,59.05,58.21,58.255,30939
2022-01-12T05:00:00Z,58.5,59.165,58.45,58.905,52255
2022-01-11T05:00:00Z,56.65,58.255,56.56,58.17,43244
2022-01-10T05:00:00Z,56.7,56.7,55.885,56.185,18318
2022-01-07T05:00:00Z,56.91,57.015,56.375,56.665,39244
2022-01-06T05:00:00Z,57.12,57.305,56.685,56.885,49026
2022-01-05T05:00:00Z,56.235,56.48,55.435,55.435,40831
2022-01-04T05:00:00Z,55.555,56.05,55.295,55.585,53291
2022-01-03T05:00:00Z,53.965,55.14,53.965,54.845,27209
2021-12-31T05:00:00Z,54.85,55.07,54.17,54.345,15009
2021-12-30T05:00:00Z,55.39,55.725,55.035,55.09,39023
2021-12-29T05:00:00Z,54.5,55.6,54.42,55.075,30740
2021-12-28T05:00:00Z,54.78,55.115,54.55,54.665,33707
2021-12-27T05:00:00Z,52.92,54.575,52.92,54.525,27860
2021-12-23T05:00:00Z,52.42,53.23,52.39,53.115,48690
2021-12-22T05:00:00Z,51.39,52.51,51.265,52.475,47742
2021-12-21T05:00:00Z,50.825,51.61,50.635,51.595,50500
2021-12-20T05:00:00Z,48.51,49.96,47.97,49.945,35000
2021-12-17T05:00:00Z,51.355,51.395,50.44,50.77,58694
2021-12-16T05:00:00Z,51.58,52.435,51.345,51.875,65157
2021-12-15T05:00:00Z,50.65,51.665,50.26,51.63,28027
2021-12-14T05:00:00Z,50.93,51.09,50.35,50.905,17913
2021-12-13T05:00:00Z,51.285,52.08,51.285,51.445,46155
2021-12-10T05:00:00Z,51.79,52.075,51.325,52.01,60911
2021-12-09T05:00:00Z,51.93,52.02,51,51.015,29832
2021-12-08T05:00:00Z,51.92,52.58,51.88,52.45,23314
2021-12-07T05:00:00Z,51.495,52.48,51.495,51.63,63974
2021-12-06T05:00:00Z,49.11,50.685,48.9,50.47,75160
2021-12-03T05:00:00Z,49.635,49.89,47.565,48.02,44696
2021-12-02T05:00:00Z,46.64,48.585,46.375,48.3,53469
2021-12-01T05:00:00Z,49.17,49.48,46.88,47.075,49119
2021-11-30T05:00:00Z,48.65,49.06,46.56,47.95,157251
2021-11-29T05:00:00Z,51.99,52.105,49.65,50.145,119419
2021-11-26T05:00:00Z,52.33,52.33,48.57,49.545,115668
2021-11-24T05:00:00Z,55.85,56.31,55.85,55.88,11286
2021-11-23T05:00:00Z,55.47,56.25,55.47,56.205,40129
2021-11-22T05:00:00Z,54.065,54.8,53.995,54.425,64086
2021-11-19T05:00:00Z,54.25,54.39,53.555,53.77,34167
2021-11-18T05:00:00Z,55.42,55.745,54.92,55.555,31920
2021-11-17T05:00:00Z,55.88,55.88,54.48,54.985,35570
2021-11-16T05:00:00Z,56.06,56.485,55.69,56.19,20706
2021-11-15T05:00:00Z,55.29,56.13,55.265,56.06,16904
2021-11-12T05:00:00Z,55.81,56.335,55.65,55.97,22636
2021-11-11T05:00:00Z,56.66,56.835,55.84,56.215,7729
2021-11-10T05:00:00Z,57.775,57.98,56.055,56.31,26508
2021-11-09T05:00:00Z,57.385,57.98,57.07,57.97,37640
2021-11-08T05:00:00Z,56.82,57.125,56.73,57.08,13565
2021-11-05T04:00:00Z,55.65,56.625,55.23,56.555,19510
2021-11-04T04:00:00Z,57.345,57.345,54.675,54.95,32453
2021-11-03T04:00:00Z,56.17,56.51,55.235,55.34,75130
2021-11-02T04:00:00Z,57.26,57.735,57.205,57.535,6772
2021-11-01T04:00:00Z,57.915,58.025,57.51,57.545,12787
2021-10-29T04:00:00Z,56.81,57.31,56.455,57.16,15934
2021-10-28T04:00:00Z,56.67,57.42,56.415,57.4,25124
2021-10-27T04:00:00Z,57.655,58.015,56.875,56.895,21275
2021-10-26T04:00:00Z,57.965,58.605,57.965,58.46,25871
2021-10-25T04:00:00Z,58.44,58.53,57.825,57.835,15339
2021-10-22T04:00:00Z,57.75,58.035,57.225,58.03,20302
2021-10-21T04:00:00Z,57.56,57.635,56.495,57.4,20597
2021-10-20T04:00:00Z,57.02,58.18,56.915,58.1,31066
2021-10-19T04:00:00Z,56.93,57.86,56.89,57.425,20370
2021-10-18T04:00:00Z,57.73,57.73,56.81,56.975,23977
2021-10-15T04:00:00Z,57.28,57.39,56.985,57.165,26912
2021-10-14T04:00:00Z,56.53,56.845,56.15,56.805,21299
2021-10-13T04:00:00Z,55.52,56.45,55.52,56.16,12981
2021-10-12T04:00:00Z,56.31,56.61,55.91,56.11,22776
2021-10-11T04:00:00Z,56.365,56.68,56.15,56.175,15416
2021-10-08T04:00:00Z,55.85,55.98,55.06,55.455,44121
2021-10-07T04:00:00Z,54.055,55.35,53.78,55.345,69555
2021-10-06T04:00:00Z,54.71,54.71,53.99,54.125,40557
2021-10-05T04:00:00Z,55.235,55.725,55.215,55.63,28779
2021-10-04T04:00:00Z,54.28,54.915,54.22,54.485,39706
2021-10-01T04:00:00Z,52.68,53.37,52.51,53.225,30251
2021-09-30T04:00:00Z,51.72,53.355,51.39,52.585,57812
2021-09-29T04:00:00Z,52.37,53.07,52.335,52.34,42311
2021-09-28T04:00:00Z,53.45,53.48,52.18,52.4,49305
2021-09-27T04:00:00Z,52.8,53.065,52.68,52.925,60526
2021-09-24T04:00:00Z,51.29,52,51.29,51.82,17199
2021-09-23T04:00:00Z,50.76,51.48,50.76,51.38,26364
2021-09-22T04:00:00Z,50.33,50.67,50.155,50.495,27564
2021-09-21T04:00:00Z,49.29,49.675,48.77,49.585,49065
2021-09-20T04:00:00Z,49.76,49.76,49.04,49.57,19161
2021-09-17T04:00:00Z,50.28,50.43,49.91,50.325,14473
2021-09-16T04:00:00Z,50.32,50.84,50.05,50.7,6833
2021-09-15T04:00:00Z,50.485,51.05,50.485,50.69,46353
2021-09-14T04:00:00Z,49.76,49.77,49.045,49.295,32892
2021-09-13T04:00:00Z,49.49,49.68,49.255,49.48,34021
2021-09-10T04:00:00Z,48.98,48.98,48.715,48.81,46874
2021-09-09T04:00:00Z,47.78,48.845,47.465,47.725,124558
2021-09-08T04:00:00Z,48.745,48.745,48.41,48.6,29349
2021-09-07T04:00:00Z,48.02,48.36,47.78,48.04,28472
2021-09-03T04:00:00Z,49,49.095,48.615,48.68,18523
2021-09-02T04:00:00Z,49.04,49.5,48.935,48.935,66452
2021-09-01T04:00:00Z,47.41,48.195,47.235,47.93,30000
2021-08-31T04:00:00Z,48.045,48.46,48.005,48.05,18634
2021-08-30T04:00:00Z,48.09,48.55,47.98,48.395,29268
2021-08-27T04:00:00Z,48.03,48.245,47.935,48.15,34618
2021-08-26T04:00:00Z,47.25,47.76,47.02,47.52,8216
2021-08-25T04:00:00Z,47.28,47.99,47.1,47.81,9767
2021-08-24T04:00:00Z,46.95,47.445,46.9,47.375,31483
2021-08-23T04:00:00Z,45.42,46.165,45.42,45.845,16024
2021-08-20T04:00:00Z,44.04,44.13,43.435,43.435,3816
2021-08-19T04:00:00Z,44.49,44.83,43.89,44.78,22588
2021-08-18T04:00:00Z,46.73,46.73,45.35,45.395,25470
2021-08-17T04:00:00Z,46.81,47.16,46.36,46.57,4924
2021-08-16T04:00:00Z,46.23,47.2,45.99,47.055,15962
2021-08-13T04:00:00Z,48.06,48.21,47.4,47.425,12763
2021-08-12T04:00:00Z,48.1,48.26,47.74,48.095,3493
2021-08-11T04:00:00Z,47.145,48.32,46.97,48.305,23530
2021-08-10T04:00:00Z,47.04,47.92,47.04,47.685,8721
2021-08-09T04:00:00Z,46.45,46.675,45.87,46.595,25882
2021-08-06T04:00:00Z,47.93,48.12,47.485,47.575,12553
2021-08-05T04:00:00Z,47.51,48.09,47.5,48.09,7208
2021-08-04T04:00:00Z,47.58,47.98,47.175,47.2,55267
2021-08-03T04:00:00Z,48.1,48.92,48.1,48.825,18010
2021-08-02T04:00:00Z,50.41,50.41,48.68,49.185,36498
2021-07-30T04:00:00Z,50.745,51.015,50.55,50.665,16836
2021-07-29T04:00:00Z,50.19,50.67,50.115,50.63,16976
2021-07-28T04:00:00Z,49.6,49.925,49.55,49.715,8254
2021-07-27T04:00:00Z,49.46,49.57,49.185,49.46,36797
2021-07-26T04:00:00Z,49.28,49.69,49.03,49.66,4195
2021-07-23T04:00:00Z,49.2,49.485,49.15,49.47,8798
2021-07-22T04:00:00Z,48.42,49.365,48.42,49.2,36197
2021-07-21T04:00:00Z,47.365,48.45,47.365,48.265,63391
2021-07-20T04:00:00Z,45.22,46.595,45.22,46.495,15070
2021-07-19T04:00:00Z,47.24,47.24,45.455,45.84,25867
2021-07-16T04:00:00Z,49.32,49.545,48.42,49.125,75233
2021-07-15T04:00:00Z,49.34,49.725,49.045,49.05,9954
2021-07-14T04:00:00Z,51.12,51.15,49.38,49.695,19431
2021-07-13T04:00:00Z,50.47,51.21,50.4,51.16,27187
2021-07-12T04:00:00Z,49.965,50.34,49.7,50.3,15485
2021-07-09T04:00:00Z,50.08,50.535,50.015,50.42,46690
2021-07-08T04:00:00Z,48.73,49.535,48.355,49.51,27395
2021-07-07T04:00:00Z,49.96,49.96,48.305,48.65,37644
2021-07-06T04:00:00Z,50.47,50.67,49.335,49.91,58206
2021-07-02T04:00:00Z,50.55,51.03,50.37,50.93,16283
2021-07-01T04:00:00Z,51.125,51.335,50.485,50.615,31036
2021-06-30T04:00:00Z,49.93,50.34,49.66,49.875,14312
2021-06-29T04:00:00Z,49.945,50.115,49.5,49.895,13023
2021-06-28T04:00:00Z,49.97,49.97,49.45,49.545,31072
2021-06-25T04:00:00Z,50.03,50.325,49.5,50.255,15992
2021-06-24T04:00:00Z,49.41,49.9,49.39,49.835,17456
2021-06-23T04:00:00Z,50.11,50.22,49.58,49.725,41788
2021-06-22T04:00:00Z,49.49,49.585,49.215,49.415,20992
2021-06-21T04:00:00Z,48.43,49.4,48.43,49.355,26147
2021-06-18T04:00:00Z,47.94,48.63,47.94,48.345,23829
2021-06-17T04:00:00Z,48.915,48.915,47.35,48.055,70560
2021-06-16T04:00:00Z,48.95,49.42,48.75,48.75,41972
2021-06-15T04:00:00Z,48.77,48.99,48.65,48.975,9756
2021-06-14T04:00:00Z,48.47,48.575,48.08,48.285,23393
2021-06-11T04:00:00Z,47.91,48.25,47.91,48.065,15135
2021-06-10T04:00:00Z,48.005,48.15,46.9,47.82,85865
2021-06-09T04:00:00Z,48.01,48.095,47.44,47.57,25605
2021-06-08T04:00:00Z,47.1,47.89,46.805,47.875,135147
2021-06-07T04:00:00Z,47.35,47.515,47.08,47.265,11780
2021-06-04T04:00:00Z,47.41,47.45,47.02,47.27,44310
2021-06-03T04:00:00Z,47.09,47.13,46.59,46.985,82287
2021-06-02T04:00:00Z,46.52,47,46.37,46.905,27615
2021-06-01T04:00:00Z,46.58,46.935,46.005,46.32,68248
2021-05-28T04:00:00Z,45.72,45.795,45.18,45.42,19949
2021-05-27T04:00:00Z,45.195,45.62,45.075,45.56,18893
2021-05-26T04:00:00Z,44.83,45.25,44.66,45.215,15123
2021-05-25T04:00:00Z,45,45.295,44.89,44.935,28532
2021-05-24T04:00:00Z,44.16,45.15,44.14,45.025,34449
2021-05-21T04:00:00Z,43.51,43.78,43.38,43.705,32318
2021-05-20T04:00:00Z,43.24,43.32,42.33,42.495,60284
2021-05-19T04:00:00Z,43.605,43.62,42.53,43.425,66335
2021-05-18T04:00:00Z,45.18,45.31,43.98,44.845,42593
2021-05-17T04:00:00Z,44.91,45.4,44.88,45.38,24514
2021-05-14T04:00:00Z,44.47,44.785,44.36,44.725,44718
2021-05-13T04:00:00Z,44.2,44.405,43.36,43.805,68762
2021-05-12T04:00:00Z,45.22,45.665,45.1,45.225,48281
2021-05-11T04:00:00Z,44.09,44.93,44.09,44.835,32554
2021-05-10T04:00:00Z,44.82,44.82,43.975,44.495,19086
2021-05-07T04:00:00Z,44.02,44.565,44.02,44.435,18730
2021-05-06T04:00:00Z,44.675,44.725,44.225,44.41,24404
2021-05-05T04:00:00Z,45.245,45.51,44.4,44.665,48670
2021-05-04T04:00:00Z,44.72,44.895,44.38,44.87,21602
2021-05-03T04:00:00Z,43.615,44.05,43.605,43.975,15840
2021-04-30T04:00:00Z,43.53,43.54,43.14,43.265,14976
2021-04-29T04:00:00Z,44.47,44.6,43.855,44.25,20031
2021-04-28T04:00:00Z,43.46,43.93,43.395,43.515,22616
2021-04-27T04:00:00Z,42.675,43.185,42.53,43.125,31624
2021-04-26T04:00:00Z,41.76,42.475,41.76,42.335,12784
2021-04-23T04:00:00Z,42.09,42.59,41.995,42.455,17990
2021-04-22T04:00:00Z,42.24,42.24,41.69,42.11,8280
2021-04-21T04:00:00Z,41.86,42.53,41.735,41.775,20859
2021-04-20T04:00:00Z,43.35,43.385,42.095,42.735,63392
2021-04-19T04:00:00Z,43.43,43.485,43.1,43.31,20255
2021-04-16T04:00:00Z,43.34,43.355,43.02,43.165,91001
2021-04-15T04:00:00Z,43.025,43.4,42.91,43.275,31407
2021-04-14T04:00:00Z,42.145,43.38,42.025,43.04,105472
2021-04-13T04:00:00Z,41.34,41.46,41.17,41.455,18547
2021-04-12T04:00:00Z,41.3,41.52,40.81,40.9,24970
2021-04-09T04:00:00Z,40.63,40.86,40.54,40.65,25350
2021-04-08T04:00:00Z,40.53,40.855,40.35,40.835,16599
2021-04-07T04:00:00Z,40.535,41.03,39.94,40.865,27230
2021-04-06T04:00:00Z,41.145,41.62,40.62,40.725,22726
2021-04-05T04:00:00Z,41.17,41.21,39.58,40.28,31896
2021-04-01T04:00:00Z,41.49,42.16,40.34,41.85,116486
2021-03-31T04:00:00Z,41.17,41.67,40.26,40.525,33328
2021-03-30T04:00:00Z,41.18,41.61,41.06,41.17,29858
2021-03-29T04:00:00Z,41.12,41.94,41.05,41.925,24773
2021-03-26T04:00:00Z,41.385,41.79,41.33,41.555,55700
2021-03-25T04:00:00Z,40.45,40.6,39.35,39.92,45705
2021-03-24T04:00:00Z,40.695,41.81,40.555,41.465,75825
2021-03-23T04:00:00Z,40.24,40.88,39.305,39.385,67923
2021-03-22T04:00:00Z,41.975,42.085,41.61,41.705,31723
2021-03-19T04:00:00Z,40.84,41.955,40.31,41.79,44588
2021-03-18T04:00:00Z,42.99,43.04,39.74,40.5,184749
2021-03-17T04:00:00Z,43.665,43.93,43.295,43.8,20235
2021-03-16T04:00:00Z,43.61,44.06,43.35,43.83,18197
2021-03-15T04:00:00Z,43.805,44.3,43.6,44.21,24533
2021-03-12T05:00:00Z,44.34,44.6,44.27,44.34,35998
2021-03-11T05:00:00Z,43.905,44.625,43.775,44.585,37907
2021-03-10T05:00:00Z,43.08,43.8,42.845,43.715,38518
2021-03-09T05:00:00Z,43.685,43.78,43.07,43.105,74520
2021-03-08T05:00:00Z,44.11,44.22,43.485,43.525,27022
2021-03-05T05:00:00Z,44.095,44.485,43.91,44.455,63563
2021-03-04T05:00:00Z,41.89,43.435,41.55,43.055,50430
2021-03-03T05:00:00Z,40.875,41.61,40.65,41.155,27685
2021-03-02T05:00:00Z,40.915,41.04,40.075,40.075,39745
2021-03-01T05:00:00Z,41.21,41.54,40.365,40.595,66751
2021-02-26T05:00:00Z,42.01,42.03,41.17,41.315,40140
2021-02-25T05:00:00Z,42.295,42.69,42.19,42.475,23483
2021-02-24T05:00:00Z,41.95,42.57,41.83,42.495,31520
2021-02-23T05:00:00Z,41.155,41.72,40.75,41.63,32499
2021-02-22T05:00:00Z,40.565,41.355,40.565,41.285,29694
2021-02-19T05:00:00Z,40.32,40.48,39.57,39.67,50436
2021-02-18T05:00:00Z,41.045,41.11,40.16,40.265,49081
2021-02-17T05:00:00Z,40.275,40.945,40.135,40.895,80707
2021-02-16T05:00:00Z,40.195,40.465,40.07,40.45,27096
2021-02-12T05:00:00Z,39.11,40.05,39.11,39.945,52955
2021-02-11T05:00:00Z,39.345,39.365,38.88,38.955,16592
2021-02-10T05:00:00Z,39.195,39.45,39.06,39.275,30389
2021-02-09T05:00:00Z,38.7,39.2,38.54,39.14,22130
2021-02-08T05:00:00Z,38.52,38.945,38.52,38.945,30877
2021-02-05T05:00:00Z,38.335,38.39,37.98,38.19,58920
2021-02-04T05:00:00Z,37.62,37.935,37.24,37.815,20603
2021-02-03T05:00:00Z,37.195,37.75,37.195,37.44,38044
2021-02-02T05:00:00Z,37.02,37.04,36.735,36.83,107389
2021-02-01T05:00:00Z,35.755,36.175,35.27,36.15,140688
2021-01-29T05:00:00Z,35.71,35.755,35.12,35.19,24413
2021-01-28T05:00:00Z,35.935,36,35.25,35.255,66643
2021-01-27T05:00:00Z,35.34,35.87,35.04,35.49,37218
2021-01-26T05:00:00Z,35.715,35.78,35.425,35.435,14775
2021-01-25T05:00:00Z,35.105,35.64,35.06,35.595,28092
2021-01-22T05:00:00Z,34.95,35.605,34.92,35.23,29558
2021-01-21T05:00:00Z,35.885,35.97,35.655,35.775,8317
2021-01-20T05:00:00Z,36.145,36.19,35.72,35.795,16931
2021-01-19T05:00:00Z,35.73,35.88,35.61,35.785,16447
2021-01-15T05:00:00Z,35.7,35.81,35.13,35.355,61011
2021-01-14T05:00:00Z,35.71,36.28,35.625,36.255,34473
2021-01-13T05:00:00Z,35.765,36.08,35.62,35.815,90531
2021-01-12T05:00:00Z,35.665,36,35.58,35.91,21742
2021-01-11T05:00:00Z,34.88,35.375,34.82,35.26,40616
2021-01-08T05:00:00Z,34.945,35.485,34.79,35.445,63570
2021-01-07T05:00:00Z,34.33,34.57,34.32,34.525,9651
2021-01-06T05:00:00Z,33.935,34.45,33.59,34.105,48544
2021-01-05T05:00:00Z,33.385,34.115,33.385,33.94,61555
2021-01-04T05:00:00Z,32.98,33.24,32.26,32.345,45037
2020-12-31T05:00:00Z,32.73,33.075,32.64,33.015,15034
2020-12-30T05:00:00Z,32.555,33.16,32.555,32.925,22608
2020-12-29T05:00:00Z,32.93,32.97,32.73,32.785,30692
2020-12-28T05:00:00Z,32.8,33.005,32.565,32.595,20701
2020-12-24T05:00:00Z,32.6,32.91,32.6,32.91,7208
2020-12-23T05:00:00Z,32.385,33.05,32.385,32.785,29254
2020-12-22T05:00:00Z,32.26,32.37,32.005,32.08,29523
2020-12-21T05:00:00Z,32.18,32.755,32.145,32.635,29690
2020-12-18T05:00:00Z,33.34,33.64,33.28,33.495,27834
2020-12-17T05:00:00Z,33.03,33.2,32.94,33.155,37442
2020-12-16T05:00:00Z,32.54,32.8,32.33,32.75,22892
2020-12-15T05:00:00Z,32.335,32.57,32.29,32.535,15157
2020-12-14T05:00:00Z,32.075,32.2,31.405,32.175,17095
2020-12-11T05:00:00Z,31.965,32.105,31.77,31.925,11640
2020-12-10T05:00:00Z,31.87,32.63,31.87,32.11,26992
2020-12-09T05:00:00Z,31.545,31.645,30.905,31.335,27871
2020-12-08T05:00:00Z,31.4,31.45,31.18,31.375,20376
2020-12-07T05:00:00Z,31.39,31.85,31.315,31.395,71096
2020-12-04T05:00:00Z,31.36,31.72,31.35,31.55,23966
2020-12-03T05:00:00Z,30.91,31.34,30.81,31.23,98270
2020-12-02T05:00:00Z,30.82,31.38,30.75,30.965,52277
2020-12-01T05:00:00Z,30.94,30.94,30.41,30.605,22932
2020-11-30T05:00:00Z,31.135,31.275,30.7,30.965,31383
2020-11-27T05:00:00Z,31.105,31.35,31.05,31.22,14796
2020-11-25T05:00:00Z,31.31,31.675,31.08,31.385,44054
2020-11-24T05:00:00Z,30.265,31.02,30.255,30.815,109027
2020-11-23T05:00:00Z,29.54,29.715,29.42,29.505,47108
2020-11-20T05:00:00Z,28.945,29.345,28.935,29.285,32246
2020-11-19T05:00:00Z,28.86,29.125,28.77,29.095,26191
2020-11-18T05:00:00Z,29.09,29.34,28.965,28.995,26225
2020-11-17T05:00:00Z,28.58,29.015,28.55,28.885,27498
2020-11-16T05:00:00Z,29.095,29.11,28.67,28.815,44781
2020-11-13T05:00:00Z,28.5,28.5,28.075,28.145,19291
2020-11-12T05:00:00Z,29.21,29.405,28.62,28.685,62171
2020-11-11T05:00:00Z,29.695,29.75,28.955,29.045,23729
2020-11-10T05:00:00Z,28.66,28.96,28.495,28.905,37062
2020-11-09T05:00:00Z,28.67,28.815,28.075,28.075,57777
2020-11-06T05:00:00Z,26.775,26.87,26.23,26.455,38800
2020-11-05T05:00:00Z,27.395,27.685,27.085,27.155,49442
2020-11-04T05:00:00Z,27.15,27.605,26.705,27.44,41893
2020-11-03T05:00:00Z,26.915,27.005,26.495,26.725,78185
2020-11-02T05:00:00Z,25.15,26.285,25.15,26.24,29721
2020-10-30T04:00:00Z,25.33,25.38,25,25.24,51749
2020-10-29T04:00:00Z,24.93,25.715,24.775,25.635,44418
2020-10-28T04:00:00Z,26.38,26.53,26.11,26.325,39446
2020-10-27T04:00:00Z,27.315,27.945,27.255,27.7,27304
2020-10-26T04:00:00Z,27.355,27.43,26.95,27.1,32512
2020-10-23T04:00:00Z,28.47,28.47,27.83,27.89,24808
2020-10-22T04:00:00Z,28.31,28.73,28.31,28.5,14210
2020-10-21T04:00:00Z,28.705,28.76,27.95,28.08,33674
2020-10-20T04:00:00Z,28.475,29.28,28.475,29.05,40963
2020-10-19T04:00:00Z,28.86,29,28.6,28.6,14026
2020-10-16T04:00:00Z,28.53,28.86,28.35,28.735,16947
2020-10-15T04:00:00Z,28.11,28.94,28.06,28.935,26644
2020-10-14T04:00:00Z,28.905,29.04,28.815,28.965,23819
2020-10-13T04:00:00Z,28.405,28.615,28.28,28.46,36754
2020-10-12T04:00:00Z,28.38,28.38,27.79,28.04,22680
2020-10-09T04:00:00Z,28.99,29.165,28.625,28.69,23473
2020-10-08T04:00:00Z,28.995,29.18,28.77,29.14,53123
2020-10-07T04:00:00Z,28.26,28.405,27.9,28.39,51800
2020-10-06T04:00:00Z,28.7,28.9,28.35,28.395,81201
2020-10-05T04:00:00Z,27.72,28.145,27.46,27.95,64160
2020-10-02T04:00:00Z,26.13,26.88,26.09,26.365,56685
2020-10-01T04:00:00Z,27.75,27.79,26.765,27.52,88518
2020-09-30T04:00:00Z,28.06,28.53,27.92,28.39,32783
2020-09-29T04:00:00Z,28.28,28.305,27.3,27.685,55519
2020-09-28T04:00:00Z,28.47,28.835,28.32,28.695,17636
2020-09-25T04:00:00Z,28.31,28.51,28.19,28.35,17239
2020-09-24T04:00:00Z,28.19,28.58,28.19,28.49,25871
2020-09-23T04:00:00Z,28.33,28.83,28.02,28.035,48008
2020-09-22T04:00:00Z,28.39,28.52,27.84,28.165,14906
2020-09-21T04:00:00Z,28.74,28.74,27.72,28.275,50148
2020-09-18T04:00:00Z,29.21,29.42,28.905,29.075,94375
2020-09-17T04:00:00Z,28.46,29.365,28.445,29.235,43203
2020-09-16T04:00:00Z,28.14,28.735,28.07,28.695,69760
2020-09-15T04:00:00Z,27.08,27.67,27,27.525,18237
2020-09-14T04:00:00Z,26.74,27.01,26.655,26.945,18736
2020-09-11T04:00:00Z,26.905,27.17,26.8,27.07,22908
2020-09-10T04:00:00Z,27.39,27.43,26.78,26.82,19078
2020-09-09T04:00:00Z,26.96,27.58,26.765,27.415,32422
2020-09-08T04:00:00Z,26.83,26.94,26.29,26.765,66460
2020-09-04T04:00:00Z,29.415,29.425,28.46,28.515,21641
2020-09-03T04:00:00Z,29.32,29.755,29.065,29.645,39083
2020-09-02T04:00:00Z,30.565,30.57,29.65,29.855,28187
2020-09-01T04:00:00Z,30.67,30.915,30.56,30.64,15112
2020-08-31T04:00:00Z,30.83,30.84,30.4,30.55,25708
2020-08-28T04:00:00Z,30.71,30.76,30.53,30.715,6638
2020-08-27T04:00:00Z,30.62,30.795,30.365,30.64,12742
2020-08-26T04:00:00Z,31.045,31.165,30.85,30.945,26750
2020-08-25T04:00:00Z,31,31,30.605,30.935,20615
2020-08-24T04:00:00Z,30.32,30.53,30.27,30.335,16492
2020-08-21T04:00:00Z,29.955,30.195,29.66,30.155,10942
2020-08-20T04:00:00Z,30,30.575,29.79,30.53,64429
2020-08-19T04:00:00Z,30.6,30.775,30.46,30.66,15820
2020-08-18T04:00:00Z,30.415,30.805,30.395,30.605,47553
2020-08-17T04:00:00Z,30.38,30.845,30.36,30.755,18098
2020-08-14T04:00:00Z,30.36,30.37,30.04,30.325,15441
2020-08-13T04:00:00Z,30.54,30.615,30.285,30.425,10658
2020-08-12T04:00:00Z,30.345,30.745,30.335,30.555,21485
2020-08-11T04:00:00Z,30.51,30.64,29.84,29.84,21892
2020-08-10T04:00:00Z,30.16,30.335,29.98,30.165,39762
2020-08-07T04:00:00Z,29.88,29.885,29.605,29.855,18371
2020-08-06T04:00:00Z,30.53,30.53,30.185,30.195,16978
2020-08-05T04:00:00Z,30.855,31.01,30.185,30.23,60505
2020-08-04T04:00:00Z,29.245,30.14,29.245,29.765,34542
2020-08-03T04:00:00Z,29.125,29.635,29.065,29.355,24129
2020-07-31T04:00:00Z,29.05,29.065,28.615,29.065,20466
2020-07-30T04:00:00Z,28.93,28.98,27.91,28.94,45242
2020-07-29T04:00:00Z,29.63,29.75,29.505,29.585,19139
2020-07-28T04:00:00Z,29.475,29.515,29.29,29.345,7136
2020-07-27T04:00:00Z,29.275,29.845,29.005,29.73,26854
2020-04-21T04:00:00Z,3.18,3.18,3.18,3.18,200
