2024-06-14T04:00:00Z,24.27,25.27,24.24,24.68,58224
2024-06-13T04:00:00Z,23.56,24.46,23.36,23.585,63009
2024-06-12T04:00:00Z,23.51,23.865,23.3,23.585,48908
2024-06-11T04:00:00Z,24.765,25.14,24.16,24.285,23137
2024-06-10T04:00:00Z,24.84,25.01,24.15,24.29,16466
2024-06-07T04:00:00Z,24.815,24.85,24.055,24.325,25108
2024-06-06T04:00:00Z,24.665,25.05,24.6,24.71,15106
2024-06-05T04:00:00Z,25.25,25.92,24.84,24.94,13433
2024-06-04T04:00:00Z,26.06,26.74,25.5,25.63,80846
2024-06-03T04:00:00Z,25.255,26.95,25.18,25.53,65348
2024-05-31T04:00:00Z,26.2,27.98,25.63,25.73,111854
2024-05-30T04:00:00Z,27.19,27.71,26.225,26.96,61403
2024-05-29T04:00:00Z,27.21,27.39,26.43,27.08,88198
2024-05-28T04:00:00Z,24.85,26.24,24.85,25.58,75629
2024-05-24T04:00:00Z,25.72,25.75,24.67,24.78,31067
2024-05-23T04:00:00Z,24.71,26.41,24.57,26.04,30945
2024-05-22T04:00:00Z,24.76,25.845,24.44,25.47,26178
2024-05-21T04:00:00Z,25.38,25.41,24.59,24.64,16204
2024-05-20T04:00:00Z,25.24,25.57,24.91,25.405,21669
2024-05-17T04:00:00Z,25.78,25.9,25.18,25.28,20800
2024-05-16T04:00:00Z,25.79,26.16,25.68,25.77,35592
2024-05-15T04:00:00Z,26.5,26.92,25.76,25.76,21280
2024-05-14T04:00:00Z,28.1,28.3,27.23,27.35,15564
2024-05-13T04:00:00Z,27.6,28.32,27.535,28.155,23353
2024-05-10T04:00:00Z,28.215,28.31,27.63,27.63,16992
2024-05-09T04:00:00Z,28.465,28.84,28.24,28.25,25635
2024-05-08T04:00:00Z,28.85,28.93,28.37,28.43,25214
2024-05-07T04:00:00Z,28.87,29.2,28.78,28.79,29539
2024-05-06T04:00:00Z,29.53,29.56,29.03,29.03,51239
2024-05-03T04:00:00Z,30.28,31.08,30,30.18,50462
2024-05-02T04:00:00Z,32.95,33.74,31.67,32,24285
2024-05-01T04:00:00Z,33.71,34.14,31.37,33.41,70268
2024-04-30T04:00:00Z,31.91,33.28,31.42,33.28,58037
2024-04-29T04:00:00Z,32.15,32.7,31.48,31.89,45833
2024-04-26T04:00:00Z,32.44,33.22,32.42,32.59,34638
2024-04-25T04:00:00Z,36,36.73,34.08,34.24,50800
2024-04-24T04:00:00Z,33.6,34.6,33.17,33.25,41722
2024-04-23T04:00:00Z,34.68,34.81,33.48,33.71,50525
2024-04-22T04:00:00Z,38.04,38.22,35.12,35.93,46303
2024-04-19T04:00:00Z,39.21,41.4,38.09,40.39,70844
2024-04-18T04:00:00Z,37.76,39.66,37.12,39.02,31912
2024-04-17T04:00:00Z,38.96,41,37.63,38.44,55694
2024-04-16T04:00:00Z,40.77,41.19,37.97,39.07,65742
2024-04-15T04:00:00Z,36.155,41.3,35.65,40.89,90936
2024-04-12T04:00:00Z,36.04,40.45,36.04,37.85,64451
2024-04-11T04:00:00Z,34.68,36.52,33.31,33.36,15067
2024-04-10T04:00:00Z,6.98,7.29,6.87,6.9,918014
2024-04-09T04:00:00Z,6.74,7.15,6.66,6.72,438473
2024-04-08T04:00:00Z,6.99,7.09,6.71,6.8,427844
2024-04-05T04:00:00Z,7.17,7.33,6.88,7.23,406277
2024-04-04T04:00:00Z,6.41,7.3,6.32,7.02,1160101
2024-04-03T04:00:00Z,6.75,6.81,6.44,6.56,238515
2024-04-02T04:00:00Z,6.72,6.96,6.61,6.61,340613
2024-04-01T04:00:00Z,6.31,6.51,6.23,6.35,221530
2024-03-28T04:00:00Z,6.13,6.3,6.11,6.3,183229
2024-03-27T04:00:00Z,6.15,6.345,6.12,6.12,236530
2024-03-26T04:00:00Z,6.22,6.3,6.14,6.28,232682
2024-03-25T04:00:00Z,6.38,6.38,6.25,6.33,126482
2024-03-22T04:00:00Z,6.38,6.44,6.25,6.37,214459
2024-03-21T04:00:00Z,6.3,6.46,6.27,6.365,277312
2024-03-20T04:00:00Z,6.625,6.7,6.4,6.43,421522
2024-03-19T04:00:00Z,6.945,7.01,6.66,6.675,288282
2024-03-18T04:00:00Z,6.995,7.01,6.85,6.93,247370
2024-03-15T04:00:00Z,7.15,7.585,7.05,7.17,358730
2024-03-14T04:00:00Z,6.63,7.38,6.6,6.975,389722
2024-03-13T04:00:00Z,6.74,6.81,6.67,6.71,176881
2024-03-12T04:00:00Z,7.04,7.19,6.75,6.77,341230
2024-03-11T04:00:00Z,7.51,7.71,7.21,7.3,362046
2024-03-08T05:00:00Z,6.98,7.79,6.93,7.41,349993
2024-03-07T05:00:00Z,6.99,7.26,6.99,7.16,256783
2024-03-06T05:00:00Z,6.86,7.28,6.86,7.19,346267
2024-03-05T05:00:00Z,6.91,7.46,6.9,7.16,632587
2024-03-04T05:00:00Z,6.72,6.81,6.7,6.75,71994
2024-03-01T05:00:00Z,6.64,6.82,6.59,6.78,197961
2024-02-29T05:00:00Z,6.71,6.95,6.69,6.74,170959
2024-02-28T05:00:00Z,6.79,6.96,6.77,6.885,135340
2024-02-27T05:00:00Z,6.81,6.85,6.71,6.72,98486
2024-02-26T05:00:00Z,6.95,6.97,6.88,6.92,108257
2024-02-23T05:00:00Z,7.275,7.32,7.02,7.02,177372
2024-02-22T05:00:00Z,7.19,7.46,7.08,7.45,217166
2024-02-21T05:00:00Z,7.83,7.91,7.63,7.65,237735
2024-02-20T05:00:00Z,7.55,8.04,7.55,7.75,262495
2024-02-16T05:00:00Z,7.48,7.58,7.2,7.4,210495
2024-02-15T05:00:00Z,7.345,7.64,7.33,7.43,136497
2024-02-14T05:00:00Z,7.66,7.91,7.46,7.51,244081
2024-02-13T05:00:00Z,7.74,8.88,7.64,8.19,325334
2024-02-12T05:00:00Z,7.09,7.48,7.06,7.38,210326
2024-02-09T05:00:00Z,7.01,7.17,6.95,7.17,122467
2024-02-08T05:00:00Z,7.11,7.25,7.05,7.05,106690
2024-02-07T05:00:00Z,7.07,7.22,7.06,7.14,193536
2024-02-06T05:00:00Z,7.315,7.46,7.15,7.17,192722
2024-02-05T05:00:00Z,7.83,8.03,7.415,7.44,151666
2024-02-02T05:00:00Z,7.89,8,7.7,7.88,171544
2024-02-01T05:00:00Z,7.82,8.14,7.7,7.93,147042
2024-01-31T05:00:00Z,7.46,8.11,7.46,8.03,420601
2024-01-30T05:00:00Z,7.55,7.58,7.44,7.45,84280
2024-01-29T05:00:00Z,7.6,7.77,7.53,7.65,105072
2024-01-26T05:00:00Z,7.62,7.69,7.43,7.55,147790
2024-01-25T05:00:00Z,7.46,7.66,7.43,7.64,130821
2024-01-24T05:00:00Z,7.135,7.51,7.135,7.51,237558
2024-01-23T05:00:00Z,7.4,7.42,7.22,7.25,155750
2024-01-22T05:00:00Z,7.79,7.88,7.51,7.53,145056
2024-01-19T05:00:00Z,8.005,8.09,7.855,7.96,180036
2024-01-18T05:00:00Z,8.33,8.68,8.23,8.285,207913
2024-01-17T05:00:00Z,8.6,8.99,8.41,8.69,208207
2024-01-16T05:00:00Z,8.12,8.485,7.98,8.27,214394
2024-01-12T05:00:00Z,7.61,7.87,7.605,7.84,177802
2024-01-11T05:00:00Z,7.54,8.05,7.54,7.66,216989
2024-01-10T05:00:00Z,7.69,7.81,7.67,7.72,117316
2024-01-09T05:00:00Z,8.23,8.255,7.815,7.84,142582
2024-01-08T05:00:00Z,8.4,8.46,7.97,8.13,206087
2024-01-05T05:00:00Z,8.74,8.74,8.3,8.44,170532
2024-01-04T05:00:00Z,8.81,8.91,8.6,8.86,124035
2024-01-03T05:00:00Z,8.63,9.07,8.46,8.87,199685
2024-01-02T05:00:00Z,8.7,8.97,8.34,8.42,243658
2023-12-29T05:00:00Z,8.36,8.71,8.3,8.41,170285
2023-12-28T05:00:00Z,8.36,8.54,8.34,8.395,89373
2023-12-27T05:00:00Z,8.81,8.81,8.42,8.43,118615
2023-12-26T05:00:00Z,9.33,9.36,8.955,8.97,69255
2023-12-22T05:00:00Z,9.67,9.94,9.34,9.34,139568
2023-12-21T05:00:00Z,9.8,10.16,9.59,9.67,169919
2023-12-20T05:00:00Z,9.12,10.17,9.06,10.07,273746
2023-12-19T05:00:00Z,9.08,9.23,9.02,9.21,100431
2023-12-18T05:00:00Z,8.98,9.05,8.92,9,61976
2023-12-15T05:00:00Z,8.63,9.01,8.54,8.98,169802
2023-12-14T05:00:00Z,8.47,8.93,8.46,8.57,135139
2023-12-13T05:00:00Z,8.72,8.91,8.56,8.59,125415
2023-12-12T05:00:00Z,8.99,9.06,8.7,8.79,91586
2023-12-11T05:00:00Z,9.46,9.48,9.17,9.18,98751
2023-12-08T05:00:00Z,9.78,9.78,9.51,9.52,105342
2023-12-07T05:00:00Z,9.89,10.01,9.835,9.94,59271
2023-12-06T05:00:00Z,9.7,10.01,9.62,9.95,94382
2023-12-05T05:00:00Z,10.01,10.04,9.835,9.84,70999
2023-12-04T05:00:00Z,10.11,10.42,9.94,9.96,275974
2023-12-01T05:00:00Z,9.9,9.97,9.74,9.9,125875
2023-11-30T05:00:00Z,10.06,10.3,9.96,9.97,151425
2023-11-29T05:00:00Z,9.845,10.245,9.835,10.24,110055
2023-11-28T05:00:00Z,10.14,10.25,9.91,9.97,138119
2023-11-27T05:00:00Z,10.2,10.24,10.11,10.17,119732
2023-11-24T05:00:00Z,10.7,10.72,10.05,10.07,60184
2023-11-22T05:00:00Z,10.45,10.95,10.43,10.79,130336
2023-11-21T05:00:00Z,11.02,11.02,10.63,10.66,82252
2023-11-20T05:00:00Z,11.06,11.06,10.83,11.02,102755
2023-11-17T05:00:00Z,11.28,11.46,11.07,11.14,136718
2023-11-16T05:00:00Z,11.58,11.74,11.37,11.39,113203
2023-11-15T05:00:00Z,11.69,11.87,11.59,11.665,76849
2023-11-14T05:00:00Z,11.52,12.075,11.49,12.06,165704
2023-11-13T05:00:00Z,12.47,12.61,12,12.2,124754
2023-11-10T05:00:00Z,12.88,12.88,12.22,12.39,212496
2023-11-09T05:00:00Z,12.28,13.375,12.25,13.235,288293
2023-11-08T05:00:00Z,12.6,13.07,12.415,12.47,193060
2023-11-07T05:00:00Z,12.98,13.09,12.72,12.85,135477
2023-11-06T05:00:00Z,13.37,13.51,12.93,12.96,345962
2023-11-03T04:00:00Z,13.745,13.875,13.48,13.63,263203
2023-11-02T04:00:00Z,14.36,14.69,14.1,14.11,150859
2023-11-01T04:00:00Z,15.68,15.71,14.76,14.89,311295
2023-10-31T04:00:00Z,17.58,17.68,15.985,15.985,147036
2023-10-30T04:00:00Z,18.57,18.7,17.58,17.65,349649
2023-10-27T04:00:00Z,18.28,19.97,17.98,19.8,248581
2023-10-26T04:00:00Z,18.7,19.65,18.21,18.94,324067
2023-10-25T04:00:00Z,17.215,19.25,17.2,18.59,300863
2023-10-24T04:00:00Z,17.48,18.21,16.9,17.02,114571
2023-10-23T04:00:00Z,19.78,20.13,17.3,18.27,118341
2023-10-20T04:00:00Z,19.05,19.72,18.4,19.23,248713
2023-10-19T04:00:00Z,17.27,19.12,16.93,19,301803
2023-10-18T04:00:00Z,16.73,18.02,16.57,17.76,152065
2023-10-17T04:00:00Z,16.28,16.63,15.19,16.16,143577
2023-10-16T04:00:00Z,17.08,17.14,15.51,15.59,177789
2023-10-13T04:00:00Z,15.29,18.7,15.23,18.15,243613
2023-10-12T04:00:00Z,14.68,16.24,14.18,15.38,142192
2023-10-11T04:00:00Z,14.92,16.06,14.78,14.89,80039
2023-10-10T04:00:00Z,15.78,15.87,15.02,15.28,82813
2023-10-09T04:00:00Z,17.26,17.63,16.14,16.16,47132
2023-10-06T04:00:00Z,17.51,18.17,15.96,16.46,95177
2023-10-05T04:00:00Z,17.09,18.28,16.79,16.8,78578
2023-10-04T04:00:00Z,18.03,18.44,17.05,17.14,117750
2023-10-03T04:00:00Z,16.915,18.94,16.53,18.51,144968
2023-10-02T04:00:00Z,16.27,16.78,15.64,16.3,103913
2023-09-29T04:00:00Z,14.92,16.23,14.72,16.23,113194
2023-09-28T04:00:00Z,17.01,17.2,15.56,15.67,124481
2023-09-27T04:00:00Z,17.22,18.47,16.91,16.92,186185
2023-09-26T04:00:00Z,16.36,18.15,16.09,18.05,242099
2023-09-25T04:00:00Z,16.37,16.71,15.7,15.89,175411
2023-09-22T04:00:00Z,15.69,15.9,14.97,15.78,192649
2023-09-21T04:00:00Z,15.07,15.8,14.645,15.8,649202
2023-09-20T04:00:00Z,13.09,14.16,12.92,14.12,268817
2023-09-19T04:00:00Z,13.45,13.96,13.24,13.35,196990
2023-09-18T04:00:00Z,13.86,14.02,13.18,13.48,138408
2023-09-15T04:00:00Z,12.945,13.69,12.81,13.62,223442
2023-09-14T04:00:00Z,13.19,13.28,12.86,12.86,151940
2023-09-13T04:00:00Z,13.59,13.78,13.35,13.48,192002
2023-09-12T04:00:00Z,13.96,14.06,13.54,13.9,118247
2023-09-11T04:00:00Z,13.88,14.18,13.665,13.77,97653
2023-09-08T04:00:00Z,14.58,14.58,13.935,14.25,145567
2023-09-07T04:00:00Z,15.455,15.68,14.59,14.67,133613
2023-09-06T04:00:00Z,14.405,15.21,14.35,14.74,148824
2023-09-05T04:00:00Z,14.325,14.61,14.03,14.3,82744
2023-09-01T04:00:00Z,14.08,14.395,14,14.185,138806
2023-08-31T04:00:00Z,14.86,14.94,14.41,14.55,119176
2023-08-30T04:00:00Z,15.45,15.64,14.9,14.92,97095
2023-08-29T04:00:00Z,16.31,16.31,15.5,15.7,117301
2023-08-28T04:00:00Z,16.75,16.94,16.32,16.34,75410
2023-08-25T04:00:00Z,18.17,18.88,17.13,17.35,136510
2023-08-24T04:00:00Z,17.14,18.64,17.025,18.55,110834
2023-08-23T04:00:00Z,17.98,18.075,17.455,17.53,160441
2023-08-22T04:00:00Z,17.82,18.91,17.82,18.46,96815
2023-08-21T04:00:00Z,18.76,19.29,18.215,18.3,135130
2023-08-18T04:00:00Z,20.67,20.9,18.86,19.11,90356
2023-08-17T04:00:00Z,18.03,19.79,18.025,19.79,130479
2023-08-16T04:00:00Z,18,18.57,17.37,18.57,69306
2023-08-15T04:00:00Z,17.04,18.31,17.04,18.08,87785
2023-08-14T04:00:00Z,17.6,17.86,16.58,16.66,65371
2023-08-11T04:00:00Z,18.67,18.73,17.03,17.14,103550
2023-08-10T04:00:00Z,17.13,18.895,16.59,18.13,245773
2023-08-09T04:00:00Z,18.06,19.19,17.46,18.01,245591
2023-08-08T04:00:00Z,19.08,20.74,18.29,18.33,133071
2023-08-07T04:00:00Z,18.59,18.9,17.8,17.84,106464
2023-08-04T04:00:00Z,17.46,19.5,16.905,19.26,161184
2023-08-03T04:00:00Z,19.33,19.83,17.94,18.34,130639
2023-08-02T04:00:00Z,17.78,19.08,17.69,18.43,169783
2023-08-01T04:00:00Z,16.475,16.7,16.2,16.23,154845
2023-07-31T04:00:00Z,16,16.35,15.92,15.93,86329
2023-07-28T04:00:00Z,16.18,16.83,15.915,16.08,531381
2023-07-27T04:00:00Z,15.495,17.67,15.495,17.13,248891
2023-07-26T04:00:00Z,16.85,16.85,15.91,15.96,92208
2023-07-25T04:00:00Z,16.49,16.72,16.14,16.6,65312
2023-07-24T04:00:00Z,16.95,16.99,16.42,16.66,72885
2023-07-21T04:00:00Z,17.13,17.23,16.61,17.06,52747
2023-07-20T04:00:00Z,17.41,17.8,17.1,17.43,70183
2023-07-19T04:00:00Z,16.64,17.56,16.64,17.49,69998
2023-07-18T04:00:00Z,17.21,17.27,16.78,16.88,27949
2023-07-17T04:00:00Z,17.36,17.36,16.8,17.24,28106
2023-07-14T04:00:00Z,17.64,17.95,17.18,17.35,15401
2023-07-13T04:00:00Z,17.025,17.65,16.82,17.52,33927
2023-07-12T04:00:00Z,18.015,18.17,17.45,17.52,76398
2023-07-11T04:00:00Z,18.75,19.51,18.64,19.17,90244
2023-07-10T04:00:00Z,19.405,20.005,19.3,19.45,86465
2023-07-07T04:00:00Z,20.19,20.63,19.13,19.575,92991
2023-07-06T04:00:00Z,20.18,22.87,20.155,20.18,81183
2023-07-05T04:00:00Z,18.68,18.84,18.42,18.74,41023
2023-07-03T04:00:00Z,18.32,18.64,18.3,18.36,16522
2023-06-30T04:00:00Z,18.72,18.77,18.24,18.5,20108
2023-06-29T04:00:00Z,18.545,19.15,18.545,19.03,18329
2023-06-28T04:00:00Z,19.255,19.255,18.45,18.49,15185
2023-06-27T04:00:00Z,19.815,19.86,18.92,19.48,42558
2023-06-26T04:00:00Z,20,20.33,19.66,20.33,35436
2023-06-23T04:00:00Z,20.64,21,19.92,20.3,51388
2023-06-22T04:00:00Z,2.1,2.1,1.97,1.99,111567
2023-06-21T04:00:00Z,2.105,2.12,2.06,2.065,142374
2023-06-20T04:00:00Z,2.14,2.205,2.135,2.135,86842
2023-06-16T04:00:00Z,2.25,2.26,2.13,2.13,149071
2023-06-15T04:00:00Z,2.14,2.25,2.14,2.25,90939
2023-06-14T04:00:00Z,2.25,2.26,2.16,2.17,261286
2023-06-13T04:00:00Z,2.23,2.28,2.215,2.27,261947
2023-06-12T04:00:00Z,2.28,2.32,2.25,2.28,153471
2023-06-09T04:00:00Z,2.22,2.305,2.215,2.255,304158
2023-06-08T04:00:00Z,2.33,2.35,2.2,2.235,128510
2023-06-07T04:00:00Z,2.33,2.38,2.31,2.33,102708
2023-06-06T04:00:00Z,2.52,2.52,2.3,2.3,151480
2023-06-05T04:00:00Z,2.615,2.63,2.54,2.54,140696
2023-06-02T04:00:00Z,2.67,2.71,2.575,2.605,151216
2023-06-01T04:00:00Z,2.99,2.99,2.78,2.785,150115
2023-05-31T04:00:00Z,3.11,3.17,3.01,3.035,131156
2023-05-30T04:00:00Z,3.04,3.23,3,3.07,244782
2023-05-26T04:00:00Z,3.29,3.29,3.08,3.2,179121
2023-05-25T04:00:00Z,3.41,3.49,3.35,3.39,152824
2023-05-24T04:00:00Z,3.455,3.57,3.45,3.53,552875
2023-05-23T04:00:00Z,3.32,3.38,3.19,3.32,205938
2023-05-22T04:00:00Z,3.225,3.34,3.165,3.235,176983
2023-05-19T04:00:00Z,3.075,3.33,3.06,3.23,371549
2023-05-18T04:00:00Z,3.29,3.31,3.115,3.115,277799
2023-05-17T04:00:00Z,3.36,3.42,3.29,3.32,301250
2023-05-16T04:00:00Z,3.36,3.49,3.34,3.48,179751
2023-05-15T04:00:00Z,3.455,3.49,3.34,3.35,221953
2023-05-12T04:00:00Z,3.415,3.595,3.39,3.47,170265
2023-05-11T04:00:00Z,3.61,3.71,3.465,3.465,100240
2023-05-10T04:00:00Z,3.48,3.77,3.46,3.535,200631
2023-05-09T04:00:00Z,3.65,3.71,3.625,3.685,128403
2023-05-08T04:00:00Z,3.65,3.7,3.57,3.58,104289
2023-05-05T04:00:00Z,3.88,3.88,3.635,3.67,111690
2023-05-04T04:00:00Z,3.96,4.3,3.96,4.14,614547
2023-05-03T04:00:00Z,3.73,3.87,3.58,3.85,211949
2023-05-02T04:00:00Z,3.56,4.04,3.56,3.69,664044
2023-05-01T04:00:00Z,3.5,3.51,3.34,3.45,305533
2023-04-28T04:00:00Z,3.735,3.735,3.55,3.56,297103
2023-04-27T04:00:00Z,3.83,3.83,3.7,3.775,171215
2023-04-26T04:00:00Z,4.06,4.135,3.87,4.02,211662
2023-04-25T04:00:00Z,3.81,4.22,3.77,4.19,409410
2023-04-24T04:00:00Z,3.75,3.83,3.73,3.735,175054
2023-04-21T04:00:00Z,3.82,3.925,3.74,3.755,339755
2023-04-20T04:00:00Z,3.86,3.91,3.735,3.87,244962
2023-04-19T04:00:00Z,3.805,3.82,3.69,3.755,174238
2023-04-18T04:00:00Z,3.79,3.85,3.72,3.77,154713
2023-04-17T04:00:00Z,3.93,3.93,3.78,3.8,202177
2023-04-14T04:00:00Z,4.09,4.155,3.975,3.98,221847
2023-04-13T04:00:00Z,4.19,4.19,4.06,4.07,127037
2023-04-12T04:00:00Z,4.16,4.35,4.13,4.31,210616
2023-04-11T04:00:00Z,4.27,4.31,4.185,4.28,174209
2023-04-10T04:00:00Z,4.505,4.505,4.3,4.34,126743
2023-04-06T04:00:00Z,4.57,4.62,4.355,4.4,138092
2023-04-05T04:00:00Z,4.62,4.75,4.51,4.53,196651
2023-04-04T04:00:00Z,4.5,4.77,4.49,4.59,143691
2023-04-03T04:00:00Z,4.62,4.75,4.45,4.45,195762
2023-03-31T04:00:00Z,4.61,4.655,4.53,4.62,103912
2023-03-30T04:00:00Z,4.635,4.895,4.605,4.65,150708
2023-03-29T04:00:00Z,4.7,4.785,4.62,4.65,118447
2023-03-28T04:00:00Z,5.06,5.155,4.9,4.91,218654
2023-03-27T04:00:00Z,5.2,5.33,5.06,5.085,147582
2023-03-24T04:00:00Z,6.055,6.35,5.4,5.405,270211
2023-03-23T04:00:00Z,5.21,5.89,4.99,5.74,430641
2023-03-22T04:00:00Z,5.215,5.52,4.95,5.52,292200
2023-03-21T04:00:00Z,5.57,5.59,5.23,5.265,350323
2023-03-20T04:00:00Z,6.5,6.6,6,6.05,138566
2023-03-17T04:00:00Z,5.855,6.6,5.7,6.49,259193
2023-03-16T04:00:00Z,6.68,6.79,5.6,5.61,234853
2023-03-15T04:00:00Z,6.52,7.28,6.26,6.44,414665
2023-03-14T04:00:00Z,5.645,6.095,5.29,5.735,507022
2023-03-13T04:00:00Z,7.04,7.17,6.12,6.32,690779
2023-03-10T05:00:00Z,5.26,6.82,5.23,6.015,876238
2023-03-09T05:00:00Z,4.42,5.22,4.38,5.19,451573
2023-03-08T05:00:00Z,4.61,4.65,4.45,4.48,139098
2023-03-07T05:00:00Z,4.46,4.64,4.35,4.6,275592
2023-03-06T05:00:00Z,4.53,4.53,4.425,4.46,150699
2023-03-03T05:00:00Z,4.71,4.73,4.54,4.55,242314
2023-03-02T05:00:00Z,5.19,5.19,4.78,4.79,113836
2023-03-01T05:00:00Z,5.05,5.215,4.91,5.05,197762
2023-02-28T05:00:00Z,5.14,5.14,4.91,4.985,86620
2023-02-27T05:00:00Z,5.24,5.24,5.07,5.15,122174
2023-02-24T05:00:00Z,5.42,5.64,5.39,5.43,263360
2023-02-23T05:00:00Z,5.27,5.51,5.11,5.12,189548
2023-02-22T05:00:00Z,5.695,5.8,5.4,5.42,232408
2023-02-21T05:00:00Z,5.47,5.73,5.36,5.68,189088
2023-02-17T05:00:00Z,5.25,5.39,5.09,5.095,243835
2023-02-16T05:00:00Z,4.88,5.09,4.77,5.065,316817
2023-02-15T05:00:00Z,4.875,4.89,4.71,4.71,217489
2023-02-14T05:00:00Z,5.11,5.11,4.77,4.82,291625
2023-02-13T05:00:00Z,5.31,5.32,5.11,5.12,174274
2023-02-10T05:00:00Z,5.475,5.64,5.37,5.44,302822
2023-02-09T05:00:00Z,4.95,5.36,4.9,5.34,203491
2023-02-08T05:00:00Z,4.93,5.24,4.81,5.11,217988
2023-02-07T05:00:00Z,5.12,5.13,4.77,4.81,193795
2023-02-06T05:00:00Z,4.95,5.09,4.92,5.06,141247
2023-02-03T05:00:00Z,4.96,5.12,4.81,4.87,237209
2023-02-02T05:00:00Z,4.52,5.01,4.46,4.82,285969
2023-02-01T05:00:00Z,4.89,5.05,4.59,4.67,245534
2023-01-31T05:00:00Z,5.08,5.1,4.83,4.91,195354
2023-01-30T05:00:00Z,5.02,5.17,4.99,5.06,200014
2023-01-27T05:00:00Z,4.95,4.95,4.73,4.86,294161
2023-01-26T05:00:00Z,5,5.15,4.955,4.99,182797
2023-01-25T05:00:00Z,5.33,5.56,5.075,5.08,232435
2023-01-24T05:00:00Z,5.43,5.435,5.06,5.085,311782
2023-01-23T05:00:00Z,5.49,5.52,5.35,5.4,178841
2023-01-20T05:00:00Z,5.74,5.79,5.43,5.5,111565
2023-01-19T05:00:00Z,5.915,6.06,5.66,5.76,193428
2023-01-18T05:00:00Z,5.34,5.79,5.315,5.74,257924
2023-01-17T05:00:00Z,5.51,5.57,5.37,5.45,176526
2023-01-13T05:00:00Z,5.635,5.635,5.305,5.38,240100
2023-01-12T05:00:00Z,5.82,5.97,5.58,5.58,235855
2023-01-11T05:00:00Z,5.96,6.07,5.96,6.04,83103
2023-01-10T05:00:00Z,6.375,6.43,5.97,5.99,333234
2023-01-09T05:00:00Z,6.31,6.49,6.21,6.39,130685
2023-01-06T05:00:00Z,6.4,6.49,6.21,6.33,155038
2023-01-05T05:00:00Z,6.56,6.74,6.54,6.57,110434
2023-01-04T05:00:00Z,6.71,6.73,6.49,6.5,187739
2023-01-03T05:00:00Z,6.79,7.11,6.75,6.79,133407
2022-12-30T05:00:00Z,7.03,7.1,6.86,6.87,418430
2022-12-29T05:00:00Z,6.9,6.9,6.75,6.895,165995
2022-12-28T05:00:00Z,6.94,7.065,6.76,7,158006
2022-12-27T05:00:00Z,7.055,7.24,6.97,7,150527
2022-12-23T05:00:00Z,7.25,7.42,6.97,7.05,132192
2022-12-22T05:00:00Z,6.83,7.83,6.83,7.37,366022
2022-12-21T05:00:00Z,6.945,6.99,6.74,6.81,184316
2022-12-20T05:00:00Z,7.29,7.5,7.075,7.21,146194
2022-12-19T05:00:00Z,7.48,7.51,7.11,7.26,249260
2022-12-16T05:00:00Z,7.72,7.9,7.43,7.57,479266
2022-12-15T05:00:00Z,7.05,7.735,7.03,7.53,181074
2022-12-14T05:00:00Z,7.18,7.35,6.835,6.88,516151
2022-12-13T05:00:00Z,7.09,7.66,7.05,7.24,385857
2022-12-12T05:00:00Z,7.74,7.855,7.62,7.75,138921
2022-12-09T05:00:00Z,7.605,7.83,7.54,7.83,114293
2022-12-08T05:00:00Z,7.81,7.89,7.485,7.555,112745
2022-12-07T05:00:00Z,7.71,7.875,7.61,7.79,135685
2022-12-06T05:00:00Z,7.19,7.715,7.155,7.595,166523
2022-12-05T05:00:00Z,7.23,7.505,7.09,7.32,199612
2022-12-02T05:00:00Z,7.56,7.56,7.1,7.12,255992
2022-12-01T05:00:00Z,7.49,7.72,7.3,7.3,177363
2022-11-30T05:00:00Z,7.97,8.19,7.44,7.53,317299
2022-11-29T05:00:00Z,8.08,8.22,7.93,7.99,112248
2022-11-28T05:00:00Z,7.91,8.245,7.82,8.15,143635
2022-11-25T05:00:00Z,7.73,7.83,7.68,7.735,103850
2022-11-23T05:00:00Z,7.93,7.995,7.66,7.68,185015
2022-11-22T05:00:00Z,8.24,8.265,7.91,7.92,184829
2022-11-21T05:00:00Z,8.76,8.76,8.34,8.365,133210
2022-11-18T05:00:00Z,8.73,9,8.7,8.72,116902
2022-11-17T05:00:00Z,9.24,9.24,8.84,8.84,133607
2022-11-16T05:00:00Z,9.21,9.26,8.98,8.99,145911
2022-11-15T05:00:00Z,8.86,9.75,8.85,9.36,410618
2022-11-14T05:00:00Z,9.21,9.21,8.83,9.16,191224
2022-11-11T05:00:00Z,9.49,9.57,9.185,9.19,112890
2022-11-10T05:00:00Z,9.305,9.47,9.035,9.34,181406
2022-11-09T05:00:00Z,9.83,10.31,9.78,10.2,156749
2022-11-08T05:00:00Z,9.23,9.895,9.22,9.76,188906
2022-11-07T05:00:00Z,9.4,9.55,9.21,9.33,108358
2022-11-04T04:00:00Z,9.36,9.82,9.1,9.51,256221
2022-11-03T04:00:00Z,10.22,10.37,9.58,9.69,135717
2022-11-02T04:00:00Z,9.75,10.08,9.51,10.04,452398
2022-11-01T04:00:00Z,9.63,9.86,9.6,9.64,242404
2022-10-31T04:00:00Z,10.12,10.12,9.76,9.78,123659
2022-10-28T04:00:00Z,10.39,10.39,9.89,10.03,220994
2022-10-27T04:00:00Z,10.54,10.69,10.31,10.39,101648
2022-10-26T04:00:00Z,11.215,11.215,10.63,10.705,206769
2022-10-25T04:00:00Z,11.76,11.85,11.045,11.09,220626
2022-10-24T04:00:00Z,11.9,12.31,11.74,11.78,108406
2022-10-21T04:00:00Z,12.03,12.12,11.68,12.085,178541
2022-10-20T04:00:00Z,12.22,12.39,11.77,12.09,235314
2022-10-19T04:00:00Z,12.32,12.65,12.13,12.34,140868
2022-10-18T04:00:00Z,12.21,12.7,12.135,12.2,134153
2022-10-17T04:00:00Z,12.5,12.64,12.2,12.6,122489
2022-10-14T04:00:00Z,12.33,13.475,12.215,13.06,268324
2022-10-13T04:00:00Z,13.58,13.6,12.52,12.69,371204
2022-10-12T04:00:00Z,13.41,13.485,13.05,13.19,133267
2022-10-11T04:00:00Z,13.285,13.72,12.82,13.46,198054
2022-10-10T04:00:00Z,12.8,13.61,12.8,13.19,298382
2022-10-07T04:00:00Z,12.2,12.84,12.18,12.69,212352
2022-10-06T04:00:00Z,11.31,12.03,11.24,11.95,203123
2022-10-05T04:00:00Z,11.62,12,11.33,11.46,129633
2022-10-04T04:00:00Z,11.27,11.57,11.18,11.35,129319
2022-10-03T04:00:00Z,12.33,12.45,11.65,12.03,350971
2022-09-30T04:00:00Z,12.57,12.92,11.9,12.84,331586
2022-09-29T04:00:00Z,12.425,13.24,12.41,12.54,480790
2022-09-28T04:00:00Z,12.62,12.92,11.74,11.94,262164
2022-09-27T04:00:00Z,12.09,13.2,11.9,12.74,273621
2022-09-26T04:00:00Z,12.29,12.6,11.53,12.47,287005
2022-09-23T04:00:00Z,11.25,12.58,11.2,11.85,736354
2022-09-22T04:00:00Z,10.775,11.165,10.555,10.85,279410
2022-09-21T04:00:00Z,10.2,10.92,9.91,10.92,451022
2022-09-20T04:00:00Z,10.26,10.62,10.14,10.44,368197
2022-09-19T04:00:00Z,10.69,10.69,9.84,9.95,166616
2022-09-16T04:00:00Z,10.8,11.19,10.33,10.41,228018
2022-09-15T04:00:00Z,10.505,10.565,10.05,10.41,250849
2022-09-14T04:00:00Z,10.48,10.76,10.32,10.47,228129
2022-09-13T04:00:00Z,9.89,10.72,9.7,10.535,609651
2022-09-12T04:00:00Z,9.08,9.45,8.98,9.27,203623
2022-09-09T04:00:00Z,9.26,9.35,9.11,9.35,391027
2022-09-08T04:00:00Z,10.08,10.09,9.46,9.48,247152
2022-09-07T04:00:00Z,10.65,10.65,9.69,9.73,304814
2022-09-06T04:00:00Z,9.96,10.66,9.89,10.61,258094
2022-09-02T04:00:00Z,9.6,10.49,9.405,10.245,420356
2022-09-01T04:00:00Z,10.5,10.92,10.08,10.13,437524
2022-08-31T04:00:00Z,10.21,10.47,10,10.24,243804
2022-08-30T04:00:00Z,10.17,10.815,10.13,10.565,533531
2022-08-29T04:00:00Z,10.635,10.7,10.14,10.31,573793
2022-08-26T04:00:00Z,9.16,10.47,9.03,10.41,458080
2022-08-25T04:00:00Z,9.4,9.52,9.04,9.09,250261
2022-08-24T04:00:00Z,9.92,9.98,9.435,9.5,186111
2022-08-23T04:00:00Z,10.195,10.295,9.77,10.04,273037
2022-08-22T04:00:00Z,10.03,10.35,9.83,10.27,465481
2022-08-19T04:00:00Z,8.97,9.61,8.95,9.37,517789
2022-08-18T04:00:00Z,8.93,9.06,8.71,8.765,273435
2022-08-17T04:00:00Z,9.09,9.275,8.77,8.93,295435
2022-08-16T04:00:00Z,8.935,9.135,8.84,8.99,335842
2022-08-15T04:00:00Z,9.28,9.28,8.81,8.91,243861
2022-08-12T04:00:00Z,9.15,9.25,8.8,9.13,257545
2022-08-11T04:00:00Z,9.11,9.55,9.04,9.27,298818
2022-08-10T04:00:00Z,9.515,9.57,9.115,9.15,313968
2022-08-09T04:00:00Z,10.135,10.265,9.9,10.06,143971
2022-08-08T04:00:00Z,9.89,10.16,9.5,9.92,386914
2022-08-05T04:00:00Z,10.56,10.56,9.845,9.9,356129
2022-08-04T04:00:00Z,10.34,10.57,10.215,10.24,186351
2022-08-03T04:00:00Z,10.67,10.725,10.12,10.19,213163
2022-08-02T04:00:00Z,11.03,11.33,10.47,11.01,414443
2022-08-01T04:00:00Z,10.58,10.895,10.345,10.82,376399
2022-07-29T04:00:00Z,10.39,10.56,10.21,10.33,321713
2022-07-28T04:00:00Z,11.09,11.33,10.46,10.5,308684
2022-07-27T04:00:00Z,11.48,11.52,10.98,11.29,421567
2022-07-26T04:00:00Z,11.695,12.17,11.64,11.9,463834
2022-07-25T04:00:00Z,11.66,11.76,11.34,11.5,216948
2022-07-22T04:00:00Z,11.79,12.22,11.62,11.69,381473
2022-07-21T04:00:00Z,12.24,12.475,11.8,11.82,466677
2022-07-20T04:00:00Z,12.55,12.665,12.155,12.21,490937
2022-07-19T04:00:00Z,12.57,12.71,12.325,12.7,287468
2022-07-18T04:00:00Z,12.32,13.115,12.175,12.96,333832
2022-07-15T04:00:00Z,13.02,13.16,12.4,12.45,355242
2022-07-14T04:00:00Z,14.01,14.36,13.39,13.46,355155
2022-07-13T04:00:00Z,14.19,14.31,13.22,13.41,304242
2022-07-12T04:00:00Z,13.56,13.94,13.13,13.675,204404
2022-07-11T04:00:00Z,13.3,13.68,13.16,13.53,267513
2022-07-08T04:00:00Z,13.44,13.44,12.84,12.98,396703
2022-07-07T04:00:00Z,13.5,13.52,13.11,13.4,267999
2022-07-06T04:00:00Z,14.045,14.34,13.53,13.66,191528
2022-07-05T04:00:00Z,14.76,15.16,13.92,13.99,247049
2022-07-01T04:00:00Z,14.755,15.115,13.9,13.97,223047
2022-06-30T04:00:00Z,14.79,15.39,14.39,14.53,434301
2022-06-29T04:00:00Z,14.38,14.83,14.1,14.33,276832
2022-06-28T04:00:00Z,13.475,14.47,13.28,14.265,344010
2022-06-27T04:00:00Z,14.16,14.45,13.645,13.71,213519
2022-06-24T04:00:00Z,14.36,14.43,14.05,14.39,275509
2022-06-23T04:00:00Z,14.65,15.37,14.59,14.79,270909
2022-06-22T04:00:00Z,16.19,16.23,14.75,14.88,347624
2022-06-21T04:00:00Z,15.26,15.77,14.875,15.75,275695
2022-06-17T04:00:00Z,16.88,17.27,15.95,16.21,340706
2022-06-16T04:00:00Z,16.71,17.62,16.51,16.97,405348
2022-06-15T04:00:00Z,16.355,16.425,14.71,15.53,809387
2022-06-14T04:00:00Z,17.595,17.935,16.73,17.01,367365
2022-06-13T04:00:00Z,16.62,18.1,16.31,17.81,856541
2022-06-10T04:00:00Z,14.35,15.255,14.19,14.81,577347
2022-06-09T04:00:00Z,12.91,13.625,12.68,13.52,232353
2022-06-08T04:00:00Z,12.87,13.1,12.56,12.64,246391
2022-06-07T04:00:00Z,13.71,13.71,12.66,12.67,217679
2022-06-06T04:00:00Z,13.04,13.515,12.99,13.16,198269
2022-06-03T04:00:00Z,13.64,13.9,13.34,13.465,351315
2022-06-02T04:00:00Z,13.78,13.885,12.93,13.27,255079
2022-06-01T04:00:00Z,13.56,14.76,13.365,13.665,571886
2022-05-31T04:00:00Z,14.595,15.09,13.71,13.84,400230
2022-05-27T04:00:00Z,14.54,14.705,14.15,14.185,215511
2022-05-26T04:00:00Z,15.04,15.15,14.77,15.12,310585
2022-05-25T04:00:00Z,16.19,16.21,15.05,15.3,341733
2022-05-24T04:00:00Z,16.1,16.9,15.65,15.8,500208
2022-05-23T04:00:00Z,15.62,16.405,15.31,15.775,337013
2022-05-20T04:00:00Z,15.22,17.825,15.12,16,699933
2022-05-19T04:00:00Z,18.19,18.305,15.88,15.935,403601
2022-05-18T04:00:00Z,15,17.81,14.85,17.73,848666
2022-05-17T04:00:00Z,14.415,14.96,14.21,14.53,521459
2022-05-16T04:00:00Z,15.96,16.11,15.06,15.07,402720
2022-05-13T04:00:00Z,16.79,17.08,16.05,16.06,1051569
2022-05-12T04:00:00Z,18.76,19.34,17.65,17.81,666972
2022-05-11T04:00:00Z,18.6,18.89,17.105,18.3,654723
2022-05-10T04:00:00Z,18.02,19.6,17.925,18.46,406693
2022-05-09T04:00:00Z,18.54,19.75,18.26,19.48,555835
2022-05-06T04:00:00Z,18.05,19.64,17.3,17.42,676057
2022-05-05T04:00:00Z,14.57,18.3,14.415,17.83,853180
2022-05-04T04:00:00Z,15.94,16.32,13.87,13.95,861537
2022-05-03T04:00:00Z,17.52,17.75,16.2,16.29,610287
2022-05-02T04:00:00Z,18.2,19.75,17.71,17.89,548826
2022-04-29T04:00:00Z,16.79,18.4,15.99,18.26,369439
2022-04-28T04:00:00Z,16.405,17.105,15.255,16.4,861406
2022-04-27T04:00:00Z,17.29,17.795,16.22,17.76,495115
2022-04-26T04:00:00Z,15.3,17.33,15.27,17.26,492046
2022-04-25T04:00:00Z,15.82,16.775,14.75,14.89,777644
2022-04-22T04:00:00Z,13.1,15.52,12.94,15.35,876937
2022-04-21T04:00:00Z,11.36,13.33,11.34,12.96,557678
2022-04-20T04:00:00Z,11.81,12.15,11.58,11.725,504683
2022-04-19T04:00:00Z,13,13.15,11.92,12.15,363635
2022-04-18T04:00:00Z,13.56,13.59,12.895,13.13,331985
2022-04-14T04:00:00Z,12.58,13.42,12.305,13.38,435535
2022-04-13T04:00:00Z,14.45,14.5,12.84,12.88,415362
2022-04-12T04:00:00Z,13.76,14.44,13.2,14.42,347732
2022-04-11T04:00:00Z,13.5,14.185,13.28,14.15,439527
2022-04-08T04:00:00Z,13.34,13.56,12.57,13.095,444343
2022-04-07T04:00:00Z,13.82,14.2,12.95,13.135,478351
2022-04-06T04:00:00Z,13.94,14.8,13.535,13.65,738520
2022-04-05T04:00:00Z,11.98,13.28,11.86,13.2,505902
2022-04-04T04:00:00Z,12.58,12.73,11.74,11.76,308573
2022-04-01T04:00:00Z,13.14,13.55,12.7,12.73,291814
2022-03-31T04:00:00Z,12.65,13.565,12.585,13.505,303345
2022-03-30T04:00:00Z,12.45,13.11,12.16,12.54,385065
2022-03-29T04:00:00Z,12.7,12.8,12.205,12.295,574700
2022-03-28T04:00:00Z,13.74,14.58,13.24,13.28,369270
2022-03-25T04:00:00Z,14.02,14.535,13.54,13.58,282796
2022-03-24T04:00:00Z,14.6,14.885,13.99,14.19,243163
2022-03-23T04:00:00Z,15.33,15.34,14.575,14.64,221823
2022-03-22T04:00:00Z,14.69,14.94,14.5,14.72,294466
2022-03-21T04:00:00Z,15.29,15.92,14.51,15.14,394516
2022-03-18T04:00:00Z,17.02,17.18,15.19,15.29,397847
2022-03-17T04:00:00Z,17.01,17.23,16.215,16.585,231497
2022-03-16T04:00:00Z,18.89,19.28,17.005,17.005,230324
2022-03-15T04:00:00Z,20.64,21.32,19.55,20.065,281991
2022-03-14T04:00:00Z,19.84,21.8,18.92,20.86,313304
2022-03-11T05:00:00Z,18.465,20.04,18.44,19.99,266977
2022-03-10T05:00:00Z,21.17,21.3,19.35,19.37,491528
2022-03-09T05:00:00Z,20.55,20.98,19.83,20.76,507889
2022-03-08T05:00:00Z,22.18,23.45,20.32,22.02,949496
2022-03-07T05:00:00Z,20.05,22.5,19.94,22.46,661991
2022-03-04T05:00:00Z,20.09,21.1,19.69,19.81,975374
2022-03-03T05:00:00Z,18.04,19.35,17.81,18.69,367226
2022-03-02T05:00:00Z,20.08,20.22,18.18,18.36,495117
2022-03-01T05:00:00Z,18.15,20.74,17.89,20.4,560977
2022-02-28T05:00:00Z,18.17,18.545,17.06,17.58,604638
2022-02-25T05:00:00Z,17.24,17.735,16.05,16.34,679479
2022-02-24T05:00:00Z,21.3,21.315,17.28,17.39,689313
2022-02-23T05:00:00Z,16.19,18.39,16.12,18.35,637656
2022-02-22T05:00:00Z,17.335,18.2,16.355,16.84,732764
2022-02-18T05:00:00Z,16.72,17.64,16.27,17.01,694305
2022-02-17T05:00:00Z,15.11,16.55,15.1,16.47,572252
2022-02-16T05:00:00Z,15.14,15.64,13.9,13.99,552301
2022-02-15T05:00:00Z,15.185,15.74,14.82,14.9,299128
2022-02-14T05:00:00Z,16.78,18.57,16.65,16.95,793866
2022-02-11T05:00:00Z,14.01,17.52,13.85,16.83,1312907
2022-02-10T05:00:00Z,13.25,14.51,12.375,14.1,950924
2022-02-09T05:00:00Z,12.53,12.74,12.31,12.34,414206
2022-02-08T05:00:00Z,13.74,14.21,13.02,13.09,535993
2022-02-07T05:00:00Z,14.13,14.375,13.585,14.07,380541
2022-02-04T05:00:00Z,15.09,15.88,13.92,14.63,581962
2022-02-03T05:00:00Z,14.42,15.69,13.8,15.62,558814
2022-02-02T05:00:00Z,13.405,13.93,13.01,13.11,447983
2022-02-01T05:00:00Z,14.83,15.42,13.5,13.565,662064
2022-01-31T05:00:00Z,17.21,17.4,15.22,15.22,715237
2022-01-28T05:00:00Z,18.105,19.26,16.8,16.95,312274
2022-01-27T05:00:00Z,17.03,19.39,16.575,18.64,320890
2022-01-26T05:00:00Z,16.72,19.095,15.6,18.49,714541
2022-01-25T05:00:00Z,19.63,20.66,17.185,17.92,600708
2022-01-24T05:00:00Z,19.32,22.37,17.33,17.89,1133928
2022-01-21T05:00:00Z,15.65,17.24,15.07,17.17,1008969
2022-01-20T05:00:00Z,13.67,15.25,12.87,15.075,432397
2022-01-19T05:00:00Z,13.285,14.375,13.18,14.19,464299
2022-01-18T05:00:00Z,13.085,13.87,13.085,13.69,613837
2022-01-14T05:00:00Z,13.21,13.3,12.14,12.28,470692
2022-01-13T05:00:00Z,11.43,12.7,11.28,12.59,311610
2022-01-12T05:00:00Z,11.415,11.82,11.17,11.56,294686
2022-01-11T05:00:00Z,12.56,12.94,11.645,11.645,283730
2022-01-10T05:00:00Z,13.4,14.455,12.32,12.33,492541
2022-01-07T05:00:00Z,13.17,13.73,12.59,12.655,369575
2022-01-06T05:00:00Z,13.17,13.58,12.68,13.26,314971
2022-01-05T05:00:00Z,11.92,13.16,11.52,13.155,372034
2022-01-04T05:00:00Z,11.67,12.295,11.62,11.75,237635
2022-01-03T05:00:00Z,12.165,12.495,11.8,11.8,155167
2021-12-31T05:00:00Z,12.52,12.75,12.26,12.43,135383
2021-12-30T05:00:00Z,12.5,12.77,12.18,12.58,105976
2021-12-29T05:00:00Z,13.08,13.3,12.45,12.64,184334
2021-12-28T05:00:00Z,13.55,13.7,13.14,13.14,183333
2021-12-27T05:00:00Z,13.98,14.23,13.525,13.615,164667
2021-12-23T05:00:00Z,14.06,14.235,13.89,14.18,192574
2021-12-22T05:00:00Z,15.66,15.66,14.38,14.38,226353
2021-12-21T05:00:00Z,16.11,16.75,15.49,15.77,252408
2021-12-20T05:00:00Z,18.35,19.285,16.8,16.945,446764
2021-12-17T05:00:00Z,16.23,16.805,15.21,16.095,379891
2021-12-16T05:00:00Z,14.065,16.055,14.005,15.36,386139
2021-12-15T05:00:00Z,16.375,17.3,14.45,14.47,668267
2021-12-14T05:00:00Z,16.595,17.3,15.91,16.16,412764
2021-12-13T05:00:00Z,15.105,16.01,15.08,15.76,331057
2021-12-10T05:00:00Z,15.19,16.035,14.85,14.86,290697
2021-12-09T05:00:00Z,15.78,16.88,15.415,16.405,264555
2021-12-08T05:00:00Z,17.08,17.39,15.76,15.78,170939
2021-12-07T05:00:00Z,18.78,18.84,16.92,17.3,838739
2021-12-06T05:00:00Z,22.27,23.45,20.585,20.66,281157
2021-12-03T05:00:00Z,20.54,26.15,20.26,23.545,461614
2021-12-02T05:00:00Z,21.73,22.27,20.1,20.875,270051
2021-12-01T05:00:00Z,18.28,22.81,17.275,22.81,400782
2021-11-30T05:00:00Z,18.32,20.565,17.75,20.44,512905
2021-11-29T05:00:00Z,17.995,18.235,16.13,16.88,562121
2021-11-26T05:00:00Z,18.205,22,17.775,21.94,642141
2021-11-24T05:00:00Z,16.31,16.75,15.295,15.53,260233
2021-11-23T05:00:00Z,16.3,16.81,15.66,15.71,329593
2021-11-22T05:00:00Z,15.45,16.38,15.28,16.33,190236
2021-11-19T05:00:00Z,15.74,16.17,15.4,15.92,210233
2021-11-18T05:00:00Z,15.2,15.9,15.085,15.615,140391
2021-11-17T05:00:00Z,14.99,15.45,14.86,15.39,132444
2021-11-16T05:00:00Z,15.15,15.15,14.69,15.08,128049
2021-11-15T05:00:00Z,14.99,15.725,14.95,14.95,134236
2021-11-12T05:00:00Z,15.69,15.91,15.16,15.235,163239
2021-11-11T05:00:00Z,16.115,16.36,15.59,16.135,108012
2021-11-10T05:00:00Z,16.725,17.235,15.79,16.55,244247
2021-11-09T05:00:00Z,15.98,16.78,15.95,16.2,195910
2021-11-08T05:00:00Z,15.4,16.25,15.33,15.76,150974
2021-11-05T04:00:00Z,14.74,15.87,14.66,15.78,210755
2021-11-04T04:00:00Z,14.41,15.275,14.26,14.99,180417
2021-11-03T04:00:00Z,15.53,15.65,14.48,14.64,404866
2021-11-02T04:00:00Z,16.05,16.05,15.45,15.46,171043
2021-11-01T04:00:00Z,16.23,16.995,16.06,16.11,124569
2021-10-29T04:00:00Z,16.93,16.93,16.35,16.51,166990
2021-10-28T04:00:00Z,16.61,16.75,16.23,16.25,160340
2021-10-27T04:00:00Z,16.45,17.18,15.91,17.08,192123
2021-10-26T04:00:00Z,15.79,17.07,15.78,16.54,213595
2021-10-25T04:00:00Z,16.63,17.03,16.05,16.06,108947
2021-10-22T04:00:00Z,16.4,17.375,16.08,16.79,159569
2021-10-21T04:00:00Z,17.32,17.39,16.25,16.25,128979
2021-10-20T04:00:00Z,17.42,17.48,17.05,17.07,90325
2021-10-19T04:00:00Z,17.44,17.65,17.23,17.38,111372
2021-10-18T04:00:00Z,18.62,18.63,17.6,17.605,81030
2021-10-15T04:00:00Z,17.91,18.255,17.43,18.19,100195
2021-10-14T04:00:00Z,18.83,18.89,18.14,18.15,174352
2021-10-13T04:00:00Z,20.17,20.81,19.74,19.82,170279
2021-10-12T04:00:00Z,20.63,21.055,20.04,20.37,92148
2021-10-11T04:00:00Z,20.95,21.03,19.81,21.01,122226
2021-10-08T04:00:00Z,20.89,21.09,20.38,20.61,133057
2021-10-07T04:00:00Z,21.59,21.7,21.08,21.19,168341
2021-10-06T04:00:00Z,23.77,25.02,22.34,22.34,173107
2021-10-05T04:00:00Z,23.86,24.04,22.195,23.05,142506
2021-10-04T04:00:00Z,23.03,25.44,23.03,24.29,198520
2021-10-01T04:00:00Z,23.6,25,22.35,23.305,179098
2021-09-30T04:00:00Z,23.59,25.18,22.75,24.52,188644
2021-09-29T04:00:00Z,23.89,24.76,23.34,24.63,219189
2021-09-28T04:00:00Z,22.08,24.685,21.76,23.92,239638
2021-09-27T04:00:00Z,20.61,21.03,20.19,20.705,119702
2021-09-24T04:00:00Z,22.21,22.21,20.39,20.43,99308
2021-09-23T04:00:00Z,22.505,22.51,21.335,21.48,188426
2021-09-22T04:00:00Z,24.81,25.21,23.01,23.67,190496
2021-09-21T04:00:00Z,26.1,28.15,25.22,25.68,194873
2021-09-20T04:00:00Z,26.37,30.79,25.37,27.4,275871
2021-09-17T04:00:00Z,21.64,23.54,21.4,23.47,140275
2021-09-16T04:00:00Z,22.06,22.65,21.04,21.38,70234
2021-09-15T04:00:00Z,22.52,23.14,21.52,21.76,114907
2021-09-14T04:00:00Z,21.94,23.63,21.83,22.81,92621
2021-09-13T04:00:00Z,22.305,24.17,22.2,22.625,85436
2021-09-10T04:00:00Z,21.38,24.01,21.15,23.95,111749
2021-09-09T04:00:00Z,22.05,22.685,21.17,22.685,140164
2021-09-08T04:00:00Z,22.64,23.04,21.795,21.88,143708
2021-09-07T04:00:00Z,21.42,22.2,21.32,21.84,84162
2021-09-03T04:00:00Z,21.42,21.77,20.88,21.25,47148
2021-09-02T04:00:00Z,20.655,21.54,20.62,20.915,54481
2021-09-01T04:00:00Z,21.605,21.93,20.77,21.02,80238
2021-08-31T04:00:00Z,22.28,22.46,21.805,21.84,70259
2021-08-30T04:00:00Z,21.93,22.37,21.75,22.005,53311
2021-08-27T04:00:00Z,23.44,23.44,22.065,22.28,77321
2021-08-26T04:00:00Z,23.23,24.595,22.9,24.17,93453
2021-08-25T04:00:00Z,23.45,23.45,22.6,22.72,72142
2021-08-24T04:00:00Z,23.43,23.71,23.25,23.52,38581
2021-08-23T04:00:00Z,23.82,23.82,23.005,23.655,35695
2021-08-20T04:00:00Z,27.39,27.41,24.56,24.85,79465
2021-08-19T04:00:00Z,28.64,29.185,26.65,28.005,211038
2021-08-18T04:00:00Z,24.73,27.05,24.25,26.84,98299
2021-08-17T04:00:00Z,24.21,26.02,23.69,24.18,124062
2021-08-16T04:00:00Z,23.96,24.61,23.17,23.17,82967
2021-08-13T04:00:00Z,22.5,23.19,22.39,22.94,115253
2021-08-12T04:00:00Z,23.81,23.985,22.61,22.92,124406
2021-08-11T04:00:00Z,24.39,24.72,23.59,23.59,135939
2021-08-10T04:00:00Z,24.94,25.235,24.34,24.68,92030
2021-08-09T04:00:00Z,25.815,26.08,25.07,25.44,68431
2021-08-06T04:00:00Z,26.52,26.65,25.76,25.77,84720
2021-08-05T04:00:00Z,27.37,27.37,26.8,26.81,74955
2021-08-04T04:00:00Z,28.68,28.75,27.42,27.8,51098
2021-08-03T04:00:00Z,29.39,30.58,27.875,27.92,90585
2021-08-02T04:00:00Z,28.05,30.36,27.915,30.17,50700
2021-07-30T04:00:00Z,28.9,28.9,27.59,28.61,37346
2021-07-29T04:00:00Z,27.88,27.91,27.215,27.44,62149
2021-07-28T04:00:00Z,28.87,30.04,27.56,28.385,31277
2021-07-27T04:00:00Z,29.22,31.55,29.22,29.33,60230
2021-07-26T04:00:00Z,29.24,29.67,28.25,28.4,31531
2021-07-23T04:00:00Z,28,28.8,27.84,28.58,40121
2021-07-22T04:00:00Z,28.22,29.52,27.84,29.02,50651
2021-07-21T04:00:00Z,29.96,30.18,28.06,28.115,52360
2021-07-20T04:00:00Z,35.16,36.04,30.44,30.92,90479
2021-07-19T04:00:00Z,31.85,38.67,31.53,35.9,191591
2021-07-16T04:00:00Z,26.68,29.42,26.505,29.35,141859
2021-07-15T04:00:00Z,27.95,28.58,27.41,27.59,117105
2021-07-14T04:00:00Z,26.995,28.53,26.715,27.035,97722
2021-07-13T04:00:00Z,27.62,28.155,26.69,28.065,96995
2021-07-12T04:00:00Z,27.9,28.03,27.24,27.555,26113
2021-07-09T04:00:00Z,29.62,29.66,27.595,27.82,30594
2021-07-08T04:00:00Z,31.9,32.21,30.17,30.87,92744
2021-07-07T04:00:00Z,27.61,29.48,27.61,28.2,61522
2021-07-06T04:00:00Z,26.79,29.28,26.78,28.085,60234
2021-07-02T04:00:00Z,26.21,27.37,25.98,27.11,33543
2021-07-01T04:00:00Z,27.4,27.8,27.165,27.21,24295
2021-06-30T04:00:00Z,28.56,28.83,27.59,27.91,20786
2021-06-29T04:00:00Z,27.17,28.46,27.155,28.36,30003
2021-06-28T04:00:00Z,27.3,28.17,27.09,27.46,58129
2021-06-25T04:00:00Z,28.07,28.41,27.54,27.54,27509
2021-06-24T04:00:00Z,27.99,28.42,27.94,28.38,55266
2021-06-23T04:00:00Z,29.31,29.52,28.7,29.12,85731
2021-06-22T04:00:00Z,32.73,32.99,30.04,30.04,68502
2021-06-21T04:00:00Z,33.96,35.47,31.69,32.46,59675
2021-06-18T04:00:00Z,33.59,36.08,32.64,36.08,134273
2021-06-17T04:00:00Z,32.01,32.59,30.01,31.61,76957
2021-06-16T04:00:00Z,30.87,33.15,30.06,32.09,93608
2021-06-15T04:00:00Z,30.89,31.84,30.565,31.84,49080
2021-06-14T04:00:00Z,29.99,31.32,29.87,30.35,30963
2021-06-11T04:00:00Z,30.495,30.52,29.75,30.08,60090
2021-06-10T04:00:00Z,33.095,33.27,31.35,31.51,72531
2021-06-09T04:00:00Z,33.15,34.74,33.08,34.41,103153
2021-06-08T04:00:00Z,32.73,34.65,32.71,33.66,42949
2021-06-07T04:00:00Z,34.03,34.34,33.06,33.06,26594
2021-06-04T04:00:00Z,35.14,35.15,33.81,34.03,65129
2021-06-03T04:00:00Z,37.55,38.37,36.18,37.02,47209
2021-06-02T04:00:00Z,36.83,37,35.19,36,211399
2021-06-01T04:00:00Z,34.715,37.38,34.61,37.38,39001
2021-05-28T04:00:00Z,34.68,36.15,34.52,36.11,30987
2021-05-27T04:00:00Z,37.32,37.4,34.95,35.09,17326
2021-05-26T04:00:00Z,39.95,40.2,37.83,37.83,172340
2021-05-25T04:00:00Z,4.075,4.2,4.045,4.1,1361117
2021-05-24T04:00:00Z,4.25,4.27,4.03,4.09,543426
2021-05-21T04:00:00Z,4.375,4.48,4.29,4.41,919987
2021-05-20T04:00:00Z,4.665,4.785,4.42,4.48,694886
2021-05-19T04:00:00Z,5.06,5.55,4.84,4.865,1269202
2021-05-18T04:00:00Z,4.37,4.59,4.23,4.58,666536
2021-05-17T04:00:00Z,4.41,4.71,4.28,4.48,645986
2021-05-14T04:00:00Z,4.76,4.76,4.21,4.26,1775001
2021-05-13T04:00:00Z,5.53,5.53,5,5.17,1415654
2021-05-12T04:00:00Z,5.08,6.305,5.06,5.975,1290262
2021-05-11T04:00:00Z,4.69,4.945,4.48,4.8,930236
2021-05-10T04:00:00Z,4.05,4.32,3.935,4.32,869556
2021-05-07T04:00:00Z,4.425,4.425,4.025,4.03,770863
2021-05-06T04:00:00Z,4.495,4.745,4.41,4.415,500871
2021-05-05T04:00:00Z,4.515,4.67,4.34,4.465,565067
2021-05-04T04:00:00Z,4.56,5,4.52,4.64,808006
2021-05-03T04:00:00Z,4.47,4.52,4.38,4.38,250775
2021-04-30T04:00:00Z,4.5,4.69,4.43,4.62,443053
2021-04-29T04:00:00Z,4.28,4.63,4.27,4.38,692519
2021-04-28T04:00:00Z,4.41,4.495,4.35,4.415,437826
2021-04-27T04:00:00Z,4.525,4.62,4.415,4.44,280504
2021-04-26T04:00:00Z,4.585,4.68,4.545,4.585,530505
2021-04-23T04:00:00Z,4.83,4.89,4.49,4.65,647652
2021-04-22T04:00:00Z,4.51,5.05,4.46,4.91,1022457
2021-04-21T04:00:00Z,4.91,5.02,4.47,4.49,640719
2021-04-20T04:00:00Z,4.83,5.14,4.78,4.885,866824
2021-04-19T04:00:00Z,4.54,4.925,4.53,4.73,525571
2021-04-16T04:00:00Z,4.61,4.645,4.455,4.5,347034
2021-04-15T04:00:00Z,4.65,4.7,4.57,4.61,296068
2021-04-14T04:00:00Z,4.74,4.86,4.66,4.84,359288
2021-04-13T04:00:00Z,4.74,4.77,4.64,4.675,302318
2021-04-12T04:00:00Z,4.915,5.04,4.76,4.76,371754
2021-04-09T04:00:00Z,4.935,4.96,4.74,4.845,360212
2021-04-08T04:00:00Z,4.85,4.93,4.79,4.86,353414
2021-04-07T04:00:00Z,5.18,5.19,4.95,4.99,447076
2021-04-06T04:00:00Z,5.16,5.22,5.04,5.17,312162
2021-04-05T04:00:00Z,5.13,5.26,5.1,5.16,350522
2021-04-01T04:00:00Z,5.55,5.55,5.32,5.37,505753
2021-03-31T04:00:00Z,5.595,5.81,5.49,5.62,390477
2021-03-30T04:00:00Z,6.08,6.205,5.71,5.71,322855
2021-03-29T04:00:00Z,6.11,6.36,6.015,6.11,440155
2021-03-26T04:00:00Z,6.1,6.46,5.79,5.9,838351
2021-03-25T04:00:00Z,6.65,7.11,6.225,6.27,748479
2021-03-24T04:00:00Z,6.27,6.565,6.1,6.54,522980
2021-03-23T04:00:00Z,6.115,6.655,6.09,6.475,603522
2021-03-22T04:00:00Z,6.575,6.635,5.995,6.06,407270
2021-03-19T04:00:00Z,7.06,7.34,6.67,6.705,532258
2021-03-18T04:00:00Z,6.76,7.22,6.6,7.13,792270
2021-03-17T04:00:00Z,7.215,7.215,6.58,6.58,511941
2021-03-16T04:00:00Z,7.03,7.07,6.74,7.07,545487
2021-03-15T04:00:00Z,7.69,7.75,7.025,7.04,443533
2021-03-12T05:00:00Z,8.16,8.185,7.715,7.72,327397
2021-03-11T05:00:00Z,8.05,8.065,7.85,7.935,323152
2021-03-10T05:00:00Z,8.065,8.325,8.06,8.245,326082
2021-03-09T05:00:00Z,8.54,8.605,8.25,8.375,372363
2021-03-08T05:00:00Z,8.725,9.035,8.47,8.905,340682
2021-03-05T05:00:00Z,9.17,10.15,8.675,8.71,649300
2021-03-04T05:00:00Z,8.995,10.34,8.715,9.78,778247
2021-03-03T05:00:00Z,8.48,9.16,8.415,9.15,522957
2021-03-02T05:00:00Z,8.5,8.66,8.35,8.61,323639
2021-03-01T05:00:00Z,8.63,8.655,8.33,8.54,400561
2021-02-26T05:00:00Z,9.63,10.7,9.225,9.465,851184
2021-02-25T05:00:00Z,8.51,10.59,8.33,10.22,1512178
2021-02-24T05:00:00Z,9.135,9.26,8.245,8.25,509341
2021-02-23T05:00:00Z,9.465,10.11,8.78,8.79,573063
2021-02-22T05:00:00Z,9.235,9.36,8.865,9.345,441122
2021-02-19T05:00:00Z,9.21,9.22,8.67,8.805,627653
2021-02-18T05:00:00Z,9.655,9.815,9.19,9.33,566640
2021-02-17T05:00:00Z,9.8,10.01,9.22,9.25,638620
2021-02-16T05:00:00Z,9.47,9.705,9.275,9.52,515286
2021-02-12T05:00:00Z,10.04,10.04,9.375,9.42,591391
2021-02-11T05:00:00Z,10.07,10.585,9.905,9.91,470403
2021-02-10T05:00:00Z,9.92,10.68,9.885,10.25,822622
2021-02-09T05:00:00Z,10.15,10.24,9.825,9.99,349960
2021-02-08T05:00:00Z,9.995,10.215,9.975,9.975,368053
2021-02-05T05:00:00Z,10.1,10.38,10.055,10.06,345010
2021-02-04T05:00:00Z,10.455,10.46,10.125,10.125,555561
2021-02-03T05:00:00Z,11.28,11.59,10.8,10.825,244656
2021-02-02T05:00:00Z,12.41,12.47,11.53,11.7,256897
2021-02-01T05:00:00Z,13.635,14.85,13.155,13.285,283337
2021-01-29T05:00:00Z,13.94,15.295,12.805,14.61,816811
2021-01-28T05:00:00Z,12.98,13.855,12.4,13.32,429576
2021-01-27T05:00:00Z,11.43,14.115,11.43,13.93,755223
2021-01-26T05:00:00Z,10.51,10.68,10.265,10.555,247954
2021-01-25T05:00:00Z,10.37,11.48,10.29,10.84,413409
2021-01-22T05:00:00Z,10.33,10.455,10.04,10.2,213282
2021-01-21T05:00:00Z,10.13,10.385,10.005,10.03,202184
2021-01-20T05:00:00Z,10.23,10.45,10.06,10.15,157996
2021-01-19T05:00:00Z,10.47,10.725,10.345,10.445,127129
2021-01-15T05:00:00Z,10.59,11.26,10.5,10.9,267754
2021-01-14T05:00:00Z,10.18,10.57,10,10.5,186016
2021-01-13T05:00:00Z,10.56,10.64,10.18,10.27,197248
2021-01-12T05:00:00Z,10.71,11.22,10.515,10.555,150963
2021-01-11T05:00:00Z,10.685,11.17,10.545,11.07,129415
2021-01-08T05:00:00Z,10.27,10.735,10.11,10.2,134509
2021-01-07T05:00:00Z,10.615,10.695,10.35,10.35,113542
2021-01-06T05:00:00Z,11.315,11.78,10.385,11.37,289024
2021-01-05T05:00:00Z,12.47,12.47,11.315,11.465,177872
2021-01-04T05:00:00Z,10.645,12.565,10.645,12.06,407493
2020-12-31T05:00:00Z,10.65,10.91,10.35,10.57,89725
2020-12-30T05:00:00Z,11.16,11.27,10.625,10.69,64407
2020-12-29T05:00:00Z,10.63,11.575,10.63,11.33,125870
2020-12-28T05:00:00Z,10.55,10.705,10.465,10.7,59129
2020-12-24T05:00:00Z,11,11.005,10.775,10.8,57276
2020-12-23T05:00:00Z,11.55,11.625,10.935,11.155,107993
2020-12-22T05:00:00Z,12.155,12.335,11.9,12.035,74031
2020-12-21T05:00:00Z,12.68,13.25,11.95,12.375,268188
2020-12-18T05:00:00Z,11.01,11.44,10.995,11.01,150068
2020-12-17T05:00:00Z,10.935,11.015,10.555,10.68,61111
2020-12-16T05:00:00Z,11.4,11.595,10.97,10.97,69564
2020-12-15T05:00:00Z,11.905,12.115,11.48,11.48,55453
2020-12-14T05:00:00Z,11.2,12.32,11.18,12.32,87765
2020-12-11T05:00:00Z,11.68,12.355,11.53,11.925,107120
2020-12-10T05:00:00Z,11.26,11.395,10.855,11.195,92365
2020-12-09T05:00:00Z,10.4,11.275,10.265,10.94,157689
2020-12-08T05:00:00Z,11.195,11.22,10.57,10.57,87334
2020-12-07T05:00:00Z,11.25,11.315,11.075,11.115,42173
2020-12-04T05:00:00Z,11.12,11.12,10.905,11.015,270592
2020-12-03T05:00:00Z,11.005,11.495,10.99,11.325,43554
2020-12-02T05:00:00Z,11.31,11.32,10.845,11.225,60560
2020-12-01T05:00:00Z,11.005,11.335,10.875,11.295,64693
2020-11-30T05:00:00Z,11.525,12.1,11.195,11.265,66626
2020-11-27T05:00:00Z,11.155,11.56,11.06,11.395,27456
2020-11-25T05:00:00Z,12.04,12.235,11.41,11.425,91975
2020-11-24T05:00:00Z,11.905,12.28,11.905,11.975,47765
2020-11-23T05:00:00Z,12.325,12.655,12.12,12.315,96752
2020-11-20T05:00:00Z,12.455,12.58,12.205,12.545,97742
2020-11-19T05:00:00Z,12.935,12.955,12.315,12.595,50010
2020-11-18T05:00:00Z,12.135,12.94,11.895,12.895,59951
2020-11-17T05:00:00Z,12.865,13,12.245,12.305,42878
2020-11-16T05:00:00Z,12.8,13.195,12.545,12.605,88968
2020-11-13T05:00:00Z,13.63,13.63,12.735,13.015,90699
2020-11-12T05:00:00Z,13.285,14.805,13.095,14.325,77002
2020-11-11T05:00:00Z,13.205,13.415,12.66,13.015,101950
2020-11-10T05:00:00Z,13.615,14.375,13.465,13.605,198222
2020-11-09T05:00:00Z,13.155,14.065,12.205,14.065,141729
2020-11-06T05:00:00Z,16.03,16.055,14.645,14.69,89839
2020-11-05T05:00:00Z,15.995,16.475,15.66,16.235,43987
2020-11-04T05:00:00Z,18,18.02,16.51,16.755,130108
2020-11-03T05:00:00Z,20.045,20.115,18.825,19.175,49028
2020-11-02T05:00:00Z,20.105,21.08,20.105,20.965,52999
2020-10-30T04:00:00Z,21.005,22.19,20.795,21.67,34448
2020-10-29T04:00:00Z,22.54,23.12,19.7,19.79,58131
2020-10-28T04:00:00Z,21.33,23.19,20.875,23.07,116052
2020-10-27T04:00:00Z,19.025,19.51,18.475,19.06,46259
2020-10-26T04:00:00Z,17.225,19.395,17.055,18.895,108747
2020-10-23T04:00:00Z,16.75,17.23,16.56,16.695,14534
2020-10-22T04:00:00Z,17.14,17.41,16.495,16.675,26322
2020-10-21T04:00:00Z,17.655,18.115,17.135,17.245,71024
2020-10-20T04:00:00Z,17.86,18.055,17.525,17.895,14298
2020-10-19T04:00:00Z,16.675,18.065,16.675,18.045,17405
2020-10-16T04:00:00Z,16.62,16.785,16.29,16.785,15327
2020-10-15T04:00:00Z,17.525,17.57,16.595,16.65,17506
2020-10-14T04:00:00Z,16.47,16.785,16.085,16.465,21772
2020-10-13T04:00:00Z,16.715,17.115,16.535,16.58,9726
2020-10-12T04:00:00Z,16.375,16.83,16.315,16.405,14172
2020-10-09T04:00:00Z,17.425,17.445,16.865,16.895,30735
2020-10-08T04:00:00Z,19.215,19.285,18.265,18.365,37888
2020-10-07T04:00:00Z,19.88,19.96,19.28,19.455,23975
2020-10-06T04:00:00Z,19.78,20.675,19.25,20.505,26725
2020-10-05T04:00:00Z,21.005,21.005,19.8,20.035,11019
2020-10-02T04:00:00Z,21.67,21.755,20.49,20.97,19458
2020-10-01T04:00:00Z,19.85,20.5,19.745,20.105,13636
2020-09-30T04:00:00Z,19.605,20.235,19.285,19.915,24125
2020-09-29T04:00:00Z,20.335,20.515,19.605,19.975,18934
2020-09-28T04:00:00Z,20.585,20.79,20.49,20.675,7466
2020-09-25T04:00:00Z,21.54,21.79,20.585,20.755,13517
2020-09-24T04:00:00Z,22.18,22.42,21.1,21.65,33474
2020-09-23T04:00:00Z,20.345,22.17,20.345,22.17,15644
2020-09-22T04:00:00Z,20.475,21.205,20.305,20.45,7408
2020-09-21T04:00:00Z,20.595,22.03,20.175,20.335,40973
2020-09-18T04:00:00Z,19.12,20.055,18.58,19.37,188788
2020-09-17T04:00:00Z,20.55,20.55,19.295,19.4,29660
2020-09-16T04:00:00Z,19.835,20.07,19.32,20.07,45105
2020-09-15T04:00:00Z,19.91,20.62,19.835,20.235,27099
2020-09-14T04:00:00Z,20.545,20.655,19.82,20.2,28016
2020-09-11T04:00:00Z,21.89,22.48,20.775,20.775,47731
2020-09-10T04:00:00Z,22.11,23.38,21.88,22.6,63297
2020-09-09T04:00:00Z,23.34,23.64,21.885,22.28,29780
2020-09-08T04:00:00Z,28.31,28.38,24.295,24.38,50049
2020-09-04T04:00:00Z,27.92,32.05,24.8,25.25,100387
2020-09-03T04:00:00Z,24.52,30.06,23.245,28.795,94202
2020-09-02T04:00:00Z,23.165,24.37,23.02,24.1,18949
2020-09-01T04:00:00Z,23.01,23.42,22.43,23.275,20537
2020-08-31T04:00:00Z,22.105,22.865,21.295,22.48,28808
2020-08-28T04:00:00Z,21.575,22.94,20.64,21.07,46657
2020-08-27T04:00:00Z,19.955,23.64,19.755,21.15,51019
2020-08-26T04:00:00Z,19.415,20.455,18.775,20.315,51139
2020-08-25T04:00:00Z,19.915,20.77,19.46,19.615,35573
2020-08-24T04:00:00Z,19.125,20.1,19.125,19.955,24267
2020-08-21T04:00:00Z,20.245,20.395,19.795,19.905,29964
2020-08-20T04:00:00Z,21.325,21.325,19.675,19.795,37410
2020-08-19T04:00:00Z,19.48,20.23,19.195,20.205,19254
2020-08-18T04:00:00Z,19.5,20.05,19.39,19.485,12045
2020-08-17T04:00:00Z,20.27,20.41,19.82,19.905,23825
2020-08-14T04:00:00Z,21.2,21.575,20.855,21.065,17165
2020-08-13T04:00:00Z,21.025,21.43,20.325,21,13692
2020-08-12T04:00:00Z,21.64,21.655,20.88,21.135,52468
2020-08-11T04:00:00Z,20.65,23.1,20.53,22.895,23289
2020-08-10T04:00:00Z,21.89,22.265,21.32,21.43,22401
2020-08-07T04:00:00Z,23.08,23.1,22.105,22.455,25526
2020-08-06T04:00:00Z,23.125,23.275,22.59,22.715,12460
2020-08-05T04:00:00Z,23.29,23.625,22.935,23.02,10229
2020-08-04T04:00:00Z,24.5,24.5,23.695,23.715,10525
2020-08-03T04:00:00Z,25.05,25.18,24.455,24.93,25991
2020-07-31T04:00:00Z,25.165,26.83,25,25,44755
2020-07-30T04:00:00Z,26.84,28.525,25.62,26.07,28389
2020-07-29T04:00:00Z,25.6,25.635,24.865,24.87,12229
2020-07-28T04:00:00Z,25.785,26.33,24.615,25.95,36523
2020-07-27T04:00:00Z,26.66,27.225,25.96,25.97,228960
