2024-06-14T04:00:00Z,3.94,4.445,3.94,4.335,51363
2024-06-13T04:00:00Z,3.8,4.075,3.8,3.94,3534
2024-06-12T04:00:00Z,3.92,3.945,3.735,3.75,4479
2024-06-11T04:00:00Z,3.91,3.955,3.81,3.905,10979
2024-06-10T04:00:00Z,4.19,4.21,3.925,3.97,10307
2024-06-07T04:00:00Z,4.3,4.41,4.3,4.375,2515
2024-06-06T04:00:00Z,4.38,4.58,4.38,4.545,11101
2024-06-05T04:00:00Z,4.53,4.53,4.255,4.47,10418
2024-06-04T04:00:00Z,4.79,4.84,4.57,4.59,15804
2024-06-03T04:00:00Z,4.9,5.03,4.835,4.87,12588
2024-05-31T04:00:00Z,4.83,5.16,4.76,4.89,10701
2024-05-30T04:00:00Z,4.865,5.03,4.84,4.86,12118
2024-05-29T04:00:00Z,4.79,4.87,4.68,4.81,17897
2024-05-28T04:00:00Z,4.8,5.235,4.71,4.925,16336
2024-05-24T04:00:00Z,4.72,5.2,4.72,4.905,18842
2024-05-23T04:00:00Z,4.69,4.995,4.53,4.69,16877
2024-05-22T04:00:00Z,4.96,4.97,4.39,4.655,15521
2024-05-21T04:00:00Z,5.65,5.98,4.95,5.125,59966
2024-05-20T04:00:00Z,4.84,6.42,4.77,6.32,85384
2024-05-17T04:00:00Z,4.29,4.86,4.26,4.86,19225
2024-05-16T04:00:00Z,4.26,4.87,4.26,4.41,34380
2024-05-15T04:00:00Z,4.29,4.29,4.005,4.23,14297
2024-05-14T04:00:00Z,4.84,4.98,4,4.105,77197
2024-05-13T04:00:00Z,3.09,4.63,3.09,4.56,256167
2024-05-10T04:00:00Z,3.07,3.07,2.98,3.005,34195
2024-05-09T04:00:00Z,2.94,3.18,2.94,3.03,15970
2024-05-08T04:00:00Z,2.935,2.96,2.86,2.9,17032
2024-05-07T04:00:00Z,3.06,3.15,2.97,3.01,9830
2024-05-06T04:00:00Z,2.935,3.18,2.93,3.09,34207
2024-05-03T04:00:00Z,2.91,2.91,2.8,2.88,11932
2024-05-02T04:00:00Z,2.755,2.945,2.68,2.85,19832
2024-05-01T04:00:00Z,2.6,2.76,2.6,2.655,17255
2024-04-30T04:00:00Z,2.68,2.68,2.55,2.57,29749
2024-04-29T04:00:00Z,2.7,2.81,2.68,2.745,25081
2024-04-26T04:00:00Z,2.64,2.81,2.6,2.61,47287
2024-04-25T04:00:00Z,2.45,2.68,2.45,2.68,40926
2024-04-24T04:00:00Z,2.58,2.6,2.45,2.49,38205
2024-04-23T04:00:00Z,2.5,2.69,2.41,2.415,50340
2024-04-22T04:00:00Z,2.46,2.5,2.255,2.43,87429
2024-04-19T04:00:00Z,2.615,2.645,2.435,2.51,94212
2024-04-18T04:00:00Z,2.72,2.795,2.59,2.705,36358
2024-04-17T04:00:00Z,3.05,3.05,2.605,2.72,76587
2024-04-16T04:00:00Z,3.205,3.27,3.065,3.07,14065
2024-04-15T04:00:00Z,3.68,3.69,3.165,3.25,39146
2024-04-12T04:00:00Z,3.905,3.905,3.59,3.6,29629
2024-04-11T04:00:00Z,3.92,4.11,3.875,4.035,13538
2024-04-10T04:00:00Z,3.92,4,3.915,3.94,13044
2024-04-09T04:00:00Z,4.22,4.22,4.075,4.11,10878
2024-04-08T04:00:00Z,4.15,4.23,4.12,4.18,22155
2024-04-05T04:00:00Z,4.35,4.35,3.96,4.16,52563
2024-04-04T04:00:00Z,4.47,4.515,4.36,4.36,38237
2024-04-03T04:00:00Z,4.79,4.79,4.36,4.455,40159
2024-04-02T04:00:00Z,4.74,4.84,4.73,4.84,18262
2024-04-01T04:00:00Z,4.99,4.99,4.755,4.83,23028
2024-03-28T04:00:00Z,4.73,5.035,4.73,4.97,51927
2024-03-27T04:00:00Z,4.7,4.73,4.61,4.73,20811
2024-03-26T04:00:00Z,4.87,4.88,4.67,4.7,20732
2024-03-25T04:00:00Z,5,5.05,4.82,4.83,31712
2024-03-22T04:00:00Z,4.885,4.975,4.885,4.96,17274
2024-03-21T04:00:00Z,4.91,5,4.87,4.995,18180
2024-03-20T04:00:00Z,4.71,4.88,4.69,4.88,16234
2024-03-19T04:00:00Z,4.91,4.91,4.65,4.725,46177
2024-03-18T04:00:00Z,4.995,5.04,4.8,4.945,25239
2024-03-15T04:00:00Z,4.93,5.07,4.93,5.01,34392
2024-03-14T04:00:00Z,4.915,4.92,4.81,4.9,30220
2024-03-13T04:00:00Z,5.025,5.05,4.93,4.98,18874
2024-03-12T04:00:00Z,5.215,5.215,5.03,5.055,31198
2024-03-11T04:00:00Z,5.3,5.3,5.19,5.21,33941
2024-03-08T05:00:00Z,5.385,5.4,5.24,5.26,19460
2024-03-07T05:00:00Z,5.155,5.265,5.14,5.265,12586
2024-03-06T05:00:00Z,5.305,5.305,5.175,5.205,25209
2024-03-05T05:00:00Z,5.23,5.355,5.23,5.31,44720
2024-03-04T05:00:00Z,5.785,5.785,5.2,5.29,56848
2024-03-01T05:00:00Z,5.98,5.98,5.72,5.78,17365
2024-02-29T05:00:00Z,5.985,6.175,5.95,5.96,21720
2024-02-28T05:00:00Z,5.65,5.925,5.5,5.845,21193
2024-02-27T05:00:00Z,5.2,5.675,5.2,5.575,29004
2024-02-26T05:00:00Z,5.12,5.215,4.95,5.17,41622
2024-02-23T05:00:00Z,5.07,5.15,4.94,5.065,13664
2024-02-22T05:00:00Z,5.19,5.32,5.015,5.08,20247
2024-02-21T05:00:00Z,5.25,5.335,5.24,5.27,11795
2024-02-20T05:00:00Z,5.35,5.35,5.15,5.205,32555
2024-02-16T05:00:00Z,5.49,5.54,5.39,5.46,18676
2024-02-15T05:00:00Z,5.26,5.465,5.26,5.44,15335
2024-02-14T05:00:00Z,5.21,5.215,4.905,5.215,14492
2024-02-13T05:00:00Z,5.15,5.18,5.09,5.13,15560
2024-02-12T05:00:00Z,5.3,5.435,5.245,5.36,15353
2024-02-09T05:00:00Z,5.27,5.285,5.21,5.24,10088
2024-02-08T05:00:00Z,5.33,5.35,5.28,5.33,7912
2024-02-07T05:00:00Z,5.33,5.42,5.3,5.355,10636
2024-02-06T05:00:00Z,5.255,5.39,5.245,5.39,32959
2024-02-05T05:00:00Z,5.595,5.595,5.23,5.29,31006
2024-02-02T05:00:00Z,5.88,5.88,5.57,5.74,21764
2024-02-01T05:00:00Z,6.04,6.04,5.9,5.93,23469
2024-01-31T05:00:00Z,6,6.25,5.975,5.975,20092
2024-01-30T05:00:00Z,6.075,6.11,5.965,6.01,10136
2024-01-29T05:00:00Z,5.84,6.09,5.81,6.09,15280
2024-01-26T05:00:00Z,6.07,6.1,5.935,5.94,14894
2024-01-25T05:00:00Z,5.945,6.15,5.945,6.11,33348
2024-01-24T05:00:00Z,6.19,6.19,5.905,5.91,14725
2024-01-23T05:00:00Z,6.29,6.345,6.1,6.14,16128
2024-01-22T05:00:00Z,5.84,6.2,5.76,6.16,24413
2024-01-19T05:00:00Z,5.58,6.205,5.53,5.99,26601
2024-01-18T05:00:00Z,5.82,5.85,5.5,5.65,23914
2024-01-17T05:00:00Z,5.92,5.925,5.59,5.77,18451
2024-01-16T05:00:00Z,6.36,6.36,5.925,6.03,26648
2024-01-12T05:00:00Z,6.78,6.93,6.55,6.59,19652
2024-01-11T05:00:00Z,6.77,6.92,6.58,6.77,17045
2024-01-10T05:00:00Z,6.68,6.735,6.435,6.73,31415
2024-01-09T05:00:00Z,6.66,6.855,6.45,6.65,26313
2024-01-08T05:00:00Z,7.16,7.16,6.755,6.8,54135
2024-01-05T05:00:00Z,6.94,7.06,6.9,7.03,30837
2024-01-04T05:00:00Z,7.11,7.11,6.91,7.08,31808
2024-01-03T05:00:00Z,7.095,7.19,6.85,7.13,39113
2024-01-02T05:00:00Z,7.88,7.88,7.045,7.06,62089
2023-12-29T05:00:00Z,8.52,8.52,8.085,8.36,24025
2023-12-28T05:00:00Z,8.44,8.73,8.4,8.63,19683
2023-12-27T05:00:00Z,8.15,8.53,8.15,8.48,21944
2023-12-26T05:00:00Z,8.01,8.515,8.01,8.37,27197
2023-12-22T05:00:00Z,8.095,8.24,7.905,7.975,20414
2023-12-21T05:00:00Z,8.245,8.245,7.78,8.09,15234
2023-12-20T05:00:00Z,7.885,8.72,7.86,7.91,22579
2023-12-19T05:00:00Z,7.745,8,7.59,7.99,5732
2023-12-18T05:00:00Z,7.715,7.77,7.45,7.605,9868
2023-12-15T05:00:00Z,6.995,7.79,6.84,7.79,40205
2023-12-14T05:00:00Z,6.92,6.94,6.74,6.91,10467
2023-12-13T05:00:00Z,6.45,6.84,6.41,6.8,11021
2023-12-12T05:00:00Z,6.62,6.62,6.38,6.505,8567
2023-12-11T05:00:00Z,7,7.01,6.605,6.715,21223
2023-12-08T05:00:00Z,6.71,6.92,6.7,6.85,31541
2023-12-07T05:00:00Z,6.95,6.97,6.78,6.825,9610
2023-12-06T05:00:00Z,6.885,7.34,6.885,7.015,14932
2023-12-05T05:00:00Z,7.2,7.27,6.8,6.83,24687
2023-12-04T05:00:00Z,7.9,7.9,6.97,7.07,47532
2023-12-01T05:00:00Z,8,8.11,7.635,7.845,22989
2023-11-30T05:00:00Z,8.5,9.27,8.285,8.43,323316
2023-11-29T05:00:00Z,7.03,7.57,7.03,7.555,33235
2023-11-28T05:00:00Z,6.59,7.13,6.59,7.005,42568
2023-11-27T05:00:00Z,6.35,6.82,6.11,6.635,23799
2023-11-24T05:00:00Z,6.27,6.705,6.23,6.605,27687
2023-11-22T05:00:00Z,6.46,6.54,6.16,6.2,29410
2023-11-21T05:00:00Z,5.69,6.31,5.58,6.01,43719
2023-11-20T05:00:00Z,5.36,5.46,5.335,5.355,27748
2023-11-17T05:00:00Z,5.59,5.59,5.32,5.44,46711
2023-11-16T05:00:00Z,6.025,6.025,5.62,5.765,16754
2023-11-15T05:00:00Z,6.205,6.36,6,6.175,21934
2023-11-14T05:00:00Z,6.065,6.21,5.95,6.185,29374
2023-11-13T05:00:00Z,6.055,6.055,5.76,5.89,36062
2023-11-10T05:00:00Z,6.54,6.565,5.81,6.08,41567
2023-11-09T05:00:00Z,7.08,7.08,6.3,6.48,24618
2023-11-08T05:00:00Z,6.34,7.2,6.34,7.2,35086
2023-11-07T05:00:00Z,5.92,6.305,5.89,6.165,15191
2023-11-06T05:00:00Z,6.14,6.225,5.685,6.12,49242
2023-11-03T04:00:00Z,5.79,5.96,5.675,5.925,67123
2023-11-02T04:00:00Z,5.475,5.63,5.315,5.59,13689
2023-11-01T04:00:00Z,5.26,5.43,5.015,5.38,38137
2023-10-31T04:00:00Z,5.53,5.53,5.365,5.455,6278
2023-10-30T04:00:00Z,5.31,5.355,5.24,5.345,4924
2023-10-27T04:00:00Z,5.65,5.71,5.24,5.32,21354
2023-10-26T04:00:00Z,5.1,5.62,4.975,5.51,32789
2023-10-25T04:00:00Z,4.765,5.425,4.59,5.23,76366
2023-10-24T04:00:00Z,4.735,4.93,4.65,4.93,49159
2023-10-23T04:00:00Z,5.04,5.07,4.66,4.775,116631
2023-10-20T04:00:00Z,5.6,5.65,5.29,5.38,90005
2023-10-19T04:00:00Z,5.99,6.08,5.62,5.67,29825
2023-10-18T04:00:00Z,6.14,6.24,5.88,5.97,38459
2023-10-17T04:00:00Z,6.32,6.83,6.25,6.325,149571
2023-10-16T04:00:00Z,7.99,8.035,6.32,6.525,110260
2023-10-13T04:00:00Z,8.01,8.43,7.79,7.985,66014
2023-10-12T04:00:00Z,8,8.03,7.64,8.025,32007
2023-10-11T04:00:00Z,7.57,8.2,7.51,8.13,11571
2023-10-10T04:00:00Z,7.28,7.6,7.02,7.49,41875
2023-10-09T04:00:00Z,7.86,7.86,7.24,7.25,40402
2023-10-06T04:00:00Z,8.1,8.265,7.65,8.04,27250
2023-10-05T04:00:00Z,8.92,9.28,8.065,8.53,86526
2023-10-04T04:00:00Z,9.32,9.32,7.99,8.055,105599
2023-10-03T04:00:00Z,9.06,9.61,9.005,9.23,34830
2023-10-02T04:00:00Z,11.08,11.72,9.73,9.8,104948
2023-09-29T04:00:00Z,12.35,13.58,12.1,12.53,53585
2023-09-28T04:00:00Z,10.83,12.81,10.695,12.56,58226
2023-09-27T04:00:00Z,12.67,12.67,11.1,11.22,31633
2023-09-26T04:00:00Z,13.935,13.97,12.81,12.865,31228
2023-09-25T04:00:00Z,14.66,14.75,13.635,14,32959
2023-09-22T04:00:00Z,16.14,16.22,15.07,15.6,75144
2023-09-21T04:00:00Z,16.71,17.01,15.18,15.74,69137
2023-09-20T04:00:00Z,17.67,17.75,17.21,17.275,17388
2023-09-19T04:00:00Z,17.32,18.055,17.19,17.85,19399
2023-09-18T04:00:00Z,17.36,18.4,16.93,17.25,42987
2023-09-15T04:00:00Z,16.89,17.85,16.755,17.52,46270
2023-09-14T04:00:00Z,16.815,17.1,16.635,16.935,13200
2023-09-13T04:00:00Z,17.05,17.39,16.55,17.19,17630
2023-09-12T04:00:00Z,16.48,18.3,15.48,17.24,41596
2023-09-11T04:00:00Z,16.05,16.96,15.425,16.65,57864
2023-09-08T04:00:00Z,19.41,19.41,16.475,17.09,48790
2023-09-07T04:00:00Z,22.12,22.75,17.835,17.995,120504
2023-09-06T04:00:00Z,26.5,27.1,24.505,24.59,86909
2023-09-05T04:00:00Z,27.59,30.53,26.11,26.51,48613
2023-09-01T04:00:00Z,33.65,34.15,26.32,29.39,105063
2023-08-31T04:00:00Z,44.2,44.2,33.635,34.68,164957
2023-08-30T04:00:00Z,52.85,57.45,37.81,41.135,120874
2023-08-29T04:00:00Z,76.48,76.48,46.1,46.1,115881
2023-08-28T04:00:00Z,86.69,93,77.01,82.5,119609
2023-08-25T04:00:00Z,56.29,73.06,55.61,69.28,84819
2023-08-24T04:00:00Z,39.26,57.72,37.42,48.81,92325
2023-08-23T04:00:00Z,29.99,44.865,29.99,37.34,57291
2023-08-22T04:00:00Z,19.31,46.72,19.31,36.975,147463
2023-08-21T04:00:00Z,16.87,18.4,16.005,17.57,15676
2023-08-18T04:00:00Z,18.51,18.51,11.87,15.16,33946
2023-08-17T04:00:00Z,29.25,29.25,20.01,20.155,13788
2023-08-16T04:00:00Z,25.83,30.47,24.55,30.4,29201
2023-08-15T04:00:00Z,20.51,38.49,16.38,37.225,36687
2023-08-14T04:00:00Z,10.4,10.44,9.645,10.38,3451
2023-08-11T04:00:00Z,16.47,17.41,14.505,14.695,3702
2023-08-10T04:00:00Z,10.64,21.63,10.63,17.86,13419
2023-08-09T04:00:00Z,10.59,10.69,10.59,10.645,684
2023-08-08T04:00:00Z,10.43,10.43,10.43,10.43,100
2023-08-07T04:00:00Z,10.27,10.76,10.27,10.63,1120
2023-08-04T04:00:00Z,10.57,10.57,10.49,10.49,880
2023-08-03T04:00:00Z,10.6,10.75,10.5,10.75,2101
2023-08-02T04:00:00Z,11.52,11.56,11.52,11.56,242
2023-08-01T04:00:00Z,12.15,12.27,11.1,11.1,813
2023-07-31T04:00:00Z,11.4,12.605,11.25,12.25,2214
2023-07-28T04:00:00Z,10.32,11.28,10.32,11.28,5442
2023-07-27T04:00:00Z,10.26,10.28,10.26,10.28,654
2023-07-26T04:00:00Z,10.245,10.245,10.245,10.245,0
2023-07-25T04:00:00Z,10.24,10.245,10.24,10.245,4053
2023-07-24T04:00:00Z,10.265,10.265,10.265,10.265,0
2023-07-21T04:00:00Z,10.255,10.27,10.245,10.265,6208
2023-07-20T04:00:00Z,10.29,10.29,10.29,10.29,0
2023-07-19T04:00:00Z,10.29,10.29,10.29,10.29,400
2023-07-18T04:00:00Z,10.29,10.29,10.29,10.29,0
2023-07-17T04:00:00Z,10.29,10.29,10.29,10.29,100
2023-07-14T04:00:00Z,10.3,10.3,10.3,10.3,0
2023-07-13T04:00:00Z,10.3,10.3,10.3,10.3,490
2023-07-12T04:00:00Z,10.32,10.32,10.3,10.3,787
2023-07-11T04:00:00Z,10.22,10.34,10.21,10.33,5614
2023-07-10T04:00:00Z,10.39,10.39,10.14,10.165,1500
2023-07-07T04:00:00Z,10.35,10.35,10.35,10.35,0
2023-07-06T04:00:00Z,10.35,10.35,10.35,10.35,100
2023-07-05T04:00:00Z,10.34,10.34,10.34,10.34,0
2023-07-03T04:00:00Z,10.34,10.34,10.34,10.34,0
2023-06-30T04:00:00Z,10.34,10.34,10.34,10.34,0
2023-06-29T04:00:00Z,10.34,10.34,10.34,10.34,0
2023-06-28T04:00:00Z,10.34,10.34,10.34,10.34,0
2023-06-27T04:00:00Z,10.34,10.34,10.34,10.34,0
2023-06-26T04:00:00Z,10.34,10.34,10.34,10.34,0
2023-06-23T04:00:00Z,10.34,10.34,10.34,10.34,0
2023-06-22T04:00:00Z,10.34,10.34,10.34,10.34,100
2023-06-21T04:00:00Z,10.33,10.33,10.33,10.33,0
2023-06-20T04:00:00Z,10.33,10.33,10.33,10.33,0
2023-06-16T04:00:00Z,10.33,10.33,10.33,10.33,100
2023-06-15T04:00:00Z,10.33,10.33,10.33,10.33,0
2023-06-14T04:00:00Z,10.33,10.33,10.33,10.33,0
2023-06-13T04:00:00Z,10.33,10.33,10.33,10.33,0
2023-06-12T04:00:00Z,10.33,10.33,10.33,10.33,0
2023-06-09T04:00:00Z,10.33,10.33,10.33,10.33,0
2023-06-08T04:00:00Z,10.33,10.33,10.33,10.33,100
2023-06-07T04:00:00Z,10,10,10,10,0
2023-06-06T04:00:00Z,10,10,10,10,0
2023-06-05T04:00:00Z,10,10,10,10,0
2023-06-02T04:00:00Z,10,10,10,10,0
2023-06-01T04:00:00Z,10,10,10,10,0
2023-05-31T04:00:00Z,10,10,10,10,0
2023-05-30T04:00:00Z,10,10,10,10,0
2023-05-26T04:00:00Z,10.3,10.3,10.3,10.3,100
2023-05-25T04:00:00Z,10,10,10,10,0
2023-05-24T04:00:00Z,10,10,10,10,0
2023-05-23T04:00:00Z,10,10,10,10,0
2023-05-22T04:00:00Z,10.31,10.31,10.31,10.31,100
2023-05-19T04:00:00Z,10,10,10,10,0
2023-05-18T04:00:00Z,10.285,10.29,10.285,10.29,18500
2023-05-17T04:00:00Z,10.3,10.3,10.3,10.3,1363
2023-05-16T04:00:00Z,10.3,10.3,10.3,10.3,100
2023-05-15T04:00:00Z,10.35,10.35,10.35,10.35,212
2023-05-12T04:00:00Z,10.38,10.38,10.36,10.37,9737
2023-05-11T04:00:00Z,10,10,10,10,0
2023-05-10T04:00:00Z,10,10,10,10,0
2023-05-09T04:00:00Z,10,10,10,10,0
2023-05-08T04:00:00Z,10,10,10,10,0
2023-05-05T04:00:00Z,10,10,10,10,0
2023-05-04T04:00:00Z,10,10,10,10,0
2023-05-03T04:00:00Z,10,10,10,10,0
2023-05-02T04:00:00Z,10,10,10,10,0
2023-05-01T04:00:00Z,10,10,10,10,0
2023-04-28T04:00:00Z,10,10,10,10,0
2023-04-27T04:00:00Z,10,10,10,10,0
2023-04-26T04:00:00Z,10,10,10,10,0
2023-04-25T04:00:00Z,10.25,10.25,10.25,10.25,1500
2023-04-24T04:00:00Z,10,10,10,10,0
2023-04-21T04:00:00Z,10,10,10,10,0
2023-04-20T04:00:00Z,10,10,10,10,0
2023-04-19T04:00:00Z,10,10,10,10,0
2023-04-18T04:00:00Z,10.24,10.25,10.24,10.25,1100
2023-04-17T04:00:00Z,10,10,10,10,0
2023-04-14T04:00:00Z,10,10,10,10,0
2023-04-13T04:00:00Z,10,10,10,10,0
2023-04-12T04:00:00Z,10,10,10,10,0
2023-04-11T04:00:00Z,10.22,10.22,10.22,10.22,100
2023-04-10T04:00:00Z,10,10,10,10,0
2023-04-06T04:00:00Z,10.22,10.22,10.22,10.22,100
2023-04-05T04:00:00Z,10,10,10,10,0
2023-04-04T04:00:00Z,10,10,10,10,0
2023-04-03T04:00:00Z,10,10,10,10,0
2023-03-31T04:00:00Z,10,10,10,10,0
2023-03-30T04:00:00Z,10.27,10.27,10.27,10.27,100
2023-03-29T04:00:00Z,10,10,10,10,0
2023-03-28T04:00:00Z,10,10,10,10,0
2023-03-27T04:00:00Z,10,10,10,10,0
2023-03-24T04:00:00Z,10,10,10,10,0
2023-03-23T04:00:00Z,10,10,10,10,0
2023-03-22T04:00:00Z,10,10,10,10,0
2023-03-21T04:00:00Z,10.19,10.19,10.19,10.19,300
2023-03-20T04:00:00Z,10,10,10,10,0
2023-03-17T04:00:00Z,10,10,10,10,0
2023-03-16T04:00:00Z,10.18,10.18,10.18,10.18,300
2023-03-15T04:00:00Z,10,10,10,10,0
2023-03-14T04:00:00Z,10,10,10,10,0
2023-03-13T04:00:00Z,10.17,10.17,10.165,10.17,3900
2023-03-10T05:00:00Z,10,10,10,10,0
2023-03-09T05:00:00Z,10,10,10,10,0
2023-03-08T05:00:00Z,10,10,10,10,0
2023-03-07T05:00:00Z,10,10,10,10,0
2023-03-06T05:00:00Z,10,10,10,10,0
2023-03-03T05:00:00Z,10.17,10.17,10.17,10.17,100
2023-03-02T05:00:00Z,10,10,10,10,0
2023-03-01T05:00:00Z,10.17,10.17,10.17,10.17,500
2023-02-28T05:00:00Z,10,10,10,10,0
2023-02-27T05:00:00Z,10,10,10,10,0
2023-02-24T05:00:00Z,10,10,10,10,0
2023-02-23T05:00:00Z,10,10,10,10,0
2023-02-22T05:00:00Z,10,10,10,10,0
2023-02-21T05:00:00Z,10,10,10,10,0
2023-02-17T05:00:00Z,10,10,10,10,0
2023-02-16T05:00:00Z,10,10,10,10,0
2023-02-15T05:00:00Z,10,10,10,10,0
2023-02-14T05:00:00Z,10,10,10,10,0
2023-02-13T05:00:00Z,10,10,10,10,0
2023-02-10T05:00:00Z,10,10,10,10,0
2023-02-09T05:00:00Z,10,10,10,10,0
2023-02-08T05:00:00Z,10,10,10,10,0
2023-02-07T05:00:00Z,10,10,10,10,0
2023-02-06T05:00:00Z,10,10,10,10,0
2023-02-03T05:00:00Z,10,10,10,10,0
2023-02-02T05:00:00Z,10,10,10,10,0
2023-02-01T05:00:00Z,10,10,10,10,0
2023-01-31T05:00:00Z,10,10,10,10,0
2023-01-30T05:00:00Z,10.1,10.1,10.1,10.1,4100
2023-01-27T05:00:00Z,10.1,10.1,10.1,10.1,200
2023-01-26T05:00:00Z,10.08,10.08,10.08,10.08,335
2023-01-25T05:00:00Z,10,10,10,10,0
2023-01-24T05:00:00Z,10,10,10,10,0
2023-01-23T05:00:00Z,10,10,10,10,0
2023-01-20T05:00:00Z,10,10,10,10,0
2023-01-19T05:00:00Z,10,10,10,10,0
2023-01-18T05:00:00Z,10,10,10,10,0
2023-01-17T05:00:00Z,10,10,10,10,0
2023-01-13T05:00:00Z,10.06,10.06,10.06,10.06,100
2023-01-12T05:00:00Z,10.05,10.05,10.05,10.05,3200
2023-01-11T05:00:00Z,10.04,10.05,10.04,10.05,4200
2023-01-10T05:00:00Z,10,10,10,10,0
2023-01-09T05:00:00Z,10,10,10,10,0
2023-01-06T05:00:00Z,10,10,10,10,0
2023-01-05T05:00:00Z,10.03,10.03,10.03,10.03,100
2023-01-04T05:00:00Z,10.025,10.03,10.025,10.03,300
2023-01-03T05:00:00Z,10,10,10,10,0
2022-12-30T05:00:00Z,10,10,10,10,0
2022-12-29T05:00:00Z,10,10,10,10,0
2022-12-28T05:00:00Z,10,10,10,10,0
2022-12-27T05:00:00Z,10,10,10,10,0
2022-12-23T05:00:00Z,10,10,10,10,0
2022-12-22T05:00:00Z,10,10,10,10,0
2022-12-21T05:00:00Z,10,10,10,10,0
2022-12-20T05:00:00Z,10,10,10,10,0
2022-12-19T05:00:00Z,10,10,10,10,0
2022-12-16T05:00:00Z,10,10,10,10,0
2022-12-15T05:00:00Z,10,10,10,10,0
2022-12-14T05:00:00Z,10,10,10,10,200
2022-12-13T05:00:00Z,9.97,9.97,9.97,9.97,0
2022-12-12T05:00:00Z,9.97,9.97,9.97,9.97,0
2022-12-09T05:00:00Z,9.97,9.97,9.97,9.97,6500
2022-12-08T05:00:00Z,9.97,9.97,9.97,9.97,0
2022-12-07T05:00:00Z,9.97,9.97,9.97,9.97,0
2022-12-06T05:00:00Z,9.97,9.97,9.97,9.97,0
2022-12-05T05:00:00Z,9.97,9.97,9.97,9.97,6000
2022-12-02T05:00:00Z,9.92,9.92,9.92,9.92,0
2022-12-01T05:00:00Z,9.92,9.92,9.92,9.92,0
2022-11-30T05:00:00Z,9.92,9.92,9.92,9.92,0
2022-11-29T05:00:00Z,9.92,9.92,9.92,9.92,0
2022-11-28T05:00:00Z,9.92,9.92,9.92,9.92,0
2022-11-25T05:00:00Z,9.92,9.92,9.92,9.92,0
2022-11-23T05:00:00Z,9.92,9.92,9.92,9.92,0
2022-11-22T05:00:00Z,9.92,9.92,9.92,9.92,0
2022-11-21T05:00:00Z,9.92,9.92,9.92,9.92,0
2022-11-18T05:00:00Z,9.92,9.92,9.92,9.92,0
2022-11-17T05:00:00Z,9.92,9.92,9.92,9.92,0
2022-11-16T05:00:00Z,9.92,9.92,9.92,9.92,0
2022-11-15T05:00:00Z,9.92,9.92,9.92,9.92,0
2022-11-14T05:00:00Z,9.92,9.92,9.92,9.92,0
2022-11-11T05:00:00Z,9.92,9.92,9.92,9.92,0
2022-11-10T05:00:00Z,9.92,9.92,9.92,9.92,0
2022-11-09T05:00:00Z,9.92,9.92,9.92,9.92,0
2022-11-08T05:00:00Z,9.92,9.92,9.92,9.92,0
2022-11-07T05:00:00Z,9.92,9.92,9.92,9.92,0
2022-11-04T04:00:00Z,9.92,9.92,9.92,9.92,100
2022-11-03T04:00:00Z,9.9,9.9,9.9,9.9,0
2022-11-02T04:00:00Z,9.9,9.9,9.9,9.9,0
2022-11-01T04:00:00Z,9.9,9.9,9.9,9.9,0
2022-10-31T04:00:00Z,9.9,9.9,9.9,9.9,0
2022-10-28T04:00:00Z,9.9,9.9,9.9,9.9,0
2022-10-27T04:00:00Z,9.9,9.9,9.9,9.9,0
2022-10-26T04:00:00Z,9.9,9.9,9.9,9.9,0
2022-10-25T04:00:00Z,9.9,9.9,9.9,9.9,0
2022-10-24T04:00:00Z,9.87,9.9,9.87,9.9,400
2022-10-21T04:00:00Z,9.86,9.86,9.86,9.86,0
2022-10-20T04:00:00Z,9.86,9.86,9.86,9.86,0
2022-10-19T04:00:00Z,9.86,9.86,9.86,9.86,2408
2022-10-18T04:00:00Z,9.85,9.85,9.85,9.85,0
2022-10-17T04:00:00Z,9.85,9.85,9.85,9.85,0
2022-10-14T04:00:00Z,9.85,9.85,9.85,9.85,2100
2022-10-13T04:00:00Z,9.84,9.84,9.84,9.84,78100
2022-10-12T04:00:00Z,9.84,9.84,9.84,9.84,700
2022-10-11T04:00:00Z,9.85,9.85,9.85,9.85,0
2022-10-10T04:00:00Z,9.85,9.85,9.85,9.85,0
2022-10-07T04:00:00Z,9.85,9.85,9.85,9.85,200
2022-10-06T04:00:00Z,9.79,9.79,9.79,9.79,0
2022-10-05T04:00:00Z,9.79,9.79,9.79,9.79,0
2022-10-04T04:00:00Z,9.79,9.79,9.79,9.79,0
2022-10-03T04:00:00Z,9.79,9.79,9.79,9.79,0
2022-09-30T04:00:00Z,9.79,9.79,9.79,9.79,0
2022-09-29T04:00:00Z,9.79,9.79,9.79,9.79,0
2022-09-28T04:00:00Z,9.79,9.79,9.79,9.79,0
2022-09-27T04:00:00Z,9.79,9.79,9.79,9.79,700
2022-09-26T04:00:00Z,9.8,9.8,9.8,9.8,0
2022-09-23T04:00:00Z,9.8,9.8,9.8,9.8,0
2022-09-22T04:00:00Z,9.8,9.8,9.8,9.8,0
2022-09-21T04:00:00Z,9.8,9.8,9.8,9.8,100
2022-09-20T04:00:00Z,9.77,9.77,9.77,9.77,0
2022-09-19T04:00:00Z,9.77,9.77,9.77,9.77,0
2022-09-16T04:00:00Z,9.77,9.77,9.77,9.77,0
2022-09-15T04:00:00Z,9.77,9.77,9.77,9.77,0
2022-09-14T04:00:00Z,9.77,9.77,9.77,9.77,0
2022-09-13T04:00:00Z,9.77,9.77,9.77,9.77,100
2022-09-12T04:00:00Z,9.71,9.71,9.71,9.71,0
2022-09-09T04:00:00Z,9.71,9.71,9.71,9.71,0
2022-09-08T04:00:00Z,9.71,9.71,9.71,9.71,0
2022-09-07T04:00:00Z,9.71,9.71,9.71,9.71,0
2022-09-06T04:00:00Z,9.71,9.71,9.71,9.71,0
2022-09-02T04:00:00Z,9.71,9.71,9.71,9.71,0
2022-09-01T04:00:00Z,9.71,9.71,9.71,9.71,0
2022-08-31T04:00:00Z,9.71,9.71,9.71,9.71,0
2022-08-30T04:00:00Z,9.71,9.71,9.71,9.71,0
2022-08-29T04:00:00Z,9.71,9.71,9.71,9.71,0
2022-08-26T04:00:00Z,9.71,9.71,9.71,9.71,0
2022-08-25T04:00:00Z,9.71,9.71,9.71,9.71,0
2022-08-24T04:00:00Z,9.71,9.71,9.71,9.71,0
2022-08-23T04:00:00Z,9.71,9.71,9.71,9.71,0
2022-08-22T04:00:00Z,9.71,9.71,9.71,9.71,0
2022-08-19T04:00:00Z,9.71,9.71,9.71,9.71,0
2022-08-18T04:00:00Z,9.71,9.71,9.71,9.71,0
2022-08-17T04:00:00Z,9.71,9.71,9.71,9.71,0
2022-08-16T04:00:00Z,9.71,9.71,9.71,9.71,0
2022-08-15T04:00:00Z,9.71,9.71,9.71,9.71,0
2022-08-12T04:00:00Z,9.71,9.71,9.71,9.71,0
2022-08-11T04:00:00Z,9.71,9.71,9.71,9.71,0
2022-08-10T04:00:00Z,9.71,9.71,9.71,9.71,0
2022-08-09T04:00:00Z,9.71,9.71,9.71,9.71,0
2022-08-08T04:00:00Z,9.71,9.71,9.71,9.71,0
2022-08-05T04:00:00Z,9.71,9.71,9.71,9.71,0
2022-08-04T04:00:00Z,9.71,9.71,9.71,9.71,0
2022-08-03T04:00:00Z,9.71,9.71,9.71,9.71,0
2022-08-02T04:00:00Z,9.71,9.71,9.71,9.71,0
2022-08-01T04:00:00Z,9.71,9.71,9.71,9.71,0
2022-07-29T04:00:00Z,9.71,9.71,9.71,9.71,0
2022-07-28T04:00:00Z,9.71,9.71,9.71,9.71,0
2022-07-27T04:00:00Z,9.71,9.71,9.71,9.71,0
2022-07-26T04:00:00Z,9.71,9.71,9.71,9.71,0
2022-07-25T04:00:00Z,9.71,9.71,9.71,9.71,0
2022-07-22T04:00:00Z,9.71,9.71,9.71,9.71,0
2022-07-21T04:00:00Z,9.71,9.71,9.71,9.71,0
2022-07-20T04:00:00Z,9.71,9.71,9.71,9.71,700
2022-07-19T04:00:00Z,9.71,9.71,9.71,9.71,1000
2022-07-18T04:00:00Z,9.71,9.71,9.71,9.71,0
2022-07-15T04:00:00Z,9.71,9.71,9.71,9.71,0
2022-07-14T04:00:00Z,9.71,9.71,9.71,9.71,0
2022-07-13T04:00:00Z,9.71,9.71,9.71,9.71,0
2022-07-12T04:00:00Z,9.71,9.71,9.71,9.71,2900
2022-07-11T04:00:00Z,9.71,9.71,9.71,9.71,400
2022-07-05T04:00:00Z,9.69,9.69,9.69,9.69,3900
2022-06-01T04:00:00Z,9.67,9.67,9.67,9.67,100
2022-04-26T04:00:00Z,9.74,9.74,9.73,9.74,1727
2022-04-21T04:00:00Z,9.73,9.73,9.73,9.73,270
2022-04-04T04:00:00Z,9.68,9.69,9.68,9.69,5590
2022-03-31T04:00:00Z,9.68,9.68,9.68,9.68,100
2022-03-28T04:00:00Z,9.66,9.68,9.66,9.68,1640
2022-03-25T04:00:00Z,9.66,9.68,9.66,9.68,3500
2022-03-16T04:00:00Z,9.655,9.655,9.655,9.655,365
2022-03-11T05:00:00Z,9.645,9.645,9.645,9.645,2200
2022-03-09T05:00:00Z,9.64,9.64,9.64,9.64,200
2022-03-01T05:00:00Z,9.65,9.65,9.65,9.65,234
2022-02-25T05:00:00Z,9.64,9.64,9.64,9.64,100
2022-02-24T05:00:00Z,9.65,9.65,9.65,9.65,200
2022-02-23T05:00:00Z,9.62,9.62,9.62,9.62,200
2022-02-22T05:00:00Z,9.62,9.62,9.61,9.61,4210
2022-02-18T05:00:00Z,9.61,9.61,9.61,9.61,28199
2022-02-11T05:00:00Z,9.385,9.385,9.385,9.385,1800
2022-02-04T05:00:00Z,9.6,9.6,9.6,9.6,300
2022-01-05T05:00:00Z,9.65,9.675,9.65,9.675,12466
2021-12-23T05:00:00Z,9.69,9.69,9.68,9.68,400
2021-12-15T05:00:00Z,9.68,9.68,9.68,9.68,300
2021-12-09T05:00:00Z,9.68,9.68,9.68,9.68,2200
2021-11-16T05:00:00Z,9.75,9.75,9.75,9.75,200
2021-11-12T05:00:00Z,9.72,9.725,9.72,9.725,200
2021-11-02T04:00:00Z,9.73,9.745,9.73,9.745,400
2021-10-08T04:00:00Z,9.69,9.8,9.69,9.8,3001
2021-10-07T04:00:00Z,9.69,9.69,9.685,9.685,200
2021-10-01T04:00:00Z,9.695,9.695,9.67,9.67,397
2021-09-30T04:00:00Z,9.67,9.67,9.66,9.66,8600
2021-09-29T04:00:00Z,9.67,9.67,9.67,9.67,598
2021-09-28T04:00:00Z,9.65,9.65,9.65,9.65,200
