2024-06-14T04:00:00Z,11.14,11.43,11.06,11.22,347296
2024-06-13T04:00:00Z,10.89,11.17,10.82,10.88,158385
2024-06-12T04:00:00Z,10.86,10.985,10.805,10.91,425022
2024-06-11T04:00:00Z,11.265,11.4,11.08,11.12,121544
2024-06-10T04:00:00Z,11.285,11.33,11.07,11.115,95304
2024-06-07T04:00:00Z,11.23,11.275,11.04,11.115,222548
2024-06-06T04:00:00Z,11.24,11.37,11.19,11.24,158829
2024-06-05T04:00:00Z,11.43,11.605,11.265,11.3,120472
2024-06-04T04:00:00Z,11.655,11.845,11.465,11.515,137719
2024-06-03T04:00:00Z,11.41,11.89,11.365,11.47,169384
2024-05-31T04:00:00Z,11.74,12.2,11.5,11.54,182797
2024-05-30T04:00:00Z,11.96,12.105,11.67,11.88,134131
2024-05-29T04:00:00Z,11.93,12.04,11.74,11.945,148635
2024-05-28T04:00:00Z,11.21,11.67,11.205,11.485,167065
2024-05-24T04:00:00Z,11.52,11.53,11.195,11.225,221158
2024-05-23T04:00:00Z,11.2,11.71,11.15,11.62,324479
2024-05-22T04:00:00Z,11.21,11.55,11.125,11.455,233922
2024-05-21T04:00:00Z,11.41,11.41,11.16,11.2,165025
2024-05-20T04:00:00Z,11.35,11.45,11.255,11.41,133019
2024-05-17T04:00:00Z,11.515,11.54,11.34,11.38,128181
2024-05-16T04:00:00Z,11.54,11.63,11.485,11.5,228446
2024-05-15T04:00:00Z,11.74,11.855,11.525,11.535,232813
2024-05-14T04:00:00Z,12.195,12.27,11.945,11.985,50439
2024-05-13T04:00:00Z,12.06,12.255,12.02,12.195,52740
2024-05-10T04:00:00Z,12.225,12.25,12.045,12.05,169545
2024-05-09T04:00:00Z,12.265,12.41,12.215,12.22,198739
2024-05-08T04:00:00Z,12.4,12.42,12.265,12.285,165860
2024-05-07T04:00:00Z,12.405,12.5,12.385,12.415,224384
2024-05-06T04:00:00Z,12.59,12.61,12.46,12.46,167752
2024-05-03T04:00:00Z,12.77,13.02,12.725,12.775,262978
2024-05-02T04:00:00Z,13.365,13.76,13.18,13.245,92942
2024-05-01T04:00:00Z,13.75,13.85,13.09,13.67,302686
2024-04-30T04:00:00Z,13.27,13.63,13.09,13.62,168894
2024-04-29T04:00:00Z,13.32,13.47,13.11,13.245,137082
2024-04-26T04:00:00Z,13.5,13.6,13.365,13.42,109141
2024-04-25T04:00:00Z,14.365,14.54,13.8,13.88,507802
2024-04-24T04:00:00Z,13.68,13.94,13.55,13.57,429368
2024-04-23T04:00:00Z,13.985,14.03,13.64,13.71,102319
2024-04-22T04:00:00Z,14.88,14.88,14.1,14.295,196772
2024-04-19T04:00:00Z,15.11,15.69,14.83,15.47,478715
2024-04-18T04:00:00Z,14.74,15.27,14.585,15.07,140925
2024-04-17T04:00:00Z,15,15.595,14.7,14.93,234936
2024-04-16T04:00:00Z,15.59,15.63,14.81,15.09,441050
2024-04-15T04:00:00Z,14.32,15.67,14.19,15.59,582440
2024-04-12T04:00:00Z,14.25,15.48,14.24,14.75,1366930
2024-04-11T04:00:00Z,13.91,14.44,13.54,13.61,192412
2024-04-10T04:00:00Z,13.99,14.38,13.8,13.84,853340
2024-04-09T04:00:00Z,13.595,14.2,13.55,13.625,407546
2024-04-08T04:00:00Z,14.01,14.12,13.59,13.71,398660
2024-04-05T04:00:00Z,14.19,14.42,13.79,14.265,774995
2024-04-04T04:00:00Z,13.16,14.4,13.03,14.02,1014559
2024-04-03T04:00:00Z,13.66,13.72,13.22,13.37,230683
2024-04-02T04:00:00Z,13.57,13.95,13.45,13.46,402024
2024-04-01T04:00:00Z,13.05,13.325,12.94,13.1,256904
2024-03-28T04:00:00Z,12.76,12.99,12.735,12.99,178879
2024-03-27T04:00:00Z,12.825,13.07,12.76,12.765,177253
2024-03-26T04:00:00Z,12.92,13.01,12.79,12.99,176877
2024-03-25T04:00:00Z,13.14,13.14,12.94,13.045,83078
2024-03-22T04:00:00Z,13.09,13.2,12.92,13.1,165542
2024-03-21T04:00:00Z,12.98,13.25,12.96,13.09,181005
2024-03-20T04:00:00Z,13.43,13.55,13.13,13.175,405402
2024-03-19T04:00:00Z,13.86,13.935,13.48,13.49,202025
2024-03-18T04:00:00Z,13.97,13.97,13.74,13.85,141014
2024-03-15T04:00:00Z,14.12,14.7,13.98,14.16,230064
2024-03-14T04:00:00Z,13.45,14.445,13.39,13.91,371924
2024-03-13T04:00:00Z,13.59,13.68,13.485,13.55,110908
2024-03-12T04:00:00Z,13.98,14.155,13.59,13.645,261652
2024-03-11T04:00:00Z,14.58,14.85,14.195,14.32,148896
2024-03-08T05:00:00Z,13.91,14.94,13.82,14.47,203290
2024-03-07T05:00:00Z,13.87,14.29,13.86,14.135,132311
2024-03-06T05:00:00Z,13.73,14.29,13.73,14.17,203841
2024-03-05T05:00:00Z,13.73,14.545,13.73,14.13,400798
2024-03-04T05:00:00Z,13.5,13.645,13.5,13.58,95618
2024-03-01T05:00:00Z,13.42,13.675,13.36,13.59,186067
2024-02-29T05:00:00Z,13.51,13.865,13.49,13.54,174284
2024-02-28T05:00:00Z,13.65,13.85,13.59,13.75,116199
2024-02-27T05:00:00Z,13.645,13.69,13.51,13.53,101202
2024-02-26T05:00:00Z,13.82,13.85,13.72,13.76,106182
2024-02-23T05:00:00Z,14.22,14.32,13.91,13.91,142622
2024-02-22T05:00:00Z,14.13,14.48,13.99,14.48,189968
2024-02-21T05:00:00Z,14.96,15.09,14.705,14.74,166597
2024-02-20T05:00:00Z,14.555,15.23,14.555,14.9,233155
2024-02-16T05:00:00Z,14.48,14.62,14.12,14.39,166608
2024-02-15T05:00:00Z,14.34,14.705,14.32,14.43,112179
2024-02-14T05:00:00Z,14.7,15.055,14.47,14.52,201203
2024-02-13T05:00:00Z,14.78,16.28,14.66,15.39,512180
2024-02-12T05:00:00Z,13.91,14.46,13.9,14.32,292652
2024-02-09T05:00:00Z,13.845,14.07,13.75,14.06,86804
2024-02-08T05:00:00Z,13.96,14.17,13.88,13.905,106755
2024-02-07T05:00:00Z,13.925,14.11,13.91,14,95553
2024-02-06T05:00:00Z,14.245,14.43,14.03,14.06,93613
2024-02-05T05:00:00Z,14.9,15.15,14.36,14.39,129233
2024-02-02T05:00:00Z,14.96,15.11,14.72,14.965,163206
2024-02-01T05:00:00Z,14.895,15.27,14.72,15.01,129276
2024-01-31T05:00:00Z,14.44,15.25,14.4,15.16,248944
2024-01-30T05:00:00Z,14.515,14.565,14.36,14.38,115993
2024-01-29T05:00:00Z,14.57,14.79,14.49,14.65,102775
2024-01-26T05:00:00Z,14.6,14.67,14.34,14.51,98702
2024-01-25T05:00:00Z,14.44,14.66,14.34,14.65,73064
2024-01-24T05:00:00Z,13.955,14.45,13.955,14.45,158705
2024-01-23T05:00:00Z,14.285,14.335,14.08,14.095,106886
2024-01-22T05:00:00Z,14.77,14.92,14.455,14.49,155530
2024-01-19T05:00:00Z,15.07,15.18,14.9,15.02,257191
2024-01-18T05:00:00Z,15.46,15.9,15.33,15.39,123419
2024-01-17T05:00:00Z,15.82,16.28,15.55,15.89,196055
2024-01-16T05:00:00Z,15.13,15.65,15.02,15.37,168689
2024-01-12T05:00:00Z,14.545,14.895,14.545,14.84,240444
2024-01-11T05:00:00Z,14.495,15.13,14.43,14.6,100140
2024-01-10T05:00:00Z,14.68,14.79,14.61,14.675,71674
2024-01-09T05:00:00Z,15.335,15.35,14.8,14.825,75471
2024-01-08T05:00:00Z,15.535,15.6,15,15.175,126090
2024-01-05T05:00:00Z,15.93,15.93,15.41,15.585,395557
2024-01-04T05:00:00Z,16.045,16.16,15.78,16.1,79653
2024-01-03T05:00:00Z,15.8,16.35,15.58,16.105,145478
2024-01-02T05:00:00Z,15.9,16.19,15.45,15.54,250941
2023-12-29T05:00:00Z,15.45,15.895,15.38,15.54,187520
2023-12-28T05:00:00Z,15.45,15.69,15.42,15.49,86571
2023-12-27T05:00:00Z,16.02,16.02,15.5,15.51,123359
2023-12-26T05:00:00Z,16.56,16.67,16.16,16.17,82195
2023-12-22T05:00:00Z,16.94,17.325,16.61,16.615,106447
2023-12-21T05:00:00Z,17.07,17.57,16.9,17,170588
2023-12-20T05:00:00Z,16.335,17.61,16.25,17.47,328990
2023-12-19T05:00:00Z,16.25,16.455,16.21,16.42,131274
2023-12-18T05:00:00Z,16.12,16.235,16.08,16.18,159243
2023-12-15T05:00:00Z,15.705,16.19,15.62,16.14,177430
2023-12-14T05:00:00Z,15.59,16.08,15.575,15.64,459892
2023-12-13T05:00:00Z,15.805,16.05,15.615,15.69,301371
2023-12-12T05:00:00Z,16.16,16.225,15.8,15.9,217784
2023-12-11T05:00:00Z,16.685,16.735,16.34,16.36,137869
2023-12-08T05:00:00Z,17.1,17.1,16.75,16.77,56685
2023-12-07T05:00:00Z,17.2,17.33,17.14,17.245,57264
2023-12-06T05:00:00Z,16.96,17.35,16.88,17.31,61207
2023-12-05T05:00:00Z,17.35,17.38,17.14,17.145,51355
2023-12-04T05:00:00Z,17.475,17.8,17.26,17.28,75164
2023-12-01T05:00:00Z,17.2,17.28,17.01,17.21,151186
2023-11-30T05:00:00Z,17.455,17.64,17.25,17.28,97933
2023-11-29T05:00:00Z,17.155,17.635,17.12,17.59,95919
2023-11-28T05:00:00Z,17.455,17.61,17.21,17.29,75970
2023-11-27T05:00:00Z,17.565,17.58,17.43,17.535,60416
2023-11-24T05:00:00Z,18.06,18.12,17.36,17.39,72779
2023-11-22T05:00:00Z,17.795,18.37,17.78,18.2,89358
2023-11-21T05:00:00Z,18.5,18.5,18.01,18.055,72305
2023-11-20T05:00:00Z,18.47,18.49,18.23,18.425,63338
2023-11-17T05:00:00Z,18.75,18.87,18.5,18.56,78607
2023-11-16T05:00:00Z,19.06,19.22,18.83,18.85,74219
2023-11-15T05:00:00Z,19.2,19.39,19.08,19.135,87814
2023-11-14T05:00:00Z,19,19.6,18.96,19.58,153650
2023-11-13T05:00:00Z,20.01,20.17,19.52,19.74,49189
2023-11-10T05:00:00Z,20.43,20.43,19.76,19.93,157365
2023-11-09T05:00:00Z,19.74,20.945,19.74,20.805,154895
2023-11-08T05:00:00Z,20.13,20.62,19.92,19.98,65572
2023-11-07T05:00:00Z,20.42,20.61,20.24,20.395,390692
2023-11-06T05:00:00Z,20.865,21.07,20.45,20.49,63496
2023-11-03T04:00:00Z,21.34,21.47,21.06,21.2,91444
2023-11-02T04:00:00Z,21.96,22.31,21.68,21.685,123724
2023-11-01T04:00:00Z,23.225,23.26,22.34,22.46,117125
2023-10-31T04:00:00Z,25.01,25.16,23.44,23.44,87646
2023-10-30T04:00:00Z,25.93,26.08,25.035,25.12,92557
2023-10-27T04:00:00Z,25.69,27.22,25.38,27.04,192346
2023-10-26T04:00:00Z,26,26.97,25.6,26.22,117044
2023-10-25T04:00:00Z,24.545,26.57,24.53,25.95,194868
2023-10-24T04:00:00Z,24.86,25.55,24.295,24.44,94616
2023-10-23T04:00:00Z,26.89,27.33,24.72,25.54,99765
2023-10-20T04:00:00Z,26.31,26.9,25.72,26.46,165905
2023-10-19T04:00:00Z,24.63,26.385,24.315,26.23,325665
2023-10-18T04:00:00Z,24.12,25.36,23.92,25.12,353135
2023-10-17T04:00:00Z,23.75,24.02,22.55,23.54,165195
2023-10-16T04:00:00Z,24.395,24.42,22.855,22.92,484313
2023-10-13T04:00:00Z,22.58,25.91,22.5,25.375,339286
2023-10-12T04:00:00Z,21.875,23.48,21.435,22.65,182204
2023-10-11T04:00:00Z,22.24,23.31,22.03,22.08,108313
2023-10-10T04:00:00Z,23.045,23.05,22.24,22.52,110831
2023-10-09T04:00:00Z,24.47,24.75,23.32,23.35,80883
2023-10-06T04:00:00Z,24.66,25.28,23.16,23.64,141845
2023-10-05T04:00:00Z,24.26,25.345,23.94,23.94,130280
2023-10-04T04:00:00Z,25.13,25.485,24.19,24.3,203743
2023-10-03T04:00:00Z,24.01,25.92,23.69,25.56,453560
2023-10-02T04:00:00Z,23.4,23.88,22.755,23.41,130642
2023-09-29T04:00:00Z,21.97,23.36,21.88,23.36,169667
2023-09-28T04:00:00Z,23.99,24.25,22.69,22.86,109734
2023-09-27T04:00:00Z,24.3,25.43,23.96,24,350001
2023-09-26T04:00:00Z,23.395,25.155,23.16,25.025,272778
2023-09-25T04:00:00Z,23.47,23.76,22.765,22.95,141972
2023-09-22T04:00:00Z,22.76,22.96,22.075,22.88,184984
2023-09-21T04:00:00Z,22.185,22.865,21.71,22.84,369093
2023-09-20T04:00:00Z,20.09,21.235,19.94,21.19,369755
2023-09-19T04:00:00Z,20.505,21.025,20.295,20.385,117861
2023-09-18T04:00:00Z,20.905,21.09,20.215,20.52,127049
2023-09-15T04:00:00Z,20,20.75,19.82,20.68,155604
2023-09-14T04:00:00Z,20.2,20.3,19.88,19.89,158197
2023-09-13T04:00:00Z,20.73,20.795,20.4,20.5,128629
2023-09-12T04:00:00Z,20.955,21.09,20.56,20.93,113160
2023-09-11T04:00:00Z,20.91,21.19,20.69,20.84,89151
2023-09-08T04:00:00Z,21.505,21.505,20.975,21.26,98900
2023-09-07T04:00:00Z,22.43,22.67,21.6,21.69,93221
2023-09-06T04:00:00Z,21.43,22.21,21.38,21.785,99709
2023-09-05T04:00:00Z,21.31,21.61,21.03,21.325,50143
2023-09-01T04:00:00Z,21.12,21.42,21,21.22,115224
2023-08-31T04:00:00Z,21.84,21.96,21.42,21.48,154836
2023-08-30T04:00:00Z,22.43,22.61,21.87,21.91,144206
2023-08-29T04:00:00Z,23.175,23.23,22.46,22.62,186670
2023-08-28T04:00:00Z,23.725,23.825,23.22,23.25,86828
2023-08-25T04:00:00Z,24.895,25.6,23.97,24.16,136904
2023-08-24T04:00:00Z,23.95,25.38,23.86,25.295,99691
2023-08-23T04:00:00Z,24.88,24.88,24.24,24.32,108490
2023-08-22T04:00:00Z,24.52,25.58,24.52,25.13,79977
2023-08-21T04:00:00Z,25.37,25.87,24.93,25.04,119514
2023-08-18T04:00:00Z,27.15,27.27,25.53,25.76,141696
2023-08-17T04:00:00Z,24.76,26.36,24.715,26.35,143663
2023-08-16T04:00:00Z,24.585,25.17,24.06,25.17,100845
2023-08-15T04:00:00Z,23.8,25.02,23.8,24.75,139746
2023-08-14T04:00:00Z,24.23,24.58,23.39,23.43,61311
2023-08-11T04:00:00Z,25.28,25.415,23.78,23.88,121172
2023-08-10T04:00:00Z,23.75,25.46,23.37,24.78,152436
2023-08-09T04:00:00Z,24.67,25.75,24.19,24.77,108228
2023-08-08T04:00:00Z,25.555,27.18,24.92,24.935,201380
2023-08-07T04:00:00Z,25.225,25.46,24.43,24.48,90639
2023-08-04T04:00:00Z,24.165,26,23.64,25.785,127483
2023-08-03T04:00:00Z,25.9,26.27,24.605,24.98,151343
2023-08-02T04:00:00Z,24.465,25.65,24.32,24.99,212128
2023-08-01T04:00:00Z,23.235,23.395,22.93,22.98,47662
2023-07-31T04:00:00Z,22.8,23.07,22.65,22.71,57969
2023-07-28T04:00:00Z,23,23.45,22.65,22.83,74432
2023-07-27T04:00:00Z,22.22,24.285,22.22,23.75,243695
2023-07-26T04:00:00Z,23.48,23.48,22.62,22.64,66038
2023-07-25T04:00:00Z,23.275,23.355,22.85,23.325,108925
2023-07-24T04:00:00Z,23.64,23.64,23.1,23.305,70623
2023-07-21T04:00:00Z,23.74,23.83,23.27,23.69,63793
2023-07-20T04:00:00Z,23.9,24.395,23.69,24,87058
2023-07-19T04:00:00Z,23.235,24.15,23.235,24.15,48217
2023-07-18T04:00:00Z,23.775,23.88,23.395,23.525,47807
2023-07-17T04:00:00Z,23.95,23.955,23.46,23.875,45672
2023-07-14T04:00:00Z,24.205,24.53,23.765,23.95,50504
2023-07-13T04:00:00Z,23.62,24.235,23.46,24.235,88307
2023-07-12T04:00:00Z,24.52,24.65,24.02,24.09,98725
2023-07-11T04:00:00Z,25.14,25.895,25.08,25.51,109656
2023-07-10T04:00:00Z,25.83,26.24,25.63,25.72,28596
2023-07-07T04:00:00Z,26.725,26.725,25.515,25.91,87497
2023-07-06T04:00:00Z,26.28,28.835,26.28,26.46,98879
2023-07-05T04:00:00Z,25.2,25.24,24.835,25.195,72258
2023-07-03T04:00:00Z,24.845,25.045,24.735,24.75,55830
2023-06-30T04:00:00Z,25.05,25.19,24.705,24.92,61049
2023-06-29T04:00:00Z,24.96,25.49,24.955,25.34,66891
2023-06-28T04:00:00Z,25.58,25.59,24.85,24.87,58864
2023-06-27T04:00:00Z,26.12,26.12,25.255,25.76,61569
2023-06-26T04:00:00Z,26.28,26.47,25.95,26.45,53196
2023-06-23T04:00:00Z,26.78,27.05,26.12,26.48,22208
2023-06-22T04:00:00Z,27.035,27.125,25.975,26.15,61193
2023-06-21T04:00:00Z,27.04,27.175,26.7,26.78,27668
2023-06-20T04:00:00Z,27.53,27.985,27.355,27.355,65078
2023-06-16T04:00:00Z,28.38,28.47,27.32,27.34,85195
2023-06-15T04:00:00Z,27.37,28.315,27.37,28.29,53544
2023-06-14T04:00:00Z,28.28,28.355,27.525,27.56,97028
2023-06-13T04:00:00Z,28.1,28.555,27.98,28.39,40303
2023-06-12T04:00:00Z,28.59,28.875,28.34,28.5,125164
2023-06-09T04:00:00Z,28.11,28.695,27.995,28.32,46432
2023-06-08T04:00:00Z,28.81,29.1,27.9,28.115,51495
2023-06-07T04:00:00Z,28.9,29.38,28.775,28.91,81180
2023-06-06T04:00:00Z,30.42,30.43,28.715,28.775,42137
2023-06-05T04:00:00Z,31.16,31.28,30.55,30.55,71383
2023-06-02T04:00:00Z,31.59,31.885,30.89,31.235,62479
2023-06-01T04:00:00Z,33.91,34.05,32.445,32.48,127574
2023-05-31T04:00:00Z,34.96,35.43,34.145,34.415,20337
2023-05-30T04:00:00Z,34.325,35.835,34.26,34.645,42643
2023-05-26T04:00:00Z,35.74,35.86,34.75,35.6,51126
2023-05-25T04:00:00Z,36.84,37.625,36.69,37.01,43077
2023-05-24T04:00:00Z,37.53,38.3,37.39,38.01,33762
2023-05-23T04:00:00Z,36.43,36.995,35.49,36.47,39631
2023-05-22T04:00:00Z,35.8,36.32,35.24,35.82,27411
2023-05-19T04:00:00Z,34.485,36.445,34.485,35.79,34685
2023-05-18T04:00:00Z,36.19,36.29,34.93,34.95,30960
2023-05-17T04:00:00Z,36.61,37.13,36.18,36.35,58327
2023-05-16T04:00:00Z,36.86,37.62,36.54,37.58,52113
2023-05-15T04:00:00Z,37.15,37.555,36.51,36.565,17088
2023-05-12T04:00:00Z,37.04,38.405,36.84,37.46,28634
2023-05-11T04:00:00Z,38.24,39.17,37.37,37.46,10282
2023-05-10T04:00:00Z,37.7,39.46,37.53,37.83,19423
2023-05-09T04:00:00Z,38.74,39.12,38.49,38.98,12375
2023-05-08T04:00:00Z,38.76,39.035,38.1,38.28,32270
2023-05-05T04:00:00Z,40.37,40.37,38.61,38.77,48138
2023-05-04T04:00:00Z,40.6,43.145,40.6,42.05,55556
2023-05-03T04:00:00Z,39.21,40.075,38.105,39.965,51695
2023-05-02T04:00:00Z,38.045,41.47,38.045,38.94,95407
2023-05-01T04:00:00Z,37.52,37.61,36.385,37.14,38157
2023-04-28T04:00:00Z,39.11,39.11,37.86,37.86,58966
2023-04-27T04:00:00Z,39.86,39.86,38.935,39.42,60422
2023-04-26T04:00:00Z,41.45,41.95,40.12,41.13,51616
2023-04-25T04:00:00Z,39.615,42.52,39.32,42.22,48346
2023-04-24T04:00:00Z,39.15,39.7,39,39.055,20598
2023-04-21T04:00:00Z,39.72,40.17,39.09,39.23,24352
2023-04-20T04:00:00Z,39.585,40.25,39.02,39.92,25188
2023-04-19T04:00:00Z,39.34,39.6,38.68,39.13,23391
2023-04-18T04:00:00Z,39.41,39.85,38.89,39.15,22563
2023-04-17T04:00:00Z,40.43,40.43,39.31,39.48,15064
2023-04-14T04:00:00Z,41.56,41.82,40.62,40.63,60254
2023-04-13T04:00:00Z,42.03,42.03,41.19,41.3,39484
2023-04-12T04:00:00Z,41.83,43.135,41.67,42.91,19365
2023-04-11T04:00:00Z,42.61,42.9,42.06,42.71,9877
2023-04-10T04:00:00Z,43.93,44.15,43.02,43.02,7724
2023-04-06T04:00:00Z,44.57,44.91,43.13,43.25,12527
2023-04-05T04:00:00Z,44.94,45.71,44.3,44.33,12706
2023-04-04T04:00:00Z,44.42,45.81,44.13,44.7,10056
2023-04-03T04:00:00Z,44.78,45.37,43.79,43.88,20365
2023-03-31T04:00:00Z,44.88,45.13,44.28,44.91,16806
2023-03-30T04:00:00Z,44.94,46.64,44.88,45.15,15566
2023-03-29T04:00:00Z,45.385,45.86,44.88,45.1,32530
2023-03-28T04:00:00Z,47.85,48.045,46.64,46.64,28891
2023-03-27T04:00:00Z,48.4,49.41,47.65,47.8,15121
2023-03-24T04:00:00Z,53.44,55.36,49.73,49.73,42207
2023-03-23T04:00:00Z,48.37,52.58,47.16,51.77,47318
2023-03-22T04:00:00Z,48.32,50.43,46.85,50.17,43367
2023-03-21T04:00:00Z,50.45,50.56,48.41,48.55,41076
2023-03-20T04:00:00Z,55.95,56.76,53.11,53.35,79817
2023-03-17T04:00:00Z,52.04,56.76,51.17,56.03,105275
2023-03-16T04:00:00Z,56.87,57.19,50.31,50.46,100032
2023-03-15T04:00:00Z,55.69,60.33,54.3,55.24,163121
2023-03-14T04:00:00Z,50.66,53.17,48.57,51.17,141007
2023-03-13T04:00:00Z,58.47,58.69,53.39,54.81,73202
2023-03-10T05:00:00Z,48.01,57.68,48.01,52.79,147085
2023-03-09T05:00:00Z,42.71,47.84,42.53,47.71,41112
2023-03-08T05:00:00Z,43.8,44,42.925,42.925,8252
2023-03-07T05:00:00Z,42.84,44.06,42.62,43.96,4087
2023-03-06T05:00:00Z,10.84,10.85,10.68,10.72,112155
2023-03-03T05:00:00Z,11.11,11.16,10.86,10.89,282238
2023-03-02T05:00:00Z,11.87,11.87,11.22,11.23,101125
2023-03-01T05:00:00Z,11.615,11.915,11.43,11.65,132903
2023-02-28T05:00:00Z,11.77,11.78,11.43,11.53,110111
2023-02-27T05:00:00Z,11.935,11.94,11.68,11.81,110952
2023-02-24T05:00:00Z,12.235,12.55,12.16,12.22,318481
2023-02-23T05:00:00Z,11.99,12.34,11.73,11.8,178211
2023-02-22T05:00:00Z,12.61,12.77,12.16,12.21,234507
2023-02-21T05:00:00Z,12.18,12.665,12.085,12.59,228603
2023-02-17T05:00:00Z,11.9,12.13,11.655,11.71,266110
2023-02-16T05:00:00Z,11.34,11.67,11.145,11.64,487038
2023-02-15T05:00:00Z,11.32,11.36,11.06,11.06,114362
2023-02-14T05:00:00Z,11.59,11.715,11.16,11.24,261583
2023-02-13T05:00:00Z,11.98,12.01,11.685,11.69,135004
2023-02-10T05:00:00Z,12.25,12.485,12.07,12.195,291331
2023-02-09T05:00:00Z,11.48,12.075,11.35,12.04,249816
2023-02-08T05:00:00Z,11.37,11.85,11.2,11.67,371104
2023-02-07T05:00:00Z,11.685,11.7,11.14,11.22,223008
2023-02-06T05:00:00Z,11.475,11.65,11.38,11.58,64598
2023-02-03T05:00:00Z,11.53,11.715,11.195,11.3,273345
2023-02-02T05:00:00Z,10.74,11.515,10.65,11.21,211272
2023-02-01T05:00:00Z,11.31,11.565,10.85,10.96,161716
2023-01-31T05:00:00Z,11.6,11.605,11.23,11.33,129939
2023-01-30T05:00:00Z,11.53,11.79,11.49,11.585,153933
2023-01-27T05:00:00Z,11.43,11.43,11.07,11.27,134836
2023-01-26T05:00:00Z,11.5,11.72,11.425,11.45,103905
2023-01-25T05:00:00Z,11.97,12.33,11.58,11.58,228696
2023-01-24T05:00:00Z,12.15,12.17,11.56,11.59,184786
2023-01-23T05:00:00Z,12.25,12.25,12.01,12.08,151086
2023-01-20T05:00:00Z,12.555,12.63,12.115,12.19,124847
2023-01-19T05:00:00Z,12.865,13.04,12.44,12.595,224528
2023-01-18T05:00:00Z,11.95,12.64,11.93,12.58,241655
2023-01-17T05:00:00Z,12.21,12.32,12.01,12.095,168672
2023-01-13T05:00:00Z,12.35,12.35,11.92,12.02,179680
2023-01-12T05:00:00Z,12.7,12.89,12.32,12.32,219436
2023-01-11T05:00:00Z,12.83,13.035,12.83,12.975,144997
2023-01-10T05:00:00Z,13.5,13.52,12.875,12.875,91511
2023-01-09T05:00:00Z,13.37,13.61,13.2,13.46,113568
2023-01-06T05:00:00Z,13.47,13.63,13.195,13.405,175260
2023-01-05T05:00:00Z,13.73,13.935,13.655,13.71,167137
2023-01-04T05:00:00Z,13.86,13.915,13.59,13.6,107659
2023-01-03T05:00:00Z,14,14.495,13.91,14,190738
2022-12-30T05:00:00Z,14.2,14.42,14.115,14.12,138314
2022-12-29T05:00:00Z,14.135,14.15,13.955,14.13,66084
2022-12-28T05:00:00Z,14.19,14.395,13.97,14.34,119252
2022-12-27T05:00:00Z,14.39,14.625,14.28,14.3,94557
2022-12-23T05:00:00Z,14.7,14.85,14.24,14.39,151400
2022-12-22T05:00:00Z,14.12,15.4,14.09,14.755,305496
2022-12-21T05:00:00Z,14.23,14.23,13.91,14.01,79265
2022-12-20T05:00:00Z,14.68,14.86,14.375,14.57,60865
2022-12-19T05:00:00Z,14.83,14.955,14.41,14.65,104189
2022-12-16T05:00:00Z,15.23,15.475,14.825,15,190373
2022-12-15T05:00:00Z,14.29,15.275,14.28,14.95,366658
2022-12-14T05:00:00Z,14.5,14.72,14,14.085,91003
2022-12-13T05:00:00Z,14.35,15.11,14.31,14.57,178372
2022-12-12T05:00:00Z,15.225,15.385,15.075,15.25,84848
2022-12-09T05:00:00Z,15.04,15.35,14.935,15.325,110512
2022-12-08T05:00:00Z,15.41,15.41,14.87,14.96,95501
2022-12-07T05:00:00Z,15.22,15.415,15.045,15.29,175925
2022-12-06T05:00:00Z,14.52,15.195,14.44,15.035,128392
2022-12-05T05:00:00Z,14.51,14.93,14.35,14.66,131594
2022-12-02T05:00:00Z,14.76,14.825,14.34,14.39,156206
2022-12-01T05:00:00Z,14.885,15.175,14.625,14.625,138571
2022-11-30T05:00:00Z,15.44,15.77,14.79,14.92,201889
2022-11-29T05:00:00Z,15.72,15.81,15.42,15.44,123458
2022-11-28T05:00:00Z,15.36,15.85,15.29,15.7,154662
2022-11-25T05:00:00Z,15.24,15.265,15.08,15.14,38157
2022-11-23T05:00:00Z,15.4,15.515,15.07,15.08,166018
2022-11-22T05:00:00Z,15.8,15.83,15.395,15.4,89391
2022-11-21T05:00:00Z,16.4,16.46,15.94,15.96,85235
2022-11-18T05:00:00Z,16.41,16.745,16.39,16.4,172961
2022-11-17T05:00:00Z,17.04,17.04,16.55,16.57,111559
2022-11-16T05:00:00Z,17,17.04,16.705,16.74,91981
2022-11-15T05:00:00Z,16.685,17.66,16.64,17.19,168169
2022-11-14T05:00:00Z,16.995,17,16.53,16.95,123496
2022-11-11T05:00:00Z,17.36,17.465,16.96,16.99,137138
2022-11-10T05:00:00Z,17.12,17.315,16.805,17.21,147069
2022-11-09T05:00:00Z,17.75,18.31,17.675,18.19,156772
2022-11-08T05:00:00Z,17,17.77,16.99,17.66,136796
2022-11-07T05:00:00Z,17.24,17.385,17.005,17.15,42968
2022-11-04T04:00:00Z,17.17,17.705,16.84,17.36,128838
2022-11-03T04:00:00Z,18.16,18.31,17.425,17.52,38614
2022-11-02T04:00:00Z,17.58,18.01,17.37,17.97,44488
2022-11-01T04:00:00Z,17.48,17.74,17.44,17.45,36250
2022-10-31T04:00:00Z,17.98,17.98,17.64,17.64,17395
2022-10-28T04:00:00Z,18.36,18.36,17.795,17.94,43831
2022-10-27T04:00:00Z,18.49,18.72,18.28,18.37,14409
2022-10-26T04:00:00Z,19.33,19.33,18.645,18.705,32115
2022-10-25T04:00:00Z,19.98,19.99,19.13,19.18,19471
2022-10-24T04:00:00Z,20.16,20.55,19.91,19.91,19528
2022-10-21T04:00:00Z,20.24,20.31,19.86,20.27,21301
2022-10-20T04:00:00Z,20.43,20.63,19.96,20.295,18340
2022-10-19T04:00:00Z,20.49,20.9,20.305,20.61,69651
2022-10-18T04:00:00Z,20.4,20.93,20.34,20.43,46505
2022-10-17T04:00:00Z,20.68,20.9,20.42,20.9,49055
2022-10-14T04:00:00Z,20.56,21.78,20.47,21.4,110673
2022-10-13T04:00:00Z,21.8,21.8,20.79,20.95,107420
2022-10-12T04:00:00Z,21.74,21.835,21.37,21.52,71326
2022-10-11T04:00:00Z,21.63,22,21.08,21.75,19252
2022-10-10T04:00:00Z,21.09,21.92,21.09,21.27,13757
2022-10-07T04:00:00Z,20.36,21.08,20.36,20.91,23363
2022-10-06T04:00:00Z,19.27,20.18,19.27,20.09,8112
2022-10-05T04:00:00Z,19.69,20.13,19.46,19.53,14868
2022-10-04T04:00:00Z,19.3,19.64,19.195,19.39,53742
2022-10-03T04:00:00Z,20.46,20.6,19.77,20.115,29787
2022-09-30T04:00:00Z,20.67,21.11,20.05,21.11,26939
2022-09-29T04:00:00Z,20.725,21.445,20.64,20.67,29381
2022-09-28T04:00:00Z,20.91,21.065,19.84,20.03,12565
2022-09-27T04:00:00Z,20.44,21.425,20.14,20.79,37494
2022-09-26T04:00:00Z,20.29,20.735,19.71,20.63,57207
2022-09-23T04:00:00Z,19.29,20.805,19.29,19.945,17516
2022-09-22T04:00:00Z,18.775,19.19,18.57,18.675,12417
2022-09-21T04:00:00Z,18.16,18.89,17.92,18.89,18327
2022-09-20T04:00:00Z,18.21,18.555,18.12,18.42,18895
2022-09-19T04:00:00Z,18.91,18.91,17.855,17.995,130046
2022-09-16T04:00:00Z,19.71,19.97,19.65,19.82,16637
2022-09-15T04:00:00Z,19.14,19.385,18.855,19.17,26398
2022-09-14T04:00:00Z,19.09,19.36,18.96,19.15,12856
2022-09-13T04:00:00Z,18.61,19.355,18.505,19.05,20849
2022-09-12T04:00:00Z,18.305,18.32,18.045,18.14,8080
2022-09-09T04:00:00Z,18.2,18.465,18.075,18.4,5620
2022-09-08T04:00:00Z,18.61,18.61,18.12,18.3,7330
2022-09-07T04:00:00Z,19.2,19.2,18.39,18.39,3570
2022-09-06T04:00:00Z,18.85,19.53,18.85,19.225,6652
2022-09-02T04:00:00Z,19.025,19.365,18.76,19.09,9229
2022-09-01T04:00:00Z,19.33,19.81,19.26,19.42,31440
2022-08-31T04:00:00Z,19.37,19.37,19.08,19.17,7896
2022-08-30T04:00:00Z,19.875,19.98,19.42,19.48,7601
2022-08-29T04:00:00Z,20.08,20.26,19.49,19.775,61330
2022-08-26T04:00:00Z,19.68,20.84,19.56,20.18,31658
2022-08-25T04:00:00Z,19.605,19.65,19.215,19.64,8072
2022-08-24T04:00:00Z,20.145,20.145,19.6,19.75,10424
2022-08-23T04:00:00Z,21.04,21.04,20.075,20.12,13018
2022-08-22T04:00:00Z,21.31,21.47,21.04,21.12,27698
2022-08-19T04:00:00Z,21.41,21.445,21.17,21.25,51093
2022-08-18T04:00:00Z,21.2,21.24,21.1,21.115,6753
2022-08-17T04:00:00Z,21.54,21.54,21.05,21.14,8172
2022-08-16T04:00:00Z,21.27,21.38,21.15,21.345,2591
2022-08-15T04:00:00Z,21.86,21.86,21.15,21.46,6285
2022-08-12T04:00:00Z,21.765,22.03,21.755,22.025,11753
2022-08-11T04:00:00Z,21.395,21.835,21.2,21.66,6687
2022-08-10T04:00:00Z,21.58,21.965,21.455,21.455,11029
2022-08-09T04:00:00Z,22.26,22.26,21.875,21.995,2683
2022-08-08T04:00:00Z,21.39,22.37,21.37,22.11,20717
2022-08-05T04:00:00Z,21.74,21.92,21.34,21.49,8110
2022-08-04T04:00:00Z,22.085,22.12,21.415,21.455,11837
2022-08-03T04:00:00Z,21.255,22.03,21.13,21.99,9677
2022-08-02T04:00:00Z,21.89,22,21.295,21.65,9779
2022-08-01T04:00:00Z,21.49,21.795,21.06,21.74,14525
2022-07-29T04:00:00Z,20.86,21.18,20.86,21.02,7560
2022-07-28T04:00:00Z,21.18,21.525,20.745,20.89,15369
2022-07-27T04:00:00Z,21.22,21.44,21,21.28,14648
2022-07-26T04:00:00Z,21.435,21.84,21.22,21.58,14533
2022-07-25T04:00:00Z,20.19,21.165,20.115,21.165,40500
2022-07-22T04:00:00Z,21.095,21.87,21.07,21.38,28604
2022-07-21T04:00:00Z,21.48,21.73,21.15,21.2,24476
2022-07-20T04:00:00Z,21.55,21.74,21.38,21.415,21875
2022-07-19T04:00:00Z,21.36,21.83,21.36,21.81,21660
2022-07-18T04:00:00Z,21.34,22.03,21.12,21.91,31389
2022-07-15T04:00:00Z,22.09,22.115,21.4,21.515,42079
2022-07-14T04:00:00Z,22.83,23.025,22.31,22.31,10102
2022-07-13T04:00:00Z,22.925,22.96,22.17,22.31,24941
2022-07-12T04:00:00Z,22.07,22.7,21.97,22.38,22528
2022-07-11T04:00:00Z,22.37,22.425,21.94,22.3,10498
2022-07-08T04:00:00Z,22.13,22.25,21.83,22,11150
2022-07-07T04:00:00Z,22.16,22.21,21.8,22.18,18648
2022-07-06T04:00:00Z,22.68,22.81,22.17,22.17,12107
2022-07-05T04:00:00Z,23.2,23.455,22.535,22.65,11351
2022-07-01T04:00:00Z,23.16,23.28,22.42,22.52,4935
2022-06-30T04:00:00Z,23.22,23.55,23.01,23.03,10434
2022-06-29T04:00:00Z,23.04,23.3,22.615,22.64,26872
2022-06-28T04:00:00Z,22.28,23.03,22.25,22.77,12526
2022-06-27T04:00:00Z,22.92,22.92,22.52,22.52,7558
2022-06-24T04:00:00Z,23.09,23.21,22.82,23.09,7449
2022-06-23T04:00:00Z,23.47,23.83,23.15,23.38,27176
2022-06-22T04:00:00Z,24.445,24.445,23.55,23.57,5828
2022-06-21T04:00:00Z,23.89,24.45,23.65,24.45,8637
2022-06-17T04:00:00Z,25.18,25.355,24.515,24.785,8227
2022-06-16T04:00:00Z,25.03,26.075,24.98,25.6,15647
2022-06-15T04:00:00Z,24.605,24.84,23.21,24.02,23042
2022-06-14T04:00:00Z,25.6,26.04,25.02,25.25,9816
2022-06-13T04:00:00Z,24.78,26.275,24.78,25.99,19971
2022-06-10T04:00:00Z,23.36,24.07,23.01,23.15,28382
2022-06-09T04:00:00Z,21.74,23.21,21.6,23.05,18458
2022-06-08T04:00:00Z,21.91,21.96,21.425,21.57,18592
2022-06-07T04:00:00Z,22.32,22.32,21.63,21.64,6092
2022-06-06T04:00:00Z,21.56,22.31,21.52,21.7,5440
2022-06-03T04:00:00Z,22.28,22.61,21.86,21.98,9137
2022-06-02T04:00:00Z,22.44,22.48,21.73,21.8,9291
2022-06-01T04:00:00Z,22.14,23.125,22.03,22.03,8062
2022-05-31T04:00:00Z,22.84,23.02,22.2,22.57,9877
2022-05-27T04:00:00Z,22.615,22.615,22.23,22.46,8676
2022-05-26T04:00:00Z,23.01,23.15,22.92,23.15,10320
2022-05-25T04:00:00Z,24.42,24.42,23.13,23.57,11088
2022-05-24T04:00:00Z,24.49,24.93,24.06,24.225,27383
2022-05-23T04:00:00Z,24.94,25.53,23.37,24.06,34440
2022-05-20T04:00:00Z,24.86,26.39,24.77,24.995,35320
2022-05-19T04:00:00Z,26.28,26.8,25.3,25.38,12731
2022-05-18T04:00:00Z,25.25,26.44,24.55,26.16,68667
2022-05-17T04:00:00Z,24.16,25.515,24.155,24.89,56029
2022-05-16T04:00:00Z,26.19,26.19,24.45,24.45,30152
2022-05-13T04:00:00Z,26.34,26.39,25.87,26,14273
2022-05-12T04:00:00Z,27.55,28.18,26.6,27.02,52979
2022-05-11T04:00:00Z,27.01,27.685,26.06,27.22,27417
2022-05-10T04:00:00Z,26.58,28.17,26.58,27.275,31819
2022-05-09T04:00:00Z,28.06,28.67,27.38,27.97,12587
2022-05-06T04:00:00Z,27.4,28.27,26.71,27.17,24738
2022-05-05T04:00:00Z,25.52,27.47,25.28,27.305,29616
2022-05-04T04:00:00Z,26.66,26.83,24.91,25.01,17559
2022-05-03T04:00:00Z,27.27,27.79,26.81,26.87,8400
2022-05-02T04:00:00Z,28.31,29.235,27.53,27.61,18592
2022-04-29T04:00:00Z,26.42,28.1,26.1,27.74,24749
2022-04-28T04:00:00Z,25.96,27.71,25.745,26.17,104012
2022-04-27T04:00:00Z,26.07,27.24,25.6,27.23,38525
2022-04-26T04:00:00Z,25.44,27.15,25.36,26.26,39824
2022-04-25T04:00:00Z,26.5,26.905,24.9,24.93,43968
2022-04-22T04:00:00Z,25,26.5,24.86,26.05,33815
2022-04-21T04:00:00Z,24.16,25.22,24.02,24.86,20228
2022-04-20T04:00:00Z,24.45,25.09,24.34,24.425,16417
2022-04-19T04:00:00Z,25.18,25.23,24.465,24.73,20118
2022-04-18T04:00:00Z,25.1,25.57,24.89,25.28,22516
2022-04-14T04:00:00Z,24.34,25.04,24.15,25,24971
2022-04-13T04:00:00Z,25.73,25.9,24.565,24.565,19130
2022-04-12T04:00:00Z,25.14,26.35,24.85,25.66,28010
2022-04-11T04:00:00Z,25.16,26.05,24.79,26.05,25959
2022-04-08T04:00:00Z,24.26,24.93,23.715,24.83,82819
2022-04-07T04:00:00Z,24.62,24.91,24.04,24.065,23508
2022-04-06T04:00:00Z,26.07,26.46,24.36,24.36,34447
2022-04-05T04:00:00Z,24.55,25.83,24.2,24.96,54601
2022-04-04T04:00:00Z,25.05,25.24,23.99,24.07,25222
2022-04-01T04:00:00Z,25.54,25.815,25,25.02,16414
2022-03-31T04:00:00Z,25.48,25.84,25.26,25.84,20247
2022-03-30T04:00:00Z,25.34,25.8,24.88,25.15,24745
2022-03-29T04:00:00Z,25.23,25.39,24.25,25,24436
2022-03-28T04:00:00Z,25.89,30.41,25.405,25.76,54615
2022-03-25T04:00:00Z,24.97,25.765,24.945,25.22,38418
2022-03-24T04:00:00Z,25.34,26,24.79,25.18,61109
2022-03-23T04:00:00Z,25.88,25.98,24.51,25.45,65996
2022-03-22T04:00:00Z,25.57,25.57,24.77,25.4,67307
2022-03-21T04:00:00Z,24.63,26.24,23.89,25.79,95956
2022-03-18T04:00:00Z,27.37,27.65,24.685,24.8,230490
2022-03-17T04:00:00Z,26.23,27.47,25.86,26.36,47881
2022-03-16T04:00:00Z,29.55,29.56,25.95,25.95,114041
2022-03-15T04:00:00Z,30.93,41.55,29,29.415,706923
2022-03-14T04:00:00Z,26.27,30.72,25.45,29.16,987319
2022-03-11T05:00:00Z,24.99,26.42,24.99,26.405,686059
2022-03-10T05:00:00Z,27.39,27.53,25.815,25.85,1050175
2022-03-09T05:00:00Z,26.695,27.21,26.28,27.06,1197139
2022-03-08T05:00:00Z,28.32,29.34,26.68,28.125,1314438
2022-03-07T05:00:00Z,26.39,28.52,26.27,28.45,791215
2022-03-04T05:00:00Z,26.37,27.305,26.05,26.18,1070622
2022-03-03T05:00:00Z,24.7,25.74,24.34,25.13,809872
2022-03-02T05:00:00Z,26.3,26.48,24.7,24.91,790177
2022-03-01T05:00:00Z,24.58,26.95,24.32,26.64,1008674
2022-02-28T05:00:00Z,24.68,24.97,23.57,24.04,1039075
2022-02-25T05:00:00Z,23.725,24.19,22.63,22.93,1105286
2022-02-24T05:00:00Z,27.3,27.42,23.77,23.97,1733325
2022-02-23T05:00:00Z,22.71,24.765,22.665,24.66,1311053
2022-02-22T05:00:00Z,23.74,24.62,22.89,23.35,1277662
2022-02-18T05:00:00Z,23.18,24.06,22.81,23.5,1112071
2022-02-17T05:00:00Z,21.71,23.06,21.655,22.99,1393714
2022-02-16T05:00:00Z,21.695,22.13,20.47,20.515,941332
2022-02-15T05:00:00Z,21.665,22.22,21.33,21.42,994841
2022-02-14T05:00:00Z,23.17,24.78,23.03,23.24,1580172
2022-02-11T05:00:00Z,20.4,23.87,20.3,23.21,2477220
2022-02-10T05:00:00Z,19.68,20.96,18.79,20.56,1591284
2022-02-09T05:00:00Z,18.95,19.15,18.72,18.75,863216
2022-02-08T05:00:00Z,20.15,20.58,19.42,19.48,949489
2022-02-07T05:00:00Z,20.455,20.74,19.975,20.455,786851
2022-02-04T05:00:00Z,21.42,22.16,20.305,21,1329677
2022-02-03T05:00:00Z,20.71,21.96,20.11,21.81,1531499
2022-02-02T05:00:00Z,19.72,20.22,19.31,19.435,1022109
2022-02-01T05:00:00Z,20.98,21.6,19.805,19.85,1039815
2022-01-31T05:00:00Z,23.23,23.39,21.41,21.455,1228025
2022-01-28T05:00:00Z,24.1,25.03,22.835,22.97,1544666
2022-01-27T05:00:00Z,23.12,25.13,22.635,24.44,1650976
2022-01-26T05:00:00Z,22.77,24.86,21.76,24.38,1676718
2022-01-25T05:00:00Z,25.35,26.25,23.17,23.83,1552499
2022-01-24T05:00:00Z,25.13,27.81,23.28,23.76,2571908
2022-01-21T05:00:00Z,21.67,23.23,21.16,23.16,1846155
2022-01-20T05:00:00Z,19.875,21.37,19.09,21.22,1162434
2022-01-19T05:00:00Z,19.46,20.53,19.38,20.36,1128395
2022-01-18T05:00:00Z,19.255,20.04,19.22,19.86,1107908
2022-01-14T05:00:00Z,19.37,19.46,18.3,18.4,1333426
2022-01-13T05:00:00Z,17.575,18.88,17.4,18.76,892809
2022-01-12T05:00:00Z,17.55,17.975,17.3,17.7,785520
2022-01-11T05:00:00Z,18.67,19.11,17.77,17.79,600873
2022-01-10T05:00:00Z,19.55,20.6,18.42,18.45,1611199
2022-01-07T05:00:00Z,19.32,19.85,18.74,18.82,583385
2022-01-06T05:00:00Z,19.36,19.68,18.815,19.39,878413
2022-01-05T05:00:00Z,18.06,19.3,17.61,19.3,970480
2022-01-04T05:00:00Z,17.775,18.41,17.71,17.85,684740
2022-01-03T05:00:00Z,18.28,18.625,17.885,17.9,523207
2021-12-31T05:00:00Z,18.64,18.85,18.37,18.52,325010
2021-12-30T05:00:00Z,18.6,18.865,18.295,18.73,325780
2021-12-29T05:00:00Z,19.18,19.38,18.55,18.74,321850
2021-12-28T05:00:00Z,19.7,19.775,19.23,19.23,361895
2021-12-27T05:00:00Z,19.99,20.28,19.61,19.69,439125
2021-12-23T05:00:00Z,20.19,20.28,19.95,20.23,749525
2021-12-22T05:00:00Z,21.58,21.58,20.4,20.4,484681
2021-12-21T05:00:00Z,21.98,22.555,21.42,21.69,628855
2021-12-20T05:00:00Z,24.09,24.855,22.605,22.72,1261518
2021-12-17T05:00:00Z,22.13,22.6,21.145,21.93,921845
2021-12-16T05:00:00Z,20.06,21.96,19.98,21.32,1461459
2021-12-15T05:00:00Z,22.175,23,20.35,20.4,1205907
2021-12-14T05:00:00Z,22.36,23.005,21.73,22.02,798516
2021-12-13T05:00:00Z,20.99,21.84,20.99,21.6,560294
2021-12-10T05:00:00Z,21.085,21.825,20.75,20.75,678133
2021-12-09T05:00:00Z,21.59,22.62,21.245,22.16,856463
2021-12-08T05:00:00Z,22.67,23.01,21.535,21.58,374834
2021-12-07T05:00:00Z,24.22,24.22,22.61,22.93,616308
2021-12-06T05:00:00Z,26.93,27.92,25.655,25.71,763962
2021-12-03T05:00:00Z,25.47,30.14,25.305,28.02,1587164
2021-12-02T05:00:00Z,26.49,26.945,25.185,25.725,833887
2021-12-01T05:00:00Z,23.64,27.355,22.765,27.33,1245922
2021-11-30T05:00:00Z,23.48,25.505,23.03,25.43,1043276
2021-11-29T05:00:00Z,23.15,23.35,21.65,22.28,947018
2021-11-26T05:00:00Z,23.02,26.42,22.63,25.805,1532505
2021-11-24T05:00:00Z,21.34,21.725,20.425,20.56,890257
2021-11-23T05:00:00Z,21.32,21.75,20.74,20.79,1109659
2021-11-22T05:00:00Z,20.53,21.41,20.42,21.32,1191898
2021-11-19T05:00:00Z,20.82,21.195,20.52,20.97,718014
2021-11-18T05:00:00Z,20.32,20.975,20.22,20.7,585258
2021-11-17T05:00:00Z,20.17,20.55,20.02,20.48,573433
2021-11-16T05:00:00Z,20.24,20.29,19.87,20.19,494303
2021-11-15T05:00:00Z,20.12,20.8,20.11,20.11,473585
2021-11-12T05:00:00Z,20.78,20.95,20.285,20.37,556977
2021-11-11T05:00:00Z,21.07,21.34,20.685,21.14,361499
2021-11-10T05:00:00Z,21.67,22.11,20.84,21.53,1018334
2021-11-09T05:00:00Z,21.02,21.72,21,21.21,749391
2021-11-08T05:00:00Z,20.54,21.25,20.45,20.85,435726
2021-11-05T04:00:00Z,19.89,20.925,19.825,20.87,700903
2021-11-04T04:00:00Z,19.61,20.38,19.475,20.13,598357
2021-11-03T04:00:00Z,20.56,20.695,19.66,19.82,1249811
2021-11-02T04:00:00Z,21.02,21.02,20.53,20.53,409292
2021-11-01T04:00:00Z,21.22,21.89,21.06,21.11,346825
2021-10-29T04:00:00Z,21.82,21.82,21.305,21.46,428835
2021-10-28T04:00:00Z,21.455,21.655,21.195,21.22,337524
2021-10-27T04:00:00Z,21.39,22.03,20.915,21.93,663772
2021-10-26T04:00:00Z,20.81,21.935,20.79,21.49,603241
2021-10-25T04:00:00Z,21.51,21.91,21.03,21.05,464232
2021-10-22T04:00:00Z,21.32,22.195,21.07,21.69,515530
2021-10-21T04:00:00Z,22.1,22.19,21.21,21.22,615881
2021-10-20T04:00:00Z,22.2,22.255,21.85,21.9,621983
2021-10-19T04:00:00Z,22.21,22.375,22.025,22.15,531717
2021-10-18T04:00:00Z,23.2,23.21,22.34,22.34,295605
2021-10-15T04:00:00Z,22.64,22.9,22.19,22.84,531509
2021-10-14T04:00:00Z,23.36,23.45,22.79,22.795,556843
2021-10-13T04:00:00Z,24.47,24.98,24.105,24.14,457900
2021-10-12T04:00:00Z,24.69,25.17,24.345,24.615,310628
2021-10-11T04:00:00Z,25.03,25.14,24.16,25.135,368872
2021-10-08T04:00:00Z,24.95,25.185,24.605,24.8,525420
2021-10-07T04:00:00Z,25.69,25.695,25.185,25.26,413195
2021-10-06T04:00:00Z,27.24,28.26,26.16,26.21,698564
2021-10-05T04:00:00Z,27.37,27.54,26.055,26.6,352982
2021-10-04T04:00:00Z,26.83,28.495,26.64,27.645,506221
2021-10-01T04:00:00Z,27.24,28.185,26.17,26.96,511314
2021-09-30T04:00:00Z,27.05,28.32,26.44,27.76,600124
2021-09-29T04:00:00Z,27.3,28.035,26.92,27.88,402247
2021-09-28T04:00:00Z,25.94,27.97,25.635,27.37,857945
2021-09-27T04:00:00Z,24.73,25.03,24.37,24.795,458452
2021-09-24T04:00:00Z,26,26.02,24.53,24.55,410515
2021-09-23T04:00:00Z,26.175,26.175,25.255,25.37,367691
2021-09-22T04:00:00Z,27.88,28.285,26.51,27.04,612817
2021-09-21T04:00:00Z,28.87,30.355,28.22,28.61,504400
2021-09-20T04:00:00Z,29,32.395,28.27,29.71,932245
2021-09-17T04:00:00Z,25.31,26.9,25.15,26.77,595873
2021-09-16T04:00:00Z,25.73,26.15,24.91,25.16,325197
2021-09-15T04:00:00Z,25.885,26.51,25.24,25.45,297977
2021-09-14T04:00:00Z,25.55,26.89,25.53,26.39,500673
2021-09-13T04:00:00Z,25.8,27.3,25.79,26.08,454341
2021-09-10T04:00:00Z,25.155,27.21,24.92,27.17,404576
2021-09-09T04:00:00Z,25.66,26.16,24.97,26.11,402296
2021-09-08T04:00:00Z,26.05,26.45,25.445,25.52,283370
2021-09-07T04:00:00Z,25.14,25.79,25.09,25.53,322790
2021-09-03T04:00:00Z,25.17,25.425,24.73,25.04,493769
2021-09-02T04:00:00Z,24.54,25.255,24.52,24.78,326623
2021-09-01T04:00:00Z,25.28,25.5,24.65,24.865,280389
2021-08-31T04:00:00Z,25.77,25.97,25.445,25.495,175930
2021-08-30T04:00:00Z,25.54,25.87,25.43,25.59,199586
2021-08-27T04:00:00Z,26.64,26.72,25.65,25.84,282204
2021-08-26T04:00:00Z,26.5,27.57,26.29,27.24,278344
2021-08-25T04:00:00Z,26.62,26.68,26.04,26.1,180573
2021-08-24T04:00:00Z,26.7,26.92,26.545,26.75,204380
2021-08-23T04:00:00Z,26.925,26.965,26.37,26.84,298335
2021-08-20T04:00:00Z,29.54,29.71,27.535,27.75,363727
2021-08-19T04:00:00Z,30.44,30.895,28.94,29.95,776133
2021-08-18T04:00:00Z,27.56,29.3,27.185,29.055,335555
2021-08-17T04:00:00Z,27.195,28.54,26.78,27.19,391796
2021-08-16T04:00:00Z,26.94,27.46,26.35,26.39,345029
2021-08-13T04:00:00Z,25.89,26.36,25.76,26.27,207191
2021-08-12T04:00:00Z,26.91,27.04,25.95,26.225,227477
2021-08-11T04:00:00Z,27.28,27.52,26.67,26.77,249866
2021-08-10T04:00:00Z,27.69,27.925,27.235,27.5,205011
2021-08-09T04:00:00Z,28.25,28.545,27.77,28.065,152397
2021-08-06T04:00:00Z,28.82,28.935,28.28,28.28,208305
2021-08-05T04:00:00Z,29.51,29.52,29.015,29.015,232058
2021-08-04T04:00:00Z,30.37,30.41,29.49,29.755,155391
2021-08-03T04:00:00Z,30.855,31.71,29.805,29.835,302430
2021-08-02T04:00:00Z,29.96,31.54,29.76,31.4,193204
2021-07-30T04:00:00Z,30.425,30.485,29.52,30.27,193111
2021-07-29T04:00:00Z,29.76,29.82,29.285,29.47,162303
2021-07-28T04:00:00Z,30.47,31.42,29.57,30.005,233152
2021-07-27T04:00:00Z,30.565,32.42,30.565,30.85,407009
2021-07-26T04:00:00Z,30.74,31.06,29.88,29.88,196778
2021-07-23T04:00:00Z,29.81,30.435,29.75,30.31,330319
2021-07-22T04:00:00Z,29.99,30.935,29.725,30.49,274288
2021-07-21T04:00:00Z,31.21,31.34,29.88,29.92,263750
2021-07-20T04:00:00Z,34.605,35.21,31.54,31.965,399261
2021-07-19T04:00:00Z,32.37,37.03,32.05,35.175,989605
2021-07-16T04:00:00Z,28.64,30.61,28.52,30.57,326712
2021-07-15T04:00:00Z,29.51,30.005,29.155,29.3,242173
2021-07-14T04:00:00Z,28.84,29.945,28.65,28.92,246681
2021-07-13T04:00:00Z,29.29,29.695,28.62,29.645,369288
2021-07-12T04:00:00Z,29.47,29.64,29.04,29.27,156796
2021-07-09T04:00:00Z,30.5,30.79,29.29,29.48,257790
2021-07-08T04:00:00Z,32.23,32.45,31.04,31.53,286668
2021-07-07T04:00:00Z,29.22,30.6,29.22,29.67,179791
2021-07-06T04:00:00Z,28.69,30.44,28.69,29.59,276024
2021-07-02T04:00:00Z,28.24,29.095,28.07,28.915,318559
2021-07-01T04:00:00Z,29.08,29.41,28.91,28.93,237142
2021-06-30T04:00:00Z,29.92,30.165,29.19,29.4,239671
2021-06-29T04:00:00Z,28.97,29.84,28.91,29.735,214271
2021-06-28T04:00:00Z,28.94,29.62,28.855,29.13,219180
2021-06-25T04:00:00Z,29.58,29.89,29.175,29.19,196528
2021-06-24T04:00:00Z,29.505,29.87,29.44,29.76,175802
2021-06-23T04:00:00Z,30.41,30.58,29.98,30.26,143697
2021-06-22T04:00:00Z,32.69,32.88,30.88,30.89,215860
2021-06-21T04:00:00Z,33.45,34.465,32.05,32.57,255206
2021-06-18T04:00:00Z,33.33,34.87,32.53,34.86,565264
2021-06-17T04:00:00Z,32.16,32.575,30.775,31.92,429161
2021-06-16T04:00:00Z,31.39,32.92,30.81,32.05,701851
2021-06-15T04:00:00Z,31.29,32.025,31.11,31.82,335772
2021-06-14T04:00:00Z,30.77,31.675,30.64,31.11,356331
2021-06-11T04:00:00Z,31.06,31.155,30.585,30.815,361931
2021-06-10T04:00:00Z,32.66,32.975,31.65,31.72,422936
2021-06-09T04:00:00Z,32.77,33.905,32.77,33.71,211066
2021-06-08T04:00:00Z,32.52,33.84,32.52,33.115,214597
2021-06-07T04:00:00Z,33.43,33.69,32.72,32.76,173963
2021-06-04T04:00:00Z,34.11,34.11,33.26,33.475,236303
2021-06-03T04:00:00Z,35.52,36.16,34.755,35.3,196980
2021-06-02T04:00:00Z,35.16,35.43,34.115,34.66,256325
2021-06-01T04:00:00Z,33.8,35.54,33.77,35.53,174597
2021-05-28T04:00:00Z,33.76,34.74,33.67,34.7,141247
2021-05-27T04:00:00Z,35.43,35.5,33.945,33.99,162373
2021-05-26T04:00:00Z,37.06,37.23,35.75,35.79,141442
2021-05-25T04:00:00Z,37.55,38.35,37.375,37.76,186169
2021-05-24T04:00:00Z,38.655,38.69,37.31,37.695,167688
2021-05-21T04:00:00Z,39.315,39.99,38.86,39.55,166149
2021-05-20T04:00:00Z,41.05,41.63,39.6,40.135,119219
2021-05-19T04:00:00Z,43.23,46.27,42.08,42.3,247290
2021-05-18T04:00:00Z,39.28,40.57,38.42,40.55,181162
2021-05-17T04:00:00Z,39.32,41.39,38.715,39.86,226434
2021-05-14T04:00:00Z,41.32,41.45,38.225,38.625,208119
2021-05-13T04:00:00Z,45.58,45.63,42.71,43.7,200951
2021-05-12T04:00:00Z,42.86,49.86,42.69,48.3,669165
2021-05-11T04:00:00Z,40.57,42.15,39.305,41.27,362194
2021-05-10T04:00:00Z,36.74,38.38,36.05,38.33,257491
2021-05-07T04:00:00Z,38.84,38.975,36.58,36.65,268596
2021-05-06T04:00:00Z,39.34,40.85,38.825,38.99,165801
2021-05-05T04:00:00Z,39.455,40.41,38.485,39.19,234752
2021-05-04T04:00:00Z,39.745,42.39,39.465,40.25,365430
2021-05-03T04:00:00Z,39.25,39.59,38.71,38.81,230119
2021-04-30T04:00:00Z,39.25,40.515,38.945,40.18,188048
2021-04-29T04:00:00Z,38.125,40.155,38.01,38.66,241511
2021-04-28T04:00:00Z,38.805,39.39,38.5,38.895,105460
2021-04-27T04:00:00Z,39.515,40.2,38.85,38.98,123290
2021-04-26T04:00:00Z,39.765,40.42,39.645,39.86,100357
2021-04-23T04:00:00Z,41.42,41.54,39.295,40.24,535309
2021-04-22T04:00:00Z,9.82,10.635,9.77,10.41,2721634
2021-04-21T04:00:00Z,10.42,10.575,9.795,9.83,990609
2021-04-20T04:00:00Z,10.295,10.74,10.215,10.395,1438454
2021-04-19T04:00:00Z,9.885,10.44,9.855,10.17,1734690
2021-04-16T04:00:00Z,9.965,10.035,9.735,9.82,1005674
2021-04-15T04:00:00Z,10.03,10.1,9.915,9.975,895882
2021-04-14T04:00:00Z,10.16,10.335,10.04,10.31,1259278
2021-04-13T04:00:00Z,10.175,10.21,10,10.08,716771
2021-04-12T04:00:00Z,10.41,10.59,10.17,10.18,1026891
2021-04-09T04:00:00Z,10.43,10.485,10.145,10.31,1031482
2021-04-08T04:00:00Z,10.325,10.43,10.23,10.335,703153
2021-04-07T04:00:00Z,10.79,10.79,10.445,10.5,696330
2021-04-06T04:00:00Z,10.73,10.84,10.58,10.76,997148
2021-04-05T04:00:00Z,10.72,10.89,10.67,10.76,977297
2021-04-01T04:00:00Z,11.27,11.29,10.97,11.04,1074230
2021-03-31T04:00:00Z,11.35,11.645,11.195,11.38,887730
2021-03-30T04:00:00Z,12.02,12.145,11.5,11.505,672784
2021-03-29T04:00:00Z,12.03,12.365,11.895,12.025,1300425
2021-03-26T04:00:00Z,11.99,12.485,11.615,11.755,1503355
2021-03-25T04:00:00Z,12.715,13.29,12.165,12.21,1107410
2021-03-24T04:00:00Z,12.195,12.61,11.99,12.61,758457
2021-03-23T04:00:00Z,12.01,12.71,11.98,12.495,1060113
2021-03-22T04:00:00Z,12.605,12.685,11.85,11.94,952005
2021-03-19T04:00:00Z,13.2,13.55,12.71,12.77,1070394
2021-03-18T04:00:00Z,12.81,13.41,12.6,13.28,1026384
2021-03-17T04:00:00Z,13.315,13.365,12.59,12.59,1387122
2021-03-16T04:00:00Z,13.145,13.18,12.77,13.16,1000711
2021-03-15T04:00:00Z,13.91,13.99,13.115,13.14,768879
2021-03-12T05:00:00Z,14.485,14.53,13.95,13.95,643671
2021-03-11T05:00:00Z,14.355,14.37,14.12,14.225,772452
2021-03-10T05:00:00Z,14.37,14.69,14.37,14.58,724803
2021-03-09T05:00:00Z,14.945,15.025,14.595,14.77,719556
2021-03-08T05:00:00Z,15.185,15.52,14.84,15.39,621361
2021-03-05T05:00:00Z,15.7,16.735,15.07,15.13,1002889
2021-03-04T05:00:00Z,15.435,16.955,15.08,16.28,1265554
2021-03-03T05:00:00Z,14.805,15.62,14.74,15.605,2248022
2021-03-02T05:00:00Z,14.86,15.025,14.665,14.98,587087
2021-03-01T05:00:00Z,15.065,15.07,14.65,14.88,621148
2021-02-26T05:00:00Z,16.08,17.28,15.65,15.95,1302860
2021-02-25T05:00:00Z,14.77,17.195,14.56,16.79,3050596
2021-02-24T05:00:00Z,15.445,15.63,14.44,14.455,486950
2021-02-23T05:00:00Z,15.88,16.6,15.07,15.08,606368
2021-02-22T05:00:00Z,15.58,15.735,15.15,15.71,515199
2021-02-19T05:00:00Z,15.56,15.56,14.93,15.08,964088
2021-02-18T05:00:00Z,16.005,16.215,15.5,15.68,942948
2021-02-17T05:00:00Z,16.16,16.415,15.535,15.55,670955
2021-02-16T05:00:00Z,15.805,16.08,15.6,15.91,733756
2021-02-12T05:00:00Z,16.37,16.39,15.71,15.745,554524
2021-02-11T05:00:00Z,16.45,17.04,16.265,16.27,752183
2021-02-10T05:00:00Z,16.285,17.14,16.26,16.65,1061784
2021-02-09T05:00:00Z,16.555,16.66,16.19,16.39,863878
2021-02-08T05:00:00Z,16.375,16.63,16.34,16.34,321734
2021-02-05T05:00:00Z,16.45,16.805,16.45,16.45,321322
2021-02-04T05:00:00Z,16.875,16.875,16.51,16.51,525181
2021-02-03T05:00:00Z,17.75,18.055,17.23,17.25,493279
2021-02-02T05:00:00Z,18.94,18.94,18.005,18.16,537260
2021-02-01T05:00:00Z,20.06,21.25,19.615,19.84,458362
2021-01-29T05:00:00Z,20.32,21.745,19.195,20.99,1025523
2021-01-28T05:00:00Z,19.45,20.27,18.83,19.69,946206
2021-01-27T05:00:00Z,17.66,20.56,17.66,20.25,1231346
2021-01-26T05:00:00Z,16.72,16.92,16.465,16.8,542686
2021-01-25T05:00:00Z,16.58,17.755,16.45,17.08,645456
2021-01-22T05:00:00Z,16.565,16.67,16.205,16.385,338964
2021-01-21T05:00:00Z,16.305,16.575,16.155,16.18,431740
2021-01-20T05:00:00Z,16.39,16.645,16.225,16.325,317075
2021-01-19T05:00:00Z,16.61,16.9,16.54,16.61,514299
2021-01-15T05:00:00Z,16.925,17.5,16.685,17.09,643766
2021-01-14T05:00:00Z,16.38,16.77,16.145,16.695,427217
2021-01-13T05:00:00Z,16.69,16.84,16.345,16.465,256295
2021-01-12T05:00:00Z,16.885,17.435,16.705,16.735,397004
2021-01-11T05:00:00Z,16.96,17.385,16.705,17.33,311504
2021-01-08T05:00:00Z,16.375,16.915,16.235,16.35,408052
2021-01-07T05:00:00Z,16.785,16.865,16.5,16.52,659757
2021-01-06T05:00:00Z,17.545,17.975,16.54,17.59,873369
2021-01-05T05:00:00Z,18.68,18.68,17.485,17.63,371239
2021-01-04T05:00:00Z,16.825,18.795,16.825,18.22,624325
2020-12-31T05:00:00Z,16.77,17.065,16.475,16.67,338229
2020-12-30T05:00:00Z,17.275,17.415,16.74,16.82,263501
2020-12-29T05:00:00Z,16.57,17.745,16.56,17.49,316139
2020-12-28T05:00:00Z,16.625,16.835,16.57,16.82,127961
2020-12-24T05:00:00Z,17.125,17.135,16.885,16.89,83475
2020-12-23T05:00:00Z,17.725,17.765,17.075,17.38,256437
2020-12-22T05:00:00Z,18.27,18.465,18.04,18.11,196143
2020-12-21T05:00:00Z,18.82,19.43,18.065,18.475,481134
2020-12-18T05:00:00Z,16.92,17.57,16.9,17.06,331179
2020-12-17T05:00:00Z,17.03,17.095,16.63,16.77,240423
2020-12-16T05:00:00Z,17.5,17.705,17,17,212046
2020-12-15T05:00:00Z,17.995,18.195,17.555,17.57,249567
2020-12-14T05:00:00Z,17.35,18.37,17.29,18.365,255017
2020-12-11T05:00:00Z,17.71,18.465,17.525,18.02,307448
2020-12-10T05:00:00Z,17.29,17.46,16.89,17.32,159499
2020-12-09T05:00:00Z,16.405,17.32,16.285,17.15,147675
2020-12-08T05:00:00Z,17.315,17.345,16.605,16.605,119646
2020-12-07T05:00:00Z,17.285,17.375,17.125,17.2,98784
2020-12-04T05:00:00Z,17.19,17.19,16.96,17.08,140727
2020-12-03T05:00:00Z,17.03,17.535,17.03,17.39,138621
2020-12-02T05:00:00Z,17.33,17.375,16.89,17.295,108439
2020-12-01T05:00:00Z,17,17.415,16.925,17.35,179084
2020-11-30T05:00:00Z,17.565,18.165,17.16,17.16,185122
2020-11-27T05:00:00Z,17.25,17.635,17.105,17.46,72704
2020-11-25T05:00:00Z,18.08,18.305,17.44,17.44,92632
2020-11-24T05:00:00Z,17.955,18.32,17.955,18.02,120210
2020-11-23T05:00:00Z,18.375,18.7,18.06,18.385,112853
2020-11-20T05:00:00Z,18.65,18.655,18.245,18.59,197120
2020-11-19T05:00:00Z,18.98,19.035,18.335,18.61,101439
2020-11-18T05:00:00Z,18.105,18.98,17.935,18.98,190298
2020-11-17T05:00:00Z,18.885,19.1,18.26,18.395,99683
2020-11-16T05:00:00Z,18.815,19.27,18.57,18.63,55619
2020-11-13T05:00:00Z,19.585,19.625,18.755,19.02,136853
2020-11-12T05:00:00Z,19.275,20.74,19.085,20.34,166263
2020-11-11T05:00:00Z,19.235,19.36,18.67,19,157320
2020-11-10T05:00:00Z,19.585,20.27,19.44,19.53,275250
2020-11-09T05:00:00Z,19.11,20.07,18.23,20.07,273138
2020-11-06T05:00:00Z,21.785,21.795,20.52,20.58,142783
2020-11-05T05:00:00Z,21.665,22.22,21.45,21.97,165548
2020-11-04T05:00:00Z,23.49,23.49,22.24,22.39,242802
2020-11-03T05:00:00Z,25.15,25.27,24.215,24.55,172026
2020-11-02T05:00:00Z,25.295,26.285,25.285,25.88,159726
2020-10-30T04:00:00Z,26.16,26.99,25.79,26.5,131360
2020-10-29T04:00:00Z,27.22,27.69,24.945,25.68,168737
2020-10-28T04:00:00Z,26.1,27.765,25.81,27.7,376759
2020-10-27T04:00:00Z,24.2,24.68,23.765,24.24,316769
2020-10-26T04:00:00Z,22.67,24.56,22.485,24.09,396923
2020-10-23T04:00:00Z,22.11,22.65,22.02,22.165,106474
2020-10-22T04:00:00Z,22.525,22.82,21.98,22.15,108289
2020-10-21T04:00:00Z,23.1,23.4,22.535,22.665,271992
2020-10-20T04:00:00Z,23.14,23.32,22.895,23.2,122343
2020-10-19T04:00:00Z,22.165,23.37,22.135,23.245,255429
2020-10-16T04:00:00Z,22.165,22.26,21.76,22.26,322097
2020-10-15T04:00:00Z,22.95,23.1,22.05,22.11,137233
2020-10-14T04:00:00Z,21.9,22.245,21.6,21.94,186986
2020-10-13T04:00:00Z,22.08,22.565,21.975,22.12,200716
2020-10-12T04:00:00Z,21.865,22.285,21.795,21.865,153868
2020-10-09T04:00:00Z,22.785,22.795,22.285,22.305,170553
2020-10-08T04:00:00Z,24.315,24.345,23.475,23.55,213098
2020-10-07T04:00:00Z,24.9,24.92,24.32,24.525,170626
2020-10-06T04:00:00Z,24.76,25.535,24.31,25.25,250934
2020-10-05T04:00:00Z,25.64,25.795,24.81,24.95,66794
2020-10-02T04:00:00Z,26.305,26.31,25.3,25.735,161610
2020-10-01T04:00:00Z,24.64,25.395,24.64,25,172779
2020-09-30T04:00:00Z,24.6,25.14,24.295,24.855,114593
2020-09-29T04:00:00Z,25.45,25.45,24.56,24.895,207915
2020-09-28T04:00:00Z,25.375,25.65,25.27,25.485,47968
2020-09-25T04:00:00Z,26.185,26.39,25.385,25.54,77475
2020-09-24T04:00:00Z,26.7,27,25.78,26.26,70452
2020-09-23T04:00:00Z,25.255,26.71,25.2,26.69,222842
2020-09-22T04:00:00Z,25.18,25.985,25.135,25.355,122323
2020-09-21T04:00:00Z,25.35,26.62,25.065,25.19,220786
2020-09-18T04:00:00Z,24.12,24.975,23.695,24.345,227545
2020-09-17T04:00:00Z,25.73,25.73,24.285,24.46,249416
2020-09-16T04:00:00Z,24.79,24.995,24.305,24.96,183520
2020-09-15T04:00:00Z,24.81,25.45,24.7,25.03,92052
2020-09-14T04:00:00Z,25.255,25.445,24.73,25.055,145294
2020-09-11T04:00:00Z,26.4,27.13,25.525,25.525,168521
2020-09-10T04:00:00Z,26.61,27.75,26.41,27.115,206136
2020-09-09T04:00:00Z,27.495,27.845,26.36,26.785,346847
2020-09-08T04:00:00Z,31.42,31.42,28.175,28.365,242945
2020-09-04T04:00:00Z,30.96,34.055,28.55,29.07,370075
2020-09-03T04:00:00Z,28.26,32.71,27.38,31.665,515154
2020-09-02T04:00:00Z,27.275,28.205,27.14,28.06,129361
2020-09-01T04:00:00Z,26.95,27.46,26.65,27.295,152091
2020-08-31T04:00:00Z,26.245,27.075,25.685,26.84,236931
2020-08-28T04:00:00Z,26.01,27.095,25.175,25.565,237081
2020-08-27T04:00:00Z,24.49,27.67,24.45,25.63,278630
2020-08-26T04:00:00Z,24.25,25.08,23.645,24.94,255952
2020-08-25T04:00:00Z,24.58,25.28,24.23,24.405,189651
2020-08-24T04:00:00Z,23.92,24.745,23.89,24.615,282551
2020-08-21T04:00:00Z,24.885,25.03,24.49,24.605,136823
2020-08-20T04:00:00Z,25.8,25.8,24.405,24.49,239286
2020-08-19T04:00:00Z,24.21,24.925,23.97,24.755,210439
2020-08-18T04:00:00Z,24.32,24.93,24.11,24.33,161819
2020-08-17T04:00:00Z,24.88,25.09,24.425,24.59,258138
2020-08-14T04:00:00Z,25.71,25.925,25.34,25.495,197678
2020-08-13T04:00:00Z,25.665,25.85,24.905,25.52,280934
2020-08-12T04:00:00Z,25.91,26.02,25.33,25.55,352213
2020-08-11T04:00:00Z,25.17,27.11,25.03,26.93,279296
2020-08-10T04:00:00Z,26.15,26.5,25.665,25.785,260721
2020-08-07T04:00:00Z,27.1,27.13,26.275,26.61,176485
2020-08-06T04:00:00Z,27.08,27.325,26.665,26.78,108997
2020-08-05T04:00:00Z,27.215,27.52,26.955,27.025,84454
2020-08-04T04:00:00Z,28.28,28.28,27.54,27.635,229800
2020-08-03T04:00:00Z,28.44,28.73,28.13,28.52,129607
2020-07-31T04:00:00Z,28.4,29.9,28.4,28.54,268826
2020-07-30T04:00:00Z,29.96,31.25,29.015,29.23,239204
2020-07-29T04:00:00Z,28.705,29.08,28.425,28.57,122356
2020-07-28T04:00:00Z,29.28,29.545,28.24,29.235,160338
2020-07-27T04:00:00Z,29.8,30.17,29.285,29.33,202133
