2024-06-14T04:00:00Z,53.29,53.69,51.46,52.61,160762
2024-06-13T04:00:00Z,60.16,60.16,54.205,54.525,178035
2024-06-12T04:00:00Z,61.36,62.175,59.1,59.52,189576
2024-06-11T04:00:00Z,56.49,59.025,56.165,58.15,129217
2024-06-10T04:00:00Z,55.89,57.455,55.795,57.06,53627
2024-06-07T04:00:00Z,57.9,57.9,56.08,56.47,87435
2024-06-06T04:00:00Z,57.72,60.22,57.72,59.48,101333
2024-06-05T04:00:00Z,57.04,59.1,56.15,58.805,97648
2024-06-04T04:00:00Z,57.415,57.51,56.13,56.39,215800
2024-06-03T04:00:00Z,60.84,60.84,57.33,57.93,125159
2024-05-31T04:00:00Z,59.39,60.965,58.72,59.52,70999
2024-05-30T04:00:00Z,58.735,59.21,58.025,59.12,119109
2024-05-29T04:00:00Z,58.885,59.875,57.785,58.1,102307
2024-05-28T04:00:00Z,62.055,62.055,59.25,59.51,110852
2024-05-24T04:00:00Z,62.155,63.25,61.04,61.2,117134
2024-05-23T04:00:00Z,62.53,62.765,60.33,61.425,118818
2024-05-22T04:00:00Z,64.6,65.06,61.94,62.54,84917
2024-05-21T04:00:00Z,66.23,66.23,63.32,64.22,148937
2024-05-20T04:00:00Z,67.475,68.81,66.55,67.07,105357
2024-05-17T04:00:00Z,68.79,68.89,66.89,67.11,112310
2024-05-16T04:00:00Z,71,71,68.245,68.63,112077
2024-05-15T04:00:00Z,74.045,74.045,70.91,71.06,120891
2024-05-14T04:00:00Z,72.755,74.39,71.14,71.29,171669
2024-05-13T04:00:00Z,72.765,76,71.3,71.34,171032
2024-05-10T04:00:00Z,73.135,73.135,69.68,70.69,131115
2024-05-09T04:00:00Z,69.135,73.41,68.06,72.96,177702
2024-05-08T04:00:00Z,68.105,68.35,65.81,68.21,170497
2024-05-07T04:00:00Z,68.45,69.64,66.56,69.605,199575
2024-05-06T04:00:00Z,64.09,68.64,63.17,68.46,241229
2024-05-03T04:00:00Z,61.44,63.6,60.36,63.6,240446
2024-05-02T04:00:00Z,60,60,55.425,58.65,448518
2024-05-01T04:00:00Z,50.375,53.34,49.48,50.5,310587
2024-04-30T04:00:00Z,51.17,52.905,50.11,50.15,191974
2024-04-29T04:00:00Z,51.93,52.46,51.03,51.19,147843
2024-04-26T04:00:00Z,50.5,52.51,49.32,52,190897
2024-04-25T04:00:00Z,50.9,52.365,50.9,50.975,144581
2024-04-24T04:00:00Z,56.91,57.5,52.32,52.915,252648
2024-04-23T04:00:00Z,54.97,58.4,54.97,57.77,180542
2024-04-22T04:00:00Z,54.325,55.47,52.97,54.765,184365
2024-04-19T04:00:00Z,54.195,54.59,52.74,53.69,132880
2024-04-18T04:00:00Z,55.205,56.96,54.55,54.76,124415
2024-04-17T04:00:00Z,55.74,56.85,54.455,54.75,114763
2024-04-16T04:00:00Z,55.28,55.99,53.01,55.38,293678
2024-04-15T04:00:00Z,60.83,60.83,56.23,56.405,220442
2024-04-12T04:00:00Z,61.775,62.175,59.865,60.355,99086
2024-04-11T04:00:00Z,61.57,63.4,61.16,62.74,145130
2024-04-10T04:00:00Z,62.225,63.69,60.84,61.7,218078
2024-04-09T04:00:00Z,65.405,66.94,63.99,66.335,91550
2024-04-08T04:00:00Z,63.21,65.38,62.88,65.34,84928
2024-04-05T04:00:00Z,62.05,63.76,61.57,63.22,124203
2024-04-04T04:00:00Z,65.8,65.945,62.365,62.73,168476
2024-04-03T04:00:00Z,63.35,63.805,61.44,62.445,124439
2024-04-02T04:00:00Z,63.7,63.96,62.12,63.69,160213
2024-04-01T04:00:00Z,66.18,66.75,64.74,65.94,226968
2024-03-28T04:00:00Z,70.07,71.21,67.545,67.83,136460
2024-03-27T04:00:00Z,67.7,69.135,66.66,67.59,245356
2024-03-26T04:00:00Z,64.095,66.53,64.03,64.725,94293
2024-03-25T04:00:00Z,64.395,65.32,63.15,63.335,187725
2024-03-22T04:00:00Z,65.215,65.215,63.05,63.37,102709
2024-03-21T04:00:00Z,64,66.365,64,65.66,134547
2024-03-20T04:00:00Z,59.895,65.01,59.155,64.76,198029
2024-03-19T04:00:00Z,60.71,62.22,59.745,59.83,100528
2024-03-18T04:00:00Z,61.25,61.365,59.79,60.23,107824
2024-03-15T04:00:00Z,62.4,63.25,60.8,60.935,70521
2024-03-14T04:00:00Z,64.745,64.745,61.59,62.595,88366
2024-03-13T04:00:00Z,63.515,66.155,63.5,64.41,116596
2024-03-12T04:00:00Z,60.33,62.07,60.03,62,140146
2024-03-11T04:00:00Z,60.7,61.23,58.8,58.81,90502
2024-03-08T05:00:00Z,60.835,64.25,60.835,61.53,175634
2024-03-07T05:00:00Z,60.365,60.64,59.04,59.84,71487
2024-03-06T05:00:00Z,61.655,61.85,58.47,59.87,73928
2024-03-05T05:00:00Z,60,61.01,59.18,60.32,93216
2024-03-04T05:00:00Z,60.165,62.67,59.87,61.31,141940
2024-03-01T05:00:00Z,59.67,60.605,58.69,60.15,110722
2024-02-29T05:00:00Z,59.095,61.525,58.77,59.59,148686
2024-02-28T05:00:00Z,55.53,58.83,55.53,57.69,128316
2024-02-27T05:00:00Z,54.47,57.6,54.18,57.34,218990
2024-02-26T05:00:00Z,52.25,54.64,51.92,52.48,154868
2024-02-23T05:00:00Z,52.815,55.15,51.83,52.55,239402
2024-02-22T05:00:00Z,51.76,54.9,50.11,54,707307
2024-02-21T05:00:00Z,49.03,49.405,47.455,48.75,284010
2024-02-20T05:00:00Z,50.895,50.99,49.34,50.485,174052
2024-02-16T05:00:00Z,52.31,53.17,50.09,52,112257
2024-02-15T05:00:00Z,52.265,53.02,51.36,52.24,71412
2024-02-14T05:00:00Z,50.58,52.41,48.9,51.93,106683
2024-02-13T05:00:00Z,50.4,51.51,49.45,50.395,191902
2024-02-12T05:00:00Z,52.66,55.25,52.5,54.21,142627
2024-02-09T05:00:00Z,51.73,52.81,51.04,52.41,97274
2024-02-08T05:00:00Z,49.33,52.35,48.93,51.6,171716
2024-02-07T05:00:00Z,50.12,50.125,48.06,49.77,99433
2024-02-06T05:00:00Z,48.8,50.64,48.25,50.635,83037
2024-02-05T05:00:00Z,50.17,50.235,48.7,49.02,104259
2024-02-02T05:00:00Z,50.385,51.64,48.15,51.54,138594
2024-02-01T05:00:00Z,50.935,51.56,49.04,51.24,156774
2024-01-31T05:00:00Z,51.165,54.32,49.8,50.25,160538
2024-01-30T05:00:00Z,54.395,54.555,51.65,51.81,91959
2024-01-29T05:00:00Z,56.18,56.325,53.67,54.95,133952
2024-01-26T05:00:00Z,55.215,57.225,55.01,56.17,167768
2024-01-25T05:00:00Z,55.16,56.25,53.045,54.89,87149
2024-01-24T05:00:00Z,57.8,57.9,54.52,54.8,196304
2024-01-23T05:00:00Z,59.3,60.075,57.46,57.85,170997
2024-01-22T05:00:00Z,57.2,61.22,57.2,58.8,287590
2024-01-19T05:00:00Z,57.92,58.225,54.54,56.11,541866
2024-01-18T05:00:00Z,52.06,52.5,49.96,50.93,112014
2024-01-17T05:00:00Z,50.585,51.42,48.995,51.38,120681
2024-01-16T05:00:00Z,53,53.01,50.715,51.75,123026
2024-01-12T05:00:00Z,55.13,56.2,50.645,50.935,121018
2024-01-11T05:00:00Z,56.03,57,53.81,55.16,91184
2024-01-10T05:00:00Z,56.205,57.66,55.63,56.42,118044
2024-01-09T05:00:00Z,54.14,57.005,54.05,55.76,83334
2024-01-08T05:00:00Z,54.89,56.485,54.83,56.37,74000
2024-01-05T05:00:00Z,55.1,57.05,55.1,55.3,211174
2024-01-04T05:00:00Z,53.715,56.725,53.48,56.27,183179
2024-01-03T05:00:00Z,56.6,57.08,54,55.04,177833
2024-01-02T05:00:00Z,60.46,61.54,58.49,58.75,136901
2023-12-29T05:00:00Z,64.465,65.21,61.395,61.69,89899
2023-12-28T05:00:00Z,64.225,64.625,63.23,64.11,46249
2023-12-27T05:00:00Z,65.585,66.95,64.29,64.44,45332
2023-12-26T05:00:00Z,67.45,67.45,64.82,64.85,50429
2023-12-22T05:00:00Z,67.55,69.53,65.87,67.14,76702
2023-12-21T05:00:00Z,67.05,68.37,65.67,68.18,118553
2023-12-20T05:00:00Z,65.67,68.19,64.68,64.68,143029
2023-12-19T05:00:00Z,64.11,67.03,64.11,66.73,143593
2023-12-18T05:00:00Z,63.99,65.51,62.74,62.9,104333
2023-12-15T05:00:00Z,64.84,65.4,62.16,64.14,176260
2023-12-14T05:00:00Z,62.115,66.98,62.115,64.17,370532
2023-12-13T05:00:00Z,52.125,57.97,50.19,56.94,366514
2023-12-12T05:00:00Z,54.36,54.36,51.08,52.04,248251
2023-12-11T05:00:00Z,54.42,56.56,54.42,54.875,139979
2023-12-08T05:00:00Z,52.4,55.645,51.96,55.02,171288
2023-12-07T05:00:00Z,52.48,53.595,52.05,53.075,116495
2023-12-06T05:00:00Z,56.22,56.4,52.19,53.08,154607
2023-12-05T05:00:00Z,57.495,58.14,55.61,55.61,179656
2023-12-04T05:00:00Z,57.89,59.68,57.505,58.29,72154
2023-12-01T05:00:00Z,56.125,58.905,55.6,58.45,177588
2023-11-30T05:00:00Z,58.72,58.86,55.745,55.77,96608
2023-11-29T05:00:00Z,58.21,60.685,58.09,58.5,137111
2023-11-28T05:00:00Z,52.36,57.135,51.76,56.995,210719
2023-11-27T05:00:00Z,49.425,53.11,49.36,52.77,170192
2023-11-24T05:00:00Z,48.575,49.44,47.7,49.11,45295
2023-11-22T05:00:00Z,48.82,49.845,48.17,48.85,79269
2023-11-21T05:00:00Z,48.505,49.01,47.345,48.2,90229
2023-11-20T05:00:00Z,47.33,50.41,47.33,49.46,121771
2023-11-17T05:00:00Z,46.635,47.535,46,47.16,65555
2023-11-16T05:00:00Z,46.45,47.2,45.545,46.085,128535
2023-11-15T05:00:00Z,46.08,50.12,46.08,47.575,271383
2023-11-14T05:00:00Z,44.09,46.52,43.96,45.58,268878
2023-11-13T05:00:00Z,42.54,42.705,40.99,41.32,150847
2023-11-10T05:00:00Z,42.385,43.43,41.94,43.2,160506
2023-11-09T05:00:00Z,46.65,46.69,42.675,42.89,169104
2023-11-08T05:00:00Z,45.845,47.2,45.69,46.435,96660
2023-11-07T05:00:00Z,46.5,47.03,44.73,46.33,159051
2023-11-06T05:00:00Z,49.9,50.065,45.7,46.19,162793
2023-11-03T04:00:00Z,48.13,50.39,47.465,49.69,251124
2023-11-02T04:00:00Z,47.02,49.27,46.635,46.725,221215
2023-11-01T04:00:00Z,40.9,45.47,40.07,44.4,428893
2023-10-31T04:00:00Z,42.15,42.92,40.31,42.64,214119
2023-10-30T04:00:00Z,41.51,42,39.87,41.85,127682
2023-10-27T04:00:00Z,39.81,41.4,39.73,40.61,135594
2023-10-26T04:00:00Z,40.52,40.73,38.42,39.29,180843
2023-10-25T04:00:00Z,42.1,42.44,40.33,40.33,133417
2023-10-24T04:00:00Z,43.71,44.96,43.04,43.38,96406
2023-10-23T04:00:00Z,43.12,43.725,42.08,42.32,98857
2023-10-20T04:00:00Z,43.545,45.99,43.545,43.89,158053
2023-10-19T04:00:00Z,46.02,46.02,43.75,43.76,116246
2023-10-18T04:00:00Z,46.15,46.63,43.98,45.17,117742
2023-10-17T04:00:00Z,46.93,48.73,46.33,47.17,102082
2023-10-16T04:00:00Z,47.73,48.74,46.735,47.73,66322
2023-10-13T04:00:00Z,49.845,50.11,47.06,47.31,171819
2023-10-12T04:00:00Z,53.31,53.525,50.23,50.28,116463
2023-10-11T04:00:00Z,55.54,56.18,53.15,54.45,60134
2023-10-10T04:00:00Z,53.975,57.23,53.775,55.465,79802
2023-10-09T04:00:00Z,55.03,55.47,52.43,53.43,103722
2023-10-06T04:00:00Z,54.875,57.905,54.46,57.045,98460
2023-10-05T04:00:00Z,57.345,57.745,53.845,55.03,230241
2023-10-04T04:00:00Z,58.3,58.72,56.65,58.15,112125
2023-10-03T04:00:00Z,62.1,62.305,55.27,56.91,243870
2023-10-02T04:00:00Z,61.34,62.54,60.77,62.48,118916
2023-09-29T04:00:00Z,61.075,62.265,60.28,60.51,63507
2023-09-28T04:00:00Z,57.55,60.63,57.55,59.7,78018
2023-09-27T04:00:00Z,57.455,59.66,56.7,58.99,101173
2023-09-26T04:00:00Z,59.08,59.08,56.69,56.83,102079
2023-09-25T04:00:00Z,58.415,60.05,57.94,59.43,92991
2023-09-22T04:00:00Z,63.08,63.34,59.15,59.35,113297
2023-09-21T04:00:00Z,61.545,62.28,60.21,60.545,93852
2023-09-20T04:00:00Z,64.4,66.03,63.57,63.58,62195
2023-09-19T04:00:00Z,63.52,64.135,62.24,63.62,76179
2023-09-18T04:00:00Z,70,70.04,62.905,63.605,377443
2023-09-15T04:00:00Z,70.805,71.25,69.64,70.95,52902
2023-09-14T04:00:00Z,71.965,74.11,70.44,71.17,112788
2023-09-13T04:00:00Z,71.48,72.11,70.63,71.5,93613
2023-09-12T04:00:00Z,72.865,73.525,71.22,71.81,92658
2023-09-11T04:00:00Z,72.545,74.94,72.26,73.97,91463
2023-09-08T04:00:00Z,70.015,72.01,69.82,71.15,98654
2023-09-07T04:00:00Z,69.645,71.67,68.09,70.97,84098
2023-09-06T04:00:00Z,74.08,74.125,71.4,72.375,93399
2023-09-05T04:00:00Z,71.595,74.92,71.53,74.79,85722
2023-09-01T04:00:00Z,69.89,72.42,69.86,72.19,79491
2023-08-31T04:00:00Z,68.77,69.79,67.995,69.14,42527
2023-08-30T04:00:00Z,66.37,69.45,66.135,68.95,77367
2023-08-29T04:00:00Z,63.64,67.64,63.64,66.24,140176
2023-08-28T04:00:00Z,65.8,65.8,63.68,63.805,83146
2023-08-25T04:00:00Z,66.885,66.885,63.94,65.21,69086
2023-08-24T04:00:00Z,67.56,67.735,64.42,65.945,115605
2023-08-23T04:00:00Z,65.45,68.475,65.4,67.4,108765
2023-08-22T04:00:00Z,70.915,70.925,65.26,65.27,177887
2023-08-21T04:00:00Z,70.045,71.49,68.19,70.01,98071
2023-08-18T04:00:00Z,68.57,70.71,68.55,70.46,73562
2023-08-17T04:00:00Z,74.385,74.81,69.76,70.18,184745
2023-08-16T04:00:00Z,76.36,76.46,73.91,74.03,76604
2023-08-15T04:00:00Z,77.7,78.27,75.39,76.92,73530
2023-08-14T04:00:00Z,75,78.72,73.9,78.35,107892
2023-08-11T04:00:00Z,74.45,75.3,71.23,74.99,135099
2023-08-10T04:00:00Z,76.375,77.385,72.43,72.85,116556
2023-08-09T04:00:00Z,80.8,80.83,74.56,74.69,125302
2023-08-08T04:00:00Z,82.39,82.765,80.91,81.76,113638
2023-08-07T04:00:00Z,85.73,85.73,81.67,83.26,90410
2023-08-04T04:00:00Z,85.35,85.88,81.38,83.09,132882
2023-08-03T04:00:00Z,82.315,90.67,79.3,84.56,514005
2023-08-02T04:00:00Z,73.66,74.3,71.5,72.91,198266
2023-08-01T04:00:00Z,76.41,76.58,73.25,75.9,130079
2023-07-31T04:00:00Z,75.6,78.1,73.98,77.97,196421
2023-07-28T04:00:00Z,70.49,74.17,70.49,73.07,108340
2023-07-27T04:00:00Z,71.69,71.83,67.97,68.655,125507
2023-07-26T04:00:00Z,68.57,69.66,66.41,68.325,78790
2023-07-25T04:00:00Z,70.565,71,68.26,68.72,120015
2023-07-24T04:00:00Z,72.22,73.12,69.19,69.42,72745
2023-07-21T04:00:00Z,71.63,73.31,70.55,71.06,106116
2023-07-20T04:00:00Z,70.9,71.5,69.225,70.79,108150
2023-07-19T04:00:00Z,73.06,73.67,71.11,71.395,127626
2023-07-18T04:00:00Z,72.075,73.655,71.25,71.45,107830
2023-07-17T04:00:00Z,69.265,72.13,69,70.605,90864
2023-07-14T04:00:00Z,71.735,73.51,68.46,69.46,222843
2023-07-13T04:00:00Z,69.745,72.48,69.05,72.2,210899
2023-07-12T04:00:00Z,69.95,70.24,67.27,68.78,120680
2023-07-11T04:00:00Z,65.32,68.695,65.21,67.995,186522
2023-07-10T04:00:00Z,61.135,65.63,61.135,65.49,161350
2023-07-07T04:00:00Z,58.14,62.03,58.14,61.63,227678
2023-07-06T04:00:00Z,61.95,61.95,56.47,57.545,349743
2023-07-05T04:00:00Z,67.74,67.74,63.24,63.84,340191
2023-07-03T04:00:00Z,65.815,68.35,65.76,68.35,59004
2023-06-30T04:00:00Z,64.7,66.24,63.62,65.03,142109
2023-06-29T04:00:00Z,62.835,65.13,62.58,62.89,212392
2023-06-28T04:00:00Z,63.245,65.01,62.24,62.45,200046
2023-06-27T04:00:00Z,60.27,65.08,59.625,63.81,200503
2023-06-26T04:00:00Z,57.245,60.68,57.145,59.52,185462
2023-06-23T04:00:00Z,56.65,58.855,56.03,57.35,112562
2023-06-22T04:00:00Z,54.98,57.32,54.775,57.1,93439
2023-06-21T04:00:00Z,56.88,57.405,54.12,55.42,106415
2023-06-20T04:00:00Z,55.39,57.99,54.14,56.53,147820
2023-06-16T04:00:00Z,53.47,55.52,53.47,55.305,171961
2023-06-15T04:00:00Z,52.88,54.605,51.98,53.33,138372
2023-06-14T04:00:00Z,51.45,54.31,50.95,52.745,206057
2023-06-13T04:00:00Z,52.07,52.08,49.645,51.37,336104
2023-06-12T04:00:00Z,52.33,52.5,49.89,51.23,239111
2023-06-09T04:00:00Z,54.33,55.27,51.56,52.09,211797
2023-06-08T04:00:00Z,50.64,54.365,50.46,52.95,325233
2023-06-07T04:00:00Z,52.635,52.82,48.64,49.305,317693
2023-06-06T04:00:00Z,45.795,49.92,45.695,49.43,270108
2023-06-05T04:00:00Z,43.03,46.45,42.65,46.25,210467
2023-06-02T04:00:00Z,44.39,44.85,42.41,43.2,137253
2023-06-01T04:00:00Z,40.15,43.73,39.15,43.01,177905
2023-05-31T04:00:00Z,40.1,41.25,37.86,40.31,162241
2023-05-30T04:00:00Z,38.52,40.8,38.09,40.78,240624
2023-05-26T04:00:00Z,35.1,37.005,34.915,36.43,117334
2023-05-25T04:00:00Z,35.69,36.24,34.28,34.86,72250
2023-05-24T04:00:00Z,35.05,35.51,34.325,35.04,74928
2023-05-23T04:00:00Z,34.46,36.95,34.46,35.2,283749
2023-05-22T04:00:00Z,35.02,35.32,33.9,34.415,161138
2023-05-19T04:00:00Z,38.095,38.19,35.3,35.3,192604
2023-05-18T04:00:00Z,37.05,38.73,36.87,38.6,163902
2023-05-17T04:00:00Z,35.735,37.3,34.85,37.115,138586
2023-05-16T04:00:00Z,35.91,35.99,34.62,35.59,99758
2023-05-15T04:00:00Z,34.5,37.06,34.455,36.68,144519
2023-05-12T04:00:00Z,36.17,36.17,33.985,34.76,160548
2023-05-11T04:00:00Z,35.94,36.91,35.68,36.44,151312
2023-05-10T04:00:00Z,36.93,37.01,34.04,35.85,470924
2023-05-09T04:00:00Z,37.55,38.76,36.47,36.59,473152
2023-05-08T04:00:00Z,40.03,40.985,38.6,39.99,117178
2023-05-05T04:00:00Z,37.27,41.68,37.145,40.19,333805
2023-05-04T04:00:00Z,35.1,37.74,34.52,36.21,507370
2023-05-03T04:00:00Z,31.25,32.89,30.86,31.28,160854
2023-05-02T04:00:00Z,30.74,32.9,29.55,31.64,373689
2023-05-01T04:00:00Z,34.63,34.63,32.25,32.27,264531
2023-04-28T04:00:00Z,35.97,36.09,34.73,34.815,171481
2023-04-27T04:00:00Z,35.85,36.7,35.135,36.47,128860
2023-04-26T04:00:00Z,36.315,36.75,34.79,35.06,109119
2023-04-25T04:00:00Z,36.645,37.325,35.78,35.83,84458
2023-04-24T04:00:00Z,36.83,38.27,35.5,37.02,98195
2023-04-21T04:00:00Z,36.77,37.05,36,36.85,77917
2023-04-20T04:00:00Z,35.735,37.08,35.735,36.61,116987
2023-04-19T04:00:00Z,35.085,36.86,34.52,36.54,87445
2023-04-18T04:00:00Z,36.16,36.8,35.8,36.09,121833
2023-04-17T04:00:00Z,34.59,35.95,34.53,35.65,97322
2023-04-14T04:00:00Z,34.95,35.83,34.08,34.805,65429
2023-04-13T04:00:00Z,34.7,35.93,34.38,35.14,90242
2023-04-12T04:00:00Z,36.805,37.35,33.97,34.06,97941
2023-04-11T04:00:00Z,35.575,36.21,34.66,35.7,140479
2023-04-10T04:00:00Z,33.33,35.64,33.05,35.42,101592
2023-04-06T04:00:00Z,33.94,34.82,32.86,33.65,132592
2023-04-05T04:00:00Z,34.97,35.58,33.64,34.44,129076
2023-04-04T04:00:00Z,36.49,36.575,34.67,35.83,139699
2023-04-03T04:00:00Z,34.445,36.02,33.88,35.83,98600
2023-03-31T04:00:00Z,32.415,34.82,32.06,34.32,131464
2023-03-30T04:00:00Z,34.04,34.205,31.595,32.5,268376
2023-03-29T04:00:00Z,33.965,34.47,32.32,33.42,160713
2023-03-28T04:00:00Z,33.65,34.545,32.84,33.07,167369
2023-03-27T04:00:00Z,34.71,34.71,32.14,33.315,81615
2023-03-24T04:00:00Z,33.8,34.77,32.77,34.23,120039
2023-03-23T04:00:00Z,33.34,35.455,33.01,34.2,167355
2023-03-22T04:00:00Z,33.765,35.15,32.58,32.58,187905
2023-03-21T04:00:00Z,32.295,34.15,32.18,33.46,161635
2023-03-20T04:00:00Z,31.23,32.72,30.6,31.37,110251
2023-03-17T04:00:00Z,31.88,32.2,30.85,31.69,94320
2023-03-16T04:00:00Z,31.99,33.03,30.81,32.52,179403
2023-03-15T04:00:00Z,30.5,32.6,30.27,32.31,269824
2023-03-14T04:00:00Z,33.73,34.38,30.46,31.015,254602
2023-03-13T04:00:00Z,31.55,34.54,30.44,32.565,240525
2023-03-10T05:00:00Z,35.96,35.98,31.83,32.45,317586
2023-03-09T05:00:00Z,38.01,39.14,36.1,36.23,167542
2023-03-08T05:00:00Z,38.605,39.07,37.12,38.59,113300
2023-03-07T05:00:00Z,38.97,41.33,38.84,39.02,116015
2023-03-06T05:00:00Z,40.995,41.77,39.14,39.24,97539
2023-03-03T05:00:00Z,39.42,41.03,39.03,40.52,121393
2023-03-02T05:00:00Z,38.62,39.57,37.73,38.85,135373
2023-03-01T05:00:00Z,40.12,40.425,39.235,39.32,116663
2023-02-28T05:00:00Z,39.25,41.54,38.76,40.48,245265
2023-02-27T05:00:00Z,37.905,39.31,37.225,39.2,227045
2023-02-24T05:00:00Z,37.635,38.33,36.08,37.46,287505
2023-02-23T05:00:00Z,45.57,46.51,34.38,38.335,782350
2023-02-22T05:00:00Z,48.7,49.935,48.01,49.77,177225
2023-02-21T05:00:00Z,49.39,50.82,47.88,47.98,197973
2023-02-17T05:00:00Z,50.885,52.05,50.43,51.8,131554
2023-02-16T05:00:00Z,52.75,54.175,51.09,51.09,75055
2023-02-15T05:00:00Z,50.805,55.73,50.805,55.61,155426
2023-02-14T05:00:00Z,51.57,53.23,49.08,50.355,196090
2023-02-13T05:00:00Z,52.08,52.99,49.57,52.635,150186
2023-02-10T05:00:00Z,55.685,55.75,52.135,52.155,215821
2023-02-09T05:00:00Z,63.74,64.59,57.905,57.94,135024
2023-02-08T05:00:00Z,63.33,64.5,61.65,62.47,135359
2023-02-07T05:00:00Z,63.9,64.11,60.76,63.53,204917
2023-02-06T05:00:00Z,65.25,67.02,63.75,64.85,159139
2023-02-03T05:00:00Z,68.37,71.54,66.4,67.12,264124
2023-02-02T05:00:00Z,69.52,74.17,68.1,72.72,507014
2023-02-01T05:00:00Z,61.2,67.09,59.9,66.49,194450
2023-01-31T05:00:00Z,59.56,60.94,58.67,60.51,173780
2023-01-30T05:00:00Z,61.65,62.67,57.3,58.665,289681
2023-01-27T05:00:00Z,55.965,65.12,55.965,63.73,324674
2023-01-26T05:00:00Z,58.5,59.11,54.05,56.21,174230
2023-01-25T05:00:00Z,52.18,56.6,50.96,56.235,391744
2023-01-24T05:00:00Z,56.23,60.36,54.425,54.66,359689
2023-01-23T05:00:00Z,53.39,59.65,53.32,59.435,929875
2023-01-20T05:00:00Z,42.22,48.93,41.69,46.74,824879
2023-01-19T05:00:00Z,39.74,40.56,38.52,38.92,221539
2023-01-18T05:00:00Z,44.24,44.82,41.02,41.05,174432
2023-01-17T05:00:00Z,44.4,44.5,42.55,43,160119
2023-01-13T05:00:00Z,42,44.53,41.9,43.24,174798
2023-01-12T05:00:00Z,43.025,43.03,38.95,42.13,247587
2023-01-11T05:00:00Z,40.7,42.125,40.17,41.975,153311
2023-01-10T05:00:00Z,38.275,40.21,37.65,40.2,127490
2023-01-09T05:00:00Z,38.345,40.11,37.7,37.85,309555
2023-01-06T05:00:00Z,36.04,38.115,34.155,37.995,230733
2023-01-05T05:00:00Z,34.66,35.78,34.01,35.45,140761
2023-01-04T05:00:00Z,33.87,36.09,33.02,35.9,265464
2023-01-03T05:00:00Z,34.41,35,31.55,32.76,117308
2022-12-30T05:00:00Z,32.06,33.31,31.95,32.89,91130
2022-12-29T05:00:00Z,31.81,34.09,31.12,33.175,142018
2022-12-28T05:00:00Z,31.68,32.21,30.68,31.41,131014
2022-12-27T05:00:00Z,33.03,33.74,32.11,32.16,97056
2022-12-23T05:00:00Z,33.82,33.955,32.785,33.545,82592
2022-12-22T05:00:00Z,35.01,35.22,31.44,34.27,182505
2022-12-21T05:00:00Z,35.54,37.085,35.06,36.77,163349
2022-12-20T05:00:00Z,33.43,34.85,32.67,34.41,129504
2022-12-19T05:00:00Z,37.01,37.23,33.73,34.2,117960
2022-12-16T05:00:00Z,38.16,38.16,36.02,36.95,131637
2022-12-15T05:00:00Z,39.805,40.08,36.66,38.11,230142
2022-12-14T05:00:00Z,40.19,42.86,39.66,41.46,246582
2022-12-13T05:00:00Z,41.925,42.5,37.57,39.63,255274
2022-12-12T05:00:00Z,38.13,38.495,34.94,37.33,201315
2022-12-09T05:00:00Z,36.31,38.915,35.71,37.74,246170
2022-12-08T05:00:00Z,35.155,37.42,34.77,36.885,113968
2022-12-07T05:00:00Z,36.61,38,35.02,35.54,138424
2022-12-06T05:00:00Z,38.89,39.17,36.71,37.03,162343
2022-12-05T05:00:00Z,41.79,42.83,37.97,38.54,339133
2022-12-02T05:00:00Z,40.45,42.12,39.27,42.1,324018
2022-12-01T05:00:00Z,36.775,41.96,36.76,41.72,389144
2022-11-30T05:00:00Z,34.39,36.72,32.75,36.65,807367
2022-11-29T05:00:00Z,32.315,32.66,31,31.68,195850
2022-11-28T05:00:00Z,32.095,33.005,31.61,32.28,262660
2022-11-25T05:00:00Z,32.5,33.13,31.78,32.04,61391
2022-11-23T05:00:00Z,33.35,33.98,32.38,32.97,142201
2022-11-22T05:00:00Z,31.94,33.795,31.78,33.02,316420
2022-11-21T05:00:00Z,32.3,33.25,30.99,33.035,385074
2022-11-18T05:00:00Z,34.98,35.35,32.42,33.22,363085
2022-11-17T05:00:00Z,36.19,36.61,33.525,34.09,296075
2022-11-16T05:00:00Z,40,40.29,36.85,37.6,311863
2022-11-15T05:00:00Z,42.65,43.63,40.91,42.17,218750
2022-11-14T05:00:00Z,40.45,43.75,40.05,40.54,308837
2022-11-11T05:00:00Z,36.285,42.845,35.66,41.54,413492
2022-11-10T05:00:00Z,32.82,38.89,32.76,36.83,794773
2022-11-09T05:00:00Z,31.74,31.74,28.715,28.75,202069
2022-11-08T05:00:00Z,32.88,33.19,30.89,31.995,114594
2022-11-07T05:00:00Z,32.975,33.215,30.98,32.68,165551
2022-11-04T04:00:00Z,39.2,39.33,31.14,32.73,376950
2022-11-03T04:00:00Z,35.13,40.24,34.72,37.435,488652
2022-11-02T04:00:00Z,37.49,38.97,35.48,35.7,314425
2022-11-01T04:00:00Z,39.76,40.6,37.51,37.81,299935
2022-10-31T04:00:00Z,36.11,38.17,35.89,37.915,207305
2022-10-28T04:00:00Z,33.635,36.22,32.7,36.16,246141
2022-10-27T04:00:00Z,35.68,36.25,34.63,35.24,252056
2022-10-26T04:00:00Z,33.81,37.62,33.6,35.1,221527
2022-10-25T04:00:00Z,32.595,35.07,32.595,34.52,194426
2022-10-24T04:00:00Z,32.7,32.83,30.7,32.02,136712
2022-10-21T04:00:00Z,31.38,33.48,30.89,33.18,173187
2022-10-20T04:00:00Z,31.69,33.17,31.17,32.155,153572
2022-10-19T04:00:00Z,33.54,34.275,31.19,31.685,239300
2022-10-18T04:00:00Z,34.59,36.4,32.39,34.6,321183
2022-10-17T04:00:00Z,29.76,32.95,29.59,32.27,300864
2022-10-14T04:00:00Z,31.76,32.14,28.12,28.34,128060
2022-10-13T04:00:00Z,29.82,31.36,28.84,30.84,165944
2022-10-12T04:00:00Z,31.12,31.91,29.67,31.83,120539
2022-10-11T04:00:00Z,30.44,31.94,28.95,30.76,354240
2022-10-10T04:00:00Z,30.61,30.65,29.575,30.27,235061
2022-10-07T04:00:00Z,32.11,32.46,30,30.64,232122
2022-10-06T04:00:00Z,35.67,36.6,33.59,33.68,99924
2022-10-05T04:00:00Z,35.61,36.35,34.29,35.59,187237
2022-10-04T04:00:00Z,36.34,37.4,35.81,37.39,199488
2022-10-03T04:00:00Z,33.32,34.92,32.1,34.11,133013
2022-09-30T04:00:00Z,34.02,34.86,32.47,32.55,238168
2022-09-29T04:00:00Z,36.35,36.35,34.01,34.495,147836
2022-09-28T04:00:00Z,36.09,38.265,36.09,37.89,131510
2022-09-27T04:00:00Z,36.86,37.48,35.33,35.925,126779
2022-09-26T04:00:00Z,37.84,39.31,35.73,35.76,132530
2022-09-23T04:00:00Z,38.49,39.23,36.69,37.82,181920
2022-09-22T04:00:00Z,42.17,42.25,38.73,39.21,177799
2022-09-21T04:00:00Z,43.605,45.6,42.2,42.31,206283
2022-09-20T04:00:00Z,46.05,46.29,42.89,42.95,99153
2022-09-19T04:00:00Z,44.425,46.26,44.34,46.14,89989
2022-09-16T04:00:00Z,46.93,47.665,45.04,45.16,214588
2022-09-15T04:00:00Z,49.75,52.61,48.03,48.38,195427
2022-09-14T04:00:00Z,49.98,50.08,47.6,50.04,125143
2022-09-13T04:00:00Z,52.2,52.47,49,49.83,218392
2022-09-12T04:00:00Z,52.6,56.3,52.04,55.94,274138
2022-09-09T04:00:00Z,48.58,52.01,47.92,52.01,266022
2022-09-08T04:00:00Z,47.55,49.33,46.21,48.82,324738
2022-09-07T04:00:00Z,48.12,50.95,47.49,50.7,103246
2022-09-06T04:00:00Z,50,50,47.09,48.49,115245
2022-09-02T04:00:00Z,50.89,52,48.87,49.73,103745
2022-09-01T04:00:00Z,50.85,51.41,48.38,50.9,106883
2022-08-31T04:00:00Z,53.88,54.36,52.2,52.69,81856
2022-08-30T04:00:00Z,56.49,57.16,52.91,53.31,101581
2022-08-29T04:00:00Z,53.05,56.13,52.08,54.33,128616
2022-08-26T04:00:00Z,58.1,58.37,52.385,53.48,163273
2022-08-25T04:00:00Z,55.58,57.64,54.51,57.565,72752
2022-08-24T04:00:00Z,54.96,57.79,54.78,55.19,126672
2022-08-23T04:00:00Z,55.71,57.02,54,54.05,132086
2022-08-22T04:00:00Z,54.96,56.06,53.23,54.34,171182
2022-08-19T04:00:00Z,65.72,66.01,56.47,57.04,396420
2022-08-18T04:00:00Z,68.04,71.79,66.25,71.45,151478
2022-08-17T04:00:00Z,71.09,72.62,67.48,69.45,247301
2022-08-16T04:00:00Z,68.47,76.28,65.15,73.5,498884
2022-08-15T04:00:00Z,68.2,70.39,67.2,68.35,160920
2022-08-12T04:00:00Z,65.55,68.78,63.07,68.6,218214
2022-08-11T04:00:00Z,67.26,71.525,64.1,64.67,247828
2022-08-10T04:00:00Z,63.61,65.1,60.88,65.08,294919
2022-08-09T04:00:00Z,69.52,69.52,59.32,59.68,244707
2022-08-08T04:00:00Z,64.55,72.85,64.55,71.81,337094
2022-08-05T04:00:00Z,61.39,65,58.36,62.23,260932
2022-08-04T04:00:00Z,60.28,68.09,59.29,62.79,337030
2022-08-03T04:00:00Z,58.66,65.965,57.56,64.395,516763
2022-08-02T04:00:00Z,56.175,59.305,55.77,57.4,223215
2022-08-01T04:00:00Z,53.27,57.355,52.22,56.8,184425
2022-07-29T04:00:00Z,52.2,53.97,49.77,53.87,181355
2022-07-28T04:00:00Z,49.2,52.865,47.32,52.63,240872
2022-07-27T04:00:00Z,45.54,50,45.54,50,241194
2022-07-26T04:00:00Z,46.72,46.93,44.97,45.11,187433
2022-07-25T04:00:00Z,51.47,51.47,48.97,49.28,139435
2022-07-22T04:00:00Z,55.7,55.71,51.57,51.76,154802
2022-07-21T04:00:00Z,55.73,58.51,54.41,57.06,175658
2022-07-20T04:00:00Z,54.405,57.36,54.18,56.43,253359
2022-07-19T04:00:00Z,53.25,54.525,51,54.2,106718
2022-07-18T04:00:00Z,52.975,56.89,51.85,52.21,189835
2022-07-15T04:00:00Z,50.52,52.04,49.47,52.02,188366
2022-07-14T04:00:00Z,50.49,50.49,48.32,49.11,114096
2022-07-13T04:00:00Z,48.715,52.53,47.71,50.22,126730
2022-07-12T04:00:00Z,51.5,51.98,49.69,50.77,160644
2022-07-11T04:00:00Z,54.41,54.99,49.9,50.04,202891
2022-07-08T04:00:00Z,55.72,57.61,53.56,55.27,244760
2022-07-07T04:00:00Z,51.81,58.01,51.81,57.9,217855
2022-07-06T04:00:00Z,53.09,54.99,50.73,52.17,138279
2022-07-05T04:00:00Z,44.68,53.75,43.4,53.64,290484
2022-07-01T04:00:00Z,43.79,46.33,43.51,45.35,126643
2022-06-30T04:00:00Z,46.72,47.105,43.31,43.55,314035
2022-06-29T04:00:00Z,49.21,50.05,47.735,48.17,193747
2022-06-28T04:00:00Z,54.95,55.92,50.26,50.33,164106
2022-06-27T04:00:00Z,60.18,60.92,54.16,55.705,258993
2022-06-24T04:00:00Z,55.28,59.37,55.27,59.33,240671
2022-06-23T04:00:00Z,48.055,54.205,48.055,54.15,302165
2022-06-22T04:00:00Z,44.685,48.34,44.685,48,175679
2022-06-21T04:00:00Z,46.25,47.82,44.84,45.04,153084
2022-06-17T04:00:00Z,45.14,46.71,44.76,45.9,334168
2022-06-16T04:00:00Z,46.28,46.59,43.75,44.085,131485
2022-06-15T04:00:00Z,47.97,50.45,47.52,48.61,221700
2022-06-14T04:00:00Z,48.16,49.11,46.14,47.13,132809
2022-06-13T04:00:00Z,48.65,50.8,47.33,47.88,292441
2022-06-10T04:00:00Z,52.67,53.14,49.87,51.57,220114
2022-06-09T04:00:00Z,55.73,56.79,53.175,53.96,438021
2022-06-08T04:00:00Z,55.27,58.39,55.27,56.51,434778
2022-06-07T04:00:00Z,54.31,55.34,51.86,54.72,173955
2022-06-06T04:00:00Z,60.09,60.44,56.17,56.84,169622
2022-06-03T04:00:00Z,60.86,60.86,57.76,58.29,249288
2022-06-02T04:00:00Z,58.66,65.58,57.61,63.745,296730
2022-06-01T04:00:00Z,60.19,60.41,55.965,57.285,174467
2022-05-31T04:00:00Z,58.885,59.975,55.48,59.36,208150
2022-05-27T04:00:00Z,56.7,59.41,55.775,58.98,148171
2022-05-26T04:00:00Z,51.04,57.24,51.04,56.3,283699
2022-05-25T04:00:00Z,45.94,51.13,45.78,50.23,244941
2022-05-24T04:00:00Z,48.41,48.47,45.13,45.46,515741
2022-05-23T04:00:00Z,50.62,50.62,46.755,50.3,253141
2022-05-20T04:00:00Z,51.73,51.89,48,51.41,241825
2022-05-19T04:00:00Z,47.92,52.13,47.77,49.72,241896
2022-05-18T04:00:00Z,52.27,53.09,47.165,47.615,332689
2022-05-17T04:00:00Z,51.75,55.21,50.62,55.19,373314
2022-05-16T04:00:00Z,57.61,57.92,50.64,50.92,286592
2022-05-13T04:00:00Z,57.925,61.11,54.96,57.45,470488
2022-05-12T04:00:00Z,51.88,58.19,49.66,55.845,575905
2022-05-11T04:00:00Z,57.89,59.7,52.13,52.565,407554
2022-05-10T04:00:00Z,63.725,66.14,56.7,58.47,396873
2022-05-09T04:00:00Z,64.22,68.33,61.44,62.35,355829
2022-05-06T04:00:00Z,65.6,69.59,56.235,66.17,536196
2022-05-05T04:00:00Z,77.07,79.18,65.38,67.44,783962
2022-05-04T04:00:00Z,88,91.95,82.22,90.68,495188
2022-05-03T04:00:00Z,85.36,89.995,85.31,89.77,246784
2022-05-02T04:00:00Z,76.53,87.87,75.255,87.19,274875
2022-04-29T04:00:00Z,80.34,83.75,76.65,76.89,338729
2022-04-28T04:00:00Z,77.48,83.55,75.83,83.425,315973
2022-04-27T04:00:00Z,79.09,82,75.7,76.355,272343
2022-04-26T04:00:00Z,83.29,83.83,77.66,79.28,317565
2022-04-25T04:00:00Z,84.5,85.2,80.38,83.92,242758
2022-04-22T04:00:00Z,92.34,92.68,83.76,85.15,400506
2022-04-21T04:00:00Z,98.285,99.78,92.48,92.94,282491
2022-04-20T04:00:00Z,103.96,103.96,95.58,97.065,221962
2022-04-19T04:00:00Z,101.12,107.04,100.635,106.545,109878
2022-04-18T04:00:00Z,107.2,107.79,99.435,102.04,207075
2022-04-14T04:00:00Z,118.1,119.67,108.09,108.12,155934
2022-04-13T04:00:00Z,106.71,116.98,105.36,116.94,294252
2022-04-12T04:00:00Z,115.57,117.94,106.66,107.46,185793
2022-04-11T04:00:00Z,110.64,117.73,109.09,113.835,154301
2022-04-08T04:00:00Z,111.315,118.06,109.015,112.05,180166
2022-04-07T04:00:00Z,103.94,112.16,103.77,112.05,228613
2022-04-06T04:00:00Z,110.46,111.64,103.88,107.03,143445
2022-04-05T04:00:00Z,115.89,121.24,113.39,114.58,121323
2022-04-04T04:00:00Z,112.5,118.19,111.31,116.73,156612
2022-04-01T04:00:00Z,107.41,111.82,106.64,111.11,119588
2022-03-31T04:00:00Z,119.31,119.445,110.7,110.735,207937
2022-03-30T04:00:00Z,120.73,126.74,119.18,121.49,359988
2022-03-29T04:00:00Z,123.28,130.52,119.67,129.58,120941
2022-03-28T04:00:00Z,115.23,120.02,111.81,119.78,92836
2022-03-25T04:00:00Z,120.06,120.61,112.09,114.785,121960
2022-03-24T04:00:00Z,119.98,122.32,115.87,121.33,69068
2022-03-23T04:00:00Z,125.16,128.91,120.32,121.13,110501
2022-03-22T04:00:00Z,119.66,129.58,118.49,127.66,163719
2022-03-21T04:00:00Z,124.735,125.22,117.03,118.7,106480
2022-03-18T04:00:00Z,119.61,126.57,119.58,125,206411
2022-03-17T04:00:00Z,115.99,120.15,114.1,119.96,170250
2022-03-16T04:00:00Z,115,119.51,112.35,119.28,253100
2022-03-15T04:00:00Z,107.735,118.2,107.28,112.785,237435
2022-03-14T04:00:00Z,112.08,114.8,104,104.73,189987
2022-03-11T05:00:00Z,122.31,124.88,113.81,114.41,171904
2022-03-10T05:00:00Z,125.53,125.55,116.75,120.62,91436
2022-03-09T05:00:00Z,133.99,135,125.02,126.68,139755
2022-03-07T05:00:00Z,127,131.63,123.76,125.93,184048
2022-03-04T05:00:00Z,125.71,128.98,121.975,124.81,195559
2022-03-03T05:00:00Z,131.6,131.6,121.38,124.11,208760
2022-03-02T05:00:00Z,132.79,132.79,126.255,130.99,179228
2022-03-01T05:00:00Z,140.72,143.245,130.81,132.57,185138
2022-02-28T05:00:00Z,129.815,142.54,129.43,140.94,211483
2022-02-25T05:00:00Z,130.74,133.48,121.92,131.08,192641
2022-02-24T05:00:00Z,100.58,131.26,100.58,127.105,475720
2022-02-23T05:00:00Z,128.45,132.07,120.02,121.02,235490
2022-02-22T05:00:00Z,125.515,130.4,117.96,122.31,186098
2022-02-18T05:00:00Z,129.03,133.29,125.38,128.12,185670
2022-02-17T05:00:00Z,138.76,139.94,129.75,130.955,95299
2022-02-16T05:00:00Z,143.21,144.72,133.61,136.66,130204
2022-02-15T05:00:00Z,145.02,148.84,141,148.3,70820
2022-02-14T05:00:00Z,142.7,148.175,140.34,141.9,114716
2022-02-11T05:00:00Z,147.785,149.98,143.98,145.54,75763
2022-02-10T05:00:00Z,148.39,155.915,146.245,147.44,92835
2022-02-09T05:00:00Z,148.745,152.24,145.83,151.95,102641
2022-02-08T05:00:00Z,141.775,148.97,141.635,146.94,120337
2022-02-07T05:00:00Z,143.775,150.26,141.095,141.36,100873
2022-02-04T05:00:00Z,142.06,144.68,135.79,142.74,148458
2022-02-03T05:00:00Z,142.145,145.51,137.085,138.66,139606
2022-02-02T05:00:00Z,162.13,162.13,146.4,147.31,221121
2022-02-01T05:00:00Z,157.005,163.87,154.37,162.55,87602
2022-01-31T05:00:00Z,147.17,157.045,147.12,155.945,155695
2022-01-28T05:00:00Z,140.735,150.98,138,146.73,116498
2022-01-27T05:00:00Z,147.08,148.86,138.97,140.52,104898
2022-01-26T05:00:00Z,155.13,155.13,144.45,146.15,133714
2022-01-25T05:00:00Z,147.075,157.87,145.25,148.78,200254
2022-01-24T05:00:00Z,130.67,141.9,129.66,140.11,90723
2022-01-21T05:00:00Z,144.01,145.56,137.51,139.66,328060
2022-01-20T05:00:00Z,158.31,162.36,147.01,147.82,231506
2022-01-19T05:00:00Z,159.4,164.61,155.27,155.93,150832
2022-01-18T05:00:00Z,166.245,168.23,161.5,162.13,129871
2022-01-14T05:00:00Z,167.54,171.985,162.93,171.58,111367
2022-01-13T05:00:00Z,177.52,177.57,170.075,170.205,81113
2022-01-12T05:00:00Z,182.15,182.99,176.12,176.23,105748
2022-01-11T05:00:00Z,176.39,182.8,175.05,181.77,64433
2022-01-10T05:00:00Z,177.95,178.36,168.26,176.53,87863
2022-01-07T05:00:00Z,173.03,180.985,171.79,180.01,115527
2022-01-06T05:00:00Z,170.72,178.48,165.93,174.2,155305
2022-01-05T05:00:00Z,180.58,180.8,166.665,170.255,257188
2022-01-04T05:00:00Z,195.65,196.82,179.78,186.37,172213
2022-01-03T05:00:00Z,191.33,196.505,186.6,196.05,81607
2021-12-31T05:00:00Z,191.49,191.72,187.55,190.21,45828
2021-12-30T05:00:00Z,193.57,197.79,191.81,192.49,41944
2021-12-29T05:00:00Z,193.59,193.59,189.465,191.585,54354
2021-12-28T05:00:00Z,196.58,198.47,192.62,192.8,72725
2021-12-27T05:00:00Z,204.215,205.62,197.96,198.88,33511
2021-12-23T05:00:00Z,204.01,205.46,200.43,204.22,50851
2021-12-22T05:00:00Z,203.8,206.48,201.65,203.73,35319
2021-12-21T05:00:00Z,197.99,205.73,197.99,204.34,54532
2021-12-20T05:00:00Z,195.475,197.74,194.1,195.85,63994
2021-12-17T05:00:00Z,186.26,203.94,184.63,201.72,117609
2021-12-16T05:00:00Z,202.245,202.63,184.475,189.61,216854
2021-12-15T05:00:00Z,204.635,209.375,201.24,207.245,114460
2021-12-14T05:00:00Z,202.24,209.14,201.8,206.11,70692
2021-12-13T05:00:00Z,202.46,206.19,198,205.625,82401
2021-12-10T05:00:00Z,218.49,218.885,200.03,202.145,208217
2021-12-09T05:00:00Z,237.04,237.04,219.14,219.165,125395
2021-12-08T05:00:00Z,230.25,240.03,229.58,237.975,79132
2021-12-07T05:00:00Z,229.17,232.595,225.91,230.26,78962
2021-12-06T05:00:00Z,229.1,231.74,221.28,221.28,149947
2021-12-03T05:00:00Z,238.48,239.01,226.695,234.65,123554
2021-12-02T05:00:00Z,240.3,246.25,230.58,236.23,91180
2021-12-01T05:00:00Z,252.545,260.85,242.77,244.365,79683
2021-11-30T05:00:00Z,267.455,268.84,247.78,247.78,89265
2021-11-29T05:00:00Z,271.475,273.28,265.865,267.62,61614
2021-11-26T05:00:00Z,291.25,296.57,275.7,276.79,47021
2021-11-24T05:00:00Z,262.39,283.88,262.39,279.51,113315
2021-11-23T05:00:00Z,259.55,260.77,249.185,259.82,69428
2021-11-22T05:00:00Z,277.79,277.79,258.15,258.23,51306
2021-11-19T05:00:00Z,262.06,281.085,261.9,274.91,147080
2021-11-18T05:00:00Z,265.69,265.69,258.035,258.875,52058
2021-11-17T05:00:00Z,269.835,270.41,260.74,263.21,47562
2021-11-16T05:00:00Z,253.84,272.48,253.84,268.6,84493
2021-11-15T05:00:00Z,252.31,256.43,251.3,253.59,56785
2021-11-12T05:00:00Z,243.3,258.03,242.1,258.03,76071
2021-11-11T05:00:00Z,241.87,247.63,241.87,243.82,24774
2021-11-10T05:00:00Z,245.19,250.89,239.55,241.1,70566
2021-11-09T05:00:00Z,244.85,252.62,244.53,250.63,52577
2021-11-08T05:00:00Z,246.37,249.53,242.575,244.38,61080
2021-11-05T04:00:00Z,254.45,254.45,239.02,246.26,167414
2021-11-04T04:00:00Z,250.17,261.08,241.265,255.16,230321
2021-11-03T04:00:00Z,262.96,272.18,260.16,268.9,205241
2021-11-02T04:00:00Z,254.39,258.54,243,257.43,157458
2021-11-01T04:00:00Z,248.34,255.2,242.82,252.25,109914
2021-10-29T04:00:00Z,242.97,249.89,242.17,249.07,97367
2021-10-28T04:00:00Z,233.14,250.8,233.14,250.57,133573
2021-10-27T04:00:00Z,237.455,241.68,229.73,230.21,114624
2021-10-26T04:00:00Z,236.89,240.74,235.34,235.85,49104
2021-10-22T04:00:00Z,242.75,243.49,233.05,236.61,93426
2021-10-21T04:00:00Z,245.29,247.565,243.055,243.65,37531
2021-10-20T04:00:00Z,248.03,252.225,247.85,248.01,34469
2021-10-19T04:00:00Z,245.04,249.35,241.86,249.15,67655
2021-10-18T04:00:00Z,237.63,243.35,235.54,242.57,52772
2021-10-15T04:00:00Z,245.5,247.82,239.44,239.785,37512
2021-10-14T04:00:00Z,229.65,242.74,229.65,242.12,76029
2021-10-13T04:00:00Z,225.07,235.65,223.23,235.54,133537
2021-10-12T04:00:00Z,236,240.54,233.72,233.99,93246
2021-10-11T04:00:00Z,239.955,240.41,234.07,234.14,70489
2021-10-08T04:00:00Z,245.1,247.23,240.66,242.29,45140
2021-10-07T04:00:00Z,244.61,250.08,242.505,243.17,82872
2021-10-06T04:00:00Z,239.43,246.5,236.865,240.74,60918
2021-10-05T04:00:00Z,242.445,246.15,240.83,241.12,59673
2021-10-04T04:00:00Z,244.83,250.01,238.42,239.57,165221
2021-10-01T04:00:00Z,255.71,257.12,246.13,253.04,99458
2021-09-30T04:00:00Z,264.05,265.98,254.7,255.51,163342
2021-09-29T04:00:00Z,279.19,287.6,270.06,271.07,81493
2021-09-28T04:00:00Z,282.9,282.9,274.73,278.15,95483
2021-09-27T04:00:00Z,275.65,291.6,275.65,285.36,87787
2021-09-24T04:00:00Z,272.145,275.65,272.145,274.49,92857
2021-09-23T04:00:00Z,273.44,276.715,269,275.015,102335
2021-09-22T04:00:00Z,280.61,282.68,274.26,277.75,57593
2021-09-21T04:00:00Z,283.09,286.115,279.01,279.21,54409
2021-09-20T04:00:00Z,279.75,284.32,275.755,280.42,64365
2021-09-17T04:00:00Z,279.34,287.31,278.565,286.255,74419
2021-09-16T04:00:00Z,275.99,282.52,275.72,277.79,66335
2021-09-15T04:00:00Z,265.69,278.555,263.4,276.35,73595
2021-09-14T04:00:00Z,270.22,272.5,265.5,266.36,38911
2021-09-13T04:00:00Z,261.16,268.22,257.505,268.11,40973
2021-09-10T04:00:00Z,269.99,271.19,262.13,262.345,38902
2021-09-09T04:00:00Z,264.73,269.405,261.82,265.94,49931
2021-09-08T04:00:00Z,270.03,270.03,262.81,264.01,57910
2021-09-07T04:00:00Z,270.205,272.09,264.955,269.6,65734
2021-09-03T04:00:00Z,272.14,279.94,269.04,273.52,49655
2021-09-02T04:00:00Z,278.095,278.82,271.99,274.45,113788
2021-09-01T04:00:00Z,282.8,286.35,278.52,279.15,34909
2021-08-31T04:00:00Z,292.06,292.075,280.01,280.8,37964
2021-08-30T04:00:00Z,291.685,293.07,290.19,292.14,51518
2021-08-27T04:00:00Z,290,296.54,288.85,290.9,39619
2021-08-26T04:00:00Z,286.95,300.3,286.95,291.02,67295
2021-08-25T04:00:00Z,284.74,288.82,279.94,288.67,38423
2021-08-24T04:00:00Z,286.875,287.45,282.82,286.12,53470
2021-08-23T04:00:00Z,291.07,293.08,286.8,287.16,39332
2021-08-20T04:00:00Z,286.74,292.46,283.55,290.77,58551
2021-08-19T04:00:00Z,279.5,284.245,276.5,283.75,111349
2021-08-18T04:00:00Z,296.51,297.86,280.4,280.42,113703
2021-08-17T04:00:00Z,294.895,301.4,292.54,298.475,72205
2021-08-16T04:00:00Z,308.52,308.52,294.74,299.79,112405
2021-08-13T04:00:00Z,316.78,316.78,304.505,312.19,99082
2021-08-12T04:00:00Z,307.62,316.94,302.9,316.545,151158
2021-08-11T04:00:00Z,287.455,310.15,287.455,309.99,261212
2021-08-10T04:00:00Z,280.62,294.26,280.62,284.645,201058
2021-08-09T04:00:00Z,263.39,281.17,262.16,278.66,158131
2021-08-06T04:00:00Z,270.375,271.375,258.89,263.81,115578
2021-08-05T04:00:00Z,255.555,284.86,255.02,275.74,221963
2021-08-04T04:00:00Z,251.82,252.52,239.6,251.12,155048
2021-08-03T04:00:00Z,241.53,250.42,241.53,249.345,165982
2021-08-02T04:00:00Z,240.81,244.85,234.86,242.27,184389
2021-07-30T04:00:00Z,252.01,254.6,239.38,241.495,160590
2021-07-29T04:00:00Z,268.11,268.41,257.605,262.2,130692
2021-07-28T04:00:00Z,275.3,279.38,271.6,274.48,74877
2021-07-27T04:00:00Z,282.11,282.24,267.21,274.72,73274
2021-07-26T04:00:00Z,282.42,289.2,282.16,283.78,28649
2021-07-23T04:00:00Z,285.215,289.285,284.62,285.78,47325
2021-07-22T04:00:00Z,290.2,290.405,282.995,288.03,68885
2021-07-21T04:00:00Z,294.42,297.405,290.94,292.2,54780
2021-07-20T04:00:00Z,290.77,300.17,289.21,297.89,68995
2021-07-19T04:00:00Z,275.585,295.61,275.27,289.31,93942
2021-07-16T04:00:00Z,288.35,288.59,278.33,279.69,72481
2021-07-15T04:00:00Z,280.48,290.98,276.86,286.535,65762
2021-07-14T04:00:00Z,291.35,291.995,278.055,280.59,104476
2021-07-13T04:00:00Z,301.79,301.79,288.65,288.74,72216
2021-07-12T04:00:00Z,305.53,305.53,296.15,301.73,60922
2021-07-09T04:00:00Z,303,304.745,302.27,303.83,41727
2021-07-08T04:00:00Z,301.36,304.64,296.83,301.9,78533
2021-07-07T04:00:00Z,308.01,309.26,305.43,306.95,62052
2021-07-06T04:00:00Z,302.735,306.675,299.6,306.495,54321
2021-07-02T04:00:00Z,308,310.49,298.12,300.89,81280
2021-07-01T04:00:00Z,317.395,321.59,307.08,307.47,61281
2021-06-30T04:00:00Z,305.62,316.39,305.52,316.39,165431
2021-06-29T04:00:00Z,311.82,312.4,299.83,308.36,145200
2021-06-28T04:00:00Z,324.17,326.67,315.32,317.54,47045
2021-06-25T04:00:00Z,320.31,327.91,318,321.91,61552
2021-06-24T04:00:00Z,312.37,326.87,312.37,319.28,74176
2021-06-23T04:00:00Z,307.78,312.85,305.32,309.82,48247
2021-06-22T04:00:00Z,302.85,308.95,300.925,307.46,39918
2021-06-21T04:00:00Z,302.7,304.45,293.79,303.97,71104
2021-06-18T04:00:00Z,307.405,308.95,299.985,303.45,51551
2021-06-17T04:00:00Z,306.89,312.9,303.06,309.48,71662
2021-06-16T04:00:00Z,307.6,307.6,299.18,306.805,93977
2021-06-15T04:00:00Z,315.965,316.78,302.74,309.34,134607
2021-06-14T04:00:00Z,320.99,321.1,313.985,317.46,92229
2021-06-11T04:00:00Z,329.235,331.71,321.82,322.86,45095
2021-06-10T04:00:00Z,324.5,329.51,321.5,328.145,38416
2021-06-09T04:00:00Z,335.04,339.34,322.61,323.475,33761
2021-06-08T04:00:00Z,331.14,335.52,327.59,332.91,34443
2021-06-07T04:00:00Z,317.455,328.93,313.01,327.81,66631
2021-06-04T04:00:00Z,326.44,326.44,317.33,321.36,42917
2021-06-03T04:00:00Z,331.16,333.37,323.335,325.445,81199
2021-06-02T04:00:00Z,318.99,333.78,316.39,332.82,68289
2021-06-01T04:00:00Z,314.64,321.67,312.92,317.98,101125
2021-05-28T04:00:00Z,319.89,321.46,305.61,306.47,73197
2021-05-27T04:00:00Z,323.64,331.85,319.47,319.84,90234
2021-05-26T04:00:00Z,314.23,327.14,311.96,324.695,95651
2021-05-25T04:00:00Z,315.995,320.33,309.29,311.66,29656
2021-05-24T04:00:00Z,311.46,317.85,310.85,313.74,42861
2021-05-21T04:00:00Z,312.4,314.92,307.99,310.76,36556
2021-05-20T04:00:00Z,306.07,313.805,306.07,309.9,115151
2021-05-19T04:00:00Z,298.025,302.63,296.06,302.615,29911
2021-05-18T04:00:00Z,303.77,312.02,303.39,304.61,103051
2021-05-17T04:00:00Z,300.94,307.05,297.26,301.79,31837
2021-05-14T04:00:00Z,301.61,307.65,296.13,300,76689
2021-05-13T04:00:00Z,301.845,304.69,286.71,295.44,99383
2021-05-12T04:00:00Z,320,323.465,298.31,300.58,121068
2021-05-11T04:00:00Z,314.16,326.94,310.2,325.67,97760
2021-05-10T04:00:00Z,299.845,331.07,299.145,321.16,192125
2021-05-07T04:00:00Z,295.7,306.7,293.7,305.65,180712
2021-05-06T04:00:00Z,287.4,297.385,277.38,286.3,298379
2021-05-05T04:00:00Z,278.395,281.02,265.22,270.56,199651
2021-05-04T04:00:00Z,274.51,277.76,268.01,274.135,156423
2021-05-03T04:00:00Z,293.86,293.86,277.47,280.51,165112
2021-04-30T04:00:00Z,304.48,306.75,293.855,295.51,68765
2021-04-29T04:00:00Z,312.665,320.51,302.25,306.6,74939
2021-04-28T04:00:00Z,306.49,314.07,304.33,311.27,66154
2021-04-27T04:00:00Z,308.78,315.6,308.645,310.4,34233
2021-04-26T04:00:00Z,309.43,309.74,303.55,309.03,46893
2021-04-23T04:00:00Z,309.25,310.255,299.58,307.95,56926
2021-04-22T04:00:00Z,320.59,322,305.64,307.83,64262
2021-04-21T04:00:00Z,311.335,322.645,308.49,318.42,77363
2021-04-20T04:00:00Z,315.35,316.82,305.77,315.36,72448
2021-04-16T04:00:00Z,314.06,322.79,305.4,321.86,100978
2021-04-15T04:00:00Z,326.21,329.26,319.39,321,40306
2021-04-14T04:00:00Z,320.4,333.77,320.4,322.85,75194
2021-04-13T04:00:00Z,321.98,326.83,316.02,317.64,20394
2021-04-12T04:00:00Z,323,324.57,314.945,319.43,70295
2021-04-09T04:00:00Z,329.55,337.52,325.96,326.88,38416
2021-04-08T04:00:00Z,329.52,337.04,327.37,332.26,40090
2021-04-07T04:00:00Z,335,335,323.93,325.95,68161
2021-04-06T04:00:00Z,327.45,343.24,327.45,338.7,65900
2021-04-05T04:00:00Z,336.23,337.87,319.385,324.36,95194
2021-04-01T04:00:00Z,322.66,339.86,322.66,337.425,104330
2021-03-31T04:00:00Z,325.97,326.94,313.985,315.1,80051
2021-03-30T04:00:00Z,327.84,328.65,315.3,317.34,111580
2021-03-29T04:00:00Z,344.045,353.605,332.24,333.36,79355
2021-03-26T04:00:00Z,334.54,344.26,333.365,343.69,96004
2021-03-25T04:00:00Z,318.2,331.51,313.41,329.07,103869
2021-03-24T04:00:00Z,334.84,340.595,323.48,327.06,100248
2021-03-23T04:00:00Z,348.21,355.72,332.52,335.795,109268
2021-03-22T04:00:00Z,338,346.745,333.75,346,78226
2021-03-19T04:00:00Z,328,347.75,327.92,335.03,105346
2021-03-18T04:00:00Z,318.08,341.36,316.75,326.175,148972
2021-03-17T04:00:00Z,305.41,325.72,305.41,321.96,66052
2021-03-16T04:00:00Z,328.82,329.75,309.7,314.48,75067
2021-03-15T04:00:00Z,317,330.99,312.8,324.2,116145
2021-03-12T05:00:00Z,310.78,317.14,303.69,316.695,85911
2021-03-11T05:00:00Z,320.23,324.34,315.55,320.31,82373
2021-03-10T05:00:00Z,323.47,325.37,307.59,310.05,66111
2021-03-09T05:00:00Z,319.3,321.94,311.19,318.3,115896
2021-03-08T05:00:00Z,298.51,326.265,298.51,307.4,156883
2021-03-05T05:00:00Z,288.945,306.83,264.19,295.48,398402
2021-03-04T05:00:00Z,291.145,295.95,273.18,287.13,178289
2021-03-03T05:00:00Z,318.54,319.36,291.12,295.65,120676
2021-03-02T05:00:00Z,327.85,331.88,315.925,320.81,196984
2021-03-01T05:00:00Z,293.5,342.52,292.51,335.5,459027
2021-02-26T05:00:00Z,273.93,295.47,271.69,289.29,233363
2021-02-25T05:00:00Z,265.4,298.43,254.8,258.79,426867
2021-02-24T05:00:00Z,261.74,263.7,251.51,258.29,134180
2021-02-23T05:00:00Z,260.46,265.05,243.75,263.12,150116
2021-02-22T05:00:00Z,284.32,284.675,263.22,267.005,241308
2021-02-19T05:00:00Z,272.95,297.98,272.95,292.7,245845
2021-02-18T05:00:00Z,271.46,280.275,267.91,272.13,74530
2021-02-17T05:00:00Z,274.22,278.42,268.25,273.37,86243
2021-02-16T05:00:00Z,292.355,292.97,277.45,277.6,75128
2021-02-12T05:00:00Z,289.9,298.965,287.74,292.77,45436
2021-02-11T05:00:00Z,293.15,304.355,289.15,291.59,136034
2021-02-10T05:00:00Z,290.195,291.28,277.79,287.22,58227
2021-02-09T05:00:00Z,286.81,295.76,285.15,286.75,91377
2021-02-08T05:00:00Z,291.485,295.505,279.19,288.72,125117
2021-02-05T05:00:00Z,296.75,297.25,287.09,289.7,68466
2021-02-04T05:00:00Z,288.52,303.165,287.47,294.09,189103
2021-02-03T05:00:00Z,288.325,295.45,284.02,284.97,69135
2021-02-02T05:00:00Z,283.01,285.595,274.475,284.91,93373
2021-02-01T05:00:00Z,276.75,281.31,265.22,281.25,128456
2021-01-29T05:00:00Z,280.825,280.825,264.12,272.86,127851
2021-01-28T05:00:00Z,279.56,286.69,272.6,278.84,82739
2021-01-27T05:00:00Z,267.505,292.15,266.36,275.14,208532
2021-01-26T05:00:00Z,299.14,299.14,276.64,280.455,300383
2021-01-25T05:00:00Z,302.91,314.83,293.265,294.305,183669
2021-01-22T05:00:00Z,293.85,305.15,293.05,299.745,110239
2021-01-21T05:00:00Z,298.01,308.42,290.62,293.21,92275
2021-01-20T05:00:00Z,302.82,305.74,290.86,294.07,85055
2021-01-19T05:00:00Z,305.38,307.68,291.145,299.75,103743
2021-01-15T05:00:00Z,325.8,326.46,299.27,299.995,234876
2021-01-14T05:00:00Z,306.24,368.08,306.24,329.74,409515
2021-01-13T05:00:00Z,279.42,313.63,279.42,309.385,225202
2021-01-12T05:00:00Z,259.56,283.59,259.56,279.65,158715
2021-01-11T05:00:00Z,253.93,263.59,249.99,259.26,64544
2021-01-08T05:00:00Z,254.81,268.67,253.51,258.28,162869
2021-01-07T05:00:00Z,246,250.65,243.72,250.01,81128
2021-01-06T05:00:00Z,236.35,246.17,236.35,242.105,90499
2021-01-05T05:00:00Z,235.055,242.59,233.74,242.24,102399
2021-01-04T05:00:00Z,227.03,237.28,222.79,236.14,131943
2020-12-31T05:00:00Z,230.67,230.67,224.38,225.75,71090
2020-12-30T05:00:00Z,235.85,235.85,227.94,230.69,106540
2020-12-29T05:00:00Z,240.57,242.17,229.375,233.22,94726
2020-12-28T05:00:00Z,257.45,257.72,235.02,238.27,165856
2020-12-24T05:00:00Z,259.58,261.86,251.66,252.72,40306
2020-12-23T05:00:00Z,283.315,284.285,257.44,257.59,147260
2020-12-22T05:00:00Z,282.89,286.235,276.13,284.55,60466
2020-12-21T05:00:00Z,278.11,282.87,271.54,282.82,47108
2020-12-18T05:00:00Z,286.77,286.985,276.66,277.59,93671
2020-12-17T05:00:00Z,274.59,288.38,274.59,285.43,292735
2020-12-16T05:00:00Z,272.7,273.39,263.58,272.95,96528
2020-12-15T05:00:00Z,255.12,274.62,254.255,272.16,176806
2020-12-14T05:00:00Z,244.69,259.86,244.69,253.6,161125
2020-12-11T05:00:00Z,244.94,246.9,236.125,243.3,56313
2020-12-10T05:00:00Z,239.6,245.65,237.495,244.25,48546
2020-12-09T05:00:00Z,244.54,251.08,236.825,240.65,153170
2020-12-08T05:00:00Z,237.5,247.325,237.5,244.195,104830
2020-12-07T05:00:00Z,240.5,242.39,233.92,236.68,40582
2020-12-04T05:00:00Z,240.205,241.41,236.445,239.54,67365
2020-12-03T05:00:00Z,241.63,245.235,238.355,240.1,49916
2020-12-02T05:00:00Z,243.795,247.43,238.8,242.93,50983
2020-12-01T05:00:00Z,255.68,255.68,243.3,248.2,82478
2020-11-30T05:00:00Z,264.36,265.485,247.045,253.99,128657
2020-11-27T05:00:00Z,253.99,268.87,253.99,260.97,59425
2020-11-25T05:00:00Z,244.13,251.38,242.79,250.36,102245
2020-11-24T05:00:00Z,252.615,254.05,240.98,241.58,208756
2020-11-23T05:00:00Z,253.2,258.06,249.88,256.61,88808
2020-11-20T05:00:00Z,249.455,258.93,249.455,252.61,93740
2020-11-19T05:00:00Z,237.64,249.37,235.02,249.02,113813
2020-11-18T05:00:00Z,237.14,240.76,233.55,234.63,66355
2020-11-17T05:00:00Z,237.89,240.63,228.93,239.1,118318
2020-11-16T05:00:00Z,226.685,240.88,222,235.37,154342
2020-11-13T05:00:00Z,250.45,253.115,233.34,236.025,295515
2020-11-12T05:00:00Z,253.69,261,249.5,250.65,88454
2020-11-11T05:00:00Z,246.18,253.6,245.305,251.6,116092
2020-11-10T05:00:00Z,238.38,244.89,225.07,242.77,255246
2020-11-09T05:00:00Z,263.37,266.5,235.07,235.355,394422
2020-11-06T05:00:00Z,294.495,303.995,288.88,300.9,139502
2020-11-05T05:00:00Z,277.26,299.93,277.26,297.425,249445
2020-11-04T05:00:00Z,279.185,285.49,265.59,270.755,296073
2020-11-03T05:00:00Z,260.39,278.26,247.4,274.06,426616
2020-11-02T05:00:00Z,248.945,261.49,248.57,255.965,194288
2020-10-30T04:00:00Z,253.02,260.83,241.71,248.215,155631
2020-10-29T04:00:00Z,282.45,284.56,253.14,255.75,289220
2020-10-28T04:00:00Z,270.61,284.93,269.25,282.84,223792
2020-10-27T04:00:00Z,274.17,279.91,271,274.19,120801
2020-10-26T04:00:00Z,264.685,277.86,263.37,271.115,135436
2020-10-23T04:00:00Z,266.31,270.72,260.77,265.74,85242
2020-10-22T04:00:00Z,270.22,273.13,261.92,265.925,130499
2020-10-21T04:00:00Z,296.18,296.88,270.29,270.29,161621
2020-10-20T04:00:00Z,304.04,304.04,293.33,294.5,97107
2020-10-19T04:00:00Z,300.16,308.69,297.695,299.82,123123
2020-10-16T04:00:00Z,299.76,304.165,296.13,297.38,105899
2020-10-15T04:00:00Z,287.085,297.8,285.1,297.8,76233
2020-10-14T04:00:00Z,306.24,306.63,289.04,294.16,175947
2020-10-13T04:00:00Z,293.26,310.79,293.25,306.365,222958
2020-10-12T04:00:00Z,296.98,301.5,293.95,294.06,205460
2020-10-09T04:00:00Z,312.685,312.685,292.005,296.02,197603
2020-10-08T04:00:00Z,309.5,311.44,303.745,304.11,63418
2020-10-07T04:00:00Z,306.9,310.35,303.44,308.61,99786
2020-10-06T04:00:00Z,310.28,311.57,295.5,295.55,99513
2020-10-05T04:00:00Z,309.825,314.42,306.91,309.85,109138
2020-10-02T04:00:00Z,309.03,318.8,300.9,305.56,142969
2020-10-01T04:00:00Z,298.71,324.21,295.37,317.575,265882
2020-09-30T04:00:00Z,297.26,307.63,286.87,291.11,125450
2020-09-29T04:00:00Z,301.86,304.2,293.37,294.66,37231
2020-09-28T04:00:00Z,300.005,307,298.455,300.35,63890
2020-09-25T04:00:00Z,285.735,296.15,284.445,293.31,61772
2020-09-24T04:00:00Z,279.95,291.63,274.38,283.22,63189
2020-09-23T04:00:00Z,301.665,301.665,281.28,287.47,83798
2020-09-22T04:00:00Z,304.6,307.57,291.465,304,79374
2020-09-21T04:00:00Z,285.62,302.5,281.29,302.285,85750
2020-09-18T04:00:00Z,273.5,293.97,272.745,290.39,111425
2020-09-17T04:00:00Z,256.04,270.12,253.965,269.855,114959
2020-09-16T04:00:00Z,269.14,274.5,265.455,268.71,72946
2020-09-15T04:00:00Z,271.31,275.055,259.01,270.26,112207
2020-09-14T04:00:00Z,259.295,267.96,250.62,266.715,78244
2020-09-11T04:00:00Z,267.19,272.97,246.205,252.07,90208
2020-09-10T04:00:00Z,272.35,296.675,262.11,264.6,146171
2020-09-09T04:00:00Z,258.885,265.88,251.34,258.95,104703
2020-09-08T04:00:00Z,244.1,269.75,243.71,251.95,116347
2020-09-04T04:00:00Z,267.35,270.425,234.89,261.1,176192
2020-09-03T04:00:00Z,288,291.32,273.475,275.69,196167
2020-09-02T04:00:00Z,311.16,312.95,289.07,300.265,76644
2020-09-01T04:00:00Z,297.9,313.26,297.585,306.7,57076
2020-08-31T04:00:00Z,310.09,310.09,287.32,296.765,100556
2020-08-28T04:00:00Z,330.88,333.46,310.61,310.61,201824
2020-08-27T04:00:00Z,341.39,341.935,326.04,331.32,75817
2020-08-26T04:00:00Z,341.23,346.61,337.31,342.35,53136
2020-08-25T04:00:00Z,331.52,339.7,330.25,337.77,42791
2020-08-24T04:00:00Z,347.23,348.77,328.4,337.59,57334
2020-08-21T04:00:00Z,331.155,341.49,327.34,340.52,93987
2020-08-20T04:00:00Z,331.745,333.26,326.76,328.77,142635
2020-08-19T04:00:00Z,326.12,339.19,326.02,332.9,119283
2020-08-18T04:00:00Z,315.345,334.04,315.345,326.46,122701
2020-08-17T04:00:00Z,315.995,315.995,311.02,313.98,101422
2020-08-14T04:00:00Z,313.61,315.56,308.675,309.93,50334
2020-08-13T04:00:00Z,305.01,319.6,305.01,314.16,54187
2020-08-12T04:00:00Z,309.9,311.58,293.965,301.79,183609
2020-08-11T04:00:00Z,292.225,324.24,283.56,309.07,254072
2020-08-10T04:00:00Z,311.22,312.77,290.12,298.225,80151
2020-08-07T04:00:00Z,307.72,323.09,300.93,309.73,141333
2020-08-06T04:00:00Z,300.91,316.67,298.66,312.95,144350
2020-08-05T04:00:00Z,284,303.78,283.01,300.01,211408
2020-08-04T04:00:00Z,288.105,294.88,275.17,290.56,179249
2020-08-03T04:00:00Z,273.86,289.19,273.86,287.5,119762
2020-07-31T04:00:00Z,261.77,267.215,259.23,265.86,163959
2020-07-30T04:00:00Z,241.82,256.17,239.13,255.61,97029
2020-07-29T04:00:00Z,233.63,242.94,233.63,241.77,64341
2020-07-28T04:00:00Z,229.44,232.35,224.96,227.15,49975
2020-07-27T04:00:00Z,225.095,231.78,221.46,231.425,82524
