2024-06-14T04:00:00Z,7.27,7.37,7.215,7.26,518748
2024-06-13T04:00:00Z,7.775,7.775,7.275,7.31,900936
2024-06-12T04:00:00Z,8.17,8.255,7.76,7.82,412540
2024-06-11T04:00:00Z,8.05,8.19,7.97,8.04,463820
2024-06-10T04:00:00Z,8.21,8.22,8.055,8.13,290626
2024-06-07T04:00:00Z,8.24,8.33,8.165,8.27,343410
2024-06-06T04:00:00Z,8.28,8.58,8.175,8.345,573428
2024-06-05T04:00:00Z,8.29,8.365,8.08,8.305,419118
2024-06-04T04:00:00Z,8.275,8.37,8.18,8.24,378589
2024-06-03T04:00:00Z,8.45,8.54,8.225,8.34,347577
2024-05-31T04:00:00Z,8.135,8.57,8.125,8.25,1284136
2024-05-30T04:00:00Z,7.69,8.125,7.61,8.09,1415107
2024-05-29T04:00:00Z,7.765,7.865,7.625,7.67,919907
2024-05-28T04:00:00Z,7.765,7.905,7.64,7.87,848164
2024-05-24T04:00:00Z,7.745,7.775,7.635,7.725,445616
2024-05-23T04:00:00Z,8.025,8.055,7.68,7.69,708989
2024-05-22T04:00:00Z,7.795,8.08,7.76,8.06,567589
2024-05-21T04:00:00Z,8.07,8.105,7.88,7.885,507815
2024-05-20T04:00:00Z,8.045,8.12,7.99,8.095,291190
2024-05-17T04:00:00Z,8.21,8.215,8.025,8.06,516825
2024-05-16T04:00:00Z,8.215,8.285,8.01,8.235,786427
2024-05-15T04:00:00Z,8.685,8.695,8.15,8.185,1032576
2024-05-14T04:00:00Z,8.52,8.68,8.44,8.56,712283
2024-05-13T04:00:00Z,8.265,8.58,8.265,8.385,482423
2024-05-10T04:00:00Z,8.185,8.4,8.09,8.155,669650
2024-05-09T04:00:00Z,7.545,8.065,7.545,8.04,1118389
2024-05-08T04:00:00Z,7.72,7.93,7.625,7.785,812558
2024-05-07T04:00:00Z,7.95,8.04,7.76,7.77,480960
2024-05-06T04:00:00Z,8.05,8.055,7.91,7.955,537601
2024-05-03T04:00:00Z,8.07,8.27,7.915,7.96,1032413
2024-05-02T04:00:00Z,7.72,8.01,7.655,7.945,1104130
2024-05-01T04:00:00Z,7.345,7.805,7.345,7.605,1128227
2024-04-30T04:00:00Z,8.095,8.095,7.35,7.35,2059820
2024-04-29T04:00:00Z,8.21,8.295,8.11,8.14,359604
2024-04-26T04:00:00Z,8.15,8.2,8.09,8.1,295614
2024-04-25T04:00:00Z,8.25,8.34,8.115,8.295,380770
2024-04-24T04:00:00Z,8.35,8.4,8.265,8.375,235900
2024-04-23T04:00:00Z,8.355,8.62,8.27,8.45,409190
2024-04-22T04:00:00Z,8.445,8.49,8.305,8.46,425373
2024-04-19T04:00:00Z,8.315,8.49,8.3,8.405,770877
2024-04-18T04:00:00Z,8.25,8.385,8.205,8.305,629012
2024-04-17T04:00:00Z,8.225,8.35,8.175,8.23,372746
2024-04-16T04:00:00Z,8.27,8.325,8.06,8.135,449351
2024-04-15T04:00:00Z,8.38,8.51,8.35,8.365,764936
2024-04-12T04:00:00Z,8.43,8.48,8.32,8.35,768227
2024-04-11T04:00:00Z,8.35,8.58,8.21,8.53,1495101
2024-04-10T04:00:00Z,8.43,8.52,8.23,8.33,1115694
2024-04-09T04:00:00Z,8.53,8.84,8.505,8.69,588641
2024-04-08T04:00:00Z,8.3,8.57,8.28,8.515,577685
2024-04-05T04:00:00Z,8.33,8.48,8.16,8.3,1002779
2024-04-04T04:00:00Z,8.785,8.84,8.425,8.435,763356
2024-04-03T04:00:00Z,8.515,8.77,8.415,8.75,653381
2024-04-02T04:00:00Z,8.605,8.675,8.375,8.48,519922
2024-04-01T04:00:00Z,8.79,8.8,8.6,8.785,608317
2024-03-28T04:00:00Z,8.705,8.77,8.635,8.73,444073
2024-03-27T04:00:00Z,8.51,8.655,8.46,8.63,594623
2024-03-26T04:00:00Z,8.5,8.51,8.27,8.385,531444
2024-03-25T04:00:00Z,8.49,8.49,8.35,8.445,619110
2024-03-22T04:00:00Z,8.705,8.74,8.44,8.44,498928
2024-03-21T04:00:00Z,8.915,9.05,8.71,8.71,1748238
2024-03-20T04:00:00Z,8.43,8.8,8.43,8.73,598561
2024-03-19T04:00:00Z,8.415,8.53,8.405,8.49,468853
2024-03-18T04:00:00Z,8.595,8.595,8.39,8.47,422564
2024-03-15T04:00:00Z,8.52,8.655,8.515,8.53,384802
2024-03-14T04:00:00Z,8.79,8.845,8.415,8.545,1010661
2024-03-13T04:00:00Z,8.89,9.035,8.825,8.845,570960
2024-03-12T04:00:00Z,9.17,9.265,8.82,8.87,1035587
2024-03-11T04:00:00Z,8.76,9.25,8.735,9.08,1215427
2024-03-08T05:00:00Z,8.77,8.82,8.66,8.72,395177
2024-03-07T05:00:00Z,8.46,8.77,8.45,8.73,1168616
2024-03-06T05:00:00Z,8.24,8.455,8.18,8.4,744368
2024-03-05T05:00:00Z,8.04,8.305,8.02,8.16,694386
2024-03-04T05:00:00Z,8.61,8.61,8.105,8.12,1350930
2024-03-01T05:00:00Z,8.79,8.83,8.63,8.66,1243130
2024-02-29T05:00:00Z,8.83,8.98,8.675,8.78,697085
2024-02-28T05:00:00Z,8.545,8.73,8.475,8.73,1084381
2024-02-27T05:00:00Z,8.55,8.745,8.45,8.71,772585
2024-02-26T05:00:00Z,8.76,8.855,8.435,8.55,1098695
2024-02-23T05:00:00Z,8.61,8.745,8.255,8.605,2984761
2024-02-22T05:00:00Z,9.655,9.67,9.515,9.53,1034807
2024-02-21T05:00:00Z,9.86,9.94,9.53,9.57,773676
2024-02-20T05:00:00Z,9.74,10.045,9.74,9.905,817951
2024-02-16T05:00:00Z,10.02,10.105,9.805,9.84,496724
2024-02-15T05:00:00Z,9.73,10.15,9.73,10.15,582412
2024-02-14T05:00:00Z,9.67,9.78,9.555,9.72,392936
2024-02-13T05:00:00Z,9.65,9.69,9.43,9.56,400018
2024-02-12T05:00:00Z,9.6,10.025,9.6,9.965,1008341
2024-02-09T05:00:00Z,9.83,9.89,9.58,9.625,583297
2024-02-08T05:00:00Z,9.905,9.965,9.655,9.82,709349
2024-02-07T05:00:00Z,10.32,10.34,9.64,9.76,739741
2024-02-06T05:00:00Z,10.045,10.23,10.035,10.065,332123
2024-02-05T05:00:00Z,10.125,10.195,10,10.065,362076
2024-02-02T05:00:00Z,10.35,10.35,10.135,10.24,363809
2024-02-01T05:00:00Z,10.11,10.5,10.055,10.44,1553291
2024-01-31T05:00:00Z,10.25,10.395,10.02,10.02,553130
2024-01-30T05:00:00Z,10.395,10.4,10.055,10.115,409562
2024-01-29T05:00:00Z,10.39,10.5,10.25,10.485,503276
2024-01-26T05:00:00Z,10.62,10.66,10.475,10.6,387051
2024-01-25T05:00:00Z,10.58,10.86,10.395,10.59,595185
2024-01-24T05:00:00Z,10.65,10.74,10.35,10.41,357190
2024-01-23T05:00:00Z,10.67,10.71,10.445,10.54,254926
2024-01-22T05:00:00Z,10.375,10.65,10.345,10.48,270924
2024-01-19T05:00:00Z,10.295,10.365,10.02,10.36,431122
2024-01-18T05:00:00Z,10.24,10.32,10.195,10.285,264768
2024-01-17T05:00:00Z,10.09,10.255,10.05,10.16,352988
2024-01-16T05:00:00Z,10.54,10.555,10.29,10.33,368353
2024-01-12T05:00:00Z,10.69,10.71,10.485,10.63,363305
2024-01-11T05:00:00Z,10.75,10.75,10.435,10.53,540630
2024-01-10T05:00:00Z,11,11.16,10.825,10.96,324256
2024-01-09T05:00:00Z,11.25,11.25,10.97,11.02,428394
2024-01-08T05:00:00Z,11.21,11.49,11.15,11.385,560839
2024-01-05T05:00:00Z,11.26,11.525,11.125,11.19,742523
2024-01-04T05:00:00Z,11.31,11.38,11.18,11.34,458567
2024-01-03T05:00:00Z,11.495,11.555,11.18,11.28,547655
2024-01-02T05:00:00Z,11.32,11.995,11.3,11.645,448268
2023-12-29T05:00:00Z,11.56,11.655,11.325,11.395,452540
2023-12-28T05:00:00Z,11.45,11.73,11.44,11.7,548761
2023-12-27T05:00:00Z,11.44,11.56,11.295,11.51,401621
2023-12-26T05:00:00Z,11.24,11.55,11.17,11.5,246121
2023-12-22T05:00:00Z,11.48,11.615,11.21,11.27,765121
2023-12-21T05:00:00Z,11.82,11.82,10.925,11.48,1211125
2023-12-20T05:00:00Z,12.33,12.565,11.5,11.66,928362
2023-12-19T05:00:00Z,11.96,12.435,11.96,12.35,321809
2023-12-18T05:00:00Z,12.3,12.315,11.945,11.96,427413
2023-12-15T05:00:00Z,12.55,12.67,12.18,12.26,703209
2023-12-14T05:00:00Z,12.15,12.69,12.15,12.52,1233680
2023-12-13T05:00:00Z,11.19,11.885,11.06,11.88,766681
2023-12-12T05:00:00Z,11.45,11.45,11.155,11.225,496358
2023-12-11T05:00:00Z,11.655,11.73,11.15,11.425,677504
2023-12-08T05:00:00Z,11.015,11.68,11.01,11.465,662336
2023-12-07T05:00:00Z,10.94,11.085,10.735,10.81,446047
2023-12-06T05:00:00Z,11.13,11.27,10.89,10.92,357781
2023-12-05T05:00:00Z,11.25,11.295,10.78,10.88,489705
2023-12-04T05:00:00Z,11.22,11.435,11.17,11.38,554727
2023-12-01T05:00:00Z,10.41,11.515,10.36,11.335,835949
2023-11-30T05:00:00Z,10.765,10.8,10.4,10.465,391599
2023-11-29T05:00:00Z,10.73,10.91,10.555,10.78,268745
2023-11-28T05:00:00Z,10.75,10.77,10.5,10.64,888495
2023-11-27T05:00:00Z,10.75,10.93,10.69,10.785,749602
2023-11-24T05:00:00Z,10.63,10.945,10.61,10.855,358183
2023-11-22T05:00:00Z,10.66,10.75,10.61,10.68,287648
2023-11-21T05:00:00Z,10.59,10.675,10.48,10.6,282527
2023-11-20T05:00:00Z,10.755,10.825,10.54,10.75,409878
2023-11-17T05:00:00Z,10.4,10.78,10.29,10.7,412928
2023-11-16T05:00:00Z,10.62,10.63,9.97,10.31,695733
2023-11-15T05:00:00Z,10.45,10.64,10.38,10.565,533072
2023-11-14T05:00:00Z,10.335,10.84,10.31,10.445,849945
2023-11-13T05:00:00Z,10.015,10.02,9.63,9.885,586065
2023-11-10T05:00:00Z,9.745,10.2,9.605,10.12,848047
2023-11-09T05:00:00Z,9.68,9.82,9.275,9.64,972015
2023-11-08T05:00:00Z,10.18,10.31,9.385,9.39,3639723
2023-11-07T05:00:00Z,11.44,11.71,11.36,11.62,787733
2023-11-06T05:00:00Z,11.65,11.77,11.25,11.465,456103
2023-11-03T04:00:00Z,11.42,11.88,11.42,11.765,796879
2023-11-02T04:00:00Z,10.315,11.1,10.315,11.09,947840
2023-11-01T04:00:00Z,9.95,10.195,9.845,10.075,257760
2023-10-31T04:00:00Z,9.905,10.105,9.81,9.93,405682
2023-10-30T04:00:00Z,9.65,9.965,9.65,9.85,455021
2023-10-27T04:00:00Z,9.89,9.89,9.53,9.55,404180
2023-10-26T04:00:00Z,9.7,9.965,9.58,9.81,514773
2023-10-25T04:00:00Z,10.05,10.13,9.72,9.74,507990
2023-10-24T04:00:00Z,10.21,10.47,10.05,10.08,728802
2023-10-23T04:00:00Z,10.24,10.405,10.115,10.15,249096
2023-10-20T04:00:00Z,10.37,10.6,10.255,10.32,348046
2023-10-19T04:00:00Z,10.665,10.755,10.335,10.38,308782
2023-10-18T04:00:00Z,10.78,10.85,10.565,10.575,241215
2023-10-17T04:00:00Z,10.83,11.03,10.79,10.92,442952
2023-10-16T04:00:00Z,10.425,10.96,10.31,10.89,411536
2023-10-13T04:00:00Z,10.315,10.45,10.155,10.38,342847
2023-10-12T04:00:00Z,10.98,10.98,10.255,10.31,276102
2023-10-11T04:00:00Z,10.81,10.96,10.745,10.95,382623
2023-10-10T04:00:00Z,10.55,10.76,10.46,10.67,348217
2023-10-09T04:00:00Z,10.145,10.55,10.065,10.53,372529
2023-10-06T04:00:00Z,10.05,10.415,9.96,10.28,432178
2023-10-05T04:00:00Z,10.225,10.3,9.89,10.105,820783
2023-10-04T04:00:00Z,10.375,10.39,9.99,10.29,481306
2023-10-03T04:00:00Z,10.41,10.73,10.3,10.36,509490
2023-10-02T04:00:00Z,10.8,10.885,10.345,10.51,527272
2023-09-29T04:00:00Z,10.79,11.055,10.77,10.85,1280837
2023-09-28T04:00:00Z,11.05,11.09,10.665,10.69,712324
2023-09-27T04:00:00Z,10.765,11.11,10.765,11.045,1708692
2023-09-26T04:00:00Z,10.58,10.805,10.45,10.71,1347206
2023-09-25T04:00:00Z,11.17,11.17,10.625,10.65,787325
2023-09-22T04:00:00Z,11.52,11.6,11.015,11.1,578567
2023-09-21T04:00:00Z,11.505,11.92,11.455,11.495,362113
2023-09-20T04:00:00Z,11.68,11.825,11.49,11.495,287108
2023-09-19T04:00:00Z,11.655,11.75,11.535,11.63,257051
2023-09-18T04:00:00Z,11.86,11.955,11.57,11.665,351602
2023-09-15T04:00:00Z,11.805,12.17,11.7,11.84,381942
2023-09-14T04:00:00Z,11.6,11.755,11.44,11.71,338112
2023-09-13T04:00:00Z,11.36,11.465,11.225,11.42,268860
2023-09-12T04:00:00Z,11.725,11.845,11.285,11.34,485303
2023-09-11T04:00:00Z,11.425,12.04,11.255,11.595,891457
2023-09-08T04:00:00Z,11.08,11.39,11.01,11.34,477720
2023-09-07T04:00:00Z,11.39,11.395,10.85,11.03,1147024
2023-09-06T04:00:00Z,11.51,11.545,11.11,11.5,1109540
2023-09-05T04:00:00Z,11.57,11.96,11.345,11.63,1241987
2023-09-01T04:00:00Z,12.76,12.82,11.34,11.555,2153272
2023-08-31T04:00:00Z,13.12,13.31,13.11,13.145,290330
2023-08-30T04:00:00Z,12.97,13.13,12.88,13.1,326775
2023-08-29T04:00:00Z,12.86,13.035,12.72,12.95,271067
2023-08-28T04:00:00Z,12.41,12.8,12.36,12.775,281952
2023-08-25T04:00:00Z,12.67,12.76,11.955,12.26,433538
2023-08-24T04:00:00Z,12.63,12.81,12.485,12.68,380504
2023-08-23T04:00:00Z,12.585,12.78,12.535,12.7,205055
2023-08-22T04:00:00Z,12.63,12.76,12.46,12.53,337834
2023-08-21T04:00:00Z,12.77,12.795,12.505,12.645,258518
2023-08-18T04:00:00Z,12.64,12.82,12.56,12.775,349214
2023-08-17T04:00:00Z,13.17,13.28,12.75,12.77,372974
2023-08-16T04:00:00Z,13.26,13.47,13.155,13.19,204323
2023-08-15T04:00:00Z,13.36,13.555,13.14,13.435,191752
2023-08-14T04:00:00Z,13.53,13.78,13.415,13.535,274863
2023-08-11T04:00:00Z,14.06,14.26,13.685,13.71,276732
2023-08-10T04:00:00Z,14.25,14.5,14.085,14.12,256561
2023-08-09T04:00:00Z,14.53,14.75,14.105,14.13,362666
2023-08-08T04:00:00Z,14.29,14.5,13.75,14.43,926086
2023-08-07T04:00:00Z,14.09,14.5,13.845,14.48,790041
2023-08-04T04:00:00Z,12.925,14.035,12.77,13.965,809029
2023-08-03T04:00:00Z,12.505,13.01,12.125,12.875,1044542
2023-08-02T04:00:00Z,12.7,12.79,12.465,12.525,544677
2023-08-01T04:00:00Z,13.01,13.07,12.725,12.86,290528
2023-07-31T04:00:00Z,12.86,13.255,12.86,13.085,235349
2023-07-28T04:00:00Z,12.53,12.85,12.45,12.78,515902
2023-07-27T04:00:00Z,13.005,13.015,12.24,12.275,334352
2023-07-26T04:00:00Z,12.56,12.8,12.475,12.755,277450
2023-07-25T04:00:00Z,12.6,12.79,12.42,12.53,432412
2023-07-24T04:00:00Z,13.09,13.11,12.57,12.61,416425
2023-07-21T04:00:00Z,13.25,13.37,12.87,12.92,458480
2023-07-20T04:00:00Z,13.17,13.42,13.05,13.125,372676
2023-07-19T04:00:00Z,13.06,13.36,12.835,13.29,649860
2023-07-18T04:00:00Z,12.38,13.05,12.38,12.78,882362
2023-07-17T04:00:00Z,12.35,12.35,12.14,12.305,527306
2023-07-14T04:00:00Z,13.045,13.085,12.37,12.41,506411
2023-07-13T04:00:00Z,13.26,13.26,12.55,13.085,802593
2023-07-12T04:00:00Z,13.51,13.58,13.07,13.16,466767
2023-07-11T04:00:00Z,12.93,13.34,12.93,13.305,449191
2023-07-10T04:00:00Z,12.525,13.025,12.455,12.95,512649
2023-07-07T04:00:00Z,12.28,12.815,12.28,12.56,364691
2023-07-06T04:00:00Z,12.63,12.69,12.4,12.67,340247
2023-07-05T04:00:00Z,12.85,13.03,12.555,12.83,333686
2023-07-03T04:00:00Z,12.55,13.03,12.55,13.005,298142
2023-06-30T04:00:00Z,12.48,12.575,12.405,12.53,401760
2023-06-29T04:00:00Z,12.3,12.49,12.245,12.415,496875
2023-06-28T04:00:00Z,12.235,12.49,12.13,12.465,808740
2023-06-27T04:00:00Z,11.83,12.435,11.785,12.24,1543818
2023-06-26T04:00:00Z,11.8,12,11.61,11.79,1037658
2023-06-23T04:00:00Z,11.95,11.95,11.67,11.765,853967
2023-06-22T04:00:00Z,12.37,12.4,12.02,12.085,421518
2023-06-21T04:00:00Z,12.185,12.48,12.075,12.35,394694
2023-06-20T04:00:00Z,12.64,12.73,12.155,12.18,666532
2023-06-16T04:00:00Z,13.05,13.105,12.58,12.78,803275
2023-06-15T04:00:00Z,13.56,13.57,12.85,13.115,1062029
2023-06-14T04:00:00Z,13.765,14.135,13.5,13.64,528895
2023-06-13T04:00:00Z,14.11,14.46,13.75,13.785,526183
2023-06-12T04:00:00Z,13.95,14.22,13.81,13.99,557055
2023-06-09T04:00:00Z,14.11,14.165,13.6,13.86,785829
2023-06-08T04:00:00Z,13.115,14.2,13.1,14.035,1651893
2023-06-07T04:00:00Z,12.205,13.315,12.125,13.12,1716840
2023-06-06T04:00:00Z,11.56,12.195,11.56,12.105,464741
2023-06-05T04:00:00Z,11.74,11.87,11.475,11.635,581438
2023-06-02T04:00:00Z,11.525,11.85,11.445,11.75,599980
2023-06-01T04:00:00Z,11.3,11.6,10.94,11.34,612278
2023-05-31T04:00:00Z,11.33,11.52,11.225,11.285,462374
2023-05-30T04:00:00Z,11.52,11.52,11.145,11.295,1079427
2023-05-26T04:00:00Z,11.2,11.485,11.015,11.425,819444
2023-05-25T04:00:00Z,11.57,11.57,11.035,11.085,634435
2023-05-24T04:00:00Z,11.7,11.885,11.37,11.665,608301
2023-05-23T04:00:00Z,12.1,12.23,11.665,11.695,862235
2023-05-22T04:00:00Z,12.19,12.315,11.965,12.16,634422
2023-05-19T04:00:00Z,12.35,12.46,12.16,12.205,500444
2023-05-18T04:00:00Z,12.485,12.58,12.195,12.395,670018
2023-05-17T04:00:00Z,12.27,12.675,12.195,12.5,461014
2023-05-16T04:00:00Z,12.77,12.785,12.095,12.165,810051
2023-05-15T04:00:00Z,12.58,12.82,12.465,12.8,502378
2023-05-12T04:00:00Z,12.37,12.625,12.25,12.505,454149
2023-05-11T04:00:00Z,12.85,12.88,12.345,12.375,792941
2023-05-10T04:00:00Z,13.52,13.53,12.705,13.045,868785
2023-05-09T04:00:00Z,13.31,13.5,13.255,13.43,696456
2023-05-08T04:00:00Z,13,13.545,12.805,13.46,734592
2023-05-05T04:00:00Z,11.81,12.96,11.64,12.86,1281941
2023-05-04T04:00:00Z,12.39,12.515,12.045,12.35,1325877
2023-05-03T04:00:00Z,12.775,13.11,12.755,12.845,312927
2023-05-02T04:00:00Z,13.14,13.18,12.65,12.695,437946
2023-05-01T04:00:00Z,13.55,13.69,13.245,13.29,305230
2023-04-28T04:00:00Z,13.045,13.735,12.96,13.605,450673
2023-04-27T04:00:00Z,12.72,13.155,12.63,13.08,597693
2023-04-26T04:00:00Z,12.8,12.99,12.54,12.58,380788
2023-04-25T04:00:00Z,13.15,13.29,12.76,12.8,475003
2023-04-24T04:00:00Z,13.58,13.715,13.21,13.35,582226
2023-04-21T04:00:00Z,13.74,13.88,13.46,13.57,512625
2023-04-20T04:00:00Z,14.06,14.155,13.69,13.83,511890
2023-04-19T04:00:00Z,14.08,14.35,13.85,14.285,325358
2023-04-18T04:00:00Z,14.595,14.67,14.13,14.285,411742
2023-04-17T04:00:00Z,13.8,14.54,13.765,14.535,703102
2023-04-14T04:00:00Z,14.08,14.255,13.56,13.79,602542
2023-04-13T04:00:00Z,14.165,14.465,13.74,14.035,963258
2023-04-12T04:00:00Z,15.07,15.125,13.97,14.07,988105
2023-04-11T04:00:00Z,15.445,15.555,14.865,14.95,742275
2023-04-10T04:00:00Z,14.975,15.505,14.975,15.405,446559
2023-04-06T04:00:00Z,14.735,15.235,14.41,15.115,629639
2023-04-05T04:00:00Z,15,15,14.66,14.795,742174
2023-04-04T04:00:00Z,15.03,15.175,14.805,15.16,690085
2023-04-03T04:00:00Z,15.03,15.175,14.68,14.82,621983
2023-03-31T04:00:00Z,14.9,15.115,14.85,15.095,650318
2023-03-30T04:00:00Z,14.925,15.01,14.76,14.845,762343
2023-03-29T04:00:00Z,14.68,14.7,14.395,14.655,734411
2023-03-28T04:00:00Z,14.395,14.575,14.335,14.5,887390
2023-03-27T04:00:00Z,14.18,14.505,14.165,14.345,207821
2023-03-24T04:00:00Z,14.23,14.26,13.725,14.01,388307
2023-03-23T04:00:00Z,14.67,14.99,14.235,14.525,377972
2023-03-22T04:00:00Z,15.09,15.25,14.49,14.49,415069
2023-03-21T04:00:00Z,14.475,15.14,14.44,15.1,838286
2023-03-20T04:00:00Z,14.275,14.525,14.12,14.24,377078
2023-03-17T04:00:00Z,14.74,14.88,14.195,14.345,699618
2023-03-16T04:00:00Z,13.43,14.225,13.39,14.17,424301
2023-03-15T04:00:00Z,13.7,13.85,13.41,13.58,613999
2023-03-14T04:00:00Z,14.185,14.32,13.78,14.055,700716
2023-03-13T04:00:00Z,14,14.35,13.475,14.02,864516
2023-03-10T05:00:00Z,14.68,14.75,14.135,14.36,656771
2023-03-09T05:00:00Z,15.19,15.395,14.58,14.775,730286
2023-03-08T05:00:00Z,14.87,15.375,14.745,15.325,618269
2023-03-07T05:00:00Z,15.09,15.255,14.775,14.83,501114
2023-03-06T05:00:00Z,15.63,15.85,15.13,15.14,480919
2023-03-03T05:00:00Z,15.35,15.575,15.275,15.48,995887
2023-03-02T05:00:00Z,14.9,15.27,14.76,15.255,382386
2023-03-01T05:00:00Z,15.57,15.65,15.005,15.03,332988
2023-02-28T05:00:00Z,15.88,16.31,15.46,15.61,397940
2023-02-27T05:00:00Z,15.58,16.335,15.555,15.95,1358072
2023-02-24T05:00:00Z,15.35,16.23,15.16,15.545,1648700
2023-02-23T05:00:00Z,15.44,15.79,15.295,15.72,757533
2023-02-22T05:00:00Z,14.71,15.515,14.71,15.445,459441
2023-02-21T05:00:00Z,15.125,15.22,14.725,14.76,663885
2023-02-17T05:00:00Z,15.3,15.525,15.065,15.44,484130
2023-02-16T05:00:00Z,14.96,15.625,14.825,15.315,738523
2023-02-15T05:00:00Z,14.57,15.37,14.425,15.37,522884
2023-02-14T05:00:00Z,14.7,15.04,14.46,14.715,249220
2023-02-13T05:00:00Z,14.32,15.07,14.135,14.93,460158
2023-02-10T05:00:00Z,14.16,14.36,14.02,14.23,262958
2023-02-09T05:00:00Z,14.78,14.955,14.24,14.37,435251
2023-02-08T05:00:00Z,15.19,15.24,14.53,14.57,352255
2023-02-07T05:00:00Z,15.3,15.41,14.8,15.315,634473
2023-02-06T05:00:00Z,15.14,15.45,15,15.41,642741
2023-02-03T05:00:00Z,15.58,15.84,15.35,15.41,542921
2023-02-02T05:00:00Z,15.53,16.04,15.45,15.91,528234
2023-02-01T05:00:00Z,14.74,15.46,14.675,15.35,540683
2023-01-31T05:00:00Z,14.44,14.84,14.25,14.84,485838
2023-01-30T05:00:00Z,14.59,14.71,14.22,14.38,529054
2023-01-27T05:00:00Z,14.89,15.08,14.66,14.9,410597
2023-01-26T05:00:00Z,14.68,15.18,14.435,15,760253
2023-01-25T05:00:00Z,13.21,14.725,13.18,14.535,1127819
2023-01-24T05:00:00Z,13.37,13.6,13.26,13.385,332437
2023-01-23T05:00:00Z,13.035,13.53,12.96,13.51,490868
2023-01-20T05:00:00Z,12.54,13.04,12.365,13.01,584963
2023-01-19T05:00:00Z,12.43,12.56,11.92,12.47,639747
2023-01-18T05:00:00Z,13.22,13.25,12.485,12.58,502547
2023-01-17T05:00:00Z,13.06,13.32,12.83,13.235,360694
2023-01-13T05:00:00Z,12.97,13.155,12.905,13.14,489663
2023-01-12T05:00:00Z,12.83,13.25,12.51,13.155,681370
2023-01-11T05:00:00Z,12.91,12.93,12.38,12.595,1173220
2023-01-10T05:00:00Z,11.79,12.57,11.785,12.555,1207857
2023-01-09T05:00:00Z,11.37,11.71,11.24,11.6,635368
2023-01-06T05:00:00Z,10.875,11.385,10.73,11.31,667231
2023-01-05T05:00:00Z,10.38,11.05,10.12,10.86,1173733
2023-01-04T05:00:00Z,9.78,10.61,9.555,10.36,865270
2023-01-03T05:00:00Z,9.655,9.91,9.495,9.54,492139
2022-12-30T05:00:00Z,9.2,9.5,9.18,9.485,399311
2022-12-29T05:00:00Z,8.99,9.565,8.96,9.415,1098227
2022-12-28T05:00:00Z,9.14,9.295,8.85,8.87,518988
2022-12-27T05:00:00Z,9.09,9.265,8.86,9.24,552436
2022-12-23T05:00:00Z,9.15,9.38,9.09,9.175,538377
2022-12-22T05:00:00Z,8.91,9.24,8.825,9.225,683602
2022-12-21T05:00:00Z,9.07,9.37,8.925,9.04,587121
2022-12-20T05:00:00Z,9.2,9.555,8.895,9.03,1079211
2022-12-19T05:00:00Z,9.82,9.865,9.075,9.26,887309
2022-12-16T05:00:00Z,9.965,10.095,9.61,9.83,1704995
2022-12-15T05:00:00Z,10.65,10.8,9.95,9.99,1392581
2022-12-14T05:00:00Z,10.79,11.23,10.78,10.98,794170
2022-12-13T05:00:00Z,11.63,11.9,10.785,10.89,1017480
2022-12-12T05:00:00Z,11.01,11.395,10.995,11.28,2247141
2022-12-09T05:00:00Z,10.73,11.335,10.67,11.08,1258521
2022-12-08T05:00:00Z,10.81,10.995,10.685,10.76,507287
2022-12-07T05:00:00Z,10.51,10.95,10.34,10.735,863595
2022-12-06T05:00:00Z,11.33,11.485,10.575,10.62,866900
2022-12-05T05:00:00Z,11.5,11.62,11.11,11.155,384309
2022-12-02T05:00:00Z,11.48,11.63,11.395,11.56,653825
2022-12-01T05:00:00Z,11.45,11.88,11.395,11.625,471313
2022-11-30T05:00:00Z,11.1,11.515,10.93,11.4,658391
2022-11-29T05:00:00Z,10.98,11.25,10.865,11.145,422140
2022-11-28T05:00:00Z,11.27,11.515,10.92,10.92,595680
2022-11-25T05:00:00Z,11.185,11.58,11.14,11.48,256278
2022-11-23T05:00:00Z,10.72,11.405,10.72,11.33,552400
2022-11-22T05:00:00Z,10.51,10.815,10.36,10.785,434648
2022-11-21T05:00:00Z,10.73,10.775,10.52,10.55,537667
2022-11-18T05:00:00Z,11.11,11.11,10.655,10.79,577122
2022-11-17T05:00:00Z,10.7,11.165,10.625,10.97,838488
2022-11-16T05:00:00Z,11.14,11.14,10.53,10.92,1034111
2022-11-15T05:00:00Z,11.855,12.18,11.18,11.32,1185493
2022-11-14T05:00:00Z,11.745,12.3,11.49,11.495,549635
2022-11-11T05:00:00Z,10.86,12.36,10.62,11.855,1703209
2022-11-10T05:00:00Z,10.28,10.82,10.18,10.8,1242056
2022-11-09T05:00:00Z,9.86,9.895,9.52,9.855,1198730
2022-11-08T05:00:00Z,10.235,10.465,9.805,10.07,1259360
2022-11-07T05:00:00Z,10.46,10.555,9.97,10.265,1504843
2022-11-04T04:00:00Z,11.37,11.75,10.205,10.43,2150743
2022-11-03T04:00:00Z,12.35,12.4,11.635,11.985,1508337
2022-11-02T04:00:00Z,13.01,13.12,12.665,12.67,1210191
2022-11-01T04:00:00Z,13.3,13.83,13.3,13.36,884708
2022-10-31T04:00:00Z,12.79,13.05,12.65,13.005,690554
2022-10-28T04:00:00Z,12.51,12.97,12.375,12.945,594041
2022-10-27T04:00:00Z,13.005,13.35,12.445,12.495,889450
2022-10-26T04:00:00Z,13.47,13.65,12.83,13.005,550425
2022-10-25T04:00:00Z,13.04,13.65,13.025,13.58,1190071
2022-10-24T04:00:00Z,13.48,13.58,13.015,13.18,732647
2022-10-21T04:00:00Z,12.88,13.49,12.88,13.49,800587
2022-10-20T04:00:00Z,12.7,13.21,12.47,12.91,457548
2022-10-19T04:00:00Z,12.93,13.19,12.565,12.62,666392
2022-10-18T04:00:00Z,12.62,13.02,12.55,12.89,458311
2022-10-17T04:00:00Z,12.55,12.63,12.285,12.31,717255
2022-10-14T04:00:00Z,12.565,12.84,12.4,12.45,608581
2022-10-13T04:00:00Z,11.44,12.555,11.26,12.48,881361
2022-10-12T04:00:00Z,11.51,11.845,11.33,11.65,868406
2022-10-11T04:00:00Z,11.85,12.025,11.44,11.595,804610
2022-10-10T04:00:00Z,12.1,12.2,11.81,12.02,358570
2022-10-07T04:00:00Z,12.37,12.455,11.89,11.97,447372
2022-10-06T04:00:00Z,12.2,12.535,12.07,12.51,438369
2022-10-05T04:00:00Z,12.03,12.3,11.86,12.225,518066
2022-10-04T04:00:00Z,12.07,12.54,12.07,12.36,436951
2022-10-03T04:00:00Z,11.695,12.025,11.565,11.95,592256
2022-09-30T04:00:00Z,11.69,12.015,11.48,11.51,625937
2022-09-29T04:00:00Z,11.55,11.755,11.31,11.65,658168
2022-09-28T04:00:00Z,11.28,11.87,11.2,11.785,631702
2022-09-27T04:00:00Z,11.52,12,11.225,11.32,719828
2022-09-26T04:00:00Z,11.69,12.03,11.39,11.415,958771
2022-09-23T04:00:00Z,11.76,11.9,11.52,11.795,896151
2022-09-22T04:00:00Z,12.21,12.375,11.88,12.005,550950
2022-09-21T04:00:00Z,13.18,13.28,12.22,12.22,993483
2022-09-20T04:00:00Z,13.06,13.24,12.83,13.235,558234
2022-09-19T04:00:00Z,12.64,13.36,12.57,13.175,578856
2022-09-16T04:00:00Z,13.04,13.1,12.64,12.74,585395
2022-09-15T04:00:00Z,12.56,13.335,12.56,13.18,640568
2022-09-14T04:00:00Z,12.97,12.97,12.325,12.71,821673
2022-09-13T04:00:00Z,12.84,13.175,12.75,12.98,588263
2022-09-12T04:00:00Z,13.18,13.52,13.1,13.32,689279
2022-09-09T04:00:00Z,12.71,13.085,12.7,13.03,711412
2022-09-08T04:00:00Z,12.52,12.69,12.235,12.545,657639
2022-09-07T04:00:00Z,12.54,12.88,12.49,12.685,702632
2022-09-06T04:00:00Z,13.03,13.07,12.495,12.64,1145012
2022-09-02T04:00:00Z,13.25,13.52,13.005,13.07,777716
2022-09-01T04:00:00Z,13.065,13.215,12.77,13.21,740977
2022-08-31T04:00:00Z,13.33,13.525,13.205,13.24,557383
2022-08-30T04:00:00Z,13.33,13.55,13.055,13.305,452467
2022-08-29T04:00:00Z,12.98,13.465,12.98,13.21,632373
2022-08-26T04:00:00Z,13.535,14.015,13.135,13.165,1214055
2022-08-25T04:00:00Z,13.48,13.64,13.345,13.58,835156
2022-08-24T04:00:00Z,12.83,13.59,12.8,13.515,724917
2022-08-23T04:00:00Z,12.855,13.11,12.71,12.79,1317728
2022-08-22T04:00:00Z,13.46,13.5,12.695,12.715,916506
2022-08-19T04:00:00Z,12.99,13.75,12.99,13.74,693275
2022-08-18T04:00:00Z,13.18,13.205,12.865,13.19,741560
2022-08-17T04:00:00Z,13.44,13.535,13.065,13.26,796644
2022-08-16T04:00:00Z,13.075,13.88,12.82,13.685,960323
2022-08-15T04:00:00Z,13.52,13.625,13.065,13.115,1132571
2022-08-12T04:00:00Z,13.84,13.84,13.38,13.68,697614
2022-08-11T04:00:00Z,13.24,13.945,13.21,13.655,843712
2022-08-10T04:00:00Z,13.34,13.57,13.075,13.075,803378
2022-08-09T04:00:00Z,13.955,13.955,12.93,13.09,1071574
2022-08-08T04:00:00Z,14.68,14.715,13.92,14.03,1514238
2022-08-05T04:00:00Z,14.59,15.15,14.425,14.585,3321829
2022-08-04T04:00:00Z,16.52,17.645,16.52,17.47,1040958
2022-08-03T04:00:00Z,16.23,16.85,16.02,16.7,757306
2022-08-02T04:00:00Z,15.38,16.46,15.34,15.99,685447
2022-08-01T04:00:00Z,15.01,15.735,14.81,15.395,626390
2022-07-29T04:00:00Z,15.365,15.365,14.72,14.99,715010
2022-07-28T04:00:00Z,14.985,15.64,14.815,15.58,589702
2022-07-27T04:00:00Z,14.58,15.28,14.5,15.14,714603
2022-07-26T04:00:00Z,14.63,14.63,14.31,14.42,354644
2022-07-25T04:00:00Z,14.68,14.84,14.35,14.66,632816
2022-07-22T04:00:00Z,14.39,14.985,14.355,14.65,601680
2022-07-21T04:00:00Z,14.27,14.51,14.14,14.51,380261
2022-07-20T04:00:00Z,14.28,14.59,13.945,14.43,548731
2022-07-19T04:00:00Z,13.97,14.33,13.97,14.24,1105647
2022-07-18T04:00:00Z,14.04,14.22,13.815,13.865,472615
2022-07-15T04:00:00Z,13.82,13.98,13.6,13.95,509907
2022-07-14T04:00:00Z,13.83,13.91,13.43,13.61,888572
2022-07-13T04:00:00Z,13.755,14.325,13.435,14.17,720921
2022-07-12T04:00:00Z,13.57,14.09,13.57,13.94,467691
2022-07-11T04:00:00Z,13.785,13.89,13.555,13.655,546865
2022-07-08T04:00:00Z,14.3,14.51,13.975,13.98,774383
2022-07-07T04:00:00Z,14.37,14.7,14.21,14.5,681590
2022-07-06T04:00:00Z,14.375,14.62,14.125,14.255,756503
2022-07-05T04:00:00Z,13.9,14.48,13.52,14.45,964225
2022-07-01T04:00:00Z,13.31,14.295,13.275,14.255,852172
2022-06-30T04:00:00Z,13.12,13.66,12.77,13.425,1102221
2022-06-29T04:00:00Z,13.65,13.66,12.91,13.17,707467
2022-06-28T04:00:00Z,14.185,14.67,13.575,13.67,676590
2022-06-27T04:00:00Z,14.4,14.43,13.88,14.06,465274
2022-06-24T04:00:00Z,14.255,14.61,14.2,14.28,779576
2022-06-23T04:00:00Z,14.145,14.175,13.76,14.125,638567
2022-06-22T04:00:00Z,13.83,14.29,13.8,13.97,438798
2022-06-21T04:00:00Z,14.57,14.68,13.94,14.03,603251
2022-06-17T04:00:00Z,13.95,14.49,13.505,14.205,732774
2022-06-16T04:00:00Z,14.38,14.455,13.3,13.64,1767142
2022-06-15T04:00:00Z,14.15,15.125,14.06,14.85,813737
2022-06-14T04:00:00Z,14.19,14.275,13.58,13.975,773608
2022-06-13T04:00:00Z,14.385,14.45,13.73,14.005,947471
2022-06-10T04:00:00Z,15.38,15.38,14.82,14.86,872526
2022-06-09T04:00:00Z,16.54,16.56,15.61,15.64,870373
2022-06-08T04:00:00Z,17.03,17.315,16.62,16.66,371579
2022-06-07T04:00:00Z,16.55,17.165,16.34,17.16,595524
2022-06-06T04:00:00Z,17.86,17.86,16.83,16.83,735865
2022-06-03T04:00:00Z,17.78,17.88,17.19,17.5,376156
2022-06-02T04:00:00Z,17.55,18.055,17.355,17.99,470491
2022-06-01T04:00:00Z,18.485,18.715,17.51,17.66,628846
2022-05-31T04:00:00Z,18.555,18.68,18.02,18.46,459708
2022-05-27T04:00:00Z,18.01,18.76,18.01,18.76,837729
2022-05-26T04:00:00Z,17.4,18.04,17.255,17.98,656794
2022-05-25T04:00:00Z,16.92,17.36,16.75,17.25,691918
2022-05-24T04:00:00Z,17.82,17.87,16.73,16.89,743610
2022-05-23T04:00:00Z,17.99,18.37,17.47,18.29,570470
2022-05-20T04:00:00Z,17.77,18.02,17.155,17.76,1028650
2022-05-19T04:00:00Z,17.36,17.83,17.285,17.5,438928
2022-05-18T04:00:00Z,18.13,18.36,17.26,17.48,671698
2022-05-17T04:00:00Z,17.72,18.36,17.58,18.35,535064
2022-05-16T04:00:00Z,17.94,18.5,17.14,17.22,654038
2022-05-13T04:00:00Z,17.195,18.245,17.195,18.09,483771
2022-05-12T04:00:00Z,16.6,17.74,16.555,17.11,987451
2022-05-11T04:00:00Z,17.33,17.83,16.59,16.62,899324
2022-05-10T04:00:00Z,17.4,17.96,17.1,17.35,968796
2022-05-09T04:00:00Z,17.34,17.83,16.87,17.1,869572
2022-05-06T04:00:00Z,18.635,18.66,17.555,17.74,1022067
2022-05-05T04:00:00Z,19.5,20.06,18.53,18.88,845666
2022-05-04T04:00:00Z,19.29,19.795,18.81,19.65,791039
2022-05-03T04:00:00Z,18.96,19.68,18.685,19.27,748145
2022-05-02T04:00:00Z,18.14,19.44,18.06,19.26,920269
2022-04-29T04:00:00Z,18.29,19.17,18.09,18.17,896692
2022-04-28T04:00:00Z,19.02,19.4,17.9,18.345,812115
2022-04-27T04:00:00Z,19.945,19.945,18.215,18.81,1386230
2022-04-26T04:00:00Z,19.93,20.955,19.71,19.84,1620241
2022-04-25T04:00:00Z,20.09,21.92,19.97,21.55,1763736
2022-04-22T04:00:00Z,21,21.9,20.375,20.56,1245388
2022-04-21T04:00:00Z,22.64,23.23,20.92,21.445,1930347
2022-04-20T04:00:00Z,23.45,23.54,22.71,22.99,1872651
2022-04-19T04:00:00Z,23.675,24.68,23.5,24.565,1272656
2022-04-18T04:00:00Z,24.52,24.765,23.52,24.24,1432778
2022-04-14T04:00:00Z,25.94,26.56,24.765,24.84,2255956
2022-04-13T04:00:00Z,24.565,27.495,24.24,26.005,1848446
2022-04-12T04:00:00Z,24.37,25.32,23.75,24.74,1820954
2022-04-11T04:00:00Z,24.05,26.23,23.5,24.85,1679478
2022-04-08T04:00:00Z,23.325,24.52,23.325,24.43,8964
2022-04-07T04:00:00Z,23.83,23.83,23.08,23.1,1300
2022-04-05T04:00:00Z,25.84,26.22,25.18,25.28,995
