2024-06-14T04:00:00Z,66.55,67.1,66.335,67.05,210113
2024-06-13T04:00:00Z,66.33,66.755,65.97,66.69,155776
2024-06-12T04:00:00Z,66.865,66.865,65.9,66.32,252829
2024-06-11T04:00:00Z,66.75,66.945,66.35,66.73,218616
2024-06-10T04:00:00Z,67.175,67.305,66.3,66.98,538905
2024-06-07T04:00:00Z,67.4,67.56,65.64,65.88,408770
2024-06-06T04:00:00Z,67.02,67.435,66.77,67.17,258540
2024-06-05T04:00:00Z,66.68,67.14,66.315,67.11,394763
2024-06-04T04:00:00Z,66.04,66.63,65.84,66.58,256787
2024-06-03T04:00:00Z,65.475,65.82,65.17,65.82,232935
2024-05-31T04:00:00Z,64.62,65.89,64.16,65.78,363464
2024-05-30T04:00:00Z,64.77,65.155,64.77,64.895,283708
2024-05-29T04:00:00Z,64.85,65.21,64.67,64.95,279242
2024-05-28T04:00:00Z,65.155,65.46,64.745,65.03,446014
2024-05-24T04:00:00Z,65.145,65.69,65.08,65.37,187034
2024-05-23T04:00:00Z,65.16,65.495,64.565,64.84,291465
2024-05-22T04:00:00Z,65.04,65.675,64.735,65.23,303276
2024-05-21T04:00:00Z,64.565,65.185,64.46,65.18,476578
2024-05-20T04:00:00Z,64.45,64.755,63.875,64.2,417002
2024-05-17T04:00:00Z,64.12,64.865,63.64,64.655,665435
2024-05-16T04:00:00Z,63.82,64.41,62.985,63.98,1024321
2024-05-15T04:00:00Z,59.675,59.94,59.48,59.84,428494
2024-05-14T04:00:00Z,60.475,60.495,59.445,59.87,316346
2024-05-13T04:00:00Z,60.695,61.335,60.295,60.415,404818
2024-05-10T04:00:00Z,60.45,60.58,60.165,60.47,314637
2024-05-09T04:00:00Z,60.04,60.575,59.95,60.46,262886
2024-05-08T04:00:00Z,60.65,60.84,60.24,60.315,241681
2024-05-07T04:00:00Z,60.13,60.775,60.13,60.62,206781
2024-05-06T04:00:00Z,59.92,59.935,59.4,59.84,217347
2024-05-03T04:00:00Z,59.46,59.97,59.155,59.825,173574
2024-05-02T04:00:00Z,59.005,59.885,58.605,59.715,289728
2024-05-01T04:00:00Z,59.305,59.305,58.735,58.83,359698
2024-04-30T04:00:00Z,60.2,60.29,59.16,59.33,258518
2024-04-29T04:00:00Z,60.22,60.38,59.96,60.22,170812
2024-04-26T04:00:00Z,60.09,60.39,60.01,60.13,171447
2024-04-25T04:00:00Z,60.165,60.525,59.835,60.21,398135
2024-04-24T04:00:00Z,58.91,60.035,58.82,59.88,384872
2024-04-23T04:00:00Z,60.26,60.305,58.555,59.09,454419
2024-04-22T04:00:00Z,59.605,60.39,59.045,60.14,369841
2024-04-19T04:00:00Z,59.415,59.65,58.99,59.51,217347
2024-04-18T04:00:00Z,59.92,59.92,59.22,59.25,255359
2024-04-17T04:00:00Z,60.1,60.43,59.575,59.66,316277
2024-04-16T04:00:00Z,60.09,60.29,59.785,59.84,289951
2024-04-15T04:00:00Z,60.51,60.695,59.91,59.92,211681
2024-04-12T04:00:00Z,59.96,60.715,59.96,60.15,260458
2024-04-11T04:00:00Z,60.78,60.855,60.07,60.08,214228
2024-04-10T04:00:00Z,59.565,60.76,59.45,60.61,445758
2024-04-09T04:00:00Z,59.935,59.94,59.305,59.8,222181
2024-04-08T04:00:00Z,59.59,60.04,59.42,59.78,259031
2024-04-05T04:00:00Z,59.57,60.04,59.555,59.84,310074
2024-04-04T04:00:00Z,59.59,59.805,59.295,59.5,328230
2024-04-03T04:00:00Z,59.41,59.45,58.945,59.42,376884
2024-04-02T04:00:00Z,59.99,60.09,58.88,59.16,441164
2024-04-01T04:00:00Z,60.27,60.75,59.94,59.95,326311
2024-03-28T04:00:00Z,60.7,60.75,60.185,60.2,290147
2024-03-27T04:00:00Z,60.96,61.05,60.39,60.71,320764
2024-03-26T04:00:00Z,60.4,60.825,60.27,60.51,370601
2024-03-25T04:00:00Z,60.95,60.985,60.365,60.57,293021
2024-03-22T04:00:00Z,61.17,61.515,60.86,60.88,165369
2024-03-21T04:00:00Z,61.285,61.65,61.055,61.44,333131
2024-03-20T04:00:00Z,60.9,61.28,60.84,61.25,208690
2024-03-19T04:00:00Z,60.93,60.99,60.61,60.88,204568
2024-03-18T04:00:00Z,60.73,60.895,60.4,60.85,249438
2024-03-15T04:00:00Z,60.66,61.135,60.46,60.71,271280
2024-03-14T04:00:00Z,61.3,61.44,60.6,61.04,413402
2024-03-13T04:00:00Z,61.35,61.455,60.88,61.28,525873
2024-03-12T04:00:00Z,60.95,61.565,60.7,61.4,339187
2024-03-11T04:00:00Z,60.09,60.705,59.87,60.625,415003
2024-03-08T05:00:00Z,59.995,60.275,59.74,60.125,274315
2024-03-07T05:00:00Z,61,61,60.35,60.35,298711
2024-03-06T05:00:00Z,60.08,60.62,60.045,60.585,304001
2024-03-05T05:00:00Z,59.83,60.34,59.575,60.02,387411
2024-03-04T05:00:00Z,58.6,59.39,58.41,59.33,336723
2024-03-01T05:00:00Z,58.695,58.845,58.2,58.765,455497
2024-02-29T05:00:00Z,59.41,59.41,58.59,58.59,658727
2024-02-28T05:00:00Z,59.525,59.76,59.315,59.63,395377
2024-02-27T05:00:00Z,59.59,59.67,59.225,59.59,358038
2024-02-26T05:00:00Z,59.175,59.82,58.18,59.57,503919
2024-02-23T05:00:00Z,176.07,177.625,175.345,175.63,176512
2024-02-22T05:00:00Z,173.72,175.46,173.36,175.39,152704
2024-02-21T05:00:00Z,175.11,175.44,172.82,173.72,231462
2024-02-20T05:00:00Z,178.94,181.14,175.24,175.94,418918
2024-02-16T05:00:00Z,170.09,171.9,169.32,170.4,249021
2024-02-15T05:00:00Z,169.61,169.61,167.99,169.28,167834
2024-02-14T05:00:00Z,168.74,168.74,167.58,168.69,123887
2024-02-13T05:00:00Z,170.92,171.05,168.27,169.14,117483
2024-02-12T05:00:00Z,169.19,170.34,169.13,170.34,116618
2024-02-09T05:00:00Z,169.465,169.71,168.92,169.26,125400
2024-02-08T05:00:00Z,169.475,170.51,169.15,169.37,106324
2024-02-07T05:00:00Z,170.185,170.65,169.205,169.335,161223
2024-02-06T05:00:00Z,169.02,169.93,168.42,169.81,100317
2024-02-05T05:00:00Z,169.59,169.85,168.07,168.67,169524
2024-02-02T05:00:00Z,168.345,170.56,167.945,169.59,141191
2024-02-01T05:00:00Z,165.865,168.345,165.22,168.33,190276
2024-01-31T05:00:00Z,167.55,167.61,165.14,165.18,180864
2024-01-30T05:00:00Z,164.71,165.76,163.67,165.66,111586
2024-01-29T05:00:00Z,164.32,165.4,163.52,165.05,156267
2024-01-26T05:00:00Z,163.025,164.37,162.73,164.29,92886
2024-01-25T05:00:00Z,161.03,162.86,160.42,162.86,131280
2024-01-24T05:00:00Z,162.795,162.795,160.325,160.42,115464
2024-01-23T05:00:00Z,162.16,162.81,161.79,162.81,104358
2024-01-22T05:00:00Z,162.71,162.885,161.6,162.435,70165
2024-01-19T05:00:00Z,163.31,163.31,161.44,162.36,157348
2024-01-18T05:00:00Z,161.05,163.385,160.68,163.29,213283
2024-01-17T05:00:00Z,161.405,161.83,160.69,161,96400
2024-01-16T05:00:00Z,161.66,162.31,161.255,161.825,92582
2024-01-12T05:00:00Z,161.545,161.545,160.44,161.39,99019
2024-01-11T05:00:00Z,161.55,161.82,160.205,161.08,167848
2024-01-10T05:00:00Z,159.785,161.48,159.765,161.33,139134
2024-01-09T05:00:00Z,157.85,159.335,157.79,159.31,136504
2024-01-08T05:00:00Z,156.88,158.29,156.88,158.27,123272
2024-01-05T05:00:00Z,157.91,158.05,155.61,156.7,175919
2024-01-04T05:00:00Z,159.37,159.41,157.5,157.79,130815
2024-01-03T05:00:00Z,159.87,160.26,158.93,159.32,122603
2024-01-02T05:00:00Z,157.375,159.525,157.365,159.36,158611
2023-12-29T05:00:00Z,157.51,158.045,157.22,157.7,84455
2023-12-28T05:00:00Z,157.94,158.235,157.5,157.62,119460
2023-12-27T05:00:00Z,156.25,157.945,156.18,157.92,161576
2023-12-26T05:00:00Z,156.59,156.98,156.12,156.42,78930
2023-12-22T05:00:00Z,155.595,157.15,155.38,156.67,127281
2023-12-21T05:00:00Z,153.96,155.03,153.935,154.8,186628
2023-12-20T05:00:00Z,155.45,156.01,153.62,153.71,172306
2023-12-19T05:00:00Z,154.73,155.69,154.09,155.64,227884
2023-12-18T05:00:00Z,153.41,155.02,153.14,154.99,187259
2023-12-15T05:00:00Z,151.91,153.45,151.55,152.835,275167
2023-12-14T05:00:00Z,153.88,153.91,151.94,152.16,269914
2023-12-13T05:00:00Z,151.68,154.01,150.65,154.01,196757
2023-12-12T05:00:00Z,151.56,151.65,150.29,151.37,75342
2023-12-11T05:00:00Z,151.19,151.43,149.54,151.26,214057
2023-12-08T05:00:00Z,151.7,152.2,150.24,150.82,195103
2023-12-07T05:00:00Z,154.54,154.54,152.23,152.46,240273
2023-12-06T05:00:00Z,155.625,155.83,153.68,154.07,235861
2023-12-05T05:00:00Z,154.245,155.845,153.76,155.76,136250
2023-12-04T05:00:00Z,153.95,154.93,153.32,154.285,276317
2023-12-01T05:00:00Z,155.33,155.6,152.65,154.34,405104
2023-11-30T05:00:00Z,156.105,156.105,154.53,155.56,217962
2023-11-29T05:00:00Z,158.62,158.62,155.63,156.1,242084
2023-11-28T05:00:00Z,156.85,158.91,156.83,158.74,158566
2023-11-27T05:00:00Z,156.17,157.36,156.08,156.77,128579
2023-11-24T05:00:00Z,155.24,156.12,154.83,156.08,59929
2023-11-22T05:00:00Z,155.83,156,154.385,154.65,128135
2023-11-21T05:00:00Z,155.56,156.83,154.185,155.85,196198
2023-11-20T05:00:00Z,155.62,155.99,155.04,155.33,169425
2023-11-17T05:00:00Z,155.83,157.53,155.02,155.31,297667
2023-11-16T05:00:00Z,159.03,159.42,155.5,156.03,923913
2023-11-15T05:00:00Z,168.595,169.935,167.57,169.78,360984
2023-11-14T05:00:00Z,168.14,169.14,167.28,167.665,177238
2023-11-13T05:00:00Z,166.365,167.865,166.085,167.73,169995
2023-11-10T05:00:00Z,164.42,166.405,164.05,166.21,148025
2023-11-09T05:00:00Z,164.28,164.28,163.255,163.885,198501
2023-11-08T05:00:00Z,165.955,166.14,163.645,164.32,165458
2023-11-07T05:00:00Z,165.8,166.6,165.36,165.655,203309
2023-11-06T05:00:00Z,164.48,165.59,164.115,164.93,194065
2023-11-03T04:00:00Z,166.08,166.16,164.52,164.57,194660
2023-11-02T04:00:00Z,164.445,166.15,163.65,165.5,173939
2023-11-01T04:00:00Z,164.15,165.36,163.25,164.855,108818
2023-10-31T04:00:00Z,162.92,163.61,162.02,163.42,95917
2023-10-30T04:00:00Z,161.59,163.25,160.785,163.04,112007
2023-10-27T04:00:00Z,161.515,161.94,160.57,161.25,157736
2023-10-26T04:00:00Z,162.92,163.8,161.62,161.82,144849
2023-10-25T04:00:00Z,163.1,164.3,162.5,162.7,243061
2023-10-24T04:00:00Z,161.5,163.465,161.45,163.27,227735
2023-10-23T04:00:00Z,158.82,161.32,158.06,161.05,217022
2023-10-20T04:00:00Z,160.68,161.03,158.73,158.77,125349
2023-10-19T04:00:00Z,161.605,161.82,160.22,160.77,107667
2023-10-18T04:00:00Z,161.82,162.305,160.74,161.48,97622
2023-10-17T04:00:00Z,160.93,161.67,160.41,161.39,101057
2023-10-16T04:00:00Z,160.65,162.08,160.355,161.17,165904
2023-10-13T04:00:00Z,159.35,160.44,159.275,159.76,126856
2023-10-12T04:00:00Z,158.51,159.3,157.97,158.96,170904
2023-10-11T04:00:00Z,158.73,159.49,157.08,158.22,89423
2023-10-10T04:00:00Z,156.175,158.04,155.72,157.64,157927
2023-10-09T04:00:00Z,155.22,155.85,153.29,155.79,273774
2023-10-06T04:00:00Z,158.9,158.92,151.68,156.41,514873
2023-10-05T04:00:00Z,160.56,160.74,159.02,159.02,115890
2023-10-04T04:00:00Z,159.62,161.02,159.06,160.94,93045
2023-10-03T04:00:00Z,159.675,160.65,158.76,159.11,79627
2023-10-02T04:00:00Z,159.41,160.26,158.31,160.04,92196
2023-09-29T04:00:00Z,163.06,163.06,159.23,159.96,103643
2023-09-28T04:00:00Z,162.14,162.8,161.67,162.54,83292
2023-09-27T04:00:00Z,162.11,162.195,160.34,161.72,115177
2023-09-26T04:00:00Z,163.17,163.5,162.375,162.47,127043
2023-09-25T04:00:00Z,162.5,163.1,161.96,163.04,56250
2023-09-22T04:00:00Z,162.3,163.23,161.99,162.37,89891
2023-09-21T04:00:00Z,164.29,164.4,161.85,161.91,187956
2023-09-20T04:00:00Z,163.475,164.71,162.99,163.9,59084
2023-09-19T04:00:00Z,163.3,163.71,162.355,163.37,142979
2023-09-18T04:00:00Z,164.74,165.17,163.27,163.4,193122
2023-09-15T04:00:00Z,165.055,165.59,163.79,164.69,122706
2023-09-14T04:00:00Z,164.955,165.74,164.42,165.29,138208
2023-09-13T04:00:00Z,164.95,165.815,164.42,164.58,157173
2023-09-12T04:00:00Z,164.47,164.925,164.05,164.51,124579
2023-09-11T04:00:00Z,164,164.465,163.68,164.36,99216
2023-09-08T04:00:00Z,163.45,163.845,163.11,163.78,95875
2023-09-07T04:00:00Z,161.98,163.47,161.505,163.47,126401
2023-09-06T04:00:00Z,160.345,162.17,160.165,161.42,197416
2023-09-05T04:00:00Z,161.7,162.67,160.195,160.26,105073
2023-09-01T04:00:00Z,162.79,162.8,160.17,161.56,114061
2023-08-31T04:00:00Z,161.2,162.96,161,162.63,116125
2023-08-30T04:00:00Z,160.63,161.27,160.01,161.23,86143
2023-08-29T04:00:00Z,159.05,160.205,158.885,160.12,61185
2023-08-28T04:00:00Z,158,158.81,158,158.7,59502
2023-08-25T04:00:00Z,157.31,158.01,156.695,157.84,72354
2023-08-24T04:00:00Z,158.065,159.23,156.86,156.86,110107
2023-08-23T04:00:00Z,156.68,158.37,156.55,158.12,110488
2023-08-22T04:00:00Z,156.68,157.15,156.28,157.03,170456
2023-08-21T04:00:00Z,157.735,158.8,157.04,157.51,111396
2023-08-18T04:00:00Z,155.68,159.53,155.63,157.97,170632
2023-08-17T04:00:00Z,160.805,161.12,155.09,155.66,428159
2023-08-16T04:00:00Z,160,160.87,158.395,159.25,317057
2023-08-15T04:00:00Z,160.11,160.76,158.94,159.17,88593
2023-08-14T04:00:00Z,162.04,162.72,159.2,160,142284
2023-08-11T04:00:00Z,160.44,161.8,160.21,161.22,90032
2023-08-10T04:00:00Z,160.92,161.71,160.05,160.24,73150
2023-08-09T04:00:00Z,160.96,162.08,160.77,160.86,70885
2023-08-08T04:00:00Z,161.11,161.57,159.64,160.63,94926
2023-08-07T04:00:00Z,159.6,161.2,159.215,160.48,138341
2023-08-04T04:00:00Z,159.63,159.96,157.98,158.355,68766
2023-08-03T04:00:00Z,159.07,159.435,158.53,159.27,115740
2023-08-02T04:00:00Z,158.54,160.41,158.54,159.22,170220
2023-08-01T04:00:00Z,159.93,160.42,158.97,159.11,73736
2023-07-31T04:00:00Z,160,160.44,158.94,159.865,85738
2023-07-28T04:00:00Z,159.88,160.91,159.75,159.91,90001
2023-07-27T04:00:00Z,160.13,160.63,159.15,159.18,77864
2023-07-26T04:00:00Z,159.4,160.69,158.98,159.75,125068
2023-07-25T04:00:00Z,160.36,160.515,158.29,159.19,141790
2023-07-24T04:00:00Z,158.36,159.46,157.56,159.3,82680
2023-07-21T04:00:00Z,157.965,158.77,157.445,158.37,270828
2023-07-20T04:00:00Z,154.92,157.54,154.92,157.54,162195
2023-07-19T04:00:00Z,155.165,155.165,153.75,154.72,116222
2023-07-18T04:00:00Z,154.57,155.64,153.88,154.62,137233
2023-07-17T04:00:00Z,154.43,154.98,153.88,154.835,94581
2023-07-14T04:00:00Z,154.11,154.595,153.58,154.59,73022
2023-07-13T04:00:00Z,154.995,155.56,153.71,154,100182
2023-07-12T04:00:00Z,155.515,155.855,154.82,155.05,230142
2023-07-11T04:00:00Z,154.83,155.46,153.89,154.655,96775
2023-07-10T04:00:00Z,154.685,155.47,154.33,154.89,135027
2023-07-07T04:00:00Z,155.8,156.22,153.465,153.49,153719
2023-07-06T04:00:00Z,158.045,158.12,156.9,157.13,91262
2023-07-05T04:00:00Z,158.125,159.07,157.35,158.1,102574
2023-07-03T04:00:00Z,156.79,158.44,156.35,158.17,48134
2023-06-30T04:00:00Z,154.98,157.515,154.82,157.16,159924
2023-06-29T04:00:00Z,154.37,154.7,153.17,154.23,116696
2023-06-28T04:00:00Z,154.835,155.64,154.67,155.34,97825
2023-06-27T04:00:00Z,154.06,155.82,154.06,154.53,62082
2023-06-26T04:00:00Z,155.59,155.77,154.33,155.06,118725
2023-06-23T04:00:00Z,155.87,156.235,155.14,155.45,100980
2023-06-22T04:00:00Z,155.08,156.05,154.605,155.73,136007
2023-06-21T04:00:00Z,154.27,155.33,153.385,154.49,101081
2023-06-20T04:00:00Z,154.97,155.42,153.945,154.21,171141
2023-06-16T04:00:00Z,158,158.075,155.28,155.56,134988
2023-06-15T04:00:00Z,157.04,158.22,157.04,157.78,115057
2023-06-14T04:00:00Z,155.93,157.3,155.65,156.9,207916
2023-06-13T04:00:00Z,154.545,155.47,154.155,155.3,74490
2023-06-12T04:00:00Z,153.475,154.285,153.17,154.1,124114
2023-06-09T04:00:00Z,152.07,153.7,151.64,153.1,197261
2023-06-08T04:00:00Z,150.41,152.42,149.83,152.15,583442
2023-06-07T04:00:00Z,149.47,150.355,149.04,149.99,490488
2023-06-06T04:00:00Z,149.67,150.165,148.51,149.82,171770
2023-06-05T04:00:00Z,149.34,151.2,149.34,149.79,146602
2023-06-02T04:00:00Z,147.57,149.015,147.565,148.81,160476
2023-06-01T04:00:00Z,146.62,147.895,145.99,147.37,225547
2023-05-31T04:00:00Z,145.34,147.3,145.05,146.89,270717
2023-05-30T04:00:00Z,146.305,147.19,145.635,146.04,176869
2023-05-26T04:00:00Z,145.865,146.8,145.585,146.43,133735
2023-05-25T04:00:00Z,147.395,147.395,145.12,146.13,175945
2023-05-24T04:00:00Z,148.495,148.495,146.31,147.61,176868
2023-05-23T04:00:00Z,147.83,148.855,147.11,148.325,158460
2023-05-22T04:00:00Z,149.57,149.96,148.31,148.62,192021
2023-05-19T04:00:00Z,151.41,151.41,149.155,149.93,224723
2023-05-18T04:00:00Z,151.8,154.26,149.97,151.46,611499
2023-05-17T04:00:00Z,150.985,151.015,148.75,149.58,375516
2023-05-16T04:00:00Z,150.75,151.49,149.62,149.81,161769
2023-05-15T04:00:00Z,153.59,153.71,151.43,151.88,213619
2023-05-12T04:00:00Z,153.35,154,152.73,153.07,142327
2023-05-11T04:00:00Z,153.04,153.25,152.03,153.12,100102
2023-05-10T04:00:00Z,153.655,154.27,151.27,152.53,165537
2023-05-09T04:00:00Z,152.675,153.18,152.35,152.99,115273
2023-05-08T04:00:00Z,151.37,152.95,151.195,152.74,105384
2023-05-05T04:00:00Z,150.36,152.01,149.83,151.76,260106
2023-05-04T04:00:00Z,150.64,150.97,149.5,150.46,121653
2023-05-03T04:00:00Z,151.88,151.955,150.28,150.64,170211
2023-05-02T04:00:00Z,151.395,151.395,149.47,151.175,110828
2023-05-01T04:00:00Z,151.115,152.52,151.08,151.6,105973
2023-04-28T04:00:00Z,151.465,151.9,150.19,150.95,344264
2023-04-27T04:00:00Z,150.8,151.86,150.8,151.43,135309
2023-04-26T04:00:00Z,150.94,151.39,150.26,150.945,117574
2023-04-25T04:00:00Z,153.45,153.64,151.33,151.58,202864
2023-04-24T04:00:00Z,152.045,152.945,151.83,152.76,137434
2023-04-21T04:00:00Z,151.765,152.27,151.175,151.74,212320
2023-04-20T04:00:00Z,150.01,151.39,149.625,150.96,113270
2023-04-19T04:00:00Z,150.83,151.4,149.77,150.02,124570
2023-04-18T04:00:00Z,149.5,150.34,149.44,149.86,130413
2023-04-17T04:00:00Z,148.65,149.65,148.65,149.505,188845
2023-04-14T04:00:00Z,149.2,149.88,148.145,148.46,83439
2023-04-13T04:00:00Z,149.97,150,148.27,149.49,107994
2023-04-12T04:00:00Z,149.69,150.9,149.18,149.32,110223
2023-04-11T04:00:00Z,150.98,150.98,149.65,150.07,222452
2023-04-10T04:00:00Z,150.35,151.11,149.77,150.43,207875
2023-04-06T04:00:00Z,149,151.005,149,150.8,241802
2023-04-05T04:00:00Z,147.18,149.87,147.18,149.65,230171
2023-04-04T04:00:00Z,148.58,148.7,147.03,147.21,224623
2023-04-03T04:00:00Z,147.625,148.94,147.625,148.67,193135
2023-03-31T04:00:00Z,146.66,148.36,146.66,147.35,193100
2023-03-30T04:00:00Z,145.6,146.585,145.06,145.69,184247
2023-03-29T04:00:00Z,144.5,144.96,143.46,144.23,181258
2023-03-28T04:00:00Z,143.6,144.4,143.1,143.64,250202
2023-03-27T04:00:00Z,142.835,144.95,142.79,144.17,335881
2023-03-24T04:00:00Z,140.83,142.46,140.72,141.8,344381
2023-03-23T04:00:00Z,140.03,141.6,139.51,140.58,269729
2023-03-22T04:00:00Z,140.54,141.18,139.5,139.52,152826
2023-03-21T04:00:00Z,141.25,141.33,139.53,140.44,199998
2023-03-20T04:00:00Z,140.11,141.905,139.84,140.83,427671
2023-03-17T04:00:00Z,138.12,139.4,137.6,139.4,500478
2023-03-16T04:00:00Z,139.29,139.63,137.92,138.32,341009
2023-03-15T04:00:00Z,137.14,139.79,137.135,139.62,354862
2023-03-14T04:00:00Z,137.69,138.23,137,138.075,219614
2023-03-13T04:00:00Z,136.905,138.46,136.905,137.36,265080
2023-03-10T05:00:00Z,137.01,138.17,136.11,136.975,254499
2023-03-09T05:00:00Z,138.84,138.84,136.98,137.21,159933
2023-03-08T05:00:00Z,138.77,138.77,137.35,138.08,191359
2023-03-07T05:00:00Z,141.095,141.655,138.81,139.24,204311
2023-03-06T05:00:00Z,140.55,140.98,140.045,140.62,146519
2023-03-03T05:00:00Z,140.99,140.99,139.78,140.68,230023
2023-03-02T05:00:00Z,139.8,140.7,139.8,140.46,175661
2023-03-01T05:00:00Z,141.05,141.12,139.41,140.15,133408
2023-02-28T05:00:00Z,140.98,142.64,140.98,142.09,174914
2023-02-27T05:00:00Z,142.925,143.05,140.66,141.455,200410
2023-02-24T05:00:00Z,140.675,142.73,139.57,142.47,235428
2023-02-23T05:00:00Z,144.04,144.04,140.72,142.085,228379
2023-02-22T05:00:00Z,147.08,147.5,142.84,144.23,421719
2023-02-21T05:00:00Z,142.68,148.29,142.15,147.32,712673
2023-02-17T05:00:00Z,145.14,146.69,144.71,146.49,290504
2023-02-16T05:00:00Z,145.625,145.83,144.2,144.26,220597
2023-02-15T05:00:00Z,145.135,146.58,144.65,146.56,229973
2023-02-14T05:00:00Z,145.78,147.08,144.59,145.49,248793
2023-02-13T05:00:00Z,144.575,146.12,144.55,145.88,237345
2023-02-10T05:00:00Z,143.085,143.92,142.23,143.74,159821
2023-02-09T05:00:00Z,140.895,141.94,140.62,141.56,197467
2023-02-08T05:00:00Z,140.42,141.08,139.985,140.21,145812
2023-02-07T05:00:00Z,139.735,141.3,138.735,141.03,188827
2023-02-06T05:00:00Z,141.84,142.09,140.08,140.68,153093
2023-02-03T05:00:00Z,143.51,143.88,140.88,141.705,199370
2023-02-02T05:00:00Z,144.41,144.85,143,143.61,237371
2023-02-01T05:00:00Z,143.655,145.59,142.82,144.695,153221
2023-01-31T05:00:00Z,142.265,143.865,141.7,143.85,144590
2023-01-30T05:00:00Z,142.2,142.335,141.3,142.16,192310
2023-01-27T05:00:00Z,142.6,144.44,141.81,143.26,241424
2023-01-26T05:00:00Z,143.03,143.69,141.84,142.21,278210
2023-01-25T05:00:00Z,142.4,142.77,140.405,142.31,164604
2023-01-24T05:00:00Z,151.89,151.89,141.23,143.03,190906
2023-01-23T05:00:00Z,140.68,143.005,140.255,142.63,337184
2023-01-20T05:00:00Z,139.27,140.775,138.21,140.565,172201
2023-01-19T05:00:00Z,141.41,141.48,138.8,138.81,209436
2023-01-18T05:00:00Z,144.2,144.2,140.485,140.835,234937
2023-01-17T05:00:00Z,145.13,145.645,144.2,144.4,275870
2023-01-13T05:00:00Z,145.46,145.82,143.875,145.28,127506
2023-01-12T05:00:00Z,146.13,146.26,144.475,144.82,125711
2023-01-11T05:00:00Z,145.85,146.14,144.77,146.09,209247
2023-01-10T05:00:00Z,144.945,145.36,143.785,144.89,120029
2023-01-09T05:00:00Z,146.295,147.85,144.8,144.95,245572
2023-01-06T05:00:00Z,144.76,147.53,144.63,146.74,205554
2023-01-05T05:00:00Z,143.415,144.13,142.715,143.21,152120
2023-01-04T05:00:00Z,143.3,144.02,142.07,143.79,142349
2023-01-03T05:00:00Z,142.26,143.71,142.13,143.58,222920
2022-12-30T05:00:00Z,141.82,141.97,140.81,141.79,131326
2022-12-29T05:00:00Z,142.105,142.985,141.82,142.17,101741
2022-12-28T05:00:00Z,143.12,143.65,141.19,141.315,178735
2022-12-27T05:00:00Z,144.3,144.45,143.23,143.815,135259
2022-12-23T05:00:00Z,143.36,143.79,142.33,143.79,114571
2022-12-22T05:00:00Z,144.84,144.84,141.97,143.51,168766
2022-12-21T05:00:00Z,144.51,145.91,144.38,145.18,108883
2022-12-20T05:00:00Z,143,144.64,142.25,144.03,160490
2022-12-19T05:00:00Z,142.97,143.53,141.73,142.745,184620
2022-12-16T05:00:00Z,144.385,144.71,142.59,142.75,256744
2022-12-15T05:00:00Z,145.765,146.35,143.65,145.42,200540
2022-12-14T05:00:00Z,147.15,148.52,146.03,146.67,360869
2022-12-13T05:00:00Z,150.04,150.06,146.74,147.39,292040
2022-12-12T05:00:00Z,145.715,148.07,145.62,148.02,274440
2022-12-09T05:00:00Z,147.45,147.53,145.22,145.34,423437
2022-12-08T05:00:00Z,149.275,149.275,148.15,148.795,149826
2022-12-07T05:00:00Z,150.625,151.18,148.835,149.02,233579
2022-12-06T05:00:00Z,151.455,151.735,149.215,149.85,218242
2022-12-05T05:00:00Z,152.77,152.85,150.51,151.63,402488
2022-12-02T05:00:00Z,151.84,153.23,151.84,153.15,237322
2022-12-01T05:00:00Z,152.02,153.59,150.75,153.45,381504
2022-11-30T05:00:00Z,152.75,152.75,151.21,152.21,285944
2022-11-29T05:00:00Z,153.21,153.68,152.57,152.93,198596
2022-11-28T05:00:00Z,152.79,154.51,152.76,153.495,215866
2022-11-25T05:00:00Z,152.55,153.035,151.93,152.97,89636
2022-11-23T05:00:00Z,152.25,153.36,151.9,152.45,316396
2022-11-22T05:00:00Z,152.01,152.35,151.13,151.69,350200
2022-11-21T05:00:00Z,150.7,152.13,150.22,151.15,232152
2022-11-18T05:00:00Z,149.45,150.215,148.83,150.2,195876
2022-11-17T05:00:00Z,147.235,148.72,147.12,148.055,295092
2022-11-16T05:00:00Z,147.41,150.19,147.16,148.485,413177
2022-11-15T05:00:00Z,145.17,150.265,144.69,147.54,628824
2022-11-14T05:00:00Z,141.7,143.29,138.28,138.38,526655
2022-11-11T05:00:00Z,142.73,143.11,140.005,142.54,219760
2022-11-10T05:00:00Z,142.38,142.675,140.56,142.3,394928
2022-11-09T05:00:00Z,142.98,143,139.225,139.46,174778
2022-11-08T05:00:00Z,142.55,144.01,141.52,142.86,142003
2022-11-07T05:00:00Z,141.61,142.95,141.34,142.46,138436
2022-11-04T04:00:00Z,141.98,142.18,138.87,141.05,174367
2022-11-03T04:00:00Z,140,141.62,140,140.65,100685
2022-11-02T04:00:00Z,141.475,143.56,140.71,140.71,257908
2022-11-01T04:00:00Z,143.38,143.53,141.55,141.67,126836
2022-10-31T04:00:00Z,142.32,143.07,141.835,142.34,233151
2022-10-28T04:00:00Z,140.52,142.87,140.24,142.53,131380
2022-10-27T04:00:00Z,141.02,142.07,140.32,140.67,211601
2022-10-26T04:00:00Z,140.21,142.02,139.87,141.16,171705
2022-10-25T04:00:00Z,139.12,140.32,138.44,140.09,144671
2022-10-24T04:00:00Z,137.3,140.455,137.3,139.44,217243
2022-10-21T04:00:00Z,134.68,137.41,134.495,136.72,190028
2022-10-20T04:00:00Z,134.01,135.37,133.685,134.06,116424
2022-10-19T04:00:00Z,134.29,134.67,133,133.75,105854
2022-10-18T04:00:00Z,133.56,134.92,133.34,134.22,230281
2022-10-17T04:00:00Z,130.93,132.825,130.66,131.43,289033
2022-10-14T04:00:00Z,132.61,133,130.09,130.545,218381
2022-10-13T04:00:00Z,129.415,132.92,128.45,132.29,227400
2022-10-12T04:00:00Z,133.245,134.66,130.99,131.14,174483
2022-10-11T04:00:00Z,129.6,133.8,129.55,132.74,288838
2022-10-10T04:00:00Z,129.445,129.9,128.3,129.37,85624
2022-10-07T04:00:00Z,131.13,131.59,128.09,128.63,198099
2022-10-06T04:00:00Z,133.59,134.45,131.61,131.69,122730
2022-10-05T04:00:00Z,133.92,134.62,132.58,132.78,217085
2022-10-04T04:00:00Z,133.805,135.2,133.4,134.22,156131
2022-10-03T04:00:00Z,130.465,132.785,130.08,132.56,220839
2022-09-30T04:00:00Z,132.16,132.16,129.74,129.88,188046
2022-09-29T04:00:00Z,133.39,133.86,131.64,132.305,165884
2022-09-28T04:00:00Z,131.45,133.65,129.74,133.11,201813
2022-09-27T04:00:00Z,131.965,133.39,130.35,131.01,184866
2022-09-26T04:00:00Z,128.88,132.14,128.29,131.48,411421
2022-09-23T04:00:00Z,132.86,133.16,128.81,130.16,785836
2022-09-22T04:00:00Z,134.35,134.705,132.89,133.37,219659
2022-09-21T04:00:00Z,135.54,137.41,134.62,134.8,308651
2022-09-20T04:00:00Z,133.405,133.88,132.56,133.6,143942
2022-09-19T04:00:00Z,132.85,134.69,132.65,134.36,123752
2022-09-16T04:00:00Z,131.99,134.54,131.31,133.185,223525
2022-09-15T04:00:00Z,134.79,135.145,132.97,133.4,130834
2022-09-14T04:00:00Z,135.645,136.52,134.14,134.92,226018
2022-09-13T04:00:00Z,137.77,137.79,134.81,135.21,196926
2022-09-12T04:00:00Z,137.22,138.24,137,138.07,114990
2022-09-09T04:00:00Z,136.42,137.49,136.175,136.88,111739
2022-09-08T04:00:00Z,135.46,136.86,134.9,136.4,130755
2022-09-07T04:00:00Z,133.17,135.96,132.79,135.81,220875
2022-09-06T04:00:00Z,133.06,133.465,130.74,132.41,252417
2022-09-02T04:00:00Z,134.925,135.65,132.46,133.02,195607
2022-09-01T04:00:00Z,132.52,135.14,132.52,134.52,212512
2022-08-31T04:00:00Z,132.86,133.71,131.97,132.84,199085
2022-08-30T04:00:00Z,133.615,133.615,131.75,132.44,128533
2022-08-29T04:00:00Z,130.87,133.85,130.745,132.97,180458
2022-08-26T04:00:00Z,136.435,136.78,131.525,131.64,253631
2022-08-25T04:00:00Z,135.59,135.95,135.055,135.93,318085
2022-08-24T04:00:00Z,134.405,135.27,133.615,135.02,169971
2022-08-23T04:00:00Z,134.32,134.95,133.23,134.04,278584
2022-08-22T04:00:00Z,136.19,136.62,134.46,134.6,304505
2022-08-19T04:00:00Z,138.78,138.92,136.93,136.98,316535
2022-08-18T04:00:00Z,140.11,140.38,138.52,139.11,235738
2022-08-17T04:00:00Z,138.685,142.72,138.57,139.53,431002
2022-08-16T04:00:00Z,138.88,140.9,138.26,139.39,599431
2022-08-15T04:00:00Z,131.95,133.565,131.63,132.61,392546
2022-08-12T04:00:00Z,130.05,132.82,129.83,132.25,409569
2022-08-11T04:00:00Z,129.57,130.36,128.6,129.72,451105
2022-08-10T04:00:00Z,130.01,130.145,128.4,129.14,328524
2022-08-09T04:00:00Z,128.19,128.96,127.22,128.95,296086
2022-08-08T04:00:00Z,126.68,128.13,126.68,127.62,173001
2022-08-05T04:00:00Z,125.59,126.79,125.145,126.58,470274
2022-08-04T04:00:00Z,130.63,130.675,125.405,125.58,851262
2022-08-03T04:00:00Z,132.435,132.91,129.87,130.62,539283
2022-08-02T04:00:00Z,132.84,133.695,131.47,132.69,202026
2022-08-01T04:00:00Z,131.205,134.23,131.205,132.56,214148
2022-07-29T04:00:00Z,128.45,132.265,128.44,132.03,279276
2022-07-28T04:00:00Z,126.365,130.48,126.365,129.72,259675
2022-07-27T04:00:00Z,121.59,126.76,121.29,126.675,523558
2022-07-26T04:00:00Z,121.19,122.67,120.08,121.99,1066334
2022-07-25T04:00:00Z,132.55,132.66,131.5,132.02,168050
2022-07-22T04:00:00Z,132.74,133.38,131.3,132.31,217657
2022-07-21T04:00:00Z,130.97,132.55,130.51,132.53,252512
2022-07-20T04:00:00Z,130.365,131.28,129.56,130.49,306972
2022-07-19T04:00:00Z,129.47,129.95,128.705,129.53,181577
2022-07-18T04:00:00Z,128.785,130.295,128.28,128.7,161112
2022-07-15T04:00:00Z,128.8,130.24,128.07,129.06,200983
2022-07-14T04:00:00Z,124.15,128.31,124.15,127.77,259992
2022-07-13T04:00:00Z,124.42,126.36,123.96,125.35,129464
2022-07-12T04:00:00Z,125.13,127.065,124.74,125.09,164960
2022-07-11T04:00:00Z,125.2,126.25,124.62,125.45,127925
2022-07-08T04:00:00Z,125.69,126.54,125.155,125.335,130267
2022-07-07T04:00:00Z,125.03,125.5,124.14,125.315,210345
2022-07-06T04:00:00Z,124.74,126.28,124.35,125.08,276246
2022-07-05T04:00:00Z,122.22,124.46,121.62,124.2,182520
2022-07-01T04:00:00Z,121.5,122.79,121.175,122.71,249914
2022-06-30T04:00:00Z,120.95,122.06,119.89,121.61,323285
2022-06-29T04:00:00Z,122.98,123.34,120.975,121.83,356423
2022-06-28T04:00:00Z,124.83,125.56,122.29,122.41,213438
2022-06-27T04:00:00Z,123.84,124.715,122.8,124.16,342738
2022-06-24T04:00:00Z,124.06,125.25,123.19,123.73,577036
2022-06-23T04:00:00Z,121.815,123.96,121.815,123.62,254441
2022-06-22T04:00:00Z,122.09,123.21,120.59,120.63,266533
2022-06-21T04:00:00Z,118.3,122.76,118.3,122.26,274855
2022-06-17T04:00:00Z,120.15,120.72,117.98,118.35,264867
2022-06-16T04:00:00Z,118.405,121.72,118.26,120.54,402470
2022-06-15T04:00:00Z,119.9,120.32,117.94,119.38,452546
2022-06-14T04:00:00Z,119.035,119.98,118.17,119.56,489980
2022-06-13T04:00:00Z,119.795,121.21,119.09,119.46,289526
2022-06-10T04:00:00Z,120,122.72,119.34,121.78,254410
2022-06-09T04:00:00Z,122.44,124.32,120.99,121.02,211892
2022-06-08T04:00:00Z,122.35,123.895,121.97,122.27,390950
2022-06-07T04:00:00Z,120.995,123.485,120.95,123.27,1212141
2022-06-06T04:00:00Z,125.695,125.79,124.59,124.89,264065
2022-06-03T04:00:00Z,127.09,127.365,125.1,125.315,255133
2022-06-02T04:00:00Z,125.79,127.53,124.34,127.49,270862
2022-06-01T04:00:00Z,128.61,128.9,124.72,125.47,316904
2022-05-31T04:00:00Z,127.605,129.87,127.47,128.83,431837
2022-05-27T04:00:00Z,125.52,128.61,125.34,128.46,522468
2022-05-26T04:00:00Z,125.32,126.395,124.42,126,246381
2022-05-25T04:00:00Z,123.95,124.605,122.6,123.42,383281
2022-05-24T04:00:00Z,121.205,124.53,121.205,124.09,570210
2022-05-23T04:00:00Z,119.97,123.73,119.91,122.6,434517
2022-05-20T04:00:00Z,119.5,120.73,117.28,119.09,379610
2022-05-19T04:00:00Z,120.92,121.74,118.6,119.095,657045
2022-05-18T04:00:00Z,128.135,128.27,121.54,122.45,953834
2022-05-17T04:00:00Z,136.405,137.35,130.64,131.28,1469914
2022-05-16T04:00:00Z,149.28,149.28,146.47,148.31,307329
2022-05-13T04:00:00Z,147.35,148.37,146.19,147.99,260189
2022-05-12T04:00:00Z,147.775,150.12,146.55,147.48,324519
2022-05-11T04:00:00Z,149.73,150.645,146.93,147.58,404271
2022-05-10T04:00:00Z,151.31,152.07,148.58,149.24,286651
2022-05-09T04:00:00Z,148.49,153.06,148.2,151.29,365892
2022-05-06T04:00:00Z,151.55,153.9,148.28,149.62,519775
2022-05-05T04:00:00Z,153.775,153.775,151.43,152.84,342736
2022-05-04T04:00:00Z,152.43,154.77,151.79,154.58,395283
2022-05-03T04:00:00Z,152.27,154.27,151.86,152.5,150467
2022-05-02T04:00:00Z,154.62,154.89,150.32,151.93,226564
2022-04-29T04:00:00Z,155.97,156.22,152.715,153.02,271753
2022-04-28T04:00:00Z,154.895,156.97,154.34,156.23,171316
2022-04-27T04:00:00Z,155.47,156.2,154.03,154.23,217475
2022-04-26T04:00:00Z,156.325,158.04,155.2,155.22,193160
2022-04-25T04:00:00Z,156.36,157.45,154.38,157.09,240067
2022-04-22T04:00:00Z,160.17,160.27,156.69,156.8,210109
2022-04-21T04:00:00Z,159.76,160.72,159.11,159.93,176426
2022-04-20T04:00:00Z,158.36,160.33,158.36,159.66,269626
2022-04-19T04:00:00Z,156.62,157.94,156.1,157.72,179244
2022-04-18T04:00:00Z,156.82,157.9,155.23,155.89,137529
2022-04-14T04:00:00Z,157.055,158.27,156.52,157.07,220081
2022-04-13T04:00:00Z,153.42,157.775,153.42,157.31,537415
2022-04-12T04:00:00Z,154.18,155.4,152.55,153.23,293272
2022-04-11T04:00:00Z,157.39,158.24,153.64,154.32,232109
2022-04-08T04:00:00Z,156.885,158.38,156.23,157.42,242821
2022-04-07T04:00:00Z,155.2,157.49,154.49,156.53,332648
2022-04-06T04:00:00Z,151.34,155.4,150.7,155.01,363449
2022-04-05T04:00:00Z,150.95,153.29,150.95,151.48,229662
2022-04-04T04:00:00Z,150.895,153.2,150.1,151.1,538354
2022-04-01T04:00:00Z,149.75,151.27,148.84,151,267798
2022-03-31T04:00:00Z,148.82,150.52,148.82,148.97,321590
2022-03-30T04:00:00Z,147.22,150.16,147.07,149.84,326151
2022-03-29T04:00:00Z,146.88,148.06,146.4,147.25,258610
2022-03-28T04:00:00Z,143.37,146.055,143.335,145.99,264665
2022-03-25T04:00:00Z,143.245,143.89,142.27,143.48,96181
2022-03-24T04:00:00Z,142.29,143.35,141.9,142.85,131478
2022-03-23T04:00:00Z,143.2,143.61,141.53,141.92,268145
2022-03-22T04:00:00Z,144.62,144.87,143.035,143.765,180618
2022-03-21T04:00:00Z,145.34,147.18,143.655,144.24,202832
2022-03-18T04:00:00Z,145.18,145.49,144.28,145.48,157250
2022-03-17T04:00:00Z,144.79,145.26,143.72,145,211404
2022-03-16T04:00:00Z,145.695,146.92,143.77,145.34,211583
2022-03-15T04:00:00Z,144.56,146.15,143.88,145.78,274369
2022-03-14T04:00:00Z,142.53,144.82,142.05,144.05,280862
2022-03-11T05:00:00Z,142.365,144.005,141.92,142.09,269223
2022-03-10T05:00:00Z,139.55,143,139.05,142.63,590355
2022-03-09T05:00:00Z,139.38,140.215,138.19,139.44,236096
2022-03-07T05:00:00Z,141.35,143.6,140.57,141.66,740697
2022-03-04T05:00:00Z,137.84,142.93,137.6,142.81,519266
2022-03-03T05:00:00Z,137.13,140.39,137.13,139.29,325311
2022-03-02T05:00:00Z,135.64,136.82,135.255,136.18,423094
2022-03-01T05:00:00Z,136,137.82,135.05,135.99,225919
2022-02-28T05:00:00Z,134.95,136.03,133.79,135.16,217113
2022-02-25T05:00:00Z,134.88,136.75,134.095,136.41,285021
2022-02-24T05:00:00Z,133.9,135,132.015,134.61,466456
2022-02-23T05:00:00Z,136.825,137.03,134.845,135.06,241469
2022-02-22T05:00:00Z,137.78,138.21,135.94,136.45,448223
2022-02-18T05:00:00Z,138.115,139.55,137.18,137.95,258429
2022-02-17T05:00:00Z,134.18,139.455,134.18,138.695,685820
2022-02-16T05:00:00Z,134.35,134.84,132.74,133.52,268419
2022-02-15T05:00:00Z,134.75,135.64,133.79,134.36,359062
2022-02-14T05:00:00Z,135.47,135.94,132.78,133.92,392869
2022-02-11T05:00:00Z,136.81,137.18,134.21,135.31,263005
2022-02-10T05:00:00Z,136.72,136.99,135.48,136.06,492848
2022-02-09T05:00:00Z,138.46,138.76,137.47,137.69,333279
2022-02-08T05:00:00Z,138.37,139.2,137.53,138,146495
2022-02-07T05:00:00Z,139.96,139.96,137.63,137.97,207414
2022-02-04T05:00:00Z,140.99,140.99,138.38,139.32,223888
2022-02-03T05:00:00Z,140.28,141.98,139.87,140.85,164865
2022-02-02T05:00:00Z,140.87,141.59,140.19,140.87,201789
2022-02-01T05:00:00Z,139.29,141.13,139,140.88,351749
2022-01-31T05:00:00Z,137.03,140.04,136.85,139.83,295189
2022-01-28T05:00:00Z,136.11,137.57,134.04,137.52,230029
2022-01-27T05:00:00Z,136.84,139.07,135.4,135.84,356637
2022-01-26T05:00:00Z,137.165,138.77,136,136.69,243423
2022-01-25T05:00:00Z,139.9,140.29,136.86,137.125,314292
2022-01-24T05:00:00Z,139.12,140.22,138.06,139.26,72401
2022-01-21T05:00:00Z,141.11,142.215,140.06,140.22,239124
2022-01-20T05:00:00Z,142.4,144.44,141.17,141.2,296759
2022-01-19T05:00:00Z,142.665,144.99,142.03,143.96,220171
2022-01-18T05:00:00Z,144.22,144.61,142.13,142.61,185976
2022-01-14T05:00:00Z,144.47,146.58,144.35,145.02,294621
2022-01-13T05:00:00Z,143.42,145.66,143.15,145.5,239571
2022-01-12T05:00:00Z,143.74,143.94,143.055,143.45,129008
2022-01-11T05:00:00Z,144.085,144.605,143.22,144.2,341228
2022-01-10T05:00:00Z,145.55,145.56,143.17,144.57,219406
2022-01-07T05:00:00Z,143.435,145.36,142.97,144.89,234136
2022-01-06T05:00:00Z,143.49,144.625,142.55,143.52,288952
2022-01-05T05:00:00Z,143.02,145.9,142.94,143.97,330683
2022-01-04T05:00:00Z,144.27,145.04,141.78,141.95,314585
2022-01-03T05:00:00Z,144.15,144.75,143.03,144.65,182998
2021-12-31T05:00:00Z,143.195,145.04,142.93,144.72,122924
2021-12-30T05:00:00Z,143.12,143.665,142.52,143.18,137396
2021-12-29T05:00:00Z,143.17,143.51,142.35,142.75,113635
2021-12-28T05:00:00Z,140.91,142.96,140.91,142.81,121799
2021-12-27T05:00:00Z,139.63,140.865,139.63,140.74,214072
2021-12-23T05:00:00Z,139.78,140.14,138.86,139.495,202720
2021-12-22T05:00:00Z,139.89,139.98,138.685,139.79,246379
2021-12-21T05:00:00Z,138.935,139.79,138.02,139.62,242670
2021-12-20T05:00:00Z,138.035,139.66,137.63,139.16,316673
2021-12-17T05:00:00Z,142.73,143.92,138.41,138.63,615453
2021-12-16T05:00:00Z,145.76,146.46,142.905,143.35,532977
2021-12-15T05:00:00Z,145.185,146.42,143.445,145.81,353701
2021-12-14T05:00:00Z,143.37,145.265,142.19,144.97,577987
2021-12-13T05:00:00Z,140.3,143.71,140.03,143.62,933166
2021-12-10T05:00:00Z,138.36,141.295,137.6,141.03,801718
2021-12-09T05:00:00Z,136.455,138.56,135.74,138.5,609480
2021-12-08T05:00:00Z,138.09,138.48,136.02,137.11,385418
2021-12-07T05:00:00Z,139.71,139.83,138.11,138.55,849925
2021-12-06T05:00:00Z,137.33,139.35,137.33,139.02,442678
2021-12-03T05:00:00Z,135.94,137.82,135.3,137.5,825281
2021-12-02T05:00:00Z,137.63,138.4,135.31,135.5,1371736
2021-12-01T05:00:00Z,140.445,140.665,137.04,137.04,834462
2021-11-30T05:00:00Z,141.59,142.49,140.03,140.63,349583
2021-11-29T05:00:00Z,145.08,145.24,142.54,142.61,359966
2021-11-26T05:00:00Z,146.22,147.86,144.43,144.94,250619
2021-11-24T05:00:00Z,145.68,147.01,145.64,146.55,181921
2021-11-23T05:00:00Z,144.35,145.97,143.34,145.79,233096
2021-11-22T05:00:00Z,142.74,145.35,142.01,144.78,261264
2021-11-19T05:00:00Z,143.51,143.93,141.97,142.35,177828
2021-11-18T05:00:00Z,142.15,143.29,140.86,143.19,165350
2021-11-17T05:00:00Z,143.04,144.7,141.835,141.95,196428
2021-11-16T05:00:00Z,145.1,146.68,142.31,143.18,663147
2021-11-15T05:00:00Z,148.14,148.435,146.43,146.91,260262
2021-11-12T05:00:00Z,149.05,149.24,147.56,147.81,229183
2021-11-11T05:00:00Z,148.87,148.98,148.23,148.51,169617
2021-11-10T05:00:00Z,148.705,149.52,147.99,148.44,215225
2021-11-09T05:00:00Z,149.54,149.85,148.88,149.795,228605
2021-11-08T05:00:00Z,150.255,150.49,148.75,149.27,103966
2021-11-05T04:00:00Z,151.85,151.85,149.62,150.23,113770
2021-11-04T04:00:00Z,150.1,151.84,150.04,151.27,170114
2021-11-03T04:00:00Z,149.54,150.28,149.04,150.16,102245
2021-11-02T04:00:00Z,149.97,150.16,149.285,149.73,186860
2021-11-01T04:00:00Z,150.05,150.7,149.37,149.815,193573
2021-10-29T04:00:00Z,147.88,150.06,147.66,149.38,311148
2021-10-28T04:00:00Z,148.36,148.98,147.72,148.48,133824
2021-10-27T04:00:00Z,148.91,149.01,147.42,147.54,161921
2021-10-26T04:00:00Z,149.95,150.53,148.47,148.73,169359
2021-10-22T04:00:00Z,147.34,149.68,147.31,148.375,412859
2021-10-21T04:00:00Z,146.56,146.915,145.85,146.81,304214
2021-10-20T04:00:00Z,145.27,146.49,145.1,146.04,359039
2021-10-19T04:00:00Z,144.61,145.6,143.69,144.7,239935
2021-10-18T04:00:00Z,139.91,142,139.83,141.68,158663
2021-10-15T04:00:00Z,140.54,141.09,139.97,140.52,142764
2021-10-14T04:00:00Z,138.705,140.07,138.54,139.86,137552
2021-10-13T04:00:00Z,139.44,140.01,138.17,138.38,178355
2021-10-12T04:00:00Z,139.44,140.36,139.13,139.4,88550
2021-10-11T04:00:00Z,139.84,140.76,139.49,139.52,136142
2021-10-08T04:00:00Z,139.67,140.075,139.015,139.68,193069
2021-10-07T04:00:00Z,138.89,140.68,138.88,139.23,213537
2021-10-06T04:00:00Z,136.24,137.74,136.15,137.62,165396
2021-10-05T04:00:00Z,136.13,137.71,136.01,136.62,218744
2021-10-04T04:00:00Z,137.15,138.19,134.705,135.7,281925
2021-10-01T04:00:00Z,139.315,139.62,135.95,136.91,352609
2021-09-30T04:00:00Z,140.8,141.73,139.305,139.36,346946
2021-09-29T04:00:00Z,140.88,141.8,140.33,140.4,96416
2021-09-28T04:00:00Z,141.96,142.01,140.01,140.49,207326
2021-09-27T04:00:00Z,142.86,143.47,141.86,142.25,206891
2021-09-24T04:00:00Z,142.49,143.69,142.49,143.15,154373
2021-09-23T04:00:00Z,143.125,143.63,142.46,142.74,154742
2021-09-22T04:00:00Z,143.55,143.55,142.29,142.66,97534
2021-09-21T04:00:00Z,142.83,144.55,142.82,143.02,150023
2021-09-20T04:00:00Z,143.41,145.16,141.65,142.76,315727
2021-09-17T04:00:00Z,144.62,146.15,144.48,144.795,473282
2021-09-16T04:00:00Z,144.48,145.295,143.77,145.04,129933
2021-09-15T04:00:00Z,144.06,144.75,143.835,144.5,94717
2021-09-14T04:00:00Z,145.51,145.84,143.93,144.26,151008
2021-09-13T04:00:00Z,146.7,147.14,144.645,145.05,167097
2021-09-10T04:00:00Z,147.14,147.17,145.44,145.9,131321
2021-09-09T04:00:00Z,147.48,147.56,145.96,146.41,234236
2021-09-08T04:00:00Z,147.025,148.32,146.76,147.43,211568
2021-09-07T04:00:00Z,148.99,149.125,147.07,147.25,373602
2021-09-03T04:00:00Z,148.13,149.635,147.94,149.225,149605
2021-09-02T04:00:00Z,148.02,148.72,147.725,148.545,96010
2021-09-01T04:00:00Z,147.87,147.87,146.6,147.72,86127
2021-08-31T04:00:00Z,147.85,148.43,147.27,148.14,150076
2021-08-30T04:00:00Z,146.48,147.975,146.09,147.7,103031
2021-08-27T04:00:00Z,147.65,147.655,146.195,146.515,109962
2021-08-26T04:00:00Z,147.8,148.18,146.675,147.35,226958
2021-08-25T04:00:00Z,148.35,149.27,148.05,148.92,157498
2021-08-24T04:00:00Z,150.35,150.35,148.735,148.93,118324
2021-08-23T04:00:00Z,151.555,151.72,150.425,150.45,100796
2021-08-20T04:00:00Z,150.44,151.685,149.815,151.46,147669
2021-08-19T04:00:00Z,148.355,150.66,148.28,150.12,170604
2021-08-18T04:00:00Z,150.48,152.485,149.04,149.05,247567
2021-08-17T04:00:00Z,150.23,152.47,149.2,150.69,644319
2021-08-16T04:00:00Z,149.65,151.72,149.045,150.71,979879
2021-08-13T04:00:00Z,149.375,150.36,149.18,149.51,206804
2021-08-12T04:00:00Z,149,150.2,149,149.06,131346
2021-08-11T04:00:00Z,149.61,151.57,149.185,150.02,680337
2021-08-10T04:00:00Z,146.78,148.93,146.38,148.665,1034375
2021-08-09T04:00:00Z,145.87,146.48,145.405,145.575,103268
2021-08-06T04:00:00Z,146.24,146.26,144.97,145.2,128135
2021-08-05T04:00:00Z,144.28,145.495,144.07,145.49,262307
2021-08-04T04:00:00Z,143.47,143.93,142.77,142.85,248574
2021-08-03T04:00:00Z,142.52,143.9,142.39,143.84,135385
2021-08-02T04:00:00Z,142.71,142.71,141.72,142.19,142305
2021-07-30T04:00:00Z,141.2,142.925,141.2,142.55,150248
2021-07-29T04:00:00Z,142.54,142.8,142.07,142.25,91539
2021-07-28T04:00:00Z,142.54,143.23,141.8,142.1,124532
2021-07-27T04:00:00Z,142.98,142.98,142.01,142.63,121072
2021-07-26T04:00:00Z,142.3,143.83,141.53,142.625,144491
2021-07-23T04:00:00Z,141.495,142.7,141.03,142.43,147860
2021-07-22T04:00:00Z,141.07,142.105,140.81,141.22,101560
2021-07-21T04:00:00Z,142.51,142.51,140.74,141.18,174230
2021-07-20T04:00:00Z,141.095,142.455,140.78,141.89,185295
2021-07-19T04:00:00Z,141.41,142.96,139.78,141.09,186608
2021-07-16T04:00:00Z,141.75,142.12,140.98,141.55,181867
2021-07-15T04:00:00Z,141.865,142.62,141.09,141.68,161454
2021-07-14T04:00:00Z,140.65,141.8,139.895,141.54,148898
2021-07-13T04:00:00Z,139.955,141.16,139.955,140.55,115603
2021-07-12T04:00:00Z,140.57,140.6,139.39,140.01,156168
2021-07-09T04:00:00Z,140.49,140.835,140.005,140.25,142574
2021-07-08T04:00:00Z,138.34,140.65,138.34,139.57,171281
2021-07-07T04:00:00Z,140.095,141.18,139.4,139.695,181515
2021-07-06T04:00:00Z,139.96,140.66,139.52,139.93,168437
2021-07-02T04:00:00Z,139.37,141.055,139.37,140.095,159400
2021-07-01T04:00:00Z,140.45,141.24,139.015,139.33,202958
2021-06-30T04:00:00Z,138.75,142.565,138.69,141.04,400085
2021-06-29T04:00:00Z,137.88,138.4,137.29,137.29,239848
2021-06-28T04:00:00Z,138.055,138.62,137.98,138.09,118940
2021-06-25T04:00:00Z,137.08,138.86,136.94,138.53,227867
2021-06-24T04:00:00Z,136.145,137.22,136.13,136.905,161930
2021-06-23T04:00:00Z,136.36,136.96,135.935,135.97,103519
2021-06-22T04:00:00Z,136.33,137.715,136.28,137.03,119077
2021-06-21T04:00:00Z,135.85,136.74,135.52,136.385,126551
2021-06-18T04:00:00Z,135.47,136.34,134.44,135.13,209636
2021-06-17T04:00:00Z,137.05,138.33,136.765,137.72,160875
2021-06-16T04:00:00Z,140,140,137,137.09,242320
2021-06-15T04:00:00Z,140.91,140.91,139.66,140.04,229415
2021-06-14T04:00:00Z,140.82,140.82,140.035,140.52,101369
2021-06-11T04:00:00Z,140.26,140.85,139.88,140.74,136660
2021-06-10T04:00:00Z,139.165,140.17,139.165,139.87,245994
2021-06-09T04:00:00Z,139.67,140.01,139.065,139.08,146667
2021-06-08T04:00:00Z,140.77,140.88,139.83,139.83,149586
2021-06-07T04:00:00Z,141.9,141.94,140.43,140.91,109881
2021-06-04T04:00:00Z,141.58,142.28,141.28,141.85,121261
2021-06-03T04:00:00Z,141.26,141.85,140.8,141.6,156688
2021-06-02T04:00:00Z,141.39,141.56,140.1,141.33,233948
2021-06-01T04:00:00Z,142.43,142.79,141.275,141.66,168986
2021-05-28T04:00:00Z,141.915,142.44,141.735,142.08,146182
2021-05-27T04:00:00Z,143.14,143.68,141.765,141.775,265073
2021-05-26T04:00:00Z,142.46,142.85,141.78,142.17,143890
2021-05-25T04:00:00Z,141.83,142.635,141.07,142.33,180043
2021-05-24T04:00:00Z,141.765,142.4,141.36,141.785,213162
2021-05-21T04:00:00Z,142.66,143.06,141.61,141.71,309599
2021-05-20T04:00:00Z,141.54,142.85,140.77,142.4,452099
2021-05-19T04:00:00Z,140.645,143.64,140.645,141.88,243133
2021-05-18T04:00:00Z,143.27,144.56,141.245,141.9,393721
2021-05-17T04:00:00Z,139.94,140.365,138.77,138.93,382389
2021-05-14T04:00:00Z,138.86,140.23,138.45,139.52,218005
2021-05-13T04:00:00Z,136.28,138.965,135.9,138.25,302641
2021-05-12T04:00:00Z,138.83,138.88,135.92,135.935,277298
2021-05-11T04:00:00Z,140.64,140.64,138.32,139.57,274919
2021-05-10T04:00:00Z,140.46,142.07,140.32,140.82,209695
2021-05-07T04:00:00Z,141.63,141.63,139.33,140.21,235374
2021-05-06T04:00:00Z,140.04,141.33,139.46,141.03,171920
2021-05-05T04:00:00Z,140.94,141.17,140.25,140.56,433023
2021-05-04T04:00:00Z,141.38,141.99,140.11,140.74,190327
2021-05-03T04:00:00Z,139.81,142.73,139.81,142.18,253459
2021-04-30T04:00:00Z,139.695,139.975,139.145,139.88,197101
2021-04-29T04:00:00Z,138.11,139.97,138.09,139.63,224506
2021-04-28T04:00:00Z,138.45,138.51,137.87,137.9,139129
2021-04-27T04:00:00Z,137.995,138.94,137.6,138.38,168292
2021-04-26T04:00:00Z,139.95,139.98,137.66,137.91,202031
2021-04-23T04:00:00Z,139.075,140.33,139.075,139.91,176945
2021-04-22T04:00:00Z,141.06,141.42,139.43,139.7,189513
2021-04-21T04:00:00Z,140.74,141.69,140.7,141.19,131015
2021-04-20T04:00:00Z,139.54,141.755,138.85,140.76,254260
2021-04-16T04:00:00Z,140.7,140.93,139.73,140.49,168965
2021-04-15T04:00:00Z,139.38,140.425,139.22,140.18,186931
2021-04-14T04:00:00Z,139.14,139.36,138.46,139.25,412022
2021-04-13T04:00:00Z,139.89,139.97,138.88,139.42,91456
2021-04-12T04:00:00Z,140.04,140.335,139.37,139.79,148312
2021-04-09T04:00:00Z,139.68,140.075,138.74,139.7,217287
2021-04-08T04:00:00Z,140.36,141.11,139.66,139.66,139847
2021-04-07T04:00:00Z,140.37,140.7,139.67,139.815,208650
2021-04-06T04:00:00Z,139.15,140.94,138.58,140.1,289183
2021-04-05T04:00:00Z,136.64,140.15,136.585,139.42,401731
2021-04-01T04:00:00Z,136.13,136.82,135.34,135.54,293760
2021-03-31T04:00:00Z,135.69,136.84,135.06,135.83,275878
2021-03-30T04:00:00Z,136.37,137.58,135.48,135.61,324178
2021-03-29T04:00:00Z,135,137.01,134.65,136.66,284258
2021-03-26T04:00:00Z,134.045,135.17,133.46,135.16,304227
2021-03-25T04:00:00Z,133.29,134.49,132.89,134.01,418048
2021-03-24T04:00:00Z,134.38,134.38,133.05,133.215,345216
2021-03-23T04:00:00Z,131.775,134.27,131.66,134,284648
2021-03-22T04:00:00Z,131.01,132.45,131.01,132.345,270688
2021-03-19T04:00:00Z,130.25,132.45,129.96,131.76,417922
2021-03-18T04:00:00Z,131.12,131.85,129.94,130.015,251772
2021-03-17T04:00:00Z,132.58,133.09,132,132.26,295285
2021-03-16T04:00:00Z,132.94,134.26,132.94,133.44,199350
2021-03-15T04:00:00Z,134.75,134.75,132.84,133.47,221805
2021-03-12T05:00:00Z,132.53,134.515,132.09,134.13,376301
2021-03-11T05:00:00Z,133.1,133.23,131.575,132.15,525325
2021-03-10T05:00:00Z,128.92,133.05,128.48,132.175,606710
2021-03-09T05:00:00Z,128.78,129.85,128.37,128.91,323098
2021-03-08T05:00:00Z,129.41,129.81,127.815,127.815,403450
2021-03-05T05:00:00Z,126.83,129.72,126.8,129.15,352511
2021-03-04T05:00:00Z,127.8,129.575,126.3,127.49,588847
2021-03-03T05:00:00Z,129.21,129.89,127.55,127.55,528856
2021-03-02T05:00:00Z,131.69,132.75,130.04,130.085,287002
2021-03-01T05:00:00Z,131.67,132.56,131.15,131.4,380545
2021-02-26T05:00:00Z,131.605,131.63,129.985,129.985,455031
2021-02-25T05:00:00Z,133.03,133.995,131.49,131.97,274667
2021-02-24T05:00:00Z,135.86,136.13,133.06,133.235,493353
2021-02-23T05:00:00Z,136.96,137.34,135.07,135.5,248524
2021-02-22T05:00:00Z,137.74,138.325,136.25,137.69,217266
2021-02-19T05:00:00Z,137.8,139.4,137.69,138.36,281620
2021-02-18T05:00:00Z,139.06,140.6,137.51,137.56,981427
2021-02-17T05:00:00Z,144.62,147.3,144.6,147.3,328124
2021-02-16T05:00:00Z,145.89,146.38,144.96,145.66,248223
2021-02-12T05:00:00Z,144.02,144.6,143.71,144.51,125407
2021-02-11T05:00:00Z,144.14,144.915,143.76,144.08,138685
2021-02-10T05:00:00Z,145.85,145.85,143.67,144.11,244939
2021-02-09T05:00:00Z,144.67,146.3,144.67,145.8,154263
2021-02-08T05:00:00Z,144.595,145.56,144.48,144.98,154113
2021-02-05T05:00:00Z,143.51,144.84,142.545,144.34,204690
2021-02-04T05:00:00Z,141.75,143.17,141.33,142.58,181390
2021-02-03T05:00:00Z,141.05,141.95,140.92,141.265,169567
2021-02-02T05:00:00Z,139.75,142.125,139.5,140.83,242919
2021-02-01T05:00:00Z,140.98,141.42,139.205,139.26,332589
2021-01-29T05:00:00Z,143.32,143.73,140.36,140.51,371693
2021-01-28T05:00:00Z,144.36,146.24,143.66,143.66,345922
2021-01-27T05:00:00Z,146.88,147.86,143.59,143.74,310569
2021-01-26T05:00:00Z,145.61,147.8,145.54,147.57,196359
2021-01-25T05:00:00Z,145.43,146.23,144.28,146.21,198251
2021-01-22T05:00:00Z,145.64,147.29,145.15,146.45,230744
2021-01-21T05:00:00Z,145.465,145.62,144.225,144.91,134801
2021-01-20T05:00:00Z,143.83,145.6,142.89,145.57,185149
2021-01-19T05:00:00Z,144.7,145.045,142.705,143.38,193082
2021-01-15T05:00:00Z,145.07,145.88,143.71,144.65,281314
2021-01-14T05:00:00Z,147.82,147.97,146.04,146.99,191396
2021-01-13T05:00:00Z,148.74,149.07,147.44,147.45,177092
2021-01-12T05:00:00Z,148.98,149.92,148.385,148.985,232916
2021-01-11T05:00:00Z,146.135,147.98,146.135,147.27,326576
2021-01-08T05:00:00Z,146.92,146.92,145.86,146.62,395461
2021-01-07T05:00:00Z,147.35,147.75,146.1,146.66,271015
2021-01-06T05:00:00Z,145.32,148.09,145.31,146.72,338459
2021-01-05T05:00:00Z,146.61,147.06,144.51,145.79,137943
2021-01-04T05:00:00Z,144.36,146.88,144.3,146.54,296520
2020-12-31T05:00:00Z,144.22,144.255,142.86,144.21,161802
2020-12-30T05:00:00Z,144.71,145.03,143.95,144.225,143522
2020-12-29T05:00:00Z,145.705,145.84,143.6,144.34,135146
2020-12-28T05:00:00Z,144.06,145.22,143.34,145.22,191373
2020-12-24T05:00:00Z,143.49,144.31,143.225,143.55,55911
2020-12-23T05:00:00Z,143.62,144.18,142.36,143.26,208007
2020-12-22T05:00:00Z,145.305,146.17,143.17,144.21,288105
2020-12-21T05:00:00Z,145.57,146.66,145.1,145.96,171025
2020-12-18T05:00:00Z,146.56,147.17,145.17,145.6,206784
2020-12-17T05:00:00Z,146.065,146.4,145.175,146.06,291695
2020-12-16T05:00:00Z,146.34,146.89,145.1,145.4,181902
2020-12-15T05:00:00Z,146.11,146.36,144.88,145.575,256383
2020-12-14T05:00:00Z,147.41,147.51,145.41,145.55,207840
2020-12-11T05:00:00Z,146.9,147.5,145.98,146.91,205407
2020-12-10T05:00:00Z,147.735,148.04,146.58,147.07,237933
2020-12-09T05:00:00Z,149.945,149.945,147.91,148.22,166792
2020-12-08T05:00:00Z,147.38,149.835,147.2,149.47,202274
2020-12-07T05:00:00Z,148.58,148.93,147.18,148.05,295319
2020-12-04T05:00:00Z,149.35,149.35,147.6,148.85,231278
2020-12-03T05:00:00Z,150.14,150.14,148.43,149.295,250609
2020-12-02T05:00:00Z,152.01,152.54,149.56,150.56,277303
2020-12-01T05:00:00Z,153.6,153.6,151.67,152.655,224330
2020-11-30T05:00:00Z,151.65,152.94,150.145,152.89,319147
2020-11-27T05:00:00Z,152.345,152.695,151.12,151.73,147464
2020-11-25T05:00:00Z,151.21,152.385,151.21,151.83,154079
2020-11-24T05:00:00Z,151.75,151.95,150.28,151.385,201906
2020-11-23T05:00:00Z,150.53,151.365,149.39,150.87,227114
2020-11-20T05:00:00Z,151.265,152.73,149.81,150.34,305933
2020-11-19T05:00:00Z,149.47,152.45,149.4,152.13,225032
2020-11-18T05:00:00Z,149.83,151.66,149.15,149.18,380555
2020-11-17T05:00:00Z,150.5,153.22,149.2,149.38,554248
2020-11-16T05:00:00Z,150.68,153.38,149.4,152.38,504744
2020-11-13T05:00:00Z,148.64,150.925,147.52,150.58,254589
2020-11-12T05:00:00Z,148.15,148.66,147.13,148.09,158876
2020-11-11T05:00:00Z,146.86,148.94,146.445,147.96,240659
2020-11-10T05:00:00Z,143.865,146.41,143.59,145.51,206551
2020-11-09T05:00:00Z,148.015,148.03,143.52,143.52,440404
2020-11-06T05:00:00Z,144.275,146.22,143.97,145.7,220954
2020-11-05T05:00:00Z,143.61,144.21,142.97,143.49,290386
2020-11-04T05:00:00Z,141.86,144.39,141.4,142.04,269231
2020-11-03T05:00:00Z,141.645,144.16,141.6,142.87,251539
2020-11-02T05:00:00Z,140.52,140.8,139.06,140.44,235773
2020-10-30T04:00:00Z,139.23,139.94,137.4,138.69,262528
2020-10-29T04:00:00Z,140,141.09,138.75,139.97,245044
2020-10-28T04:00:00Z,140.925,142.125,139.91,139.94,208137
2020-10-27T04:00:00Z,142.105,143.67,141.98,142.81,183135
2020-10-26T04:00:00Z,142.84,143.04,140.96,142.1,205259
2020-10-23T04:00:00Z,144,144.12,142.88,143.835,146657
2020-10-22T04:00:00Z,144.325,144.51,142.725,143.545,192769
2020-10-21T04:00:00Z,143.97,145.72,143.91,144.41,182290
2020-10-20T04:00:00Z,144.02,145.52,143.63,143.94,163804
2020-10-19T04:00:00Z,145.14,145.31,142.775,142.88,195356
2020-10-16T04:00:00Z,145.47,146.125,144.49,144.76,210917
2020-10-15T04:00:00Z,142.965,144.95,142.87,144.49,131591
2020-10-14T04:00:00Z,146.38,146.45,143.78,143.93,219775
2020-10-13T04:00:00Z,144.46,146.605,144.36,146.19,387868
2020-10-12T04:00:00Z,143.25,145.33,143.195,144.28,188869
2020-10-09T04:00:00Z,141.81,143.34,141.81,142.88,212186
2020-10-08T04:00:00Z,141.45,142.07,141.16,141.37,172066
2020-10-07T04:00:00Z,141.34,141.55,140.3,140.95,205786
2020-10-06T04:00:00Z,141.97,142.865,140.27,140.76,455472
2020-10-05T04:00:00Z,141.43,142.17,141.08,141.805,173651
2020-10-02T04:00:00Z,142.13,143.06,140.14,140.52,319595
2020-10-01T04:00:00Z,140.62,144.34,140.26,143.1,545601
2020-09-30T04:00:00Z,137.235,141.73,137.235,139.95,345432
2020-09-29T04:00:00Z,137.355,138.13,136.42,137.18,211665
2020-09-28T04:00:00Z,137.33,138.01,136.72,137.2,152347
2020-09-25T04:00:00Z,136.525,137.535,135.975,137.27,201158
2020-09-24T04:00:00Z,135.735,137.75,135.15,136.685,203968
2020-09-23T04:00:00Z,139.075,139.23,135.83,135.98,161848
2020-09-22T04:00:00Z,137.42,138.925,136.585,138.29,342539
2020-09-21T04:00:00Z,136.35,137.23,135.34,137.04,299906
2020-09-18T04:00:00Z,137.045,137.455,134.84,135.325,226913
2020-09-17T04:00:00Z,135.58,137.56,135.2,136.7,216522
2020-09-16T04:00:00Z,138.535,138.535,136.075,136.2,237994
2020-09-15T04:00:00Z,138.22,139.065,136.745,137.26,121881
2020-09-14T04:00:00Z,136.215,141.02,136.005,137.305,199643
2020-09-11T04:00:00Z,137.125,138.365,135.62,136.71,138798
2020-09-10T04:00:00Z,140.115,140.41,136.66,136.865,264231
2020-09-09T04:00:00Z,140.08,142.61,139.52,139.915,198170
2020-09-08T04:00:00Z,141.54,141.645,138.31,138.46,134473
2020-09-04T04:00:00Z,143.96,144.825,140.175,142.92,138073
2020-09-03T04:00:00Z,146.82,149.49,142.27,144.53,158751
2020-09-02T04:00:00Z,151,151,145.72,147.77,168447
2020-09-01T04:00:00Z,140.82,149.565,140.085,147.595,422082
2020-08-31T04:00:00Z,137.46,138.875,135.6,138.855,289019
2020-08-28T04:00:00Z,140.76,141.045,137.91,140.28,355640
2020-08-27T04:00:00Z,131.19,139.33,130.945,136.65,464608
2020-08-26T04:00:00Z,130.22,130.855,129.715,130.68,95013
2020-08-25T04:00:00Z,130.885,131.17,129.71,130.6,228669
2020-08-24T04:00:00Z,132.29,132.395,130.39,131.24,130923
2020-08-21T04:00:00Z,130.64,132.65,130.145,131.6,103143
2020-08-20T04:00:00Z,131.74,131.81,130.06,130.56,176630
2020-08-19T04:00:00Z,134.545,134.645,131.875,132.46,238982
2020-08-18T04:00:00Z,136.18,137.49,133.26,134.56,255982
2020-08-17T04:00:00Z,134.33,136.1,133.92,135.62,204718
2020-08-14T04:00:00Z,132.255,132.96,131.74,132.515,91681
2020-08-13T04:00:00Z,131.28,131.94,130.735,131.845,99075
2020-08-12T04:00:00Z,130.63,132.23,129.81,131.91,125246
2020-08-11T04:00:00Z,132.69,132.69,129.735,130.16,143661
2020-08-10T04:00:00Z,130.14,132.315,129.71,131.905,104332
2020-08-07T04:00:00Z,129.675,130.43,129.15,129.93,244011
2020-08-06T04:00:00Z,129.42,130.205,129.04,129.31,80469
2020-08-05T04:00:00Z,130.55,130.71,128.85,129.8,142769
2020-08-04T04:00:00Z,129.46,131.68,129.02,131.59,131171
2020-08-03T04:00:00Z,130.08,130.09,128.3,129.33,114675
2020-07-31T04:00:00Z,129.58,130.065,127.645,129.44,117633
2020-07-30T04:00:00Z,129.355,130.39,128.76,130.11,60664
2020-07-29T04:00:00Z,131.37,131.53,129.9,130.69,69397
2020-07-28T04:00:00Z,131.43,132.345,130.97,131.78,107985
2020-07-27T04:00:00Z,131.2,131.97,130.995,131.21,195621
