2024-06-14T04:00:00Z,89.16,89.355,88.46,89,78165
2024-06-13T04:00:00Z,89.615,89.92,89.01,89.815,86433
2024-06-12T04:00:00Z,90.805,90.985,89.625,89.83,87210
2024-06-11T04:00:00Z,89.2,89.66,88.86,89.645,42853
2024-06-10T04:00:00Z,89.61,89.78,89.365,89.7,66937
2024-06-07T04:00:00Z,89.7,90.53,89.5,89.755,61655
2024-06-06T04:00:00Z,90.32,90.72,90.215,90.69,33647
2024-06-05T04:00:00Z,90.16,90.635,89.685,90.635,50128
2024-06-04T04:00:00Z,90.31,90.42,89.46,89.965,49692
2024-06-03T04:00:00Z,91.35,91.37,90.26,90.98,59433
2024-05-31T04:00:00Z,90.555,91.54,89.93,91.53,87230
2024-05-30T04:00:00Z,89.63,90.49,89.63,90.46,44642
2024-05-29T04:00:00Z,90.17,90.375,89.645,89.71,67992
2024-05-28T04:00:00Z,91.34,91.48,90.71,91.02,29627
2024-05-24T04:00:00Z,91.155,91.475,91.1,91.36,47901
2024-05-23T04:00:00Z,91.6,91.6,90.395,90.58,73041
2024-05-22T04:00:00Z,91.41,91.645,90.98,91.35,87320
2024-05-21T04:00:00Z,92.245,92.29,91.88,92.28,68475
2024-05-20T04:00:00Z,92.055,92.43,91.815,92.275,24844
2024-05-17T04:00:00Z,91.75,92.15,91.595,92.13,87541
2024-05-16T04:00:00Z,92.075,92.1,91.32,91.36,63446
2024-05-15T04:00:00Z,92.43,92.45,91.625,92.005,54124
2024-05-14T04:00:00Z,91.895,92.195,91.595,91.855,63794
2024-05-13T04:00:00Z,92.22,92.31,91.71,91.805,47907
2024-05-10T04:00:00Z,92.19,92.21,91.78,91.86,69451
2024-05-09T04:00:00Z,91.045,91.805,90.9,91.72,51662
2024-05-08T04:00:00Z,90.77,91.13,90.63,90.725,50876
2024-05-07T04:00:00Z,90.48,91.285,90.43,91.14,107435
2024-05-06T04:00:00Z,90.19,90.4,89.68,90.075,67216
2024-05-03T04:00:00Z,89.33,89.71,89.14,89.53,121712
2024-05-02T04:00:00Z,88.72,89,87.96,88.66,155923
2024-05-01T04:00:00Z,89.08,90.5,88.745,89.06,169790
2024-04-30T04:00:00Z,89.64,89.705,88.62,88.65,158665
2024-04-29T04:00:00Z,90.105,90.275,89.83,90.25,61172
2024-04-26T04:00:00Z,89.51,89.85,89.14,89.51,58607
2024-04-25T04:00:00Z,88.26,89.17,87.555,88.97,106162
2024-04-24T04:00:00Z,87.96,88.415,87.67,88.365,93826
2024-04-23T04:00:00Z,87.87,88.66,87.845,88.3,100807
2024-04-22T04:00:00Z,88.58,89.515,88.135,89.045,75935
2024-04-19T04:00:00Z,89.28,89.635,88.64,88.955,90530
2024-04-18T04:00:00Z,89.74,89.77,88.69,89.04,70749
2024-04-17T04:00:00Z,89.43,89.8,88.76,89.03,78624
2024-04-16T04:00:00Z,89.05,89.28,88.49,88.83,141730
2024-04-15T04:00:00Z,90.9,91.195,89.19,89.48,118757
2024-04-12T04:00:00Z,91.23,91.45,89.52,89.94,164541
2024-04-11T04:00:00Z,91.74,91.93,91.085,91.54,85505
2024-04-10T04:00:00Z,91.575,92.15,91.29,91.6,155365
2024-04-09T04:00:00Z,93.535,93.54,92.155,93.07,77325
2024-04-08T04:00:00Z,93.12,93.16,92.63,92.84,75473
2024-04-05T04:00:00Z,91.87,92.88,91.86,92.79,134068
2024-04-04T04:00:00Z,93.41,93.665,91.735,91.93,126118
2024-04-03T04:00:00Z,92.51,93,92.46,92.9,107966
2024-04-02T04:00:00Z,92.61,92.66,91.935,92.31,97494
2024-04-01T04:00:00Z,93.21,93.27,92.51,92.66,68840
2024-03-28T04:00:00Z,92.715,93.205,92.49,92.93,85656
2024-03-27T04:00:00Z,91.525,92.65,91.48,92.65,85489
2024-03-26T04:00:00Z,91.615,91.65,91.285,91.31,58571
2024-03-25T04:00:00Z,91.595,91.75,91.315,91.43,49484
2024-03-22T04:00:00Z,91.8,91.9,91.32,91.425,79694
2024-03-21T04:00:00Z,91.83,92.08,91.47,91.93,134125
2024-03-20T04:00:00Z,90.525,91.87,90.42,91.52,111102
2024-03-19T04:00:00Z,90.54,90.75,90.265,90.66,92843
2024-03-18T04:00:00Z,90.86,91.335,90.6,90.64,109042
2024-03-15T04:00:00Z,90.25,91.195,90.25,90.78,266381
2024-03-14T04:00:00Z,91.05,91.185,90.355,90.76,215098
2024-03-13T04:00:00Z,90.65,91.65,90.63,91.23,155605
2024-03-12T04:00:00Z,90.445,90.465,89.91,90.34,128994
2024-03-11T04:00:00Z,89.8,90.725,89.465,90.36,168450
2024-03-08T05:00:00Z,90.07,90.15,89.33,89.36,90118
2024-03-07T05:00:00Z,89.585,90.26,89.56,89.86,91144
2024-03-06T05:00:00Z,88.595,89.05,88.495,88.79,105048
2024-03-05T05:00:00Z,88.28,88.85,87.835,88.12,68039
2024-03-04T05:00:00Z,87.96,88.75,87.96,88.58,156223
2024-03-01T05:00:00Z,87.535,88.18,87.535,87.93,93152
2024-02-29T05:00:00Z,87.36,87.785,87.15,87.615,117065
2024-02-28T05:00:00Z,86.28,87.205,86.15,86.9,104143
2024-02-27T05:00:00Z,86.55,86.775,86.385,86.65,127435
2024-02-26T05:00:00Z,86.495,86.65,86.245,86.34,105965
2024-02-23T05:00:00Z,86.45,86.935,86.295,86.83,89328
2024-02-22T05:00:00Z,85.66,86.445,85.52,86.31,122187
2024-02-21T05:00:00Z,84.98,85.505,84.68,85.46,64684
2024-02-20T05:00:00Z,85.075,85.24,84.76,84.99,106572
2024-02-16T05:00:00Z,85.075,85.745,85.01,85.15,118095
2024-02-15T05:00:00Z,83.73,84.84,83.72,84.73,147490
2024-02-14T05:00:00Z,83.01,83.3,82.63,83.16,88608
2024-02-13T05:00:00Z,83.02,83.2,82.025,82.6,128659
2024-02-12T05:00:00Z,83.395,84.18,83.29,83.79,72296
2024-02-09T05:00:00Z,82.755,83.165,82.555,83.16,107188
2024-02-08T05:00:00Z,83.11,83.18,82.37,82.93,97222
2024-02-07T05:00:00Z,83.02,83.27,82.84,83.09,73245
2024-02-06T05:00:00Z,81.715,82.575,81.715,82.42,104037
2024-02-05T05:00:00Z,81.36,81.42,80.74,81.005,142126
2024-02-02T05:00:00Z,82.82,83.47,82.19,83.1,145303
2024-02-01T05:00:00Z,83.485,83.7,82.47,83.59,197127
2024-01-31T05:00:00Z,83.485,83.52,82.14,82.23,127421
2024-01-30T05:00:00Z,82.72,83.67,82.72,83.305,116908
2024-01-29T05:00:00Z,82.4,82.945,82.1,82.945,62514
2024-01-26T05:00:00Z,82.725,82.965,82.34,82.49,55405
2024-01-25T05:00:00Z,82.02,82.515,81.775,82.5,58169
2024-01-24T05:00:00Z,82.79,82.99,81.58,81.59,62319
2024-01-23T05:00:00Z,82.92,83.08,82.435,82.73,59435
2024-01-22T05:00:00Z,81.915,82.61,81.87,82.51,82144
2024-01-19T05:00:00Z,82.02,82.33,81.49,82.25,145277
2024-01-18T05:00:00Z,81.9,82.27,81.46,82.155,65312
2024-01-17T05:00:00Z,81.64,82.175,81.55,81.86,102069
2024-01-16T05:00:00Z,82.96,83.07,82.29,82.49,100776
2024-01-12T05:00:00Z,83.93,83.99,83.115,83.45,68926
2024-01-11T05:00:00Z,83.68,83.71,82.76,83.365,72047
2024-01-10T05:00:00Z,83.49,83.695,83.235,83.6,88584
2024-01-09T05:00:00Z,84.04,84.04,83.49,83.74,92703
2024-01-08T05:00:00Z,84.01,84.715,83.6,84.67,69126
2024-01-05T05:00:00Z,83.94,84.79,83.875,84.33,70798
2024-01-04T05:00:00Z,84.34,84.64,84.055,84.16,122517
2024-01-03T05:00:00Z,84.54,84.895,83.9,84.44,138340
2024-01-02T05:00:00Z,84.94,85.52,84.85,85.36,92061
2023-12-29T05:00:00Z,85.6,85.765,85.37,85.55,55389
2023-12-28T05:00:00Z,86.14,86.205,85.81,85.865,95810
2023-12-27T05:00:00Z,85.91,86.28,85.76,86.195,57547
2023-12-26T05:00:00Z,85.77,86.24,85.63,85.99,39147
2023-12-22T05:00:00Z,85.39,85.785,85.25,85.61,55814
2023-12-21T05:00:00Z,84.97,85.08,84.52,85.08,73909
2023-12-20T05:00:00Z,85.2,85.425,84.165,84.21,87892
2023-12-19T05:00:00Z,85.19,85.67,85.19,85.46,49402
2023-12-18T05:00:00Z,85.31,85.36,84.66,84.71,78003
2023-12-15T05:00:00Z,85.17,85.69,84.935,85.19,107797
2023-12-14T05:00:00Z,84.765,85.84,84.74,85.39,164133
2023-12-13T05:00:00Z,82.065,84.035,81.955,83.98,125154
2023-12-12T05:00:00Z,83.31,83.57,82.595,82.98,355435
2023-12-11T05:00:00Z,81.8,82.52,81.65,82.51,95710
2023-12-08T05:00:00Z,81.63,82.295,81.63,81.9,93755
2023-12-07T05:00:00Z,81.36,81.705,81.16,81.65,63621
2023-12-06T05:00:00Z,81.61,81.87,81.005,81.1,115586
2023-12-05T05:00:00Z,81.94,81.945,81.09,81.25,126479
2023-12-04T05:00:00Z,82.66,83.25,82.35,82.35,152697
2023-12-01T05:00:00Z,82.52,83.615,82.39,83.32,116017
2023-11-30T05:00:00Z,81.72,82.475,81.39,82.4,80570
2023-11-29T05:00:00Z,81.56,81.96,81.435,81.59,69062
2023-11-28T05:00:00Z,81.08,81.61,80.79,81.17,74984
2023-11-27T05:00:00Z,80.73,81.07,80.48,81.04,48648
2023-11-24T05:00:00Z,80.9,81.39,80.87,81.1,49094
2023-11-22T05:00:00Z,80.805,80.885,80.39,80.78,60309
2023-11-21T05:00:00Z,80.59,81.01,80.59,80.71,68360
2023-11-20T05:00:00Z,80.14,80.645,79.72,80.38,126172
2023-11-17T05:00:00Z,80.53,80.54,80.03,80.225,67866
2023-11-16T05:00:00Z,79.85,80.2,79.69,80.105,57317
2023-11-15T05:00:00Z,79.66,80.58,79.65,79.9,97309
2023-11-14T05:00:00Z,78.33,79.89,78.33,79.53,119184
2023-11-13T05:00:00Z,76.92,77.56,76.83,77.25,69948
2023-11-10T05:00:00Z,76.62,77.42,76.48,77.375,54859
2023-11-09T05:00:00Z,77.64,77.64,76.415,76.48,181775
2023-11-08T05:00:00Z,77.05,77.32,76.62,77.095,65724
2023-11-07T05:00:00Z,77.6,77.6,76.785,76.9,109792
2023-11-06T05:00:00Z,78.72,78.74,78.26,78.4,108763
2023-11-03T04:00:00Z,78.31,79.31,78.31,78.78,124306
2023-11-02T04:00:00Z,76.58,77.595,76.55,77.59,128455
2023-11-01T04:00:00Z,76.065,76.235,75.32,76.12,166509
2023-10-31T04:00:00Z,75.68,76.22,75.42,76.05,74243
2023-10-30T04:00:00Z,75.715,75.99,75.18,75.7,87617
2023-10-27T04:00:00Z,75.19,75.49,74.78,75,116794
2023-10-26T04:00:00Z,75.02,75.63,74.77,74.965,164632
2023-10-25T04:00:00Z,75.11,75.31,74.415,74.44,132628
2023-10-24T04:00:00Z,75.06,75.75,75,75.32,118581
2023-10-23T04:00:00Z,74.51,75.215,74.36,74.5,151978
2023-10-20T04:00:00Z,76.165,76.335,75.27,75.27,123970
2023-10-19T04:00:00Z,76.91,77.45,76.125,76.3,112247
2023-10-18T04:00:00Z,78.48,78.48,77.015,77.09,122430
2023-10-17T04:00:00Z,77.84,79.42,77.84,79.16,119025
2023-10-16T04:00:00Z,78.24,78.905,77.96,78.33,106504
2023-10-13T04:00:00Z,78.33,78.64,77.315,77.65,139036
2023-10-12T04:00:00Z,79.31,79.31,77.335,77.935,179765
2023-10-11T04:00:00Z,79.23,79.55,78.46,79.12,237756
2023-10-10T04:00:00Z,78.47,79.57,78.44,78.94,193068
2023-10-09T04:00:00Z,77.67,78.32,77.175,78.08,102746
2023-10-06T04:00:00Z,77.14,78.525,76.79,77.98,204138
2023-10-05T04:00:00Z,77.96,78.42,76.825,77.23,161719
2023-10-04T04:00:00Z,77.85,78.32,77.175,78.18,159734
2023-10-03T04:00:00Z,76.825,78.27,76.825,77.32,173136
2023-10-02T04:00:00Z,78.17,78.35,76.98,77.53,131225
2023-09-29T04:00:00Z,79.34,79.395,78.36,78.56,97602
2023-09-28T04:00:00Z,78.03,78.95,77.99,78.68,62440
2023-09-27T04:00:00Z,78.22,78.33,77.435,77.855,112566
2023-09-26T04:00:00Z,78.51,78.93,77.64,77.84,150208
2023-09-25T04:00:00Z,78.09,79.025,78.02,79.02,87728
2023-09-22T04:00:00Z,78.71,79.04,78.235,78.35,118483
2023-09-21T04:00:00Z,79.43,79.45,78.425,78.45,173177
2023-09-20T04:00:00Z,81.15,81.415,80.02,80.08,81238
2023-09-19T04:00:00Z,81.03,81.285,80.24,80.92,77908
2023-09-18T04:00:00Z,81.27,81.395,80.77,80.99,115716
2023-09-15T04:00:00Z,82.49,82.67,81.58,81.7,132660
2023-09-14T04:00:00Z,82.27,82.77,82.055,82.62,81244
2023-09-13T04:00:00Z,81.88,82.04,81.25,81.445,86971
2023-09-12T04:00:00Z,81.81,82.29,81.805,81.95,66791
2023-09-11T04:00:00Z,82.48,82.71,82.03,82.15,77378
2023-09-08T04:00:00Z,81.72,82.12,81.56,81.82,67750
2023-09-07T04:00:00Z,81.77,81.99,81.115,81.71,92371
2023-09-06T04:00:00Z,82.04,82.4,81.47,82.08,69648
2023-09-05T04:00:00Z,83.69,83.69,82.27,82.27,168415
2023-09-01T04:00:00Z,83.54,84.025,83.54,83.77,84985
2023-08-31T04:00:00Z,83.08,83.255,82.81,82.9,54392
2023-08-30T04:00:00Z,82.75,83.035,82.61,82.92,63561
2023-08-29T04:00:00Z,81.28,82.77,81.17,82.75,146198
2023-08-28T04:00:00Z,81.07,81.75,81.07,81.39,105442
2023-08-25T04:00:00Z,80.93,81.17,80.15,80.77,84432
2023-08-24T04:00:00Z,80.52,81.235,80.48,80.54,62910
2023-08-23T04:00:00Z,80.85,81.16,80.57,80.91,70844
2023-08-22T04:00:00Z,81.185,81.3,80.55,80.76,83866
2023-08-21T04:00:00Z,81,81.095,80.25,80.83,52719
2023-08-18T04:00:00Z,80.27,81,80.22,80.82,75175
2023-08-17T04:00:00Z,81.53,82.06,80.755,80.84,104160
2023-08-16T04:00:00Z,81.39,81.83,80.995,81,91347
2023-08-15T04:00:00Z,82.18,82.26,81.38,81.54,133334
2023-08-14T04:00:00Z,82.41,82.91,82.105,82.91,61748
2023-08-11T04:00:00Z,82.64,83.105,82.43,82.73,60116
2023-08-10T04:00:00Z,83.3,83.77,82.765,82.95,72751
2023-08-09T04:00:00Z,83.44,83.69,82.79,82.845,84353
2023-08-08T04:00:00Z,82.73,83.38,82.36,83.235,87042
2023-08-07T04:00:00Z,83.9,84.26,83.535,84.11,82481
2023-08-04T04:00:00Z,84.12,84.76,83.5,83.56,124436
2023-08-03T04:00:00Z,84.02,84.44,83.61,83.76,108367
2023-08-02T04:00:00Z,84.52,85.025,84.2,84.27,201296
2023-08-01T04:00:00Z,85.12,85.64,85.05,85.34,78532
2023-07-31T04:00:00Z,85.47,85.825,85.23,85.73,63278
2023-07-28T04:00:00Z,85.44,85.495,84.825,85.26,87296
2023-07-27T04:00:00Z,85.53,85.775,84.61,84.67,94875
2023-07-26T04:00:00Z,85.09,85.43,84.56,85.25,84420
2023-07-25T04:00:00Z,84.48,85.83,84.36,85.47,102502
2023-07-24T04:00:00Z,83.78,84.095,83.48,84.01,74249
2023-07-21T04:00:00Z,83.54,83.88,83.08,83.74,59395
2023-07-20T04:00:00Z,83.82,83.9,83.17,83.74,76216
2023-07-19T04:00:00Z,83.85,84.015,83.32,83.53,50303
2023-07-18T04:00:00Z,83.13,84.24,83.12,84,103801
2023-07-17T04:00:00Z,82.92,83.49,82.87,83.32,56293
2023-07-14T04:00:00Z,83.715,83.715,82.9,83.22,71842
2023-07-13T04:00:00Z,83.35,83.85,83.09,83.75,63571
2023-07-12T04:00:00Z,83,83.33,82.43,83.09,97614
2023-07-11T04:00:00Z,81.645,82.07,81.355,82.01,74349
2023-07-10T04:00:00Z,80.6,81.685,80.6,81.2,74051
2023-07-07T04:00:00Z,80.43,82.025,80.43,81.24,90784
2023-07-06T04:00:00Z,80.11,80.585,79.31,80.52,110671
2023-07-05T04:00:00Z,82.105,82.285,81.01,81.09,129992
2023-07-03T04:00:00Z,82.82,83.53,82.715,83.15,67251
2023-06-30T04:00:00Z,82.51,83.06,82.255,82.85,88732
2023-06-29T04:00:00Z,80.8,82.13,80.71,82.1,70648
2023-06-28T04:00:00Z,81.32,81.32,80.715,81.08,73860
2023-06-27T04:00:00Z,80.58,81.695,80.49,81.59,52746
2023-06-26T04:00:00Z,79.755,80.605,79.755,80.48,67453
2023-06-23T04:00:00Z,79.43,79.81,79.11,79.66,83510
2023-06-22T04:00:00Z,80.2,80.38,79.58,80.31,57628
2023-06-21T04:00:00Z,79.92,80.835,79.665,80.51,105158
2023-06-20T04:00:00Z,80.52,80.55,79.81,80.24,138705
2023-06-16T04:00:00Z,81.55,81.775,81.17,81.67,115489
2023-06-15T04:00:00Z,80.76,81.86,80.7,81.565,127716
2023-06-14T04:00:00Z,81.84,81.895,80.44,80.85,94123
2023-06-13T04:00:00Z,79.885,81.24,79.81,81.21,115852
2023-06-12T04:00:00Z,78.97,79.46,78.63,79.35,76427
2023-06-09T04:00:00Z,79.37,79.37,78.72,79.01,94410
2023-06-08T04:00:00Z,80.03,80.2,79.12,79.65,99940
2023-06-07T04:00:00Z,78.96,79.995,78.96,79.95,185999
2023-06-06T04:00:00Z,78.21,79.205,78.15,79.01,118478
2023-06-05T04:00:00Z,78.67,79.38,78.24,78.5,143586
2023-06-02T04:00:00Z,77.46,78.74,77.46,78.54,164912
2023-06-01T04:00:00Z,75.35,76.23,75.1,76.01,88625
2023-05-31T04:00:00Z,75.41,75.64,74.715,75.02,149347
2023-05-30T04:00:00Z,76.25,76.28,75.28,75.84,110154
2023-05-26T04:00:00Z,76.42,76.705,75.91,76.2,140239
2023-05-25T04:00:00Z,76.15,76.205,75.44,75.85,117916
2023-05-24T04:00:00Z,76.7,76.73,75.995,76.12,100279
2023-05-23T04:00:00Z,77.68,77.835,76.87,77.02,87936
2023-05-22T04:00:00Z,78.775,78.995,78.09,78.2,60703
2023-05-19T04:00:00Z,78.69,79.02,78.25,78.665,86991
2023-05-18T04:00:00Z,77.63,78.5,77.27,78.44,110071
2023-05-17T04:00:00Z,77.895,78.27,77.475,77.95,80983
2023-05-16T04:00:00Z,78.32,78.39,77.43,77.47,65968
2023-05-15T04:00:00Z,78.48,78.81,78.03,78.72,50341
2023-05-12T04:00:00Z,78.18,78.43,77.445,78.09,46555
2023-05-11T04:00:00Z,77.98,78.08,77.61,77.96,72475
2023-05-10T04:00:00Z,79.55,79.59,77.885,78.72,85908
2023-05-09T04:00:00Z,79,79.08,78.395,78.68,167787
2023-05-08T04:00:00Z,80.05,80.23,79.285,79.42,42683
2023-05-05T04:00:00Z,79.17,79.93,79.17,79.64,118221
2023-05-04T04:00:00Z,79.27,79.5,78.16,78.345,68167
2023-05-03T04:00:00Z,79.86,80.205,78.84,78.86,79564
2023-05-02T04:00:00Z,79.76,79.86,78.465,79.72,176504
2023-05-01T04:00:00Z,80.69,81.035,80.365,80.52,63973
2023-04-28T04:00:00Z,79.44,80.67,79.41,80.53,97167
2023-04-27T04:00:00Z,78.82,79.615,78.345,79.58,49748
2023-04-26T04:00:00Z,79.32,79.43,78.295,78.56,80822
2023-04-25T04:00:00Z,80.385,80.39,79.455,79.5,78121
2023-04-24T04:00:00Z,80.96,81.26,80.795,81.26,32539
2023-04-21T04:00:00Z,80.99,81.08,80.285,80.69,100014
2023-04-20T04:00:00Z,81,81.67,80.93,81.43,76089
2023-04-19T04:00:00Z,81.18,81.58,81.03,81.49,65302
2023-04-18T04:00:00Z,81.77,81.98,81.375,81.73,45751
2023-04-17T04:00:00Z,80.98,81.42,80.76,81.42,104642
2023-04-14T04:00:00Z,81.43,81.86,80.515,80.93,78193
2023-04-13T04:00:00Z,80.8,81.78,80.61,81.5,112349
2023-04-12T04:00:00Z,81.255,81.33,80.56,80.66,92156
2023-04-11T04:00:00Z,80.36,81.07,80.36,80.62,70056
2023-04-10T04:00:00Z,79.43,80.15,79.24,80.01,112879
2023-04-06T04:00:00Z,79.4,79.695,79.07,79.63,128835
2023-04-05T04:00:00Z,79.48,79.89,79.11,79.81,118039
2023-04-04T04:00:00Z,80.95,80.99,79.71,79.99,123241
2023-04-03T04:00:00Z,80.96,81.35,80.585,81.15,100765
2023-03-31T04:00:00Z,79.62,80.7,79.59,80.63,110328
2023-03-30T04:00:00Z,79.615,79.66,79.1,79.38,51693
2023-03-29T04:00:00Z,78.71,78.87,78.505,78.84,102753
2023-03-28T04:00:00Z,77.52,77.87,77.31,77.755,114207
2023-03-27T04:00:00Z,77.58,77.915,76.825,77.38,109381
2023-03-24T04:00:00Z,75.555,76.985,75.09,76.82,87861
2023-03-23T04:00:00Z,76.61,77.715,75.605,76.25,119561
2023-03-22T04:00:00Z,77.6,78.09,76.275,76.29,81263
2023-03-21T04:00:00Z,77.72,77.99,77.155,77.62,81164
2023-03-20T04:00:00Z,75.91,76.76,75.89,76.685,145130
2023-03-17T04:00:00Z,76.36,76.36,75.38,75.49,184359
2023-03-16T04:00:00Z,74.97,76.785,74.89,76.69,142938
2023-03-15T04:00:00Z,76.24,76.515,74.78,75.81,157300
2023-03-14T04:00:00Z,78.72,79.25,77.56,78.4,93576
2023-03-13T04:00:00Z,77.19,78.4,76.8,77.41,448399
2023-03-10T05:00:00Z,79.91,79.91,77.78,78.2,166152
2023-03-09T05:00:00Z,82.08,82.32,79.65,79.9,92013
2023-03-08T05:00:00Z,81.53,82.185,81.43,81.98,94423
2023-03-07T05:00:00Z,82.75,82.91,81.3,81.59,83056
2023-03-06T05:00:00Z,84.265,84.27,83.1,83.23,80344
2023-03-03T05:00:00Z,83.91,84.645,83.34,84.59,142788
2023-03-02T05:00:00Z,82.08,83.58,81.875,83.4,92949
2023-03-01T05:00:00Z,82.06,83.26,82.06,82.405,120827
2023-02-28T05:00:00Z,81.455,82.35,81.305,81.86,196750
2023-02-27T05:00:00Z,81.8,82.21,81.395,81.46,103913
2023-02-24T05:00:00Z,79.25,81.295,78.885,81.2,237672
2023-02-23T05:00:00Z,80.81,81.13,79.49,80.67,163860
2023-02-22T05:00:00Z,80.19,80.93,79.935,80.54,216996
2023-02-21T05:00:00Z,81,81.145,79.85,79.97,101202
2023-02-17T05:00:00Z,81.48,81.565,80.88,81.27,127079
2023-02-16T05:00:00Z,81.85,83.025,81.73,82.07,138655
2023-02-15T05:00:00Z,82.04,83.02,81.89,83.01,132524
2023-02-14T05:00:00Z,82.12,82.855,81.715,82.65,103482
2023-02-13T05:00:00Z,82.12,82.62,81.71,82.475,75398
2023-02-10T05:00:00Z,81.46,82.145,81.06,82.025,105371
2023-02-09T05:00:00Z,83.57,83.71,81.37,81.76,200427
2023-02-08T05:00:00Z,83.2,83.94,82.885,82.93,61670
2023-02-07T05:00:00Z,82.37,83.79,82.37,83.59,129545
2023-02-06T05:00:00Z,82.72,82.99,82.07,82.51,72517
2023-02-03T05:00:00Z,83.99,84.64,83.3,83.42,143814
2023-02-02T05:00:00Z,84.77,85.17,83.72,84.95,163891
2023-02-01T05:00:00Z,84.105,85.88,83.61,85.16,128278
2023-01-31T05:00:00Z,83.12,84.67,83.03,84.67,121349
2023-01-30T05:00:00Z,82.9,83.85,82.73,82.82,91488
2023-01-27T05:00:00Z,83.1,83.97,83.045,83.38,62364
2023-01-26T05:00:00Z,82.72,83.7,82.345,83.7,123423
2023-01-25T05:00:00Z,82.19,83.285,81.955,83.28,72391
2023-01-24T05:00:00Z,82.77,83.2,81.9,83.12,117971
2023-01-23T05:00:00Z,82.58,83.4,82.28,83.06,152901
2023-01-20T05:00:00Z,81.38,82.84,80.95,82.79,79930
2023-01-19T05:00:00Z,81.27,81.48,80.52,81.15,89397
2023-01-18T05:00:00Z,83.64,83.825,81.75,81.77,151294
2023-01-17T05:00:00Z,83.8,84.03,82.875,82.935,86619
2023-01-13T05:00:00Z,82.79,83.95,82.79,83.82,69929
2023-01-12T05:00:00Z,83.33,83.5,82.335,83.285,90108
2023-01-11T05:00:00Z,82.475,83,82.105,82.98,144760
2023-01-10T05:00:00Z,81,81.735,80.47,81.68,62989
2023-01-09T05:00:00Z,80.9,81.955,80.64,80.87,184851
2023-01-06T05:00:00Z,78.66,80.545,78.57,80.37,99040
2023-01-05T05:00:00Z,77.76,78.12,77.24,77.7,100365
2023-01-04T05:00:00Z,78.085,79.155,78.05,78.95,66799
2023-01-03T05:00:00Z,77.7,78.28,76.95,77.61,88899
2022-12-30T05:00:00Z,77.825,77.91,77.03,77.69,52198
2022-12-29T05:00:00Z,77.89,78.52,77.88,78.23,44495
2022-12-28T05:00:00Z,78.63,78.795,77.36,77.41,37460
2022-12-27T05:00:00Z,78.77,79.03,78.34,78.575,37925
2022-12-23T05:00:00Z,77.93,78.525,77.57,78.5,28651
2022-12-22T05:00:00Z,78.14,78.14,76.66,77.99,73830
2022-12-21T05:00:00Z,78.57,79.04,78.29,78.72,58581
2022-12-20T05:00:00Z,77.74,78.48,77.715,78.07,47434
2022-12-19T05:00:00Z,78.61,78.77,77.195,77.575,74827
2022-12-16T05:00:00Z,78.79,79.315,78.325,79.07,89007
2022-12-15T05:00:00Z,80.51,80.59,79.235,79.43,137023
2022-12-14T05:00:00Z,82.57,82.99,81.33,81.91,91872
2022-12-13T05:00:00Z,84.31,84.32,82.25,82.85,112803
2022-12-12T05:00:00Z,81.09,81.7,80.785,81.69,76381
2022-12-09T05:00:00Z,81.85,82.29,80.96,80.965,69569
2022-12-08T05:00:00Z,81.86,82.21,81.53,81.77,71341
2022-12-07T05:00:00Z,81.3,81.965,81.01,81.21,105581
2022-12-06T05:00:00Z,82.44,82.61,80.805,81.38,84333
2022-12-05T05:00:00Z,83.175,83.445,81.98,82.1,130158
2022-12-02T05:00:00Z,81.875,83.95,81.875,83.75,82957
2022-12-01T05:00:00Z,83.31,83.38,82.125,82.82,79678
2022-11-30T05:00:00Z,80.96,82.77,80.085,82.75,104848
2022-11-29T05:00:00Z,80.79,81.215,80.605,80.835,54805
2022-11-28T05:00:00Z,81.74,81.79,80.37,80.53,59585
2022-11-25T05:00:00Z,82.39,82.43,82.12,82.31,31205
2022-11-23T05:00:00Z,81.89,82.45,81.79,82.43,121056
2022-11-22T05:00:00Z,80.935,82.095,80.74,82.07,87178
2022-11-21T05:00:00Z,79.44,80.525,79.28,80.26,97970
2022-11-18T05:00:00Z,80.23,80.23,79.3,79.99,79471
2022-11-17T05:00:00Z,78.95,79.5,78.48,79.5,93691
2022-11-16T05:00:00Z,80.75,80.96,80.08,80.23,110815
2022-11-15T05:00:00Z,82.065,82.065,80.23,80.99,219911
2022-11-14T05:00:00Z,80.94,82.245,80.94,81.11,261675
2022-11-11T05:00:00Z,81.15,82.17,81.02,81.24,434537
2022-11-10T05:00:00Z,79.25,80.34,78.815,80.27,219848
2022-11-09T05:00:00Z,76.82,77.62,75.91,76.07,129378
2022-11-08T05:00:00Z,76.59,78.07,76.25,77.33,187859
2022-11-07T05:00:00Z,75.86,76.04,75.12,76,147487
2022-11-04T04:00:00Z,74.96,75.94,74.2,75.435,192563
2022-11-03T04:00:00Z,71.29,73.39,71.29,72.935,147679
2022-11-02T04:00:00Z,74.49,75.195,72.315,72.36,607049
2022-11-01T04:00:00Z,75.22,75.25,73.655,74.25,212366
2022-10-31T04:00:00Z,74.27,74.9,74.01,74.06,74153
2022-10-28T04:00:00Z,73.84,74.87,73.47,74.77,101005
2022-10-27T04:00:00Z,74.3,74.845,73.885,74,97442
2022-10-26T04:00:00Z,74.37,74.955,73.59,74.2,165661
2022-10-25T04:00:00Z,71.905,73.72,71.87,73.72,88474
2022-10-24T04:00:00Z,72.65,72.94,71.765,71.89,127730
2022-10-21T04:00:00Z,69.95,72.41,69.72,72.32,165483
2022-10-20T04:00:00Z,70.42,71.745,69.75,69.89,145326
2022-10-19T04:00:00Z,70.8,71.29,69.99,70.415,81120
2022-10-18T04:00:00Z,71.62,71.97,70.475,71.27,156888
2022-10-17T04:00:00Z,69.53,70.315,69.53,69.88,164155
2022-10-14T04:00:00Z,71.1,71.15,68.065,68.2,149910
2022-10-13T04:00:00Z,67.12,70.87,66.89,70.53,151351
2022-10-12T04:00:00Z,69.01,69.085,68.53,68.55,139756
2022-10-11T04:00:00Z,69.01,70.14,68.575,69.09,108916
2022-10-10T04:00:00Z,69.78,70.01,69.15,69.6,122222
2022-10-07T04:00:00Z,70.53,70.76,69.02,69.47,151499
2022-10-06T04:00:00Z,71.37,72.17,71.055,71.23,218600
2022-10-05T04:00:00Z,71.73,72.545,71.17,72.01,104908
2022-10-04T04:00:00Z,71.7,72.88,71.55,72.79,144212
2022-10-03T04:00:00Z,69.21,70.735,68.8,70.28,126580
2022-09-30T04:00:00Z,68.17,69.26,67.8,68.04,92232
2022-09-29T04:00:00Z,68.47,68.47,67.21,68.2,129078
2022-09-28T04:00:00Z,67.78,69.5,67.57,69.21,129211
2022-09-27T04:00:00Z,68.2,68.55,66.89,67.46,137669
2022-09-26T04:00:00Z,67.865,68.74,66.995,67.3,133834
2022-09-23T04:00:00Z,68.67,68.725,67.45,68.45,171552
2022-09-22T04:00:00Z,71.05,71.07,69.825,69.84,112769
2022-09-21T04:00:00Z,72.78,72.93,70.68,70.69,137855
2022-09-20T04:00:00Z,72.65,72.65,71.755,72.31,113372
2022-09-19T04:00:00Z,71.73,73.78,71.63,73.69,118603
2022-09-16T04:00:00Z,73.03,73.18,72.13,72.9,220793
2022-09-15T04:00:00Z,74.78,75.54,73.95,74.06,140778
2022-09-14T04:00:00Z,75.65,75.67,74.33,75.07,143368
2022-09-13T04:00:00Z,76.74,77.56,75.8,75.98,100892
2022-09-12T04:00:00Z,78.85,79.17,78.385,78.77,82819
2022-09-09T04:00:00Z,77.67,78.275,77.49,78.08,109897
2022-09-08T04:00:00Z,75.46,76.965,75.145,76.94,109009
2022-09-07T04:00:00Z,73.93,76.29,73.87,76.19,168816
2022-09-06T04:00:00Z,74.92,75.035,73.8,74.13,100640
2022-09-02T04:00:00Z,75.49,76.1,74.025,74.38,164823
2022-09-01T04:00:00Z,74.58,74.58,73.53,74.455,166977
2022-08-31T04:00:00Z,76.44,76.44,75.39,75.42,125938
2022-08-30T04:00:00Z,77.79,77.825,75.9,76.32,105769
2022-08-29T04:00:00Z,77.33,78.26,77.14,77.59,106666
2022-08-26T04:00:00Z,80.84,80.88,78.13,78.15,97235
2022-08-25T04:00:00Z,79.46,80.66,79.42,80.66,76157
2022-08-24T04:00:00Z,78.52,79.135,78.4,78.87,67705
2022-08-23T04:00:00Z,78.04,79.06,78.04,78.66,125873
2022-08-22T04:00:00Z,77.93,78.28,77.66,77.93,118102
2022-08-19T04:00:00Z,80.16,80.16,78.89,79.16,106732
2022-08-18T04:00:00Z,80.61,80.83,80.24,80.64,53417
2022-08-17T04:00:00Z,80.67,80.77,80.02,80.39,66068
2022-08-16T04:00:00Z,80.975,81.855,80.885,81.535,49214
2022-08-15T04:00:00Z,80.21,81.17,80.11,81.06,60553
2022-08-12T04:00:00Z,79.81,81.13,79.81,81.11,101602
2022-08-11T04:00:00Z,80.07,80.63,79.53,79.59,61630
2022-08-10T04:00:00Z,78.64,79.79,78.64,79.36,120391
2022-08-09T04:00:00Z,77.59,77.69,76.9,77.16,106341
2022-08-08T04:00:00Z,78.02,78.61,77.49,77.53,107999
2022-08-05T04:00:00Z,76.28,77.42,76.18,77.14,40153
2022-08-04T04:00:00Z,76.86,77.46,76.5,76.83,62980
2022-08-03T04:00:00Z,77.23,77.23,76.17,76.77,164195
2022-08-02T04:00:00Z,77.03,77.78,76.28,76.73,154980
2022-08-01T04:00:00Z,77.54,77.81,76.935,77.48,141309
2022-07-29T04:00:00Z,77.53,78.33,77.4,78.16,130886
2022-07-28T04:00:00Z,76.14,77.17,75.975,77.1,149206
2022-07-27T04:00:00Z,74.45,76.06,73.985,75.76,240188
2022-07-26T04:00:00Z,75.01,75.28,74.59,74.87,81839
2022-07-25T04:00:00Z,74.85,75.435,74.81,75.37,146668
2022-07-22T04:00:00Z,76.04,76.42,74.73,75.06,312958
2022-07-21T04:00:00Z,74.32,75.62,74.1,75.62,112289
2022-07-20T04:00:00Z,74.35,74.865,74.01,74.54,113052
2022-07-19T04:00:00Z,73.05,74.58,72.96,74.41,188709
2022-07-18T04:00:00Z,72.97,73.28,71.98,72.22,86152
2022-07-15T04:00:00Z,72.035,72.285,71.18,72.05,238382
2022-07-14T04:00:00Z,70.77,70.98,69.985,70.92,213208
2022-07-13T04:00:00Z,71.54,72.67,71.16,72.25,192289
2022-07-12T04:00:00Z,72.49,73.625,72.425,72.68,112926
2022-07-11T04:00:00Z,72.26,73.125,72.15,72.83,85435
2022-07-08T04:00:00Z,73.86,73.94,72.67,72.99,109059
2022-07-07T04:00:00Z,74.07,74.485,73.545,73.73,179816
2022-07-06T04:00:00Z,72.57,73.3,71.78,73.08,266138
2022-07-05T04:00:00Z,72.2,72.63,71.135,72.63,256782
2022-07-01T04:00:00Z,73.32,74.21,72.195,74.12,308905
2022-06-30T04:00:00Z,73.37,74.26,72.625,73.63,272945
2022-06-29T04:00:00Z,75.21,75.21,73.725,74.49,145075
2022-06-28T04:00:00Z,76.34,76.98,74.905,75.03,189444
2022-06-27T04:00:00Z,76.45,76.59,75.6,75.84,209952
2022-06-24T04:00:00Z,74.055,76.47,73.98,76.46,474470
2022-06-23T04:00:00Z,74.36,74.68,72.77,73.53,401740
2022-06-22T04:00:00Z,73.94,75.275,73.73,74.54,263126
2022-06-21T04:00:00Z,75.47,75.85,74.95,75.51,178153
2022-06-17T04:00:00Z,74.78,75.46,73.64,74.93,328731
2022-06-16T04:00:00Z,75.59,75.95,74.41,75.04,325521
2022-06-15T04:00:00Z,78.805,78.94,76.45,77.87,238386
2022-06-14T04:00:00Z,78.51,78.93,77.27,77.87,246936
2022-06-13T04:00:00Z,79.57,79.75,78.03,78.515,455697
2022-06-10T04:00:00Z,82.69,82.69,81.58,81.67,253659
2022-06-09T04:00:00Z,85.585,85.87,84.225,84.24,184973
2022-06-08T04:00:00Z,87.21,87.9,86.12,86.3,132324
2022-06-07T04:00:00Z,86.76,88.21,86.57,88.12,214524
2022-06-06T04:00:00Z,87.4,87.84,87.11,87.52,168902
2022-06-03T04:00:00Z,86.73,87.315,86.39,86.66,145245
2022-06-02T04:00:00Z,86.205,87.51,85.885,87.48,191599
2022-06-01T04:00:00Z,86.21,86.4,84.345,85.15,261644
2022-05-31T04:00:00Z,86.63,86.835,85.79,86.05,246719
2022-05-27T04:00:00Z,86.44,87.39,85.97,87.39,152313
2022-05-26T04:00:00Z,84.25,85.79,84.25,85.37,117581
2022-05-25T04:00:00Z,83.1,84.15,82.85,83.81,134744
2022-05-24T04:00:00Z,83.645,83.73,82.07,83.46,176095
2022-05-23T04:00:00Z,83.44,84.12,82.98,83.95,173006
2022-05-20T04:00:00Z,83.44,83.71,80.64,82.43,188725
2022-05-19T04:00:00Z,81.52,83.59,81.52,82.59,200696
2022-05-18T04:00:00Z,83.855,83.99,81.7,82.06,157122
2022-05-17T04:00:00Z,84.38,84.79,83.36,84.65,173832
2022-05-16T04:00:00Z,82.34,82.99,81.395,82.36,199389
2022-05-13T04:00:00Z,81.905,83.295,81.905,82.5,229600
2022-05-12T04:00:00Z,80.52,82.05,79.77,81.27,235738
2022-05-11T04:00:00Z,81.595,83.56,81.28,81.41,265523
2022-05-10T04:00:00Z,83.31,83.44,80.4,81.35,334665
2022-05-09T04:00:00Z,82.965,83.7,81.645,81.89,242337
2022-05-06T04:00:00Z,84.94,84.94,83.16,84.56,211874
2022-05-05T04:00:00Z,87.905,88.15,84.845,85.8,298591
2022-05-04T04:00:00Z,86.25,88.55,85.54,88.48,236780
2022-05-03T04:00:00Z,84.79,86.19,84.76,85.7,144436
2022-05-02T04:00:00Z,85.065,85.47,83.14,84.77,214299
2022-04-29T04:00:00Z,86.96,87.74,84.825,85.02,145912
2022-04-28T04:00:00Z,85.82,87.065,84.4,86.79,224078
2022-04-27T04:00:00Z,84.875,86.38,84.68,85.43,281802
2022-04-26T04:00:00Z,85.81,86.34,84.17,84.18,180598
2022-04-25T04:00:00Z,84.83,85.72,83.16,85.5,247829
2022-04-22T04:00:00Z,88.27,88.27,85.64,85.75,178663
2022-04-21T04:00:00Z,91.32,91.42,88.83,89.05,121153
2022-04-20T04:00:00Z,90.16,90.86,89.97,90.56,121667
2022-04-19T04:00:00Z,88.83,90.17,88.78,89.96,109892
2022-04-18T04:00:00Z,89.1,89.665,88.85,89.13,107417
2022-04-14T04:00:00Z,89.45,90.06,89.015,89.06,147933
2022-04-13T04:00:00Z,88.22,89.385,87.9,89.37,285141
2022-04-12T04:00:00Z,88.39,89.18,87.7,88.05,180511
2022-04-11T04:00:00Z,88.33,88.98,87.94,88.06,201119
2022-04-08T04:00:00Z,88.37,89.05,88.02,88.45,111360
2022-04-07T04:00:00Z,87.485,88.29,86.875,87.93,160790
2022-04-06T04:00:00Z,87.74,87.81,86.65,87.39,242597
2022-04-05T04:00:00Z,89.02,89.66,88.15,88.4,152337
2022-04-04T04:00:00Z,88.91,89.19,88.325,89.09,125931
2022-04-01T04:00:00Z,88.675,89.34,88.2,89.1,223696
2022-03-31T04:00:00Z,88.95,89.63,88.145,88.16,125012
2022-03-30T04:00:00Z,89.62,89.775,88.91,89.3,94789
2022-03-29T04:00:00Z,88.875,89.61,88.32,89.58,204461
2022-03-28T04:00:00Z,88.91,88.91,88.06,88.89,80784
2022-03-25T04:00:00Z,88.4,89.33,88.4,89.31,124339
2022-03-24T04:00:00Z,87.14,88.34,87.08,88.33,111993
2022-03-23T04:00:00Z,86.875,87.13,86.49,86.59,154605
2022-03-22T04:00:00Z,87.09,87.51,86.645,86.94,143693
2022-03-21T04:00:00Z,86.31,86.83,85.93,86.5,135531
2022-03-18T04:00:00Z,85.08,86.235,84.93,86.12,245242
2022-03-17T04:00:00Z,83.61,85.6,83.61,85.6,202036
2022-03-16T04:00:00Z,83.72,84.75,82.29,83.99,207302
2022-03-15T04:00:00Z,81.93,82.79,81.24,82.69,102619
2022-03-14T04:00:00Z,82.425,82.91,81.32,81.73,144768
2022-03-11T05:00:00Z,82.61,83.25,81.79,81.86,102485
2022-03-10T05:00:00Z,81.28,82.56,81.28,82.43,122292
2022-03-09T05:00:00Z,81.09,82.72,80.72,82.26,153131
2022-03-08T05:00:00Z,80.28,81.445,79.31,79.83,206832
2022-03-07T05:00:00Z,82.87,82.87,80.185,80.19,186003
2022-03-04T05:00:00Z,82.3,83.095,81.69,83.04,143787
2022-03-03T05:00:00Z,83.97,84.25,82.51,83.39,184829
2022-03-02T05:00:00Z,82.045,83.7,81.81,83.27,150627
2022-03-01T05:00:00Z,83.36,83.76,80.98,81.46,208284
2022-02-28T05:00:00Z,83.07,83.915,82.62,83.36,206631
2022-02-25T05:00:00Z,81.705,84.37,81.705,84.34,225875
2022-02-24T05:00:00Z,79.8,81.59,79.4,81.37,231344
2022-02-23T05:00:00Z,83.145,83.4,81.5,81.58,135310
2022-02-22T05:00:00Z,83.435,83.8,82.03,82.69,205268
2022-02-18T05:00:00Z,84.37,84.59,83.4,83.8,159736
2022-02-17T05:00:00Z,84.71,84.8,83.72,83.995,113406
2022-02-16T05:00:00Z,84.77,85.63,84.59,85.43,139053
2022-02-15T05:00:00Z,83.85,84.95,83.81,84.88,96403
2022-02-14T05:00:00Z,84.02,84.045,82.69,83.29,143311
2022-02-11T05:00:00Z,84.85,85.61,83.73,83.99,177237
2022-02-10T05:00:00Z,85.47,87.21,84.92,85.31,164617
2022-02-09T05:00:00Z,85,85.945,84.85,85.82,355840
2022-02-08T05:00:00Z,82.99,84.14,82.89,84,134518
2022-02-07T05:00:00Z,82.86,83.48,82.54,82.73,162878
2022-02-04T05:00:00Z,83.33,83.98,82.655,83.06,147177
2022-02-03T05:00:00Z,85.11,85.875,84.395,84.53,143058
2022-02-02T05:00:00Z,85.88,86.37,85.29,86.035,135718
2022-02-01T05:00:00Z,84.935,85.94,84.45,85.825,183743
2022-01-31T05:00:00Z,82.96,84.5,82.74,84.44,92204
2022-01-28T05:00:00Z,81.78,83.25,81.255,83.23,151802
2022-01-27T05:00:00Z,83.66,84.45,81.97,82.75,140480
2022-01-26T05:00:00Z,83.81,84.69,81.64,82.43,225048
2022-01-25T05:00:00Z,82.68,84.035,81.395,83.31,215771
2022-01-24T05:00:00Z,82.34,84.31,80.91,84.07,265403
2022-01-21T05:00:00Z,85.62,85.91,83.76,84.02,211173
2022-01-20T05:00:00Z,87.64,88.225,86.05,86.15,143345
2022-01-19T05:00:00Z,88.23,88.455,87.365,87.44,140730
2022-01-18T05:00:00Z,87.36,87.83,86.955,87.63,172647
2022-01-14T05:00:00Z,88.6,88.95,87.795,88.77,128809
2022-01-13T05:00:00Z,90.24,90.57,89.345,89.46,170068
2022-01-12T05:00:00Z,89.99,90.435,89.365,90.24,135473
2022-01-11T05:00:00Z,88.56,89.38,87.79,89.38,173065
2022-01-10T05:00:00Z,88.735,88.875,87.59,88.4,114478
2022-01-07T05:00:00Z,89.54,89.62,88.92,89.28,139510
2022-01-06T05:00:00Z,90.66,90.66,89.255,89.38,148128
2022-01-05T05:00:00Z,91,92.295,90.49,90.51,180954
2022-01-04T05:00:00Z,89.75,90.865,89.68,90.55,127016
2022-01-03T05:00:00Z,90.65,90.785,89.25,89.4,122934
2021-12-31T05:00:00Z,90.1,90.83,90.07,90.62,57054
2021-12-30T05:00:00Z,90.87,90.97,90.135,90.2,58904
2021-12-29T05:00:00Z,90.21,90.68,90.14,90.5,43734
2021-12-28T05:00:00Z,89.63,90.245,89.63,90.13,147741
2021-12-27T05:00:00Z,88.625,89.64,88.55,89.63,38902
2021-12-23T05:00:00Z,87.73,88.59,87.73,88.29,69374
2021-12-22T05:00:00Z,86.69,87.49,86.64,87.4,27542
2021-12-21T05:00:00Z,86.3,87.07,86.24,86.75,90301
2021-12-20T05:00:00Z,85.98,86.03,84.57,85.64,205289
2021-12-17T05:00:00Z,88.575,88.67,87.605,87.65,127217
2021-12-16T05:00:00Z,88.55,89.32,88.41,88.8,96610
2021-12-15T05:00:00Z,87.29,87.965,86.38,87.915,97858
2021-12-14T05:00:00Z,87.56,88.395,87.45,87.67,101043
2021-12-13T05:00:00Z,88.41,88.41,87.5,87.735,69223
2021-12-10T05:00:00Z,88.52,88.61,87.77,88.34,81170
2021-12-09T05:00:00Z,87.47,88.17,87.42,87.76,70825
2021-12-08T05:00:00Z,88.21,88.445,87.78,88.23,83323
2021-12-07T05:00:00Z,87.585,88.405,87.585,87.84,104575
2021-12-06T05:00:00Z,86.2,87.23,85.935,86.55,104231
2021-12-03T05:00:00Z,85.8,86.45,84.565,85.28,153200
2021-12-02T05:00:00Z,84.26,85.83,84.07,85.47,110104
2021-12-01T05:00:00Z,85.835,86.73,83.77,83.77,144623
2021-11-30T05:00:00Z,86.46,86.525,84.495,84.69,169864
2021-11-29T05:00:00Z,87.05,87.245,86.25,86.82,111424
2021-11-26T05:00:00Z,85.93,86.79,85.49,86.38,119953
2021-11-24T05:00:00Z,88.14,88.23,87.76,87.88,91330
2021-11-23T05:00:00Z,88.67,89.12,88.11,88.56,96637
2021-11-22T05:00:00Z,88.47,89.385,88.445,88.455,132842
2021-11-19T05:00:00Z,88.18,88.82,88.1,88.32,122067
2021-11-18T05:00:00Z,88.88,89.08,88.31,88.445,89059
2021-11-17T05:00:00Z,89.39,89.415,88.79,88.84,79195
2021-11-16T05:00:00Z,89.7,89.98,89.385,89.42,64718
2021-11-15T05:00:00Z,89.83,89.83,89.39,89.69,76108
2021-11-12T05:00:00Z,89.63,90.13,89.59,90.11,125657
2021-11-11T05:00:00Z,89.05,89.785,88.98,89.435,75229
2021-11-10T05:00:00Z,89.43,89.61,88.575,88.7,88868
2021-11-09T05:00:00Z,88.94,89.32,88.61,89.315,130903
2021-11-08T05:00:00Z,88.88,89.09,88.65,88.91,94780
2021-11-05T04:00:00Z,87.39,88.025,87.39,87.85,72597
2021-11-04T04:00:00Z,87.165,87.49,86.81,87.15,84403
2021-11-03T04:00:00Z,86.5,87.545,86.22,87.22,119305
2021-11-02T04:00:00Z,85.55,86.455,85.4,86.26,178265
2021-11-01T04:00:00Z,85.24,85.8,85.05,85.31,98388
2021-10-29T04:00:00Z,85.31,85.77,84.82,85.11,106330
2021-10-28T04:00:00Z,84.98,85.655,84.93,85.52,59718
2021-10-27T04:00:00Z,85.62,85.73,84.635,84.675,115849
2021-10-26T04:00:00Z,85.71,86.23,85.155,85.93,94783
2021-10-25T04:00:00Z,85.04,86.03,84.94,85.64,100638
2021-10-22T04:00:00Z,85.46,85.73,84.85,84.85,86963
2021-10-21T04:00:00Z,84.635,84.995,84.135,84.98,143111
2021-10-20T04:00:00Z,84.49,85.285,84.4,85.185,93318
2021-10-19T04:00:00Z,84.45,84.52,83.85,84.505,124286
2021-10-18T04:00:00Z,83.45,84.245,83.43,84.09,108367
2021-10-15T04:00:00Z,84.38,84.565,83.97,84.14,176663
2021-10-14T04:00:00Z,82.545,83.99,82.51,83.91,108466
2021-10-13T04:00:00Z,81.77,82.28,80.94,81.94,191759
2021-10-12T04:00:00Z,81.32,81.67,81.015,81.325,87107
2021-10-11T04:00:00Z,81.625,82.365,81.195,81.21,101630
2021-10-08T04:00:00Z,81.86,81.86,81.04,81.17,99911
2021-10-07T04:00:00Z,81.32,82.52,81.32,81.63,192005
2021-10-06T04:00:00Z,79.85,80.575,79.06,80.54,183950
2021-10-05T04:00:00Z,79.84,81.175,79.73,80.73,212598
2021-10-04T04:00:00Z,80.82,80.88,79.48,80.015,75467
2021-10-01T04:00:00Z,79.55,80.8,78.9,80.32,109271
2021-09-30T04:00:00Z,80.625,80.9,79.11,79.12,448655
2021-09-29T04:00:00Z,80.74,80.81,80.27,80.37,138874
2021-09-28T04:00:00Z,81.55,81.55,80.445,80.655,146734
2021-09-27T04:00:00Z,81.43,82.16,81.43,81.71,113478
2021-09-24T04:00:00Z,81.05,81.46,81,81.08,69526
2021-09-23T04:00:00Z,81.075,81.7,80.98,81.19,110716
2021-09-22T04:00:00Z,80.145,80.81,80.015,80.06,160384
2021-09-21T04:00:00Z,79.72,79.925,78.9,79.25,142625
2021-09-20T04:00:00Z,78.955,79.785,78.42,79.4,133717
2021-09-17T04:00:00Z,82.66,82.66,81.08,81.31,289378
2021-09-16T04:00:00Z,83.29,83.39,82.57,83.04,128733
2021-09-15T04:00:00Z,83.27,84.045,83.18,83.925,132977
2021-09-14T04:00:00Z,84.25,84.25,82.9,83.03,124962
2021-09-13T04:00:00Z,84.975,84.975,83.46,83.985,104188
2021-09-10T04:00:00Z,84.805,85.025,83.955,83.97,149783
2021-09-09T04:00:00Z,83.88,84.6,83.88,84.05,98774
2021-09-08T04:00:00Z,84.365,84.6,83.73,83.99,120511
2021-09-07T04:00:00Z,84.96,85.1,84.685,84.81,111613
2021-09-03T04:00:00Z,85.89,86.02,85.375,85.375,98162
2021-09-02T04:00:00Z,85.78,86.11,85.655,85.935,62659
2021-09-01T04:00:00Z,85.505,85.71,84.67,85.365,108332
2021-08-31T04:00:00Z,85.69,85.785,85.22,85.62,117087
2021-08-30T04:00:00Z,86.42,86.42,85.865,85.87,62332
2021-08-27T04:00:00Z,85.335,86.185,85.325,85.98,60491
2021-08-26T04:00:00Z,85.3,85.47,84.79,84.855,80682
2021-08-25T04:00:00Z,84.685,85.675,84.61,85.44,101555
2021-08-24T04:00:00Z,84.99,85.275,84.79,85.065,84996
2021-08-23T04:00:00Z,84.27,84.71,84.065,84.48,87107
2021-08-20T04:00:00Z,83.295,83.94,83.21,83.805,135523
2021-08-19T04:00:00Z,83.005,83.62,82.865,83.28,124747
2021-08-18T04:00:00Z,84.83,85.23,83.99,84.005,140202
2021-08-17T04:00:00Z,85.525,85.61,84.05,85.01,121665
2021-08-16T04:00:00Z,85.855,86.1,85.125,86.02,79092
2021-08-13T04:00:00Z,86.335,86.615,86.3,86.45,76018
2021-08-12T04:00:00Z,86.52,86.52,85.62,86.35,95164
2021-08-11T04:00:00Z,86.01,86.575,85.77,86.52,97854
2021-08-10T04:00:00Z,84.415,85.635,84.34,85.29,197845
2021-08-09T04:00:00Z,83.56,84.24,83.37,84.05,93534
2021-08-06T04:00:00Z,83.59,84.24,83.355,84.14,100747
2021-08-05T04:00:00Z,83.58,83.93,82.865,82.92,92960
2021-08-04T04:00:00Z,83.525,83.945,83.045,83.07,63968
2021-08-03T04:00:00Z,83.16,83.845,82.41,83.82,86582
2021-08-02T04:00:00Z,84.42,84.905,83.005,83.03,91431
2021-07-30T04:00:00Z,83.7,84.49,83.675,84,86954
2021-07-29T04:00:00Z,83.49,83.985,83.17,83.68,121694
2021-07-28T04:00:00Z,82.49,83.045,81.995,82.81,93752
2021-07-27T04:00:00Z,81.88,82.87,81.13,82.535,123527
2021-07-26T04:00:00Z,81.98,82.5,81.765,82.41,98344
2021-07-23T04:00:00Z,81.56,81.81,80.87,81.72,78130
2021-07-22T04:00:00Z,80.99,81.39,80.6,81.14,126562
2021-07-21T04:00:00Z,80.9,81.37,80.735,81.13,118449
2021-07-20T04:00:00Z,79.12,80.81,79.075,80.265,137619
2021-07-19T04:00:00Z,79.55,79.655,78.705,79.31,166258
2021-07-16T04:00:00Z,82.34,82.39,80.945,81.08,171306
2021-07-15T04:00:00Z,82.28,82.87,81.96,82.31,77451
2021-07-14T04:00:00Z,82.885,83.24,82.09,82.3,82737
2021-07-13T04:00:00Z,82.98,83.25,82.25,82.435,132159
2021-07-12T04:00:00Z,82.45,83.49,82.31,83.23,98380
2021-07-09T04:00:00Z,82.3,83.175,82.3,83,136738
2021-07-08T04:00:00Z,81.295,81.82,80.705,81.35,162375
2021-07-07T04:00:00Z,82.05,82.57,81.475,82.505,116681
2021-07-06T04:00:00Z,82.845,82.845,81.1,81.67,104841
2021-07-02T04:00:00Z,82.885,82.98,82.36,82.85,84346
2021-07-01T04:00:00Z,83,83,82.4,82.77,103110
2021-06-30T04:00:00Z,81.9,82.42,81.865,82.33,76393
2021-06-29T04:00:00Z,82.555,82.82,81.91,82.07,105135
2021-06-28T04:00:00Z,82.42,82.43,81.485,82.12,74786
2021-06-25T04:00:00Z,82.565,82.85,82.065,82.14,399921
2021-06-24T04:00:00Z,82.46,82.595,81.865,82.105,132719
2021-06-23T04:00:00Z,82.79,82.79,81.855,81.865,136470
2021-06-22T04:00:00Z,82.38,82.745,81.85,82.4,140376
2021-06-21T04:00:00Z,81.36,82.175,81.36,82.07,223887
2021-06-18T04:00:00Z,81.09,81.55,80.745,80.745,380004
2021-06-17T04:00:00Z,83.6,83.66,81.08,82.09,508939
2021-06-16T04:00:00Z,84.56,84.805,83.76,83.91,231933
2021-06-15T04:00:00Z,85.2,85.24,84.28,84.89,473988
2021-06-14T04:00:00Z,85.94,86.02,84.625,85.05,143005
2021-06-11T04:00:00Z,86.44,86.725,85.67,86.13,95434
2021-06-10T04:00:00Z,86.96,87.07,85.795,85.81,188377
2021-06-09T04:00:00Z,86.62,87.07,86.3,86.325,151875
2021-06-08T04:00:00Z,86.89,87.345,86.265,86.96,133639
2021-06-07T04:00:00Z,87.88,87.89,86.45,86.82,260523
2021-06-04T04:00:00Z,88.13,88.19,87.555,87.885,87069
2021-06-03T04:00:00Z,87.03,87.755,86.67,87.71,245252
2021-06-02T04:00:00Z,88.585,88.6,87.63,87.73,93358
2021-06-01T04:00:00Z,88.3,88.585,87.88,88.475,195638
2021-05-28T04:00:00Z,87.615,87.625,86.95,87.26,159089
2021-05-27T04:00:00Z,87.41,87.665,87.13,87.39,201829
2021-05-26T04:00:00Z,86.56,86.785,86.08,86.625,105896
2021-05-25T04:00:00Z,87.5,87.72,86.535,86.6,102353
2021-05-24T04:00:00Z,87.18,87.7,86.76,87.36,87180
2021-05-21T04:00:00Z,86.895,87.495,86.59,86.6,117034
2021-05-20T04:00:00Z,86.45,86.78,86.075,86.35,113263
2021-05-19T04:00:00Z,86.24,86.725,85.425,86.35,272344
2021-05-18T04:00:00Z,88.76,88.85,87.66,87.66,164263
2021-05-17T04:00:00Z,87.965,88.835,87.54,88.65,199664
2021-05-14T04:00:00Z,87.225,88.12,87.225,87.96,123111
2021-05-13T04:00:00Z,85.71,87.12,85.71,86.88,235548
2021-05-12T04:00:00Z,87.45,87.605,85.47,85.61,185964
2021-05-11T04:00:00Z,86.53,87.87,86.35,87.78,162538
2021-05-10T04:00:00Z,88.8,89.21,87.495,87.505,197613
2021-05-07T04:00:00Z,87.05,88.03,86.76,87.885,102580
2021-05-06T04:00:00Z,86.36,87.045,85.595,87.04,105699
2021-05-05T04:00:00Z,85.445,86.415,85.17,86.23,186601
2021-05-04T04:00:00Z,83.655,85.18,83.655,85.18,111759
2021-05-03T04:00:00Z,83.72,84.76,83.7,84.27,131909
2021-04-30T04:00:00Z,83.48,83.94,82.85,83.03,98038
2021-04-29T04:00:00Z,83.87,83.96,83.07,83.895,100395
2021-04-28T04:00:00Z,83.19,83.755,83.15,83.36,66843
2021-04-27T04:00:00Z,83.01,83.395,82.69,83.175,89779
2021-04-26T04:00:00Z,83.1,83.835,83.1,83.35,80234
2021-04-23T04:00:00Z,81.84,83.17,81.66,82.905,102852
2021-04-22T04:00:00Z,82.48,82.525,81.48,81.565,99861
2021-04-21T04:00:00Z,81.52,83.06,81.43,82.995,112791
2021-04-20T04:00:00Z,82.095,82.285,81.19,81.48,104604
2021-04-19T04:00:00Z,82.77,82.78,81.825,82.255,140887
2021-04-16T04:00:00Z,82.6,82.85,82.325,82.61,157208
2021-04-15T04:00:00Z,81.125,81.815,80.805,81.665,115938
2021-04-14T04:00:00Z,80.37,81.025,80.37,80.67,71993
2021-04-13T04:00:00Z,80.21,80.35,79.79,80.16,67641
2021-04-12T04:00:00Z,80.015,80.415,80.005,80.3,64906
2021-04-09T04:00:00Z,79.61,80.07,79.305,80.03,70182
2021-04-08T04:00:00Z,79.36,79.51,78.715,79.36,89562
2021-04-07T04:00:00Z,80.54,80.64,79.11,79.24,122306
2021-04-06T04:00:00Z,80.43,80.935,80.295,80.64,103975
2021-04-05T04:00:00Z,80.31,80.74,79.93,80.485,217090
2021-04-01T04:00:00Z,78.97,79.54,78.45,79.53,162715
2021-03-31T04:00:00Z,79.28,79.58,78.61,78.83,139614
2021-03-30T04:00:00Z,79.285,79.595,78.985,79.055,107782
2021-03-29T04:00:00Z,79.42,80.16,78.995,79.345,144286
2021-03-26T04:00:00Z,78.59,79.75,78.28,79.75,169840
2021-03-25T04:00:00Z,76.36,77.895,75.925,77.775,218756
2021-03-24T04:00:00Z,76.56,77.715,76.56,76.64,129035
2021-03-23T04:00:00Z,77.32,77.42,75.83,76.12,192107
2021-03-22T04:00:00Z,77.56,78.025,77.105,77.755,156525
2021-03-19T04:00:00Z,78.2,78.52,77.08,78,310501
2021-03-18T04:00:00Z,78.645,79.53,78.245,78.39,152859
2021-03-17T04:00:00Z,77.89,79.005,77.89,78.805,82557
2021-03-16T04:00:00Z,78.7,78.76,77.705,78.11,111178
2021-03-15T04:00:00Z,78.52,78.83,77.875,78.82,146571
2021-03-12T05:00:00Z,78.45,78.715,78.275,78.665,69851
2021-03-11T05:00:00Z,78.76,79.105,78.44,78.49,105017
2021-03-10T05:00:00Z,77.18,78.65,77.135,78.06,135936
2021-03-09T05:00:00Z,76.87,77.405,76.305,76.87,128414
2021-03-08T05:00:00Z,75.51,77.435,75.44,76.31,251665
2021-03-05T05:00:00Z,74.39,75.55,72.865,75.38,128653
2021-03-04T05:00:00Z,74.97,75.24,72.34,73.57,217091
2021-03-03T05:00:00Z,75.63,76.08,75.1,75.1,81054
2021-03-02T05:00:00Z,75.81,76.515,75.58,75.835,110923
2021-03-01T05:00:00Z,74.74,75.79,74.73,75.425,85419
2021-02-26T05:00:00Z,74.35,74.525,73.16,73.61,136541
2021-02-25T05:00:00Z,76.13,76.21,74.225,74.54,124107
2021-02-24T05:00:00Z,75.64,76.58,75.405,76.3,150612
2021-02-23T05:00:00Z,75.21,75.78,74.2,75.665,84633
2021-02-22T05:00:00Z,74.83,75.635,74.83,75.34,120994
2021-02-19T05:00:00Z,74.13,75.315,74.12,75.04,97721
2021-02-18T05:00:00Z,73.73,74,73.39,73.66,85031
2021-02-17T05:00:00Z,73.82,74.27,73.26,74.185,95329
2021-02-16T05:00:00Z,74.63,74.79,74.13,74.21,62918
2021-02-12T05:00:00Z,73.39,74.365,73.37,74.365,48222
2021-02-11T05:00:00Z,73.755,74,72.96,73.585,94724
2021-02-10T05:00:00Z,74.06,74.145,73.09,73.46,99235
2021-02-09T05:00:00Z,74.16,74.23,73.44,73.58,153185
2021-02-08T05:00:00Z,74.24,74.36,73.95,74.145,143056
2021-02-05T05:00:00Z,73.19,73.605,72.86,73.51,119227
2021-02-04T05:00:00Z,72.37,72.63,71.75,72.32,127323
2021-02-03T05:00:00Z,72.61,72.94,72.295,72.58,155801
2021-02-02T05:00:00Z,72.045,72.76,71.615,72.44,155726
2021-02-01T05:00:00Z,71.345,71.595,70.335,71.525,122629
2021-01-29T05:00:00Z,71.84,72.105,70.285,70.655,267561
2021-01-28T05:00:00Z,71.515,72.455,71.5,72.07,137352
2021-01-27T05:00:00Z,71.5,71.655,70.02,70.77,189107
2021-01-26T05:00:00Z,74.49,74.72,72.965,73,98485
2021-01-25T05:00:00Z,74.04,74.245,72.75,73.99,210115
2021-01-22T05:00:00Z,73.84,74.675,73.84,74.435,94245
2021-01-21T05:00:00Z,75.81,75.81,74.715,74.8,172544
2021-01-20T05:00:00Z,75.98,76.045,75.565,75.89,75524
2021-01-19T05:00:00Z,76.1,76.1,75.295,75.6,86885
2021-01-15T05:00:00Z,75.65,75.78,74.61,75.33,104774
2021-01-14T05:00:00Z,76.84,76.99,76.345,76.415,112163
2021-01-13T05:00:00Z,77.34,77.55,76.38,76.72,76334
2021-01-12T05:00:00Z,76.56,77.745,76.225,77.53,88465
2021-01-11T05:00:00Z,75.13,76.82,75.13,76.54,89526
2021-01-08T05:00:00Z,77,77.065,75.59,76.57,133440
2021-01-07T05:00:00Z,76.79,77.39,76.605,76.91,239688
2021-01-06T05:00:00Z,74.12,76.84,74.12,76.27,536659
2021-01-05T05:00:00Z,71.93,73.485,71.84,73.295,166504
2021-01-04T05:00:00Z,73.08,73.345,71.305,71.69,127894
2020-12-31T05:00:00Z,72.11,72.505,71.635,72.445,101474
2020-12-30T05:00:00Z,71.395,72.24,71.395,72.09,48128
2020-12-29T05:00:00Z,71.69,71.785,70.79,71.125,35505
2020-12-28T05:00:00Z,72.23,72.32,71.275,71.275,31284
2020-12-24T05:00:00Z,71.22,71.57,70.93,71.565,14188
2020-12-23T05:00:00Z,71.62,71.865,71.14,71.14,91207
2020-12-22T05:00:00Z,71.49,71.49,70.93,71.09,49416
2020-12-21T05:00:00Z,70.5,71.625,70.015,71.48,83356
2020-12-18T05:00:00Z,72.03,72.38,71.36,72.2,94120
2020-12-17T05:00:00Z,71.78,71.94,71.49,71.875,79363
2020-12-16T05:00:00Z,71.47,71.49,70.8,71.03,63050
2020-12-15T05:00:00Z,70.73,71.43,70.495,71.265,73407
2020-12-14T05:00:00Z,71.58,71.61,70.035,70.045,55546
2020-12-11T05:00:00Z,70.67,71.22,70.37,70.905,121672
2020-12-10T05:00:00Z,71.3,71.92,71.085,71.345,45107
2020-12-09T05:00:00Z,71.99,72.13,71.13,71.835,92116
2020-12-08T05:00:00Z,70.93,71.83,70.91,71.685,54520
2020-12-07T05:00:00Z,71.75,71.94,71.075,71.335,61411
2020-12-04T05:00:00Z,70.64,71.775,70.64,71.775,53215
2020-12-03T05:00:00Z,71.05,71.28,70.225,70.325,57172
2020-12-02T05:00:00Z,71.46,71.77,70.73,70.875,104799
2020-12-01T05:00:00Z,72.23,72.23,71.475,71.82,50644
2020-11-30T05:00:00Z,71.46,71.51,70.645,71.065,34532
2020-11-27T05:00:00Z,71.67,71.92,71.395,71.68,15279
2020-11-25T05:00:00Z,71.63,71.775,71.25,71.355,34384
2020-11-24T05:00:00Z,70.94,72.25,70.935,72.11,72050
2020-11-23T05:00:00Z,70.35,70.77,70.035,70.375,52053
2020-11-20T05:00:00Z,69.75,70.05,69.45,69.715,72034
2020-11-19T05:00:00Z,69.29,69.92,68.835,69.855,82039
2020-11-18T05:00:00Z,70.335,70.515,69.615,69.63,80341
2020-11-17T05:00:00Z,69.78,70.265,69.24,70.105,76577
2020-11-16T05:00:00Z,69.96,70.455,69.66,70.32,73963
2020-11-13T05:00:00Z,68.725,69.2,68.51,69.035,87824
2020-11-12T05:00:00Z,68.82,69.005,67.43,67.845,48747
2020-11-11T05:00:00Z,70.09,70.09,68.875,69.315,57570
2020-11-10T05:00:00Z,69.835,70.47,69.765,70.265,225851
2020-11-09T05:00:00Z,71.51,72.32,69.43,69.51,91433
2020-11-06T05:00:00Z,68.17,68.59,67.745,67.975,42061
2020-11-05T05:00:00Z,66.715,68.315,66.63,67.895,98710
2020-11-04T05:00:00Z,65.9,66.39,64.64,65.17,233805
2020-11-03T05:00:00Z,66.08,66.64,65.63,66.285,106969
2020-11-02T05:00:00Z,64.29,65.495,63.97,65.245,46735
2020-10-30T04:00:00Z,62.96,63.42,62.23,63.165,61131
2020-10-29T04:00:00Z,61.96,63.645,61.56,63.255,72154
2020-10-28T04:00:00Z,62.18,62.78,61.7,61.935,78258
2020-10-27T04:00:00Z,64.36,64.44,63.705,63.755,59873
2020-10-26T04:00:00Z,65.085,65.15,63.85,64.345,68555
2020-10-23T04:00:00Z,66.29,66.39,65.69,65.935,39522
2020-10-22T04:00:00Z,65.41,65.835,64.74,65.72,35068
2020-10-21T04:00:00Z,65.75,66.4,65.455,65.465,24507
2020-10-20T04:00:00Z,65.85,66.34,65.48,65.68,49662
2020-10-19T04:00:00Z,66.47,66.7,65.34,65.5,43940
2020-10-16T04:00:00Z,66.33,66.56,66.03,66.275,40100
2020-10-15T04:00:00Z,65.05,65.875,65.03,65.845,45437
2020-10-14T04:00:00Z,65.9,66.42,65.81,66.025,34153
2020-10-13T04:00:00Z,65.91,66.2,65.585,65.805,60416
2020-10-12T04:00:00Z,66.84,66.96,66.37,66.395,50735
2020-10-09T04:00:00Z,66.68,66.78,66.115,66.535,45408
2020-10-08T04:00:00Z,65.93,66.225,65.665,66.01,68594
2020-10-07T04:00:00Z,64.84,65.48,64.69,65.34,46124
2020-10-06T04:00:00Z,64.86,65.365,63.59,63.66,142779
2020-10-05T04:00:00Z,63.83,64.93,63.83,64.48,115180
2020-10-02T04:00:00Z,61.9,63.78,61.9,63.28,154452
2020-10-01T04:00:00Z,64.15,64.24,62.535,62.755,120840
2020-09-30T04:00:00Z,63.23,64.155,63.185,63.66,102082
2020-09-29T04:00:00Z,63.525,63.67,62.84,62.965,56897
2020-09-28T04:00:00Z,63.45,63.985,63.135,63.39,73356
2020-09-25T04:00:00Z,61.25,62.64,61.23,62.46,66386
2020-09-24T04:00:00Z,61.355,62.525,60.95,61.915,137775
2020-09-23T04:00:00Z,63.05,63.26,61.425,61.465,58319
2020-09-22T04:00:00Z,63.27,63.47,62.825,63.33,56873
2020-09-21T04:00:00Z,63.91,64.15,62.51,63.165,88329
2020-09-18T04:00:00Z,66.75,66.93,65.675,65.73,180537
2020-09-17T04:00:00Z,65.6,66.975,65.39,66.865,93276
2020-09-16T04:00:00Z,66.4,67.12,66.2,66.385,74480
2020-09-15T04:00:00Z,66.58,66.75,66.31,66.33,74382
2020-09-14T04:00:00Z,65.59,66.185,65.36,66.045,117175
2020-09-11T04:00:00Z,64.83,65.37,64.48,65.085,88659
2020-09-10T04:00:00Z,65.145,65.41,64.15,64.315,110267
2020-09-09T04:00:00Z,64.04,65.26,64.015,64.83,164681
2020-09-08T04:00:00Z,63.665,63.845,62.79,63.205,170846
2020-09-04T04:00:00Z,64.94,65.11,63.54,64.515,159862
2020-09-03T04:00:00Z,65.99,66.09,63.725,64.435,176619
2020-09-02T04:00:00Z,64.845,66.32,64.625,66.26,141924
2020-09-01T04:00:00Z,62.76,64.76,62.75,64.76,134597
2020-08-31T04:00:00Z,63.75,63.8,63.045,63.105,74708
2020-08-28T04:00:00Z,63.425,64.025,63.29,63.975,77569
2020-08-27T04:00:00Z,63.59,63.61,63.05,63.215,38733
2020-08-26T04:00:00Z,62.65,63.5,62.535,63.335,61324
2020-08-25T04:00:00Z,63.15,63.345,62.475,62.755,40768
2020-08-24T04:00:00Z,62.54,62.99,62.485,62.895,77852
2020-08-21T04:00:00Z,61.78,61.985,61.555,61.9,67798
2020-08-20T04:00:00Z,61.95,62.29,61.935,62.235,28705
2020-08-19T04:00:00Z,62.78,63.005,62.3,62.47,37431
2020-08-18T04:00:00Z,63.15,63.175,62.605,62.675,52398
2020-08-17T04:00:00Z,63.2,63.21,62.655,62.885,30298
2020-08-14T04:00:00Z,62.31,62.845,62.21,62.64,16461
2020-08-13T04:00:00Z,62.35,62.785,62.34,62.535,45244
2020-08-12T04:00:00Z,63,63,62.425,62.6,22694
2020-08-11T04:00:00Z,62.8,63.18,62.08,62.175,52983
2020-08-10T04:00:00Z,61.79,62.295,61.76,62.295,33874
2020-08-07T04:00:00Z,60.95,61.705,60.93,61.645,49386
2020-08-06T04:00:00Z,61.405,61.835,61.27,61.485,66968
2020-08-05T04:00:00Z,61.39,62.385,61.39,61.775,58521
2020-08-04T04:00:00Z,59.84,61.005,59.66,60.83,82590
2020-08-03T04:00:00Z,60.6,60.64,60.03,60.035,60389
2020-07-31T04:00:00Z,60.45,60.455,59.605,60.395,82167
2020-07-30T04:00:00Z,60.41,60.7,59.8,60.3,116546
2020-07-29T04:00:00Z,61.28,61.65,61.125,61.475,63024
2020-07-28T04:00:00Z,62,62.07,60.935,61.025,63626
2020-07-27T04:00:00Z,61.88,62.555,61.68,62.335,43900
