2024-06-14T04:00:00Z,88.53,88.585,87.69,88.04,456514
2024-06-13T04:00:00Z,89.295,89.44,88.25,88.69,413210
2024-06-12T04:00:00Z,91.215,91.225,89.075,89.49,378478
2024-06-11T04:00:00Z,90.25,90.585,89.5,90.51,225977
2024-06-10T04:00:00Z,90.26,91.2,90,90.69,274177
2024-06-07T04:00:00Z,89.93,91.015,89.555,90.01,324271
2024-06-06T04:00:00Z,89.5,90.38,89.28,90.38,362955
2024-06-05T04:00:00Z,89.895,90.13,89.345,89.9,371732
2024-06-04T04:00:00Z,89.7,89.96,88.7,89.89,505384
2024-06-03T04:00:00Z,92.7,92.73,90.09,90.75,417047
2024-05-31T04:00:00Z,91.16,93.26,91.01,93.2,482071
2024-05-30T04:00:00Z,90.6,91.255,90.585,90.93,269114
2024-05-29T04:00:00Z,92.015,92.085,90.27,90.71,500323
2024-05-28T04:00:00Z,91.64,92.55,91.455,92.35,337371
2024-05-24T04:00:00Z,91.94,92.185,91.115,91.39,341262
2024-05-23T04:00:00Z,92.4,92.86,91.085,91.25,421934
2024-05-22T04:00:00Z,93.46,93.46,91.715,92.12,557118
2024-05-21T04:00:00Z,94.255,94.855,93.81,93.875,323238
2024-05-20T04:00:00Z,95.09,95.175,94.11,94.35,241461
2024-05-17T04:00:00Z,93.9,95.08,93.805,94.98,466085
2024-05-16T04:00:00Z,93.77,94.375,93.42,93.645,316611
2024-05-15T04:00:00Z,93.57,94.07,92.13,93.87,435399
2024-05-14T04:00:00Z,93.55,93.74,93.02,93.68,395399
2024-05-13T04:00:00Z,94.3,94.36,93.2,93.6,267797
2024-05-10T04:00:00Z,94.65,94.76,93.58,93.82,316027
2024-05-09T04:00:00Z,93.38,94.345,93.21,94.335,279620
2024-05-08T04:00:00Z,92.68,93.54,92.53,93.1,276403
2024-05-07T04:00:00Z,93.58,93.88,93.195,93.235,249432
2024-05-06T04:00:00Z,92.975,94.23,92.975,93.325,514300
2024-05-03T04:00:00Z,92.685,92.71,91.355,92.56,470744
2024-05-02T04:00:00Z,92.55,93.11,92.13,92.58,438513
2024-05-01T04:00:00Z,93.29,93.66,91.54,92.05,669091
2024-04-30T04:00:00Z,95.815,96.12,93.48,93.54,414807
2024-04-29T04:00:00Z,95.59,96.565,95.59,96.39,276554
2024-04-26T04:00:00Z,95.67,96.105,94.765,95.74,379122
2024-04-25T04:00:00Z,96.345,96.91,95.295,96.67,265676
2024-04-24T04:00:00Z,95.705,96.295,95.09,96.2,209988
2024-04-23T04:00:00Z,95.14,96.09,94.69,96.06,328832
2024-04-22T04:00:00Z,94.44,96.235,93.72,95.57,360916
2024-04-19T04:00:00Z,94.04,95.605,93.885,94.955,496064
2024-04-18T04:00:00Z,94.46,94.7,93.54,93.87,310790
2024-04-17T04:00:00Z,94.3,95.125,93.48,94.09,273646
2024-04-16T04:00:00Z,95.095,95.45,93.73,94.42,538737
2024-04-15T04:00:00Z,96.73,97.025,95.125,95.26,513962
2024-04-12T04:00:00Z,98.47,98.955,95.67,96.115,561351
2024-04-11T04:00:00Z,98.11,98.11,96.335,97.64,420084
2024-04-10T04:00:00Z,97.19,98.13,96.8,97.815,484146
2024-04-09T04:00:00Z,97.9,98.14,96.79,97.485,367753
2024-04-08T04:00:00Z,98.12,98.41,97.3,97.46,471696
2024-04-05T04:00:00Z,97.405,98.46,96.86,98.06,469201
2024-04-04T04:00:00Z,97.275,97.585,96.665,97.03,546149
2024-04-03T04:00:00Z,96.785,97.225,96.51,97.115,416921
2024-04-02T04:00:00Z,95.71,96.515,95.1,96.46,524576
2024-04-01T04:00:00Z,94.63,95.39,93.78,95.13,619092
2024-03-28T04:00:00Z,93.94,94.57,93.5,94.375,2494093
2024-03-27T04:00:00Z,92.4,93.415,92.23,93.405,3643249
2024-03-26T04:00:00Z,93.345,93.545,92.36,92.52,1869953
2024-03-25T04:00:00Z,92.835,93.87,92.835,93.22,1516726
2024-03-22T04:00:00Z,92.69,92.77,92.19,92.36,228341
2024-03-21T04:00:00Z,92.035,92.78,91.93,92.57,279557
2024-03-20T04:00:00Z,91.685,92.38,91.52,92.08,428989
2024-03-19T04:00:00Z,91.23,92.245,91.15,92.17,432479
2024-03-18T04:00:00Z,91.305,91.455,90.435,91.165,304838
2024-03-15T04:00:00Z,91.07,92.21,91.07,91.555,571545
2024-03-14T04:00:00Z,90.685,91.32,90.37,91.31,487833
2024-03-13T04:00:00Z,89.875,90.84,89.875,90.33,507591
2024-03-12T04:00:00Z,89.015,89.295,88.485,88.93,251611
2024-03-11T04:00:00Z,88.03,89.105,87.53,89.07,279554
2024-03-08T05:00:00Z,87.67,88.185,87.55,88.18,371019
2024-03-07T05:00:00Z,87.24,88.345,87.175,87.83,413886
2024-03-06T05:00:00Z,87.57,88.03,86.94,87.13,343709
2024-03-05T05:00:00Z,86.1,87.4,85.975,86.85,462636
2024-03-04T05:00:00Z,87.11,87.305,86.125,86.22,392433
2024-03-01T05:00:00Z,86.765,87.535,86.66,87.11,455421
2024-02-29T05:00:00Z,85.985,86.415,85.68,86.07,354336
2024-02-28T05:00:00Z,86,86.64,85.38,85.72,383479
2024-02-27T05:00:00Z,86.48,86.69,85.465,85.895,312200
2024-02-26T05:00:00Z,85.79,86.825,85.45,86.26,315573
2024-02-23T05:00:00Z,85.67,86.235,85.16,85.985,441476
2024-02-22T05:00:00Z,85.77,86.88,85.43,86.485,456753
2024-02-21T05:00:00Z,85.11,86.45,85.1,86.36,338061
2024-02-20T05:00:00Z,85.665,85.69,84.685,84.8,314559
2024-02-16T05:00:00Z,85.92,86.24,85.37,85.57,460795
2024-02-15T05:00:00Z,83.34,85.84,83.235,85.59,676776
2024-02-14T05:00:00Z,83.91,84.245,82.86,83.335,364670
2024-02-13T05:00:00Z,84.405,84.59,82.84,83.45,372100
2024-02-12T05:00:00Z,83.67,84.46,83.67,84.23,298304
2024-02-09T05:00:00Z,84.645,85.11,83.225,83.325,346821
2024-02-08T05:00:00Z,83.76,84.915,83.7,84.635,368357
2024-02-07T05:00:00Z,83.8,84.15,83.08,83.735,297704
2024-02-06T05:00:00Z,83.62,84.39,83.23,83.62,294672
2024-02-05T05:00:00Z,82.995,83.795,82.415,83.3,341653
2024-02-02T05:00:00Z,84.02,84.11,82.83,83.5,450953
2024-02-01T05:00:00Z,83.87,84.295,82.655,83.37,581290
2024-01-31T05:00:00Z,85.105,85.13,83.37,83.38,453837
2024-01-30T05:00:00Z,83.18,85.02,83.005,84.98,409223
2024-01-29T05:00:00Z,84.18,84.18,83.265,84.12,386136
2024-01-26T05:00:00Z,83.56,84.27,82.925,84.26,459798
2024-01-25T05:00:00Z,82.435,83.65,81.885,83.64,428468
2024-01-24T05:00:00Z,81.08,81.82,80.68,81.81,387303
2024-01-23T05:00:00Z,80.23,81.29,80.225,80.65,234218
2024-01-22T05:00:00Z,80,80.63,79.51,80.42,354140
2024-01-19T05:00:00Z,79.77,80.17,79.59,80.17,440835
2024-01-18T05:00:00Z,80.06,80.13,78.99,79.88,328266
2024-01-17T05:00:00Z,79.77,80.83,79.73,80.06,427549
2024-01-16T05:00:00Z,82.46,82.61,80.675,80.73,376861
2024-01-12T05:00:00Z,83.12,83.315,82.18,82.69,334956
2024-01-11T05:00:00Z,81.89,82.18,81.46,81.67,317494
2024-01-10T05:00:00Z,82.425,82.425,81.235,81.52,363174
2024-01-09T05:00:00Z,83.755,83.81,82.19,82.34,377594
2024-01-08T05:00:00Z,83.18,83.8,82.105,83.75,443958
2024-01-05T05:00:00Z,85.275,85.4,84.31,84.7,246740
2024-01-04T05:00:00Z,86.71,87.06,84.56,84.67,351725
2024-01-03T05:00:00Z,84.7,86.42,84.44,86.1,418043
2024-01-02T05:00:00Z,84.39,85.51,84.37,84.8,339565
2023-12-29T05:00:00Z,84.18,84.37,83.61,83.82,242661
2023-12-28T05:00:00Z,84.9,85.2,84.005,84.03,283480
2023-12-27T05:00:00Z,85.525,85.995,85.025,85.3,203147
2023-12-26T05:00:00Z,85.67,86.155,85.45,85.74,211995
2023-12-22T05:00:00Z,85.32,85.7,84.845,84.97,188442
2023-12-21T05:00:00Z,84.61,84.85,83.94,84.75,225401
2023-12-20T05:00:00Z,85.44,85.985,84.305,84.43,394802
2023-12-19T05:00:00Z,84.405,85.275,84.18,85.21,362854
2023-12-18T05:00:00Z,84.805,85.38,84.11,84.18,450594
2023-12-15T05:00:00Z,83.935,84.43,83.62,84.26,511813
2023-12-14T05:00:00Z,83.245,84.86,83.23,84.77,1035185
2023-12-13T05:00:00Z,81.3,82.355,80.875,82.31,712157
2023-12-12T05:00:00Z,81.58,81.65,80.745,81.185,508135
2023-12-11T05:00:00Z,82.24,82.585,81.925,82.355,323543
2023-12-08T05:00:00Z,81.8,82.47,81.74,82.23,352770
2023-12-07T05:00:00Z,82.365,82.69,81.06,81.35,426350
2023-12-06T05:00:00Z,82.605,83.18,81.61,81.86,603564
2023-12-05T05:00:00Z,84.61,84.61,83.1,83.2,390725
2023-12-04T05:00:00Z,84.295,85.15,84.06,84.6,401987
2023-12-01T05:00:00Z,84.42,86.02,84.16,85.005,368288
2023-11-30T05:00:00Z,84.77,85.79,83.57,84.53,433460
2023-11-29T05:00:00Z,85.23,85.23,83.75,84.015,355593
2023-11-28T05:00:00Z,84.905,85.42,84.515,84.65,244186
2023-11-27T05:00:00Z,84.57,84.775,83.85,84.63,212843
2023-11-24T05:00:00Z,84.55,85.54,84.55,84.95,128582
2023-11-22T05:00:00Z,82.93,84.645,82.48,84.55,294876
2023-11-21T05:00:00Z,84.53,84.77,83.815,84.62,287695
2023-11-20T05:00:00Z,85.12,85.52,84.795,84.815,262274
2023-11-17T05:00:00Z,83.7,85.23,83.49,84.68,531206
2023-11-16T05:00:00Z,83.88,84.09,82.105,82.96,599902
2023-11-15T05:00:00Z,84.6,85.635,84.48,84.58,453052
2023-11-14T05:00:00Z,84.41,84.985,84.22,84.77,395042
2023-11-13T05:00:00Z,83.54,84.175,83.3,84.01,360399
2023-11-10T05:00:00Z,83.37,83.59,82.63,83.42,377089
2023-11-09T05:00:00Z,83.32,83.535,82.46,82.48,456540
2023-11-08T05:00:00Z,83.42,84.02,82.72,82.76,524047
2023-11-07T05:00:00Z,84.5,84.57,83.44,83.82,641848
2023-11-06T05:00:00Z,87.23,87.3,85.46,85.72,400798
2023-11-03T04:00:00Z,87.28,87.66,86.16,86.72,431562
2023-11-02T04:00:00Z,85.04,87.635,84.75,87.565,781444
2023-11-01T04:00:00Z,85.58,86.18,84.89,84.99,599434
2023-10-31T04:00:00Z,85.03,85.355,84.16,85.2,411279
2023-10-30T04:00:00Z,85.03,85.53,84.095,84.91,487679
2023-10-27T04:00:00Z,86.55,86.87,84.35,84.66,545378
2023-10-26T04:00:00Z,86.52,87.105,85.85,86.72,515043
2023-10-25T04:00:00Z,87.67,88.06,86.96,87.37,411542
2023-10-24T04:00:00Z,89.035,89.04,87.52,87.52,480698
2023-10-23T04:00:00Z,89.58,89.71,88.395,88.8,419236
2023-10-20T04:00:00Z,91.58,91.955,89.95,90.235,526425
2023-10-19T04:00:00Z,91.64,92.56,90.79,91.82,551893
2023-10-18T04:00:00Z,91.57,92.33,91.31,91.94,588532
2023-10-17T04:00:00Z,90.17,91.39,90.17,91.14,543050
2023-10-16T04:00:00Z,90.22,90.45,89.33,90.19,377242
2023-10-13T04:00:00Z,89.08,90.015,88.72,89.55,788364
2023-10-12T04:00:00Z,88.48,88.54,87.26,87.67,427836
2023-10-11T04:00:00Z,87.585,87.69,86.56,87.64,462787
2023-10-10T04:00:00Z,88.595,89.275,88.17,88.69,606786
2023-10-09T04:00:00Z,88.08,88.95,87.44,88.62,645631
2023-10-06T04:00:00Z,85.33,86.5,84.28,85.69,623622
2023-10-05T04:00:00Z,84.69,85.965,84.68,85.2,461105
2023-10-04T04:00:00Z,87.23,87.33,84.92,85.6,596996
2023-10-03T04:00:00Z,88.21,88.69,87.66,88.57,491091
2023-10-02T04:00:00Z,90.425,90.475,87.985,88.64,519249
2023-09-29T04:00:00Z,92.17,92.17,90.05,90.42,503218
2023-09-28T04:00:00Z,91.86,92.77,91.56,92.21,503006
2023-09-27T04:00:00Z,90.9,92.4,90.66,92.14,557773
2023-09-26T04:00:00Z,89.645,90.43,89.51,89.91,329746
2023-09-25T04:00:00Z,89.28,90.54,89.26,90.395,328573
2023-09-22T04:00:00Z,89.83,90.41,89.24,89.27,492132
2023-09-21T04:00:00Z,90.91,91.21,89.02,89.15,493953
2023-09-20T04:00:00Z,90.87,91.83,90.34,90.38,351020
2023-09-19T04:00:00Z,92.84,92.93,90.71,91.22,371197
2023-09-18T04:00:00Z,92.205,92.545,91.48,92.075,338207
2023-09-15T04:00:00Z,92.67,93.41,92.05,92.11,527436
2023-09-14T04:00:00Z,93.155,93.67,92.98,93.355,498097
2023-09-13T04:00:00Z,93.13,93.235,91.83,92.24,384023
2023-09-12T04:00:00Z,91.72,93.075,91.685,92.96,1020409
2023-09-11T04:00:00Z,92.65,92.995,90.47,90.9,549015
2023-09-08T04:00:00Z,91.64,92.7,91.56,92.08,354315
2023-09-07T04:00:00Z,91.34,91.9,91.025,91.17,287910
2023-09-06T04:00:00Z,91.04,91.725,90.6,91.26,267886
2023-09-05T04:00:00Z,91.2,92.14,91.195,91.22,525182
2023-09-01T04:00:00Z,89.91,90.835,89.905,90.71,386225
2023-08-31T04:00:00Z,89.19,89.19,88.31,88.88,190924
2023-08-30T04:00:00Z,88.77,89.015,88.52,88.81,326241
2023-08-29T04:00:00Z,88.43,88.5,87.59,88.45,236158
2023-08-28T04:00:00Z,87.92,88.815,87.67,88.16,227192
2023-08-25T04:00:00Z,87.39,88.03,86.52,87.56,294875
2023-08-24T04:00:00Z,86.6,87.67,86.505,86.68,287448
2023-08-23T04:00:00Z,86.67,87.385,85.88,87.32,415465
2023-08-22T04:00:00Z,88.44,88.65,87.515,87.55,282839
2023-08-21T04:00:00Z,89.21,89.52,87.68,88.21,221196
2023-08-18T04:00:00Z,87.25,88.91,87.22,88.78,502256
2023-08-17T04:00:00Z,88.17,89.125,87.925,87.96,445902
2023-08-16T04:00:00Z,87.86,88.66,86.85,86.91,273399
2023-08-15T04:00:00Z,88.95,88.99,87.5,87.61,532599
2023-08-14T04:00:00Z,89.77,89.85,88.945,89.58,207532
2023-08-11T04:00:00Z,88.51,90,88.51,89.94,398409
2023-08-10T04:00:00Z,88.79,89.645,87.95,88.53,368659
2023-08-09T04:00:00Z,88.17,89.35,87.77,88.51,447758
2023-08-08T04:00:00Z,85.66,87.485,84.97,87.44,291254
2023-08-07T04:00:00Z,87.29,87.57,86.765,87.02,241291
2023-08-04T04:00:00Z,87.45,88.23,86.825,86.86,524798
2023-08-03T04:00:00Z,86.155,87.58,85.72,86.775,378981
2023-08-02T04:00:00Z,86.465,86.915,85.22,85.935,416244
2023-08-01T04:00:00Z,87.12,87.28,86.15,87.08,308212
2023-07-31T04:00:00Z,86.55,87.71,86.5,87.475,359919
2023-07-28T04:00:00Z,85.6,85.865,84.615,85.82,290332
2023-07-27T04:00:00Z,86.615,86.95,85.355,85.59,359428
2023-07-26T04:00:00Z,85.36,86.46,85.35,86.11,276476
2023-07-25T04:00:00Z,85.49,86.6,85.1,86.17,296331
2023-07-24T04:00:00Z,84.79,86.27,84.78,85.69,377251
2023-07-21T04:00:00Z,83.84,84.32,83.35,84.29,265033
2023-07-20T04:00:00Z,83.29,83.73,82.885,83.57,323212
2023-07-19T04:00:00Z,82.07,83.15,81.93,82.56,271402
2023-07-18T04:00:00Z,81.04,82.94,80.99,82.14,351294
2023-07-17T04:00:00Z,81.17,81.605,80.935,81.28,172409
2023-07-14T04:00:00Z,83.06,83.07,81.28,81.36,336834
2023-07-13T04:00:00Z,83.91,84.485,82.895,83.6,372946
2023-07-12T04:00:00Z,83.88,84.43,83.465,83.95,417451
2023-07-11T04:00:00Z,81.78,83.335,81.68,83.2,385321
2023-07-10T04:00:00Z,80.6,81.58,80.55,81.39,313357
2023-07-07T04:00:00Z,78.77,81.52,78.66,80.845,421166
2023-07-06T04:00:00Z,80.09,80.565,78.52,79.1,300449
2023-07-05T04:00:00Z,81.7,81.71,80.46,80.955,216698
2023-07-03T04:00:00Z,81.27,81.96,81.08,81.36,136065
2023-06-30T04:00:00Z,81.25,81.57,80.65,81.12,270413
2023-06-29T04:00:00Z,79.94,80.65,79.6,80.65,149262
2023-06-28T04:00:00Z,78.97,79.8,78.17,79.72,164629
2023-06-27T04:00:00Z,78.65,79.27,78.305,78.94,212967
2023-06-26T04:00:00Z,77.36,79.185,77.35,78.74,338123
2023-06-23T04:00:00Z,77,77.56,76.73,77.36,439762
2023-06-22T04:00:00Z,78.25,78.34,77.67,77.945,212450
2023-06-21T04:00:00Z,78.09,79.64,77.96,79.01,271723
2023-06-20T04:00:00Z,79.65,79.68,77.78,78.365,382412
2023-06-16T04:00:00Z,81.245,81.51,80.625,80.87,348946
2023-06-15T04:00:00Z,80.26,81.58,80.23,80.885,577625
2023-06-14T04:00:00Z,81.74,82.02,79.5,80.09,466769
2023-06-13T04:00:00Z,81.33,82.5,80.895,80.955,340619
2023-06-12T04:00:00Z,80.16,81.345,80.005,80.55,297746
2023-06-09T04:00:00Z,81.895,82.115,81.11,81.34,268666
2023-06-08T04:00:00Z,82.2,82.44,80.43,81.79,395157
2023-06-07T04:00:00Z,80.45,82.23,80.38,82.16,859952
2023-06-06T04:00:00Z,78.285,80.07,78.255,80,291137
2023-06-05T04:00:00Z,81.08,81.08,79.24,79.4,359119
2023-06-02T04:00:00Z,78.935,80.27,78.46,79.88,582756
2023-06-01T04:00:00Z,76.74,78.41,76.27,77.54,424710
2023-05-31T04:00:00Z,76.79,77.28,76.335,76.59,383121
2023-05-30T04:00:00Z,77.46,78.045,77.12,77.99,371659
2023-05-26T04:00:00Z,79.68,79.77,78.39,78.735,169270
2023-05-25T04:00:00Z,79.16,79.46,78.35,79.05,234465
2023-05-24T04:00:00Z,80.71,81.12,79.84,80.53,233574
2023-05-23T04:00:00Z,79.96,81.065,79.87,80.105,325615
2023-05-22T04:00:00Z,79.41,80.11,79.2,79.31,222680
2023-05-19T04:00:00Z,79.8,80.235,79.2,79.59,337676
2023-05-18T04:00:00Z,78.04,79.11,77.59,79.015,315626
2023-05-17T04:00:00Z,77.755,78.87,77.21,78.49,316270
2023-05-16T04:00:00Z,78.57,78.88,76.87,76.905,273140
2023-05-15T04:00:00Z,78.87,79.37,78.27,78.92,199419
2023-05-12T04:00:00Z,79.04,79.31,77.97,78.55,243948
2023-05-11T04:00:00Z,78.35,78.775,77.83,78.42,286912
2023-05-10T04:00:00Z,80.68,80.77,78.76,79.36,297058
2023-05-09T04:00:00Z,79.52,81.005,79.43,80.25,236030
2023-05-08T04:00:00Z,81.57,81.71,80.22,80.25,270478
2023-05-05T04:00:00Z,80.12,80.84,79.98,80.23,309538
2023-05-04T04:00:00Z,79.08,79.79,77.885,78.06,507961
2023-05-03T04:00:00Z,79.43,80.4,78.965,79.01,536578
2023-05-02T04:00:00Z,83.26,83.26,79.765,80.51,566762
2023-05-01T04:00:00Z,84.04,85.055,83.745,84.15,229514
2023-04-28T04:00:00Z,83.54,85.59,83.24,85.12,302641
2023-04-27T04:00:00Z,83.41,84.03,82.73,83.825,191244
2023-04-26T04:00:00Z,84.38,84.83,83.035,83.525,592121
2023-04-25T04:00:00Z,85.36,85.56,84.17,84.62,204885
2023-04-24T04:00:00Z,84.835,86.675,84.805,86.235,270556
2023-04-21T04:00:00Z,85.78,85.78,84.6,84.97,260745
2023-04-20T04:00:00Z,85.18,85.495,84.445,85.485,220416
2023-04-19T04:00:00Z,85.85,86.29,85.29,86.26,315857
2023-04-18T04:00:00Z,85.9,86.74,85.58,86.51,209966
2023-04-17T04:00:00Z,87.14,87.28,85.9,86.18,186461
2023-04-14T04:00:00Z,87.49,87.725,86.75,87.26,160789
2023-04-13T04:00:00Z,86.4,87.29,86.26,87.08,269066
2023-04-12T04:00:00Z,86.99,87.23,86.3,86.54,196824
2023-04-11T04:00:00Z,86.12,87.005,85.66,86.48,235121
2023-04-10T04:00:00Z,85.375,86.59,85.375,85.7,231960
2023-04-06T04:00:00Z,86.155,86.21,84.81,84.99,213963
2023-04-05T04:00:00Z,85.185,86.265,84.52,86.23,312906
2023-04-04T04:00:00Z,86.74,86.78,84.25,85.03,447881
2023-04-03T04:00:00Z,86.3,87.135,85.89,86.6,500002
2023-03-31T04:00:00Z,82.45,82.955,82.2,82.77,258017
2023-03-30T04:00:00Z,82.62,82.7,81.785,82.22,203015
2023-03-29T04:00:00Z,81.7,81.985,81.1,81.9,255333
2023-03-28T04:00:00Z,79.305,81.12,79.07,80.745,293571
2023-03-27T04:00:00Z,78.79,79.985,78.095,79.49,487321
2023-03-24T04:00:00Z,76.165,78.19,75.805,77.905,385939
2023-03-23T04:00:00Z,79.04,79.79,76.84,77.59,349825
2023-03-22T04:00:00Z,80.475,80.79,78.65,78.65,381475
2023-03-21T04:00:00Z,79.405,80.63,79.065,80.37,495331
2023-03-20T04:00:00Z,76.285,78.195,76.23,77.72,520054
2023-03-17T04:00:00Z,78.14,78.39,76.36,76.93,607933
2023-03-16T04:00:00Z,75.645,78.395,75.36,78.21,722978
2023-03-15T04:00:00Z,78.61,79.335,76.24,77.4,1070324
2023-03-14T04:00:00Z,81.08,83.56,80.32,81.73,631746
2023-03-13T04:00:00Z,80.53,82.39,79.11,80.95,1058475
2023-03-10T05:00:00Z,83.72,84.86,82.165,82.58,516410
2023-03-09T05:00:00Z,85.47,86.57,83.68,83.74,327323
2023-03-08T05:00:00Z,85.5,86.48,84.1,84.93,322734
2023-03-07T05:00:00Z,86.81,86.93,85.57,85.81,376223
2023-03-06T05:00:00Z,86.71,87.42,86.44,87.335,382414
2023-03-03T05:00:00Z,85.12,87.685,85.005,87.37,459441
2023-03-02T05:00:00Z,85.11,86.395,84.93,86.12,323620
2023-03-01T05:00:00Z,83.66,85.76,83.5,85.37,465058
2023-02-28T05:00:00Z,85.7,85.7,83.63,83.63,439179
2023-02-27T05:00:00Z,84.96,85.27,84.22,84.95,235603
2023-02-24T05:00:00Z,83.6,84.78,83.04,84.66,367393
2023-02-23T05:00:00Z,84.83,85.21,83.71,84.62,291865
2023-02-22T05:00:00Z,83.91,84.625,82.8,83.55,860420
2023-02-21T05:00:00Z,84.3,85,83.915,84.12,420491
2023-02-17T05:00:00Z,86.21,86.275,84.13,84.46,581451
2023-02-16T05:00:00Z,88.14,88.755,87.53,87.62,423624
2023-02-15T05:00:00Z,89.03,89.06,87.36,88.45,418356
2023-02-14T05:00:00Z,89.25,90.665,89.03,90.01,301882
2023-02-13T05:00:00Z,89.72,90.32,88.9,90.01,400302
2023-02-10T05:00:00Z,88.33,90.37,88.28,90.22,440804
2023-02-09T05:00:00Z,87.66,87.845,86.75,86.86,292365
2023-02-08T05:00:00Z,88.28,88.69,87.06,87.56,268648
2023-02-07T05:00:00Z,86.215,88.465,85.72,88.28,367579
2023-02-06T05:00:00Z,86.125,86.6,84.52,85.64,291377
2023-02-03T05:00:00Z,86.53,87.9,85.87,86.005,439663
2023-02-02T05:00:00Z,87.92,87.94,85.215,86.175,497704
2023-02-01T05:00:00Z,89.505,89.81,87,88.19,485728
2023-01-31T05:00:00Z,88.7,90.055,87.94,89.87,285426
2023-01-30T05:00:00Z,90.54,90.69,89.015,89.18,294689
2023-01-27T05:00:00Z,92.55,93.06,91.11,91.24,251013
2023-01-26T05:00:00Z,91.68,93.15,90.61,93.09,409792
2023-01-25T05:00:00Z,89.82,90.19,88.39,90.19,277925
2023-01-24T05:00:00Z,89.85,90.43,88.46,90.295,264407
2023-01-23T05:00:00Z,91.01,91.58,90.315,90.55,205455
2023-01-20T05:00:00Z,89.78,90.765,88.9,90.63,309104
2023-01-19T05:00:00Z,87.88,89.93,87.85,89.52,330933
2023-01-18T05:00:00Z,90.66,91.545,88.41,88.51,496633
2023-01-17T05:00:00Z,90.28,91.03,89.79,90.09,351393
2023-01-13T05:00:00Z,89.81,90.16,88.8,89.94,323314
2023-01-12T05:00:00Z,88.59,90.39,88.51,89.83,434246
2023-01-11T05:00:00Z,88.77,88.78,87.19,88.13,381211
2023-01-10T05:00:00Z,87.76,88.05,86.49,87.86,295620
2023-01-09T05:00:00Z,88.85,89.005,86.99,87.25,589739
2023-01-06T05:00:00Z,87,88.625,86.905,87.54,414271
2023-01-05T05:00:00Z,84.06,86.395,84.06,86.01,456203
2023-01-04T05:00:00Z,83.095,84.875,82.84,84.39,322982
2023-01-03T05:00:00Z,86.85,87.35,83.36,84.31,489952
2022-12-30T05:00:00Z,86.49,87.63,86.49,87.5,256242
2022-12-29T05:00:00Z,85.68,87.305,85.63,86.9,294442
2022-12-28T05:00:00Z,87.77,87.77,85.77,86.05,295630
2022-12-27T05:00:00Z,87.62,88.35,87.13,88.05,293833
2022-12-23T05:00:00Z,85.44,87.07,85.1,87.06,238857
2022-12-22T05:00:00Z,86.33,86.465,82.695,84.39,415353
2022-12-21T05:00:00Z,86.3,86.73,85.225,86.36,326686
2022-12-20T05:00:00Z,83.52,85.26,83.45,84.79,399769
2022-12-19T05:00:00Z,84.22,84.64,82.88,83.53,562947
2022-12-16T05:00:00Z,83.81,84.73,83.21,84.34,497669
2022-12-15T05:00:00Z,84.88,85.605,83.965,85.43,712341
2022-12-14T05:00:00Z,87.13,87.345,85.165,85.885,418006
2022-12-13T05:00:00Z,86.73,87.16,85.78,86.45,377584
2022-12-12T05:00:00Z,83.16,85.04,82.86,84.865,442139
2022-12-09T05:00:00Z,84.52,85.39,82.66,82.715,592744
2022-12-08T05:00:00Z,87.01,87.19,84.27,84.77,600784
2022-12-07T05:00:00Z,85.27,86.395,84.375,85.11,582712
2022-12-06T05:00:00Z,86.97,88.1,84.74,85.35,865072
2022-12-05T05:00:00Z,91.23,91.49,86.88,87.58,521004
2022-12-02T05:00:00Z,90.18,91.35,89.79,90.3,381578
2022-12-01T05:00:00Z,91.875,92.17,90.55,90.84,381345
2022-11-30T05:00:00Z,91.72,91.82,89.72,91.17,371782
2022-11-29T05:00:00Z,90.455,91.21,90.01,90.66,380614
2022-11-28T05:00:00Z,89.525,90.72,89.065,89.34,535969
2022-11-25T05:00:00Z,92.36,92.91,91.725,91.88,158214
2022-11-23T05:00:00Z,91.67,92.795,91.19,92.17,321830
2022-11-22T05:00:00Z,91.58,93.43,91.15,93.22,659355
2022-11-21T05:00:00Z,89.63,90.62,87.29,90.32,1071160
2022-11-18T05:00:00Z,90.475,91.875,89.53,91.63,432101
2022-11-17T05:00:00Z,90.755,92.43,90.29,92.39,396017
2022-11-16T05:00:00Z,93.19,93.8,91.69,92.14,453935
2022-11-15T05:00:00Z,93.47,94.285,92.845,94.1,441625
2022-11-14T05:00:00Z,92.9,94.69,92.9,93.02,693905
2022-11-11T05:00:00Z,92.235,93.6,92.08,93.26,518953
2022-11-10T05:00:00Z,90.4,90.59,88.53,90.525,772416
2022-11-09T05:00:00Z,91.98,92.06,88.335,88.57,574303
2022-11-08T05:00:00Z,92.9,93.455,91.97,93.05,435184
2022-11-07T05:00:00Z,91.73,93.26,91.49,93,343438
2022-11-04T04:00:00Z,92.415,93,90.15,91.39,807576
2022-11-03T04:00:00Z,87.98,90.82,87.91,90.33,467879
2022-11-02T04:00:00Z,90.5,91.04,88.48,88.69,441543
2022-11-01T04:00:00Z,91.5,91.5,90.34,90.86,348999
2022-10-31T04:00:00Z,88.38,91.17,88.38,89.97,488165
2022-10-28T04:00:00Z,90.05,90.63,87.65,89.29,403755
2022-10-27T04:00:00Z,89.835,90.42,88.68,88.95,335007
2022-10-26T04:00:00Z,87.83,89.32,87.73,88.61,373594
2022-10-25T04:00:00Z,87.055,87.82,86.605,87.44,355350
2022-10-24T04:00:00Z,86.84,87.94,86.45,87.35,504447
2022-10-21T04:00:00Z,84.98,87.1,84.79,86.95,509813
2022-10-20T04:00:00Z,85.02,85.82,84,84.49,531274
2022-10-19T04:00:00Z,82.22,84.7,82.22,84.38,630055
2022-10-18T04:00:00Z,82.15,82.75,80.43,82.02,430629
2022-10-17T04:00:00Z,81.75,82.61,81.07,81.31,364855
2022-10-14T04:00:00Z,82.57,83.61,80.15,80.3,387910
2022-10-13T04:00:00Z,79.16,83.705,79.15,83.32,709889
2022-10-12T04:00:00Z,78.975,80.665,78.465,80.11,465422
2022-10-11T04:00:00Z,78.6,80.85,78.29,79.5,553103
2022-10-10T04:00:00Z,82.04,82.81,79.86,80.08,467969
2022-10-07T04:00:00Z,82.76,83.52,81.21,81.83,561491
2022-10-06T04:00:00Z,80.53,82.69,80.53,82.45,551395
2022-10-05T04:00:00Z,79.27,81.61,78.65,81.05,467491
2022-10-04T04:00:00Z,77.65,79.42,77.03,79.39,564051
2022-10-03T04:00:00Z,74.73,76.48,74.5,76.08,606108
2022-09-30T04:00:00Z,72.02,73.02,71.35,72.02,376534
2022-09-29T04:00:00Z,72.12,72.75,70.8,72.6,518134
2022-09-28T04:00:00Z,70.13,72.985,69.82,72.68,791600
2022-09-27T04:00:00Z,69.96,70.8,69.15,69.56,673056
2022-09-26T04:00:00Z,70.06,70.89,68.66,68.71,460204
2022-09-23T04:00:00Z,72.79,72.85,69.94,70.57,1066877
2022-09-22T04:00:00Z,77.22,77.57,75.64,75.675,914799
2022-09-21T04:00:00Z,78.38,78.65,75.95,75.96,879013
2022-09-20T04:00:00Z,77.12,77.545,76.2,77.15,370122
2022-09-19T04:00:00Z,75.36,77.675,75.3,77.62,274135
2022-09-16T04:00:00Z,79.86,79.95,77.31,78.415,733386
2022-09-15T04:00:00Z,80.77,81.15,79.77,80.15,645232
2022-09-14T04:00:00Z,80.82,82.85,80.82,82.28,547565
2022-09-13T04:00:00Z,81.01,82.12,79.65,80.005,712216
2022-09-12T04:00:00Z,81.82,82.955,81.1,82.085,353266
2022-09-09T04:00:00Z,80.16,80.98,79.455,80.58,356036
2022-09-08T04:00:00Z,78.65,79.02,77.735,78.65,546913
2022-09-07T04:00:00Z,77.44,78.63,76.88,78.325,492778
2022-09-06T04:00:00Z,80.7,80.97,78.9,79.21,385565
2022-09-02T04:00:00Z,80.54,80.99,79.53,80.09,455514
2022-09-01T04:00:00Z,79.28,79.59,77.43,78.565,536575
2022-08-31T04:00:00Z,79.495,81.82,78.98,80.47,435088
2022-08-30T04:00:00Z,82.61,82.62,80.61,81.24,491573
2022-08-29T04:00:00Z,82.82,85.17,82.61,84.08,433210
2022-08-26T04:00:00Z,83.83,84.53,82.48,82.84,324036
2022-08-25T04:00:00Z,83.5,84.23,83.03,83.82,347401
2022-08-24T04:00:00Z,82.2,83.295,81.95,83.17,409691
2022-08-23T04:00:00Z,80.67,82.79,80.58,82.17,461919
2022-08-22T04:00:00Z,78.685,79.795,77.5,79.34,384493
2022-08-19T04:00:00Z,79.19,80.005,78.82,79.51,404099
2022-08-18T04:00:00Z,78.19,79.56,78.19,79.49,529894
2022-08-17T04:00:00Z,76.58,78.14,76.27,77.39,327729
2022-08-16T04:00:00Z,77.25,77.86,76.31,76.76,319697
2022-08-15T04:00:00Z,75.58,77.36,74.97,76.955,381559
2022-08-12T04:00:00Z,77.355,78.51,77.065,78.48,349541
2022-08-11T04:00:00Z,76.64,78.54,76.5,77.89,607397
2022-08-10T04:00:00Z,74.87,75.71,73.44,75.285,305905
2022-08-09T04:00:00Z,74.54,75.7,74.38,74.76,261508
2022-08-08T04:00:00Z,73.13,74.11,72.99,73.43,285611
2022-08-05T04:00:00Z,70.78,73.7,70.78,73.04,651372
2022-08-04T04:00:00Z,73.9,74.055,71.4,71.67,531495
2022-08-03T04:00:00Z,77.02,77.17,73.97,74.39,428196
2022-08-02T04:00:00Z,76.91,77.39,75.95,76.62,394135
2022-08-01T04:00:00Z,76.88,77.26,75.865,76.75,375944
2022-07-29T04:00:00Z,76.64,78.63,76.44,78.41,556299
2022-07-28T04:00:00Z,75.41,75.89,73.79,75.03,421145
2022-07-27T04:00:00Z,73.6,75.1,72.85,74.71,516645
2022-07-26T04:00:00Z,74.7,74.94,72.6,73.1,356122
2022-07-25T04:00:00Z,72.15,73.825,71.32,73.79,499395
2022-07-22T04:00:00Z,72.08,72.65,70.735,71.17,350347
2022-07-21T04:00:00Z,70.89,71.8,69.68,71.78,384099
2022-07-20T04:00:00Z,71.6,73.335,71.24,73.08,475158
2022-07-19T04:00:00Z,70.1,72.5,70.1,72.365,566195
2022-07-18T04:00:00Z,70.49,71.27,69.84,70.165,574827
2022-07-15T04:00:00Z,68.92,68.96,67.62,68.85,557552
2022-07-14T04:00:00Z,66.465,67.565,65.48,67.49,904542
2022-07-13T04:00:00Z,67.99,70.2,67.99,68.755,473905
2022-07-12T04:00:00Z,68.47,69.26,67.7,68.92,673842
2022-07-11T04:00:00Z,70.13,70.85,69.34,70.29,484752
2022-07-08T04:00:00Z,71.92,72.09,69.99,70.92,468201
2022-07-07T04:00:00Z,70.395,71.535,70.395,70.94,620847
2022-07-06T04:00:00Z,68.9,70.19,66.46,68.505,883480
2022-07-05T04:00:00Z,71.07,71.365,68.19,69.74,694603
2022-07-01T04:00:00Z,72.34,72.885,70.13,72.6,750951
2022-06-30T04:00:00Z,71.485,73.335,70.87,71.62,795855
2022-06-29T04:00:00Z,76.76,76.96,72.85,73.05,649137
2022-06-28T04:00:00Z,75.52,76.89,74.54,75.675,848301
2022-06-27T04:00:00Z,72.49,74.18,72.39,73.66,791955
2022-06-24T04:00:00Z,71.975,73.09,70.85,71.555,1033892
2022-06-23T04:00:00Z,73.94,74.2,69.485,70.61,1483049
2022-06-22T04:00:00Z,72.61,74.665,72.395,73.3,855601
2022-06-21T04:00:00Z,74.57,76.95,74.57,76.425,755902
2022-06-17T04:00:00Z,77.24,77.76,72.63,73.49,1670347
2022-06-16T04:00:00Z,80.2,80.58,77.1,77.76,1273735
2022-06-15T04:00:00Z,84.15,84.46,80.99,82.35,959622
2022-06-14T04:00:00Z,85.755,86.86,83.155,84.22,640631
2022-06-13T04:00:00Z,85.95,86.1,82.43,84.08,948688
2022-06-10T04:00:00Z,89.29,90.54,87.69,88.68,582964
2022-06-09T04:00:00Z,91.56,92.05,90.145,90.24,494617
2022-06-08T04:00:00Z,92.42,93.3,91.73,92.28,939405
2022-06-07T04:00:00Z,89.38,92.195,89.38,92.15,651305
2022-06-06T04:00:00Z,89.82,90,88.94,89.44,334509
2022-06-03T04:00:00Z,88.36,89.79,88.36,89.5,303137
2022-06-02T04:00:00Z,88.005,88.96,87.47,88.36,649897
2022-06-01T04:00:00Z,88.26,89.26,87.36,88.59,509276
2022-05-31T04:00:00Z,89.82,90.46,86.74,87.12,897253
2022-05-27T04:00:00Z,86.6,88.59,86.35,88.55,480837
2022-05-26T04:00:00Z,86.575,87.56,86.48,86.93,373434
2022-05-25T04:00:00Z,84.44,86.11,84.43,85.95,504648
2022-05-24T04:00:00Z,83.15,84.6,82.38,84.29,576678
2022-05-23T04:00:00Z,82.725,84.215,82.29,83.95,612214
2022-05-20T04:00:00Z,82.31,83.37,80.15,81.775,1032357
2022-05-19T04:00:00Z,79.92,82.78,79.91,81.42,602908
2022-05-18T04:00:00Z,84.41,84.52,80.76,81.75,589244
2022-05-17T04:00:00Z,83.94,84.37,83.13,83.9,655346
2022-05-16T04:00:00Z,81.18,83.75,81.18,82.94,602981
2022-05-13T04:00:00Z,79.25,81.08,79.17,80.79,791496
2022-05-12T04:00:00Z,77.66,78.14,75.69,78.14,748915
2022-05-11T04:00:00Z,78.21,80.325,77.655,77.83,749511
2022-05-10T04:00:00Z,77.28,78.67,75.15,76.77,1358355
2022-05-09T04:00:00Z,80.985,80.985,75.76,76.08,1320141
2022-05-06T04:00:00Z,81.67,82.92,79.98,82.92,748158
2022-05-05T04:00:00Z,82.295,82.4,78.89,80.63,856632
2022-05-04T04:00:00Z,80.06,81.91,78.98,81.75,704513
2022-05-03T04:00:00Z,76.58,78.8,76.45,78.49,603944
2022-05-02T04:00:00Z,74.77,76.37,74.465,76.33,822752
2022-04-29T04:00:00Z,77.64,77.66,74.89,75.22,589343
2022-04-28T04:00:00Z,75.32,77.755,73.89,77.1,777381
2022-04-27T04:00:00Z,74.25,75.58,73,74.83,769941
2022-04-26T04:00:00Z,74.21,75.79,73.59,73.77,1008785
2022-04-25T04:00:00Z,73.75,74.06,71.01,73.71,1097200
2022-04-22T04:00:00Z,77.79,78.905,76.17,76.25,776865
2022-04-21T04:00:00Z,81.16,81.485,77.825,78.12,494233
2022-04-20T04:00:00Z,80.71,81.09,79.885,80.64,230704
2022-04-19T04:00:00Z,80.55,81.39,79.89,80.35,432354
2022-04-18T04:00:00Z,80.55,81.5,80.06,81.09,496661
2022-04-14T04:00:00Z,79.24,80.475,79.2,79.83,443307
2022-04-13T04:00:00Z,79.44,79.8,78.08,79.6,512877
2022-04-12T04:00:00Z,78.58,79.81,78.27,78.42,531568
2022-04-11T04:00:00Z,78.65,78.65,76.97,77.15,563061
2022-04-08T04:00:00Z,77.91,79.745,77.91,79.545,658521
2022-04-07T04:00:00Z,76.76,77.66,75.37,77.39,388839
2022-04-06T04:00:00Z,76.885,77.465,76,76.4,364231
2022-04-05T04:00:00Z,77.33,78.46,75.865,75.98,541202
2022-04-04T04:00:00Z,77.58,77.76,76.34,77.15,448555
2022-04-01T04:00:00Z,76.4,77.76,76.35,77.08,699197
2022-03-31T04:00:00Z,76.73,78.2,76.44,76.45,782652
2022-03-30T04:00:00Z,77.47,77.98,76.895,77.51,602771
2022-03-29T04:00:00Z,75.16,76.635,74.19,76.58,991544
2022-03-28T04:00:00Z,77.11,77.14,76.32,76.8,684776
2022-03-25T04:00:00Z,76.54,78.83,76.54,78.77,663608
2022-03-24T04:00:00Z,77.12,77.82,76.55,77.025,504567
2022-03-23T04:00:00Z,76.99,77.555,76.625,76.93,498496
2022-03-22T04:00:00Z,75.87,76.19,74.72,75.64,651470
2022-03-21T04:00:00Z,74.67,76.365,74.67,76.15,673548
2022-03-18T04:00:00Z,73.92,74.34,73.34,73.89,583282
2022-03-17T04:00:00Z,72.8,74.135,72.37,73.96,811879
2022-03-16T04:00:00Z,71.945,72.68,70.76,71.49,829821
2022-03-15T04:00:00Z,71.59,72.63,70.46,71.78,1075046
2022-03-14T04:00:00Z,75.39,75.65,73.57,74.58,679961
2022-03-11T05:00:00Z,76.2,77.77,76.145,76.81,511211
2022-03-10T05:00:00Z,76.08,77.66,75.55,77.45,772266
2022-03-09T05:00:00Z,74.68,76.935,73.565,75.14,1353605
2022-03-08T05:00:00Z,77.83,80.205,75.38,77.57,1465929
2022-03-07T05:00:00Z,76.04,77.56,74.645,76.35,977515
2022-03-04T05:00:00Z,73.115,75.26,72.985,75.24,1141148
2022-03-03T05:00:00Z,72.18,73.59,72.09,73.15,890960
2022-03-02T05:00:00Z,72.36,73.5,72.03,72.885,781528
2022-03-01T05:00:00Z,71.23,72.47,70.29,71.27,1254575
2022-02-28T05:00:00Z,68.365,70.655,68.015,70.59,1215554
2022-02-25T05:00:00Z,67.39,68.95,67.33,68.875,948991
2022-02-24T05:00:00Z,69.045,69.045,65.39,67.05,1307170
2022-02-23T05:00:00Z,67.27,68.135,67.06,67.64,579110
2022-02-22T05:00:00Z,70.035,70.035,65.95,66.93,1024047
2022-02-18T05:00:00Z,67.655,68.585,67.39,67.995,484557
2022-02-17T05:00:00Z,68.525,69.18,67.945,68.45,529862
2022-02-16T05:00:00Z,68.77,69.765,68.17,68.565,866283
2022-02-15T05:00:00Z,67.14,68.185,66.725,68.02,921370
2022-02-14T05:00:00Z,70.005,70.025,67.94,68.76,1249203
2022-02-11T05:00:00Z,68.84,70.485,68.45,70.395,798471
2022-02-10T05:00:00Z,68.85,69.73,67.975,68.4,636037
2022-02-09T05:00:00Z,68.4,69.37,68.32,68.845,651651
2022-02-08T05:00:00Z,69.565,69.64,67.8,68.28,693411
2022-02-07T05:00:00Z,68.575,70.41,68.09,69.775,579096
2022-02-04T05:00:00Z,68.65,69.985,68.565,68.895,618752
2022-02-03T05:00:00Z,68.15,68.34,67.11,67.78,545930
2022-02-02T05:00:00Z,67.83,68.605,67.095,68.5,529839
2022-02-01T05:00:00Z,65.57,68.43,65.41,68.23,881384
2022-01-31T05:00:00Z,65.325,66.33,64.475,65.93,495155
2022-01-28T05:00:00Z,65.435,66.25,64.26,65.63,721339
2022-01-27T05:00:00Z,66.36,67.05,64.85,65.95,786382
2022-01-26T05:00:00Z,66,66.515,64.49,65.19,1112009
2022-01-25T05:00:00Z,62.63,65.55,61.485,65.28,1058417
2022-01-24T05:00:00Z,60.97,63.085,59.845,62.84,1215162
2022-01-21T05:00:00Z,63.24,63.34,61.79,62.51,802263
2022-01-20T05:00:00Z,63.76,65.405,63.595,63.67,721864
2022-01-19T05:00:00Z,65.325,65.33,63.79,64.29,672057
2022-01-18T05:00:00Z,65.195,65.515,63.785,64.775,662725
2022-01-14T05:00:00Z,63.055,64.615,63.05,64.53,711994
2022-01-13T05:00:00Z,63.285,63.86,62.775,63,767017
2022-01-12T05:00:00Z,63.62,63.73,62.895,63.37,486373
2022-01-11T05:00:00Z,61.7,63.335,61.22,63.25,910591
2022-01-10T05:00:00Z,61.4,61.57,60.375,61.16,581578
2022-01-07T05:00:00Z,60.75,61.5,60.32,61.345,497888
2022-01-06T05:00:00Z,60.545,60.84,59.66,60.49,632657
2022-01-05T05:00:00Z,59.855,60.44,59.105,59.175,823321
2022-01-04T05:00:00Z,57.83,59.43,57.81,59.205,830757
2022-01-03T05:00:00Z,55.595,57.305,55.56,57.22,610551
2021-12-31T05:00:00Z,55.17,55.785,55.17,55.49,353493
2021-12-30T05:00:00Z,55.79,56.14,55.315,55.34,251637
2021-12-29T05:00:00Z,55.81,56.235,55.455,55.7,269519
2021-12-28T05:00:00Z,56.21,56.59,55.76,56.06,401922
2021-12-27T05:00:00Z,54.81,56.15,54.275,56.12,632209
2021-12-23T05:00:00Z,55.09,55.64,54.885,54.89,370229
2021-12-22T05:00:00Z,54.33,55.23,53.93,54.84,432243
2021-12-21T05:00:00Z,53.635,54.715,53.635,54.54,797878
2021-12-20T05:00:00Z,52.31,53.05,51.69,52.99,660540
2021-12-17T05:00:00Z,55.26,55.26,53.9,54.35,753777
2021-12-16T05:00:00Z,55.655,56.635,55.41,55.51,555814
2021-12-15T05:00:00Z,55.34,55.47,53.935,55.16,758520
2021-12-14T05:00:00Z,55.33,56.265,55.24,55.43,443736
2021-12-13T05:00:00Z,56.69,56.86,55.385,55.64,976422
2021-12-10T05:00:00Z,57.4,57.44,56.25,57.22,399839
2021-12-09T05:00:00Z,56.79,57.045,56.485,56.81,549048
2021-12-08T05:00:00Z,57.54,57.865,57.175,57.26,325090
2021-12-07T05:00:00Z,56.79,57.81,56.765,57.25,784323
2021-12-06T05:00:00Z,56.125,56.62,55.305,55.95,549915
2021-12-03T05:00:00Z,56.42,56.57,54.615,55.145,529460
2021-12-02T05:00:00Z,54,55.78,53.42,55.56,956724
2021-12-01T05:00:00Z,55.825,56.38,53.99,54,2202939
2021-11-30T05:00:00Z,54.87,55.67,54.32,54.53,777826
2021-11-29T05:00:00Z,56.875,57.335,55.745,55.89,990056
2021-11-26T05:00:00Z,55.11,55.755,54.14,55.56,684532
2021-11-24T05:00:00Z,57.185,58.22,57.145,57.91,394293
2021-11-23T05:00:00Z,56.445,57.54,56.42,57.34,912798
2021-11-22T05:00:00Z,54.65,56.475,54.63,55.63,1002928
2021-11-19T05:00:00Z,55.56,55.77,54.55,54.67,806419
2021-11-18T05:00:00Z,57.23,57.525,56.2,56.88,491583
2021-11-17T05:00:00Z,57.64,58.375,57.04,57.21,472000
2021-11-16T05:00:00Z,58.175,58.59,57.845,58.09,364600
2021-11-15T05:00:00Z,57.735,58.365,57.015,58.03,478233
2021-11-12T05:00:00Z,57.34,57.765,57.21,57.57,240185
2021-11-11T05:00:00Z,57.58,58.08,57.535,57.67,371420
2021-11-10T05:00:00Z,58.74,58.885,57.125,57.46,590459
2021-11-09T05:00:00Z,58.76,59.04,58.03,59.02,326078
2021-11-08T05:00:00Z,58.715,59.39,58.47,58.78,395006
2021-11-05T04:00:00Z,58.27,58.515,57.775,58.27,468241
2021-11-04T04:00:00Z,58.265,58.375,57.01,57.51,657147
2021-11-03T04:00:00Z,57.21,58.02,57.005,57.43,406200
2021-11-02T04:00:00Z,58.12,58.56,57.725,57.91,412249
2021-11-01T04:00:00Z,58.04,58.62,57.885,58.45,357468
2021-10-29T04:00:00Z,58.12,58.255,57.25,57.45,407498
2021-10-28T04:00:00Z,57.25,57.89,57.205,57.83,348231
2021-10-27T04:00:00Z,58.48,58.78,57.325,57.455,644367
2021-10-26T04:00:00Z,58.95,59.39,58.785,59.14,358754
2021-10-25T04:00:00Z,58.545,59.08,58.355,58.79,602348
2021-10-22T04:00:00Z,57.575,57.99,57.09,57.94,465580
2021-10-21T04:00:00Z,57.995,58.245,56.955,57.42,692119
2021-10-20T04:00:00Z,57.57,58.49,57.39,58.49,550442
2021-10-19T04:00:00Z,57.595,58.215,57.305,58.02,454724
2021-10-18T04:00:00Z,57.86,58.21,57.055,57.375,603442
2021-10-15T04:00:00Z,57.72,57.9,57.305,57.31,577901
2021-10-14T04:00:00Z,57.01,57.28,56.49,57.06,433014
2021-10-13T04:00:00Z,55.825,56.645,55.385,56.34,568502
2021-10-12T04:00:00Z,56.28,56.945,56.05,56.4,598604
2021-10-11T04:00:00Z,57.335,57.585,56.31,56.36,611869
2021-10-08T04:00:00Z,55.53,56.695,55.5,56.56,1015042
2021-10-07T04:00:00Z,54.66,55.17,54.335,54.87,749089
2021-10-06T04:00:00Z,54.06,54.75,53.51,54.44,843370
2021-10-05T04:00:00Z,55.39,56.05,54.47,55.03,1158822
2021-10-04T04:00:00Z,54.41,55.31,54.185,54.695,835044
2021-10-01T04:00:00Z,52.545,53.89,52.545,53.83,742227
2021-09-30T04:00:00Z,52.8,53.02,52.12,52.12,698002
2021-09-29T04:00:00Z,52.825,53.22,52.215,52.885,1091633
2021-09-28T04:00:00Z,53.24,53.8,52.78,52.89,1188711
2021-09-27T04:00:00Z,52.09,52.91,52.09,52.68,846852
2021-09-24T04:00:00Z,50.23,51.155,50.18,50.9,639762
2021-09-23T04:00:00Z,48.955,50.66,48.915,50.53,566392
2021-09-22T04:00:00Z,48.155,49.375,48.155,48.81,978503
2021-09-21T04:00:00Z,47.68,47.74,46.855,47.365,575648
2021-09-20T04:00:00Z,47.34,47.79,46.48,47.24,836689
2021-09-17T04:00:00Z,49.44,50.18,49.205,49.32,727042
2021-09-16T04:00:00Z,50.095,50.195,49.42,49.69,556584
2021-09-15T04:00:00Z,49.13,50.295,49.115,50.255,872119
2021-09-14T04:00:00Z,49.605,49.66,48.24,48.42,596744
2021-09-13T04:00:00Z,48.435,49.475,48.435,49.19,499625
2021-09-10T04:00:00Z,48.595,48.63,47.65,47.79,322244
2021-09-09T04:00:00Z,47.39,48.54,47.14,47.78,423377
2021-09-08T04:00:00Z,48.66,48.92,47.69,47.7,334736
2021-09-07T04:00:00Z,48.325,48.985,48.175,48.34,362261
2021-09-03T04:00:00Z,48.74,49.15,48.395,48.63,415310
2021-09-02T04:00:00Z,48.205,49.28,48.195,48.89,682523
2021-09-01T04:00:00Z,48.395,48.595,47.53,47.68,554020
2021-08-31T04:00:00Z,48.59,48.92,48.295,48.4,372130
2021-08-30T04:00:00Z,49.5,49.685,48.72,48.72,330138
2021-08-27T04:00:00Z,48.595,49.64,48.595,49.305,635255
2021-08-26T04:00:00Z,48.4,48.745,47.955,48.04,355269
2021-08-25T04:00:00Z,48.33,49.03,48,48.78,379816
2021-08-24T04:00:00Z,48.075,48.645,47.955,48.41,575110
2021-08-23T04:00:00Z,47.015,47.735,47.015,47.62,785413
2021-08-20T04:00:00Z,45.355,46.17,45.185,45.89,946576
2021-08-19T04:00:00Z,46.175,46.475,45.145,45.77,1435308
2021-08-18T04:00:00Z,47.96,48.365,46.96,47.01,670797
2021-08-17T04:00:00Z,48.055,48.785,47.605,48.04,483602
2021-08-16T04:00:00Z,48.705,48.76,48.1,48.455,575731
2021-08-13T04:00:00Z,49.9,49.92,49.3,49.37,301544
2021-08-12T04:00:00Z,50.065,50.29,49.415,50.01,264216
2021-08-11T04:00:00Z,49.57,50.14,49.245,50.035,430711
2021-08-10T04:00:00Z,49.23,49.795,49.11,49.65,522984
2021-08-09T04:00:00Z,48.79,49.18,48.5,48.795,362620
2021-08-06T04:00:00Z,49.55,49.87,49.24,49.54,350819
2021-08-05T04:00:00Z,48.785,49.66,48.615,49.09,435086
2021-08-04T04:00:00Z,48.86,49.55,48.445,48.455,460130
2021-08-03T04:00:00Z,48.92,49.955,48.41,49.91,572817
2021-08-02T04:00:00Z,49.445,50.62,48.96,49.005,644680
2021-07-30T04:00:00Z,49.96,50.22,49.1,49.36,343789
2021-07-29T04:00:00Z,50.415,50.55,49.9,50.185,449185
2021-07-28T04:00:00Z,49.405,50.115,48.95,49.71,303312
2021-07-27T04:00:00Z,49.115,49.41,48.7,49.225,347509
2021-07-26T04:00:00Z,48.685,49.91,48.685,49.72,402459
2021-07-23T04:00:00Z,48.6,48.7,48.035,48.52,433294
2021-07-22T04:00:00Z,49.095,49.14,48.28,48.7,468677
2021-07-21T04:00:00Z,48.52,49.645,48.455,49.26,756855
2021-07-20T04:00:00Z,46.985,48.065,46.64,47.59,991846
2021-07-19T04:00:00Z,46.965,47.515,46.31,46.915,852214
2021-07-16T04:00:00Z,50.485,50.485,48.59,48.705,799812
2021-07-15T04:00:00Z,50.3,50.865,49.885,50.08,561591
2021-07-14T04:00:00Z,52.62,53.09,50.615,50.81,594886
2021-07-13T04:00:00Z,52.465,52.835,52.075,52.37,435395
2021-07-12T04:00:00Z,52.13,53.08,51.92,52.735,225559
2021-07-09T04:00:00Z,52.4,52.88,51.815,52.81,621562
2021-07-08T04:00:00Z,51.075,52.225,50.96,51.7,750805
2021-07-07T04:00:00Z,53.095,53.285,51.47,51.99,529573
2021-07-06T04:00:00Z,54.595,54.6,52.7,52.92,846673
2021-07-02T04:00:00Z,54.26,54.86,54.16,54.67,224338
2021-07-01T04:00:00Z,55.17,55.26,54.3,54.79,521697
2021-06-30T04:00:00Z,53.475,54.02,53.35,53.86,393860
2021-06-29T04:00:00Z,53.75,54.065,53.145,53.18,235327
2021-06-28T04:00:00Z,55.065,55.07,53.255,53.44,864688
2021-06-25T04:00:00Z,55.2,55.365,54.885,55.31,428078
2021-06-24T04:00:00Z,54.705,55.085,54.31,55.03,611034
2021-06-23T04:00:00Z,54.87,55.54,54.49,54.555,532033
2021-06-22T04:00:00Z,53.91,54.64,53.365,54.43,587942
2021-06-21T04:00:00Z,52.4,54.165,52.4,54.06,1521002
2021-06-18T04:00:00Z,52.93,53.52,52.355,52.37,1251883
2021-06-17T04:00:00Z,55.755,56.2,53.265,53.94,2276196
2021-06-16T04:00:00Z,56.05,56.545,55.425,55.95,573976
2021-06-15T04:00:00Z,55.47,56.33,55.37,56.21,729312
2021-06-14T04:00:00Z,55.62,55.92,54.7,55.1,595074
2021-06-11T04:00:00Z,55.855,56.07,55.315,55.37,338037
2021-06-10T04:00:00Z,56.47,56.65,54.99,55.535,986898
2021-06-09T04:00:00Z,56.225,56.38,55.625,55.63,542386
2021-06-08T04:00:00Z,55.4,56.08,54.665,55.965,821870
2021-06-07T04:00:00Z,55.73,56.075,55.435,55.515,506517
2021-06-04T04:00:00Z,55.74,55.96,54.93,55.705,717322
2021-06-03T04:00:00Z,54.98,55.685,54.665,55.38,631759
2021-06-02T04:00:00Z,54.505,55.49,53.92,55.235,713553
2021-06-01T04:00:00Z,53.25,54.315,53.25,54.23,831928
2021-05-28T04:00:00Z,52.425,52.425,51.935,52.185,311061
2021-05-27T04:00:00Z,52.32,52.74,51.83,52.15,438630
2021-05-26T04:00:00Z,51.72,52.255,51.44,52.08,295230
2021-05-25T04:00:00Z,52.57,52.67,51.535,51.61,539554
2021-05-24T04:00:00Z,52.5,52.8,51.95,52.68,516502
2021-05-21T04:00:00Z,52.59,52.92,52.12,52.17,691599
2021-05-20T04:00:00Z,52.005,52.29,51.325,52.04,726694
2021-05-19T04:00:00Z,52.2,52.715,51.41,52.1,1001380
2021-05-18T04:00:00Z,54.64,54.835,53.39,53.43,809766
2021-05-17T04:00:00Z,53.225,54.745,53.225,54.72,899563
2021-05-14T04:00:00Z,52.6,53.68,52.6,53.51,503280
2021-05-13T04:00:00Z,51.79,52.82,51.18,51.85,995600
2021-05-12T04:00:00Z,52.55,54.065,52.285,52.54,819437
2021-05-11T04:00:00Z,52.51,53.275,51.82,52.295,692564
2021-05-10T04:00:00Z,54.36,55.13,53.63,53.63,550124
2021-05-07T04:00:00Z,52.09,53.7,51.98,53.65,524411
2021-05-06T04:00:00Z,52.45,52.685,51.435,52.67,585315
2021-05-05T04:00:00Z,51.385,52.575,51,52.43,709081
2021-05-04T04:00:00Z,50.89,51.19,50.215,50.76,353023
2021-05-03T04:00:00Z,49.965,50.875,49.84,50.77,389827
2021-04-30T04:00:00Z,49.86,50.63,49.285,49.29,539624
2021-04-29T04:00:00Z,50.72,51.28,50.055,50.64,387962
2021-04-28T04:00:00Z,48.81,50.295,48.81,50.09,646285
2021-04-27T04:00:00Z,48,48.61,47.825,48.43,316333
2021-04-26T04:00:00Z,47.56,48.215,47.52,47.86,272831
2021-04-23T04:00:00Z,47.08,47.74,46.87,47.53,300356
2021-04-22T04:00:00Z,47.76,47.76,46.97,47.06,485628
2021-04-21T04:00:00Z,46.46,47.835,46.26,47.715,316540
2021-04-20T04:00:00Z,47.91,47.95,46.595,47.07,701854
2021-04-19T04:00:00Z,48.465,48.85,47.885,48.325,204749
2021-04-16T04:00:00Z,49.08,49.245,48.195,48.36,453275
2021-04-15T04:00:00Z,49.215,49.215,48.595,48.79,336639
2021-04-14T04:00:00Z,48.27,49.83,48.245,49.135,591640
2021-04-13T04:00:00Z,47.75,48.11,47.39,47.84,197002
2021-04-12T04:00:00Z,48.72,48.885,47.645,47.79,472141
2021-04-09T04:00:00Z,48.47,48.91,47.97,48.23,459849
2021-04-08T04:00:00Z,48.555,48.625,47.97,48.51,596528
2021-04-07T04:00:00Z,48.98,49.395,48.82,49.19,532920
2021-04-06T04:00:00Z,49.34,50,48.905,48.955,363340
2021-04-05T04:00:00Z,50.175,50.175,48.835,49.07,482736
2021-04-01T04:00:00Z,49.21,50.325,49.03,50.31,727651
2021-03-31T04:00:00Z,49.3,49.505,48.885,49.01,511559
2021-03-30T04:00:00Z,49.33,49.915,49.095,49.38,279254
2021-03-29T04:00:00Z,49.925,50.255,49.22,49.8,323672
2021-03-26T04:00:00Z,50.115,50.49,49.565,50.45,560719
2021-03-25T04:00:00Z,48,49.345,47.455,49.18,580921
2021-03-24T04:00:00Z,48.745,49.68,48.745,49.07,901895
2021-03-23T04:00:00Z,47.49,48.9,47.275,47.805,903236
2021-03-22T04:00:00Z,48.69,49.085,48.47,48.515,590008
2021-03-19T04:00:00Z,49.6,50.33,48.87,49.545,819845
2021-03-18T04:00:00Z,51.43,51.58,49.315,49.52,1214273
2021-03-17T04:00:00Z,51.32,52.095,50.88,51.925,459447
2021-03-16T04:00:00Z,51.98,52.125,51.14,51.42,778375
2021-03-15T04:00:00Z,53.325,53.56,52.32,52.91,551361
2021-03-12T05:00:00Z,53.7,54.01,53.185,53.57,358258
2021-03-11T05:00:00Z,53.67,54.36,53.38,53.47,443972
2021-03-10T05:00:00Z,52.14,53.615,51.965,53.37,633212
2021-03-09T05:00:00Z,52.73,53.51,51.785,52.07,810698
2021-03-08T05:00:00Z,53.495,53.74,52.29,53.05,744942
2021-03-05T05:00:00Z,52.405,53.07,51.185,52.98,989256
2021-03-04T05:00:00Z,50.255,51.94,49.835,51.01,924438
2021-03-03T05:00:00Z,49.545,50.975,49.545,49.815,913723
2021-03-02T05:00:00Z,49.48,49.955,49.1,49.125,765823
2021-03-01T05:00:00Z,49.47,50.07,49.065,49.41,431536
2021-02-26T05:00:00Z,48.59,48.775,46.745,48.145,1053422
2021-02-25T05:00:00Z,50.695,50.71,48.99,49.305,741687
2021-02-24T05:00:00Z,48.87,50.57,48.5,50.32,608190
2021-02-23T05:00:00Z,48.265,48.71,46.53,48.55,653049
2021-02-22T05:00:00Z,46.48,48.465,46.425,47.76,951649
2021-02-19T05:00:00Z,45.57,46.35,45.425,46.205,531435
2021-02-18T05:00:00Z,46.3,46.32,45.285,45.41,615559
2021-02-17T05:00:00Z,46.25,46.75,45.6,46.455,495475
2021-02-16T05:00:00Z,45.695,46.285,45.48,45.81,606851
2021-02-12T05:00:00Z,43.72,44.705,43.645,44.69,341284
2021-02-11T05:00:00Z,44.27,44.49,43.095,44.055,494147
2021-02-10T05:00:00Z,44.17,44.745,43.75,44.675,376770
2021-02-09T05:00:00Z,43.985,44.13,43.295,43.84,421774
2021-02-08T05:00:00Z,43.165,44.545,43.16,44.34,637429
2021-02-05T05:00:00Z,42.83,43,42.435,42.555,654361
2021-02-04T05:00:00Z,42.065,42.21,41.305,42.21,439197
2021-02-03T05:00:00Z,40.175,41.845,40.13,41.75,646848
2021-02-02T05:00:00Z,40.55,40.98,40.03,40.05,597015
2021-02-01T05:00:00Z,39.84,39.985,38.95,39.615,564191
2021-01-29T05:00:00Z,40.075,40.59,39.18,39.33,659218
2021-01-28T05:00:00Z,40.64,41.16,40.185,40.7,537579
2021-01-27T05:00:00Z,40.07,41.27,39.6,40.155,798634
2021-01-26T05:00:00Z,41.995,42.615,40.745,40.745,563189
2021-01-25T05:00:00Z,41.555,41.77,40.89,41.64,446221
2021-01-22T05:00:00Z,41.31,42.185,41.03,42.08,323684
2021-01-21T05:00:00Z,43.55,43.7,41.895,42.285,523086
2021-01-20T05:00:00Z,43.965,44.01,43.345,43.785,325965
2021-01-19T05:00:00Z,43.27,43.895,43.13,43.595,338849
2021-01-15T05:00:00Z,43.65,43.67,42.34,42.755,612698
2021-01-14T05:00:00Z,43.47,44.995,43.47,44.51,505788
2021-01-13T05:00:00Z,43.555,43.57,42.905,43.2,565885
2021-01-12T05:00:00Z,42.505,43.765,42.3,43.56,556838
2021-01-11T05:00:00Z,40.55,42.23,40.3,42.085,293012
2021-01-08T05:00:00Z,41.89,41.96,41.115,41.435,360936
2021-01-07T05:00:00Z,41.07,41.875,40.82,41.47,384050
2021-01-06T05:00:00Z,40.465,41.245,39.935,40.87,559883
2021-01-05T05:00:00Z,38.335,40.69,38.335,39.675,836383
2021-01-04T05:00:00Z,38.34,38.64,37.525,37.92,503554
2020-12-31T05:00:00Z,38.025,38.205,37.74,37.89,203215
2020-12-30T05:00:00Z,37.635,38.57,37.605,38.2,222935
2020-12-29T05:00:00Z,38.145,38.195,37.46,37.615,202308
2020-12-28T05:00:00Z,38.23,38.72,37.775,37.865,252669
2020-12-24T05:00:00Z,38.32,38.32,37.745,38.08,120581
2020-12-23T05:00:00Z,37.84,38.845,37.84,38.335,592403
2020-12-22T05:00:00Z,38.035,38.17,37.455,37.49,521068
2020-12-21T05:00:00Z,37.325,38.455,37.03,38.16,664580
2020-12-18T05:00:00Z,39.87,40.2,39.095,39.365,948992
2020-12-17T05:00:00Z,40.56,40.6,39.84,40.035,366425
2020-12-16T05:00:00Z,40.46,40.71,39.985,40.275,332961
2020-12-15T05:00:00Z,39.91,40.655,39.53,40.445,607262
2020-12-14T05:00:00Z,41.625,41.73,39.535,39.675,727119
2020-12-11T05:00:00Z,41.18,41.315,40.555,41.115,369600
2020-12-10T05:00:00Z,40.43,42.075,40.43,41.61,739353
2020-12-09T05:00:00Z,40.725,41.325,39.89,40.425,912146
2020-12-08T05:00:00Z,39.225,40.665,39.225,40.285,489222
2020-12-07T05:00:00Z,40.08,40.235,39.305,39.67,437683
2020-12-04T05:00:00Z,39.26,40.645,39.25,40.635,1180752
2020-12-03T05:00:00Z,38.29,38.995,37.92,38.54,497112
2020-12-02T05:00:00Z,36.71,38.71,36.71,38.115,679020
2020-12-01T05:00:00Z,37.865,37.965,36.875,36.95,478204
2020-11-30T05:00:00Z,38.4,38.52,36.695,36.775,585909
2020-11-27T05:00:00Z,39.15,39.45,38.61,38.87,210245
2020-11-25T05:00:00Z,39.74,39.835,39.165,39.355,408793
2020-11-24T05:00:00Z,39.605,40.415,39.29,40.31,708319
2020-11-23T05:00:00Z,36.42,38.385,36.42,38.345,602359
2020-11-20T05:00:00Z,35.92,36.02,35.565,35.805,199449
2020-11-19T05:00:00Z,34.97,36.07,34.83,35.995,528036
2020-11-18T05:00:00Z,36.73,36.92,35.425,35.425,512118
2020-11-17T05:00:00Z,35.565,36.5,35.19,36.485,452777
2020-11-16T05:00:00Z,35.43,36.17,34.91,36.14,510752
2020-11-13T05:00:00Z,32.955,34.04,32.945,33.905,838105
2020-11-12T05:00:00Z,33.155,33.66,32.345,32.655,630952
2020-11-11T05:00:00Z,34.495,34.495,33.465,33.79,1231736
2020-11-10T05:00:00Z,33.73,34.085,32.995,34.085,1589813
2020-11-09T05:00:00Z,32.4,33.785,32.345,33.065,1458942
2020-11-06T05:00:00Z,29.56,30,28.815,28.915,814278
2020-11-05T05:00:00Z,29.57,30.14,29.545,29.545,381996
2020-11-04T05:00:00Z,29.34,30.27,28.82,29.56,589827
2020-11-03T05:00:00Z,30.195,30.195,29.285,29.515,367987
2020-11-02T05:00:00Z,29.11,30.09,28.62,29.68,504868
2020-10-30T04:00:00Z,28.39,28.735,28.04,28.725,836922
2020-10-29T04:00:00Z,27.32,28.645,26.99,28.565,642098
2020-10-28T04:00:00Z,28.185,28.38,27.56,27.695,370969
2020-10-27T04:00:00Z,29.16,29.235,28.86,28.925,194111
2020-10-26T04:00:00Z,29.865,29.91,29.015,29.3,467098
2020-10-23T04:00:00Z,30.74,30.865,30.01,30.375,252746
2020-10-22T04:00:00Z,29.305,30.575,29.195,30.525,407122
2020-10-21T04:00:00Z,29.56,29.865,29.355,29.355,428891
2020-10-20T04:00:00Z,29.74,30.135,29.52,29.925,249827
2020-10-19T04:00:00Z,30.285,30.405,29.53,29.53,972168
2020-10-16T04:00:00Z,30.74,30.785,30.145,30.185,336487
2020-10-15T04:00:00Z,29.965,30.895,29.735,30.885,646226
2020-10-14T04:00:00Z,30.455,31.23,30.42,30.5,488171
2020-10-13T04:00:00Z,30.72,31.04,30.3,30.39,331553
2020-10-12T04:00:00Z,30.66,30.97,30.37,30.865,139388
2020-10-09T04:00:00Z,31.58,31.63,30.75,30.775,286159
2020-10-08T04:00:00Z,30.375,31.305,30.3,31.275,696478
2020-10-07T04:00:00Z,29.81,30.235,29.57,30.165,525294
2020-10-06T04:00:00Z,30.62,30.795,29.675,29.71,519555
2020-10-05T04:00:00Z,29.64,30.185,29.52,30.185,395811
2020-10-02T04:00:00Z,28.245,29.535,28.245,29.31,529263
2020-10-01T04:00:00Z,29.495,29.74,28.855,29.04,258105
2020-09-30T04:00:00Z,30.27,30.56,29.82,29.985,379457
2020-09-29T04:00:00Z,30.805,30.805,29.75,30.065,270639
2020-09-28T04:00:00Z,30.795,31.225,30.695,30.875,338609
2020-09-25T04:00:00Z,29.77,30.4,29.72,30.175,376265
2020-09-24T04:00:00Z,29.955,30.725,29.55,30.21,539333
2020-09-23T04:00:00Z,31.66,31.85,30.175,30.185,358052
2020-09-22T04:00:00Z,31.97,32.5,31.585,31.645,216845
2020-09-21T04:00:00Z,32.125,32.315,31.435,31.965,929953
2020-09-18T04:00:00Z,33.75,33.97,33.285,33.63,366333
2020-09-17T04:00:00Z,33.34,34.005,33.09,33.995,455570
2020-09-16T04:00:00Z,32.87,34.37,32.665,33.91,619881
2020-09-15T04:00:00Z,33,33.375,32.55,32.635,365606
2020-09-14T04:00:00Z,32.68,33.17,32.505,32.895,306061
2020-09-11T04:00:00Z,32.535,32.83,32.365,32.615,293243
2020-09-10T04:00:00Z,33.93,33.97,32.575,32.595,603716
2020-09-09T04:00:00Z,33.93,34.15,33.725,33.805,332722
2020-09-08T04:00:00Z,34.22,34.37,33.225,33.59,743371
2020-09-04T04:00:00Z,35.29,35.57,34.46,34.875,285261
2020-09-03T04:00:00Z,35.165,35.885,34.79,35.01,543956
2020-09-02T04:00:00Z,35.27,35.6,35.03,35.26,287287
2020-09-01T04:00:00Z,35.395,35.56,34.975,35.395,264743
2020-08-31T04:00:00Z,36.52,36.52,35.665,35.665,308248
2020-08-28T04:00:00Z,36.02,36.545,35.765,36.485,211735
2020-08-27T04:00:00Z,35.8,36.005,35.37,35.825,381325
2020-08-26T04:00:00Z,36.415,36.415,35.695,35.715,506860
2020-08-25T04:00:00Z,37.2,37.255,36.335,36.505,238267
2020-08-24T04:00:00Z,36.27,37.275,36.04,36.995,427236
2020-08-21T04:00:00Z,36.09,36.175,35.695,36.025,563462
2020-08-20T04:00:00Z,36.55,36.745,36.28,36.28,347199
2020-08-19T04:00:00Z,37.235,37.62,36.955,37.065,282628
2020-08-18T04:00:00Z,37.83,38.175,37.385,37.46,279411
2020-08-17T04:00:00Z,38.16,38.16,37.77,37.985,277540
2020-08-14T04:00:00Z,37.525,38.24,37.4,38.195,211248
2020-08-13T04:00:00Z,38.25,38.58,37.75,37.815,152308
2020-08-12T04:00:00Z,38.83,39.02,38.175,38.58,209406
2020-08-11T04:00:00Z,39.27,39.53,38.035,38.18,258459
2020-08-10T04:00:00Z,37.42,38.335,37.39,38.335,486295
2020-08-07T04:00:00Z,36.67,37.255,36.4,37.155,154304
2020-08-06T04:00:00Z,37.07,37.555,36.995,37.125,219237
2020-08-05T04:00:00Z,37.795,37.88,37.12,37.425,334737
2020-08-04T04:00:00Z,36.015,37.11,36.01,36.995,390184
2020-08-03T04:00:00Z,35.965,36.36,35.79,36.175,374170
2020-07-31T04:00:00Z,35.62,36.07,35.3,36.07,258006
2020-07-30T04:00:00Z,36.8,36.86,35.92,36.215,367577
2020-07-29T04:00:00Z,37.005,37.685,36.78,37.685,207467
2020-07-28T04:00:00Z,37.33,37.68,36.815,36.875,287958
2020-07-27T04:00:00Z,37.38,37.7,36.995,37.54,371781
