2024-06-14T04:00:00Z,121.27,121.3,119.675,121.125,327383
2024-06-13T04:00:00Z,122.79,122.79,121.35,122.37,326001
2024-06-12T04:00:00Z,123.11,123.87,122.67,123.17,262779
2024-06-11T04:00:00Z,122.12,122.13,121.2,122.035,249397
2024-06-10T04:00:00Z,122.18,122.865,122.125,122.7,224292
2024-06-07T04:00:00Z,121.94,123.125,121.58,122.29,181589
2024-06-06T04:00:00Z,122.875,123.02,121.74,122.2,180424
2024-06-05T04:00:00Z,122.15,122.945,121.46,122.92,339884
2024-06-04T04:00:00Z,121.815,122.23,121.015,121.685,241657
2024-06-03T04:00:00Z,123.795,123.795,120.91,121.99,219331
2024-05-31T04:00:00Z,122.27,123.555,121.34,123.54,295554
2024-05-30T04:00:00Z,121.43,122.115,121.35,122.05,238428
2024-05-29T04:00:00Z,121.9,121.975,121.11,121.15,386113
2024-05-28T04:00:00Z,124.32,124.34,122.535,122.93,273444
2024-05-24T04:00:00Z,124.325,124.705,123.785,124.46,214721
2024-05-23T04:00:00Z,125.63,125.63,123.605,123.815,215187
2024-05-22T04:00:00Z,125.085,125.625,124.63,125.305,231800
2024-05-21T04:00:00Z,125.25,125.31,124.84,125.14,179800
2024-05-20T04:00:00Z,125.45,126.03,125.24,125.55,118826
2024-05-17T04:00:00Z,125.325,125.42,124.72,125.305,161562
2024-05-16T04:00:00Z,125.8,125.91,125.145,125.145,206267
2024-05-15T04:00:00Z,125.85,126.02,125.565,125.94,163775
2024-05-14T04:00:00Z,125.41,125.6,124.845,125.11,155476
2024-05-13T04:00:00Z,125.91,126.08,125.08,125.135,146904
2024-05-10T04:00:00Z,126.07,126.2,125.485,125.66,200610
2024-05-09T04:00:00Z,124.47,125.58,124.465,125.56,144516
2024-05-08T04:00:00Z,123.68,124.51,123.635,124.385,131886
2024-05-07T04:00:00Z,124.17,124.705,124.05,124.33,170841
2024-05-06T04:00:00Z,123.685,124.105,123.485,124.01,169176
2024-05-03T04:00:00Z,122.99,123.2,122.22,122.8,213613
2024-05-02T04:00:00Z,121.83,122.105,120.595,121.94,245530
2024-05-01T04:00:00Z,121.41,122.84,120.94,121.24,345377
2024-04-30T04:00:00Z,123.285,123.465,121.49,121.505,286324
2024-04-29T04:00:00Z,123.18,123.58,122.88,123.47,171868
2024-04-26T04:00:00Z,122.18,123.01,122.18,122.64,136981
2024-04-25T04:00:00Z,121.3,122.71,120.605,122.49,207359
2024-04-24T04:00:00Z,122.96,123.18,121.07,122.12,258531
2024-04-23T04:00:00Z,122.195,123.235,122.075,123.07,333002
2024-04-22T04:00:00Z,121.135,122.185,120.65,121.39,182856
2024-04-19T04:00:00Z,120.835,121.57,120.195,120.46,218663
2024-04-18T04:00:00Z,121.65,122.165,120.51,120.65,347546
2024-04-17T04:00:00Z,122.32,122.32,120.38,121.08,360406
2024-04-16T04:00:00Z,122.03,122.32,121.12,121.79,276452
2024-04-15T04:00:00Z,124.655,124.74,121.65,122.03,261698
2024-04-12T04:00:00Z,123.47,123.84,122.39,122.93,309526
2024-04-11T04:00:00Z,124.15,124.735,123.215,124.205,429764
2024-04-10T04:00:00Z,123.58,124.46,123.19,124.06,331190
2024-04-09T04:00:00Z,125.64,125.955,123.73,125.18,223968
2024-04-08T04:00:00Z,125.99,125.99,125.38,125.46,147726
2024-04-05T04:00:00Z,124.35,125.995,124.33,125.69,241052
2024-04-04T04:00:00Z,126.05,126.385,123.6,123.93,264592
2024-04-03T04:00:00Z,124.42,125.38,124.34,125.04,147620
2024-04-02T04:00:00Z,124.52,124.885,124.15,124.385,236891
2024-04-01T04:00:00Z,126.015,126.14,124.92,124.97,152156
2024-03-28T04:00:00Z,126.08,126.29,125.75,125.97,204374
2024-03-27T04:00:00Z,124.815,125.94,124.76,125.94,182637
2024-03-26T04:00:00Z,124.31,124.71,123.895,123.94,202529
2024-03-25T04:00:00Z,125.145,125.26,124.325,124.385,215318
2024-03-22T04:00:00Z,126,126.095,125.2,125.21,166530
2024-03-21T04:00:00Z,124.915,125.935,124.81,125.635,296944
2024-03-20T04:00:00Z,122.9,124.585,122.65,124.36,273107
2024-03-19T04:00:00Z,122.03,122.93,121.86,122.91,233045
2024-03-18T04:00:00Z,122.13,122.38,121.75,121.9,222662
2024-03-15T04:00:00Z,121.63,122.53,121.63,122.08,388097
2024-03-14T04:00:00Z,122.77,122.86,121.22,121.985,268730
2024-03-13T04:00:00Z,122.08,122.8,122.08,122.505,172890
2024-03-12T04:00:00Z,121.635,122.325,121.12,122.18,165911
2024-03-11T04:00:00Z,121.995,122.16,120.825,121.66,214877
2024-03-08T05:00:00Z,122.76,123.475,121.97,122.3,234433
2024-03-07T05:00:00Z,122.38,122.725,122.07,122.57,191113
2024-03-06T05:00:00Z,121.62,122.26,121.31,121.57,289872
2024-03-05T05:00:00Z,121.73,122.01,120.46,120.97,242404
2024-03-04T05:00:00Z,121.59,122.295,121.59,121.97,244596
2024-03-01T05:00:00Z,120.87,121.59,120.61,121.49,252597
2024-02-29T05:00:00Z,120.96,121.265,120.42,121.02,267090
2024-02-28T05:00:00Z,120.14,120.935,120.01,120.61,205276
2024-02-27T05:00:00Z,120.255,120.34,119.73,120.21,154073
2024-02-26T05:00:00Z,120.15,120.475,119.935,120.035,218397
2024-02-23T05:00:00Z,119.81,120.45,119.805,120.19,246417
2024-02-22T05:00:00Z,119.02,119.81,118.77,119.59,328371
2024-02-21T05:00:00Z,117.68,118.175,117.38,118.125,169713
2024-02-20T05:00:00Z,117.765,118.01,117.4,117.64,175023
2024-02-16T05:00:00Z,118.5,118.855,117.915,118.02,254818
2024-02-15T05:00:00Z,117.96,118.805,117.85,118.72,286228
2024-02-14T05:00:00Z,117.085,117.9,116.75,117.85,260541
2024-02-13T05:00:00Z,116.07,116.13,115.095,115.92,235319
2024-02-12T05:00:00Z,116.83,117.425,116.83,117.12,206305
2024-02-09T05:00:00Z,116.83,116.95,116.305,116.92,215432
2024-02-08T05:00:00Z,116.98,117.065,116.29,116.8,159913
2024-02-07T05:00:00Z,116.49,117.095,116.325,116.73,161665
2024-02-06T05:00:00Z,115.11,116.02,114.85,115.995,209936
2024-02-05T05:00:00Z,115.16,115.325,114.3,114.96,154223
2024-02-02T05:00:00Z,114.505,116.07,114.165,115.56,380825
2024-02-01T05:00:00Z,113.61,114.83,112.99,114.83,436248
2024-01-31T05:00:00Z,114.3,114.31,112.87,112.88,335098
2024-01-30T05:00:00Z,113.475,114.355,113.46,114.215,191317
2024-01-29T05:00:00Z,113.28,114.175,113.18,114.15,171949
2024-01-26T05:00:00Z,113.745,114.08,113.11,113.4,150397
2024-01-25T05:00:00Z,113.1,113.62,112.83,113.61,313199
2024-01-24T05:00:00Z,113.67,113.69,112.47,112.52,234822
2024-01-23T05:00:00Z,113.49,113.705,112.74,113.22,223251
2024-01-22T05:00:00Z,112.93,113.605,112.93,113.29,163549
2024-01-19T05:00:00Z,111.88,112.71,111.115,112.445,217970
2024-01-18T05:00:00Z,110.65,111.885,110.52,111.74,156807
2024-01-17T05:00:00Z,110.075,110.93,109.95,110.24,132034
2024-01-16T05:00:00Z,111.5,111.63,110.62,111,229130
2024-01-12T05:00:00Z,112.7,112.725,111.68,112.09,124423
2024-01-11T05:00:00Z,112.52,112.52,111.21,112.145,164190
2024-01-10T05:00:00Z,111.82,112.51,111.725,112.35,293438
2024-01-09T05:00:00Z,111.24,111.93,111.02,111.82,120010
2024-01-08T05:00:00Z,111.135,112.14,110.64,112.12,180242
2024-01-05T05:00:00Z,111.135,111.92,111.05,111.45,174124
2024-01-04T05:00:00Z,111.33,112.215,111.23,111.28,226613
2024-01-03T05:00:00Z,112.325,112.325,111.105,111.135,309304
2024-01-02T05:00:00Z,113.32,113.94,112.5,112.8,175178
2023-12-29T05:00:00Z,114.01,114.385,113.515,113.94,166377
2023-12-28T05:00:00Z,113.84,114.35,113.84,114.13,279771
2023-12-27T05:00:00Z,113.9,114.37,113.75,114.08,94809
2023-12-26T05:00:00Z,113.1,114.17,113.1,113.92,115571
2023-12-22T05:00:00Z,112.93,113.515,112.72,113.095,108584
2023-12-21T05:00:00Z,112.21,112.62,111.72,112.6,110196
2023-12-20T05:00:00Z,112.35,113.355,111.395,111.41,214412
2023-12-19T05:00:00Z,112.69,113.38,112.69,113.27,148353
2023-12-18T05:00:00Z,112.65,112.745,112.285,112.425,177915
2023-12-15T05:00:00Z,112.9,113.375,112.51,112.915,496304
2023-12-14T05:00:00Z,112.505,113.425,112.345,113.21,477441
2023-12-13T05:00:00Z,110.54,111.93,109.925,111.75,377694
2023-12-12T05:00:00Z,110.045,110.725,109.8,110.49,179421
2023-12-11T05:00:00Z,109.215,110.13,109.21,109.98,312828
2023-12-08T05:00:00Z,108.7,109.49,108.675,108.96,161965
2023-12-07T05:00:00Z,108.845,108.93,108.31,108.62,169440
2023-12-06T05:00:00Z,108.62,109.1,108.36,108.53,194510
2023-12-05T05:00:00Z,108.58,108.61,107.915,108.02,211107
2023-12-04T05:00:00Z,107.92,108.97,107.92,108.92,244261
2023-12-01T05:00:00Z,107.22,108.805,107.09,108.715,335084
2023-11-30T05:00:00Z,106.17,107.105,105.79,107.04,253268
2023-11-29T05:00:00Z,106.14,106.405,105.685,105.88,251743
2023-11-28T05:00:00Z,105.97,106.355,105.37,105.5,167633
2023-11-27T05:00:00Z,105.98,106.08,105.595,105.77,190164
2023-11-24T05:00:00Z,106.215,106.54,106.14,106.36,108184
2023-11-22T05:00:00Z,105.81,106.395,105.625,106.09,166783
2023-11-21T05:00:00Z,105.665,106.03,105.445,105.86,142271
2023-11-20T05:00:00Z,105.49,106.205,105.06,105.93,231007
2023-11-17T05:00:00Z,105.65,105.65,105.15,105.58,201283
2023-11-16T05:00:00Z,105.08,105.485,104.525,104.96,223944
2023-11-15T05:00:00Z,104.87,105.71,104.85,104.94,261710
2023-11-14T05:00:00Z,104,105.11,103.92,104.705,381330
2023-11-13T05:00:00Z,102.43,102.84,102.175,102.61,126461
2023-11-10T05:00:00Z,101.64,102.655,101.32,102.53,237216
2023-11-09T05:00:00Z,101.935,102.11,100.93,101.1,379602
2023-11-08T05:00:00Z,101.425,101.615,100.91,101.335,158909
2023-11-07T05:00:00Z,100.66,101.235,100.4,101.06,191013
2023-11-06T05:00:00Z,101.59,101.73,100.855,101.33,171129
2023-11-03T04:00:00Z,101.68,102.14,101.555,101.56,361913
2023-11-02T04:00:00Z,99.67,100.8,99.67,100.73,268273
2023-11-01T04:00:00Z,98.455,98.87,97.79,98.68,396616
2023-10-31T04:00:00Z,97.66,98.455,97.28,98.36,367383
2023-10-30T04:00:00Z,97.23,97.96,96.71,97.62,310837
2023-10-27T04:00:00Z,97.29,97.51,96.12,96.45,309143
2023-10-26T04:00:00Z,97.84,98.46,97.245,97.27,400896
2023-10-25T04:00:00Z,98.85,98.91,97.665,97.72,343885
2023-10-24T04:00:00Z,99.49,99.65,98.56,98.95,322090
2023-10-23T04:00:00Z,98.62,99.615,98.195,98.27,272197
2023-10-20T04:00:00Z,99.89,100.03,98.66,98.715,259346
2023-10-19T04:00:00Z,100.81,101.435,99.53,99.73,299763
2023-10-18T04:00:00Z,102.37,102.37,100.495,100.62,420417
2023-10-17T04:00:00Z,102.39,103.805,102.38,103.155,246308
2023-10-16T04:00:00Z,102.6,103.36,102.29,102.79,297174
2023-10-13T04:00:00Z,102.86,103.13,101.3,101.775,313876
2023-10-12T04:00:00Z,103.83,103.83,101.88,102.64,235482
2023-10-11T04:00:00Z,103.27,103.645,102.795,103.59,227524
2023-10-10T04:00:00Z,102.8,103.575,102.4,102.96,272037
2023-10-09T04:00:00Z,101.09,102.47,101,102.38,232396
2023-10-06T04:00:00Z,99.055,101.36,98.7,100.76,374903
2023-10-05T04:00:00Z,99.9,100.13,99.02,99.395,300979
2023-10-04T04:00:00Z,99.62,100.16,98.93,100.02,307701
2023-10-03T04:00:00Z,100.05,100.775,99.28,99.605,318476
2023-10-02T04:00:00Z,101.085,101.37,99.94,100.39,239759
2023-09-29T04:00:00Z,102.54,102.55,101.04,101.36,257792
2023-09-28T04:00:00Z,101.55,102.62,101.3,101.94,275359
2023-09-27T04:00:00Z,101.25,101.79,100.71,101.49,332395
2023-09-26T04:00:00Z,101.58,101.935,100.63,100.71,369900
2023-09-25T04:00:00Z,101.455,102.315,101.39,102.265,189271
2023-09-22T04:00:00Z,102.03,102.43,101.745,101.82,272850
2023-09-21T04:00:00Z,103.45,103.45,102.1,102.125,289447
2023-09-20T04:00:00Z,104.84,105.325,103.78,103.82,249067
2023-09-19T04:00:00Z,104.45,104.57,103.495,104.23,177977
2023-09-18T04:00:00Z,104.65,105.27,104.36,104.73,211217
2023-09-15T04:00:00Z,105.26,105.64,104.7,105.02,404974
2023-09-14T04:00:00Z,105.14,105.63,105,105.595,400324
2023-09-13T04:00:00Z,105.1,105.42,104.11,104.56,469972
2023-09-12T04:00:00Z,105.15,105.86,105.04,105.25,180601
2023-09-11T04:00:00Z,105.95,106.07,105.115,105.64,167990
2023-09-08T04:00:00Z,106.23,106.32,105.415,105.65,158530
2023-09-07T04:00:00Z,106.26,106.58,105.5,106.14,216567
2023-09-06T04:00:00Z,106.76,107.295,105.93,106.44,229475
2023-09-05T04:00:00Z,108.58,108.62,106.93,106.97,210703
2023-09-01T04:00:00Z,108.92,109.12,108.36,108.75,139001
2023-08-31T04:00:00Z,108.97,109.12,108.21,108.21,123536
2023-08-30T04:00:00Z,108.3,109.07,108.3,108.745,250556
2023-08-29T04:00:00Z,107.23,108.28,107.03,108.23,335624
2023-08-28T04:00:00Z,107.1,107.74,107.07,107.42,225356
2023-08-25T04:00:00Z,106.24,106.905,105.33,106.53,348182
2023-08-24T04:00:00Z,106.59,107.285,105.62,105.62,259159
2023-08-23T04:00:00Z,106.05,107.06,106.005,106.93,328699
2023-08-22T04:00:00Z,106.36,106.7,105.61,105.87,217507
2023-08-21T04:00:00Z,106.24,106.44,105.36,106.08,169102
2023-08-18T04:00:00Z,105.38,106.55,105.37,106.26,343481
2023-08-17T04:00:00Z,107.25,107.48,106.005,106.04,331821
2023-08-16T04:00:00Z,107.44,108.185,106.855,106.93,241029
2023-08-15T04:00:00Z,108.27,108.27,107.42,107.51,223857
2023-08-14T04:00:00Z,108.78,108.98,108.5,108.89,123232
2023-08-11T04:00:00Z,108.6,109.12,108.44,108.87,134997
2023-08-10T04:00:00Z,109.16,109.95,108.475,108.72,128770
2023-08-09T04:00:00Z,109.1,109.5,108.61,108.97,193040
2023-08-08T04:00:00Z,109.05,109.27,108.19,109.07,206348
2023-08-07T04:00:00Z,108.65,109.71,108.65,109.57,159440
2023-08-04T04:00:00Z,109.31,109.37,108.075,108.23,195644
2023-08-03T04:00:00Z,109.29,109.42,108.73,108.89,189624
2023-08-02T04:00:00Z,110.27,110.6,109.415,109.59,228318
2023-08-01T04:00:00Z,110.17,111.1,110.07,110.77,179190
2023-07-31T04:00:00Z,110.38,110.59,110,110.415,141641
2023-07-28T04:00:00Z,110.215,110.345,109.765,110.15,156657
2023-07-27T04:00:00Z,110.37,110.37,109.205,109.495,211581
2023-07-26T04:00:00Z,110.03,110.54,109.875,110.405,173763
2023-07-25T04:00:00Z,108.85,109.735,108.65,109.64,196172
2023-07-24T04:00:00Z,109.525,110.13,109.49,109.82,110037
2023-07-21T04:00:00Z,109.97,110.19,109.54,109.54,187472
2023-07-20T04:00:00Z,109.79,110.33,109.46,110.075,222683
2023-07-19T04:00:00Z,109.35,109.88,108.935,109.59,162362
2023-07-18T04:00:00Z,109.03,109.985,109.03,109.655,132735
2023-07-17T04:00:00Z,108.42,109.37,108.25,108.99,110491
2023-07-14T04:00:00Z,108.74,108.74,108.06,108.54,148692
2023-07-13T04:00:00Z,108.945,109.17,108.53,108.91,186389
2023-07-12T04:00:00Z,109.8,109.86,108.68,108.76,258569
2023-07-11T04:00:00Z,108.005,109.135,107.99,108.98,253436
2023-07-10T04:00:00Z,106.27,107.7,106.25,107.7,255306
2023-07-07T04:00:00Z,105.74,107.22,105.65,106.18,181240
2023-07-06T04:00:00Z,105.96,106.26,105.355,105.95,235555
2023-07-05T04:00:00Z,106.63,107.12,106.43,106.75,156933
2023-07-03T04:00:00Z,106.83,107.55,106.48,107.36,109974
2023-06-30T04:00:00Z,107.09,107.61,106.62,107.29,206644
2023-06-29T04:00:00Z,105.31,106.435,105.19,106.385,125215
2023-06-28T04:00:00Z,105.42,105.585,105.03,105.4,172100
2023-06-27T04:00:00Z,104.3,105.495,104.21,105.4,292977
2023-06-26T04:00:00Z,103.21,104.34,103.21,104.115,182466
2023-06-23T04:00:00Z,103.215,103.68,102.925,103.275,207513
2023-06-22T04:00:00Z,104.44,104.49,103.895,104.07,256395
2023-06-21T04:00:00Z,103.765,105.115,103.49,104.81,174046
2023-06-20T04:00:00Z,104.5,104.65,103.85,104.255,157138
2023-06-16T04:00:00Z,105.98,106.59,105.3,105.43,246459
2023-06-15T04:00:00Z,103.95,105.825,103.95,105.62,276787
2023-06-14T04:00:00Z,104.64,104.845,103.605,103.995,227539
2023-06-13T04:00:00Z,103.32,104.415,103.19,104.34,333358
2023-06-12T04:00:00Z,102.47,103.3,102.14,103.15,179533
2023-06-09T04:00:00Z,102.74,102.74,101.75,102.415,157686
2023-06-08T04:00:00Z,102.34,102.905,101.88,102.67,194099
2023-06-07T04:00:00Z,101.01,102.555,100.61,102.49,269279
2023-06-06T04:00:00Z,100.07,101.03,99.95,100.87,282113
2023-06-05T04:00:00Z,101.01,101.03,100.14,100.27,156217
2023-06-02T04:00:00Z,99.08,101.235,99.06,100.95,410629
2023-06-01T04:00:00Z,97.19,98.31,96.81,98.075,348761
2023-05-31T04:00:00Z,97.81,97.94,96.525,96.84,258641
2023-05-30T04:00:00Z,98.46,98.71,97.71,98.2,155197
2023-05-26T04:00:00Z,97.87,98.705,97.82,98.34,306120
2023-05-25T04:00:00Z,97.39,97.83,96.74,97.58,297743
2023-05-24T04:00:00Z,98.265,98.27,97.155,97.28,234008
2023-05-23T04:00:00Z,99.32,99.595,98.39,98.56,327506
2023-05-22T04:00:00Z,99.93,100.37,98.955,99.76,169884
2023-05-19T04:00:00Z,100.795,100.88,99.29,99.78,187319
2023-05-18T04:00:00Z,99.11,100.165,98.86,100.04,171113
2023-05-17T04:00:00Z,98.3,99.6,98.19,99.29,256201
2023-05-16T04:00:00Z,98.59,98.59,97.62,97.63,220812
2023-05-15T04:00:00Z,98.59,99.29,98.1,99,137385
2023-05-12T04:00:00Z,98.87,99.14,97.75,98.48,193583
2023-05-11T04:00:00Z,98.51,98.605,97.87,98.43,293740
2023-05-10T04:00:00Z,100.06,100.06,97.88,99.055,180629
2023-05-09T04:00:00Z,98.92,99.52,98.71,99.36,150712
2023-05-08T04:00:00Z,99.99,100.04,98.81,99.16,149931
2023-05-05T04:00:00Z,98.91,99.8,98.805,99.5,159709
2023-05-04T04:00:00Z,99.09,99.205,97.505,98.03,255170
2023-05-03T04:00:00Z,99.845,100.405,99.07,99.105,205631
2023-05-02T04:00:00Z,100.17,100.17,98.38,99.47,229977
2023-05-01T04:00:00Z,100.015,101.1,100.015,100.52,205166
2023-04-28T04:00:00Z,99.03,100.145,99.005,100,306908
2023-04-27T04:00:00Z,97.475,99.145,97.28,99.095,356154
2023-04-26T04:00:00Z,98.29,98.58,96.925,97.13,296933
2023-04-25T04:00:00Z,100.25,100.27,98.93,99,245881
2023-04-24T04:00:00Z,100.78,101.2,100.445,100.86,110303
2023-04-21T04:00:00Z,101.06,101.06,100.245,100.63,158395
2023-04-20T04:00:00Z,100.59,101.23,100.51,100.85,200409
2023-04-19T04:00:00Z,100.79,101.16,100.58,101.01,159462
2023-04-18T04:00:00Z,101.07,101.64,100.73,101.08,166504
2023-04-17T04:00:00Z,100.09,100.63,99.95,100.63,171062
2023-04-14T04:00:00Z,99.68,100.365,99.255,99.86,261664
2023-04-13T04:00:00Z,99.6,100.135,98.565,99.97,307393
2023-04-12T04:00:00Z,99.775,100.16,99.31,99.58,214786
2023-04-11T04:00:00Z,99.03,99.7,98.9,99.26,322569
2023-04-10T04:00:00Z,97.51,98.66,97.44,98.66,151391
2023-04-06T04:00:00Z,97.61,98.15,97.36,97.77,208667
2023-04-05T04:00:00Z,98.69,99.005,97.5,97.82,308444
2023-04-04T04:00:00Z,101.35,101.395,98.745,99.11,398749
2023-04-03T04:00:00Z,100.97,101.77,100.64,101.36,282729
2023-03-31T04:00:00Z,100.35,101.24,100.25,101.18,304208
2023-03-30T04:00:00Z,100.22,100.32,99.555,99.88,178047
2023-03-29T04:00:00Z,99.18,99.695,98.945,99.61,221389
2023-03-28T04:00:00Z,97.705,98.595,97.68,98.215,147818
2023-03-27T04:00:00Z,97.67,98.035,97.105,97.71,201393
2023-03-24T04:00:00Z,95.81,96.965,95.22,96.92,366389
2023-03-23T04:00:00Z,97.04,98.14,95.925,96.55,371402
2023-03-22T04:00:00Z,98.695,99.1,96.8,96.8,223368
2023-03-21T04:00:00Z,98.795,99.07,98.17,98.61,278047
2023-03-20T04:00:00Z,96.81,97.785,96.76,97.52,261336
2023-03-17T04:00:00Z,97.91,97.95,96.215,96.63,657366
2023-03-16T04:00:00Z,96.36,98.57,96.22,98.255,558231
2023-03-15T04:00:00Z,97.74,97.76,95.5,97.01,601268
2023-03-14T04:00:00Z,99.775,100.48,98.32,99.515,300100
2023-03-13T04:00:00Z,97.93,99.335,97.61,98.46,586595
2023-03-10T05:00:00Z,100.88,101.21,98.695,99.08,436346
2023-03-09T05:00:00Z,102.92,103.25,100.735,100.89,190622
2023-03-08T05:00:00Z,102.39,102.625,101.65,102.39,294042
2023-03-07T05:00:00Z,103.46,103.61,102.08,102.16,190672
2023-03-06T05:00:00Z,103.725,104.16,103.345,103.465,245682
2023-03-03T05:00:00Z,103,103.835,102.415,103.68,241898
2023-03-02T05:00:00Z,100.83,102.755,100.8,102.57,158044
2023-03-01T05:00:00Z,100.925,101.885,100.74,101.35,271365
2023-02-28T05:00:00Z,101.07,101.59,100.87,100.975,271493
2023-02-27T05:00:00Z,101.56,101.935,100.975,101.19,170656
2023-02-24T05:00:00Z,99.81,100.45,99.41,100.31,245556
2023-02-23T05:00:00Z,101.035,101.49,99.845,100.89,209872
2023-02-22T05:00:00Z,100.78,101.23,100.01,100.43,184774
2023-02-21T05:00:00Z,102.36,102.58,100.58,100.67,268273
2023-02-17T05:00:00Z,102.3,103.09,101.92,103.05,171058
2023-02-16T05:00:00Z,102.25,103.135,101.915,102.35,196619
2023-02-15T05:00:00Z,102.22,103.455,102.02,103.44,152044
2023-02-14T05:00:00Z,102.71,103.26,101.735,102.76,172888
2023-02-13T05:00:00Z,102.285,103.13,102.19,103.05,120336
2023-02-10T05:00:00Z,101.34,102.215,101.08,102.16,201994
2023-02-09T05:00:00Z,102.87,103.075,101.135,101.42,187347
2023-02-08T05:00:00Z,102.33,102.83,102,102.31,152688
2023-02-07T05:00:00Z,102.3,103.185,101.28,102.88,200033
2023-02-06T05:00:00Z,102.56,102.905,102.19,102.66,199007
2023-02-03T05:00:00Z,102.75,103.685,102.59,102.86,401255
2023-02-02T05:00:00Z,102.735,103.985,102.365,103.41,524428
2023-02-01T05:00:00Z,101.36,103.32,101.04,102.56,421117
2023-01-31T05:00:00Z,100.44,101.87,100.11,101.87,266763
2023-01-30T05:00:00Z,100.63,101.47,100.065,100.15,322471
2023-01-27T05:00:00Z,100.55,101.61,100.43,101.11,280730
2023-01-26T05:00:00Z,100.71,100.79,99.48,100.78,334756
2023-01-25T05:00:00Z,99.67,100.43,98.825,100.22,288428
2023-01-24T05:00:00Z,99.96,101.015,99.01,100.73,303331
2023-01-23T05:00:00Z,99.26,100.605,98.88,100.09,264815
2023-01-20T05:00:00Z,97.77,99.02,97.31,99,320287
2023-01-19T05:00:00Z,99.12,99.28,97.625,97.64,561243
2023-01-18T05:00:00Z,101.84,102.165,99.625,99.69,371231
2023-01-17T05:00:00Z,102.49,102.53,101.485,101.56,264287
2023-01-13T05:00:00Z,101.56,102.535,101.45,102.43,456315
2023-01-12T05:00:00Z,102.35,102.975,101.53,102.6,297133
2023-01-11T05:00:00Z,101.5,102,101.035,101.97,365174
2023-01-10T05:00:00Z,100.235,101.07,100.1,101.02,270383
2023-01-09T05:00:00Z,101.11,102.06,100.33,100.49,317209
2023-01-06T05:00:00Z,99.235,101.175,99.05,100.88,514100
2023-01-05T05:00:00Z,98.76,98.93,97.985,98.23,357558
2023-01-04T05:00:00Z,98.66,99.605,98.53,99.31,391671
2023-01-03T05:00:00Z,98.57,98.925,97.515,98.42,346793
2022-12-30T05:00:00Z,98.1,98.395,97.29,98.23,158712
2022-12-29T05:00:00Z,97.945,98.89,97.77,98.61,296980
2022-12-28T05:00:00Z,98.825,99.07,97.4,97.41,240786
2022-12-27T05:00:00Z,98.58,99.15,98.19,98.69,184225
2022-12-23T05:00:00Z,97.8,98.505,97.43,98.35,121642
2022-12-22T05:00:00Z,98.38,98.46,96.31,97.82,253920
2022-12-21T05:00:00Z,98.23,99.235,98.08,99.09,167626
2022-12-20T05:00:00Z,97.03,97.855,96.84,97.25,204008
2022-12-19T05:00:00Z,97.6,98.25,96.665,97.13,257232
2022-12-16T05:00:00Z,97.57,98.3,97.135,98.09,333525
2022-12-15T05:00:00Z,99.77,100.04,98.015,98.52,391397
2022-12-14T05:00:00Z,101.38,102.275,100.41,100.94,216295
2022-12-13T05:00:00Z,103.175,103.175,100.41,101.17,555612
2022-12-12T05:00:00Z,99.31,100.8,99.23,100.77,149069
2022-12-09T05:00:00Z,99.86,100.235,99.045,99.085,190735
2022-12-08T05:00:00Z,99.755,100.48,99.55,99.9,145577
2022-12-07T05:00:00Z,99.28,99.97,99.115,99.34,183491
2022-12-06T05:00:00Z,100.79,100.85,98.685,99.47,239154
2022-12-05T05:00:00Z,101.385,101.48,100.465,100.61,198297
2022-12-02T05:00:00Z,100.72,102.65,100.7,102.33,245022
2022-12-01T05:00:00Z,102.07,102.34,100.975,101.75,350411
2022-11-30T05:00:00Z,100.065,101.705,98.95,101.705,422428
2022-11-29T05:00:00Z,99.68,100.23,99.38,100.13,112634
2022-11-28T05:00:00Z,100.54,100.92,99.145,99.505,202109
2022-11-25T05:00:00Z,101.22,101.495,101.02,101.32,99896
2022-11-23T05:00:00Z,100.65,101.27,100.585,100.93,94774
2022-11-22T05:00:00Z,100.23,100.75,100.105,100.51,222906
2022-11-21T05:00:00Z,99.24,100.06,99.16,99.79,208261
2022-11-18T05:00:00Z,99.61,99.88,98.815,99.42,181739
2022-11-17T05:00:00Z,97.66,98.74,97.11,98.72,213942
2022-11-16T05:00:00Z,99.49,99.63,98.655,98.86,196628
2022-11-15T05:00:00Z,99.975,100.17,98.77,99.64,249604
2022-11-14T05:00:00Z,99.18,100.255,98.9,98.91,176751
2022-11-11T05:00:00Z,99.62,100.18,99.16,99.56,182704
2022-11-10T05:00:00Z,98.43,99.72,97.86,99.595,542383
2022-11-09T05:00:00Z,96.31,97,95.455,95.57,258129
2022-11-08T05:00:00Z,96.42,97.375,95.795,96.94,224711
2022-11-07T05:00:00Z,95.445,96.24,94.905,96.11,197737
2022-11-04T04:00:00Z,94.78,95.31,93.5,95.13,233347
2022-11-03T04:00:00Z,91.72,94.395,91.61,93.6,348526
2022-11-02T04:00:00Z,93.71,95.62,92.55,92.61,254947
2022-11-01T04:00:00Z,95.075,95.16,93.67,94.26,214394
2022-10-31T04:00:00Z,94.06,94.94,94,94.31,226703
2022-10-28T04:00:00Z,92.63,94.7,92.5,94.63,219660
2022-10-27T04:00:00Z,92.41,93.55,92.325,92.46,189766
2022-10-26T04:00:00Z,91.71,92.705,91.09,91.39,200706
2022-10-25T04:00:00Z,89.77,91.15,89.74,91.105,169923
2022-10-24T04:00:00Z,89.32,90.19,89.075,89.89,199665
2022-10-21T04:00:00Z,86.36,88.84,86.1,88.69,248665
2022-10-20T04:00:00Z,87.81,88.305,86.18,86.34,150181
2022-10-19T04:00:00Z,88.15,88.81,87.36,88.06,182426
2022-10-18T04:00:00Z,88.455,88.875,87.465,88.685,216971
2022-10-17T04:00:00Z,86.31,87.02,86.145,86.57,217043
2022-10-14T04:00:00Z,87.165,87.38,84.56,84.78,125952
2022-10-13T04:00:00Z,83.09,87.06,82.77,86.62,363513
2022-10-12T04:00:00Z,85.405,85.78,84.75,84.75,125148
2022-10-11T04:00:00Z,85.21,86.6,84.9,85.45,220071
2022-10-10T04:00:00Z,85.84,86.29,84.75,85.46,162453
2022-10-07T04:00:00Z,86.02,86.1,84.635,85.21,179750
2022-10-06T04:00:00Z,87.42,88.02,86.635,86.83,166615
2022-10-05T04:00:00Z,87.295,88.575,86.955,87.81,154290
2022-10-04T04:00:00Z,86.67,88.33,86.67,88.31,200093
2022-10-03T04:00:00Z,83.76,86.01,83.52,85.32,250285
2022-09-30T04:00:00Z,83.7,84.44,82.75,82.9,215024
2022-09-29T04:00:00Z,84.69,84.75,83.17,83.91,183434
2022-09-28T04:00:00Z,83.95,85.89,83.68,85.415,192743
2022-09-27T04:00:00Z,84.54,84.87,82.885,83.59,260637
2022-09-26T04:00:00Z,84.55,85.15,83.5,83.82,161796
2022-09-23T04:00:00Z,85.485,85.49,83.715,84.81,294892
2022-09-22T04:00:00Z,87.46,87.59,86.25,86.36,202743
2022-09-21T04:00:00Z,89.73,90.32,87.68,87.68,195303
2022-09-20T04:00:00Z,89.36,89.36,88.155,88.86,125990
2022-09-19T04:00:00Z,88.18,90.115,88.16,89.99,203798
2022-09-16T04:00:00Z,89.05,89.6,88.44,89.19,349746
2022-09-15T04:00:00Z,92,92.62,90.82,91.07,241175
2022-09-14T04:00:00Z,92.26,92.44,90.95,92.08,259923
2022-09-13T04:00:00Z,93.92,94.51,91.91,92.22,250327
2022-09-12T04:00:00Z,95.76,96.34,95.395,95.885,133766
2022-09-09T04:00:00Z,94.7,95.485,94.64,95.27,205493
2022-09-08T04:00:00Z,93.15,94.105,92.705,94.06,136881
2022-09-07T04:00:00Z,92.05,94.02,92.01,93.81,499220
2022-09-06T04:00:00Z,92.27,92.765,91.52,92.32,182674
2022-09-02T04:00:00Z,94.09,94.18,91.73,92.16,214075
2022-09-01T04:00:00Z,92.37,93.115,91.92,93.055,283169
2022-08-31T04:00:00Z,94.02,94.27,92.85,92.92,276106
2022-08-30T04:00:00Z,95.36,95.42,93.36,93.71,206439
2022-08-29T04:00:00Z,94.76,95.84,94.57,95.08,241675
2022-08-26T04:00:00Z,99.06,99.105,95.455,95.53,153670
2022-08-25T04:00:00Z,97.93,98.98,97.86,98.97,174154
2022-08-24T04:00:00Z,97.3,97.745,97.08,97.45,131466
2022-08-23T04:00:00Z,96.91,97.76,96.87,97.13,237274
2022-08-22T04:00:00Z,97.56,97.78,96.83,96.97,163409
2022-08-19T04:00:00Z,99.48,99.5,98.58,98.89,158359
2022-08-18T04:00:00Z,99.84,100.27,99.58,100.15,160716
2022-08-17T04:00:00Z,99.43,100.185,99.23,99.74,140300
2022-08-16T04:00:00Z,99.655,100.96,99.655,100.52,146531
2022-08-15T04:00:00Z,99.13,100.21,99.04,100.08,130121
2022-08-12T04:00:00Z,98.715,99.87,98.49,99.825,175445
2022-08-11T04:00:00Z,98.48,99.2,98.17,98.35,148929
2022-08-10T04:00:00Z,97.255,98.15,97.045,97.83,174547
2022-08-09T04:00:00Z,96.13,96.22,95.54,95.74,108085
2022-08-08T04:00:00Z,96.81,97.05,95.86,96.08,150438
2022-08-05T04:00:00Z,95.15,96.18,95.15,96.15,148987
2022-08-04T04:00:00Z,95.795,96.25,95.47,95.94,113068
2022-08-03T04:00:00Z,95.2,95.91,94.5,95.62,114951
2022-08-02T04:00:00Z,95.42,95.905,94.56,94.71,165103
2022-08-01T04:00:00Z,95.07,96.05,94.89,95.73,159910
2022-07-29T04:00:00Z,93.88,95.835,93.775,95.63,288427
2022-07-28T04:00:00Z,92.255,93.805,92.01,93.73,383194
2022-07-27T04:00:00Z,90.94,92.235,90.44,91.78,285160
2022-07-26T04:00:00Z,90.6,91.205,90.2,90.39,169113
2022-07-25T04:00:00Z,90.57,91.13,90.01,90.87,206352
2022-07-22T04:00:00Z,91.12,91.31,90.07,90.46,274905
2022-07-21T04:00:00Z,89.86,90.76,89.49,90.74,162861
2022-07-20T04:00:00Z,89.39,90.33,89.15,90.09,235044
2022-07-19T04:00:00Z,87.07,89.55,87.02,89.395,263346
2022-07-18T04:00:00Z,87.58,87.94,86.08,86.33,198417
2022-07-15T04:00:00Z,86.64,86.97,85.83,86.85,298353
2022-07-14T04:00:00Z,84.64,85.59,84.28,85.49,211510
2022-07-13T04:00:00Z,85.65,86.69,85.465,85.96,245476
2022-07-12T04:00:00Z,86.9,88.225,86.745,87.07,200240
2022-07-11T04:00:00Z,87.44,87.9,87.13,87.33,216026
2022-07-08T04:00:00Z,88.16,88.44,87.23,87.895,184831
2022-07-07T04:00:00Z,87.89,88.5,87.31,88.31,198411
2022-07-06T04:00:00Z,86.87,87.81,86.17,87.275,256242
2022-07-05T04:00:00Z,86.64,86.81,85.28,86.75,390309
2022-07-01T04:00:00Z,87.2,88.37,86.52,88.11,329462
2022-06-30T04:00:00Z,85.99,87.67,85.62,87.36,245080
2022-06-29T04:00:00Z,87.76,87.76,86.39,87.06,195651
2022-06-28T04:00:00Z,89.26,90.2,87.52,87.59,124923
2022-06-27T04:00:00Z,89.22,89.24,88.24,88.59,187938
2022-06-24T04:00:00Z,86.64,88.81,86.63,88.81,295420
2022-06-23T04:00:00Z,86.255,86.54,84.79,85.82,294556
2022-06-22T04:00:00Z,85.36,86.95,85.36,86.27,193385
2022-06-21T04:00:00Z,86.49,87.055,85.95,86.73,251207
2022-06-17T04:00:00Z,85.66,86.405,84.58,85.55,359233
2022-06-16T04:00:00Z,86.98,87.03,85.34,85.825,384437
2022-06-15T04:00:00Z,88.57,89.8,87.42,88.74,321776
2022-06-14T04:00:00Z,88.585,89.13,87.18,87.91,268329
2022-06-13T04:00:00Z,88.95,89.17,87.575,88.125,564933
2022-06-10T04:00:00Z,92.08,92.085,90.81,90.83,295567
2022-06-09T04:00:00Z,94.97,95.455,93.6,93.605,197767
2022-06-08T04:00:00Z,96.45,96.74,95.28,95.49,196971
2022-06-07T04:00:00Z,95.13,97.325,94.8,97.25,191539
2022-06-06T04:00:00Z,96.24,96.52,95.755,95.93,173678
2022-06-03T04:00:00Z,95.11,95.79,94.97,95.57,105648
2022-06-02T04:00:00Z,94.71,95.965,93.98,95.88,290829
2022-06-01T04:00:00Z,95.17,95.44,93.35,94.13,256772
2022-05-31T04:00:00Z,94.505,95.355,93.85,94.78,367856
2022-05-27T04:00:00Z,94.215,95.48,94.215,95.47,160438
2022-05-26T04:00:00Z,92.395,94.01,92.395,93.52,284495
2022-05-25T04:00:00Z,90.87,92.025,90.58,91.7,210797
2022-05-24T04:00:00Z,90.71,91.36,89.25,91.12,270487
2022-05-23T04:00:00Z,90.75,91.425,90.18,91.21,224912
2022-05-20T04:00:00Z,91.03,91.13,88.055,89.72,345427
2022-05-19T04:00:00Z,90.64,91.87,89.71,90.69,230533
2022-05-18T04:00:00Z,94.26,94.37,91.285,91.51,302728
2022-05-17T04:00:00Z,94.47,95.22,93.68,95.07,221405
2022-05-16T04:00:00Z,92.82,93.7,92.21,92.935,272073
2022-05-13T04:00:00Z,92.63,93.595,92.175,93.1,221809
2022-05-12T04:00:00Z,91.4,92.5,90.22,91.98,285622
2022-05-11T04:00:00Z,92.68,94.105,91.62,91.78,248606
2022-05-10T04:00:00Z,94.2,94.44,91.68,92.6,303744
2022-05-09T04:00:00Z,94.46,94.72,92.84,93.26,368879
2022-05-06T04:00:00Z,95.78,95.8,93.96,95.54,351326
2022-05-05T04:00:00Z,97.83,98.27,95.42,96.24,339840
2022-05-04T04:00:00Z,95.91,98.955,95.73,98.76,291817
2022-05-03T04:00:00Z,95.78,96.59,95.15,95.95,196835
2022-05-02T04:00:00Z,95.095,96.17,93.505,95.35,364178
2022-04-29T04:00:00Z,97.67,98.05,94.955,95.21,217760
2022-04-28T04:00:00Z,96.915,98.105,95.74,97.75,314539
2022-04-27T04:00:00Z,96.295,97.47,95.79,96.61,223080
2022-04-26T04:00:00Z,97.68,98.05,96.27,96.27,285646
2022-04-25T04:00:00Z,97.9,98.56,96.235,98.44,341231
2022-04-22T04:00:00Z,100.36,100.425,98.34,98.44,270151
2022-04-21T04:00:00Z,103.04,103.08,100.67,100.925,161616
2022-04-20T04:00:00Z,102.125,102.64,101.82,101.95,155201
2022-04-19T04:00:00Z,99.89,101.535,99.89,101.43,243069
2022-04-18T04:00:00Z,99.76,100.59,99.17,99.61,146759
2022-04-14T04:00:00Z,100.37,100.855,99.925,99.98,224952
2022-04-13T04:00:00Z,99.38,100.15,99.38,100.03,157042
2022-04-12T04:00:00Z,99.56,100.555,98.705,99.11,190375
2022-04-11T04:00:00Z,99.33,100.4,99.105,99.28,236738
2022-04-08T04:00:00Z,99.98,100.485,99.38,99.59,240099
2022-04-07T04:00:00Z,99.52,100.51,98.57,100.16,273157
2022-04-06T04:00:00Z,99.715,100.09,99.155,99.84,337028
2022-04-05T04:00:00Z,101.67,102.46,100.39,100.61,968553
2022-04-04T04:00:00Z,101.95,102.125,100.81,102.04,332056
2022-04-01T04:00:00Z,103.48,103.48,101.44,102.18,389302
2022-03-31T04:00:00Z,104.245,104.925,102.96,102.99,215655
2022-03-30T04:00:00Z,104.69,105.18,104.14,104.56,185040
2022-03-29T04:00:00Z,104.405,104.76,103.7,104.7,256454
2022-03-28T04:00:00Z,103.3,103.76,102.795,103.76,214545
2022-03-25T04:00:00Z,103.285,103.755,102.84,103.74,149728
2022-03-24T04:00:00Z,102.71,103.1,102.345,103.08,204145
2022-03-23T04:00:00Z,102.9,103.065,102.295,102.3,254233
2022-03-22T04:00:00Z,103.115,103.535,102.765,103.255,210674
2022-03-21T04:00:00Z,102.23,103.105,102.09,102.715,271794
2022-03-18T04:00:00Z,102.25,102.925,101.51,102.83,454992
2022-03-17T04:00:00Z,100.53,102.46,100.53,102.45,300327
2022-03-16T04:00:00Z,100.46,101.27,99.17,101.13,286197
2022-03-15T04:00:00Z,99.265,100.03,98.61,99.82,232824
2022-03-14T04:00:00Z,98.57,99.325,97.6,98.25,339802
2022-03-11T05:00:00Z,99.42,99.9,97.9,97.9,170131
2022-03-10T05:00:00Z,97.68,98.9,97.68,98.74,422635
2022-03-09T05:00:00Z,98.84,99.58,98.42,98.84,374522
2022-03-08T05:00:00Z,98.235,99.68,97.02,97.095,559182
2022-03-07T05:00:00Z,100.205,100.78,97.68,97.68,343397
2022-03-04T05:00:00Z,99.63,100.51,99,100.41,519483
2022-03-03T05:00:00Z,101.32,101.49,100.17,100.58,294583
2022-03-02T05:00:00Z,98.85,100.96,98.78,100.48,348350
2022-03-01T05:00:00Z,99.685,100.14,97.77,98.41,661811
2022-02-28T05:00:00Z,98.505,100.09,98.3,99.87,446708
2022-02-25T05:00:00Z,97.085,99.46,97.055,99.15,343127
2022-02-24T05:00:00Z,94.11,97.03,93.46,96.8,480004
2022-02-23T05:00:00Z,97.89,97.89,95.46,95.59,350616
2022-02-22T05:00:00Z,98.25,98.83,96.87,97.41,392862
2022-02-18T05:00:00Z,99.03,99.73,98.06,98.31,300288
2022-02-17T05:00:00Z,100.21,100.35,99.01,99.15,315299
2022-02-16T05:00:00Z,100.24,101.345,99.96,101.03,276010
2022-02-15T05:00:00Z,100.02,100.91,99.92,100.46,375613
2022-02-14T05:00:00Z,99.54,99.635,98.2,98.99,287625
2022-02-11T05:00:00Z,101,101.38,98.89,99.38,306574
2022-02-10T05:00:00Z,101.43,102.76,100.39,100.9,308043
2022-02-09T05:00:00Z,102.4,102.72,102.08,102.57,229763
2022-02-08T05:00:00Z,100.46,101.38,100.05,101.175,186489
2022-02-07T05:00:00Z,100.395,100.965,99.84,100.2,302903
2022-02-04T05:00:00Z,100.73,101.045,99.29,100.11,279452
2022-02-03T05:00:00Z,102.21,102.58,101.065,101.16,320700
2022-02-02T05:00:00Z,102.01,103.05,101.58,102.86,251429
2022-02-01T05:00:00Z,101.49,102.44,100.77,102.2,377253
2022-01-31T05:00:00Z,99.135,100.84,98.82,100.77,300595
2022-01-28T05:00:00Z,98.56,99.7,96.965,99.7,434826
2022-01-27T05:00:00Z,100.645,101.55,98.36,99,425634
2022-01-26T05:00:00Z,101.35,102.49,98.88,99.87,342027
2022-01-25T05:00:00Z,100.03,101.62,98.46,100.73,380647
2022-01-24T05:00:00Z,99.76,101.93,98.08,101.72,466007
2022-01-21T05:00:00Z,102.19,102.9,100.815,101.23,474968
2022-01-20T05:00:00Z,103.72,104.72,102.015,102.13,306433
2022-01-19T05:00:00Z,104.58,104.97,103.38,103.455,249600
2022-01-18T05:00:00Z,104.945,105.04,104.035,104.605,301376
2022-01-14T05:00:00Z,105.58,105.935,104.785,105.865,246262
2022-01-13T05:00:00Z,106.605,107.425,106.13,106.41,226961
2022-01-12T05:00:00Z,106.36,106.8,105.94,106.19,168903
2022-01-11T05:00:00Z,105.425,106.04,104.3,105.92,207558
2022-01-10T05:00:00Z,106.195,106.195,104.47,105.26,202028
2022-01-07T05:00:00Z,106.575,107.185,106.455,106.47,264954
2022-01-06T05:00:00Z,106.405,106.89,105.98,106.51,180959
2022-01-05T05:00:00Z,107.235,107.86,105.99,106.01,446544
2022-01-04T05:00:00Z,105.51,107.24,105.51,107.045,244570
2022-01-03T05:00:00Z,105.99,106.21,104.395,104.915,162412
2021-12-31T05:00:00Z,105.22,106.22,105.07,105.81,146856
2021-12-30T05:00:00Z,105.88,106.3,105.275,105.35,154758
2021-12-29T05:00:00Z,105.555,105.955,105.49,105.72,122527
2021-12-28T05:00:00Z,105.11,105.795,105.105,105.55,94107
2021-12-27T05:00:00Z,104.075,105.055,103.935,105.02,108430
2021-12-23T05:00:00Z,103.345,104.25,103.345,103.9,182013
2021-12-22T05:00:00Z,102.47,102.87,102.24,102.72,259286
2021-12-21T05:00:00Z,101.18,102.6,101.18,102.39,343860
2021-12-20T05:00:00Z,100.79,100.81,99.565,100.42,533250
2021-12-17T05:00:00Z,104.17,104.29,102.415,102.455,461961
2021-12-16T05:00:00Z,105,105.26,103.85,104.23,256369
2021-12-15T05:00:00Z,103.52,104.29,102.86,104.17,336441
2021-12-14T05:00:00Z,103.7,104.705,102.87,103.23,350790
2021-12-13T05:00:00Z,105.18,105.27,104.09,104.23,328710
2021-12-10T05:00:00Z,105.35,105.56,104.85,105.34,196997
2021-12-09T05:00:00Z,104.89,105.43,104.56,104.97,237312
2021-12-08T05:00:00Z,105.145,105.435,104.725,105.26,211050
2021-12-07T05:00:00Z,104.89,105.85,104.685,104.94,217031
2021-12-06T05:00:00Z,103.215,104.57,103.09,103.9,332214
2021-12-03T05:00:00Z,102.605,102.67,101.19,102.19,300201
2021-12-02T05:00:00Z,100.165,102.67,99.82,102.28,346497
2021-12-01T05:00:00Z,102.32,102.71,99.35,99.35,388864
2021-11-30T05:00:00Z,102.58,102.885,100.695,100.76,449613
2021-11-29T05:00:00Z,104.12,104.12,102.86,103.4,319429
2021-11-26T05:00:00Z,103.33,103.78,102.49,103.18,387824
2021-11-24T05:00:00Z,105.925,106.29,105.72,106.08,193243
2021-11-23T05:00:00Z,106.185,106.575,105.66,106.19,209281
2021-11-22T05:00:00Z,106,106.995,105.82,106.01,261728
2021-11-19T05:00:00Z,106.13,106.28,105.61,105.72,231239
2021-11-18T05:00:00Z,106.53,106.64,105.72,106.25,157366
2021-11-17T05:00:00Z,107.13,107.13,106.115,106.475,254271
2021-11-16T05:00:00Z,107.135,107.645,107.02,107.08,281321
2021-11-15T05:00:00Z,107.275,107.43,106.87,107.08,119075
2021-11-12T05:00:00Z,106.305,107.075,106.055,106.91,128566
2021-11-11T05:00:00Z,106.45,106.69,105.95,106.04,199214
2021-11-10T05:00:00Z,106.985,107.28,106.22,106.51,167492
2021-11-09T05:00:00Z,107.04,107.295,106.51,107.1,263305
2021-11-08T05:00:00Z,107.3,107.51,106.42,106.825,155841
2021-11-05T04:00:00Z,106.44,107.035,106.05,106.41,292616
2021-11-04T04:00:00Z,105.125,105.645,105.125,105.37,203583
2021-11-03T04:00:00Z,104.485,104.97,104,104.9,261749
2021-11-02T04:00:00Z,104.88,105.22,104.64,105.12,332763
2021-11-01T04:00:00Z,104.71,104.97,104.285,104.79,304958
2021-10-29T04:00:00Z,104.35,104.87,104.08,104.49,184787
2021-10-28T04:00:00Z,103.33,104.48,103.33,104.46,199032
2021-10-27T04:00:00Z,104.445,104.655,103.145,103.17,205507
2021-10-26T04:00:00Z,104.81,105.35,104.4,104.4,198747
2021-10-25T04:00:00Z,104.485,105.42,104.35,104.99,137967
2021-10-22T04:00:00Z,104.64,105.185,104.485,104.78,197051
2021-10-21T04:00:00Z,103.79,104.465,103.76,104.46,220574
2021-10-20T04:00:00Z,103.64,104.305,103.355,104.2,248658
2021-10-19T04:00:00Z,103.47,103.6,102.875,103.58,227709
2021-10-18T04:00:00Z,102.165,103.065,101.93,102.98,198405
2021-10-15T04:00:00Z,102.53,103.325,102.51,102.86,287237
2021-10-14T04:00:00Z,100.815,101.935,100.67,101.895,259667
2021-10-13T04:00:00Z,99.95,100.43,98.95,100.03,269269
2021-10-12T04:00:00Z,100.255,100.61,99.61,99.845,231868
2021-10-11T04:00:00Z,100.555,101.445,100.145,100.15,192349
2021-10-08T04:00:00Z,100.97,101.195,100.57,100.93,186777
2021-10-07T04:00:00Z,101.01,101.68,100.875,100.96,261199
2021-10-06T04:00:00Z,98.72,100.21,98.215,100.17,314451
2021-10-05T04:00:00Z,98.735,100.24,98.41,99.7,300079
2021-10-04T04:00:00Z,99.08,99.63,98.04,98.615,279710
2021-10-01T04:00:00Z,98.455,99.705,97.49,99.11,408867
2021-09-30T04:00:00Z,100.25,100.25,97.74,97.74,532326
2021-09-29T04:00:00Z,100.25,100.395,99.77,99.89,254287
2021-09-28T04:00:00Z,100.65,100.93,99.55,99.8,405573
2021-09-27T04:00:00Z,101.045,101.835,100.89,100.94,238465
2021-09-24T04:00:00Z,100.43,101.12,100.43,100.85,287091
2021-09-23T04:00:00Z,99.61,101.185,99.555,100.65,344709
2021-09-22T04:00:00Z,98.705,99.77,98.705,99.12,308168
2021-09-21T04:00:00Z,99.11,99.26,97.93,98.17,435439
2021-09-20T04:00:00Z,98.37,99.06,97.79,98.87,416641
2021-09-17T04:00:00Z,101.125,101.275,100.175,100.35,424791
2021-09-16T04:00:00Z,102.235,102.235,101.305,101.415,394370
2021-09-15T04:00:00Z,101.07,102.36,100.865,102.08,231454
2021-09-14T04:00:00Z,102.5,102.5,100.78,100.96,324414
2021-09-13T04:00:00Z,102.675,102.83,101.46,102.22,258805
2021-09-10T04:00:00Z,103.085,103.085,101.92,101.95,259996
2021-09-09T04:00:00Z,102.76,103.43,102.17,102.43,271823
2021-09-08T04:00:00Z,102.53,103.11,102.155,102.92,370193
2021-09-07T04:00:00Z,104.17,104.17,102.71,102.735,475362
2021-09-03T04:00:00Z,105.045,105.125,104.54,104.59,258472
2021-09-02T04:00:00Z,104.645,105.22,104.585,105.22,212684
2021-09-01T04:00:00Z,104.645,104.645,103.735,104.125,257868
2021-08-31T04:00:00Z,104.815,104.945,104.275,104.51,279711
2021-08-30T04:00:00Z,105.09,105.26,104.575,104.805,124478
2021-08-27T04:00:00Z,104.59,105.19,104.59,104.925,224022
2021-08-26T04:00:00Z,104.5,104.59,104.005,104.23,179899
2021-08-25T04:00:00Z,103.855,105,103.855,104.65,240030
2021-08-24T04:00:00Z,103.74,104.415,103.74,103.995,87682
2021-08-23T04:00:00Z,103.14,103.915,103.095,103.465,178940
2021-08-20T04:00:00Z,102.28,102.9,102.15,102.625,322162
2021-08-19T04:00:00Z,102.2,103.06,101.785,102.33,348883
2021-08-18T04:00:00Z,103.705,104.38,103.05,103.08,226546
2021-08-17T04:00:00Z,104.755,104.755,103.26,104.245,260775
2021-08-16T04:00:00Z,104.65,105.355,104.01,105.355,213892
2021-08-13T04:00:00Z,105.24,105.49,104.86,104.995,170480
2021-08-12T04:00:00Z,105.52,105.72,104.785,105.31,220465
2021-08-11T04:00:00Z,104.37,105.535,104.025,105.51,226257
2021-08-10T04:00:00Z,103.34,104.465,103.22,104.17,240685
2021-08-09T04:00:00Z,103.1,103.38,102.64,103.105,132300
2021-08-06T04:00:00Z,103.555,103.93,103.36,103.54,172731
2021-08-05T04:00:00Z,102.86,103.395,102.705,103.08,336926
2021-08-04T04:00:00Z,103.26,103.795,102.595,102.62,624426
2021-08-03T04:00:00Z,102.97,104.015,101.99,103.99,281064
2021-08-02T04:00:00Z,103.765,104.615,102.565,102.6,232249
2021-07-30T04:00:00Z,102.98,103.57,102.9,103.345,184048
2021-07-29T04:00:00Z,103.55,103.855,102.99,103.54,220002
2021-07-28T04:00:00Z,103.38,103.43,102.21,102.76,222375
2021-07-27T04:00:00Z,102.88,103.53,102.4,103.03,263540
2021-07-26T04:00:00Z,103.67,103.835,102.9,103.585,205330
2021-07-23T04:00:00Z,103.59,103.785,103.11,103.595,189016
2021-07-22T04:00:00Z,103.73,103.73,103.03,103.16,191381
2021-07-21T04:00:00Z,102.95,103.9,102.95,103.525,502037
2021-07-20T04:00:00Z,100.08,102.69,99.94,102.55,706764
2021-07-19T04:00:00Z,100.26,100.32,98.77,99.79,541628
2021-07-16T04:00:00Z,103.12,103.19,101.785,101.925,509978
2021-07-15T04:00:00Z,102.1,103.24,102.1,102.805,604846
2021-07-14T04:00:00Z,102.94,103.27,102.255,102.59,317934
2021-07-13T04:00:00Z,103.395,103.49,102.59,102.605,327187
2021-07-12T04:00:00Z,102.95,103.74,102.7,103.6,241042
2021-07-09T04:00:00Z,103.03,103.635,102.92,103.5,441409
2021-07-08T04:00:00Z,101.635,102.52,101.035,101.83,471429
2021-07-07T04:00:00Z,102,103.465,101.995,103.35,415519
2021-07-06T04:00:00Z,102.75,102.765,101.19,102.295,288541
2021-07-02T04:00:00Z,103.18,103.465,102.72,103.26,283378
2021-07-01T04:00:00Z,103.13,103.165,102.63,103.09,304282
2021-06-30T04:00:00Z,101.545,102.57,101.545,102.45,321207
2021-06-29T04:00:00Z,102.215,102.385,101.515,101.59,287134
2021-06-28T04:00:00Z,102.35,102.35,101.36,101.79,350434
2021-06-25T04:00:00Z,102.265,102.72,102.175,102.34,422996
2021-06-24T04:00:00Z,101.98,102.3,101.44,102.125,383469
2021-06-23T04:00:00Z,101.78,102.065,101.35,101.355,285919
2021-06-22T04:00:00Z,101.36,101.965,100.915,101.63,208563
2021-06-21T04:00:00Z,100.13,101.605,100.13,101.5,305706
2021-06-18T04:00:00Z,99.735,100.455,99.55,99.595,631914
2021-06-17T04:00:00Z,102.55,102.69,99.98,100.9,492112
2021-06-16T04:00:00Z,103.49,103.49,102.2,102.47,440447
2021-06-15T04:00:00Z,103.21,103.69,102.805,103.485,219644
2021-06-14T04:00:00Z,103.39,103.535,102.495,102.99,317521
2021-06-11T04:00:00Z,103.7,104.01,102.97,103.515,177320
2021-06-10T04:00:00Z,104.47,104.655,103.255,103.32,237470
2021-06-09T04:00:00Z,104.67,104.685,103.78,103.79,254457
2021-06-08T04:00:00Z,104.715,105.095,104.165,104.88,173305
2021-06-07T04:00:00Z,105.515,105.555,104.34,104.625,262808
2021-06-04T04:00:00Z,105.43,105.55,104.815,105.34,154692
2021-06-03T04:00:00Z,104.61,105.585,104.27,104.98,283571
2021-06-02T04:00:00Z,105.685,105.69,105.07,105.23,257467
2021-06-01T04:00:00Z,106.15,106.27,105.33,105.515,263204
2021-05-28T04:00:00Z,105.37,105.37,104.775,105.1,293009
2021-05-27T04:00:00Z,104.675,105.295,104.65,105.18,314316
2021-05-26T04:00:00Z,103.555,103.75,103.13,103.7,272823
2021-05-25T04:00:00Z,103.945,104.43,103.24,103.35,267541
2021-05-24T04:00:00Z,103.53,103.9,103.13,103.65,173030
2021-05-21T04:00:00Z,103.135,103.85,102.71,103.025,259389
2021-05-20T04:00:00Z,102.47,102.895,101.935,102.555,240692
2021-05-19T04:00:00Z,101.55,102.315,100.67,102.3,258766
2021-05-18T04:00:00Z,104.38,104.54,102.86,102.86,281460
2021-05-17T04:00:00Z,104.36,104.75,103.65,104.405,206324
2021-05-14T04:00:00Z,104.02,104.99,103.78,104.7,226172
2021-05-13T04:00:00Z,101.445,103.785,101.42,103.31,265667
2021-05-12T04:00:00Z,103.64,103.935,101.325,101.36,402484
2021-05-11T04:00:00Z,104.31,104.66,102.86,103.91,418103
2021-05-10T04:00:00Z,105.8,106.805,105.405,105.43,256244
2021-05-07T04:00:00Z,104.03,105.59,103.62,105.36,259702
2021-05-06T04:00:00Z,103.77,104.275,103.36,104.275,245959
2021-05-05T04:00:00Z,103.575,104.015,102.67,103.485,169467
2021-05-04T04:00:00Z,102.73,103.395,102.205,103.39,166237
2021-05-03T04:00:00Z,102.665,103.26,102.34,102.94,213915
2021-04-30T04:00:00Z,102.04,102.315,101.57,101.88,161486
2021-04-29T04:00:00Z,102.51,102.715,101.86,102.59,187953
2021-04-28T04:00:00Z,102.04,102.405,101.795,101.89,139290
2021-04-27T04:00:00Z,101.64,102.255,101.345,102.13,117176
2021-04-26T04:00:00Z,101.98,102.37,101.22,101.23,160381
2021-04-23T04:00:00Z,100.64,101.82,100.48,101.56,166262
2021-04-22T04:00:00Z,101.1,101.67,100.37,100.47,182336
2021-04-21T04:00:00Z,99.47,101.005,99.33,100.96,194737
2021-04-20T04:00:00Z,100.4,100.66,99.005,99.58,210897
2021-04-19T04:00:00Z,100.97,100.97,100.23,100.67,101115
2021-04-16T04:00:00Z,101.45,101.775,100.715,101.095,216493
2021-04-15T04:00:00Z,100.96,101.01,100.19,100.915,238711
2021-04-14T04:00:00Z,100.61,101.155,100.42,100.52,124715
2021-04-13T04:00:00Z,100.52,100.69,99.69,100.435,127038
2021-04-12T04:00:00Z,100.46,100.925,100.325,100.87,101011
2021-04-09T04:00:00Z,99.86,100.55,99.595,100.51,126106
2021-04-08T04:00:00Z,99.22,99.57,98.635,99.53,152954
2021-04-07T04:00:00Z,99.735,99.97,99.005,99.3,94004
2021-04-06T04:00:00Z,99.945,100.555,99.66,99.76,125320
2021-04-05T04:00:00Z,99.64,100.325,99.57,100.01,209600
2021-04-01T04:00:00Z,98.735,98.82,98.15,98.81,143089
2021-03-31T04:00:00Z,98.96,99.235,98.13,98.46,153023
2021-03-30T04:00:00Z,98.28,99,98.15,98.685,125361
2021-03-29T04:00:00Z,98.24,98.895,97.87,98.24,176208
2021-03-26T04:00:00Z,97.195,98.365,96.83,98.34,204118
2021-03-25T04:00:00Z,94.7,96.8,93.98,96.63,188008
2021-03-24T04:00:00Z,95.27,96.595,95.13,95.13,161988
2021-03-23T04:00:00Z,95.43,96.34,94.115,94.42,235446
2021-03-22T04:00:00Z,96.38,96.525,95.5,96.11,222870
2021-03-19T04:00:00Z,97.18,97.21,95.935,96.515,387454
2021-03-18T04:00:00Z,97.25,98.515,97.03,97.22,299799
2021-03-17T04:00:00Z,96.31,97.5,96.16,97.285,129370
2021-03-16T04:00:00Z,97.39,97.42,96.09,96.2,189405
2021-03-15T04:00:00Z,97.13,97.605,96.215,97.575,267108
2021-03-12T05:00:00Z,95.795,96.84,95.78,96.765,178802
2021-03-11T05:00:00Z,95.605,96.285,94.99,95.525,169332
2021-03-10T05:00:00Z,94.28,95.905,94.175,95.44,198332
2021-03-09T05:00:00Z,94.73,95.385,94.05,94.05,261264
2021-03-08T05:00:00Z,94.085,95.88,93.84,94.39,160913
2021-03-05T05:00:00Z,92.12,93.74,90.28,93.46,204051
2021-03-04T05:00:00Z,92.905,93.16,89.875,91.18,358091
2021-03-03T05:00:00Z,92.71,93.835,92.65,92.74,170248
2021-03-02T05:00:00Z,92.94,93.125,92.275,92.665,204207
2021-03-01T05:00:00Z,91.98,93.615,91.98,92.92,187188
2021-02-26T05:00:00Z,91.57,91.96,90.39,90.61,291491
2021-02-25T05:00:00Z,93.23,93.38,91.19,91.59,279217
2021-02-24T05:00:00Z,91.52,93.63,91.36,93.315,400429
2021-02-23T05:00:00Z,91.485,91.775,90.39,91.565,255633
2021-02-22T05:00:00Z,90.55,91.94,90.45,91.24,206631
2021-02-19T05:00:00Z,90.16,91.22,90.11,90.99,264677
2021-02-18T05:00:00Z,89.4,89.715,88.835,89.51,75231
2021-02-17T05:00:00Z,89.815,90.03,89.26,89.96,93529
2021-02-16T05:00:00Z,90.6,90.86,90.03,90.26,108241
2021-02-12T05:00:00Z,89.37,90.365,89.36,90.325,145390
2021-02-11T05:00:00Z,90.01,90.19,88.76,89.69,204190
2021-02-10T05:00:00Z,90.345,90.385,89.47,89.785,166325
2021-02-09T05:00:00Z,89.44,90.28,89.06,89.96,192399
2021-02-08T05:00:00Z,89.34,89.74,89.16,89.74,100819
2021-02-05T05:00:00Z,89.32,89.37,88.76,88.96,164667
2021-02-04T05:00:00Z,87.8,88.6,87.75,88.485,159925
2021-02-03T05:00:00Z,87.3,87.68,86.81,87.54,166438
2021-02-02T05:00:00Z,86.635,87.85,86.6,87.49,153886
2021-02-01T05:00:00Z,85.635,85.885,84.94,85.73,124071
2021-01-29T05:00:00Z,86.05,86.47,84.52,84.82,182052
2021-01-28T05:00:00Z,86.2,87.665,86.12,86.65,275391
2021-01-27T05:00:00Z,85.86,86.13,84.72,85.325,289234
2021-01-26T05:00:00Z,88.645,88.75,87.055,87.1,129519
2021-01-25T05:00:00Z,88.07,88.335,87.08,87.935,201374
2021-01-22T05:00:00Z,88.34,88.87,87.815,88.57,137234
2021-01-21T05:00:00Z,89.39,89.675,88.845,88.975,236934
2021-01-20T05:00:00Z,89.3,89.875,89.13,89.7,177337
2021-01-19T05:00:00Z,89.725,89.83,89.095,89.11,103854
2021-01-15T05:00:00Z,89.23,89.23,88.085,88.82,250821
2021-01-14T05:00:00Z,90.135,90.645,89.84,90,173839
2021-01-13T05:00:00Z,90.335,90.38,89.555,89.72,142342
2021-01-12T05:00:00Z,89.66,90.67,89.075,90.515,106792
2021-01-11T05:00:00Z,88.66,89.83,88.62,89.535,206437
2021-01-08T05:00:00Z,90.08,90.25,88.71,89.595,114554
2021-01-07T05:00:00Z,89.8,90.17,89.1,89.83,101045
2021-01-06T05:00:00Z,87.57,90.065,87.57,89.36,194578
2021-01-05T05:00:00Z,86.34,87.575,86.34,87.25,275413
2021-01-04T05:00:00Z,88.59,88.61,85.935,86.37,225105
2020-12-31T05:00:00Z,88.04,88.705,87.67,88.6,116988
2020-12-30T05:00:00Z,87.8,88.36,87.8,88.085,86651
2020-12-29T05:00:00Z,88.525,88.66,86.995,87.505,73163
2020-12-28T05:00:00Z,88.55,88.805,88.015,88.09,34702
2020-12-24T05:00:00Z,88.07,88.125,87.5,88,77902
2020-12-23T05:00:00Z,88.1,88.455,87.875,87.95,69785
2020-12-22T05:00:00Z,87.95,87.97,87.25,87.5,130973
2020-12-21T05:00:00Z,86.855,88.325,86.43,87.99,127507
2020-12-18T05:00:00Z,88.73,89.06,88.14,88.91,306795
2020-12-17T05:00:00Z,88.68,88.925,88.335,88.795,171772
2020-12-16T05:00:00Z,88.93,88.97,88.12,88.28,94974
2020-12-15T05:00:00Z,88.27,89.18,87.745,88.845,131771
2020-12-14T05:00:00Z,89.58,89.65,87.675,87.705,81061
2020-12-11T05:00:00Z,88.09,88.94,88.01,88.75,113873
2020-12-10T05:00:00Z,88.7,89.215,88.175,88.585,215391
2020-12-09T05:00:00Z,89.34,89.69,88.785,89.455,173178
2020-12-08T05:00:00Z,88.66,89.36,88.66,89.18,70417
2020-12-07T05:00:00Z,89.21,89.215,88.52,88.785,132059
2020-12-04T05:00:00Z,88.67,89.355,88.64,89.205,138101
2020-12-03T05:00:00Z,88.03,88.955,87.995,88.145,179059
2020-12-02T05:00:00Z,87.53,88.135,87.4,87.915,162170
2020-12-01T05:00:00Z,89.03,89.41,87.795,87.83,209441
2020-11-30T05:00:00Z,88.55,88.7,87.55,88.03,170309
2020-11-27T05:00:00Z,89.14,89.39,88.555,88.81,80114
2020-11-25T05:00:00Z,89.37,89.37,88.555,88.97,125123
2020-11-24T05:00:00Z,89.38,90.13,89.03,89.665,183801
2020-11-23T05:00:00Z,87.51,88.275,87.51,88.06,125453
2020-11-20T05:00:00Z,87.27,87.565,86.49,86.675,90037
2020-11-19T05:00:00Z,87,87.525,86.47,87.515,121354
2020-11-18T05:00:00Z,88.19,88.665,87.255,87.255,356370
2020-11-17T05:00:00Z,87.11,87.88,86.32,87.62,104944
2020-11-16T05:00:00Z,87.27,87.99,86.45,87.84,245464
2020-11-13T05:00:00Z,84.6,85.855,84.6,85.765,113888
2020-11-12T05:00:00Z,84.275,84.765,83.345,83.895,171734
2020-11-11T05:00:00Z,86.1,86.1,84.445,84.845,163095
2020-11-10T05:00:00Z,84.455,85.93,84.13,85.535,152917
2020-11-09T05:00:00Z,86.755,87.85,84.055,84.095,185069
2020-11-06T05:00:00Z,81.19,81.7,80.79,81.305,151430
2020-11-05T05:00:00Z,80.56,81.785,80.56,81.315,135846
2020-11-04T05:00:00Z,79.89,81.165,78.88,79.38,188785
2020-11-03T05:00:00Z,79.08,80.665,78.83,80.215,689693
2020-11-02T05:00:00Z,77.005,78.06,76.48,77.885,180797
2020-10-30T04:00:00Z,75.54,76.15,74.8,75.86,271224
2020-10-29T04:00:00Z,74.82,76.575,74.67,75.94,176604
2020-10-28T04:00:00Z,75.825,76.67,74.805,74.81,237136
2020-10-27T04:00:00Z,78.89,78.98,77.405,77.435,153968
2020-10-26T04:00:00Z,80.125,80.19,78.295,79.14,189195
2020-10-23T04:00:00Z,81.27,81.47,80.57,81.145,130478
2020-10-22T04:00:00Z,80.37,80.985,80.14,80.845,157103
2020-10-21T04:00:00Z,80.75,81.375,80.215,80.22,253353
2020-10-20T04:00:00Z,81.085,82.035,80.835,81.01,182086
2020-10-19T04:00:00Z,81.715,82.105,80.285,80.565,177896
2020-10-16T04:00:00Z,81.4,82.09,81.4,81.58,214150
2020-10-15T04:00:00Z,79.78,81.045,79.75,81.02,183656
2020-10-14T04:00:00Z,80.71,81.3,80.6,80.75,182904
2020-10-13T04:00:00Z,80.69,81.05,80.06,80.3,131472
2020-10-12T04:00:00Z,81.095,81.455,80.88,81.17,115997
2020-10-09T04:00:00Z,80.96,81.26,80.485,80.715,269173
2020-10-08T04:00:00Z,80,80.405,79.46,80.385,223979
2020-10-07T04:00:00Z,78.81,79.85,78.805,79.625,185938
2020-10-06T04:00:00Z,79.16,79.705,77.83,77.965,284658
2020-10-05T04:00:00Z,78.32,79.015,78.32,78.84,222981
2020-10-02T04:00:00Z,75.47,78.045,75.47,77.605,289599
2020-10-01T04:00:00Z,77.56,77.86,76.235,76.75,291313
2020-09-30T04:00:00Z,77.59,78.37,76.415,77.035,335452
2020-09-29T04:00:00Z,77.72,78.05,76.975,77.175,136917
2020-09-28T04:00:00Z,77.79,78.47,77.53,77.87,130979
2020-09-25T04:00:00Z,75.04,76.75,75.005,76.505,97664
2020-09-24T04:00:00Z,75.08,76.195,74.35,75.34,202899
2020-09-23T04:00:00Z,76.8,77.575,75.175,75.27,271493
2020-09-22T04:00:00Z,75.84,76.76,75.84,76.615,222496
2020-09-21T04:00:00Z,77,77.22,75.125,75.825,257539
2020-09-18T04:00:00Z,79.65,80.2,78.725,78.81,274300
2020-09-17T04:00:00Z,78.39,80.14,78.02,79.67,283654
2020-09-16T04:00:00Z,79.275,80.305,78.89,79.47,302220
2020-09-15T04:00:00Z,78.9,79.13,78.58,78.735,163505
2020-09-14T04:00:00Z,78.32,78.88,77.98,78.7,154633
2020-09-11T04:00:00Z,76.86,77.98,76.86,77.645,219269
2020-09-10T04:00:00Z,77.83,77.99,76.345,76.615,272911
2020-09-09T04:00:00Z,77.01,78.195,76.93,77.55,193632
2020-09-08T04:00:00Z,77.245,77.39,76.18,76.36,380370
2020-09-04T04:00:00Z,78.63,78.85,76.85,77.88,185953
2020-09-03T04:00:00Z,80.11,80.24,77.18,77.72,226391
2020-09-02T04:00:00Z,78.8,80.115,78.69,79.965,202644
2020-09-01T04:00:00Z,77.45,78.665,77.29,78.645,368547
2020-08-31T04:00:00Z,78.63,78.66,77.825,77.94,177887
2020-08-28T04:00:00Z,78.285,78.82,77.95,78.81,291941
2020-08-27T04:00:00Z,78.13,78.67,77.8,78.07,208039
2020-08-26T04:00:00Z,77.46,78.04,77.22,77.755,134797
2020-08-25T04:00:00Z,78.3,78.325,77.325,77.735,205591
2020-08-24T04:00:00Z,76.85,77.8,76.695,77.8,132089
2020-08-21T04:00:00Z,76.07,76.64,76.07,76.445,114744
2020-08-20T04:00:00Z,75.9,76.31,75.735,76.185,132321
2020-08-19T04:00:00Z,76.85,77.225,76.4,76.53,90523
2020-08-18T04:00:00Z,77.14,77.32,76.645,76.725,137030
2020-08-17T04:00:00Z,77.635,77.81,77.025,77.165,95734
2020-08-14T04:00:00Z,76.835,77.915,76.73,77.51,94998
2020-08-13T04:00:00Z,77.06,77.73,76.94,77.19,340448
2020-08-12T04:00:00Z,78.08,78.19,77.34,77.675,291281
2020-08-11T04:00:00Z,78.055,78.65,77.23,77.395,392011
2020-08-10T04:00:00Z,75.41,77.045,75.41,77.005,167505
2020-08-07T04:00:00Z,73.76,75.155,73.76,75.115,486233
2020-08-06T04:00:00Z,73.47,73.875,73.47,73.87,54263
2020-08-05T04:00:00Z,72.615,73.68,72.615,73.625,150928
2020-08-04T04:00:00Z,71.805,72.245,71.805,72.175,76055
2020-08-03T04:00:00Z,71.85,72.265,71.38,72.03,157465
2020-07-31T04:00:00Z,71.66,71.875,70.525,71.755,349460
2020-07-30T04:00:00Z,72.28,72.31,71.485,72.02,181205
2020-07-29T04:00:00Z,72.2,72.88,71.985,72.725,159666
2020-07-28T04:00:00Z,71.94,72.23,71.59,71.69,126348
2020-07-27T04:00:00Z,71.73,72.235,71.43,72.145,106725
