2024-06-14T04:00:00Z,76.65,76.925,76.395,76.92,184631
2024-06-13T04:00:00Z,76.63,76.875,76.37,76.805,241593
2024-06-12T04:00:00Z,77.665,77.665,76.535,76.705,494087
2024-06-11T04:00:00Z,77.49,77.53,76.935,77.53,234295
2024-06-10T04:00:00Z,77.69,77.75,77.11,77.59,419975
2024-06-07T04:00:00Z,78.095,78.245,77.58,77.645,196647
2024-06-06T04:00:00Z,77.795,78.335,77.605,78.055,376565
2024-06-05T04:00:00Z,77.93,77.99,77.195,77.78,441718
2024-06-04T04:00:00Z,77.28,78.105,77.185,77.965,282505
2024-06-03T04:00:00Z,77.025,77.665,76.87,77.305,318320
2024-05-31T04:00:00Z,75.97,77.375,75.74,77.33,393990
2024-05-30T04:00:00Z,76.12,76.355,75.975,76.15,222268
2024-05-29T04:00:00Z,76.165,76.35,75.92,75.96,342560
2024-05-28T04:00:00Z,76.79,77.045,76.225,76.52,329667
2024-05-24T04:00:00Z,77.205,77.39,77.07,77.125,201124
2024-05-23T04:00:00Z,77.39,77.705,76.865,76.905,330136
2024-05-22T04:00:00Z,77.615,78.07,77.495,77.835,326877
2024-05-21T04:00:00Z,78,78.155,77.73,78.115,226626
2024-05-20T04:00:00Z,78.14,78.14,77.59,77.655,359497
2024-05-17T04:00:00Z,78.325,78.325,78.04,78.19,335845
2024-05-16T04:00:00Z,78.005,78.605,77.825,78.385,485314
2024-05-15T04:00:00Z,77.185,77.41,77.17,77.265,680256
2024-05-14T04:00:00Z,77.545,77.575,76.875,77.24,314974
2024-05-13T04:00:00Z,77.78,77.99,77.275,77.405,247530
2024-05-10T04:00:00Z,77.14,77.705,77.12,77.625,305100
2024-05-09T04:00:00Z,76.61,77.165,76.555,77.155,383320
2024-05-08T04:00:00Z,76.83,76.89,76.425,76.53,394791
2024-05-07T04:00:00Z,76.36,76.79,76.27,76.76,397075
2024-05-06T04:00:00Z,76.08,76.095,75.435,75.93,395729
2024-05-03T04:00:00Z,75.65,76.025,75.26,75.89,658346
2024-05-02T04:00:00Z,75.255,75.915,74.985,75.635,671413
2024-05-01T04:00:00Z,75.31,75.56,74.72,75.03,531247
2024-04-30T04:00:00Z,75.645,75.725,75.335,75.52,296876
2024-04-29T04:00:00Z,75.745,75.845,75.39,75.84,258727
2024-04-26T04:00:00Z,75.52,75.995,75.46,75.6,389826
2024-04-25T04:00:00Z,76.23,76.475,75.485,75.75,390388
2024-04-24T04:00:00Z,74.885,76.02,74.495,75.925,574804
2024-04-23T04:00:00Z,75.325,75.43,75.03,75.33,337699
2024-04-22T04:00:00Z,74.63,75.345,74.255,75.14,552961
2024-04-19T04:00:00Z,73.68,74.48,73.61,74.44,448362
2024-04-18T04:00:00Z,73.7,73.885,73.48,73.745,445888
2024-04-17T04:00:00Z,73.555,73.625,73.04,73.4,468457
2024-04-16T04:00:00Z,73.23,73.32,72.955,73.105,372468
2024-04-15T04:00:00Z,73.865,73.98,72.98,73.07,418345
2024-04-12T04:00:00Z,73.905,74.015,73.305,73.4,638499
2024-04-11T04:00:00Z,74.65,74.655,73.915,74.11,331359
2024-04-10T04:00:00Z,74.03,74.42,73.8,74.33,652517
2024-04-09T04:00:00Z,74.42,74.6,74.02,74.59,278717
2024-04-08T04:00:00Z,74.2,74.485,74.175,74.21,331994
2024-04-05T04:00:00Z,74.07,74.56,73.995,74.36,370487
2024-04-04T04:00:00Z,74.95,74.96,74.12,74.18,504643
2024-04-03T04:00:00Z,75.25,75.255,74.405,74.56,674570
2024-04-02T04:00:00Z,75.67,75.86,75.24,75.37,537616
2024-04-01T04:00:00Z,76.33,76.44,75.775,75.775,338650
2024-03-28T04:00:00Z,76.58,76.6,76.305,76.365,296846
2024-03-27T04:00:00Z,75.945,76.24,75.865,76.24,292970
2024-03-26T04:00:00Z,75.49,75.675,75.425,75.46,260213
2024-03-25T04:00:00Z,75.68,75.785,75.28,75.425,323454
2024-03-22T04:00:00Z,76.045,76.06,75.62,75.62,273022
2024-03-21T04:00:00Z,75.88,76.255,75.71,75.99,315961
2024-03-20T04:00:00Z,75.82,75.99,75.6,75.945,378807
2024-03-19T04:00:00Z,75.575,75.78,75.525,75.71,182000
2024-03-18T04:00:00Z,74.97,75.67,74.97,75.45,271810
2024-03-15T04:00:00Z,75.425,75.59,75.29,75.51,558476
2024-03-14T04:00:00Z,76.25,76.27,75.31,75.565,516318
2024-03-13T04:00:00Z,76.1,76.2,75.86,76.1,214763
2024-03-12T04:00:00Z,75.745,76.195,75.65,75.97,461439
2024-03-11T04:00:00Z,75.19,75.655,75.115,75.55,264245
2024-03-08T05:00:00Z,75.1,75.39,74.895,75.16,324025
2024-03-07T05:00:00Z,75.69,75.825,75.49,75.74,241868
2024-03-06T05:00:00Z,75.045,75.45,74.99,75.32,360741
2024-03-05T05:00:00Z,74.965,75.215,74.555,74.72,430684
2024-03-04T05:00:00Z,74.23,74.585,74.16,74.47,606256
2024-03-01T05:00:00Z,74.17,74.53,73.945,74.44,367547
2024-02-29T05:00:00Z,74.83,74.89,74.315,74.465,328766
2024-02-28T05:00:00Z,74.44,74.635,74.245,74.535,193234
2024-02-27T05:00:00Z,74.39,74.52,74.28,74.475,241689
2024-02-26T05:00:00Z,74.8,74.81,74.37,74.455,314620
2024-02-23T05:00:00Z,74.615,75.15,74.49,74.8,366851
2024-02-22T05:00:00Z,73.96,74.625,73.695,74.53,556657
2024-02-21T05:00:00Z,74.24,74.445,73.965,74.31,595849
2024-02-20T05:00:00Z,73.77,74.465,73.76,74.06,547713
2024-02-16T05:00:00Z,72.99,73.615,72.835,73.27,620078
2024-02-15T05:00:00Z,72.92,73.265,72.92,73.15,643960
2024-02-14T05:00:00Z,72.74,72.79,72.36,72.75,381878
2024-02-13T05:00:00Z,73.575,73.74,72.4,72.88,572371
2024-02-12T05:00:00Z,73.17,73.63,72.8,73.62,248169
2024-02-09T05:00:00Z,73.4,73.48,73,73.12,1454145
2024-02-08T05:00:00Z,73.71,74.07,73.475,73.815,295955
2024-02-07T05:00:00Z,74.145,74.16,73.74,73.81,234560
2024-02-06T05:00:00Z,73.72,73.91,73.475,73.865,257665
2024-02-05T05:00:00Z,74.18,74.2,73.685,73.7,321753
2024-02-02T05:00:00Z,74.245,74.48,73.81,74.15,550842
2024-02-01T05:00:00Z,72.99,74.4,72.73,74.38,583687
2024-01-31T05:00:00Z,73.51,73.63,72.84,72.91,488436
2024-01-30T05:00:00Z,72.985,73.5,72.69,73.46,222951
2024-01-29T05:00:00Z,72.86,73.07,72.575,73.025,225619
2024-01-26T05:00:00Z,72.5,72.71,72.44,72.64,172635
2024-01-25T05:00:00Z,71.88,72.27,71.6,72.26,353670
2024-01-24T05:00:00Z,72.42,72.425,71.575,71.61,284615
2024-01-23T05:00:00Z,72.08,72.59,72.08,72.495,223507
2024-01-22T05:00:00Z,71.74,72,71.575,71.69,304460
2024-01-19T05:00:00Z,72.32,72.33,71.68,72.05,281251
2024-01-18T05:00:00Z,72.04,72.305,71.72,72.26,241561
2024-01-17T05:00:00Z,72.14,72.595,72.12,72.335,206100
2024-01-16T05:00:00Z,72.74,72.85,72.12,72.42,278633
2024-01-12T05:00:00Z,72.945,72.96,72.555,72.785,210757
2024-01-11T05:00:00Z,72.56,72.615,72.09,72.54,380238
2024-01-10T05:00:00Z,72.64,72.98,72.375,72.56,371213
2024-01-09T05:00:00Z,72.17,72.73,72.02,72.73,195439
2024-01-08T05:00:00Z,72.045,72.56,71.985,72.53,259961
2024-01-05T05:00:00Z,72.24,72.47,71.6,72.03,293557
2024-01-04T05:00:00Z,72.26,72.66,72.04,72.19,190000
2024-01-03T05:00:00Z,72.98,73.05,72.16,72.25,232181
2024-01-02T05:00:00Z,71.82,72.955,71.82,72.84,326688
2023-12-29T05:00:00Z,71.875,72.065,71.725,72.02,147748
2023-12-28T05:00:00Z,71.79,71.97,71.68,71.89,155205
2023-12-27T05:00:00Z,71.5,71.84,71.48,71.825,143136
2023-12-26T05:00:00Z,71.1,71.695,71.09,71.535,253598
2023-12-22T05:00:00Z,70.86,71.345,70.84,71.195,223909
2023-12-21T05:00:00Z,70.58,70.745,70.13,70.725,209258
2023-12-20T05:00:00Z,71.04,71.26,70.205,70.24,369234
2023-12-19T05:00:00Z,71.48,71.655,71.29,71.605,203410
2023-12-18T05:00:00Z,71.03,71.695,70.86,71.42,304518
2023-12-15T05:00:00Z,71.165,71.44,70.96,71.21,500410
2023-12-14T05:00:00Z,72.41,72.45,71.19,71.24,498966
2023-12-13T05:00:00Z,71.02,72.32,70.815,72.31,486788
2023-12-12T05:00:00Z,70.98,71,70.615,70.99,219722
2023-12-11T05:00:00Z,70.57,70.805,70.395,70.78,494774
2023-12-08T05:00:00Z,70.48,70.515,70.01,70.095,213219
2023-12-07T05:00:00Z,70.565,70.82,70.245,70.61,220970
2023-12-06T05:00:00Z,70.365,70.465,70.02,70.33,304610
2023-12-05T05:00:00Z,71.03,71.05,70.385,70.46,257055
2023-12-04T05:00:00Z,70.59,71.28,70.59,71.045,236175
2023-12-01T05:00:00Z,70.625,70.975,70.435,70.94,323260
2023-11-30T05:00:00Z,69.885,70.695,69.605,70.685,288087
2023-11-29T05:00:00Z,70.55,70.55,69.875,69.95,256086
2023-11-28T05:00:00Z,70.22,70.695,70.2,70.52,160461
2023-11-27T05:00:00Z,70.46,70.465,70.18,70.235,273333
2023-11-24T05:00:00Z,70.27,70.465,70.245,70.4,107793
2023-11-22T05:00:00Z,69.97,70.185,69.825,70.13,207858
2023-11-21T05:00:00Z,69.5,69.7,69.155,69.64,329531
2023-11-20T05:00:00Z,69.28,69.55,69.16,69.43,239776
2023-11-17T05:00:00Z,69.69,69.69,69.25,69.44,334073
2023-11-16T05:00:00Z,69.79,69.99,69.445,69.58,379274
2023-11-15T05:00:00Z,70.33,70.575,70.23,70.42,235568
2023-11-14T05:00:00Z,69.59,70.105,69.55,69.9,364545
2023-11-13T05:00:00Z,68.97,69.36,68.97,69.2,194991
2023-11-10T05:00:00Z,68.715,69.02,68.28,68.945,166334
2023-11-09T05:00:00Z,68.86,68.86,68.33,68.49,233340
2023-11-08T05:00:00Z,69.14,69.26,68.565,68.77,414163
2023-11-07T05:00:00Z,68.8,69.3,68.8,69.04,326395
2023-11-06T05:00:00Z,68.875,69.14,68.805,68.89,246065
2023-11-03T04:00:00Z,69.115,69.33,68.75,68.77,431995
2023-11-02T04:00:00Z,68.01,68.76,67.77,68.68,390705
2023-11-01T04:00:00Z,67.92,68.03,67.42,67.8,307074
2023-10-31T04:00:00Z,67.75,67.925,67.36,67.85,236384
2023-10-30T04:00:00Z,67.05,67.73,66.9,67.6,260401
2023-10-27T04:00:00Z,67.335,67.63,66.39,66.59,470928
2023-10-26T04:00:00Z,68.01,68.215,67.48,67.51,247392
2023-10-25T04:00:00Z,67.65,68.23,67.435,67.95,345892
2023-10-24T04:00:00Z,67.3,67.825,67.3,67.71,276713
2023-10-23T04:00:00Z,67.14,67.62,66.955,67.17,267947
2023-10-20T04:00:00Z,67.755,67.975,67.28,67.285,516494
2023-10-19T04:00:00Z,68.02,68.24,67.525,67.59,346930
2023-10-18T04:00:00Z,68.14,68.53,67.93,68.04,518194
2023-10-17T04:00:00Z,67.28,67.89,67.28,67.79,316018
2023-10-16T04:00:00Z,67.19,67.7,66.925,67.44,394098
2023-10-13T04:00:00Z,66.36,66.885,66.22,66.82,521795
2023-10-12T04:00:00Z,67.13,67.13,66,66.215,409045
2023-10-11T04:00:00Z,67.68,67.81,66.645,66.965,469197
2023-10-10T04:00:00Z,67.26,67.73,67.08,67.41,469699
2023-10-09T04:00:00Z,66.505,66.76,65.955,66.76,295887
2023-10-06T04:00:00Z,66.71,66.895,65.185,66.69,838665
2023-10-05T04:00:00Z,68.25,68.285,67.01,67.05,432443
2023-10-04T04:00:00Z,68.07,68.435,67.635,68.37,354505
2023-10-03T04:00:00Z,68.125,68.485,67.8,67.91,354615
2023-10-02T04:00:00Z,68.65,68.71,67.905,68.34,242143
2023-09-29T04:00:00Z,69.3,69.33,68.45,68.82,304875
2023-09-28T04:00:00Z,69.045,69.17,68.72,68.98,281409
2023-09-27T04:00:00Z,69.24,69.47,68.45,68.81,397411
2023-09-26T04:00:00Z,69.65,69.765,69.31,69.36,313756
2023-09-25T04:00:00Z,69.95,70.045,69.57,69.9,262110
2023-09-22T04:00:00Z,70.53,70.715,70.115,70.17,562579
2023-09-21T04:00:00Z,71.43,71.46,70.52,70.52,226257
2023-09-20T04:00:00Z,71.56,71.915,71.245,71.45,352641
2023-09-19T04:00:00Z,71.47,71.49,71.02,71.36,208752
2023-09-18T04:00:00Z,71.83,71.83,71.235,71.56,162101
2023-09-15T04:00:00Z,72.525,72.75,71.995,72.02,273439
2023-09-14T04:00:00Z,72.19,72.695,72.1,72.64,310056
2023-09-13T04:00:00Z,71.84,72.09,71.67,71.91,180545
2023-09-12T04:00:00Z,72.32,72.38,71.645,71.75,193377
2023-09-11T04:00:00Z,71.835,72.375,71.835,72.29,211193
2023-09-08T04:00:00Z,71.58,71.71,71.435,71.7,136675
2023-09-07T04:00:00Z,71.64,71.84,71.34,71.6,191132
2023-09-06T04:00:00Z,71.46,71.6,71.21,71.355,174837
2023-09-05T04:00:00Z,72.015,72.265,71.52,71.54,234484
2023-09-01T04:00:00Z,73.02,73.03,71.905,72.12,207245
2023-08-31T04:00:00Z,72.87,73.11,72.755,72.76,206575
2023-08-30T04:00:00Z,73.15,73.355,72.935,73.145,250452
2023-08-29T04:00:00Z,72.85,73.05,72.39,73.035,317128
2023-08-28T04:00:00Z,72.7,72.88,72.5,72.74,223630
2023-08-25T04:00:00Z,72.31,72.6,71.98,72.39,227731
2023-08-24T04:00:00Z,72.44,72.995,72,72,285544
2023-08-23T04:00:00Z,72.35,72.57,72.26,72.57,176106
2023-08-22T04:00:00Z,72.33,72.36,72.035,72.13,348957
2023-08-21T04:00:00Z,72.84,72.96,72.22,72.53,312854
2023-08-18T04:00:00Z,72.7,73.17,72.57,73.03,297591
2023-08-17T04:00:00Z,73.58,73.64,72.645,72.79,365222
2023-08-16T04:00:00Z,74.04,74.125,73.375,73.47,370688
2023-08-15T04:00:00Z,74.24,74.34,73.61,73.67,329017
2023-08-14T04:00:00Z,75,75.08,74.3,74.44,207743
2023-08-11T04:00:00Z,74.73,74.98,74.555,74.81,156477
2023-08-10T04:00:00Z,75.06,75.52,74.58,74.68,305304
2023-08-09T04:00:00Z,74.68,75.2,74.68,74.805,162250
2023-08-08T04:00:00Z,75.27,75.29,74.525,74.71,289224
2023-08-07T04:00:00Z,74.79,75.335,74.79,75.26,177693
2023-08-04T04:00:00Z,75.59,75.65,74.585,74.655,237737
2023-08-03T04:00:00Z,75.63,75.72,75.365,75.425,232898
2023-08-02T04:00:00Z,75.1,76.07,75.1,75.565,279101
2023-08-01T04:00:00Z,75.725,75.95,75.285,75.36,358090
2023-07-31T04:00:00Z,76,76.19,75.48,75.75,253783
2023-07-28T04:00:00Z,76,76.38,75.91,76.085,321655
2023-07-27T04:00:00Z,76.12,76.31,75.34,75.34,264382
2023-07-26T04:00:00Z,75.72,76.19,75.59,76,230936
2023-07-25T04:00:00Z,75.89,75.895,75.52,75.86,329322
2023-07-24T04:00:00Z,75.66,76.03,75.55,75.89,250439
2023-07-21T04:00:00Z,75.49,75.82,75.415,75.6,289502
2023-07-20T04:00:00Z,74.85,75.475,74.66,75.36,590871
2023-07-19T04:00:00Z,74.19,74.805,74.19,74.71,413443
2023-07-18T04:00:00Z,74.02,74.605,73.755,73.99,392109
2023-07-17T04:00:00Z,74.005,74.3,73.815,74.04,196799
2023-07-14T04:00:00Z,74.05,74.405,73.835,74.295,292365
2023-07-13T04:00:00Z,73.84,74.15,73.56,74.025,199918
2023-07-12T04:00:00Z,73.77,73.915,73.555,73.71,288866
2023-07-11T04:00:00Z,73.51,73.66,73.115,73.545,273659
2023-07-10T04:00:00Z,73.64,74.145,73.35,73.45,293617
2023-07-07T04:00:00Z,74.17,74.17,73.415,73.45,415939
2023-07-06T04:00:00Z,74.24,74.465,74.06,74.395,243443
2023-07-05T04:00:00Z,74.41,74.685,74.345,74.63,270939
2023-07-03T04:00:00Z,73.94,74.695,73.9,74.68,189591
2023-06-30T04:00:00Z,73.705,74.275,73.695,74.17,359585
2023-06-29T04:00:00Z,73.16,73.65,73,73.53,198337
2023-06-28T04:00:00Z,73.785,73.785,73.215,73.61,203040
2023-06-27T04:00:00Z,73.74,74.165,73.665,74.1,342934
2023-06-26T04:00:00Z,73.745,73.9,73.27,73.85,181504
2023-06-23T04:00:00Z,74.26,74.27,73.74,73.785,224387
2023-06-22T04:00:00Z,74.32,74.34,74.015,74.265,199951
2023-06-21T04:00:00Z,73.53,74.08,73.29,73.84,253412
2023-06-20T04:00:00Z,74.1,74.23,73.565,73.575,198589
2023-06-16T04:00:00Z,74.8,75.05,74.605,74.665,239210
2023-06-15T04:00:00Z,74.15,74.74,73.97,74.585,328142
2023-06-14T04:00:00Z,73.65,74.08,73.52,73.84,224262
2023-06-13T04:00:00Z,73,73.5,72.895,73.4,128568
2023-06-12T04:00:00Z,73.23,73.26,72.725,73.105,186001
2023-06-09T04:00:00Z,72.98,73.335,72.83,73.11,131002
2023-06-08T04:00:00Z,72.76,73.245,72.64,73.22,167093
2023-06-07T04:00:00Z,72.55,72.925,72.295,72.705,288880
2023-06-06T04:00:00Z,73.425,73.48,72.55,72.97,344517
2023-06-05T04:00:00Z,73.48,74,73.225,73.36,206165
2023-06-02T04:00:00Z,72.63,73.655,72.63,73.61,303250
2023-06-01T04:00:00Z,72.67,72.72,72.26,72.6,181828
2023-05-31T04:00:00Z,72.69,73.065,72.32,72.66,424347
2023-05-30T04:00:00Z,72.965,73.17,72.355,72.615,361156
2023-05-26T04:00:00Z,73.095,73.545,72.87,73.42,318582
2023-05-25T04:00:00Z,73.06,73.425,72.63,73.185,350937
2023-05-24T04:00:00Z,74.13,74.13,73.685,73.73,270758
2023-05-23T04:00:00Z,74.61,74.61,74.125,74.22,288818
2023-05-22T04:00:00Z,75.82,75.825,74.735,74.775,294609
2023-05-19T04:00:00Z,76.09,76.1,75.595,75.92,403915
2023-05-18T04:00:00Z,75.935,76.025,75.42,75.88,231147
2023-05-17T04:00:00Z,76.46,76.46,75.775,76.245,300067
2023-05-16T04:00:00Z,76.72,76.76,76.22,76.3,272420
2023-05-15T04:00:00Z,77.34,77.34,76.6,76.945,178022
2023-05-12T04:00:00Z,76.88,77.145,76.74,77.13,167195
2023-05-11T04:00:00Z,76.61,76.865,76.175,76.83,157547
2023-05-10T04:00:00Z,76.8,77.05,76.06,76.6,268290
2023-05-09T04:00:00Z,76.91,76.945,76.58,76.69,168536
2023-05-08T04:00:00Z,76.91,77.02,76.73,76.96,167235
2023-05-05T04:00:00Z,76.57,77.235,76.53,77.13,226087
2023-05-04T04:00:00Z,76.8,76.835,76.24,76.455,232454
2023-05-03T04:00:00Z,77.08,77.355,76.635,76.66,146604
2023-05-02T04:00:00Z,77.44,77.44,76.515,77.3,235871
2023-05-01T04:00:00Z,77.37,77.82,77.3,77.505,295063
2023-04-28T04:00:00Z,77.28,77.58,77.1,77.42,171461
2023-04-27T04:00:00Z,76.18,77.095,76.18,77.04,263490
2023-04-26T04:00:00Z,76.36,76.7,76.16,76.22,155993
2023-04-25T04:00:00Z,76.945,77.365,76.7,76.78,198483
2023-04-24T04:00:00Z,76.66,76.92,76.625,76.87,180987
2023-04-21T04:00:00Z,76.65,76.965,76.405,76.56,216643
2023-04-20T04:00:00Z,75.62,76.205,75.62,76.01,340154
2023-04-19T04:00:00Z,76.01,76.04,75.615,75.83,81550
2023-04-18T04:00:00Z,75.65,75.955,75.435,75.885,97167
2023-04-17T04:00:00Z,75.38,75.655,75.26,75.65,117567
2023-04-14T04:00:00Z,75.5,75.75,74.99,75.205,117692
2023-04-13T04:00:00Z,75.28,75.69,74.935,75.63,222019
2023-04-12T04:00:00Z,75.55,75.81,75.14,75.23,142685
2023-04-11T04:00:00Z,75.51,75.79,75.44,75.59,160685
2023-04-10T04:00:00Z,75.02,75.35,74.64,75.35,141159
2023-04-06T04:00:00Z,75.18,75.49,74.915,75.345,207411
2023-04-05T04:00:00Z,75.265,75.62,75.265,75.29,170425
2023-04-04T04:00:00Z,75.23,75.38,74.79,74.94,124906
2023-04-03T04:00:00Z,74.75,75.25,74.5,75.09,170226
2023-03-31T04:00:00Z,74.44,74.735,74.365,74.735,308015
2023-03-30T04:00:00Z,74.15,74.29,73.89,74.12,194691
2023-03-29T04:00:00Z,73.95,73.98,73.72,73.89,170722
2023-03-28T04:00:00Z,73.44,73.89,73.39,73.5,341813
2023-03-27T04:00:00Z,73.32,73.675,73.3,73.325,213936
2023-03-24T04:00:00Z,71.9,73.035,71.9,72.98,220419
2023-03-23T04:00:00Z,72.21,72.46,71.49,71.76,218292
2023-03-22T04:00:00Z,72.75,73.13,72.075,72.08,148990
2023-03-21T04:00:00Z,72.94,73.01,72.19,72.67,236650
2023-03-20T04:00:00Z,72.06,72.82,72.06,72.74,285735
2023-03-17T04:00:00Z,72.605,72.61,71.8,72.09,412529
2023-03-16T04:00:00Z,72.5,72.7,72.135,72.65,335191
2023-03-15T04:00:00Z,71.61,72.68,71.505,72.59,281450
2023-03-14T04:00:00Z,71.69,72.155,71.43,72.09,408514
2023-03-13T04:00:00Z,71.04,72.56,71.04,71.48,595193
2023-03-10T05:00:00Z,71.58,71.865,70.855,71.12,392418
2023-03-09T05:00:00Z,72.43,72.46,71.26,71.47,232201
2023-03-08T05:00:00Z,72.03,72.205,71.7,72.13,252309
2023-03-07T05:00:00Z,72.79,72.965,71.885,71.99,284668
2023-03-06T05:00:00Z,72.36,72.825,72.32,72.74,233020
2023-03-03T05:00:00Z,72.46,72.6,71.89,72.51,307130
2023-03-02T05:00:00Z,71.5,72.615,71.45,72.46,253231
2023-03-01T05:00:00Z,71.8,71.8,70.94,71.51,240597
2023-02-28T05:00:00Z,72.34,72.445,72,72.065,258845
2023-02-27T05:00:00Z,73.05,73.25,72.475,72.61,184255
2023-02-24T05:00:00Z,72.745,72.825,72.27,72.72,274879
2023-02-23T05:00:00Z,73.425,73.54,72.765,73.19,207993
2023-02-22T05:00:00Z,73.5,73.995,73.13,73.3,134603
2023-02-21T05:00:00Z,73.39,73.785,73.015,73.42,249464
2023-02-17T05:00:00Z,72.8,73.705,72.715,73.65,341158
2023-02-16T05:00:00Z,72.69,73.17,72.315,72.74,203777
2023-02-15T05:00:00Z,73.03,73.28,72.68,73.28,265703
2023-02-14T05:00:00Z,73.72,73.75,72.89,73.14,222782
2023-02-13T05:00:00Z,73.28,73.825,73.22,73.82,315432
2023-02-10T05:00:00Z,72.39,73.03,72.15,72.985,435976
2023-02-09T05:00:00Z,73.05,73.25,72.215,72.33,207386
2023-02-08T05:00:00Z,72.825,72.905,72.5,72.605,310295
2023-02-07T05:00:00Z,72.92,73.32,72.45,73.19,263957
2023-02-06T05:00:00Z,73.325,73.62,73.235,73.5,176622
2023-02-03T05:00:00Z,73.87,73.87,72.86,73.425,363671
2023-02-02T05:00:00Z,73.84,74.17,73.36,73.705,332033
2023-02-01T05:00:00Z,73.62,74.645,73.38,74.31,341993
2023-01-31T05:00:00Z,73.17,73.74,72.91,73.74,189826
2023-01-30T05:00:00Z,72.78,73.485,72.78,72.955,245363
2023-01-27T05:00:00Z,72.89,73.19,72.505,72.85,138855
2023-01-26T05:00:00Z,73.22,73.25,72.83,73.07,272223
2023-01-25T05:00:00Z,72.78,73.33,72.35,73.33,246135
2023-01-24T05:00:00Z,73.2,73.35,72.41,73.13,275403
2023-01-23T05:00:00Z,72.73,73.205,72.565,72.845,317630
2023-01-20T05:00:00Z,72.12,72.65,71.61,72.63,361401
2023-01-19T05:00:00Z,72.49,72.78,72.04,72.06,363126
2023-01-18T05:00:00Z,74.6,74.6,72.645,72.75,352829
2023-01-17T05:00:00Z,74.97,75.42,74.685,74.76,185091
2023-01-13T05:00:00Z,74.2,74.76,74.14,74.73,218932
2023-01-12T05:00:00Z,75.11,75.11,74.21,74.38,218630
2023-01-11T05:00:00Z,75.29,75.4,74.325,74.96,225164
2023-01-10T05:00:00Z,75.1,75.23,74.71,74.95,143871
2023-01-09T05:00:00Z,75.65,76.245,75.05,75.06,158300
2023-01-06T05:00:00Z,74.77,76.075,74.77,75.79,212061
2023-01-05T05:00:00Z,74.44,74.47,73.685,73.82,262885
2023-01-04T05:00:00Z,74.54,75.02,74.125,74.57,189184
2023-01-03T05:00:00Z,74.57,74.61,73.525,74.33,260689
2022-12-30T05:00:00Z,74.82,74.82,74.02,74.515,201411
2022-12-29T05:00:00Z,74.85,75.165,74.81,74.92,129842
2022-12-28T05:00:00Z,75.695,75.845,74.605,74.62,90643
2022-12-27T05:00:00Z,75.32,75.68,75.125,75.54,87978
2022-12-23T05:00:00Z,74.8,75.225,74.61,75.15,61054
2022-12-22T05:00:00Z,74.725,74.81,73.98,74.8,88828
2022-12-21T05:00:00Z,74.59,75.25,74.53,74.97,124334
2022-12-20T05:00:00Z,74.19,74.5,73.82,74.25,134672
2022-12-19T05:00:00Z,74.34,74.925,73.85,74.295,152535
2022-12-16T05:00:00Z,74.78,75.09,74.235,74.87,191923
2022-12-15T05:00:00Z,75.89,75.95,74.665,75.23,210871
2022-12-14T05:00:00Z,76.74,77.265,76.11,76.53,193960
2022-12-13T05:00:00Z,77.445,77.49,76.11,76.59,407509
2022-12-12T05:00:00Z,76.06,76.7,75.79,76.68,205978
2022-12-09T05:00:00Z,76.14,76.435,75.88,75.89,127032
2022-12-08T05:00:00Z,75.92,76.48,75.87,76.46,127863
2022-12-07T05:00:00Z,75.88,76.21,75.76,76.05,154740
2022-12-06T05:00:00Z,76.455,76.53,75.385,75.76,191458
2022-12-05T05:00:00Z,76.305,76.44,76.02,76.23,192007
2022-12-02T05:00:00Z,76.275,77.275,76.2,77.17,203953
2022-12-01T05:00:00Z,77.06,77.12,76.52,76.84,230975
2022-11-30T05:00:00Z,75.58,77.21,75.235,77.21,267569
2022-11-29T05:00:00Z,75.74,75.91,75.275,75.69,207388
2022-11-28T05:00:00Z,76.05,76.38,75.865,75.99,287663
2022-11-25T05:00:00Z,76.26,76.29,76.105,76.21,70051
2022-11-23T05:00:00Z,76.15,76.33,75.915,76.2,153769
2022-11-22T05:00:00Z,75.87,75.995,75.67,75.965,184407
2022-11-21T05:00:00Z,74.9,75.49,74.67,75.4,167692
2022-11-18T05:00:00Z,74.49,74.76,74.18,74.68,212669
2022-11-17T05:00:00Z,73.38,73.93,73.3,73.93,210202
2022-11-16T05:00:00Z,73.77,74.275,73.72,73.9,208084
2022-11-15T05:00:00Z,73.85,74.09,72.95,73.54,373127
2022-11-14T05:00:00Z,73.585,74.11,72.9,72.92,769714
2022-11-11T05:00:00Z,73.79,73.83,72.38,73.49,433009
2022-11-10T05:00:00Z,73.405,73.785,72.39,73.615,557948
2022-11-09T05:00:00Z,72.57,72.96,71.85,71.91,299219
2022-11-08T05:00:00Z,72.57,73.15,71.98,72.7,148212
2022-11-07T05:00:00Z,72.07,72.615,71.87,72.48,274007
2022-11-04T04:00:00Z,71.82,72.245,70.91,71.86,361345
2022-11-03T04:00:00Z,70.72,71.325,70.53,71,199257
2022-11-02T04:00:00Z,72.41,73.06,71.23,71.26,324977
2022-11-01T04:00:00Z,72.91,73.26,72.29,72.5,221270
2022-10-31T04:00:00Z,72.93,73.185,72.565,72.75,190336
2022-10-28T04:00:00Z,71.715,73.3,71.7,73.175,316194
2022-10-27T04:00:00Z,71.74,72.05,71.495,71.575,204441
2022-10-26T04:00:00Z,71.35,72.02,71.01,71.53,250345
2022-10-25T04:00:00Z,70.27,71.155,69.91,71.105,229128
2022-10-24T04:00:00Z,69.51,70.28,69.3,70.16,208449
2022-10-21T04:00:00Z,67.9,69.075,67.64,68.92,204431
2022-10-20T04:00:00Z,68.835,69.01,67.815,67.88,234759
2022-10-19T04:00:00Z,69.31,69.62,68.57,68.85,170984
2022-10-18T04:00:00Z,69.25,69.6,68.75,69.155,222585
2022-10-17T04:00:00Z,68.195,68.6,68.12,68.27,188104
2022-10-14T04:00:00Z,69.07,69.26,67.425,67.55,215061
2022-10-13T04:00:00Z,66.88,69.02,66.71,68.755,333207
2022-10-12T04:00:00Z,67.93,68.415,67.68,67.68,251986
2022-10-11T04:00:00Z,66.76,67.89,66.7,67.31,282456
2022-10-10T04:00:00Z,66.71,67,66.18,66.73,210036
2022-10-07T04:00:00Z,67.36,67.45,66.25,66.51,291000
2022-10-06T04:00:00Z,68.45,68.595,67.365,67.52,225188
2022-10-05T04:00:00Z,68.51,68.87,67.79,68.52,207153
2022-10-04T04:00:00Z,68.36,69.25,68.28,68.9,285522
2022-10-03T04:00:00Z,67.16,68.045,66.855,67.87,226287
2022-09-30T04:00:00Z,68.06,68.14,66.69,66.79,340486
2022-09-29T04:00:00Z,68.85,69.01,67.495,67.92,312632
2022-09-28T04:00:00Z,68.63,69.385,67.945,69.025,354376
2022-09-27T04:00:00Z,69.74,70.145,68.095,68.24,350402
2022-09-26T04:00:00Z,69.28,70,69.12,69.44,252799
2022-09-23T04:00:00Z,70.1,70.115,68.665,69.45,385144
2022-09-22T04:00:00Z,70.69,71.03,70.46,70.58,260351
2022-09-21T04:00:00Z,71.5,72.05,70.69,70.69,207379
2022-09-20T04:00:00Z,70.96,71.1,70.405,70.96,214414
2022-09-19T04:00:00Z,70.64,71.38,70.615,71.345,174984
2022-09-16T04:00:00Z,70.9,71.4,70.9,71.31,503925
2022-09-15T04:00:00Z,71.73,71.73,70.98,71.19,258859
2022-09-14T04:00:00Z,72.01,72.09,71.345,71.76,305442
2022-09-13T04:00:00Z,73.65,73.75,71.59,71.78,510061
2022-09-12T04:00:00Z,74.06,74.51,73.98,74.28,256243
2022-09-09T04:00:00Z,73.43,74.46,73.21,73.98,265940
2022-09-08T04:00:00Z,72.97,73.535,72.4,73.25,377727
2022-09-07T04:00:00Z,72.38,73.54,72.33,73.46,353588
2022-09-06T04:00:00Z,72.66,73.18,72.055,72.19,520672
2022-09-02T04:00:00Z,74.08,74.36,72.335,72.65,321635
2022-09-01T04:00:00Z,72.96,73.67,72.615,73.64,297643
2022-08-31T04:00:00Z,73.78,73.92,73.115,73.125,234745
2022-08-30T04:00:00Z,74.38,74.415,73.375,73.55,398944
2022-08-29T04:00:00Z,74.01,74.74,73.82,74.3,398765
2022-08-26T04:00:00Z,76.405,76.45,74.375,74.445,308101
2022-08-25T04:00:00Z,76.015,76.33,75.66,76.33,187115
2022-08-24T04:00:00Z,75.71,76.145,75.68,75.98,230204
2022-08-23T04:00:00Z,75.91,75.91,75.47,75.795,253108
2022-08-22T04:00:00Z,76.51,76.695,76,76.13,127031
2022-08-19T04:00:00Z,77.01,77.28,76.78,76.935,347887
2022-08-18T04:00:00Z,76.94,77.26,76.695,77.17,150841
2022-08-17T04:00:00Z,76.74,77.19,76.71,76.91,474418
2022-08-16T04:00:00Z,76.535,77.4,76.535,77.1,379952
2022-08-15T04:00:00Z,75.48,76.34,75.38,76.27,242425
2022-08-12T04:00:00Z,75.13,75.505,74.81,75.46,255006
2022-08-11T04:00:00Z,75.33,75.59,74.69,74.8,337355
2022-08-10T04:00:00Z,75.14,75.26,74.78,75.065,400887
2022-08-09T04:00:00Z,74.775,74.79,74.365,74.505,230566
2022-08-08T04:00:00Z,74.93,75.145,74.425,74.57,173908
2022-08-05T04:00:00Z,74.46,74.685,73.95,74.65,243321
2022-08-04T04:00:00Z,75.11,75.34,74.525,74.8,256100
2022-08-03T04:00:00Z,74.78,75.455,74.555,75.305,243052
2022-08-02T04:00:00Z,75.42,75.42,74.72,74.825,285288
2022-08-01T04:00:00Z,74.38,75.64,74.38,75.39,312436
2022-07-29T04:00:00Z,74.23,74.595,74.03,74.48,202424
2022-07-28T04:00:00Z,73.95,75.225,73.82,75.09,462817
2022-07-27T04:00:00Z,73.27,74.09,72.695,73.88,443631
2022-07-26T04:00:00Z,72.875,73.495,72.645,73.42,338573
2022-07-25T04:00:00Z,73.22,73.73,73.15,73.555,439432
2022-07-22T04:00:00Z,72.86,73.4,72.775,73.22,341501
2022-07-21T04:00:00Z,72.39,72.885,72.155,72.72,335850
2022-07-20T04:00:00Z,73.05,73.13,72.13,72.49,383016
2022-07-19T04:00:00Z,72.845,73.12,72.68,72.955,349595
2022-07-18T04:00:00Z,73.07,73.185,72.11,72.225,525190
2022-07-15T04:00:00Z,73.16,73.41,72.645,72.94,321961
2022-07-14T04:00:00Z,71.79,72.81,71.7,72.69,373540
2022-07-13T04:00:00Z,72.14,73.275,71.99,72.63,370037
2022-07-12T04:00:00Z,72.83,73.54,72.335,72.59,204845
2022-07-11T04:00:00Z,72.81,73.3,72.55,72.785,257331
2022-07-08T04:00:00Z,73.09,73.465,72.665,72.87,269404
2022-07-07T04:00:00Z,72.94,73.145,72.61,73.04,317773
2022-07-06T04:00:00Z,73.015,73.47,72.74,72.97,365055
2022-07-05T04:00:00Z,72.73,72.95,71.6,72.76,362058
2022-07-01T04:00:00Z,72.225,73.26,72.08,73.21,356597
2022-06-30T04:00:00Z,71.73,72.48,71.37,72.21,415763
2022-06-29T04:00:00Z,71.99,72.42,71.87,72.11,283698
2022-06-28T04:00:00Z,72.98,73.3,71.63,71.71,294766
2022-06-27T04:00:00Z,72.8,73.04,72.46,72.69,360499
2022-06-24T04:00:00Z,72.05,72.875,71.815,72.86,526141
2022-06-23T04:00:00Z,70.58,71.515,70.545,71.44,774586
2022-06-22T04:00:00Z,69.805,70.57,69.53,70.09,418682
2022-06-21T04:00:00Z,69.065,70.325,68.8,70.145,529252
2022-06-17T04:00:00Z,69.135,69.58,68.54,68.815,751635
2022-06-16T04:00:00Z,68.655,69.6,68.23,69.08,621522
2022-06-15T04:00:00Z,70.05,70.57,68.84,69.585,815086
2022-06-14T04:00:00Z,70.36,70.62,69.045,69.55,743551
2022-06-13T04:00:00Z,70.855,71.34,70.085,70.39,769724
2022-06-10T04:00:00Z,71.4,72.465,71.025,71.94,480492
2022-06-09T04:00:00Z,73.4,73.96,72.21,72.235,250671
2022-06-08T04:00:00Z,73.805,73.97,73.285,73.32,266708
2022-06-07T04:00:00Z,73,74.33,73,74.22,207960
2022-06-06T04:00:00Z,74.305,74.54,73.6,73.84,409306
2022-06-03T04:00:00Z,74.27,74.51,73.63,73.81,238577
2022-06-02T04:00:00Z,73.72,74.56,72.47,74.54,564910
2022-06-01T04:00:00Z,74.58,74.61,73.01,73.49,511200
2022-05-31T04:00:00Z,74.615,74.95,73.71,74.51,541135
2022-05-27T04:00:00Z,74.245,74.98,74.15,74.98,609856
2022-05-26T04:00:00Z,73.8,74.515,73.74,74.14,417795
2022-05-25T04:00:00Z,73.19,73.57,72.75,73.35,399983
2022-05-24T04:00:00Z,71.93,73.445,71.93,73.35,530946
2022-05-23T04:00:00Z,71.475,72.42,71.27,72.15,471067
2022-05-20T04:00:00Z,70.96,70.96,69.585,70.71,876257
2022-05-19T04:00:00Z,71.33,71.33,70.09,70.54,935694
2022-05-18T04:00:00Z,75.93,75.93,71.61,71.82,769307
2022-05-17T04:00:00Z,77.09,77.17,76,76.79,506575
2022-05-16T04:00:00Z,76.965,77.64,76.57,77.28,362419
2022-05-13T04:00:00Z,76.27,77.005,75.75,76.92,403389
2022-05-12T04:00:00Z,75.88,76.36,75,75.83,562757
2022-05-11T04:00:00Z,76.23,77.11,75.775,75.86,554479
2022-05-10T04:00:00Z,77.105,77.32,75.86,76.16,564260
2022-05-09T04:00:00Z,76.13,77.36,75.78,76.72,714980
2022-05-06T04:00:00Z,76.37,77.08,75.985,76.71,772843
2022-05-05T04:00:00Z,77.72,77.87,76.085,76.63,609866
2022-05-04T04:00:00Z,76.35,78.22,76.24,78.13,538190
2022-05-03T04:00:00Z,76.48,77.105,75.905,76.41,550211
2022-05-02T04:00:00Z,78.17,78.25,75.5,76.63,847936
2022-04-29T04:00:00Z,79.47,79.52,77.545,77.635,391519
2022-04-28T04:00:00Z,78.57,79.89,78.35,79.79,335779
2022-04-27T04:00:00Z,78.69,79.455,78.325,78.64,475294
2022-04-26T04:00:00Z,79.54,79.84,78.34,78.35,520519
2022-04-25T04:00:00Z,79.45,79.815,78.185,79.61,545825
2022-04-22T04:00:00Z,80.66,80.79,79.17,79.26,307172
2022-04-21T04:00:00Z,80.71,81.33,80.445,80.49,335737
2022-04-20T04:00:00Z,79.77,80.75,79.77,80.54,404180
2022-04-19T04:00:00Z,78.29,79.49,78.16,79.38,313225
2022-04-18T04:00:00Z,78.65,78.95,77.98,78.21,269345
2022-04-14T04:00:00Z,78.995,79.385,78.795,78.83,332540
2022-04-13T04:00:00Z,78.47,78.95,78.36,78.86,243304
2022-04-12T04:00:00Z,78.395,78.96,78.16,78.39,439286
2022-04-11T04:00:00Z,78.77,79.09,78.26,78.4,265080
2022-04-08T04:00:00Z,78.65,78.95,78.25,78.72,192092
2022-04-07T04:00:00Z,77.67,78.52,77.525,78.37,422752
2022-04-06T04:00:00Z,76.45,77.55,76.2,77.45,465719
2022-04-05T04:00:00Z,76.37,77.24,76.33,76.5,266500
2022-04-04T04:00:00Z,76.4,76.44,75.55,76.44,168940
2022-04-01T04:00:00Z,76.085,76.73,75.75,76.66,336159
2022-03-31T04:00:00Z,75.94,76.34,75.79,75.8,149083
2022-03-30T04:00:00Z,75.73,76.08,75.415,76.08,237461
2022-03-29T04:00:00Z,75.9,76.145,75.37,76,248330
2022-03-28T04:00:00Z,75.07,75.325,74.665,75.31,163055
2022-03-25T04:00:00Z,74.72,75.17,74.545,75.05,280319
2022-03-24T04:00:00Z,74.17,74.44,73.96,74.43,196809
2022-03-23T04:00:00Z,74.56,74.75,73.84,73.92,252807
2022-03-22T04:00:00Z,74.43,74.635,73.9,74.51,200470
2022-03-21T04:00:00Z,74.02,74.6,73.54,73.94,509406
2022-03-18T04:00:00Z,74.055,74.26,73.53,74.17,510964
2022-03-17T04:00:00Z,73.47,74.15,73.29,73.98,324047
2022-03-16T04:00:00Z,73.57,73.845,72.455,73.52,352336
2022-03-15T04:00:00Z,72.565,73.515,72.32,73.41,335239
2022-03-14T04:00:00Z,71.89,72.53,71.435,71.82,345658
2022-03-11T05:00:00Z,72.62,72.87,71.345,71.42,269449
2022-03-10T05:00:00Z,72.45,72.685,71.63,72.27,564026
2022-03-09T05:00:00Z,73.53,73.61,72.655,72.99,510393
2022-03-08T05:00:00Z,74.45,74.755,72.435,72.48,700653
2022-03-07T05:00:00Z,75.5,75.77,74.4,74.495,479091
2022-03-04T05:00:00Z,75.015,76.03,74.71,75.89,365207
2022-03-03T05:00:00Z,75.79,76.295,75.52,75.84,543992
2022-03-02T05:00:00Z,74.47,75.59,74.415,75.24,666302
2022-03-01T05:00:00Z,74.835,75.28,74.06,74.45,290177
2022-02-28T05:00:00Z,74.785,75.195,74.11,74.93,370915
2022-02-25T05:00:00Z,73.965,76.01,73.965,75.92,549848
2022-02-24T05:00:00Z,73.98,73.98,72.22,73.54,919434
2022-02-23T05:00:00Z,75.68,75.68,74.74,74.805,355282
2022-02-22T05:00:00Z,76.04,76.045,74.98,75.455,461773
2022-02-18T05:00:00Z,75.83,76.32,75.605,76.01,301005
2022-02-17T05:00:00Z,75.12,76.1,74.97,75.89,322245
2022-02-16T05:00:00Z,75.115,75.58,74.585,75.32,289094
2022-02-15T05:00:00Z,75.49,75.97,74.845,75.16,259823
2022-02-14T05:00:00Z,75.48,75.48,74.045,75.005,336573
2022-02-11T05:00:00Z,75.72,76.015,75.05,75.26,387336
2022-02-10T05:00:00Z,75.81,76.265,75.245,75.53,386886
2022-02-09T05:00:00Z,76.68,76.76,76.215,76.33,239498
2022-02-08T05:00:00Z,76.19,76.52,75.92,76.3,259462
2022-02-07T05:00:00Z,76.3,76.4,75.615,76.04,148833
2022-02-04T05:00:00Z,76.33,76.66,75.475,75.91,311486
2022-02-03T05:00:00Z,76.64,77.2,76.39,76.795,298583
2022-02-02T05:00:00Z,75.92,76.915,75.92,76.83,356516
2022-02-01T05:00:00Z,75.98,76.1,75.12,75.895,377784
2022-01-31T05:00:00Z,75.12,76.035,75.08,75.97,340737
2022-01-28T05:00:00Z,74.28,75.715,73.77,75.69,458112
2022-01-27T05:00:00Z,74.915,75.965,74.515,74.81,368702
2022-01-26T05:00:00Z,74.4,75.3,73.86,74.33,628983
2022-01-25T05:00:00Z,74.965,75.295,73.98,74.835,419609
2022-01-24T05:00:00Z,75.845,76.14,74.11,75.705,641840
2022-01-21T05:00:00Z,76.31,76.925,75.84,75.98,462764
2022-01-20T05:00:00Z,76.33,76.975,75.835,75.91,224263
2022-01-19T05:00:00Z,76.09,76.89,76.06,76.385,285640
2022-01-18T05:00:00Z,76.48,76.48,75.68,75.92,331966
2022-01-14T05:00:00Z,76.77,77.125,76.35,77.04,356284
2022-01-13T05:00:00Z,76.81,77.04,76.595,76.845,195842
2022-01-12T05:00:00Z,76.63,76.795,76.42,76.72,209832
2022-01-11T05:00:00Z,76.75,76.75,75.875,76.71,274527
2022-01-10T05:00:00Z,77.35,77.38,76.565,76.81,250464
2022-01-07T05:00:00Z,77.19,77.71,77.015,77.425,195778
2022-01-06T05:00:00Z,77.63,77.93,77.235,77.335,247882
2022-01-05T05:00:00Z,77.58,78.175,77.495,77.51,218059
2022-01-04T05:00:00Z,77.25,77.845,77.21,77.56,280038
2022-01-03T05:00:00Z,76.66,77.135,76.025,77.09,337180
2021-12-31T05:00:00Z,76.6,77.22,76.51,77.12,215969
2021-12-30T05:00:00Z,77.01,77.01,76.535,76.56,231021
2021-12-29T05:00:00Z,76.64,77.015,76.46,76.83,160147
2021-12-28T05:00:00Z,76.06,76.55,76.06,76.5,177328
2021-12-27T05:00:00Z,75.33,76.035,75.33,76.03,285408
2021-12-23T05:00:00Z,75.28,75.495,75.145,75.24,190373
2021-12-22T05:00:00Z,74.66,75.11,74.31,75.09,176259
2021-12-21T05:00:00Z,74.71,74.75,74.185,74.59,200059
2021-12-20T05:00:00Z,74.1,74.745,74.045,74.7,348928
2021-12-17T05:00:00Z,76.31,76.62,75.165,75.2,342375
2021-12-16T05:00:00Z,75.94,76.75,75.91,76.515,209171
2021-12-15T05:00:00Z,75.295,76.06,75.225,75.985,479286
2021-12-14T05:00:00Z,75.035,75.33,74.765,75.205,178966
2021-12-13T05:00:00Z,74.395,75.385,74.085,75.14,315660
2021-12-10T05:00:00Z,73.45,74.24,73.37,74.2,140037
2021-12-09T05:00:00Z,72.645,73.21,72.465,72.96,158407
2021-12-08T05:00:00Z,73.07,73.14,72.15,72.78,199111
2021-12-07T05:00:00Z,72.93,73.345,72.845,72.97,283862
2021-12-06T05:00:00Z,72.25,73.1,72.25,72.85,333656
2021-12-03T05:00:00Z,71.065,71.68,70.88,71.63,306813
2021-12-02T05:00:00Z,70.435,71.14,70.265,70.62,251842
2021-12-01T05:00:00Z,70.77,71.35,69.93,69.93,409748
2021-11-30T05:00:00Z,71.59,71.75,70.15,70.235,358986
2021-11-29T05:00:00Z,72.035,72.405,71.7,72.17,345930
2021-11-26T05:00:00Z,72.4,72.64,71.705,71.85,173991
2021-11-24T05:00:00Z,72.97,73.075,72.55,72.86,152942
2021-11-23T05:00:00Z,72.625,73.22,72.52,73.13,223988
2021-11-22T05:00:00Z,72.18,73.11,72.12,72.635,277863
2021-11-19T05:00:00Z,72.47,72.48,72.01,72.06,187399
2021-11-18T05:00:00Z,72.295,72.465,71.97,72.3,214877
2021-11-17T05:00:00Z,72.63,72.77,72.445,72.565,150508
2021-11-16T05:00:00Z,73.155,73.355,72.705,72.73,100511
2021-11-15T05:00:00Z,73.005,73.26,72.84,73.19,79856
2021-11-12T05:00:00Z,72.925,73.165,72.775,72.85,87999
2021-11-11T05:00:00Z,72.83,72.915,72.68,72.835,78499
2021-11-10T05:00:00Z,72.89,73.08,72.605,72.9,161553
2021-11-09T05:00:00Z,72.44,72.74,72.225,72.67,174542
2021-11-08T05:00:00Z,73.05,73.05,72.09,72.395,105478
2021-11-05T04:00:00Z,72.89,73.115,72.745,73.03,152394
2021-11-04T04:00:00Z,72.09,72.63,72.09,72.57,177819
2021-11-03T04:00:00Z,72.06,72.51,71.845,72.495,228111
2021-11-02T04:00:00Z,71.34,71.995,71.23,71.845,240001
2021-11-01T04:00:00Z,71.38,71.51,71.115,71.375,146526
2021-10-29T04:00:00Z,71.095,71.52,71.095,71.23,159020
2021-10-28T04:00:00Z,71.05,71.35,71.05,71.33,187951
2021-10-27T04:00:00Z,71.9,71.9,71.045,71.06,162214
2021-10-26T04:00:00Z,71.255,71.66,71.255,71.5,173761
2021-10-25T04:00:00Z,71.08,71.39,70.76,71.24,129753
2021-10-22T04:00:00Z,71.08,71.395,71.035,71.285,251849
2021-10-21T04:00:00Z,70.865,70.95,70.67,70.75,182752
2021-10-20T04:00:00Z,70.47,71.055,70.47,70.84,111199
2021-10-19T04:00:00Z,70.25,70.42,69.965,70.42,321921
2021-10-18T04:00:00Z,70.39,70.715,70.04,70.39,251361
2021-10-15T04:00:00Z,71.195,71.225,70.605,70.83,232822
2021-10-14T04:00:00Z,70.52,71.07,70.42,70.99,248541
2021-10-13T04:00:00Z,70.13,70.35,69.595,70.19,174188
2021-10-12T04:00:00Z,70.13,70.59,69.915,70.08,224400
2021-10-11T04:00:00Z,70.11,70.405,69.98,70.02,269848
2021-10-08T04:00:00Z,70.155,70.335,69.93,70.05,130746
2021-10-07T04:00:00Z,70.185,70.735,70.085,70.15,205233
2021-10-06T04:00:00Z,68.81,69.885,68.72,69.83,240812
2021-10-05T04:00:00Z,68.94,69.45,68.825,69.13,187244
2021-10-04T04:00:00Z,68.995,69.47,68.325,68.82,289965
2021-10-01T04:00:00Z,69.095,69.34,68.37,69.02,272849
2021-09-30T04:00:00Z,70.23,70.23,68.82,68.83,313222
2021-09-29T04:00:00Z,69.63,70.45,69.595,70.11,205474
2021-09-28T04:00:00Z,69.935,70.18,69.22,69.47,302274
2021-09-27T04:00:00Z,70.58,70.82,70.245,70.27,146638
2021-09-24T04:00:00Z,70.6,70.905,70.505,70.62,118544
2021-09-23T04:00:00Z,70.42,70.9,70.42,70.6,130320
2021-09-22T04:00:00Z,70.465,70.75,70.19,70.32,188833
2021-09-21T04:00:00Z,70.34,70.965,70.015,70.14,182163
2021-09-20T04:00:00Z,70.57,70.815,69.675,70.2,207215
2021-09-17T04:00:00Z,71.58,71.725,71.355,71.37,335720
2021-09-16T04:00:00Z,72.11,72.11,71.165,71.735,127393
2021-09-15T04:00:00Z,71.72,72.11,71.575,71.97,209799
2021-09-14T04:00:00Z,72.245,72.245,71.62,71.735,152841
2021-09-13T04:00:00Z,72.18,72.645,71.905,72.085,113779
2021-09-10T04:00:00Z,72.295,72.295,71.75,71.875,170813
2021-09-09T04:00:00Z,72.49,72.55,72.135,72.175,108675
2021-09-08T04:00:00Z,71.86,72.675,71.86,72.62,223811
2021-09-07T04:00:00Z,72.495,72.52,71.94,72.005,165494
2021-09-03T04:00:00Z,72.71,72.925,72.495,72.83,107669
2021-09-02T04:00:00Z,72.86,73.01,72.68,72.9,100051
2021-09-01T04:00:00Z,72.35,72.705,72.195,72.63,407161
2021-08-31T04:00:00Z,72.035,72.33,72.005,72.275,126389
2021-08-30T04:00:00Z,71.785,72.165,71.785,72.105,81019
2021-08-27T04:00:00Z,71.555,71.9,71.375,71.77,180811
2021-08-26T04:00:00Z,71.735,71.78,71.295,71.515,180532
2021-08-25T04:00:00Z,71.71,72.025,71.62,71.88,92183
2021-08-24T04:00:00Z,72.275,72.285,71.885,71.975,156034
2021-08-23T04:00:00Z,72.695,72.87,72.505,72.525,109525
2021-08-20T04:00:00Z,72.625,73.04,72.605,72.75,92143
2021-08-19T04:00:00Z,72.03,72.78,72.03,72.65,202153
2021-08-18T04:00:00Z,72.78,72.94,72.015,72.06,187231
2021-08-17T04:00:00Z,72.79,73.23,72.63,72.965,172011
2021-08-16T04:00:00Z,72.515,72.94,72.4,72.915,147880
2021-08-13T04:00:00Z,72.12,72.555,72.095,72.48,112496
2021-08-12T04:00:00Z,71.935,72.035,71.79,71.91,94410
2021-08-11T04:00:00Z,71.885,72.2,71.865,71.94,156020
2021-08-10T04:00:00Z,71.325,71.735,71.32,71.72,127646
2021-08-09T04:00:00Z,71.2,71.29,71.01,71.21,97008
2021-08-06T04:00:00Z,71.11,71.21,70.82,70.94,143849
2021-08-05T04:00:00Z,70.9,71.06,70.775,70.945,134452
2021-08-04T04:00:00Z,71.29,71.39,70.555,70.595,126877
2021-08-03T04:00:00Z,71.215,71.635,71.075,71.55,171224
2021-08-02T04:00:00Z,71.525,71.555,71.14,71.24,190702
2021-07-30T04:00:00Z,71.54,71.865,71.41,71.45,132731
2021-07-29T04:00:00Z,71.27,71.585,71.23,71.41,175728
2021-07-28T04:00:00Z,71.505,71.56,70.92,71.05,124798
2021-07-27T04:00:00Z,71.435,71.975,71.27,71.66,197781
2021-07-26T04:00:00Z,71.235,71.625,71.125,71.525,101766
2021-07-23T04:00:00Z,70.51,71.485,70.485,71.39,190155
2021-07-22T04:00:00Z,70.42,70.73,70.11,70.515,305603
2021-07-21T04:00:00Z,71.125,71.19,70.655,70.68,124431
2021-07-20T04:00:00Z,70.845,71.54,70.69,70.865,164810
2021-07-19T04:00:00Z,70.83,71.25,70.2,70.8,287473
2021-07-16T04:00:00Z,71.09,71.305,70.955,71.045,151047
2021-07-15T04:00:00Z,70.65,70.94,70.325,70.94,213493
2021-07-14T04:00:00Z,70.06,70.735,70.035,70.61,125709
2021-07-13T04:00:00Z,70.08,70.42,69.885,70.01,130652
2021-07-12T04:00:00Z,70.015,70.14,69.775,70.035,73671
2021-07-09T04:00:00Z,70.015,70.26,69.975,70.16,81363
2021-07-08T04:00:00Z,69.655,70.04,69.51,69.75,94713
2021-07-07T04:00:00Z,69.66,70.275,69.66,69.99,202939
2021-07-06T04:00:00Z,69.79,69.795,69.32,69.65,129390
2021-07-02T04:00:00Z,69.94,70.14,69.86,69.9,130247
2021-07-01T04:00:00Z,70.02,70.15,69.655,69.73,140793
2021-06-30T04:00:00Z,69.94,70.045,69.7,69.975,210528
2021-06-29T04:00:00Z,69.74,69.885,69.335,69.42,226448
2021-06-28T04:00:00Z,69.77,69.925,69.6,69.735,149780
2021-06-25T04:00:00Z,69.12,69.76,69.075,69.72,361443
2021-06-24T04:00:00Z,68.8,69.225,68.8,69.12,176184
2021-06-23T04:00:00Z,69.17,69.17,68.825,68.845,251129
2021-06-22T04:00:00Z,69.225,69.52,69.08,69.245,135868
2021-06-21T04:00:00Z,68.78,69.205,68.755,69.15,214756
2021-06-18T04:00:00Z,69.58,69.58,68.8,68.8,646731
2021-06-17T04:00:00Z,69.79,70.19,69.625,70.04,220488
2021-06-16T04:00:00Z,70.79,70.82,69.78,69.795,434765
2021-06-15T04:00:00Z,71.04,71.07,70.67,70.685,128514
2021-06-14T04:00:00Z,70.86,70.895,70.475,70.895,181484
2021-06-11T04:00:00Z,71.03,71.03,70.61,70.955,145439
2021-06-10T04:00:00Z,70.63,71.07,70.62,70.895,194903
2021-06-09T04:00:00Z,70.71,71.015,70.45,70.45,136516
2021-06-08T04:00:00Z,71.43,71.43,70.8,70.8,224169
2021-06-07T04:00:00Z,71.545,71.615,71.08,71.405,261582
2021-06-04T04:00:00Z,71.45,71.685,71.295,71.5,117012
2021-06-03T04:00:00Z,70.67,71.325,70.67,71.275,168507
2021-06-02T04:00:00Z,70.66,70.955,70.53,70.875,88691
2021-06-01T04:00:00Z,71.21,71.21,70.34,70.55,237209
2021-05-28T04:00:00Z,70.78,71.105,70.765,70.765,276403
2021-05-27T04:00:00Z,71.23,71.43,70.595,70.71,378501
2021-05-26T04:00:00Z,71.26,71.295,70.975,71.11,282134
2021-05-25T04:00:00Z,71.295,71.295,70.835,71.24,195343
2021-05-24T04:00:00Z,71.13,71.475,70.975,71.19,157666
2021-05-21T04:00:00Z,71.22,71.46,70.895,70.97,130930
2021-05-20T04:00:00Z,70.41,71.235,70.37,70.965,264012
2021-05-19T04:00:00Z,70,70.45,69.86,70.405,258942
2021-05-18T04:00:00Z,70.84,71.135,70.555,70.595,304007
2021-05-17T04:00:00Z,70.99,71.255,70.665,70.79,275701
2021-05-14T04:00:00Z,70.9,71.33,70.86,70.91,147619
2021-05-13T04:00:00Z,69.605,70.915,69.56,70.65,263731
2021-05-12T04:00:00Z,70.435,70.465,69.61,69.64,233395
2021-05-11T04:00:00Z,71.27,71.35,70.245,70.57,282309
2021-05-10T04:00:00Z,71.07,71.63,71.07,71.2,141586
2021-05-07T04:00:00Z,70.475,70.84,70.36,70.63,104586
2021-05-06T04:00:00Z,70.03,70.66,69.96,70.64,160608
2021-05-05T04:00:00Z,69.73,69.865,69.46,69.705,165615
2021-05-04T04:00:00Z,70.095,70.26,69.57,69.765,154192
2021-05-03T04:00:00Z,69.71,70.395,69.675,70.14,237663
2021-04-30T04:00:00Z,69.5,69.605,69.24,69.55,265530
2021-04-29T04:00:00Z,68.815,69.63,68.815,69.53,220689
2021-04-28T04:00:00Z,69.05,69.175,68.71,68.76,191537
2021-04-27T04:00:00Z,68.68,68.87,68.455,68.76,114621
2021-04-26T04:00:00Z,69.28,69.28,68.7,68.76,183969
2021-04-23T04:00:00Z,69.6,69.79,69.32,69.56,92420
2021-04-22T04:00:00Z,69.93,70.185,69.635,69.73,98220
2021-04-21T04:00:00Z,70.1,70.47,70.08,70.24,185641
2021-04-20T04:00:00Z,69.11,70.13,69.03,69.9,157729
2021-04-19T04:00:00Z,69.86,69.955,69.33,69.54,351372
2021-04-16T04:00:00Z,69.71,69.94,69.435,69.85,177417
2021-04-15T04:00:00Z,69.22,69.515,69.14,69.4,198224
2021-04-14T04:00:00Z,68.81,68.95,68.585,68.84,269492
2021-04-13T04:00:00Z,68.95,69.165,68.83,68.94,191448
2021-04-12T04:00:00Z,69.03,69.295,68.95,69.25,172083
2021-04-09T04:00:00Z,69,69.185,68.53,68.93,189375
2021-04-08T04:00:00Z,68.97,69.145,68.865,69.025,100351
2021-04-07T04:00:00Z,69.24,69.33,68.885,69,504040
2021-04-06T04:00:00Z,68.78,69.39,68.71,69.12,370977
2021-04-05T04:00:00Z,68.33,69.21,68.33,68.86,282413
2021-04-01T04:00:00Z,68.12,68.32,67.54,68,315398
2021-03-31T04:00:00Z,68.56,68.775,68.165,68.225,749017
2021-03-30T04:00:00Z,69.13,69.16,68.405,68.54,551905
2021-03-29T04:00:00Z,68.71,69.335,68.64,69.26,318689
2021-03-26T04:00:00Z,67.41,68.61,67.29,68.57,353506
2021-03-25T04:00:00Z,66.84,67.465,66.505,67.38,300135
2021-03-24T04:00:00Z,66.775,67.155,66.605,66.765,244500
2021-03-23T04:00:00Z,66.78,67.3,66.545,67.01,254836
2021-03-22T04:00:00Z,65.92,66.755,65.895,66.755,164721
2021-03-19T04:00:00Z,66.2,66.54,66.08,66.345,460307
2021-03-18T04:00:00Z,66.21,66.505,65.835,66.165,375767
2021-03-17T04:00:00Z,66.49,66.75,66.2,66.435,158237
2021-03-16T04:00:00Z,66.42,66.725,66.42,66.5,340324
2021-03-15T04:00:00Z,66.35,66.485,66.04,66.46,255197
2021-03-12T05:00:00Z,65.86,66.235,65.795,66.125,159317
2021-03-11T05:00:00Z,65.64,66.025,65.545,65.63,263318
2021-03-10T05:00:00Z,65,66.05,64.77,65.755,295560
2021-03-09T05:00:00Z,65.13,65.505,64.88,64.88,380746
2021-03-08T05:00:00Z,64.69,65.665,64.665,64.95,319560
2021-03-05T05:00:00Z,63.52,64.885,63.355,64.72,309151
2021-03-04T05:00:00Z,63.685,64.42,63.02,63.26,434077
2021-03-03T05:00:00Z,63.64,64.025,63.51,63.53,190814
2021-03-02T05:00:00Z,63.945,64.32,63.81,63.85,307967
2021-03-01T05:00:00Z,63.78,64.46,63.78,63.985,336045
2021-02-26T05:00:00Z,64.33,64.33,63.335,63.36,444682
2021-02-25T05:00:00Z,64.9,65.31,64.205,64.355,417949
2021-02-24T05:00:00Z,64.93,65.255,64.73,65.095,205965
2021-02-23T05:00:00Z,65.18,65.63,64.86,65.1,369758
2021-02-22T05:00:00Z,64.78,65.155,64.64,64.995,217043
2021-02-19T05:00:00Z,65.78,65.78,64.88,64.94,263960
2021-02-18T05:00:00Z,65.22,65.93,65.19,65.735,233496
2021-02-17T05:00:00Z,65.4,65.945,65.265,65.805,177694
2021-02-16T05:00:00Z,65.815,65.815,65.35,65.575,125470
2021-02-12T05:00:00Z,65.67,65.76,65.385,65.75,233002
2021-02-11T05:00:00Z,65.855,65.95,65.495,65.63,148839
2021-02-10T05:00:00Z,66.32,66.4,65.74,65.85,133924
2021-02-09T05:00:00Z,66.05,66.14,65.775,65.935,161255
2021-02-08T05:00:00Z,65.99,66.14,65.585,66.005,401395
2021-02-05T05:00:00Z,65.55,65.95,65.525,65.785,225193
2021-02-04T05:00:00Z,64.73,65.165,64.62,65.155,92415
2021-02-03T05:00:00Z,64.52,64.83,64.26,64.695,175646
2021-02-02T05:00:00Z,64.34,65.095,64.25,64.595,389988
2021-02-01T05:00:00Z,64.36,64.485,63.95,64.165,296152
2021-01-29T05:00:00Z,65.12,65.2,64.07,64.085,478877
2021-01-28T05:00:00Z,65.14,66.17,65.13,65.43,338405
2021-01-27T05:00:00Z,65.95,66.81,65.04,65.21,351166
2021-01-26T05:00:00Z,65.735,66.43,65.505,66.36,187286
2021-01-25T05:00:00Z,64.9,65.935,64.86,65.7,257840
2021-01-22T05:00:00Z,65.19,65.47,64.925,65.105,232380
2021-01-21T05:00:00Z,65.23,65.39,65.145,65.26,272452
2021-01-20T05:00:00Z,65.31,65.615,64.915,65.5,218688
2021-01-19T05:00:00Z,65.875,65.95,65.285,65.335,204261
2021-01-15T05:00:00Z,65.57,65.915,65.365,65.645,291063
2021-01-14T05:00:00Z,66.28,66.28,65.78,65.9,311478
2021-01-13T05:00:00Z,66.15,66.46,66.04,66.21,106089
2021-01-12T05:00:00Z,66.335,66.465,65.845,66.16,205395
2021-01-11T05:00:00Z,66.6,66.955,66.215,66.315,315496
2021-01-08T05:00:00Z,66.655,66.955,66.255,66.89,289437
2021-01-07T05:00:00Z,66.79,66.98,66.31,66.585,206589
2021-01-06T05:00:00Z,66.62,67.09,66.55,66.77,216537
2021-01-05T05:00:00Z,66.62,66.865,66.1,66.73,114050
2021-01-04T05:00:00Z,67.41,67.44,65.925,66.7,320632
2020-12-31T05:00:00Z,67,67.55,66.72,67.55,244988
2020-12-30T05:00:00Z,67.19,67.21,66.91,66.935,134076
2020-12-29T05:00:00Z,67.53,67.575,66.91,67.03,168266
2020-12-28T05:00:00Z,67.03,67.44,66.905,67.205,116309
2020-12-24T05:00:00Z,66.54,66.755,66.3,66.715,23556
2020-12-23T05:00:00Z,66.48,66.645,66.245,66.39,82279
2020-12-22T05:00:00Z,66.45,66.585,66.065,66.145,166681
2020-12-21T05:00:00Z,66.63,66.77,65.945,66.65,166054
2020-12-18T05:00:00Z,67.815,68.04,67.415,67.95,173690
2020-12-17T05:00:00Z,67.59,67.85,67.58,67.77,90780
2020-12-16T05:00:00Z,67.31,67.665,67.115,67.325,233770
2020-12-15T05:00:00Z,67.365,67.545,67.145,67.225,156927
2020-12-14T05:00:00Z,67.64,67.895,67.045,67.095,123402
2020-12-11T05:00:00Z,66.95,67.5,66.95,67.36,130232
2020-12-10T05:00:00Z,67.55,67.57,67.015,67.245,83520
2020-12-09T05:00:00Z,67.82,67.855,67.29,67.47,123762
2020-12-08T05:00:00Z,67.09,67.875,67.01,67.76,451218
2020-12-07T05:00:00Z,67.535,67.595,67.06,67.375,190318
2020-12-04T05:00:00Z,67.24,67.64,67.105,67.64,216621
2020-12-03T05:00:00Z,66.8,67.22,66.77,67.085,180376
2020-12-02T05:00:00Z,67.4,67.56,66.725,66.95,153470
2020-12-01T05:00:00Z,67.265,67.555,67.09,67.46,143891
2020-11-30T05:00:00Z,66.775,66.955,66.235,66.95,206873
2020-11-27T05:00:00Z,66.98,66.98,66.725,66.905,48022
2020-11-25T05:00:00Z,66.99,67.18,66.86,66.95,140305
2020-11-24T05:00:00Z,66.915,67.19,66.775,66.985,151699
2020-11-23T05:00:00Z,66.57,66.695,66.13,66.505,186527
2020-11-20T05:00:00Z,66.87,67.075,66.485,66.505,99521
2020-11-19T05:00:00Z,66.5,67.01,66.395,66.965,182092
2020-11-18T05:00:00Z,67.74,67.995,66.74,66.74,221747
2020-11-17T05:00:00Z,67.63,68.065,67.48,67.655,214316
2020-11-16T05:00:00Z,67.92,68.12,67.635,68.12,155013
2020-11-13T05:00:00Z,66.835,67.615,66.665,67.555,113186
2020-11-12T05:00:00Z,66.675,66.765,66.05,66.625,176843
2020-11-11T05:00:00Z,66.6,67.07,66.21,66.775,419478
2020-11-10T05:00:00Z,64.94,66.395,64.91,66.21,200495
2020-11-09T05:00:00Z,66.895,67.24,64.855,64.9,426406
2020-11-06T05:00:00Z,64.93,65.42,64.805,65.07,444633
2020-11-05T05:00:00Z,65.085,65.38,64.62,64.845,242068
2020-11-04T05:00:00Z,64.57,65.4,64.24,64.315,298656
2020-11-03T05:00:00Z,63.86,64.87,63.825,64.295,1352278
2020-11-02T05:00:00Z,63.18,63.54,62.775,63.21,149694
2020-10-30T04:00:00Z,62.28,62.52,61.51,62.24,243447
2020-10-29T04:00:00Z,62.3,63.08,61.725,62.535,181918
2020-10-28T04:00:00Z,63.38,63.76,62.43,62.445,163199
2020-10-27T04:00:00Z,64.61,64.94,64.35,64.365,129425
2020-10-26T04:00:00Z,64.94,65.02,63.985,64.52,274038
2020-10-23T04:00:00Z,65.53,65.59,65.21,65.375,136056
2020-10-22T04:00:00Z,65.345,65.475,64.96,65.25,180233
2020-10-21T04:00:00Z,65.28,65.66,65.18,65.33,126930
2020-10-20T04:00:00Z,65.91,66.075,65.14,65.25,178167
2020-10-19T04:00:00Z,66.18,66.45,65.135,65.275,193381
2020-10-16T04:00:00Z,66.35,66.705,66.16,66.16,215531
2020-10-15T04:00:00Z,65.61,66.325,65.61,66.16,183588
2020-10-14T04:00:00Z,66.45,66.67,65.855,66.105,137511
2020-10-13T04:00:00Z,66.4,66.645,66.15,66.465,139488
2020-10-12T04:00:00Z,66.01,66.835,66.01,66.485,188114
2020-10-09T04:00:00Z,65.495,66.03,65.495,65.755,210252
2020-10-08T04:00:00Z,64.93,65.29,64.87,65.245,149041
2020-10-07T04:00:00Z,64.52,65.06,64.37,64.83,110522
2020-10-06T04:00:00Z,64.64,64.92,63.93,64.1,112222
2020-10-05T04:00:00Z,64.26,64.6,64.15,64.535,98344
2020-10-02T04:00:00Z,63.98,64.38,63.625,64.11,159377
2020-10-01T04:00:00Z,64.31,64.61,63.94,64.475,119392
2020-09-30T04:00:00Z,63.59,64.5,63.585,64.17,225521
2020-09-29T04:00:00Z,63.8,63.91,63.23,63.375,214165
2020-09-28T04:00:00Z,63.57,64.11,63.55,63.68,148288
2020-09-25T04:00:00Z,62.52,63.1,62.26,63.05,185300
2020-09-24T04:00:00Z,62.24,63.03,61.845,62.705,143171
2020-09-23T04:00:00Z,63.48,63.54,62.195,62.23,133670
2020-09-22T04:00:00Z,62.82,63.505,62.82,63.205,172424
2020-09-21T04:00:00Z,62.97,63.04,62.11,62.83,160049
2020-09-18T04:00:00Z,64.36,64.47,63.26,63.67,137423
2020-09-17T04:00:00Z,64.16,64.61,63.86,64.265,213775
2020-09-16T04:00:00Z,65.28,65.42,64.64,64.66,104186
2020-09-15T04:00:00Z,65.28,65.44,64.895,65.025,88419
2020-09-14T04:00:00Z,64.91,65.355,64.785,65.115,168754
2020-09-11T04:00:00Z,64.55,64.96,64.19,64.695,213817
2020-09-10T04:00:00Z,65.02,65.255,64.16,64.31,168516
2020-09-09T04:00:00Z,64.49,65.72,64.49,65.11,184931
2020-09-08T04:00:00Z,65.41,65.42,63.905,64.15,306385
2020-09-04T04:00:00Z,65.875,66.14,64.75,65.545,218115
2020-09-03T04:00:00Z,66.98,67.6,65.21,65.735,737955
2020-09-02T04:00:00Z,65.9,67.105,65.865,66.885,308392
2020-09-01T04:00:00Z,65.37,65.675,65.135,65.61,147532
2020-08-31T04:00:00Z,65.54,65.77,65.315,65.66,65141
2020-08-28T04:00:00Z,65.44,65.805,64.885,65.785,172088
2020-08-27T04:00:00Z,65.18,65.485,65.065,65.2,121835
2020-08-26T04:00:00Z,64.47,64.875,64.29,64.775,77515
2020-08-25T04:00:00Z,65.01,65.01,64.45,64.715,84502
2020-08-24T04:00:00Z,64.46,64.805,64.22,64.805,122350
2020-08-21T04:00:00Z,64.08,64.385,63.865,64.285,100604
2020-08-20T04:00:00Z,63.87,64.2,63.82,64.125,241234
2020-08-19T04:00:00Z,64.67,64.77,64.16,64.275,111221
2020-08-18T04:00:00Z,64.65,64.955,64.335,64.755,97421
2020-08-17T04:00:00Z,64.22,64.72,64.21,64.53,117772
2020-08-14T04:00:00Z,64.08,64.345,63.93,64.17,53015
2020-08-13T04:00:00Z,64.07,64.355,64,64.165,65082
2020-08-12T04:00:00Z,63.79,64.49,63.71,64.265,80437
2020-08-11T04:00:00Z,64.13,64.29,63.255,63.39,77382
2020-08-10T04:00:00Z,63.58,63.965,63.46,63.865,58621
2020-08-07T04:00:00Z,63.12,63.565,63.07,63.485,141352
2020-08-06T04:00:00Z,62.95,63.28,62.935,63.175,93090
2020-08-05T04:00:00Z,63.44,63.51,63.025,63.2,111617
2020-08-04T04:00:00Z,62.465,63.31,62.37,63.265,207763
2020-08-03T04:00:00Z,62.685,62.745,62.225,62.525,155008
2020-07-31T04:00:00Z,62.41,62.705,61.925,62.705,223305
2020-07-30T04:00:00Z,62.53,62.98,62.33,62.735,143719
2020-07-29T04:00:00Z,62.65,62.955,62.53,62.755,176514
2020-07-28T04:00:00Z,62.41,62.965,62.41,62.645,142217
2020-07-27T04:00:00Z,62,62.445,61.97,62.395,79707
