2024-06-14T04:00:00Z,145.63,145.92,145.025,145.9,72053
2024-06-13T04:00:00Z,145.54,146.155,144.645,145.985,85421
2024-06-12T04:00:00Z,146.99,146.99,145.7,146.06,94779
2024-06-11T04:00:00Z,146.42,146.645,145.79,146.375,67097
2024-06-10T04:00:00Z,146.12,147.005,145.72,146.96,114990
2024-06-07T04:00:00Z,146.14,147.16,146.03,146.395,89740
2024-06-06T04:00:00Z,145.51,146.535,145.27,146.255,53682
2024-06-05T04:00:00Z,145.5,145.935,144.505,145.79,119398
2024-06-04T04:00:00Z,144.56,145.52,144.075,145.15,119262
2024-06-03T04:00:00Z,143.43,145.115,143.37,144.69,250791
2024-05-31T04:00:00Z,142.005,143.77,142,143.72,173117
2024-05-30T04:00:00Z,141.005,142.13,140.675,141.63,156143
2024-05-29T04:00:00Z,141.52,141.645,140.95,141.58,173309
2024-05-28T04:00:00Z,144.06,144.06,142.1,142.67,178676
2024-05-24T04:00:00Z,145.1,145.24,144.34,144.45,123719
2024-05-23T04:00:00Z,146.23,146.23,144.805,144.935,203303
2024-05-22T04:00:00Z,145.9,146.925,145.84,146.48,114210
2024-05-21T04:00:00Z,146.245,146.84,145.885,146.23,82437
2024-05-20T04:00:00Z,146.17,146.345,145.77,145.95,93315
2024-05-17T04:00:00Z,146.1,146.335,145.455,146.325,204596
2024-05-16T04:00:00Z,146.025,146.435,145.63,146.04,128693
2024-05-15T04:00:00Z,144.95,146.36,144.95,146.18,263725
2024-05-14T04:00:00Z,143.79,144.13,143.12,144.045,216314
2024-05-13T04:00:00Z,143.835,144.01,143.19,143.485,108249
2024-05-10T04:00:00Z,143.41,144.09,143.41,143.565,115410
2024-05-09T04:00:00Z,142.41,143.38,142.24,143.29,230378
2024-05-08T04:00:00Z,142.69,142.85,141.915,142.1,166011
2024-05-07T04:00:00Z,141.91,142.685,141.715,142.53,254289
2024-05-06T04:00:00Z,141.31,141.43,140.64,141.43,146550
2024-05-03T04:00:00Z,141.03,141.2,140.13,140.81,276551
2024-05-02T04:00:00Z,141.16,141.16,139.725,140.48,236795
2024-05-01T04:00:00Z,139.69,141.81,139.63,140.615,200781
2024-04-30T04:00:00Z,140.86,141.18,140.24,140.33,141285
2024-04-29T04:00:00Z,140.64,140.81,139.74,140.445,106257
2024-04-26T04:00:00Z,139.395,140.31,139.34,139.935,136414
2024-04-25T04:00:00Z,140.77,140.935,139.205,139.98,163893
2024-04-24T04:00:00Z,140.94,141.13,140.225,140.9,196999
2024-04-23T04:00:00Z,140.66,141.545,140.245,141.265,187207
2024-04-22T04:00:00Z,139.37,140.56,138.97,139.5,146852
2024-04-19T04:00:00Z,139.26,139.265,138.46,138.95,221181
2024-04-18T04:00:00Z,138.54,139.23,138.21,138.5,157555
2024-04-17T04:00:00Z,139.47,139.585,138.22,138.42,130101
2024-04-16T04:00:00Z,139.64,139.675,138.6,138.67,224611
2024-04-15T04:00:00Z,140.255,140.61,138.42,138.64,333297
2024-04-12T04:00:00Z,140.17,140.25,138.47,138.965,293650
2024-04-11T04:00:00Z,141.93,142.04,140.605,140.94,158883
2024-04-10T04:00:00Z,141.96,142.225,141.11,141.63,480771
2024-04-09T04:00:00Z,143.11,143.345,142.3,143.3,210122
2024-04-08T04:00:00Z,142.85,143.1,142.56,142.81,212803
2024-04-05T04:00:00Z,141.805,143.68,141.63,143.31,219284
2024-04-04T04:00:00Z,144.93,145.005,141.88,142.015,272734
2024-04-03T04:00:00Z,144.43,145.07,143.7,144.05,200328
2024-04-02T04:00:00Z,144.6,144.61,143.445,144.15,211794
2024-04-01T04:00:00Z,147.575,147.62,145.94,146.44,166581
2024-03-28T04:00:00Z,147.99,148.21,147.76,147.765,172414
2024-03-27T04:00:00Z,147.07,147.695,146.705,147.685,242045
2024-03-26T04:00:00Z,145.495,145.92,145.16,145.77,115274
2024-03-25T04:00:00Z,145.55,145.855,145.035,145.23,124128
2024-03-22T04:00:00Z,145.795,146.21,145.27,145.44,107908
2024-03-21T04:00:00Z,145.69,146.17,145.37,145.62,252157
2024-03-20T04:00:00Z,145.365,145.49,144.655,145.435,229591
2024-03-19T04:00:00Z,144.97,145.86,144.56,145.805,135137
2024-03-18T04:00:00Z,145.4,145.565,144.73,144.835,148073
2024-03-15T04:00:00Z,144.91,145.66,144.885,145.415,205355
2024-03-14T04:00:00Z,146.525,146.66,145.13,145.99,225814
2024-03-13T04:00:00Z,147.545,147.675,145.925,146.45,145016
2024-03-12T04:00:00Z,146.445,147.36,145.97,147.04,170893
2024-03-11T04:00:00Z,146.235,146.55,145.295,146.355,152848
2024-03-08T05:00:00Z,146.535,147.25,146.22,146.43,198151
2024-03-07T05:00:00Z,146.48,147.035,146.205,146.7,136122
2024-03-06T05:00:00Z,145.55,146.545,145.5,146.01,208437
2024-03-05T05:00:00Z,146.155,146.37,144.555,144.96,247507
2024-03-04T05:00:00Z,146.29,146.66,145.78,146.1,230754
2024-03-01T05:00:00Z,145.14,146.42,144.58,146.31,181598
2024-02-29T05:00:00Z,146.08,146.11,144.82,144.86,264468
2024-02-28T05:00:00Z,146.17,146.2,145.33,146,203082
2024-02-27T05:00:00Z,146.41,147.145,146.04,146.745,197883
2024-02-26T05:00:00Z,147.83,148.09,146.985,147.08,186129
2024-02-23T05:00:00Z,147.56,148.255,147.36,147.87,304161
2024-02-22T05:00:00Z,145.825,147.415,145.38,147.145,210658
2024-02-21T05:00:00Z,144.63,145.48,144.25,145.43,146078
2024-02-20T05:00:00Z,145.93,146.18,144.78,145.135,244499
2024-02-16T05:00:00Z,145.27,146.605,144.82,145.625,220295
2024-02-15T05:00:00Z,144.175,145.41,144.03,145.165,299962
2024-02-14T05:00:00Z,143.335,144.15,143.075,144.06,213507
2024-02-13T05:00:00Z,143.44,144.45,142.155,142.95,269557
2024-02-12T05:00:00Z,143.73,144.23,143.165,144.23,122518
2024-02-09T05:00:00Z,143.955,144.24,143.57,144.01,175123
2024-02-08T05:00:00Z,144.12,144.2,143.465,144.125,133500
2024-02-07T05:00:00Z,144.4,145.01,144.17,144.36,154846
2024-02-06T05:00:00Z,143.34,144.07,142.84,144,193501
2024-02-05T05:00:00Z,142.48,143.27,141.82,142.405,222800
2024-02-02T05:00:00Z,142.2,142.645,141.31,141.98,191159
2024-02-01T05:00:00Z,140.61,142.19,139.93,142.19,204276
2024-01-31T05:00:00Z,141.56,141.66,140.35,140.35,218913
2024-01-30T05:00:00Z,140.515,140.8,139.835,140.56,131175
2024-01-29T05:00:00Z,139.37,140.26,139.34,140.215,155539
2024-01-26T05:00:00Z,139.46,139.54,138.935,139.26,165038
2024-01-25T05:00:00Z,138.03,138.49,137.22,138.485,227993
2024-01-24T05:00:00Z,140.25,140.67,138.67,138.735,284330
2024-01-23T05:00:00Z,139.955,140.055,138.995,139.98,155849
2024-01-22T05:00:00Z,139.63,140.425,139.295,140.08,147318
2024-01-19T05:00:00Z,139.18,139.81,138.75,139.47,204369
2024-01-18T05:00:00Z,138.105,139.515,137.53,139.39,247524
2024-01-17T05:00:00Z,139.51,140.07,139.015,139.37,171628
2024-01-16T05:00:00Z,140.24,140.3,139.47,139.71,142267
2024-01-12T05:00:00Z,140.59,141.14,140.05,140.475,144998
2024-01-11T05:00:00Z,140.89,141.015,140.025,140.83,143903
2024-01-10T05:00:00Z,140.395,141.14,139.905,141,281279
2024-01-09T05:00:00Z,140.18,141.53,139.9,140.36,194981
2024-01-08T05:00:00Z,139.19,140.375,138.68,140.31,153301
2024-01-05T05:00:00Z,138.94,139.695,138.535,139.15,181676
2024-01-04T05:00:00Z,138.93,139.99,138.76,139.23,247857
2024-01-03T05:00:00Z,139.28,139.51,138.39,138.515,158686
2024-01-02T05:00:00Z,136.01,139.005,135.97,138.76,267853
2023-12-29T05:00:00Z,136.18,136.6,135.85,136.36,88838
2023-12-28T05:00:00Z,136.08,136.695,136.08,136.31,141716
2023-12-27T05:00:00Z,135.27,135.975,135.16,135.95,83779
2023-12-26T05:00:00Z,134.885,135.665,134.76,135.32,97954
2023-12-22T05:00:00Z,134.87,135.435,134.51,135.03,150390
2023-12-21T05:00:00Z,133.39,134.44,133.34,134.36,123849
2023-12-20T05:00:00Z,134.585,134.68,132.735,132.755,122964
2023-12-19T05:00:00Z,133.945,134.745,133.74,134.72,164765
2023-12-18T05:00:00Z,133.93,134.165,133.44,133.8,116898
2023-12-15T05:00:00Z,134.805,134.93,133.675,134.11,192238
2023-12-14T05:00:00Z,136.18,136.5,134.8,135.37,258389
2023-12-13T05:00:00Z,133.045,136.01,132.81,135.99,208640
2023-12-12T05:00:00Z,133.23,133.69,132.57,133.55,136235
2023-12-11T05:00:00Z,132.84,133.18,132.14,132.9,142377
2023-12-08T05:00:00Z,131.95,132.37,131.275,132.07,148456
2023-12-07T05:00:00Z,132.22,132.22,131.27,131.85,86063
2023-12-06T05:00:00Z,132.06,132.445,131.8,132.01,166758
2023-12-05T05:00:00Z,131.88,132.115,131.12,131.905,106150
2023-12-04T05:00:00Z,131.575,132.32,131.435,132.07,214181
2023-12-01T05:00:00Z,131.25,131.94,131.08,131.79,172599
2023-11-30T05:00:00Z,129.88,131.385,129.35,131.31,126542
2023-11-29T05:00:00Z,129.5,130.335,129.44,129.71,120698
2023-11-28T05:00:00Z,130.13,130.36,129.555,129.63,108521
2023-11-27T05:00:00Z,130.98,131.27,130.08,130.31,174882
2023-11-24T05:00:00Z,130.86,131.15,130.705,131.13,59338
2023-11-22T05:00:00Z,130.33,130.71,130.11,130.46,70516
2023-11-21T05:00:00Z,129.45,130.04,129.37,129.78,148351
2023-11-20T05:00:00Z,127.79,129.3,127.69,129.02,113440
2023-11-17T05:00:00Z,128.91,128.97,127.885,128.25,188482
2023-11-16T05:00:00Z,128.41,128.68,127.885,128.5,113688
2023-11-15T05:00:00Z,127.96,128.465,127.65,128.01,174946
2023-11-14T05:00:00Z,127.67,128.69,127.41,127.89,327605
2023-11-13T05:00:00Z,126.29,127.2,125.675,126.965,138527
2023-11-10T05:00:00Z,126.05,126.43,124.625,126.27,186539
2023-11-09T05:00:00Z,128.045,128.07,125.405,125.55,234389
2023-11-08T05:00:00Z,128.73,128.81,127.4,128.16,182247
2023-11-07T05:00:00Z,128.33,128.62,127.89,128.36,162322
2023-11-06T05:00:00Z,127.9,128.445,127.46,128.3,165116
2023-11-03T04:00:00Z,127.56,128.19,127.21,127.42,302954
2023-11-02T04:00:00Z,125.295,126.88,124.98,126.79,192111
2023-11-01T04:00:00Z,124.33,125.41,124.18,124.81,295773
2023-10-31T04:00:00Z,124.17,124.7,123.56,124.56,176625
2023-10-30T04:00:00Z,123.985,124.19,122.89,123.8,186949
2023-10-27T04:00:00Z,124.8,125.01,122.595,123.145,242083
2023-10-26T04:00:00Z,125.51,126.41,125.18,125.25,265844
2023-10-25T04:00:00Z,127.35,127.42,125.59,126.55,233719
2023-10-24T04:00:00Z,126.95,128,126.95,127.63,140880
2023-10-23T04:00:00Z,128,128.365,127.15,127.26,255953
2023-10-20T04:00:00Z,128.5,128.96,128.04,128.04,188862
2023-10-19T04:00:00Z,129.79,129.81,127.775,128.54,235747
2023-10-18T04:00:00Z,131.295,131.53,129.625,129.79,192858
2023-10-17T04:00:00Z,130.71,131.695,130.45,131,159711
2023-10-16T04:00:00Z,130.78,131.915,130.61,131.11,223710
2023-10-13T04:00:00Z,129.89,130.93,129.485,130.21,220940
2023-10-12T04:00:00Z,130.495,130.82,129.28,129.415,207893
2023-10-11T04:00:00Z,131.38,131.41,129.93,130.49,201240
2023-10-10T04:00:00Z,130.34,131.66,129.98,131.08,270930
2023-10-09T04:00:00Z,129.51,130.53,129.155,130.44,167698
2023-10-06T04:00:00Z,128.38,130.42,128.28,129.97,230667
2023-10-05T04:00:00Z,128.12,128.87,127.52,128.68,275602
2023-10-04T04:00:00Z,127.59,128.135,126.94,127.96,157615
2023-10-03T04:00:00Z,128.01,128.16,126.88,127.47,224566
2023-10-02T04:00:00Z,128.36,128.595,127.07,128.56,288116
2023-09-29T04:00:00Z,130.06,130.06,128.56,128.75,257238
2023-09-28T04:00:00Z,129.45,130.075,129.335,129.73,168539
2023-09-27T04:00:00Z,129.95,130.11,128.155,129.11,252500
2023-09-26T04:00:00Z,130.34,130.665,129.655,129.75,258522
2023-09-25T04:00:00Z,130.02,130.895,129.67,130.88,155498
2023-09-22T04:00:00Z,130.25,130.915,130,130.14,168244
2023-09-21T04:00:00Z,131.345,131.525,130.36,130.41,257539
2023-09-20T04:00:00Z,132.1,132.5,131.55,131.57,124619
2023-09-19T04:00:00Z,131.28,131.84,130.685,131.56,138705
2023-09-18T04:00:00Z,131.86,131.98,130.98,131.45,151632
2023-09-15T04:00:00Z,133,133.54,132.095,132.2,262055
2023-09-14T04:00:00Z,133.53,133.63,132.85,133.22,149061
2023-09-13T04:00:00Z,132.46,133.345,132.46,132.79,149774
2023-09-12T04:00:00Z,132.64,133.14,131.875,132.76,155414
2023-09-11T04:00:00Z,132.1,133.22,131.99,132.97,194428
2023-09-08T04:00:00Z,131.9,132.455,131.77,132.1,258665
2023-09-07T04:00:00Z,131.84,132.625,131.8,132.1,220972
2023-09-06T04:00:00Z,132.08,132.16,130.84,131.46,354848
2023-09-05T04:00:00Z,133.68,133.68,132.23,132.25,202545
2023-09-01T04:00:00Z,133.94,134.22,133.23,133.49,163151
2023-08-31T04:00:00Z,134.82,134.88,133.21,133.22,223826
2023-08-30T04:00:00Z,135.19,135.61,134.705,134.82,151874
2023-08-29T04:00:00Z,133.99,134.9,133.72,134.88,293605
2023-08-28T04:00:00Z,133.86,134.31,133.24,133.73,201578
2023-08-25T04:00:00Z,132.98,133.87,132.43,133.42,170030
2023-08-24T04:00:00Z,133.54,134.385,132.48,132.51,158528
2023-08-23T04:00:00Z,134.05,134.26,133.22,133.58,115647
2023-08-22T04:00:00Z,133.5,133.77,133.135,133.17,154022
2023-08-21T04:00:00Z,133.44,133.82,133.07,133.67,153536
2023-08-18T04:00:00Z,133.19,133.855,133.19,133.56,222887
2023-08-17T04:00:00Z,134.06,134.51,133.44,133.505,269045
2023-08-16T04:00:00Z,135.385,135.8,134.525,134.56,311675
2023-08-15T04:00:00Z,135.72,136.115,135.44,135.58,148320
2023-08-14T04:00:00Z,135.745,136.49,135.63,136.09,149787
2023-08-11T04:00:00Z,134.78,135.82,134.49,135.64,139223
2023-08-10T04:00:00Z,135.305,136.515,134.71,134.86,144777
2023-08-09T04:00:00Z,134.99,135.64,134.81,134.92,138615
2023-08-08T04:00:00Z,134.77,135.115,134.055,134.96,186227
2023-08-07T04:00:00Z,132.84,134.05,132.8,133.92,211805
2023-08-04T04:00:00Z,132.91,133.73,132.08,132.39,192391
2023-08-03T04:00:00Z,133.1,133.24,132.63,132.82,189844
2023-08-02T04:00:00Z,133.48,134.39,133.19,133.49,222810
2023-08-01T04:00:00Z,133.98,134.24,133.17,133.43,141254
2023-07-31T04:00:00Z,134.89,134.89,133.655,134.14,213394
2023-07-28T04:00:00Z,135.25,135.41,134.415,135.16,125230
2023-07-27T04:00:00Z,135.92,136.42,134.76,134.81,197818
2023-07-26T04:00:00Z,135.21,136.2,134.875,135.79,124686
2023-07-25T04:00:00Z,135,136.39,134.99,135.87,126960
2023-07-24T04:00:00Z,136.22,136.785,135.84,135.96,152007
2023-07-21T04:00:00Z,135.01,136.66,134.83,136.24,282018
2023-07-20T04:00:00Z,133.56,135.425,133.51,134.91,270381
2023-07-19T04:00:00Z,132.66,133.5,132.47,132.68,217951
2023-07-18T04:00:00Z,131.13,132.535,130.95,132.07,161062
2023-07-17T04:00:00Z,131.38,131.465,130.63,131.11,202782
2023-07-14T04:00:00Z,130.68,132.08,130.62,131.74,170907
2023-07-13T04:00:00Z,129.95,130.36,129.64,129.73,110952
2023-07-12T04:00:00Z,130.43,130.45,129.5,129.72,219594
2023-07-11T04:00:00Z,129.78,130.45,129.5,130.035,146517
2023-07-10T04:00:00Z,129.11,130.18,129.11,130.05,220947
2023-07-07T04:00:00Z,129.93,130.16,128.935,128.98,254316
2023-07-06T04:00:00Z,130.66,130.98,130.195,130.52,134943
2023-07-05T04:00:00Z,131.33,131.84,131.15,131.6,144447
2023-07-03T04:00:00Z,131.81,131.895,131.11,131.62,115660
2023-06-30T04:00:00Z,131.97,133.03,131.89,132.72,144127
2023-06-29T04:00:00Z,130.14,131.46,130.025,131.37,108614
2023-06-28T04:00:00Z,130.825,130.84,130.11,130.5,131599
2023-06-27T04:00:00Z,131.28,131.37,130.05,130.93,175638
2023-06-26T04:00:00Z,131.81,131.835,130,131.25,119204
2023-06-23T04:00:00Z,132.12,132.49,131.75,131.96,162630
2023-06-22T04:00:00Z,131.94,132.615,131.645,132.42,125056
2023-06-21T04:00:00Z,131.2,131.98,130.6,131.555,167096
2023-06-20T04:00:00Z,130.67,132.09,130.43,131.49,150935
2023-06-16T04:00:00Z,132.79,133.19,132.09,132.2,152431
2023-06-15T04:00:00Z,130.38,132.395,130.28,132.24,165444
2023-06-14T04:00:00Z,130.86,130.95,129.705,130.16,158667
2023-06-13T04:00:00Z,130.605,131.73,130.56,131.57,116995
2023-06-12T04:00:00Z,130.43,130.915,129.88,130.89,198225
2023-06-09T04:00:00Z,130.045,130.83,129.41,130.4,185650
2023-06-08T04:00:00Z,129.175,130.19,128.8,130.01,125280
2023-06-07T04:00:00Z,129.42,129.76,129.015,129.16,137567
2023-06-06T04:00:00Z,131.32,131.32,129.16,129.69,219433
2023-06-05T04:00:00Z,130.585,131.35,130.47,130.87,121826
2023-06-02T04:00:00Z,129.04,130.545,128.8,130.29,191811
2023-06-01T04:00:00Z,127.905,128.915,127.005,128.64,273499
2023-05-31T04:00:00Z,126.48,128.035,126.085,127.81,163100
2023-05-30T04:00:00Z,126.86,127.865,126.43,126.72,183788
2023-05-26T04:00:00Z,127.77,128.825,127.29,127.52,185771
2023-05-25T04:00:00Z,128.335,128.335,126.92,127.78,235059
2023-05-24T04:00:00Z,129.72,129.72,128.81,129.1,90880
2023-05-23T04:00:00Z,130.94,131.08,129.73,129.97,201123
2023-05-22T04:00:00Z,131.53,132.34,131.175,131.43,293960
2023-05-19T04:00:00Z,131.03,132.18,130.95,131.3,168033
2023-05-18T04:00:00Z,130.71,130.895,129.725,130.72,198775
2023-05-17T04:00:00Z,131.17,131.17,129.57,130.99,246642
2023-05-16T04:00:00Z,131.65,131.71,130.84,130.875,131986
2023-05-15T04:00:00Z,132.18,132.29,131.405,131.93,92841
2023-05-12T04:00:00Z,132.62,132.78,131.6,132.17,96473
2023-05-11T04:00:00Z,132.55,132.57,131.55,132.38,147949
2023-05-10T04:00:00Z,132.82,133.11,132,132.73,112650
2023-05-09T04:00:00Z,132.85,133.4,132.39,132.4,66206
2023-05-08T04:00:00Z,133.2,133.42,132.7,133.31,69441
2023-05-05T04:00:00Z,133.315,134.04,132.85,133.57,139903
2023-05-04T04:00:00Z,132.96,132.96,131.91,132.38,127385
2023-05-03T04:00:00Z,134.3,134.78,133.295,133.455,145403
2023-05-02T04:00:00Z,133.95,134.815,132.71,133.6,129410
2023-05-01T04:00:00Z,133.67,134.735,133.49,134.25,180651
2023-04-28T04:00:00Z,132.18,133.88,132.11,133.46,74423
2023-04-27T04:00:00Z,131.78,132.56,130.655,132.4,135735
2023-04-26T04:00:00Z,132.42,132.465,130.94,131.74,134701
2023-04-25T04:00:00Z,134.85,135.19,133.46,133.62,102857
2023-04-24T04:00:00Z,134.49,135.085,134.16,135.02,89458
2023-04-21T04:00:00Z,134.1,134.7,133.72,134.29,153571
2023-04-20T04:00:00Z,133.39,133.58,132.875,133.37,133333
2023-04-19T04:00:00Z,133.75,134.145,133.17,133.94,68616
2023-04-18T04:00:00Z,134.685,134.72,133.36,133.54,116844
2023-04-17T04:00:00Z,134.67,134.71,133.775,134.45,87222
2023-04-14T04:00:00Z,135.3,135.55,134.08,134.56,103108
2023-04-13T04:00:00Z,134.54,135.8,134.215,135.65,147226
2023-04-12T04:00:00Z,134.36,134.88,133.705,133.92,123784
2023-04-11T04:00:00Z,133.73,134.335,133.71,133.89,145458
2023-04-10T04:00:00Z,133.26,133.5,132.48,133.5,119878
2023-04-06T04:00:00Z,133.66,134.09,133.105,133.54,153346
2023-04-05T04:00:00Z,131.72,133.41,131.55,133.2,289996
2023-04-04T04:00:00Z,130.97,131.675,130.705,130.95,152531
2023-04-03T04:00:00Z,129.65,131.055,129.27,130.88,221715
2023-03-31T04:00:00Z,128.57,129.53,128.46,129.51,276084
2023-03-30T04:00:00Z,127.93,128.13,127.28,128.05,181773
2023-03-29T04:00:00Z,127.75,127.82,126.88,127.39,117104
2023-03-28T04:00:00Z,127.7,128.13,126.75,127.06,101356
2023-03-27T04:00:00Z,128.22,128.71,127.71,127.74,100569
2023-03-24T04:00:00Z,125.48,127.41,125.005,127.3,133436
2023-03-23T04:00:00Z,126.32,127.07,124.87,125.54,118599
2023-03-22T04:00:00Z,127.81,128.25,125.83,125.83,132805
2023-03-21T04:00:00Z,127.45,127.87,126.675,127.65,304943
2023-03-20T04:00:00Z,125.665,127.14,125.65,126.92,147247
2023-03-17T04:00:00Z,127.45,127.48,125.46,125.82,247385
2023-03-16T04:00:00Z,125.585,127.54,125.055,127.5,261181
2023-03-15T04:00:00Z,125.07,126.46,124.87,126.31,205841
2023-03-14T04:00:00Z,126.245,126.81,125.215,126.49,249799
2023-03-13T04:00:00Z,123.68,127.02,123.68,125.3,555365
2023-03-10T05:00:00Z,124.9,125.885,123.695,124.18,226012
2023-03-09T05:00:00Z,126.89,126.94,124.615,125.04,160062
2023-03-08T05:00:00Z,126.88,127.15,125.87,126.35,236848
2023-03-07T05:00:00Z,129.36,129.36,126.815,127.04,178858
2023-03-06T05:00:00Z,129.05,129.68,128.82,129.12,131832
2023-03-03T05:00:00Z,128.23,129.22,127.71,129.17,222884
2023-03-02T05:00:00Z,126.475,128.105,126.41,127.7,191161
2023-03-01T05:00:00Z,126.56,127.225,126.41,127.01,213553
2023-02-28T05:00:00Z,127.91,127.91,127.085,127.21,220225
2023-02-27T05:00:00Z,129.23,129.545,127.835,128.125,92720
2023-02-24T05:00:00Z,129.19,129.34,128.155,128.54,144818
2023-02-23T05:00:00Z,129.89,130.825,129.24,130.19,95170
2023-02-22T05:00:00Z,130.44,130.72,129.6,129.87,114225
2023-02-21T05:00:00Z,131.22,131.54,130.1,130.25,236686
2023-02-17T05:00:00Z,130.46,132.22,130.1,132.06,251500
2023-02-16T05:00:00Z,130.95,131.975,130.545,130.84,172609
2023-02-15T05:00:00Z,132.22,132.45,131.695,132.15,93841
2023-02-14T05:00:00Z,133.69,133.99,132.145,132.82,125360
2023-02-13T05:00:00Z,132.55,133.585,132.55,133.58,118435
2023-02-10T05:00:00Z,131.53,132.615,131.3,132.46,123444
2023-02-09T05:00:00Z,132.86,133.235,131.04,131.28,132125
2023-02-08T05:00:00Z,132.43,133.115,132.235,132.445,119293
2023-02-07T05:00:00Z,131.23,133.165,131.05,132.8,214052
2023-02-06T05:00:00Z,132.59,132.74,131.775,131.93,137264
2023-02-03T05:00:00Z,133.215,133.565,132.28,132.71,222253
2023-02-02T05:00:00Z,132.91,133.24,132.18,133.095,254592
2023-02-01T05:00:00Z,133.49,134.8,132.44,133.91,203240
2023-01-31T05:00:00Z,132.08,133.38,131.87,133.35,103842
2023-01-30T05:00:00Z,132.6,133.435,131.465,131.66,190910
2023-01-27T05:00:00Z,133.35,133.67,132.69,132.84,110175
2023-01-26T05:00:00Z,133.72,133.82,132.735,133.78,188105
2023-01-25T05:00:00Z,132.66,133.52,132.245,133.52,118881
2023-01-24T05:00:00Z,134.25,134.47,132.67,133.565,142954
2023-01-23T05:00:00Z,133.95,135.12,133.71,134.36,199509
2023-01-20T05:00:00Z,133.23,134,132.55,133.98,116483
2023-01-19T05:00:00Z,132.37,133.77,132.37,133.24,190193
2023-01-18T05:00:00Z,134.84,135.075,132.805,132.9,120633
2023-01-17T05:00:00Z,135.35,135.6,134.645,134.8,163015
2023-01-13T05:00:00Z,134.14,135.8,134.14,135.47,96778
2023-01-12T05:00:00Z,134.88,135.41,133.58,134.87,144386
2023-01-11T05:00:00Z,134.74,135.3,134.005,135.27,168175
2023-01-10T05:00:00Z,133.35,134.725,133.16,134.52,237552
2023-01-09T05:00:00Z,135.57,135.82,133.235,133.45,143928
2023-01-06T05:00:00Z,135.42,136.01,133.62,135.63,158153
2023-01-05T05:00:00Z,134.95,135.23,133.93,134.43,172989
2023-01-04T05:00:00Z,136.22,136.515,135,135.81,99361
2023-01-03T05:00:00Z,135.81,136.27,134.47,135.47,163227
2022-12-30T05:00:00Z,135.925,136,134.51,135.85,130198
2022-12-29T05:00:00Z,135.6,136.995,135.44,136.33,120471
2022-12-28T05:00:00Z,136.13,136.765,134.885,134.91,70656
2022-12-27T05:00:00Z,136.42,136.46,135.25,135.76,89178
2022-12-23T05:00:00Z,135.785,136.18,135.18,136.085,46695
2022-12-22T05:00:00Z,135.7,136.03,134.275,136.02,63005
2022-12-21T05:00:00Z,134.95,136.6,134.9,136.23,63586
2022-12-20T05:00:00Z,134.53,134.96,133.735,134.465,69083
2022-12-19T05:00:00Z,134.97,135.12,133.86,134.545,108212
2022-12-16T05:00:00Z,136.38,136.57,134.785,135.555,163754
2022-12-15T05:00:00Z,138.93,139.16,137.04,137.51,185594
2022-12-14T05:00:00Z,139.9,141.275,138.93,140.11,168713
2022-12-13T05:00:00Z,141.64,141.64,139.52,139.9,145499
2022-12-12T05:00:00Z,138.2,139.45,138.2,139.42,95124
2022-12-09T05:00:00Z,139.54,139.97,137.955,137.99,141491
2022-12-08T05:00:00Z,138.79,139.89,138.57,139.78,119314
2022-12-07T05:00:00Z,137.7,138.885,137.7,138.51,160513
2022-12-06T05:00:00Z,138.24,138.62,136.735,137.4,169178
2022-12-05T05:00:00Z,138.78,139.2,137.98,138.43,126944
2022-12-02T05:00:00Z,138.2,139.965,138.2,139.78,197173
2022-12-01T05:00:00Z,139.75,140.135,138.68,139.45,283879
2022-11-30T05:00:00Z,136.21,139.09,135.285,139.09,165197
2022-11-29T05:00:00Z,135.845,136.03,135.105,135.78,89485
2022-11-28T05:00:00Z,136.65,137.47,135.855,136.09,120046
2022-11-25T05:00:00Z,136.68,137.25,136.56,137.15,98936
2022-11-23T05:00:00Z,135.94,136.51,135.5,136.285,87501
2022-11-22T05:00:00Z,135.1,135.89,134.94,135.86,128308
2022-11-21T05:00:00Z,134.38,135.2,134.18,134.64,128607
2022-11-18T05:00:00Z,134.06,134.795,133.65,134.57,101314
2022-11-17T05:00:00Z,132.07,133.44,131.865,132.96,99818
2022-11-16T05:00:00Z,133.625,134.28,132.8,133.01,87653
2022-11-15T05:00:00Z,133.99,134.59,131.98,132.96,120480
2022-11-14T05:00:00Z,133.63,134.83,133.2,133.23,118562
2022-11-11T05:00:00Z,134.61,134.61,131.405,133.11,259603
2022-11-10T05:00:00Z,134.41,135.02,132.67,134.79,176666
2022-11-09T05:00:00Z,132.675,133.535,131.285,131.45,129048
2022-11-08T05:00:00Z,132.12,133.88,131.34,132.87,132853
2022-11-07T05:00:00Z,131.115,132.545,130.66,132.22,118290
2022-11-04T04:00:00Z,130.9,131.23,128.97,130.79,108244
2022-11-03T04:00:00Z,129.4,130.73,128.8,130.05,94219
2022-11-02T04:00:00Z,132.63,133.93,130.51,130.51,138929
2022-11-01T04:00:00Z,132.86,133.55,131.455,132.81,137744
2022-10-31T04:00:00Z,132.09,133.23,131.96,132.76,70173
2022-10-28T04:00:00Z,130.81,132.955,130.56,132.85,167873
2022-10-27T04:00:00Z,131.63,131.64,130.54,130.69,87107
2022-10-26T04:00:00Z,130.38,132.59,130.38,131.4,164277
2022-10-25T04:00:00Z,128.73,130.095,128.62,129.97,81511
2022-10-24T04:00:00Z,127.6,129.32,127.6,128.99,109626
2022-10-21T04:00:00Z,123.7,126.87,123.01,126.53,130042
2022-10-20T04:00:00Z,124.5,125.485,123.6,123.75,173406
2022-10-19T04:00:00Z,126.13,126.18,123.74,124.83,154410
2022-10-18T04:00:00Z,127.67,127.76,125.99,126.61,284846
2022-10-17T04:00:00Z,124.71,126.13,124.56,125.88,120480
2022-10-14T04:00:00Z,125.475,126.35,123.61,123.9,128567
2022-10-13T04:00:00Z,120.13,125.32,119.98,124.76,167348
2022-10-12T04:00:00Z,122.8,123.57,121.9,121.9,158352
2022-10-11T04:00:00Z,121.58,123.785,121.34,122.515,184449
2022-10-10T04:00:00Z,123.06,123.06,121.41,121.82,172090
2022-10-07T04:00:00Z,124.39,124.45,121.93,122.61,191750
2022-10-06T04:00:00Z,126.17,126.8,125,125.25,142627
2022-10-05T04:00:00Z,125.63,127.545,125.19,126.86,168123
2022-10-04T04:00:00Z,124.62,126.5,124.39,126.5,199155
2022-10-03T04:00:00Z,122.11,124.045,121.64,123.61,185008
2022-09-30T04:00:00Z,122.85,123.59,120.97,121.12,292133
2022-09-29T04:00:00Z,123.5,123.72,122,122.8,153154
2022-09-28T04:00:00Z,122.87,124.45,122.1,123.83,263723
2022-09-27T04:00:00Z,122.36,123.185,120.7,121.23,135943
2022-09-26T04:00:00Z,121.89,122.59,121.065,121.565,172829
2022-09-23T04:00:00Z,122.71,122.94,121.23,122.75,206818
2022-09-22T04:00:00Z,122.46,124.19,122.01,123.33,151428
2022-09-21T04:00:00Z,125.35,126.07,122.72,122.72,152122
2022-09-20T04:00:00Z,125.43,125.55,124.01,124.83,186306
2022-09-19T04:00:00Z,126.04,126.28,124.47,126.27,173129
2022-09-16T04:00:00Z,127.28,127.675,126.48,127.42,221702
2022-09-15T04:00:00Z,127.69,129.02,127.54,127.805,155153
2022-09-14T04:00:00Z,127.39,128.18,126.27,127.13,171615
2022-09-13T04:00:00Z,129.31,129.54,126.72,126.99,245185
2022-09-12T04:00:00Z,130.995,132.01,130.67,131.36,147167
2022-09-09T04:00:00Z,129.68,130.84,129.46,130.47,195094
2022-09-08T04:00:00Z,126.64,129.385,126.505,129.34,219028
2022-09-07T04:00:00Z,125.06,127.32,124.795,127.16,203505
2022-09-06T04:00:00Z,125.41,126.68,124.77,125.11,239978
2022-09-02T04:00:00Z,127.55,127.62,124.45,124.98,173134
2022-09-01T04:00:00Z,124.58,126.87,124.44,126.79,242391
2022-08-31T04:00:00Z,125.92,126.675,124.755,124.755,180100
2022-08-30T04:00:00Z,126.63,126.63,125.27,125.54,158921
2022-08-29T04:00:00Z,126.45,127.18,125.79,126.36,145979
2022-08-26T04:00:00Z,130.78,130.97,127.195,127.34,183174
2022-08-25T04:00:00Z,130.05,130.98,129.2,130.97,172695
2022-08-24T04:00:00Z,129.42,130.005,129.045,129.55,207099
2022-08-23T04:00:00Z,130.68,130.68,128.985,129.33,148294
2022-08-22T04:00:00Z,132.05,132.5,130.74,131.19,155512
2022-08-19T04:00:00Z,132.52,133.54,132.52,132.9,110080
2022-08-18T04:00:00Z,133.3,133.32,131.865,132.6,183704
2022-08-17T04:00:00Z,133.185,133.92,132.99,133.12,128620
2022-08-16T04:00:00Z,133.86,134.365,133.41,133.92,182976
2022-08-15T04:00:00Z,133.525,134.47,133.1,134.3,233148
2022-08-12T04:00:00Z,132.21,133.67,132.05,133.59,159755
2022-08-11T04:00:00Z,132.36,133.665,131.68,131.89,242456
2022-08-10T04:00:00Z,132.67,132.88,132.02,132.8,169681
2022-08-09T04:00:00Z,131.88,132.56,131.07,131.38,136176
2022-08-08T04:00:00Z,131.86,132.605,131.11,131.75,126130
2022-08-05T04:00:00Z,130.61,131.5,130.43,131.48,209673
2022-08-04T04:00:00Z,132.365,132.44,131.315,131.51,141161
2022-08-03T04:00:00Z,131.62,132.66,131.32,132.09,112532
2022-08-02T04:00:00Z,131.63,132.78,130.885,130.95,212870
2022-08-01T04:00:00Z,131.96,132.38,131.12,131.42,141140
2022-07-29T04:00:00Z,132.23,132.64,131.47,132.41,171891
2022-07-28T04:00:00Z,132.16,133.79,129.94,132.81,264136
2022-07-27T04:00:00Z,131.16,132.57,130.55,132.02,218659
2022-07-26T04:00:00Z,130.79,131.985,130.53,131.19,268542
2022-07-25T04:00:00Z,130.02,130.74,129.81,130.48,142457
2022-07-22T04:00:00Z,130.64,130.89,129.075,129.84,233481
2022-07-21T04:00:00Z,128.65,130.305,128.43,130.305,226484
2022-07-20T04:00:00Z,129.49,129.54,127.855,128.34,196229
2022-07-19T04:00:00Z,128.6,129.835,128.265,129.64,225859
2022-07-18T04:00:00Z,130.33,130.36,127.03,127.44,201963
2022-07-15T04:00:00Z,129.18,130.25,128.455,130.17,252329
2022-07-14T04:00:00Z,125.83,127.31,125.25,127.13,208507
2022-07-13T04:00:00Z,127.5,128.48,127.25,127.48,176559
2022-07-12T04:00:00Z,130.03,130.84,128.185,128.78,173356
2022-07-11T04:00:00Z,130.1,131.13,129.91,130.43,256355
2022-07-08T04:00:00Z,130.03,132.03,129.88,130.69,156968
2022-07-07T04:00:00Z,129.61,130.51,129.58,130.35,166910
2022-07-06T04:00:00Z,129.1,130.42,128.88,129.79,197563
2022-07-05T04:00:00Z,128.51,128.96,126.17,128.96,289510
2022-07-01T04:00:00Z,127.99,129.84,126.86,129.69,255076
2022-06-30T04:00:00Z,127.79,128.92,126.97,128.27,211695
2022-06-29T04:00:00Z,127.84,129.165,127.435,128.51,200973
2022-06-28T04:00:00Z,129.82,130.58,127.18,127.46,172463
2022-06-27T04:00:00Z,129.14,130.225,128.79,129.66,243470
2022-06-24T04:00:00Z,128.06,129.175,127.2,129.15,346816
2022-06-23T04:00:00Z,125.02,127.18,125.02,127.12,273285
2022-06-22T04:00:00Z,122.06,125.665,121.95,124.3,360621
2022-06-21T04:00:00Z,121.09,123.12,120.67,122.59,208975
2022-06-17T04:00:00Z,120.1,121.73,119.88,119.88,385839
2022-06-16T04:00:00Z,119.525,120,118.76,120,245725
2022-06-15T04:00:00Z,121.26,123.03,119.97,121.71,262036
2022-06-14T04:00:00Z,121.45,121.63,119.69,120.52,196654
2022-06-13T04:00:00Z,122.81,123.7,121.19,121.73,386219
2022-06-10T04:00:00Z,125.93,126.635,125,125.47,316846
2022-06-09T04:00:00Z,130.02,130.47,127.51,127.55,279398
2022-06-08T04:00:00Z,131.04,131.6,130.15,130.51,121631
2022-06-07T04:00:00Z,129.555,131.64,129.4,131.51,142213
2022-06-06T04:00:00Z,130.77,131.02,129.515,129.8,179650
2022-06-03T04:00:00Z,130.58,130.99,129.69,129.83,124080
2022-06-02T04:00:00Z,130.24,131.385,128.18,131.31,257501
2022-06-01T04:00:00Z,132.7,132.7,129.315,130.3,168888
2022-05-31T04:00:00Z,132.91,132.91,131.17,132.21,272538
2022-05-27T04:00:00Z,131.94,134.035,131.59,134.025,350085
2022-05-26T04:00:00Z,131.62,132.31,131.25,131.77,205858
2022-05-25T04:00:00Z,131.14,132.09,130.115,131.24,226206
2022-05-24T04:00:00Z,130.75,131.52,129.7,131.37,203939
2022-05-23T04:00:00Z,130.725,131.43,130.4,130.92,197771
2022-05-20T04:00:00Z,129.1,130.025,127.34,129.8,211392
2022-05-19T04:00:00Z,126.885,128.98,126.48,128.18,180583
2022-05-18T04:00:00Z,130.44,130.74,127.54,127.95,201287
2022-05-17T04:00:00Z,130.88,131.38,129.97,131.3,189916
2022-05-16T04:00:00Z,128.6,130.39,128.53,129.6,166522
2022-05-13T04:00:00Z,128.08,128.99,127.54,128.62,163630
2022-05-12T04:00:00Z,125.615,127.33,125.45,127.33,271092
2022-05-11T04:00:00Z,126.27,129.07,125.9,126.07,215525
2022-05-10T04:00:00Z,127.675,128.2,125.74,126.85,205120
2022-05-09T04:00:00Z,128.33,128.35,125.93,126.48,263002
2022-05-06T04:00:00Z,128.91,130.13,128.31,129.81,479135
2022-05-05T04:00:00Z,132.11,132.21,128.91,130.3,367801
2022-05-04T04:00:00Z,129.695,133.16,128.61,132.78,269470
2022-05-03T04:00:00Z,129.92,131.12,129.435,129.83,191912
2022-05-02T04:00:00Z,130.32,130.86,127.39,129.435,350100
2022-04-29T04:00:00Z,132.29,133.1,130.1,130.37,297959
2022-04-28T04:00:00Z,132.99,134.16,131.63,133.7,325202
2022-04-27T04:00:00Z,132.35,133.22,131.3,131.84,350032
2022-04-26T04:00:00Z,133.74,134.46,132.05,132.08,347808
2022-04-25T04:00:00Z,133.23,134.86,131.83,134.64,288613
2022-04-22T04:00:00Z,137.34,137.46,133.53,133.69,316869
2022-04-21T04:00:00Z,140.71,140.77,138.42,138.69,208247
2022-04-20T04:00:00Z,138.78,140.81,138.675,140.25,243421
2022-04-19T04:00:00Z,137.49,138.84,137.49,138.4,229244
2022-04-18T04:00:00Z,138.375,138.775,136.53,137.13,206975
2022-04-14T04:00:00Z,139.45,140.105,138.54,138.64,223036
2022-04-13T04:00:00Z,138.785,139.44,137.94,139.33,230810
2022-04-12T04:00:00Z,139.82,140.395,138.045,138.62,190620
2022-04-11T04:00:00Z,142.445,143,139.8,140,316193
2022-04-08T04:00:00Z,141.94,143.42,141.79,142.78,299520
2022-04-07T04:00:00Z,138.985,142.34,138.94,141.96,427236
2022-04-06T04:00:00Z,137.27,139.63,136.81,139.35,520965
2022-04-05T04:00:00Z,136.78,138.81,136.78,137.27,199514
2022-04-04T04:00:00Z,137.88,137.91,136.62,136.99,231345
2022-04-01T04:00:00Z,137.355,138.11,136.475,138.02,302037
2022-03-31T04:00:00Z,138.08,138.8,136.76,136.77,287959
2022-03-30T04:00:00Z,138.285,138.89,137.66,138.38,189488
2022-03-29T04:00:00Z,138.31,138.86,137.26,138.06,259146
2022-03-28T04:00:00Z,136.45,137.295,136.03,137.27,132491
2022-03-25T04:00:00Z,136.17,136.5,135.28,136.305,140726
2022-03-24T04:00:00Z,134.535,135.63,134.255,135.62,149603
2022-03-23T04:00:00Z,135.76,135.76,134.005,134.02,212381
2022-03-22T04:00:00Z,136.69,136.78,135.99,136.44,197039
2022-03-21T04:00:00Z,136.39,137.63,135.84,136.41,226137
2022-03-18T04:00:00Z,136.01,137.14,135.66,136.95,247174
2022-03-17T04:00:00Z,133.79,136.13,133.51,136.13,251424
2022-03-16T04:00:00Z,133.47,134.05,131.77,134.05,149333
2022-03-15T04:00:00Z,130.95,132.56,130.68,132.4,200327
2022-03-14T04:00:00Z,129.99,131.71,129.47,129.85,229039
2022-03-11T05:00:00Z,130.315,131,128.84,128.84,152817
2022-03-10T05:00:00Z,128.69,130.185,128.25,129.92,158813
2022-03-09T05:00:00Z,129.6,130.61,128.79,129.96,205184
2022-03-08T05:00:00Z,129.49,130.31,127.47,127.57,227425
2022-03-07T05:00:00Z,131.73,131.79,129.64,130.24,283543
2022-03-04T05:00:00Z,130.6,132.63,130.14,132.5,165498
2022-03-03T05:00:00Z,132,132.61,130.76,131.84,127587
2022-03-02T05:00:00Z,129.64,131.895,129.64,131.22,159047
2022-03-01T05:00:00Z,129.3,130.3,128.25,129.25,211458
2022-02-28T05:00:00Z,129.04,130.105,128.49,129.95,234429
2022-02-25T05:00:00Z,127.51,131.25,127.51,130.94,304860
2022-02-24T05:00:00Z,124.265,127.31,124.265,127.08,180815
2022-02-23T05:00:00Z,127.9,128.26,126.43,126.58,193378
2022-02-22T05:00:00Z,127.12,128.18,126.375,127.195,194801
2022-02-18T05:00:00Z,128.27,129.01,127.09,127.54,164132
2022-02-17T05:00:00Z,129.96,130.08,128.285,128.47,264347
2022-02-16T05:00:00Z,129.97,130.92,129.355,130.61,167185
2022-02-15T05:00:00Z,130.05,130.84,129.71,130.39,164888
2022-02-14T05:00:00Z,130.04,130.2,127.96,128.89,214880
2022-02-11T05:00:00Z,131.765,132.87,130.12,130.27,149555
2022-02-10T05:00:00Z,132.79,133.78,131.58,132.06,186765
2022-02-09T05:00:00Z,133.71,134.46,133.71,134.17,157747
2022-02-08T05:00:00Z,131.41,133.37,131.11,133.09,169453
2022-02-07T05:00:00Z,132.41,132.81,131.705,132.06,107540
2022-02-04T05:00:00Z,131.745,133.22,131.33,132.21,149963
2022-02-03T05:00:00Z,133.175,133.26,132.54,132.76,158506
2022-02-02T05:00:00Z,131.66,133.655,131.225,133.32,149212
2022-02-01T05:00:00Z,131.695,131.795,130.56,131.735,112169
2022-01-31T05:00:00Z,130.2,131.465,130.03,131.295,238906
2022-01-28T05:00:00Z,127.87,130.5,126.985,130.46,161437
2022-01-27T05:00:00Z,128.165,129.81,127.48,127.79,157479
2022-01-26T05:00:00Z,128.18,129.56,126.55,127.55,215503
2022-01-25T05:00:00Z,127.6,129.29,126.29,128.14,182447
2022-01-24T05:00:00Z,128.3,129.255,124.94,129.04,173677
2022-01-21T05:00:00Z,131.09,131.415,129.28,129.47,284521
2022-01-20T05:00:00Z,131.87,133.18,130.72,130.83,191142
2022-01-19T05:00:00Z,132.76,133.4,131.54,131.65,147740
2022-01-18T05:00:00Z,132.74,132.82,131.875,132.21,198782
2022-01-14T05:00:00Z,133.96,134.2,132.7,134.02,189300
2022-01-13T05:00:00Z,136.185,136.33,134.07,134.17,131553
2022-01-12T05:00:00Z,136.21,136.63,135.85,136.35,161505
2022-01-11T05:00:00Z,136.08,136.82,135.01,136.8,157391
2022-01-10T05:00:00Z,133.58,135.8,133.445,135.76,144285
2022-01-07T05:00:00Z,134.74,134.96,134.085,134.31,116343
2022-01-06T05:00:00Z,135.83,136.6,134.83,134.98,250133
2022-01-05T05:00:00Z,137.97,138.73,136.565,136.565,427948
2022-01-04T05:00:00Z,139.17,139.17,137.01,137.58,194842
2022-01-03T05:00:00Z,140.25,140.29,138.24,139.45,203484
2021-12-31T05:00:00Z,141.745,141.85,140.85,140.86,131108
2021-12-30T05:00:00Z,141.77,141.955,141.31,141.49,110645
2021-12-29T05:00:00Z,140.41,141.48,140.255,141.2,116075
2021-12-28T05:00:00Z,140.95,141.125,140.07,140.35,62231
2021-12-27T05:00:00Z,139.87,140.77,139.66,140.77,169795
2021-12-23T05:00:00Z,139.075,139.735,139.04,139.26,99092
2021-12-22T05:00:00Z,137.27,138.805,136.86,138.69,74886
2021-12-21T05:00:00Z,136.895,137.185,135.76,137.11,211980
2021-12-20T05:00:00Z,137.03,137.405,135.425,136.51,179482
2021-12-17T05:00:00Z,138.295,139.035,137.39,137.92,320441
2021-12-16T05:00:00Z,138.16,139.585,137.86,138.83,306917
2021-12-15T05:00:00Z,135.79,138.135,135.7,138.01,168320
2021-12-14T05:00:00Z,135.22,135.97,134.635,135.25,223836
2021-12-13T05:00:00Z,134.62,136.22,134.62,135.81,229934
2021-12-10T05:00:00Z,133.87,134.855,133.725,134.565,171655
2021-12-09T05:00:00Z,133.79,134.51,133.625,134.09,129145
2021-12-08T05:00:00Z,133.25,133.885,132.525,133.71,187727
2021-12-07T05:00:00Z,132.01,133.1,131.895,132.71,202339
2021-12-06T05:00:00Z,130.74,131.68,130.51,131.09,245308
2021-12-03T05:00:00Z,131.04,131.44,129.33,130.38,203761
2021-12-02T05:00:00Z,129.475,130.6,128.925,130.15,165779
2021-12-01T05:00:00Z,130.4,132.075,129.52,129.52,259290
2021-11-30T05:00:00Z,131.515,132.15,129.565,129.82,257054
2021-11-29T05:00:00Z,132.86,133.205,132.19,132.33,293480
2021-11-26T05:00:00Z,133.02,133.6,131.53,131.99,124486
2021-11-24T05:00:00Z,132.21,132.65,131.83,132.42,119778
2021-11-23T05:00:00Z,131.72,132.63,131.44,132.49,185685
2021-11-22T05:00:00Z,133.07,133.61,132.27,132.375,293115
2021-11-19T05:00:00Z,134.39,134.61,132.86,132.88,197187
2021-11-18T05:00:00Z,133.87,134.02,133.34,133.78,132753
2021-11-17T05:00:00Z,133.62,134.22,133.31,133.71,90207
2021-11-16T05:00:00Z,132.96,134.26,132.95,133.48,132839
2021-11-15T05:00:00Z,133.8,133.895,132.87,132.955,101178
2021-11-12T05:00:00Z,134.01,134.06,133.11,133.8,106187
2021-11-11T05:00:00Z,133.545,133.55,132.835,133.18,107813
2021-11-10T05:00:00Z,133.39,134.06,133.275,133.55,138258
2021-11-09T05:00:00Z,133.72,133.75,132.95,133.15,104687
2021-11-08T05:00:00Z,133.14,133.815,132.58,133.65,105396
2021-11-05T04:00:00Z,132.5,133.7,131.905,132.95,303214
2021-11-04T04:00:00Z,134.84,134.87,133.43,134.355,216678
2021-11-03T04:00:00Z,134.23,135.325,133.83,135.28,134871
2021-11-02T04:00:00Z,134.185,135.16,133.06,134.48,325264
2021-11-01T04:00:00Z,133.97,134.45,133.15,133.63,381990
2021-10-29T04:00:00Z,131.945,133.94,131.945,133.78,247333
2021-10-28T04:00:00Z,131.82,133.02,131.82,132.51,133724
2021-10-27T04:00:00Z,132.595,132.595,131.4,131.4,268076
2021-10-26T04:00:00Z,132.12,132.85,131.43,132.48,113017
2021-10-25T04:00:00Z,131.39,131.94,130.815,131.82,139416
2021-10-22T04:00:00Z,131.03,131.72,130.88,131.69,204608
2021-10-21T04:00:00Z,130.88,131.21,130.1,131.19,151719
2021-10-20T04:00:00Z,129.76,130.79,129.76,130.6,307983
2021-10-19T04:00:00Z,127.85,129.085,127.85,128.74,293381
2021-10-18T04:00:00Z,127.37,127.49,126.58,127.07,183873
2021-10-15T04:00:00Z,127.825,128.535,127.73,127.99,184405
2021-10-14T04:00:00Z,127.085,127.82,127.085,127.36,220910
2021-10-13T04:00:00Z,125.645,126.065,124.815,125.49,134706
2021-10-12T04:00:00Z,126.04,126.3,125.03,125.37,212060
2021-10-11T04:00:00Z,126.57,127.445,125.915,125.96,157948
2021-10-08T04:00:00Z,127.71,127.78,126.76,126.95,149572
2021-10-07T04:00:00Z,126.71,128.4,126.71,127.53,247164
2021-10-06T04:00:00Z,125.32,126.015,124.54,125.97,297637
2021-10-05T04:00:00Z,125.9,127.41,125.745,126.135,275219
2021-10-04T04:00:00Z,127.17,127.395,124.78,125.45,254796
2021-10-01T04:00:00Z,127.395,127.93,125.295,127.33,403987
2021-09-30T04:00:00Z,129.31,130.08,127.24,127.24,251808
2021-09-29T04:00:00Z,128.74,129.47,128.24,128.88,198179
2021-09-28T04:00:00Z,129.06,129.06,127.475,127.9,273875
2021-09-27T04:00:00Z,131.52,131.53,129.84,130.08,212602
2021-09-24T04:00:00Z,132.5,132.73,131.71,131.94,167935
2021-09-23T04:00:00Z,132.28,133.285,132.28,132.53,289436
2021-09-22T04:00:00Z,131.505,132.23,130.99,131.49,159095
2021-09-21T04:00:00Z,131.77,132.665,131.34,131.34,255094
2021-09-20T04:00:00Z,130.94,132.27,130.02,131.18,221653
2021-09-17T04:00:00Z,133.07,133.1,132.14,132.98,288309
2021-09-16T04:00:00Z,133.515,133.515,131.98,132.85,177047
2021-09-15T04:00:00Z,132.155,133.82,132.105,133.21,154891
2021-09-14T04:00:00Z,132.995,133.27,132.15,132.245,187026
2021-09-13T04:00:00Z,133.665,133.73,131.71,132.35,185221
2021-09-10T04:00:00Z,134.885,134.885,133.18,133.19,231966
2021-09-09T04:00:00Z,135.985,136.07,134.35,134.39,199859
2021-09-08T04:00:00Z,135.53,136.21,135.525,135.99,131879
2021-09-07T04:00:00Z,136.34,136.34,135.16,136.095,217916
2021-09-03T04:00:00Z,136.53,137.035,135.99,136.87,140266
2021-09-02T04:00:00Z,136.04,136.705,136,136.675,227802
2021-09-01T04:00:00Z,135.21,135.28,133.975,135.235,207861
2021-08-31T04:00:00Z,135.56,136.04,134.73,135.19,198474
2021-08-30T04:00:00Z,134.72,135.88,134.515,135.385,134913
2021-08-27T04:00:00Z,134.91,135.45,134.41,134.58,233535
2021-08-26T04:00:00Z,135.49,135.5,134.53,134.79,153901
2021-08-25T04:00:00Z,135.38,135.54,134.81,135.32,157178
2021-08-24T04:00:00Z,135.92,136.125,135.41,135.66,139619
2021-08-23T04:00:00Z,136.765,136.95,136.13,136.14,113488
2021-08-20T04:00:00Z,135.46,136.51,135.36,136.08,145764
2021-08-19T04:00:00Z,134.09,136.03,134.09,135.39,189719
2021-08-18T04:00:00Z,136.65,136.775,134.66,134.77,256004
2021-08-17T04:00:00Z,135.03,136.765,135.03,136.76,269775
2021-08-16T04:00:00Z,133.62,135.23,133.25,135.2,127216
2021-08-13T04:00:00Z,133.425,133.715,133.21,133.71,88543
2021-08-12T04:00:00Z,131.9,132.965,131.9,132.88,132941
2021-08-11T04:00:00Z,133.29,133.29,131.72,131.84,200326
2021-08-10T04:00:00Z,133.08,133.78,132.645,133.15,135392
2021-08-09T04:00:00Z,133.685,133.7,133.05,133.44,125333
2021-08-06T04:00:00Z,132.82,133.09,132.1,132.945,202519
2021-08-05T04:00:00Z,133.26,133.32,132.045,133.11,177880
2021-08-04T04:00:00Z,133.865,134.47,133.545,133.63,137598
2021-08-03T04:00:00Z,132.9,134.205,132.48,134.17,183950
2021-08-02T04:00:00Z,132.64,132.85,132.015,132.325,303450
2021-07-30T04:00:00Z,131.95,132.605,131.68,132.09,133396
2021-07-29T04:00:00Z,132.11,132.2,131.66,131.99,121235
2021-07-28T04:00:00Z,130.865,132.09,130.84,131.73,117030
2021-07-27T04:00:00Z,130.34,131.23,130.155,131.19,144908
2021-07-26T04:00:00Z,131,131.375,130.2,130.61,126103
2021-07-23T04:00:00Z,130.525,131.6,130.425,131.445,211848
2021-07-22T04:00:00Z,129.54,129.95,128.795,129.915,290101
2021-07-21T04:00:00Z,129.315,129.315,127.67,129,213341
2021-07-20T04:00:00Z,127.77,129.52,127.77,128.82,408176
2021-07-19T04:00:00Z,127.72,128.38,126.23,127.16,391528
2021-07-16T04:00:00Z,128.525,129.075,128.18,128.6,238372
2021-07-15T04:00:00Z,128.12,128.585,127.48,128.325,310132
2021-07-14T04:00:00Z,129.13,129.13,128.505,128.65,234508
2021-07-13T04:00:00Z,129.215,129.255,128.565,128.845,160521
2021-07-12T04:00:00Z,128.74,129.595,128.74,129,101946
2021-07-09T04:00:00Z,128.695,129.105,128.49,128.76,151231
2021-07-08T04:00:00Z,127.91,128.28,127.125,128.26,122109
2021-07-07T04:00:00Z,128.205,128.96,127.74,128.94,244538
2021-07-06T04:00:00Z,128.02,128.15,127.28,128.135,163851
2021-07-02T04:00:00Z,127.26,128.405,127.005,128.25,188763
2021-07-01T04:00:00Z,126.075,127.16,126.075,127.15,187668
2021-06-30T04:00:00Z,125.98,126.16,125.5,126.02,196500
2021-06-29T04:00:00Z,125.91,126.415,125.76,125.965,109814
2021-06-28T04:00:00Z,125.89,126.045,125.415,125.885,139694
2021-06-25T04:00:00Z,125.085,126.08,125.07,125.7,350452
2021-06-24T04:00:00Z,125.245,125.96,125,125.105,284194
2021-06-23T04:00:00Z,124.92,124.96,124.45,124.47,188827
2021-06-22T04:00:00Z,124.77,125.175,124.415,125.05,206244
2021-06-21T04:00:00Z,123.6,124.955,123.24,124.755,212139
2021-06-18T04:00:00Z,124.19,124.36,123.575,123.625,302693
2021-06-17T04:00:00Z,124.18,125.49,124.005,125.155,229302
2021-06-16T04:00:00Z,124.93,125.445,123.89,124.22,251527
2021-06-15T04:00:00Z,124.85,124.94,124.185,124.64,168900
2021-06-14T04:00:00Z,124.39,124.675,123.79,124.67,191983
2021-06-11T04:00:00Z,125.2,125.22,123.94,124.53,156987
2021-06-10T04:00:00Z,123.76,125.57,123.65,125.46,247732
2021-06-09T04:00:00Z,122.56,123.53,122.56,123.335,261705
2021-06-08T04:00:00Z,122.805,122.885,121.22,122.11,282615
2021-06-07T04:00:00Z,122.38,123.595,122.185,122.545,311932
2021-06-04T04:00:00Z,122.35,122.685,121.975,122.125,193686
2021-06-03T04:00:00Z,120.925,122.015,120.615,121.73,276519
2021-06-02T04:00:00Z,121.635,121.975,121.045,121.275,229367
2021-06-01T04:00:00Z,123.79,123.79,121.47,121.51,309117
2021-05-28T04:00:00Z,123.82,124.605,123.53,123.57,347670
2021-05-27T04:00:00Z,123.425,123.75,123.055,123.19,381894
2021-05-26T04:00:00Z,124.005,124.05,122.87,123.41,157079
2021-05-25T04:00:00Z,124.59,124.66,123.975,124.09,293972
2021-05-24T04:00:00Z,124.93,125.22,124.44,124.47,171408
2021-05-21T04:00:00Z,124.915,125.625,124.26,124.28,240461
2021-05-20T04:00:00Z,123.1,124.86,123.1,124.315,207155
2021-05-19T04:00:00Z,122.29,123.12,121.6,123.03,223474
2021-05-18T04:00:00Z,123.33,123.965,122.775,123.21,255040
2021-05-17T04:00:00Z,123.44,123.875,123.16,123.205,181051
2021-05-14T04:00:00Z,123.55,123.85,123.16,123.43,177532
2021-05-13T04:00:00Z,121.8,123.385,121.8,122.9,205527
2021-05-12T04:00:00Z,122.425,122.795,121.62,121.71,227391
2021-05-11T04:00:00Z,123.59,124.09,122.62,122.95,229163
2021-05-10T04:00:00Z,124.46,125.19,124.195,124.2,148323
2021-05-07T04:00:00Z,123.63,124.715,123.63,124.03,130054
2021-05-06T04:00:00Z,122.42,123.21,121.755,123.2,192259
2021-05-05T04:00:00Z,122.96,123.435,122.505,123.02,197465
2021-05-04T04:00:00Z,122.34,122.89,122.03,122.76,246300
2021-05-03T04:00:00Z,121.87,122.835,121.84,122.71,131568
2021-04-30T04:00:00Z,121.38,121.91,121.115,121.31,111681
2021-04-29T04:00:00Z,122.2,122.2,121.07,121.7,107150
2021-04-28T04:00:00Z,122.32,122.48,122.025,122.18,166742
2021-04-27T04:00:00Z,122.84,122.96,122.375,122.59,130275
2021-04-26T04:00:00Z,123.565,123.565,123.06,123.15,127867
2021-04-23T04:00:00Z,122.79,123.94,122.64,123.67,78695
2021-04-22T04:00:00Z,123.285,123.6,122.425,122.86,161596
2021-04-21T04:00:00Z,122.51,123.48,122.36,123.36,159631
2021-04-20T04:00:00Z,120.985,122.29,120.985,121.96,142493
2021-04-19T04:00:00Z,121.375,121.535,120.93,121.46,118898
2021-04-16T04:00:00Z,121.17,121.6,120.815,121.47,189069
2021-04-15T04:00:00Z,119.105,120.92,119.105,120.56,176897
2021-04-14T04:00:00Z,118.61,119.025,118.345,118.515,83128
2021-04-13T04:00:00Z,117.81,118.84,117.8,118.57,50350
2021-04-12T04:00:00Z,117.77,118.295,117.715,118.02,167518
2021-04-09T04:00:00Z,116.7,118.005,116.7,117.96,104114
2021-04-08T04:00:00Z,116.865,117.17,116.52,116.62,98398
2021-04-07T04:00:00Z,116.74,117.06,116.19,116.485,151770
2021-04-06T04:00:00Z,117.21,117.68,116.585,116.79,132648
2021-04-05T04:00:00Z,117,117.55,116.81,117.17,129655
2021-04-01T04:00:00Z,116.9,117.025,116.055,116.43,174214
2021-03-31T04:00:00Z,116.87,117.44,116.585,116.74,184673
2021-03-30T04:00:00Z,117.1,117.2,116.24,116.53,119012
2021-03-29T04:00:00Z,116.59,117.96,116.54,117.45,170701
2021-03-26T04:00:00Z,115.15,117.15,114.975,117.15,214459
2021-03-25T04:00:00Z,114.56,115.06,113.38,114.87,178942
2021-03-24T04:00:00Z,114.45,115.245,114.39,114.465,151918
2021-03-23T04:00:00Z,115.56,115.69,114.22,114.48,170179
2021-03-22T04:00:00Z,114.35,115.725,114.19,115.71,137262
2021-03-19T04:00:00Z,114.7,115.75,114.215,115.055,246560
2021-03-18T04:00:00Z,114.48,115.595,114.48,114.6,131872
2021-03-17T04:00:00Z,114.74,115.35,114.215,114.86,107484
2021-03-16T04:00:00Z,115.61,115.68,114.91,115.34,102354
2021-03-15T04:00:00Z,114.5,115.415,114.28,115.41,97350
2021-03-12T05:00:00Z,114.13,114.755,113.96,114.645,116287
2021-03-11T05:00:00Z,114.09,114.96,113.95,114.355,112013
2021-03-10T05:00:00Z,114.195,114.79,113.63,113.63,130853
2021-03-09T05:00:00Z,113.615,115.16,113.425,113.45,112998
2021-03-08T05:00:00Z,113.17,114.5,112.685,112.685,107473
2021-03-05T05:00:00Z,111.565,113.375,110.575,112.995,220190
2021-03-04T05:00:00Z,112.07,112.765,109.965,110.74,236398
2021-03-03T05:00:00Z,113.34,113.44,112.08,112.26,175608
2021-03-02T05:00:00Z,114.29,114.53,113.66,113.745,168637
2021-03-01T05:00:00Z,113.81,114.58,113.78,114.08,78313
2021-02-26T05:00:00Z,113.7,113.86,112.335,112.76,227710
2021-02-25T05:00:00Z,114.56,115,113.025,113.635,139799
2021-02-24T05:00:00Z,114.09,115.355,113.74,114.75,125969
2021-02-23T05:00:00Z,114.05,114.72,113.455,113.98,154238
2021-02-22T05:00:00Z,113.88,114.49,113.14,114.12,143604
2021-02-19T05:00:00Z,115.93,115.99,114.33,114.4,121959
2021-02-18T05:00:00Z,115.96,116.255,115.35,115.75,61291
2021-02-17T05:00:00Z,115.91,116.565,115.66,116.515,41055
2021-02-16T05:00:00Z,117.52,117.53,115.78,116.1,152302
2021-02-12T05:00:00Z,116.16,117.39,116.16,117.35,48461
2021-02-11T05:00:00Z,116.54,116.695,115.86,116.42,177214
2021-02-10T05:00:00Z,116.7,116.75,115.78,116.17,180022
2021-02-09T05:00:00Z,115.78,116.06,115.69,115.99,96517
2021-02-08T05:00:00Z,116.145,116.225,115.47,115.78,190571
2021-02-05T05:00:00Z,116.22,116.35,115.4,115.67,173415
2021-02-04T05:00:00Z,114.95,115.92,114.78,115.41,130012
2021-02-03T05:00:00Z,115.565,115.71,114.65,114.99,176841
2021-02-02T05:00:00Z,116.33,116.94,115.79,115.79,177341
2021-02-01T05:00:00Z,116.03,116.315,115.36,115.46,133834
2021-01-29T05:00:00Z,115.515,116.655,114.235,115.105,76412
2021-01-28T05:00:00Z,115.32,117.43,115.16,116.06,143419
2021-01-27T05:00:00Z,116.545,116.545,114.05,114.36,132829
2021-01-26T05:00:00Z,118.69,118.955,117.88,117.935,83294
2021-01-25T05:00:00Z,117.71,118.41,117.465,118.37,87416
2021-01-22T05:00:00Z,117.55,118.225,117.445,117.76,91034
2021-01-21T05:00:00Z,118.35,118.35,117.54,117.955,54945
2021-01-20T05:00:00Z,117.96,118.675,117.375,118.575,86122
2021-01-19T05:00:00Z,117.89,118.215,117.32,117.855,47327
2021-01-15T05:00:00Z,116.355,117.24,115.835,116.975,132740
2021-01-14T05:00:00Z,117.15,117.59,116.475,116.6,81863
2021-01-13T05:00:00Z,116.625,117.36,116.17,116.995,54252
2021-01-12T05:00:00Z,117.83,117.83,116.145,116.67,101466
2021-01-11T05:00:00Z,117.41,118.12,117.3,117.935,145129
2021-01-08T05:00:00Z,117.17,117.895,116.315,117.395,141027
2021-01-07T05:00:00Z,115.47,116.995,115.315,116.85,196596
2021-01-06T05:00:00Z,112.7,115.58,112.57,115.295,221434
2021-01-05T05:00:00Z,112.89,114.15,112.285,113.7,108649
2021-01-04T05:00:00Z,113.75,113.75,111.12,112.895,264393
2020-12-31T05:00:00Z,112.21,113.58,111.91,113.58,86221
2020-12-30T05:00:00Z,112.58,112.85,112.14,112.185,28424
2020-12-29T05:00:00Z,112.435,112.775,111.95,112.235,67433
2020-12-28T05:00:00Z,112.25,112.27,111.455,111.715,64870
2020-12-24T05:00:00Z,111.12,111.64,111.075,111.45,23062
2020-12-23T05:00:00Z,111.48,111.97,111.195,111.195,152870
2020-12-22T05:00:00Z,111.07,111.46,110.49,111.07,155485
2020-12-21T05:00:00Z,110.97,111.49,109.41,111.47,85512
2020-12-18T05:00:00Z,113.09,113.255,111.86,113.02,182185
2020-12-17T05:00:00Z,111.955,112.965,111.94,112.87,72089
2020-12-16T05:00:00Z,111.685,112.31,111.26,111.685,69214
2020-12-15T05:00:00Z,111.5,112.28,111.04,112.025,87918
2020-12-14T05:00:00Z,112.54,113.08,110.86,110.865,157345
2020-12-11T05:00:00Z,111.75,111.93,110.925,111.655,106304
2020-12-10T05:00:00Z,112.33,112.7,111.97,112.155,71259
2020-12-09T05:00:00Z,113.13,113.13,111.81,112.375,57808
2020-12-08T05:00:00Z,111.68,112.785,111.65,112.715,114493
2020-12-07T05:00:00Z,112.42,112.485,111.46,111.885,94579
2020-12-04T05:00:00Z,111.3,112.535,111.295,112.515,124482
2020-12-03T05:00:00Z,111.455,111.78,110.88,111.26,278161
2020-12-02T05:00:00Z,110.69,111.665,110.69,111.465,243338
2020-12-01T05:00:00Z,110.795,111.865,110.47,110.56,106427
2020-11-30T05:00:00Z,109.64,109.8,108.94,109.79,259213
2020-11-27T05:00:00Z,108.83,109.51,108.57,109.385,52599
2020-11-25T05:00:00Z,108.89,109,107.99,108.385,123729
2020-11-24T05:00:00Z,108.95,109.52,108.485,108.865,133982
2020-11-23T05:00:00Z,109.36,109.37,107.87,108.59,123179
2020-11-20T05:00:00Z,108.8,109.28,108.48,108.745,89644
2020-11-19T05:00:00Z,109.005,109.2,108.265,109.055,115547
2020-11-18T05:00:00Z,111.37,111.41,109.135,109.135,316607
2020-11-17T05:00:00Z,111.4,111.57,110.685,111.15,169651
2020-11-16T05:00:00Z,112.81,112.88,111.39,111.875,143252
2020-11-13T05:00:00Z,111.31,112.535,111.075,112.18,112144
2020-11-12T05:00:00Z,110.89,111.35,109.99,110.64,76228
2020-11-11T05:00:00Z,112.095,112.11,110.615,111.11,86216
2020-11-10T05:00:00Z,111.515,111.655,110.125,111.22,142413
2020-11-09T05:00:00Z,113.885,113.965,110.895,110.895,131761
2020-11-06T05:00:00Z,109.86,110.645,109.24,109.83,112169
2020-11-05T05:00:00Z,111.11,111.2,109.69,110.03,176409
2020-11-04T05:00:00Z,107.83,111.37,107.83,109.62,313697
2020-11-03T05:00:00Z,104.72,106.11,104.71,105.095,115373
2020-11-02T05:00:00Z,103.265,103.73,102.42,103.5,125281
2020-10-30T04:00:00Z,101.59,102.13,100.35,101.68,143795
2020-10-29T04:00:00Z,102.35,102.86,101.085,101.75,135054
2020-10-28T04:00:00Z,104.085,104.75,102.43,102.46,140337
2020-10-27T04:00:00Z,106.38,106.755,105.83,105.875,65924
2020-10-26T04:00:00Z,107.07,107.07,105.62,106.59,109063
2020-10-23T04:00:00Z,107.9,108.6,107.26,107.805,50937
2020-10-22T04:00:00Z,106.06,107.59,106.06,107.45,99341
2020-10-21T04:00:00Z,106.235,106.6,105.585,105.835,52571
2020-10-20T04:00:00Z,106.48,107.21,106.23,106.34,71480
2020-10-19T04:00:00Z,108.21,108.5,105.85,106.155,99527
2020-10-16T04:00:00Z,107.23,108.71,107.2,107.945,150676
2020-10-15T04:00:00Z,106.335,107.02,106.15,106.865,107799
2020-10-14T04:00:00Z,108.205,108.675,107.325,107.64,75971
2020-10-13T04:00:00Z,108.52,109.02,108.02,108.32,53787
2020-10-12T04:00:00Z,108.88,109.48,108.51,109.08,82803
2020-10-09T04:00:00Z,107.96,108.65,107.75,108.34,71631
2020-10-08T04:00:00Z,107.32,107.73,107.18,107.4,85042
2020-10-07T04:00:00Z,105.7,107.195,105.68,106.88,117008
2020-10-06T04:00:00Z,106.46,106.65,104.795,104.93,87973
2020-10-05T04:00:00Z,105.025,106.4,104.89,106.3,95689
2020-10-02T04:00:00Z,104.05,105.175,103.72,104.1,171335
2020-10-01T04:00:00Z,106,106.39,104.68,105.125,146402
2020-09-30T04:00:00Z,104.16,106.325,104.16,105.48,125339
2020-09-29T04:00:00Z,104.06,104.62,103.44,103.845,40806
2020-09-28T04:00:00Z,104.01,104.72,103.75,103.8,76643
2020-09-25T04:00:00Z,100.95,103.3,100.95,103.045,72207
2020-09-24T04:00:00Z,101.59,101.89,100.78,101.415,72293
2020-09-23T04:00:00Z,103.33,103.39,101.81,101.87,54658
2020-09-22T04:00:00Z,102.97,103.26,102.025,102.975,97174
2020-09-21T04:00:00Z,103.54,103.57,101.75,103.155,107187
2020-09-18T04:00:00Z,105.79,106.205,104.63,105.555,156362
2020-09-17T04:00:00Z,105.12,106.03,104.74,105.655,81258
2020-09-16T04:00:00Z,106.75,107,105.95,106.025,68327
2020-09-15T04:00:00Z,106.81,107.035,105.985,106.28,54542
2020-09-14T04:00:00Z,105.455,106.645,105.4,106.15,62080
2020-09-11T04:00:00Z,104.69,105.05,103.795,104.59,95239
2020-09-10T04:00:00Z,105.82,106.065,103.93,104.185,86583
2020-09-09T04:00:00Z,104.8,106.665,104.73,105.76,95664
2020-09-08T04:00:00Z,105.42,105.42,103.675,103.99,250722
2020-09-04T04:00:00Z,106.66,107,104.43,105.72,116555
2020-09-03T04:00:00Z,109.63,109.64,105.695,106.585,113867
2020-09-02T04:00:00Z,107.365,109.73,107,109.5,114860
2020-09-01T04:00:00Z,108.17,108.28,106.65,107.27,139082
2020-08-31T04:00:00Z,107.84,108.775,107.72,108.46,108858
2020-08-28T04:00:00Z,107.9,108.015,107.23,107.995,65869
2020-08-27T04:00:00Z,106.98,108.25,106.45,107.765,73281
2020-08-26T04:00:00Z,106.725,107.04,105.79,106.895,90207
2020-08-25T04:00:00Z,106.975,107.09,106.57,107.05,68520
2020-08-24T04:00:00Z,107.34,107.34,105.695,106.29,85200
2020-08-21T04:00:00Z,106.51,106.955,105.99,106.845,102546
2020-08-20T04:00:00Z,106.57,106.91,106.435,106.72,78641
2020-08-19T04:00:00Z,107.57,107.79,106.86,107.06,66448
2020-08-18T04:00:00Z,107.695,107.79,106.85,107.375,38211
2020-08-17T04:00:00Z,106.95,107.81,106.94,107.455,58246
2020-08-14T04:00:00Z,106.775,107.265,106.405,106.795,36669
2020-08-13T04:00:00Z,106.805,107.11,106.325,107.01,80406
2020-08-12T04:00:00Z,106.115,107.475,106.09,107.2,75133
2020-08-11T04:00:00Z,106.68,106.68,105.165,105.365,85067
2020-08-10T04:00:00Z,106.425,106.51,105.785,106.02,78393
2020-08-07T04:00:00Z,105.985,106.425,105.67,106.385,63358
2020-08-06T04:00:00Z,106.63,106.89,105.345,106.06,47691
2020-08-05T04:00:00Z,106.72,106.815,106.385,106.7,150724
2020-08-04T04:00:00Z,106.29,106.63,105.5,106.055,41387
2020-08-03T04:00:00Z,106.31,106.95,106.05,106.585,89767
2020-07-31T04:00:00Z,105.94,106.01,104.18,105.525,107088
2020-07-30T04:00:00Z,105.85,106.32,105.08,106.09,73709
2020-07-29T04:00:00Z,106.01,107.29,105.98,106.875,86256
2020-07-28T04:00:00Z,106.07,106.4,105.675,105.795,80940
2020-07-27T04:00:00Z,104.98,106.105,104.84,105.875,90438
