2024-06-14T04:00:00Z,144.73,144.73,142.38,142.7,59941
2024-06-13T04:00:00Z,146.895,146.9,143.78,145.12,102927
2024-06-12T04:00:00Z,151.065,151.065,146.95,147.375,60830
2024-06-11T04:00:00Z,147.53,149.39,146.76,149.24,52161
2024-06-10T04:00:00Z,146.115,149.35,146.115,148.77,76556
2024-06-07T04:00:00Z,145.52,146.96,144.77,145.69,39351
2024-06-06T04:00:00Z,145.895,146.605,145.3,146.51,21558
2024-06-05T04:00:00Z,145.87,146.375,145.1,145.79,40250
2024-06-04T04:00:00Z,145.35,145.735,143.95,145.3,162193
2024-06-03T04:00:00Z,152.3,152.44,146.7,147.53,71349
2024-05-31T04:00:00Z,149.565,152.225,149.565,152.18,66655
2024-05-30T04:00:00Z,149.085,150.07,148.49,149.01,41461
2024-05-29T04:00:00Z,150.395,150.97,147.56,148.26,99703
2024-05-28T04:00:00Z,149.33,151.4,149.33,150.82,64179
2024-05-24T04:00:00Z,149.375,149.375,148.03,148.46,23144
2024-05-23T04:00:00Z,151.185,151.395,147.62,148.15,33142
2024-05-22T04:00:00Z,151.04,151.04,148.51,149.7,73841
2024-05-21T04:00:00Z,152.265,153.84,151.96,152,73119
2024-05-20T04:00:00Z,152.625,153.79,152.56,153.1,34819
2024-05-17T04:00:00Z,151.16,153.07,150.81,152.46,58369
2024-05-16T04:00:00Z,151.35,151.76,150.21,150.42,34875
2024-05-15T04:00:00Z,150.935,151.38,148.43,151.31,33058
2024-05-14T04:00:00Z,150.215,151.35,149.49,151.34,58182
2024-05-13T04:00:00Z,151.15,151.55,149.76,150.04,48789
2024-05-10T04:00:00Z,153.875,154.01,150.22,150.49,53100
2024-05-09T04:00:00Z,152.32,153.49,151.84,153.16,35363
2024-05-08T04:00:00Z,151.25,152.52,150.815,151.605,24828
2024-05-07T04:00:00Z,152.245,153.785,152.245,152.36,29615
2024-05-06T04:00:00Z,152.06,153.62,151.53,152.27,73583
2024-05-03T04:00:00Z,149.88,150.68,148.5,150.22,53178
2024-05-02T04:00:00Z,149.435,149.89,147.845,149.12,119611
2024-05-01T04:00:00Z,150.725,151.385,146.81,148.11,118880
2024-04-30T04:00:00Z,157.305,157.305,151.31,151.35,77444
2024-04-29T04:00:00Z,156.83,158.22,156.83,157.97,35934
2024-04-26T04:00:00Z,155.89,157.23,154.93,157,48595
2024-04-25T04:00:00Z,155.71,157.335,154.46,156.94,37224
2024-04-24T04:00:00Z,155.055,156.35,154.21,156.14,51325
2024-04-23T04:00:00Z,153.735,155.98,152.82,155.5,34126
2024-04-22T04:00:00Z,152.49,155.7,151.42,154.49,42427
2024-04-19T04:00:00Z,151.635,154.29,151.29,153.17,62692
2024-04-18T04:00:00Z,153.48,153.52,151.18,151.59,69463
2024-04-17T04:00:00Z,154.32,155.47,152.25,152.88,60636
2024-04-16T04:00:00Z,154.545,155,152.04,154.21,93145
2024-04-15T04:00:00Z,158.615,159.01,155.03,155.37,89075
2024-04-12T04:00:00Z,161.15,162.47,157.08,157.94,146346
2024-04-11T04:00:00Z,160.93,161.125,157.85,159.67,97587
2024-04-10T04:00:00Z,159.13,160.73,158.34,160.4,88001
2024-04-09T04:00:00Z,160.26,161,158.62,159.87,55544
2024-04-08T04:00:00Z,160.7,161.27,159.27,159.63,58923
2024-04-05T04:00:00Z,159.7,161.05,158.37,160.59,53929
2024-04-04T04:00:00Z,159.93,160.23,158.46,159.12,72332
2024-04-03T04:00:00Z,157.73,159.33,157.6,159.23,57675
2024-04-02T04:00:00Z,156.56,157.59,155.42,157.15,67110
2024-04-01T04:00:00Z,155.65,156.27,153.81,156,58294
2024-03-28T04:00:00Z,153.71,155.3,153.18,155.01,65473
2024-03-27T04:00:00Z,149.86,152.79,149.86,152.79,45918
2024-03-26T04:00:00Z,152.85,153.07,150.33,150.38,68190
2024-03-25T04:00:00Z,151.64,153.09,151.64,152.28,47258
2024-03-22T04:00:00Z,151.545,151.74,150.06,150.6,55105
2024-03-21T04:00:00Z,150.685,151.945,150.45,151.56,42372
2024-03-20T04:00:00Z,148.59,151.235,148.39,150.82,33464
2024-03-19T04:00:00Z,147.435,149.825,147.435,149.69,56970
2024-03-18T04:00:00Z,148.1,148.42,146.62,147.76,43632
2024-03-15T04:00:00Z,147.36,149.535,147.36,148.43,84309
2024-03-14T04:00:00Z,147.565,148.285,146.49,147.52,86701
2024-03-13T04:00:00Z,145.52,148.13,145.495,147.02,68692
2024-03-12T04:00:00Z,143.92,144.48,142.69,143.82,23818
2024-03-11T04:00:00Z,142.46,143.985,141.33,143.94,78139
2024-03-08T05:00:00Z,142.6,144,142.4,143.13,55174
2024-03-07T05:00:00Z,141.84,143.7,141.59,142.43,46443
2024-03-06T05:00:00Z,142.815,143.06,140.79,141.49,75291
2024-03-05T05:00:00Z,140.315,142.62,140.275,141.4,113362
2024-03-04T05:00:00Z,142.93,143.44,140.765,140.82,112530
2024-03-01T05:00:00Z,141.6,143.07,141.56,142.3,60838
2024-02-29T05:00:00Z,139.57,140.85,139.06,140.52,42888
2024-02-28T05:00:00Z,139.455,140.88,138.365,138.94,68306
2024-02-27T05:00:00Z,140.07,140.72,139.12,139.93,57742
2024-02-26T05:00:00Z,138.34,140.33,138.22,139.45,45726
2024-02-23T05:00:00Z,137.965,139.42,136.79,138.83,60535
2024-02-22T05:00:00Z,138.245,139.99,137.475,139.51,61361
2024-02-21T05:00:00Z,137.28,140.62,137.16,139.93,60500
2024-02-20T05:00:00Z,137.51,137.51,135.53,135.96,47706
2024-02-16T05:00:00Z,138.25,139.375,137.08,138.05,56955
2024-02-15T05:00:00Z,133.775,138.71,133.775,138.01,70966
2024-02-14T05:00:00Z,133.68,134.69,131.895,133.27,68051
2024-02-13T05:00:00Z,134.02,134.48,131.94,132.85,52736
2024-02-12T05:00:00Z,133.595,135.88,133.595,135.05,39985
2024-02-09T05:00:00Z,133.735,134.54,132.4,132.77,49342
2024-02-08T05:00:00Z,132.12,134.345,132.08,133.83,49073
2024-02-07T05:00:00Z,132.21,132.545,130.5,132.23,40562
2024-02-06T05:00:00Z,130.04,132.59,130.04,130.96,44732
2024-02-05T05:00:00Z,129.57,130.775,128.3,129.92,87507
2024-02-02T05:00:00Z,131.91,132.11,129.97,130.73,64620
2024-02-01T05:00:00Z,133.77,134.61,130.67,132.19,120753
2024-01-31T05:00:00Z,136.5,136.75,132.95,132.95,45893
2024-01-30T05:00:00Z,132.965,136.705,132.74,136.6,68776
2024-01-29T05:00:00Z,133.74,134.185,132.13,134.17,35317
2024-01-26T05:00:00Z,133.295,134.12,131.755,134.11,64594
2024-01-25T05:00:00Z,132.01,133.2,130.7,133.17,94919
2024-01-24T05:00:00Z,129.93,131.39,129.68,130.89,65172
2024-01-23T05:00:00Z,128.7,130.26,128.37,129.23,52641
2024-01-22T05:00:00Z,127.98,129.62,127.325,129.06,57368
2024-01-19T05:00:00Z,128.01,128.51,126.83,128.49,53678
2024-01-18T05:00:00Z,128.495,128.495,126.64,128.13,45902
2024-01-17T05:00:00Z,128.06,129.28,127.69,128.13,72016
2024-01-16T05:00:00Z,133.045,133.45,129.605,129.72,64997
2024-01-12T05:00:00Z,134.52,135.05,132.94,133.81,67368
2024-01-11T05:00:00Z,132.51,133.14,131.3,131.98,79252
2024-01-10T05:00:00Z,133.18,133.32,131.22,132.13,59521
2024-01-09T05:00:00Z,135.2,135.2,132.61,133.8,68661
2024-01-08T05:00:00Z,133.56,135.51,132.245,135.51,81669
2024-01-05T05:00:00Z,136.94,137.19,135.105,136.63,59296
2024-01-04T05:00:00Z,140.16,140.69,135.92,136.04,89634
2024-01-03T05:00:00Z,137.64,139.95,136.95,139.29,78786
2024-01-02T05:00:00Z,138.04,139.93,137.295,137.91,84061
2023-12-29T05:00:00Z,138.57,138.67,136.815,136.9,29748
2023-12-28T05:00:00Z,139.93,140.58,138.07,138.07,40746
2023-12-27T05:00:00Z,140.82,141.69,139.985,140.47,31808
2023-12-26T05:00:00Z,140.13,141.83,139.59,141.05,70285
2023-12-22T05:00:00Z,139.64,140.28,138.53,138.9,54850
2023-12-21T05:00:00Z,137.45,138.605,136.72,138.6,49327
2023-12-20T05:00:00Z,139.49,140.44,136.88,136.98,67035
2023-12-19T05:00:00Z,137.14,139.12,136.57,139.1,94704
2023-12-18T05:00:00Z,138.43,139.4,137.375,137.375,109089
2023-12-15T05:00:00Z,136.865,137.45,135.27,136.68,93443
2023-12-14T05:00:00Z,135.05,137.57,135.05,137.41,118335
2023-12-13T05:00:00Z,129.67,132.73,129.22,132.73,47134
2023-12-12T05:00:00Z,130.04,130.41,128.345,129.41,97685
2023-12-11T05:00:00Z,131.52,132.96,131.32,132.33,69224
2023-12-08T05:00:00Z,131.56,132.95,131.44,132.335,96110
2023-12-07T05:00:00Z,131.63,132.25,129.9,130.75,134457
2023-12-06T05:00:00Z,133.26,134.5,130.76,130.77,92743
2023-12-05T05:00:00Z,137.76,138.07,134.355,134.39,90119
2023-12-04T05:00:00Z,137.63,139.1,137.02,137.38,162739
2023-12-01T05:00:00Z,137.63,141.09,137.25,139.12,91374
2023-11-30T05:00:00Z,138.96,140.91,136.56,137.99,155301
2023-11-29T05:00:00Z,138.75,138.92,136.99,137.22,81176
2023-11-28T05:00:00Z,138.38,139.48,137.58,137.72,47251
2023-11-27T05:00:00Z,138.58,138.58,137.06,138.13,52270
2023-11-24T05:00:00Z,138.67,140.67,138.66,139.38,26237
2023-11-22T05:00:00Z,135.33,138.98,134.6,138.71,59816
2023-11-21T05:00:00Z,139.07,139.36,137.52,138.68,76462
2023-11-20T05:00:00Z,140.53,141.53,139.84,139.89,31593
2023-11-17T05:00:00Z,138.25,140.49,137.97,139.68,67211
2023-11-16T05:00:00Z,139.04,139.43,134.82,136.67,121905
2023-11-15T05:00:00Z,140.255,142.93,140.255,140.71,47579
2023-11-14T05:00:00Z,139.2,141.17,138.97,140.56,88206
2023-11-13T05:00:00Z,137.47,138.675,136.96,138.24,59751
2023-11-10T05:00:00Z,137.215,137.64,135.49,137.18,50287
2023-11-09T05:00:00Z,137.39,138.08,135.62,135.66,55079
2023-11-08T05:00:00Z,138.69,139.62,136.5,136.66,121404
2023-11-07T05:00:00Z,141.01,141.19,138.74,139.63,128903
2023-11-06T05:00:00Z,148.01,148.11,142.87,143.65,130888
2023-11-03T04:00:00Z,148.62,149.33,146.28,147.65,55750
2023-11-02T04:00:00Z,144.37,148.815,143.945,148.75,118919
2023-11-01T04:00:00Z,145.705,147.01,143.9,144.94,62887
2023-10-31T04:00:00Z,143.99,145.415,142.48,145.24,71416
2023-10-30T04:00:00Z,144.13,145.26,141.79,143.39,34339
2023-10-27T04:00:00Z,146.04,146.46,142.52,143.905,84643
2023-10-26T04:00:00Z,145.05,146.705,142.87,145.8,80053
2023-10-25T04:00:00Z,146.7,147.215,145.64,146.48,67484
2023-10-24T04:00:00Z,148.55,148.85,146.57,146.885,53331
2023-10-23T04:00:00Z,148.53,149.77,147.3,148,97863
2023-10-20T04:00:00Z,152.45,153.09,149.82,150.09,67567
2023-10-19T04:00:00Z,152.17,154.125,150.64,152.74,54297
2023-10-18T04:00:00Z,152.55,153.65,151.85,152.93,79296
2023-10-17T04:00:00Z,150.3,152.33,150.3,151.85,89759
2023-10-16T04:00:00Z,149.535,150.23,148,150.04,53020
2023-10-13T04:00:00Z,148.175,149.5,147.17,148.63,102573
2023-10-12T04:00:00Z,146.09,146.26,144.3,145.47,61103
2023-10-11T04:00:00Z,143.865,145.55,142.76,145.47,95763
2023-10-10T04:00:00Z,144.64,146.74,144.64,145.7,39191
2023-10-09T04:00:00Z,143.41,145.88,142.88,145.17,122678
2023-10-06T04:00:00Z,138.13,140.975,136.93,139.44,81150
2023-10-05T04:00:00Z,135.55,137.745,135.55,136.91,61326
2023-10-04T04:00:00Z,140.2,140.44,135.34,136.63,121651
2023-10-03T04:00:00Z,142.09,142.76,140.6,142.4,57611
2023-10-02T04:00:00Z,148.11,148.2,141.84,142.925,126456
2023-09-29T04:00:00Z,150.7,150.73,147.365,147.86,67909
2023-09-28T04:00:00Z,149.565,151.515,149.54,150.57,96901
2023-09-27T04:00:00Z,147.69,150.92,147.16,149.85,98253
2023-09-26T04:00:00Z,144.32,146.615,144.32,145.44,37865
2023-09-25T04:00:00Z,143.255,146.175,143.255,146.06,41829
2023-09-22T04:00:00Z,144.925,146.03,143.33,143.44,71819
2023-09-21T04:00:00Z,146.43,146.975,143.55,143.81,56995
2023-09-20T04:00:00Z,146.91,148.585,145.415,145.43,69977
2023-09-19T04:00:00Z,151,151.04,147.13,147.8,39592
2023-09-18T04:00:00Z,150.71,151.095,148.66,149.42,49068
2023-09-15T04:00:00Z,151.47,152.305,149.64,150.13,66141
2023-09-14T04:00:00Z,153.895,154.42,152.54,152.8,85472
2023-09-13T04:00:00Z,154.18,154.18,151.02,151.89,94164
2023-09-12T04:00:00Z,151.72,154.14,151.43,153.81,90294
2023-09-11T04:00:00Z,154.42,154.63,149.73,150.15,177182
2023-09-08T04:00:00Z,152.46,154.5,152.28,153.25,40967
2023-09-07T04:00:00Z,151.48,152.6,150.96,151.41,54352
2023-09-06T04:00:00Z,151.05,152.79,150.05,151.51,60952
2023-09-05T04:00:00Z,152.75,154.08,151.47,151.47,134862
2023-09-01T04:00:00Z,150.56,152.76,150.53,152.29,91326
2023-08-31T04:00:00Z,149.04,149.32,147.355,148.71,69727
2023-08-30T04:00:00Z,148.09,149.17,147.66,148.475,53712
2023-08-29T04:00:00Z,146.23,147.795,145.32,147.59,42480
2023-08-28T04:00:00Z,146.75,148.095,145.83,146.78,31230
2023-08-25T04:00:00Z,145.4,146.65,143.61,145.94,25396
2023-08-24T04:00:00Z,143.77,145.52,143.63,144.04,39953
2023-08-23T04:00:00Z,145,145.52,143.27,144.96,81387
2023-08-22T04:00:00Z,148.19,148.81,146.46,146.53,33042
2023-08-21T04:00:00Z,148.88,149.75,146.66,147.96,27502
2023-08-18T04:00:00Z,144.9,147.895,144.81,147.84,70957
2023-08-17T04:00:00Z,146.79,147.78,146.18,146.35,62836
2023-08-16T04:00:00Z,145.195,147.02,144.25,144.41,59712
2023-08-15T04:00:00Z,146.1,146.19,144.23,144.9,88730
2023-08-14T04:00:00Z,148.07,148.07,146.35,147.75,31814
2023-08-11T04:00:00Z,146.84,149.52,146.84,148.84,41696
2023-08-10T04:00:00Z,148.23,149.485,145.9,147.06,62342
2023-08-09T04:00:00Z,147.93,150.34,147.425,148.31,89361
2023-08-08T04:00:00Z,142.035,146.435,141.59,146.4,53140
2023-08-07T04:00:00Z,144.71,145.53,143.66,145.08,50932
2023-08-04T04:00:00Z,144.31,146.185,143.4,144.25,50884
2023-08-03T04:00:00Z,140.77,144.505,139.62,143.13,37005
2023-08-02T04:00:00Z,141.38,141.95,138.78,140.21,42109
2023-08-01T04:00:00Z,141.31,142.645,140.53,142.48,45103
2023-07-31T04:00:00Z,142.16,143.195,141.92,143.05,41537
2023-07-28T04:00:00Z,138.94,141.035,138.46,141.01,33513
2023-07-27T04:00:00Z,140.505,140.97,137.64,138.12,39240
2023-07-26T04:00:00Z,137.29,139.69,137.29,139.11,35406
2023-07-25T04:00:00Z,137.755,139.99,137.11,138.74,55268
2023-07-24T04:00:00Z,136.68,139.64,136.56,138.29,68145
2023-07-21T04:00:00Z,136.055,136.21,134.8,136.105,43614
2023-07-20T04:00:00Z,135.245,135.5,134.095,135.39,32690
2023-07-19T04:00:00Z,133.765,135.305,133.175,133.97,48646
2023-07-18T04:00:00Z,129.78,134.44,129.78,133.27,55343
2023-07-17T04:00:00Z,128.6,130.185,128.33,129.64,21435
2023-07-14T04:00:00Z,132.74,132.74,128.91,129.03,49643
2023-07-13T04:00:00Z,133.86,135.93,132.9,133.8,94038
2023-07-12T04:00:00Z,134.17,134.815,133.31,133.5,55872
2023-07-11T04:00:00Z,130.66,133.255,130.4,133.02,71761
2023-07-10T04:00:00Z,128.46,129.86,128.46,129.83,25362
2023-07-07T04:00:00Z,125.08,130.505,125.05,128.72,103640
2023-07-06T04:00:00Z,127.095,127.6,123.26,125.17,83116
2023-07-05T04:00:00Z,129.69,129.69,128.04,128.41,39545
2023-07-03T04:00:00Z,128.81,129.84,128.59,128.96,21157
2023-06-30T04:00:00Z,128.99,129.73,127.62,128.86,33949
2023-06-29T04:00:00Z,125.82,128.09,125.82,128.09,66063
2023-06-28T04:00:00Z,123.81,125.955,122.95,125.64,56523
2023-06-27T04:00:00Z,123.3,124.59,122.16,124.275,23583
2023-06-26T04:00:00Z,122.065,124.64,122.02,123.56,28260
2023-06-23T04:00:00Z,120.58,122.445,120.58,121.68,94806
2023-06-22T04:00:00Z,123.48,123.48,121.9,122.695,77586
2023-06-21T04:00:00Z,123.43,125.94,123.43,125.09,32005
2023-06-20T04:00:00Z,126.21,126.21,122.32,123.8,171231
2023-06-16T04:00:00Z,127.895,128.255,126.41,127.69,60873
2023-06-15T04:00:00Z,125.14,128.09,125.06,127.25,136509
2023-06-14T04:00:00Z,127.85,128.02,123.27,124.71,108845
2023-06-13T04:00:00Z,126.82,129.26,126.41,126.47,66471
2023-06-12T04:00:00Z,125.11,126.85,123.83,125.11,94883
2023-06-09T04:00:00Z,128.095,128.65,126.66,127.315,35228
2023-06-08T04:00:00Z,128.8,129.465,126.03,128.34,35747
2023-06-07T04:00:00Z,125.71,129.2,125.71,129.075,92009
2023-06-06T04:00:00Z,120.12,124.63,120.12,124.5,49938
2023-06-05T04:00:00Z,126.31,126.38,122.02,122.11,51263
2023-06-02T04:00:00Z,121.595,124.425,120.94,123.83,84186
2023-06-01T04:00:00Z,118.355,120.755,117.76,119.03,50023
2023-05-31T04:00:00Z,118.22,119.3,117.53,118.1,50225
2023-05-30T04:00:00Z,120.18,120.46,118.45,119.96,80311
2023-05-26T04:00:00Z,123.69,123.69,121.26,122.325,47691
2023-05-25T04:00:00Z,123.9,123.98,121.555,122.7,60366
2023-05-24T04:00:00Z,126.305,127.135,124.49,126.18,147369
2023-05-23T04:00:00Z,126.07,127.42,125.38,125.53,61858
2023-05-22T04:00:00Z,123.04,126.29,123.04,125.23,57858
2023-05-19T04:00:00Z,124.42,124.87,122.41,123.06,46559
2023-05-18T04:00:00Z,119.22,122.96,118.92,122.82,113975
2023-05-17T04:00:00Z,119.465,121.24,117.72,120.39,62198
2023-05-16T04:00:00Z,120.64,121.295,117.8,117.8,96174
2023-05-15T04:00:00Z,119.895,122.31,119.43,121.3,77463
2023-05-12T04:00:00Z,119.38,119.51,117.18,119,42390
2023-05-11T04:00:00Z,117.44,118.5,116.95,117.92,67237
2023-05-10T04:00:00Z,120.7,120.7,118.08,119.36,40027
2023-05-09T04:00:00Z,118.74,121.39,118.74,119.93,40903
2023-05-08T04:00:00Z,123.6,123.98,120.44,120.64,75439
2023-05-05T04:00:00Z,120.18,121.55,119.67,120.31,67895
2023-05-04T04:00:00Z,118.27,119.57,115.95,116.22,107452
2023-05-03T04:00:00Z,118.14,120.16,117.42,118,81087
2023-05-02T04:00:00Z,124.26,124.26,118.63,120.35,86274
2023-05-01T04:00:00Z,125.27,127.24,124.87,126.19,63153
2023-04-28T04:00:00Z,123.665,128.11,123.5,127.125,95286
2023-04-27T04:00:00Z,123.09,124.54,121.72,123.81,48895
2023-04-26T04:00:00Z,124.49,125.26,121.99,122.86,63893
2023-04-25T04:00:00Z,127.395,127.59,124.53,124.98,59396
2023-04-24T04:00:00Z,126.655,129.82,126.21,129.23,29757
2023-04-21T04:00:00Z,128.36,128.58,126.295,126.935,50097
2023-04-20T04:00:00Z,128.09,128.65,126.785,128.05,89579
2023-04-19T04:00:00Z,129.23,130.11,127.76,130.11,97290
2023-04-18T04:00:00Z,131.46,131.685,130.24,131.585,46098
2023-04-17T04:00:00Z,134.645,134.76,131.575,132,80670
2023-04-14T04:00:00Z,134.93,135.41,133.31,134.43,56533
2023-04-13T04:00:00Z,133.66,135.385,133.13,134.535,66241
2023-04-12T04:00:00Z,135.385,135.49,133.6,133.7,50848
2023-04-11T04:00:00Z,133.82,135.25,132.735,134.85,45478
2023-04-10T04:00:00Z,131.62,134.28,131.62,132.98,67057
2023-04-06T04:00:00Z,131.805,131.95,130.11,130.18,63991
2023-04-05T04:00:00Z,131.09,132.15,129.31,132.13,52072
2023-04-04T04:00:00Z,134.39,134.51,128.845,130.785,79406
2023-04-03T04:00:00Z,133.485,135.01,131.28,133.87,169878
2023-03-31T04:00:00Z,126.62,128.12,126.45,127.64,50996
2023-03-30T04:00:00Z,127.48,127.52,125.07,126.01,54133
2023-03-29T04:00:00Z,125.83,126.46,125.04,126.13,38888
2023-03-28T04:00:00Z,122.77,125.88,122.315,124.66,69589
2023-03-27T04:00:00Z,121.2,123.74,119.43,123.07,74337
2023-03-24T04:00:00Z,115.86,120.01,115.335,119.78,104967
2023-03-23T04:00:00Z,121.32,122.83,117.23,118.49,55631
2023-03-22T04:00:00Z,123.84,124.6,120.28,120.28,86626
2023-03-21T04:00:00Z,122.24,124.225,121.52,123.53,140931
2023-03-20T04:00:00Z,117.31,120.67,117.31,119.46,94911
2023-03-17T04:00:00Z,119.74,120.11,115.95,117.61,139550
2023-03-16T04:00:00Z,114.29,120.35,114.29,120.32,146790
2023-03-15T04:00:00Z,119.99,120.36,114.29,117.01,287344
2023-03-14T04:00:00Z,124.99,128.955,122.61,124.95,155599
2023-03-13T04:00:00Z,123.67,127.92,121.73,124.1,198040
2023-03-10T05:00:00Z,130.595,132.77,127.48,128.03,94708
2023-03-09T05:00:00Z,134.83,136.59,130.64,130.7,85564
2023-03-08T05:00:00Z,135.38,137.28,132.42,134.01,100406
2023-03-07T05:00:00Z,137.51,138.04,135.46,136.02,73350
2023-03-06T05:00:00Z,139.59,139.59,137.91,138.39,57608
2023-03-03T05:00:00Z,135.88,141.755,135.37,141.245,65749
2023-03-02T05:00:00Z,135.335,138.44,134.41,137.8,52538
2023-03-01T05:00:00Z,132.51,136.47,132.03,135.96,53295
2023-02-28T05:00:00Z,136.73,136.76,132.98,132.98,68560
2023-02-27T05:00:00Z,134.19,136.005,133.29,135.085,87887
2023-02-24T05:00:00Z,130.99,134.53,129.51,134.21,78211
2023-02-23T05:00:00Z,131.6,133.125,129.845,132.38,102922
2023-02-22T05:00:00Z,128.655,130.25,126.82,128.49,92529
2023-02-21T05:00:00Z,129.92,131.12,128.38,128.68,48235
2023-02-17T05:00:00Z,134.45,134.45,129.75,130.56,168070
2023-02-16T05:00:00Z,138.375,139.75,136.47,136.48,63990
2023-02-15T05:00:00Z,138.13,138.395,135.58,138.33,134918
2023-02-14T05:00:00Z,138.355,141.1,137.97,140.66,79980
2023-02-13T05:00:00Z,139.605,140.79,138.01,139.8,68301
2023-02-10T05:00:00Z,136.27,140.87,136.21,140.76,72260
2023-02-09T05:00:00Z,135.63,136.25,133.65,133.8,61473
2023-02-08T05:00:00Z,137.885,138.545,134.46,135.88,73284
2023-02-07T05:00:00Z,133.35,137.75,132.11,137.6,101017
2023-02-06T05:00:00Z,135.43,135.8,130.96,132.27,76887
2023-02-03T05:00:00Z,135.86,139.14,134.76,134.915,150800
2023-02-02T05:00:00Z,137.62,138.3,133.79,135.58,161076
2023-02-01T05:00:00Z,140.11,140.34,134.195,137.715,116827
2023-01-31T05:00:00Z,138.89,141.27,138.02,141.01,65246
2023-01-30T05:00:00Z,141.55,142.06,138.8,138.82,90384
2023-01-27T05:00:00Z,145.735,146.765,143.35,143.47,96017
2023-01-26T05:00:00Z,143.81,145.485,141.45,145.48,106746
2023-01-25T05:00:00Z,141.13,142.08,138.84,142.07,75055
2023-01-24T05:00:00Z,143.155,143.23,141.59,142.26,117551
2023-01-23T05:00:00Z,142.9,144.975,142.24,143.77,107696
2023-01-20T05:00:00Z,140.13,141.93,138.74,141.71,66606
2023-01-19T05:00:00Z,136.345,140.27,135.955,139.71,85805
2023-01-18T05:00:00Z,140.76,143.23,136.94,137.02,102837
2023-01-17T05:00:00Z,140.41,141.32,138.9,139.77,63852
2023-01-13T05:00:00Z,138.09,139.44,136.275,139.09,72827
2023-01-12T05:00:00Z,135.86,139.36,135.38,138.36,145555
2023-01-11T05:00:00Z,134.975,135.01,132.59,134.35,56682
2023-01-10T05:00:00Z,133.45,133.74,130.3,133.36,78170
2023-01-09T05:00:00Z,134.835,135.88,132.69,132.9,70259
2023-01-06T05:00:00Z,130.9,132.905,130.16,131.6,75464
2023-01-05T05:00:00Z,127.91,129.78,126.84,128.94,107450
2023-01-04T05:00:00Z,125.76,130.05,125.47,128.76,73340
2023-01-03T05:00:00Z,133.965,135.36,126.7,128.25,145732
2022-12-30T05:00:00Z,134.505,135.98,134.185,135.87,25077
2022-12-29T05:00:00Z,131.57,135.72,131.36,135.22,70172
2022-12-28T05:00:00Z,137.655,137.655,132.05,132.375,58300
2022-12-27T05:00:00Z,138.48,138.98,137,138.51,37380
2022-12-23T05:00:00Z,134.08,137.64,133.41,137.64,40930
2022-12-22T05:00:00Z,136.37,136.37,129.48,132.49,53310
2022-12-21T05:00:00Z,136.74,137.2,134.08,136.89,40512
2022-12-20T05:00:00Z,131.86,134.25,131.38,133.44,37386
2022-12-19T05:00:00Z,135.08,135.655,131.02,132.03,50985
2022-12-16T05:00:00Z,133.895,135.51,132.35,135.2,135723
2022-12-15T05:00:00Z,135.38,137.62,134.32,137.555,145104
2022-12-14T05:00:00Z,138.695,139.67,135.53,136.91,105602
2022-12-13T05:00:00Z,139.41,140.01,136.41,137.74,126265
2022-12-12T05:00:00Z,131.77,135.935,130.93,135.41,121594
2022-12-09T05:00:00Z,133.06,134.33,130.29,130.3,110488
2022-12-08T05:00:00Z,138.83,139.265,132.17,132.86,71259
2022-12-07T05:00:00Z,137.76,138.61,134.5,135.91,78255
2022-12-06T05:00:00Z,139.635,142.01,135.68,137.1,148683
2022-12-05T05:00:00Z,149.92,150.08,140.05,140.96,166770
2022-12-02T05:00:00Z,148.68,149.67,146.93,147.8,86002
2022-12-01T05:00:00Z,153.72,154.69,148.955,149.05,73508
2022-11-30T05:00:00Z,152.895,153.19,148.77,152.14,97329
2022-11-29T05:00:00Z,151.95,152.605,149.52,150.77,86734
2022-11-28T05:00:00Z,150.045,151.65,148.65,149,77063
2022-11-25T05:00:00Z,155.21,156.51,154.44,154.56,23346
2022-11-23T05:00:00Z,154.95,156.41,153.24,154.51,44610
2022-11-22T05:00:00Z,154.205,157.29,153.41,157.14,114230
2022-11-21T05:00:00Z,150.675,151.55,145.21,151.04,223078
2022-11-18T05:00:00Z,152.17,154.435,148.65,153.97,105577
2022-11-17T05:00:00Z,153.04,155.76,152.22,155.76,57974
2022-11-16T05:00:00Z,157.72,158.455,155.31,155.93,85970
2022-11-15T05:00:00Z,157.92,160.945,156.64,160.59,83833
2022-11-14T05:00:00Z,158.28,161.23,156.75,156.77,66570
2022-11-11T05:00:00Z,157.5,160.85,157.13,159.2,132371
2022-11-10T05:00:00Z,151.79,154.415,149.825,154.34,165438
2022-11-09T05:00:00Z,155.79,156.13,148.3,148.57,106872
2022-11-08T05:00:00Z,159.9,159.9,156.7,159.17,51938
2022-11-07T05:00:00Z,156.89,160.99,156.89,160.24,87906
2022-11-04T04:00:00Z,156.695,158.38,152.25,155.545,129086
2022-11-03T04:00:00Z,148.13,153.575,147.75,152.55,144666
2022-11-02T04:00:00Z,152.74,154.53,148.75,149.16,85951
2022-11-01T04:00:00Z,154.15,154.23,152.25,153.15,67946
2022-10-31T04:00:00Z,148.18,152.86,147.96,151.29,88401
2022-10-28T04:00:00Z,151.4,152.065,145.54,149.25,121911
2022-10-27T04:00:00Z,153.24,154.8,149.73,149.9,65785
2022-10-26T04:00:00Z,149.75,153.03,149.71,151.24,83340
2022-10-25T04:00:00Z,147.19,149.07,145.95,148.94,81059
2022-10-24T04:00:00Z,146.93,149.06,146.2,147.75,68269
2022-10-21T04:00:00Z,144.75,147.695,142.78,147.55,63380
2022-10-20T04:00:00Z,147.21,149.215,143.82,144.37,101023
2022-10-19T04:00:00Z,142.1,146.66,141.94,145.94,70206
2022-10-18T04:00:00Z,142.14,144.11,139.36,142.35,126458
2022-10-17T04:00:00Z,140.36,142.755,139.37,140.92,79303
2022-10-14T04:00:00Z,142.66,145.22,137.42,137.51,65586
2022-10-13T04:00:00Z,138.03,145.67,136.87,144.79,96423
2022-10-12T04:00:00Z,136.88,140.71,135.55,139.73,43470
2022-10-11T04:00:00Z,136.66,141.06,135.33,138.15,192483
2022-10-10T04:00:00Z,142.425,144.48,138.73,140.05,64040
2022-10-07T04:00:00Z,144.54,146.67,141.51,142.53,93762
2022-10-06T04:00:00Z,141.08,145.195,141.08,144.41,66523
2022-10-05T04:00:00Z,139.41,143.35,136.48,142.26,109351
2022-10-04T04:00:00Z,136.13,139.98,135.56,139.92,142229
2022-10-03T04:00:00Z,130.315,133.76,129.75,132.8,77629
2022-09-30T04:00:00Z,122.76,126.69,122.39,124.65,104455
2022-09-29T04:00:00Z,124.12,124.75,120.69,124.64,101425
2022-09-28T04:00:00Z,119,126.16,118.33,125.565,70612
2022-09-27T04:00:00Z,116.99,119.88,116.02,117.79,76990
2022-09-26T04:00:00Z,117.5,119.42,114.58,114.79,116563
2022-09-23T04:00:00Z,123.27,123.33,117.24,118.54,190034
2022-09-22T04:00:00Z,134,134.6,128.92,128.94,77187
2022-09-21T04:00:00Z,137.14,137.19,131.23,131.26,56808
2022-09-20T04:00:00Z,135.395,135.395,131.9,134.04,55344
2022-09-19T04:00:00Z,131.44,136.48,131.38,135.99,85601
2022-09-16T04:00:00Z,140.17,140.17,134.12,137.23,197550
2022-09-15T04:00:00Z,142.605,143.74,140.475,141.05,77285
2022-09-14T04:00:00Z,143.47,147.91,143.23,146.24,50359
2022-09-13T04:00:00Z,142.92,145.4,140.685,141.16,65688
2022-09-12T04:00:00Z,145.48,146.91,144.21,145.27,72828
2022-09-09T04:00:00Z,142.885,144.1,141.43,143.25,61528
2022-09-08T04:00:00Z,138.52,139.945,137.63,139.36,42202
2022-09-07T04:00:00Z,136.63,138.74,135.31,137.77,82155
2022-09-06T04:00:00Z,143.24,144.16,139.85,140.31,63463
2022-09-02T04:00:00Z,143.77,144.11,140.86,142.41,112032
2022-09-01T04:00:00Z,141.9,142.795,138.18,139.13,135342
2022-08-31T04:00:00Z,139.56,146.53,139.05,144.76,74201
2022-08-30T04:00:00Z,147.145,147.8,141.63,143.35,107727
2022-08-29T04:00:00Z,147.67,153.56,147.57,150.81,69916
2022-08-26T04:00:00Z,150.31,152.24,147.85,149.03,49914
2022-08-25T04:00:00Z,150.205,151.075,148.39,150.4,75143
2022-08-24T04:00:00Z,147.335,149.77,146.7,149.47,61970
2022-08-23T04:00:00Z,146.25,150.83,145.87,146.68,118691
2022-08-22T04:00:00Z,141.35,144.11,138.33,143.46,89559
2022-08-19T04:00:00Z,143.365,144.26,141.91,142.61,56937
2022-08-18T04:00:00Z,140.89,144.995,140.8,144.66,70086
2022-08-17T04:00:00Z,136.445,139.8,135.6,138.7,98276
2022-08-16T04:00:00Z,138.53,139.92,135.15,136.61,69387
2022-08-15T04:00:00Z,134.74,137.45,132,136.68,77846
2022-08-12T04:00:00Z,137.8,140.265,137.13,140.19,56514
2022-08-11T04:00:00Z,136.95,140.37,136.23,138.99,161933
2022-08-10T04:00:00Z,131.16,133.68,128.445,133.34,90874
2022-08-09T04:00:00Z,131.28,133.49,130.06,131.08,54402
2022-08-08T04:00:00Z,129.39,131.22,128.65,129.52,44903
2022-08-05T04:00:00Z,123.57,130.83,123.56,129.04,57127
2022-08-04T04:00:00Z,129.62,130.95,124.83,125.13,128668
2022-08-03T04:00:00Z,136.35,136.35,129.08,131.245,88403
2022-08-02T04:00:00Z,133.65,136.38,132.27,134.71,45071
2022-08-01T04:00:00Z,133.61,135.04,131.19,134,76904
2022-07-29T04:00:00Z,135.39,138.14,134.84,137.05,81462
2022-07-28T04:00:00Z,133.86,135.02,129.16,132.6,40777
2022-07-27T04:00:00Z,128,132.65,126.96,131.94,52773
2022-07-26T04:00:00Z,130.16,130.44,125.38,127.01,25735
2022-07-25T04:00:00Z,123.5,128.05,122.1,127.96,73666
2022-07-22T04:00:00Z,124.39,125.7,120.84,121.25,89996
2022-07-21T04:00:00Z,123.57,124.42,119.91,123.96,144696
2022-07-20T04:00:00Z,122.765,127.94,122.15,127.66,101129
2022-07-19T04:00:00Z,119.56,124.38,119.56,124.08,66870
2022-07-18T04:00:00Z,119.23,121.55,118.74,119.39,75835
2022-07-15T04:00:00Z,115.99,116.09,113.075,116.07,153768
2022-07-14T04:00:00Z,110.91,113.23,108.67,113.23,126213
2022-07-13T04:00:00Z,112.67,117.06,112.67,115.2,65631
2022-07-12T04:00:00Z,113.17,115.28,111.65,114.23,88087
2022-07-11T04:00:00Z,117.27,118.84,114.89,116.98,75093
2022-07-08T04:00:00Z,120.57,120.95,116.49,118.46,66035
2022-07-07T04:00:00Z,115.66,119.89,115.66,118.76,106385
2022-07-06T04:00:00Z,112.68,115.76,108.105,112.31,120254
2022-07-05T04:00:00Z,117.6,117.88,111.35,114.28,251438
2022-07-01T04:00:00Z,120.86,121.76,116.23,120.93,164651
2022-06-30T04:00:00Z,120.58,123.86,118.25,119.46,214265
2022-06-29T04:00:00Z,133.04,133.04,123.43,124.02,107761
2022-06-28T04:00:00Z,131.73,132.8,128.06,130.98,186646
2022-06-27T04:00:00Z,123.955,128.44,122.79,127.56,207501
2022-06-24T04:00:00Z,122.625,125.66,120.5,121.93,232271
2022-06-23T04:00:00Z,126.94,127.295,117.52,120.42,288050
2022-06-22T04:00:00Z,126.51,130.04,125.28,125.66,247539
2022-06-21T04:00:00Z,132.44,135.7,131.66,134.05,254271
2022-06-17T04:00:00Z,139.2,139.64,127.69,129.4,330240
2022-06-16T04:00:00Z,145.18,146.46,138.42,139.53,147336
2022-06-15T04:00:00Z,151.6,152.99,145.88,149.08,120131
2022-06-14T04:00:00Z,156.295,157.27,148.375,151.37,224316
2022-06-13T04:00:00Z,156.52,156.7,148.68,152.46,178334
2022-06-10T04:00:00Z,163.13,166.01,159.66,162.55,151028
2022-06-09T04:00:00Z,165.76,168.595,163.72,165.47,86972
2022-06-08T04:00:00Z,170.26,170.59,166.175,167.62,83958
2022-06-07T04:00:00Z,162.275,169.255,162.225,169.18,73081
2022-06-06T04:00:00Z,163.02,163.96,160.68,163.06,86525
2022-06-03T04:00:00Z,159.68,162.085,158.99,161.68,107064
2022-06-02T04:00:00Z,157.4,161.25,157.19,159.7,198214
2022-06-01T04:00:00Z,156.88,161.04,155.45,159.68,158867
2022-05-31T04:00:00Z,160.24,161.45,153.26,154.63,218792
2022-05-27T04:00:00Z,149.78,157.04,149.72,157.02,92258
2022-05-26T04:00:00Z,149.35,152.815,149,151.09,90870
2022-05-25T04:00:00Z,142.69,147.87,142.25,147.63,112240
2022-05-24T04:00:00Z,140.985,142.64,138.61,141.9,72154
2022-05-23T04:00:00Z,138.24,142.72,136.75,142.48,72064
2022-05-20T04:00:00Z,137.33,138.69,133.395,136.88,57640
2022-05-19T04:00:00Z,132.7,138.41,132.67,135.9,107640
2022-05-18T04:00:00Z,141.37,141.4,133.96,135.89,115393
2022-05-17T04:00:00Z,139.04,141.5,137.77,140.68,69684
2022-05-16T04:00:00Z,134.665,138.65,134.665,136.61,74155
2022-05-13T04:00:00Z,131.6,134.87,131.6,133.655,100061
2022-05-12T04:00:00Z,127.17,130.13,124.68,128.19,92736
2022-05-11T04:00:00Z,130.86,135,128.22,128.53,131158
2022-05-10T04:00:00Z,129.29,131.98,123.525,128.14,170629
2022-05-09T04:00:00Z,137.65,137.76,126.56,127.18,248760
2022-05-06T04:00:00Z,142.145,142.48,137.78,141.9,145750
2022-05-05T04:00:00Z,144.92,145.16,136.005,140.22,107797
2022-05-04T04:00:00Z,141.55,144.3,137.53,143.99,105107
2022-05-03T04:00:00Z,132.665,138.94,132.665,138.34,151442
2022-05-02T04:00:00Z,129.79,132.62,127.4,132,110028
2022-04-29T04:00:00Z,135.54,137.04,131.06,131.83,65180
2022-04-28T04:00:00Z,132.18,136.895,128.14,135.29,85147
2022-04-27T04:00:00Z,129.88,132.48,127.08,131.07,66875
2022-04-26T04:00:00Z,131.365,133.69,129.13,129.24,75115
2022-04-25T04:00:00Z,128.825,131.67,124.03,130.7,198604
2022-04-22T04:00:00Z,137.905,139.99,132.45,133.2,136209
2022-04-21T04:00:00Z,147.06,147.59,138.005,138.85,93653
2022-04-20T04:00:00Z,145.32,145.965,142.55,145.32,66605
2022-04-19T04:00:00Z,144.07,145.56,142.06,143.41,66267
2022-04-18T04:00:00Z,145.29,147.07,143.28,145.64,50658
2022-04-14T04:00:00Z,142.46,144.31,141.6,142.95,58308
2022-04-13T04:00:00Z,141.61,143.1,139.04,142.63,87772
2022-04-12T04:00:00Z,139.68,142.595,138.75,138.98,104553
2022-04-11T04:00:00Z,138.465,138.465,135.15,137.015,45114
2022-04-08T04:00:00Z,137.385,140.835,137.38,139.93,57138
2022-04-07T04:00:00Z,137.835,138.42,133.01,136.75,73768
2022-04-06T04:00:00Z,137.57,138.51,134.59,135.53,68827
2022-04-05T04:00:00Z,140.89,141.57,135.55,135.58,49313
2022-04-04T04:00:00Z,140.29,141.295,137.22,138.87,84259
2022-04-01T04:00:00Z,135.12,138.725,134.935,138.56,84509
2022-03-31T04:00:00Z,135,139.115,134.57,134.62,72616
2022-03-30T04:00:00Z,137.45,139.7,135.705,136.5,85892
2022-03-29T04:00:00Z,130.93,135.3,129.71,135.19,101499
2022-03-28T04:00:00Z,135.22,135.94,133.72,135.14,153449
2022-03-25T04:00:00Z,131.81,138.905,131.81,138.81,196405
2022-03-24T04:00:00Z,131.38,133.27,130.77,132.46,43636
2022-03-23T04:00:00Z,130.53,131.91,129.68,130.94,90278
2022-03-22T04:00:00Z,128.82,129.87,126.07,128.14,35693
2022-03-21T04:00:00Z,127.55,129.68,127.24,129.06,154911
2022-03-18T04:00:00Z,125.37,125.85,124.465,125.24,73499
2022-03-17T04:00:00Z,122.48,126.2,122.41,125.515,140286
2022-03-16T04:00:00Z,118.9,120.46,117.29,119.2,114410
2022-03-15T04:00:00Z,115.98,119.96,114.85,118.77,106071
2022-03-14T04:00:00Z,123.82,123.96,118.75,120.77,142213
2022-03-11T05:00:00Z,126.92,128.995,126.04,126.33,88718
2022-03-10T05:00:00Z,126.71,129.1,125.155,128.51,93116
2022-03-09T05:00:00Z,123.025,126.84,120.44,125.72,306231
2022-03-08T05:00:00Z,129.14,132.62,123.46,127.09,233951
2022-03-07T05:00:00Z,126.755,130.14,123.01,125.78,126329
2022-03-04T05:00:00Z,120.55,125.29,120.55,125.19,127359
2022-03-03T05:00:00Z,120.35,121.525,118.58,120.2,70509
2022-03-02T05:00:00Z,121.85,123.13,119.79,121.5,132729
2022-03-01T05:00:00Z,118.82,121.31,117.24,119.34,259327
2022-02-28T05:00:00Z,111.67,117.07,111.67,116.92,103312
2022-02-25T05:00:00Z,109.6,111.32,108.58,111.175,96214
2022-02-24T05:00:00Z,110.365,110.765,106.31,109.95,142623
2022-02-23T05:00:00Z,107.03,109.81,107,108.11,38963
2022-02-22T05:00:00Z,111.82,111.82,104.58,106.22,153317
2022-02-18T05:00:00Z,108.285,110.45,107.525,108.34,107819
2022-02-17T05:00:00Z,109.645,111.99,109.01,109.64,101708
2022-02-16T05:00:00Z,111.37,113.135,108.76,109.56,113128
2022-02-15T05:00:00Z,108.19,110.5,106.925,110.12,110062
2022-02-14T05:00:00Z,113.525,113.525,110,111.23,56254
2022-02-11T05:00:00Z,111.03,114.36,110.4,114.02,213701
2022-02-10T05:00:00Z,109.11,113.51,109.11,110.05,71718
2022-02-09T05:00:00Z,107.855,110.3,107.83,109.99,89332
2022-02-08T05:00:00Z,110.57,110.915,106.655,107.605,291583
2022-02-07T05:00:00Z,111.12,112.765,109.52,111.16,66784
2022-02-04T05:00:00Z,111.3,115.16,111.275,111.92,87655
2022-02-03T05:00:00Z,110.31,111.43,108.55,110.07,67739
2022-02-02T05:00:00Z,111.11,111.97,108.63,111.71,130065
2022-02-01T05:00:00Z,105.525,111.67,105.185,111.11,122293
2022-01-31T05:00:00Z,105.79,107.555,103.4,106.55,49690
2022-01-28T05:00:00Z,105.405,106.89,102.91,106.01,88273
2022-01-27T05:00:00Z,107.5,108.805,102.42,104.87,97311
2022-01-26T05:00:00Z,108.23,109.83,103.3,104.87,91924
2022-01-25T05:00:00Z,101.03,107,99.04,106.2,130531
2022-01-24T05:00:00Z,97.25,102.76,95,102.31,121471
2022-01-21T05:00:00Z,102.81,103.395,99.51,100.4,154853
2022-01-20T05:00:00Z,106.06,109.75,104.1,104.35,77634
2022-01-19T05:00:00Z,110.3,110.59,106.595,107.77,100049
2022-01-18T05:00:00Z,112.39,112.91,107.99,109.15,79200
2022-01-14T05:00:00Z,107.56,111.08,107.56,111.01,47541
2022-01-13T05:00:00Z,109.06,110.585,107.185,107.61,48862
2022-01-12T05:00:00Z,109.85,110.57,108.125,109.76,90600
2022-01-11T05:00:00Z,105.31,109.22,103.61,108.67,115833
2022-01-10T05:00:00Z,104.36,104.88,101.98,104.05,63647
2022-01-07T05:00:00Z,105.24,105.57,103.6,104.77,35003
2022-01-06T05:00:00Z,104.35,105.75,102.75,104.68,125742
2022-01-05T05:00:00Z,106.175,106.805,101.44,101.55,76204
2022-01-04T05:00:00Z,101.77,105.11,101.77,104.82,233654
2022-01-03T05:00:00Z,96.32,100.5,96.26,100.45,74304
2021-12-31T05:00:00Z,95.795,96.65,95.54,95.91,58247
2021-12-30T05:00:00Z,98.67,99.02,96.155,96.19,32541
2021-12-29T05:00:00Z,97.36,99.46,97.31,98.02,29254
2021-12-28T05:00:00Z,99.685,100.59,98,98.415,38108
2021-12-27T05:00:00Z,95.33,99.33,95.02,99.31,43136
2021-12-23T05:00:00Z,96.33,96.92,95.48,95.48,23023
2021-12-22T05:00:00Z,94.72,96.78,93.94,95.73,32703
2021-12-21T05:00:00Z,92.37,95.47,92.37,95.26,72399
2021-12-20T05:00:00Z,89.94,91.06,88.06,90.96,168686
2021-12-17T05:00:00Z,93.77,95.02,91.85,93.68,124904
2021-12-16T05:00:00Z,97.36,98.67,94.6,94.735,88204
2021-12-15T05:00:00Z,95.09,96.22,91.77,95.69,89195
2021-12-14T05:00:00Z,95.635,97.67,94.9,95.28,97508
2021-12-13T05:00:00Z,100.37,100.37,96.95,96.97,86687
2021-12-10T05:00:00Z,102.1,102.1,98.71,101.55,51305
2021-12-09T05:00:00Z,100.94,101.485,100.11,100.35,72395
2021-12-08T05:00:00Z,102.615,103.19,101.69,102.11,94079
2021-12-07T05:00:00Z,100.88,103.44,100.88,102.035,176991
2021-12-06T05:00:00Z,96.82,99.26,94.54,98.09,152316
2021-12-03T05:00:00Z,98.59,99.13,93.97,95.12,94482
2021-12-02T05:00:00Z,92.95,97.21,91.435,96.53,176979
2021-12-01T05:00:00Z,100.54,100.54,93.55,93.55,181484
2021-11-30T05:00:00Z,98.03,98.85,95.195,97.4,254974
2021-11-29T05:00:00Z,101.9,103.15,98.79,100.16,92788
2021-11-26T05:00:00Z,98.66,98.99,95.6,98.6,159570
2021-11-24T05:00:00Z,103.48,106.38,103.48,105.75,73447
2021-11-23T05:00:00Z,102.24,104.63,102.2,104.34,117606
2021-11-22T05:00:00Z,98.96,102.71,98.885,100.35,182914
2021-11-19T05:00:00Z,100.475,101.46,98.16,98.8,220329
2021-11-18T05:00:00Z,104.025,105.62,102.09,103.885,71310
2021-11-17T05:00:00Z,106.38,107.73,103.15,103.69,154318
2021-11-16T05:00:00Z,108.32,108.55,106.41,107.5,38824
2021-11-15T05:00:00Z,107.44,109.25,105.59,108.11,55516
2021-11-12T05:00:00Z,106.58,107.96,106.31,107.42,68398
2021-11-11T05:00:00Z,106.67,109.05,106.67,107.69,63496
2021-11-10T05:00:00Z,110.29,110.47,104.84,106.01,105933
2021-11-09T05:00:00Z,111.27,111.62,108.25,111.22,75813
2021-11-08T05:00:00Z,111.105,112.8,110.87,111.49,52927
2021-11-05T04:00:00Z,108.54,110.045,107.46,109.72,76712
2021-11-04T04:00:00Z,109.28,110.54,105.495,106.76,75169
2021-11-03T04:00:00Z,106.475,109.4,106.475,107.495,59956
2021-11-02T04:00:00Z,108.92,110.475,107.66,108.44,57283
2021-11-01T04:00:00Z,108.32,110.08,108.13,109.62,75634
2021-10-29T04:00:00Z,107.35,107.61,104.54,106.325,47379
2021-10-28T04:00:00Z,105.83,107.19,105,107.04,75702
2021-10-27T04:00:00Z,108.65,110.05,105.51,105.82,80171
2021-10-26T04:00:00Z,110.76,111.64,109.74,110.57,58239
2021-10-25T04:00:00Z,109.78,111.86,109.22,110.71,54308
2021-10-22T04:00:00Z,106.77,107.665,104.63,107.59,79963
2021-10-21T04:00:00Z,107.48,107.835,104.69,105.59,73437
2021-10-20T04:00:00Z,104.97,108.1,104.9,108.005,62995
2021-10-19T04:00:00Z,106.35,107.47,105.34,106.605,33071
2021-10-18T04:00:00Z,107.28,108.79,104.87,105.695,74674
2021-10-15T04:00:00Z,107.735,108.14,105.175,105.19,45640
2021-10-14T04:00:00Z,106.065,106.495,104.72,105.84,29954
2021-10-13T04:00:00Z,103.01,104.64,101.51,104.175,44044
2021-10-12T04:00:00Z,104.94,106.415,103.38,104.67,100125
2021-10-11T04:00:00Z,107.51,108.13,105.02,105.02,57538
2021-10-08T04:00:00Z,104.325,106.34,104.25,105.43,39912
2021-10-07T04:00:00Z,100.81,103.465,100.08,102.9,59908
2021-10-06T04:00:00Z,100.08,101.43,97.795,100.085,137581
2021-10-05T04:00:00Z,103.42,104.67,100.16,102.37,146107
2021-10-04T04:00:00Z,100.61,102.65,100.34,101.73,96758
2021-10-01T04:00:00Z,97.46,99.69,97.16,99.32,68944
2021-09-30T04:00:00Z,96.72,98,95.065,96.73,127789
2021-09-29T04:00:00Z,96.98,97.54,95.395,97.04,128573
2021-09-28T04:00:00Z,100,100.25,97.24,97.355,148469
2021-09-27T04:00:00Z,94.75,99.175,94.75,98.8,151267
2021-09-24T04:00:00Z,90.67,92.88,90.55,92.105,66293
2021-09-23T04:00:00Z,88.17,91.915,88.135,91.65,131452
2021-09-22T04:00:00Z,86.5,88.98,86.5,87.74,71330
2021-09-21T04:00:00Z,85.28,85.39,82.94,84.63,46253
2021-09-20T04:00:00Z,84.16,85.75,82.85,84.37,95233
2021-09-17T04:00:00Z,89.31,89.31,87.555,87.925,94607
2021-09-16T04:00:00Z,89.02,89.55,87.795,88.765,77309
2021-09-15T04:00:00Z,86.91,90.11,86.91,89.96,134152
2021-09-14T04:00:00Z,88.32,88.32,84.345,84.925,62814
2021-09-13T04:00:00Z,85.24,87.5,85.23,87.135,86149
2021-09-10T04:00:00Z,85.88,85.88,83.645,83.69,66048
2021-09-09T04:00:00Z,82.34,85.61,82.34,84.375,45704
2021-09-08T04:00:00Z,85.65,85.65,83.04,83.3,41396
2021-09-07T04:00:00Z,84.66,85.73,84,84.285,40561
2021-09-03T04:00:00Z,84.36,85.52,83.92,84.51,31227
2021-09-02T04:00:00Z,83.4,86.025,83.26,84.77,60427
2021-09-01T04:00:00Z,82.62,82.77,81.65,82.02,29255
2021-08-31T04:00:00Z,81.845,83.4,81.095,82.645,69240
2021-08-30T04:00:00Z,84.04,84.24,81.98,81.98,40232
2021-08-27T04:00:00Z,80.99,84.225,80.89,83.39,107901
2021-08-26T04:00:00Z,79.6,80.7,78.87,79.24,41294
2021-08-25T04:00:00Z,78.77,81.42,78.77,80.58,22485
2021-08-24T04:00:00Z,78.09,79.565,77.785,79.18,37870
2021-08-23T04:00:00Z,75.79,77.03,75.775,76.855,43675
2021-08-20T04:00:00Z,72.02,73.46,71.75,73.125,60680
2021-08-19T04:00:00Z,73.415,74.37,71.48,72.82,76500
2021-08-18T04:00:00Z,77.16,78.465,75.06,75.14,65736
2021-08-17T04:00:00Z,77.15,79.08,76.775,77.315,49139
2021-08-16T04:00:00Z,78.845,78.85,77.38,77.855,93894
2021-08-13T04:00:00Z,82.12,82.72,80.165,80.2,57477
2021-08-12T04:00:00Z,83.545,83.9,81.69,83.045,67326
2021-08-11T04:00:00Z,82.2,83.31,81.03,83.28,66900
2021-08-10T04:00:00Z,81.99,83.27,81.16,83.01,35199
2021-08-09T04:00:00Z,80.36,81.525,79.97,80.715,78534
2021-08-06T04:00:00Z,82.69,83.19,81.55,82.115,73112
2021-08-05T04:00:00Z,80.21,82.795,79.93,81.26,38594
2021-08-04T04:00:00Z,80.86,82.105,78.905,79.075,88610
2021-08-03T04:00:00Z,80.81,83.25,79.59,82.795,93455
2021-08-02T04:00:00Z,82.88,85.105,80.93,81.13,98127
2021-07-30T04:00:00Z,83.09,83.44,81.74,82.77,112576
2021-07-29T04:00:00Z,83.71,84.74,82.94,83.78,38288
2021-07-28T04:00:00Z,83.44,84.91,81.755,84.01,22191
2021-07-27T04:00:00Z,83.14,83.14,81.045,82.08,33663
2021-07-26T04:00:00Z,83.75,85.4,83.7,84.69,46830
2021-07-23T04:00:00Z,82.16,82.58,81.085,82.135,75922
2021-07-22T04:00:00Z,83.71,84.24,82.08,82.985,49045
2021-07-21T04:00:00Z,83.25,85.76,82.94,84.8,98359
2021-07-20T04:00:00Z,79.09,81.335,78.275,80.855,90459
2021-07-19T04:00:00Z,78.4,80.33,77.49,78.95,130151
2021-07-16T04:00:00Z,86.59,86.59,82.04,82.37,129240
2021-07-15T04:00:00Z,86.03,87.69,84.785,85.665,131990
2021-07-14T04:00:00Z,92.67,93.275,87.06,87.43,120343
2021-07-13T04:00:00Z,92.94,93.27,91.63,91.945,82075
2021-07-12T04:00:00Z,92.38,94.13,91.82,93.135,27340
2021-07-09T04:00:00Z,92.32,94.1,91.57,93.955,70825
2021-07-08T04:00:00Z,88.79,92.815,88.42,91.57,88233
2021-07-07T04:00:00Z,93.5,94.265,89.45,91.005,90174
2021-07-06T04:00:00Z,97.025,97.025,92.58,93.24,163284
2021-07-02T04:00:00Z,97.83,98.34,96.85,97.085,95496
2021-07-01T04:00:00Z,99.84,100.09,98.05,98.935,63245
2021-06-30T04:00:00Z,96.08,96.88,95.41,96.75,69296
2021-06-29T04:00:00Z,96.52,97.35,94.76,94.85,79885
2021-06-28T04:00:00Z,99.12,99.12,94.81,95.39,129124
2021-06-25T04:00:00Z,99.41,100.045,98.73,99.78,107950
2021-06-24T04:00:00Z,96.71,98.77,96.57,98.58,77203
2021-06-23T04:00:00Z,97.6,98.97,97.03,97.04,138773
2021-06-22T04:00:00Z,94.33,96.16,93.92,95.91,69607
2021-06-21T04:00:00Z,91.84,95.41,91.375,95.39,194986
2021-06-18T04:00:00Z,91.12,93,90.55,90.97,234830
2021-06-17T04:00:00Z,96.94,97.85,91.26,92.89,137185
2021-06-16T04:00:00Z,96.92,98.38,95.79,97.38,71020
2021-06-15T04:00:00Z,96.9,98.055,96.13,97.95,82885
2021-06-14T04:00:00Z,98.69,99.305,95.935,96.16,48298
2021-06-11T04:00:00Z,97.685,98.28,97.03,97.38,69873
2021-06-10T04:00:00Z,99,99.39,95.33,96.7,128005
2021-06-09T04:00:00Z,99.855,99.96,97.56,97.72,53823
2021-06-08T04:00:00Z,96.515,98.6,95.42,98.34,105317
2021-06-07T04:00:00Z,96.85,97.995,96.8,97.42,38657
2021-06-04T04:00:00Z,97.55,97.92,95.05,96.415,109542
2021-06-03T04:00:00Z,96.16,97.73,95.42,96.48,58515
2021-06-02T04:00:00Z,95.555,97.54,93.99,96.34,144800
2021-06-01T04:00:00Z,91.47,95.04,91.43,94.835,95857
2021-05-28T04:00:00Z,89.14,89.545,88.25,89.07,67901
2021-05-27T04:00:00Z,89.18,89.47,88.105,89.05,86598
2021-05-26T04:00:00Z,85.5,87.975,85.34,87.76,49185
2021-05-25T04:00:00Z,87.685,88.04,85.15,85.335,38119
2021-05-24T04:00:00Z,87.585,87.85,85.695,87.7,97351
2021-05-21T04:00:00Z,87.525,88.31,86.59,86.63,130120
2021-05-20T04:00:00Z,86.47,86.47,84.54,86.11,142370
2021-05-19T04:00:00Z,85.275,87.02,84.25,86.41,108437
2021-05-18T04:00:00Z,89.77,90.13,87.97,88.38,136001
2021-05-17T04:00:00Z,86.085,89.785,86.06,89.73,105804
2021-05-14T04:00:00Z,83.35,86.765,83.35,86.41,110870
2021-05-13T04:00:00Z,82.895,85.16,80.365,81.685,178462
2021-05-12T04:00:00Z,85.095,87.78,83.89,84.27,77036
2021-05-11T04:00:00Z,82.87,85.42,81.835,84.57,110017
2021-05-10T04:00:00Z,87.87,89.11,85.45,85.49,84689
2021-05-07T04:00:00Z,83.305,86.69,82.91,86.69,72219
2021-05-06T04:00:00Z,84.92,84.95,82.48,84.49,89165
2021-05-05T04:00:00Z,83.49,85.83,82.465,85.07,106999
2021-05-04T04:00:00Z,83.09,83.6,80.815,82.795,90383
2021-05-03T04:00:00Z,81.735,83.15,81.07,82.96,47946
2021-04-30T04:00:00Z,80.77,83.06,80.005,80.18,76117
2021-04-29T04:00:00Z,84.1,85.08,81.435,82.59,105345
2021-04-28T04:00:00Z,80,83.225,80,82.66,98753
2021-04-27T04:00:00Z,78.24,79.48,77.72,79.335,45729
2021-04-26T04:00:00Z,75.53,78.24,75.53,77.77,38872
2021-04-23T04:00:00Z,75.41,76.36,75.03,75.87,39875
2021-04-22T04:00:00Z,75.54,76.1,74.38,74.825,53660
2021-04-21T04:00:00Z,72.53,75.79,72.445,75.52,75747
2021-04-20T04:00:00Z,76.86,76.86,73.05,74.04,174154
2021-04-19T04:00:00Z,78.31,79.29,76.92,77.4,35677
2021-04-16T04:00:00Z,78.79,78.79,77.38,77.55,39940
2021-04-15T04:00:00Z,79.98,79.98,77.92,78.84,56248
2021-04-14T04:00:00Z,78.005,82.005,78.005,80.01,114003
2021-04-13T04:00:00Z,76.76,77.08,76.005,76.805,28782
2021-04-12T04:00:00Z,79.42,80.05,76.51,76.6,45544
2021-04-09T04:00:00Z,79.68,80.605,78.21,78.475,60650
2021-04-08T04:00:00Z,80.67,80.67,78.85,80.115,64541
2021-04-07T04:00:00Z,81.59,82.28,80.84,81.84,58478
2021-04-06T04:00:00Z,82.47,84.07,81.74,81.99,72286
2021-04-05T04:00:00Z,85.03,85.03,80.855,81.45,81196
2021-04-01T04:00:00Z,82.2,85.66,81.995,85.62,126331
2021-03-31T04:00:00Z,80.98,82.09,80.28,81.43,65303
2021-03-30T04:00:00Z,80.02,81.445,79,80.71,36840
2021-03-29T04:00:00Z,82.24,82.95,80,80.82,32964
2021-03-26T04:00:00Z,82.86,83.61,81.44,83.36,80789
2021-03-25T04:00:00Z,77.04,80.97,76.26,80.75,77220
2021-03-24T04:00:00Z,80.695,81.71,79.385,79.46,78449
2021-03-23T04:00:00Z,79.63,81.105,77.77,78.25,107882
2021-03-22T04:00:00Z,82.49,82.9,81.35,82.17,62826
2021-03-19T04:00:00Z,81.895,84.65,80.925,83.82,169126
2021-03-18T04:00:00Z,86.59,86.98,81.19,81.67,92360
2021-03-17T04:00:00Z,87.38,87.935,85.44,87.51,55488
2021-03-16T04:00:00Z,88.19,88.51,86.445,87.07,87319
2021-03-15T04:00:00Z,89.81,90.245,88.4,89.84,49462
2021-03-12T05:00:00Z,90.92,91.83,89.83,90.38,28245
2021-03-11T05:00:00Z,90.095,92.23,89.62,91.175,37430
2021-03-10T05:00:00Z,86.77,89.88,86.23,89.37,90096
2021-03-09T05:00:00Z,88.14,89.41,86.26,86.37,74217
2021-03-08T05:00:00Z,90.935,91.39,87.82,88.63,80918
2021-03-05T05:00:00Z,89.315,90.3,86.15,89.99,99268
2021-03-04T05:00:00Z,84.4,88.24,83.94,86.38,116284
2021-03-03T05:00:00Z,83.26,86,83.26,83.79,62256
2021-03-02T05:00:00Z,82.72,84.25,82.05,82.1,42181
2021-03-01T05:00:00Z,82.56,83.325,81.52,82.865,40541
2021-02-26T05:00:00Z,80.89,82.01,77.82,80.585,37011
2021-02-25T05:00:00Z,85.34,85.44,81.78,82.495,45484
2021-02-24T05:00:00Z,81.97,85.55,81.37,84.89,36898
2021-02-23T05:00:00Z,80.145,82,76.08,81.63,80825
2021-02-22T05:00:00Z,78.09,82,77.98,79.915,100365
2021-02-19T05:00:00Z,76.08,77.8,76.08,77.55,27312
2021-02-18T05:00:00Z,78.21,78.23,75.62,75.65,47284
2021-02-17T05:00:00Z,78.425,79.41,77.39,79.03,33432
2021-02-16T05:00:00Z,77.96,79.1,77.085,78.245,48513
2021-02-12T05:00:00Z,73.39,75.685,73.12,75.61,38017
2021-02-11T05:00:00Z,74.48,74.97,72.05,73.505,20170
2021-02-10T05:00:00Z,73.72,75.25,73.12,74.88,32537
2021-02-09T05:00:00Z,73.56,74.31,73.03,73.21,58718
2021-02-08T05:00:00Z,71.74,74.715,71.57,74.54,54273
2021-02-05T05:00:00Z,70.985,71.12,69.76,70.035,17815
2021-02-04T05:00:00Z,70.03,70.07,68.42,69.79,26803
2021-02-03T05:00:00Z,67.14,69.79,67.015,69.595,51368
2021-02-02T05:00:00Z,67.465,67.95,65.965,65.995,41755
2021-02-01T05:00:00Z,65.745,66.365,64.16,65.625,34598
2021-01-29T05:00:00Z,66.175,67.81,63.95,64.3,58471
2021-01-28T05:00:00Z,67.74,68.59,65.51,66.79,57949
2021-01-27T05:00:00Z,64.22,68.72,64.11,66.82,117753
2021-01-26T05:00:00Z,69.59,69.59,66.09,66.115,34628
2021-01-25T05:00:00Z,67.2,68.375,66.14,67.84,44058
2021-01-22T05:00:00Z,65.84,68.09,65.25,68.03,38096
2021-01-21T05:00:00Z,69.87,70.4,66.545,67.77,73975
2021-01-20T05:00:00Z,71.01,71.09,69.31,70.07,69983
2021-01-19T05:00:00Z,70.54,71.245,69.655,70.52,94654
2021-01-15T05:00:00Z,70.475,70.74,68.36,69.28,183181
2021-01-14T05:00:00Z,70.08,72.45,70.07,71.71,272638
2021-01-13T05:00:00Z,70.49,70.535,68.88,69.365,245721
2021-01-12T05:00:00Z,67.895,70.75,67.76,70.635,197337
2021-01-11T05:00:00Z,63.6,66.985,63.43,66.845,160078
2021-01-08T05:00:00Z,66.98,67.1,65.005,65.53,120137
2021-01-07T05:00:00Z,66.085,67.33,65.28,66.525,91838
2021-01-06T05:00:00Z,63.72,65.775,63.02,65.21,259188
2021-01-05T05:00:00Z,59.74,64.505,59.74,62.82,308703
2021-01-04T05:00:00Z,59.37,60.18,58.035,58.975,129718
2020-12-31T05:00:00Z,58.985,59.26,58.35,58.49,189528
2020-12-30T05:00:00Z,57.37,59.52,57.32,59.33,102004
2020-12-29T05:00:00Z,58.43,58.725,57.08,57.35,117482
2020-12-28T05:00:00Z,59.11,59.68,57.78,57.945,44627
2020-12-24T05:00:00Z,59.82,59.82,58.435,58.97,47267
2020-12-23T05:00:00Z,57.99,60.74,57.99,59.885,120160
2020-12-22T05:00:00Z,58.16,58.63,57.17,57.295,73999
2020-12-21T05:00:00Z,56.425,58.815,55.96,58.33,164760
2020-12-18T05:00:00Z,60.64,60.64,59.045,59.61,119944
2020-12-17T05:00:00Z,60.96,61.03,59.745,60.415,69802
2020-12-16T05:00:00Z,61.44,61.44,60.145,60.435,69831
2020-12-15T05:00:00Z,60.51,61.375,59.45,61.2,114668
2020-12-14T05:00:00Z,63.78,63.93,59.76,59.91,158850
2020-12-11T05:00:00Z,63.345,63.345,61.36,62.455,52367
2020-12-10T05:00:00Z,60.53,64.06,60.44,63.7,108454
2020-12-09T05:00:00Z,60.785,62.015,59.22,60.325,151964
2020-12-08T05:00:00Z,58.335,60.69,58.33,59.885,268342
2020-12-07T05:00:00Z,59.75,60.365,58.56,58.96,146888
2020-12-04T05:00:00Z,57.63,61.035,57.63,61.035,183070
2020-12-03T05:00:00Z,55.865,57.225,55.015,56.27,95164
2020-12-02T05:00:00Z,53.4,56.965,53.325,55.525,230377
2020-12-01T05:00:00Z,55.65,56.08,53.64,53.78,132779
2020-11-30T05:00:00Z,56.99,57.37,53.905,54.025,97877
2020-11-27T05:00:00Z,58.25,58.73,57.3,57.89,84716
2020-11-25T05:00:00Z,58.345,59.445,57.74,58.73,109067
2020-11-24T05:00:00Z,58.84,59.94,58.26,59.595,126173
2020-11-23T05:00:00Z,52.99,56.785,52.98,56.645,116591
2020-11-20T05:00:00Z,52.4,52.82,51.685,52.045,48128
2020-11-19T05:00:00Z,50.56,52.715,50.51,52.585,135145
2020-11-18T05:00:00Z,52.98,53.97,51.355,51.36,98267
2020-11-17T05:00:00Z,50.555,52.5,50.2,52.495,53031
2020-11-16T05:00:00Z,51.09,51.8,49.97,51.59,88531
2020-11-13T05:00:00Z,46.91,49.1,46.91,48.865,115759
2020-11-12T05:00:00Z,47.26,48.355,45.905,46.33,125771
2020-11-11T05:00:00Z,49.235,49.32,47.82,48.255,55260
2020-11-10T05:00:00Z,47.85,48.66,46.62,48.66,98359
2020-11-09T05:00:00Z,44.99,48.1,44.99,47.135,264364
2020-11-06T05:00:00Z,41.785,42.4,40.465,40.565,76559
2020-11-05T05:00:00Z,41.53,42.93,41.52,41.89,32819
2020-11-04T05:00:00Z,41.82,42.63,40.58,41.665,67504
2020-11-03T05:00:00Z,42.78,43.37,41.44,41.785,97029
2020-11-02T05:00:00Z,41.02,42.73,39.85,42.115,87377
2020-10-30T04:00:00Z,40.25,40.69,39.465,40.63,100147
2020-10-29T04:00:00Z,38.78,40.78,38.42,40.665,77460
2020-10-28T04:00:00Z,40.56,40.95,39.635,39.635,102734
2020-10-27T04:00:00Z,42.03,42.565,41.83,42.025,34816
2020-10-26T04:00:00Z,43.97,44,42.13,42.52,110199
2020-10-23T04:00:00Z,45.04,45.47,44.39,44.91,52288
2020-10-22T04:00:00Z,42.64,44.855,42.49,44.74,70239
2020-10-21T04:00:00Z,43.31,43.75,42.52,42.52,79046
2020-10-20T04:00:00Z,42.96,44.12,42.56,43.62,49341
2020-10-19T04:00:00Z,43.84,44.02,42.645,42.645,90920
2020-10-16T04:00:00Z,44.8,44.9,43.52,43.54,126203
2020-10-15T04:00:00Z,43.24,45.055,42.92,45.055,43190
2020-10-14T04:00:00Z,44.105,45.64,44.08,44.08,98262
2020-10-13T04:00:00Z,45.04,45.26,43.85,43.85,31698
2020-10-12T04:00:00Z,44.64,45.165,43.91,44.965,62410
2020-10-09T04:00:00Z,46.07,46.24,44.45,44.825,81743
2020-10-08T04:00:00Z,43.96,45.56,43.73,45.56,72674
2020-10-07T04:00:00Z,42.995,43.785,42.625,43.67,35798
2020-10-06T04:00:00Z,44.47,44.84,42.37,42.46,81440
2020-10-05T04:00:00Z,42.85,43.525,42.1,43.495,65856
2020-10-02T04:00:00Z,39.23,42.04,39.22,41.645,98367
2020-10-01T04:00:00Z,41.34,41.78,40.435,40.695,128308
2020-09-30T04:00:00Z,42.61,43.03,41.825,42.125,168054
2020-09-29T04:00:00Z,43.33,43.335,41.59,42.445,67431
2020-09-28T04:00:00Z,43.34,44.295,42.8,43.685,90743
2020-09-25T04:00:00Z,42.15,42.71,41.79,42.385,60744
2020-09-24T04:00:00Z,42.34,43.93,41.51,42.925,90793
2020-09-23T04:00:00Z,45.05,45.5,42.57,42.57,146542
2020-09-22T04:00:00Z,45.4,46.25,44.86,44.945,57445
2020-09-21T04:00:00Z,45.49,45.82,44.38,45.32,129778
2020-09-18T04:00:00Z,47.41,48.045,46.985,47.52,96733
2020-09-17T04:00:00Z,46.43,47.54,46.12,47.54,93600
2020-09-16T04:00:00Z,45.57,48.34,45.37,47.43,85568
2020-09-15T04:00:00Z,45.67,46.225,45.115,45.235,56127
2020-09-14T04:00:00Z,44.79,45.89,44.47,45.45,59601
2020-09-11T04:00:00Z,44.35,44.93,44.005,44.565,78260
2020-09-10T04:00:00Z,47.06,47.1,44.44,44.44,115777
2020-09-09T04:00:00Z,47.17,47.45,46.405,47.095,73837
2020-09-08T04:00:00Z,48.34,48.42,46.28,46.595,182957
2020-09-04T04:00:00Z,49.9,50.445,48.62,49.44,74583
2020-09-03T04:00:00Z,49.77,50.84,49.23,49.49,103138
2020-09-02T04:00:00Z,51.1,51.1,49.85,49.91,88318
2020-09-01T04:00:00Z,51.23,51.57,50.575,51.26,32962
2020-08-31T04:00:00Z,53.03,53.03,51.385,51.485,31663
2020-08-28T04:00:00Z,52.44,53.19,52.23,53.02,23255
2020-08-27T04:00:00Z,52.36,52.43,51.44,52.325,58367
2020-08-26T04:00:00Z,53.2,53.2,51.79,51.83,41963
2020-08-25T04:00:00Z,53.87,54.15,52.72,53.545,28083
2020-08-24T04:00:00Z,52.21,53.81,51.71,53.33,42961
2020-08-21T04:00:00Z,52.155,52.43,51.395,51.72,85414
2020-08-20T04:00:00Z,53.4,53.73,52.545,52.545,46639
2020-08-19T04:00:00Z,54.58,55.18,54.175,54.35,18450
2020-08-18T04:00:00Z,55.43,55.83,54.585,54.725,20243
2020-08-17T04:00:00Z,55.88,55.905,55.13,55.825,31351
2020-08-14T04:00:00Z,54.4,56.28,54.4,56.195,26484
2020-08-13T04:00:00Z,55.89,56.27,54.685,54.875,41314
2020-08-12T04:00:00Z,56.46,56.54,55.635,56.23,28109
2020-08-11T04:00:00Z,57.45,57.92,55.04,55.2,69224
2020-08-10T04:00:00Z,54.47,56.295,54.42,56.12,122638
2020-08-07T04:00:00Z,52.71,54.305,52.38,54.11,48330
2020-08-06T04:00:00Z,53.51,54.01,53.035,53.185,40358
2020-08-05T04:00:00Z,54.31,54.545,53.23,54.06,37962
2020-08-04T04:00:00Z,51.59,53.27,51.33,52.87,67980
2020-08-03T04:00:00Z,51.305,52.5,51.305,51.935,34584
2020-07-31T04:00:00Z,50.98,51.4,50.28,51.39,42693
2020-07-30T04:00:00Z,51.48,51.88,50.37,51.33,40200
2020-07-29T04:00:00Z,51.02,52.785,50.92,52.775,29979
2020-07-28T04:00:00Z,51.5,52.225,50.97,51.025,27429
2020-07-27T04:00:00Z,52.26,52.73,51.38,51.775,61869
