2024-06-14T04:00:00Z,7.295,7.31,7.16,7.2,69011
2024-06-13T04:00:00Z,7.55,7.62,7.375,7.38,110205
2024-06-12T04:00:00Z,7.635,7.665,7.35,7.475,252630
2024-06-11T04:00:00Z,7.935,7.935,7.49,7.5,284829
2024-06-10T04:00:00Z,8.15,8.16,7.905,7.93,106353
2024-06-07T04:00:00Z,8.26,8.435,8.12,8.15,83173
2024-06-06T04:00:00Z,8.38,8.465,8.235,8.355,179813
2024-06-05T04:00:00Z,8.28,8.495,8.2,8.35,138367
2024-06-04T04:00:00Z,8.13,8.18,8.025,8.11,83413
2024-06-03T04:00:00Z,8.57,8.57,8.03,8.13,94785
2024-05-31T04:00:00Z,8.49,8.49,8.175,8.305,167753
2024-05-30T04:00:00Z,8.205,8.725,8.18,8.66,229452
2024-05-29T04:00:00Z,8.24,8.34,8.15,8.215,219643
2024-05-28T04:00:00Z,8.205,8.475,8.15,8.425,143593
2024-05-24T04:00:00Z,8.145,8.41,8.105,8.195,148024
2024-05-23T04:00:00Z,8.325,8.39,7.92,8.11,432836
2024-05-22T04:00:00Z,8.91,9.01,8.61,8.74,247693
2024-05-21T04:00:00Z,8.585,10.47,8.57,8.765,642704
2024-05-20T04:00:00Z,8.49,8.54,8.145,8.285,163195
2024-05-17T04:00:00Z,8.13,8.445,8.03,8.3,102280
2024-05-16T04:00:00Z,8.02,8.33,7.915,8.275,159606
2024-05-15T04:00:00Z,8.45,8.45,7.88,7.98,194610
2024-05-14T04:00:00Z,8.09,8.29,8.045,8.265,247827
2024-05-13T04:00:00Z,7.98,8.42,7.95,8.095,422768
2024-05-10T04:00:00Z,8.115,8.265,7.68,7.73,405136
2024-05-09T04:00:00Z,8.215,8.33,8.04,8.16,153812
2024-05-08T04:00:00Z,8.015,8.025,7.675,7.9,359232
2024-05-07T04:00:00Z,8.73,8.77,8.405,8.43,155755
2024-05-06T04:00:00Z,8.995,9.14,8.89,9.02,138570
2024-05-03T04:00:00Z,9.11,9.29,8.935,9.065,318506
2024-05-02T04:00:00Z,8.86,9.525,8.585,9.41,506446
2024-05-01T04:00:00Z,8.16,8.28,7.985,8.115,293508
2024-04-30T04:00:00Z,8.05,8.145,7.93,8.125,199917
2024-04-29T04:00:00Z,7.895,8.105,7.84,8.095,203944
2024-04-26T04:00:00Z,7.665,7.96,7.665,7.855,261473
2024-04-25T04:00:00Z,6.985,7.105,6.945,7.095,82930
2024-04-24T04:00:00Z,7.335,7.385,7.04,7.085,154905
2024-04-23T04:00:00Z,7,7.18,6.96,7.18,184830
2024-04-22T04:00:00Z,6.725,7.06,6.56,6.98,204382
2024-04-19T04:00:00Z,6.99,7.105,6.865,6.925,120908
2024-04-18T04:00:00Z,7.36,7.39,7.005,7.17,338259
2024-04-17T04:00:00Z,7.495,7.59,7.21,7.415,217683
2024-04-16T04:00:00Z,7.06,7.26,6.99,7.15,178373
2024-04-15T04:00:00Z,7.465,7.47,7.075,7.2,249920
2024-04-12T04:00:00Z,7.835,7.835,7.455,7.46,354808
2024-04-11T04:00:00Z,8.18,8.29,8.085,8.27,112497
2024-04-10T04:00:00Z,8.04,8.15,7.94,8.15,169115
2024-04-09T04:00:00Z,7.565,8.1,7.555,8.07,331219
2024-04-08T04:00:00Z,7.275,7.42,7.185,7.375,217428
2024-04-05T04:00:00Z,7.325,7.7,7.32,7.385,393509
2024-04-04T04:00:00Z,7.53,7.69,7.42,7.43,277493
2024-04-03T04:00:00Z,7.36,7.45,7.275,7.42,185073
2024-04-02T04:00:00Z,7.5,7.595,7.305,7.58,290975
2024-04-01T04:00:00Z,7.805,7.985,7.65,7.76,274323
2024-03-28T04:00:00Z,8.1,8.135,7.66,7.67,695006
2024-03-27T04:00:00Z,8.13,8.15,7.755,7.815,844264
2024-03-26T04:00:00Z,8.675,8.74,8.51,8.51,189995
2024-03-25T04:00:00Z,8.56,8.795,8.54,8.56,221954
2024-03-22T04:00:00Z,8.755,8.78,8.45,8.525,412935
2024-03-21T04:00:00Z,9.445,9.695,9.24,9.24,346991
2024-03-20T04:00:00Z,9.49,9.6,9.14,9.52,1047282
2024-03-19T04:00:00Z,10.14,10.52,9.27,9.89,535503
2024-03-18T04:00:00Z,10.31,10.42,9.78,9.825,564154
2024-03-15T04:00:00Z,9.63,9.815,9.57,9.64,182855
2024-03-14T04:00:00Z,9.76,9.86,9.29,9.39,255412
2024-03-13T04:00:00Z,10.155,10.41,9.98,10,175242
2024-03-12T04:00:00Z,10.405,10.625,10.105,10.32,228581
2024-03-11T04:00:00Z,9.945,10.245,9.945,10.055,258251
2024-03-08T05:00:00Z,9.51,9.69,9.44,9.54,214036
2024-03-07T05:00:00Z,9.23,9.46,9.04,9.445,246082
2024-03-06T05:00:00Z,9.77,9.86,9.385,9.59,233722
2024-03-05T05:00:00Z,8.93,9.4,8.93,9.15,239115
2024-03-04T05:00:00Z,9.39,9.435,9.04,9.14,286772
2024-03-01T05:00:00Z,9.4,10.14,9.4,9.95,553407
2024-02-29T05:00:00Z,9.235,9.685,9.23,9.43,339540
2024-02-28T05:00:00Z,8.925,8.96,8.65,8.72,246334
2024-02-27T05:00:00Z,9.44,9.59,9.27,9.38,177492
2024-02-26T05:00:00Z,9.07,9.4,9.055,9.23,388838
2024-02-23T05:00:00Z,8.915,9.02,8.575,8.61,325200
2024-02-22T05:00:00Z,9.14,9.235,8.945,9.13,236713
2024-02-21T05:00:00Z,9.12,9.395,9.06,9.08,473414
2024-02-20T05:00:00Z,9.025,9.25,8.85,9.005,334404
2024-02-16T05:00:00Z,9.6,9.745,9.415,9.52,272195
2024-02-15T05:00:00Z,9.115,9.315,9.06,9.16,202080
2024-02-14T05:00:00Z,8.99,9.135,8.82,8.99,231256
2024-02-13T05:00:00Z,8.54,8.65,8.43,8.53,196236
2024-02-12T05:00:00Z,8.59,9.13,8.59,8.815,273174
2024-02-09T05:00:00Z,8.31,8.515,8.285,8.49,113814
2024-02-08T05:00:00Z,8.37,8.5,8.235,8.425,209884
2024-02-07T05:00:00Z,8.375,8.57,8.28,8.425,279617
2024-02-06T05:00:00Z,8.575,8.825,8.34,8.795,425872
2024-02-05T05:00:00Z,7.99,8,7.8,7.87,246235
2024-02-02T05:00:00Z,8.24,8.24,8.02,8.19,274117
2024-02-01T05:00:00Z,8.545,8.72,8.33,8.475,293740
2024-01-31T05:00:00Z,8.4,8.635,8.23,8.335,257845
2024-01-30T05:00:00Z,8.745,8.775,8.57,8.65,221826
2024-01-29T05:00:00Z,8.865,8.92,8.485,8.915,374981
2024-01-26T05:00:00Z,9,9.14,8.895,8.975,284531
2024-01-25T05:00:00Z,9.13,9.23,8.925,9.06,389467
2024-01-24T05:00:00Z,9.94,10.075,9.16,9.19,487380
2024-01-23T05:00:00Z,9.86,10.435,9.51,9.735,469151
2024-01-22T05:00:00Z,8.92,9.53,8.87,9.335,794466
2024-01-19T05:00:00Z,9.52,9.695,9.27,9.64,533647
2024-01-18T05:00:00Z,10.115,10.3,9.7,9.86,500996
2024-01-17T05:00:00Z,9.805,10.345,9.73,10.095,468508
2024-01-16T05:00:00Z,10.98,11.01,10.535,10.615,509506
2024-01-12T05:00:00Z,11.97,12.175,11.72,11.765,268095
2024-01-11T05:00:00Z,12.76,12.76,12.11,12.245,222776
2024-01-10T05:00:00Z,12.42,12.55,12.26,12.4,350982
2024-01-09T05:00:00Z,12.52,12.73,12.475,12.6,229317
2024-01-08T05:00:00Z,12.405,12.81,12.29,12.7,286463
2024-01-05T05:00:00Z,13.59,13.62,13.035,13.1,223190
2024-01-04T05:00:00Z,13.99,14.06,13.77,13.8,162826
2024-01-03T05:00:00Z,13.785,14.3,13.76,14.235,174724
2024-01-02T05:00:00Z,14.28,14.43,13.85,14.03,262324
2023-12-29T05:00:00Z,14.515,14.945,14.515,14.575,278926
2023-12-28T05:00:00Z,14.025,14.81,14.015,14.26,288152
2023-12-27T05:00:00Z,13.915,14.025,13.565,13.645,171815
2023-12-26T05:00:00Z,14.14,14.4,14,14.035,155658
2023-12-22T05:00:00Z,13.69,14.07,13.69,13.825,159999
2023-12-21T05:00:00Z,14.11,14.29,13.935,14.185,180733
2023-12-20T05:00:00Z,14.38,14.51,13.97,13.975,201923
2023-12-19T05:00:00Z,14.815,14.9,14.6,14.8,241109
2023-12-18T05:00:00Z,14.48,14.56,14.165,14.325,326659
2023-12-15T05:00:00Z,14.84,14.925,14.3,14.475,1144977
2023-12-14T05:00:00Z,15.175,16.26,15.08,15.65,183493
2023-12-13T05:00:00Z,14.99,15.385,14.62,15.38,243283
2023-12-12T05:00:00Z,15.81,15.82,15.255,15.55,120430
2023-12-11T05:00:00Z,15.48,15.98,15.43,15.91,291911
2023-12-08T05:00:00Z,15.41,15.56,14.935,15.15,346637
2023-12-07T05:00:00Z,16.42,16.42,15.97,16.015,135451
2023-12-06T05:00:00Z,16.57,16.975,16.47,16.675,196458
2023-12-05T05:00:00Z,16.13,16.46,15.96,16.175,146699
2023-12-04T05:00:00Z,15.6,16.195,15.49,16.035,355187
2023-12-01T05:00:00Z,16.16,16.16,15.57,15.75,434789
2023-11-30T05:00:00Z,17.14,17.14,16.495,16.6,275811
2023-11-29T05:00:00Z,17.46,17.82,17.115,17.17,201855
2023-11-28T05:00:00Z,17.975,17.99,17.51,17.88,95007
2023-11-27T05:00:00Z,18.17,18.17,17.72,17.725,133268
2023-11-24T05:00:00Z,18.31,18.73,17.9,18.49,171853
2023-11-22T05:00:00Z,17.59,17.63,17.26,17.4,94580
2023-11-21T05:00:00Z,17.94,18.19,17.365,17.4,145910
2023-11-20T05:00:00Z,17.54,18.485,17.54,18.23,325789
2023-11-17T05:00:00Z,16.785,17,16.585,16.77,262467
2023-11-16T05:00:00Z,16.81,16.88,16.045,16.235,268902
2023-11-15T05:00:00Z,16.71,17.72,16.12,17.395,416891
2023-11-14T05:00:00Z,16.59,17.075,16.2,17.005,428250
2023-11-13T05:00:00Z,15.69,15.86,15.5,15.66,151290
2023-11-10T05:00:00Z,15.65,15.72,15.14,15.25,288063
2023-11-09T05:00:00Z,16.335,16.46,15.82,15.885,184093
2023-11-08T05:00:00Z,16.265,16.33,15.965,16.12,191808
2023-11-07T05:00:00Z,17.11,17.165,16.575,17.15,284777
2023-11-06T05:00:00Z,17.76,17.895,17.145,17.435,348068
2023-11-03T04:00:00Z,16.7,17.445,16.44,17.15,300782
2023-11-02T04:00:00Z,16.23,16.95,15.94,16.53,378053
2023-11-01T04:00:00Z,14.84,15.605,14.65,15.505,259513
2023-10-31T04:00:00Z,14.67,14.77,14.235,14.475,205702
2023-10-30T04:00:00Z,15.19,15.26,14.71,14.895,142290
2023-10-27T04:00:00Z,15.21,15.45,14.55,14.705,172249
2023-10-26T04:00:00Z,14.57,14.83,14.365,14.58,156602
2023-10-25T04:00:00Z,14.89,14.9,14.085,14.115,318493
2023-10-24T04:00:00Z,14.36,15.385,14.36,15.355,487570
2023-10-23T04:00:00Z,13.34,14.07,13.24,13.91,115315
2023-10-20T04:00:00Z,13.42,13.84,13.375,13.415,237538
2023-10-19T04:00:00Z,13.38,13.84,13.38,13.645,299013
2023-10-18T04:00:00Z,14.99,15,13.475,13.82,557729
2023-10-17T04:00:00Z,15.16,15.665,15.16,15.38,164076
2023-10-16T04:00:00Z,15.77,15.81,14.985,15.345,275506
2023-10-13T04:00:00Z,16.3,16.62,15.93,16.135,144631
2023-10-12T04:00:00Z,16.97,17.015,15.91,16.305,177687
2023-10-11T04:00:00Z,17.17,17.675,17.01,17.015,405902
2023-10-10T04:00:00Z,16.52,16.99,16.405,16.94,212386
2023-10-09T04:00:00Z,17.25,17.25,15.9,16.285,585997
2023-10-06T04:00:00Z,17.675,18.17,17.355,18.16,246028
2023-10-05T04:00:00Z,17.855,18.01,17.56,17.955,164800
2023-10-04T04:00:00Z,17.32,18.005,17.32,17.99,236403
2023-10-03T04:00:00Z,17.6,17.77,17.245,17.435,259211
2023-10-02T04:00:00Z,18.285,18.5,17.915,18.13,284231
2023-09-29T04:00:00Z,18.005,18.45,17.83,18.36,414753
2023-09-28T04:00:00Z,16.49,17.41,16.49,17.225,237683
2023-09-27T04:00:00Z,16.34,16.675,16.095,16.675,182118
2023-09-26T04:00:00Z,16.31,16.795,16.215,16.23,115142
2023-09-25T04:00:00Z,16.53,16.79,16.26,16.69,377165
2023-09-22T04:00:00Z,16.96,16.98,16.375,16.445,188026
2023-09-21T04:00:00Z,15.705,16.17,15.39,15.875,312037
2023-09-20T04:00:00Z,17.44,17.83,16.25,16.35,269609
2023-09-19T04:00:00Z,18.4,18.58,17.065,17.495,271922
2023-09-18T04:00:00Z,18.105,18.555,18.07,18.46,68976
2023-09-15T04:00:00Z,18.47,18.675,18.015,18.325,101693
2023-09-14T04:00:00Z,18.16,18.51,18.095,18.34,82981
2023-09-13T04:00:00Z,18.02,18.37,17.965,18.06,142629
2023-09-12T04:00:00Z,18.27,18.95,18.27,18.65,116624
2023-09-11T04:00:00Z,18.22,18.61,17.96,18.47,164749
2023-09-08T04:00:00Z,17.51,17.63,17.22,17.35,86758
2023-09-07T04:00:00Z,18.07,18.09,17.31,17.465,164565
2023-09-06T04:00:00Z,18.91,19.23,18.54,18.955,141418
2023-09-05T04:00:00Z,18.68,19.8,18.65,18.76,190431
2023-09-01T04:00:00Z,18.35,19.945,18.12,18.72,449105
2023-08-31T04:00:00Z,18.635,18.78,17.755,17.785,348929
2023-08-30T04:00:00Z,18.615,18.98,18.23,18.88,392194
2023-08-29T04:00:00Z,18.3,19.21,17.48,19.155,559146
2023-08-28T04:00:00Z,18.4,18.69,17.58,18.46,410925
2023-08-25T04:00:00Z,16.68,17.57,16.4,17.525,273156
2023-08-24T04:00:00Z,16.77,16.89,16.03,16.2,168435
2023-08-23T04:00:00Z,15.65,16.25,15.65,16.055,252369
2023-08-22T04:00:00Z,16.8,16.855,15.46,15.95,496089
2023-08-21T04:00:00Z,15.9,17,15.625,16.425,361764
2023-08-18T04:00:00Z,14.54,15.08,14.23,14.97,414337
2023-08-17T04:00:00Z,16.51,16.64,15.59,15.64,307917
2023-08-16T04:00:00Z,15.405,16.12,15.34,15.58,194392
2023-08-15T04:00:00Z,16.42,16.585,15.575,16.13,515596
2023-08-14T04:00:00Z,15.77,16.385,15.67,16.245,288225
2023-08-11T04:00:00Z,16.11,16.36,15.9,16.29,212627
2023-08-10T04:00:00Z,17.265,17.64,16.65,16.78,196711
2023-08-09T04:00:00Z,17.54,17.625,16.525,16.94,276690
2023-08-08T04:00:00Z,17.86,18.29,17.67,17.72,344985
2023-08-07T04:00:00Z,18.95,18.95,18.04,18.7,184287
2023-08-04T04:00:00Z,19.05,19.175,18.02,18.32,568117
2023-08-03T04:00:00Z,19.41,19.95,19.11,19.57,226975
2023-08-02T04:00:00Z,18.49,19.27,18.49,18.83,436681
2023-08-01T04:00:00Z,20.165,20.655,19.78,20.045,326844
2023-07-31T04:00:00Z,20.655,21.41,19.905,20.93,901226
2023-07-28T04:00:00Z,21.56,23.57,21.47,23.4,617321
2023-07-27T04:00:00Z,20.78,21.04,19.525,20.215,688754
2023-07-26T04:00:00Z,17.625,21.79,17.585,19.465,2150244
2023-07-25T04:00:00Z,16.55,16.88,15.36,15.36,295490
2023-07-24T04:00:00Z,14.97,16.375,14.8,16.015,417838
2023-07-21T04:00:00Z,14.95,15.125,14.445,14.56,189173
2023-07-20T04:00:00Z,14.61,15.045,14.49,15.04,131386
2023-07-19T04:00:00Z,14.72,15.53,14.72,14.975,258878
2023-07-18T04:00:00Z,14.56,14.66,14,14.34,305838
2023-07-17T04:00:00Z,13.595,14.16,13.59,14.08,135153
2023-07-14T04:00:00Z,14.23,14.425,13.83,14.015,220574
2023-07-13T04:00:00Z,15.04,15.04,13.92,14.05,451255
2023-07-12T04:00:00Z,15.46,15.525,14.845,15.15,283516
2023-07-11T04:00:00Z,14.885,15.16,14.525,14.97,329914
2023-07-10T04:00:00Z,13.81,14.31,13.6,14.16,255467
2023-07-07T04:00:00Z,14.01,14.495,13.84,14.17,213100
2023-07-06T04:00:00Z,14.61,14.675,14.13,14.14,279807
2023-07-05T04:00:00Z,13.91,15.22,13.82,14.8,563243
2023-07-03T04:00:00Z,14.405,14.85,13.56,13.99,508299
2023-06-30T04:00:00Z,12.725,13.52,12.5,13.43,690961
2023-06-29T04:00:00Z,11.77,11.97,11.4,11.795,252790
2023-06-28T04:00:00Z,11.4,11.925,11.19,11.795,296848
2023-06-27T04:00:00Z,10.35,11,10.345,10.985,242891
2023-06-26T04:00:00Z,10.24,10.48,10.095,10.18,213576
2023-06-23T04:00:00Z,9.89,10.05,9.65,9.905,225593
2023-06-22T04:00:00Z,10.53,10.56,10.28,10.55,145312
2023-06-21T04:00:00Z,11.1,11.31,10.56,10.63,222591
2023-06-20T04:00:00Z,10.83,10.91,10.62,10.875,223098
2023-06-16T04:00:00Z,11.79,11.87,11.28,11.36,338175
2023-06-15T04:00:00Z,11.11,11.94,11.06,11.595,363935
2023-06-14T04:00:00Z,10.62,10.925,10.545,10.81,436020
2023-06-13T04:00:00Z,10.21,10.34,9.935,10.31,418589
2023-06-12T04:00:00Z,9.645,10.35,9.64,9.86,667128
2023-06-09T04:00:00Z,8.82,9.355,8.81,8.87,453854
2023-06-08T04:00:00Z,8.53,8.6,8.345,8.48,134561
2023-06-07T04:00:00Z,8.53,8.645,8.32,8.38,249272
2023-06-06T04:00:00Z,8.35,8.67,8.25,8.64,492012
2023-06-05T04:00:00Z,8.54,8.64,8.43,8.465,172393
2023-06-02T04:00:00Z,8.47,8.74,8.4,8.45,598669
2023-06-01T04:00:00Z,7.74,8.2,7.505,8.02,444401
2023-05-31T04:00:00Z,8.03,8.03,7.69,7.88,264084
2023-05-30T04:00:00Z,8.03,8.25,7.81,7.875,488909
2023-05-26T04:00:00Z,8.11,8.26,7.8,8.205,173711
2023-05-25T04:00:00Z,8.125,8.125,7.86,8,336153
2023-05-24T04:00:00Z,8.19,8.77,8,8.645,513076
2023-05-23T04:00:00Z,9.2,9.3,9.08,9.115,168503
2023-05-22T04:00:00Z,9.27,9.62,9.205,9.415,166394
2023-05-19T04:00:00Z,8.97,9.25,8.97,9.02,402362
2023-05-18T04:00:00Z,9.41,9.445,9.06,9.12,223909
2023-05-17T04:00:00Z,9.34,9.645,9.285,9.57,246274
2023-05-16T04:00:00Z,9.59,9.62,9.37,9.525,220883
2023-05-15T04:00:00Z,9.785,9.825,9.51,9.795,144659
2023-05-12T04:00:00Z,10.1,10.14,9.6,9.825,363886
2023-05-11T04:00:00Z,10.24,10.76,10.24,10.75,241605
2023-05-10T04:00:00Z,10.16,10.415,10,10.295,168515
2023-05-09T04:00:00Z,9.95,10.56,9.885,10.095,428553
2023-05-08T04:00:00Z,10.68,10.795,10.39,10.555,156786
2023-05-05T04:00:00Z,10.235,10.61,10.235,10.41,223192
2023-05-04T04:00:00Z,9.81,10.31,9.69,10.15,535989
2023-05-03T04:00:00Z,9.6,9.87,9.58,9.68,213540
2023-05-02T04:00:00Z,9.75,9.89,9.595,9.745,275138
2023-05-01T04:00:00Z,9.36,9.94,9.275,9.905,299538
2023-04-28T04:00:00Z,9.48,9.63,9.4,9.495,218142
2023-04-27T04:00:00Z,9.3,9.74,9.28,9.725,355030
2023-04-26T04:00:00Z,9.275,9.51,8.995,9.18,193031
2023-04-25T04:00:00Z,9.195,9.245,8.63,8.83,242750
2023-04-24T04:00:00Z,9.205,9.355,9.185,9.29,516932
2023-04-21T04:00:00Z,9.2,9.33,9.03,9.245,249431
2023-04-20T04:00:00Z,9.605,9.62,9.145,9.325,260706
2023-04-19T04:00:00Z,10.48,10.49,9.815,9.865,291018
2023-04-18T04:00:00Z,11.12,11.55,11.12,11.25,290926
2023-04-17T04:00:00Z,11.03,11.43,10.94,11.43,248254
2023-04-14T04:00:00Z,9.76,10.19,9.76,9.93,197130
2023-04-13T04:00:00Z,10.1,10.165,9.78,9.985,143493
2023-04-12T04:00:00Z,10.38,10.45,9.905,9.925,317598
2023-04-11T04:00:00Z,10.505,10.765,10.41,10.49,261635
2023-04-10T04:00:00Z,10.03,10.305,10.025,10.29,107085
2023-04-06T04:00:00Z,10.18,10.385,10.13,10.24,162211
2023-04-05T04:00:00Z,9.99,10.15,9.82,10.045,157535
2023-04-04T04:00:00Z,10.5,10.705,10.12,10.18,155559
2023-04-03T04:00:00Z,11.41,11.55,10.78,11.01,224576
2023-03-31T04:00:00Z,11.19,11.515,11.1,11.11,187496
2023-03-30T04:00:00Z,11.41,11.68,11.26,11.39,297088
2023-03-29T04:00:00Z,10.57,11.49,10.56,11.17,439733
2023-03-28T04:00:00Z,10.24,10.31,10.05,10.25,364857
2023-03-27T04:00:00Z,9.555,9.865,9.505,9.7,146921
2023-03-24T04:00:00Z,9.69,9.785,9.47,9.63,172436
2023-03-23T04:00:00Z,10.05,10.385,9.74,9.91,245373
2023-03-22T04:00:00Z,9.995,10.08,9.71,9.71,151057
2023-03-21T04:00:00Z,9.48,10.2,9.48,9.9,373997
2023-03-20T04:00:00Z,8.35,9.365,8.35,9.145,459493
2023-03-17T04:00:00Z,8.565,9.48,8.55,8.81,624176
2023-03-16T04:00:00Z,7.98,8.43,7.975,8.34,437280
2023-03-15T04:00:00Z,7.72,8.155,7.69,8.11,407202
2023-03-14T04:00:00Z,7.98,8.155,7.865,7.925,252615
2023-03-13T04:00:00Z,8.1,8.3,7.855,8.26,416829
2023-03-10T05:00:00Z,8.2,8.37,8.03,8.18,277076
2023-03-09T05:00:00Z,8.33,8.435,8.115,8.295,424433
2023-03-08T05:00:00Z,8.5,8.57,8.27,8.445,289135
2023-03-07T05:00:00Z,9.04,9.04,8.55,8.635,313869
2023-03-06T05:00:00Z,9.62,9.62,9.285,9.375,250041
2023-03-03T05:00:00Z,9.4,9.705,9.32,9.6,148281
2023-03-02T05:00:00Z,8.95,9.385,8.78,9.33,283011
2023-03-01T05:00:00Z,9.2,9.24,8.765,8.855,267324
2023-02-28T05:00:00Z,8.75,9.18,8.72,8.935,259211
2023-02-27T05:00:00Z,8.84,8.9,8.445,8.605,315676
2023-02-24T05:00:00Z,8.74,8.74,8.22,8.395,395094
2023-02-23T05:00:00Z,9.22,9.22,8.74,9.055,157518
2023-02-22T05:00:00Z,9.23,9.29,9.035,9.215,109735
2023-02-21T05:00:00Z,9.49,9.64,9.2,9.22,216519
2023-02-17T05:00:00Z,9.48,9.695,9.35,9.52,180523
2023-02-16T05:00:00Z,9.405,9.84,9.4,9.7,299122
2023-02-15T05:00:00Z,9.15,9.45,9.1,9.435,217503
2023-02-14T05:00:00Z,9.23,9.505,9.09,9.43,155709
2023-02-13T05:00:00Z,9.65,9.74,9.37,9.455,208839
2023-02-10T05:00:00Z,9.41,9.55,9.11,9.295,234387
2023-02-09T05:00:00Z,10.23,10.39,9.56,9.73,409543
2023-02-08T05:00:00Z,10.11,10.175,9.755,9.84,228106
2023-02-07T05:00:00Z,10.44,10.44,10.03,10.33,177915
2023-02-06T05:00:00Z,10.21,10.485,10.11,10.44,119386
2023-02-03T05:00:00Z,10.76,11.25,10.43,10.48,173683
2023-02-02T05:00:00Z,11.24,11.54,10.91,11.05,175962
2023-02-01T05:00:00Z,10.965,11.285,10.62,11.14,279927
2023-01-31T05:00:00Z,10.175,10.81,10.09,10.635,371781
2023-01-30T05:00:00Z,10.37,10.42,9.87,10.025,412721
2023-01-27T05:00:00Z,10.17,11.3,10.065,10.71,310324
2023-01-26T05:00:00Z,10.39,10.43,9.98,10.24,223791
2023-01-25T05:00:00Z,9.53,9.845,9.395,9.77,143140
2023-01-24T05:00:00Z,9.99,10.34,9.68,9.695,173208
2023-01-23T05:00:00Z,9.765,10.65,9.695,10.11,388565
2023-01-20T05:00:00Z,9.21,9.875,9.035,9.405,1011807
2023-01-19T05:00:00Z,9.13,9.31,8.86,8.95,282954
2023-01-18T05:00:00Z,9.5,9.61,9.065,9.12,295708
2023-01-17T05:00:00Z,9.52,9.58,9.13,9.36,554071
2023-01-13T05:00:00Z,9.68,10.04,9.64,9.99,275020
2023-01-12T05:00:00Z,9.8,10.16,9.55,10.11,482355
2023-01-11T05:00:00Z,9.975,10.02,9.545,10.005,363955
2023-01-10T05:00:00Z,10.35,10.395,9.85,10.1,284222
2023-01-09T05:00:00Z,10.3,10.46,9.9,9.905,510131
2023-01-06T05:00:00Z,10.56,10.57,9.85,10.1,913269
2023-01-05T05:00:00Z,11.145,12.08,11.07,11.88,385640
2023-01-04T05:00:00Z,10.575,11.95,10.32,11.57,625521
2023-01-03T05:00:00Z,10.62,10.97,9.74,10.19,937335
2022-12-30T05:00:00Z,9.73,10.07,9.675,9.955,200565
2022-12-29T05:00:00Z,9.72,10.05,9.62,9.88,296936
2022-12-28T05:00:00Z,9.66,9.92,9.25,9.415,244344
2022-12-27T05:00:00Z,9.88,9.93,9.46,9.82,465169
2022-12-23T05:00:00Z,10.695,10.74,10,10.07,167463
2022-12-22T05:00:00Z,11.21,11.23,10.295,10.85,286791
2022-12-21T05:00:00Z,10.02,11.325,9.97,11.285,467064
2022-12-20T05:00:00Z,9.25,10.29,9.24,10.21,363940
2022-12-19T05:00:00Z,10.3,10.3,9.365,9.67,547074
2022-12-16T05:00:00Z,10.49,11.14,10.31,10.31,294530
2022-12-15T05:00:00Z,10.67,10.83,10.045,10.16,876181
2022-12-14T05:00:00Z,10.245,10.41,9.93,10.195,295338
2022-12-13T05:00:00Z,11.04,11.385,10.12,10.32,376002
2022-12-12T05:00:00Z,10.27,10.55,10.05,10.48,281085
2022-12-09T05:00:00Z,11.43,11.48,10.935,10.94,345061
2022-12-08T05:00:00Z,11.715,12.04,11.085,11.83,868016
2022-12-07T05:00:00Z,11.02,11.06,10.36,10.995,679393
2022-12-06T05:00:00Z,11.535,12.34,11.29,11.715,746620
2022-12-05T05:00:00Z,12.935,13.1,10.88,11.325,1180099
2022-12-02T05:00:00Z,10.2,12.87,10.2,11.445,1546169
2022-12-01T05:00:00Z,10.02,10.215,9.675,9.97,781557
2022-11-30T05:00:00Z,8.54,10.95,8.54,10.83,3835265
2022-11-29T05:00:00Z,7.275,7.615,7.2,7.35,712572
2022-11-28T05:00:00Z,6.95,7.31,6.88,6.91,379166
2022-11-25T05:00:00Z,7,7.08,6.82,7.075,301710
2022-11-23T05:00:00Z,7.185,7.49,7.17,7.325,504048
2022-11-22T05:00:00Z,7.08,7.17,6.93,7.035,448413
2022-11-21T05:00:00Z,7.485,7.51,7.105,7.325,762661
2022-11-18T05:00:00Z,7.89,8.21,7.625,7.755,657514
2022-11-17T05:00:00Z,7.995,8.04,7.535,8.005,1136933
2022-11-16T05:00:00Z,8.63,8.79,7.835,8.025,802723
2022-11-15T05:00:00Z,9.4,9.55,8.76,9.01,937563
2022-11-14T05:00:00Z,9.06,9.155,8.25,8.64,1201003
2022-11-11T05:00:00Z,7.42,8.595,7.2,8.475,1834513
2022-11-10T05:00:00Z,7.49,7.49,6.95,7.035,1196991
2022-11-09T05:00:00Z,7.24,7.3,6.635,6.665,532702
2022-11-08T05:00:00Z,7.66,7.96,7.38,7.82,459845
2022-11-07T05:00:00Z,8.385,8.86,7.72,7.915,1139326
2022-11-04T04:00:00Z,8.06,8.24,7.655,7.895,1737147
2022-11-03T04:00:00Z,6.42,6.99,6.4,6.855,485423
2022-11-02T04:00:00Z,6.5,6.96,6.2,6.605,809988
2022-11-01T04:00:00Z,6.95,6.95,6.33,6.425,1077073
2022-10-31T04:00:00Z,6.535,6.85,6.47,6.63,699746
2022-10-28T04:00:00Z,6.67,6.89,6.5,6.885,668803
2022-10-27T04:00:00Z,7.825,7.875,7.28,7.35,876669
2022-10-26T04:00:00Z,7.87,8.52,7.87,8.18,678076
2022-10-25T04:00:00Z,7.37,7.99,7.305,7.935,1044443
2022-10-24T04:00:00Z,7.27,7.27,6.25,7.155,1380720
2022-10-21T04:00:00Z,7.77,8.21,7.62,8.12,412718
2022-10-20T04:00:00Z,7.76,8.23,7.76,7.94,821797
2022-10-19T04:00:00Z,8.05,8.115,7.515,7.665,707022
2022-10-18T04:00:00Z,9.125,9.23,8.51,8.625,597884
2022-10-17T04:00:00Z,8.73,8.83,8.46,8.615,308615
2022-10-14T04:00:00Z,9.2,9.3,8.15,8.375,844332
2022-10-13T04:00:00Z,8.8,9.295,8.515,9.125,536730
2022-10-12T04:00:00Z,9.63,10.18,9.37,9.555,332150
2022-10-11T04:00:00Z,9.46,10.05,9.19,9.395,726193
2022-10-10T04:00:00Z,9.65,9.72,9.355,9.545,415878
2022-10-07T04:00:00Z,10.255,10.405,9.87,9.895,417631
2022-10-06T04:00:00Z,11.03,11.17,10.4,10.55,351877
2022-10-05T04:00:00Z,11.4,11.5,10.675,10.985,704867
2022-10-04T04:00:00Z,12.15,12.355,11.825,11.965,463508
2022-10-03T04:00:00Z,11.905,11.93,11.42,11.735,457383
2022-09-30T04:00:00Z,11.36,12.28,11.33,11.945,389566
2022-09-29T04:00:00Z,12.57,12.85,11.855,12.11,754530
2022-09-28T04:00:00Z,13.17,13.42,12.69,13.325,555554
2022-09-27T04:00:00Z,14.56,14.78,13.58,13.675,355065
2022-09-26T04:00:00Z,14.24,14.83,14.08,14.37,433108
2022-09-23T04:00:00Z,13.105,13.89,12.86,13.73,639641
2022-09-22T04:00:00Z,13.705,14.6,13.4,13.735,377399
2022-09-21T04:00:00Z,15.48,15.48,13.92,14.09,869367
2022-09-20T04:00:00Z,15.76,16.425,15.44,15.925,267688
2022-09-19T04:00:00Z,14.29,15.72,14.29,15.625,268203
2022-09-16T04:00:00Z,15.15,15.3,14.51,14.56,428627
2022-09-15T04:00:00Z,15.64,16.19,15.43,15.52,232058
2022-09-14T04:00:00Z,15.88,16.23,15.47,16.025,290762
2022-09-13T04:00:00Z,15.76,16.55,15.68,16.14,429618
2022-09-12T04:00:00Z,16.515,16.525,15.99,16.34,530065
2022-09-09T04:00:00Z,16.21,16.54,16.02,16.045,281257
2022-09-08T04:00:00Z,15.54,15.675,15.1,15.61,253513
2022-09-07T04:00:00Z,15.72,16.51,15.635,16,267394
2022-09-06T04:00:00Z,16.35,16.565,15.73,15.91,473208
2022-09-02T04:00:00Z,16.975,17.125,16.615,16.755,288974
2022-09-01T04:00:00Z,18,18.02,16.915,17.35,403701
2022-08-31T04:00:00Z,18.76,19.11,18.105,18.53,216976
2022-08-30T04:00:00Z,18.385,18.6,17.96,18.26,338359
2022-08-29T04:00:00Z,18.7,19.18,18.34,18.525,149331
2022-08-26T04:00:00Z,20.26,20.36,18.595,18.93,252789
2022-08-25T04:00:00Z,19.36,19.915,18.6,19.435,333926
2022-08-24T04:00:00Z,18.52,19.905,18.52,19.085,270532
2022-08-23T04:00:00Z,19.81,19.83,18.185,18.725,782504
2022-08-22T04:00:00Z,21.38,21.62,20.945,21.02,234403
2022-08-19T04:00:00Z,21.72,21.72,21.12,21.24,141639
2022-08-18T04:00:00Z,22.055,22.215,21.67,22.02,251015
2022-08-17T04:00:00Z,22.69,23.06,22.305,22.39,124441
2022-08-16T04:00:00Z,23.06,23.06,22.22,22.925,208209
2022-08-15T04:00:00Z,23.375,23.6,22.64,23.48,324250
2022-08-12T04:00:00Z,23.65,24.47,23.4,24.41,132829
2022-08-11T04:00:00Z,23.6,25.9,23.21,24.63,376693
2022-08-10T04:00:00Z,22.96,22.96,22.06,22.895,143152
2022-08-09T04:00:00Z,23.215,23.695,22.14,22.685,233887
2022-08-08T04:00:00Z,23.45,23.81,23.03,23.06,145416
2022-08-05T04:00:00Z,23.58,23.865,22.98,23.32,122866
2022-08-04T04:00:00Z,23.15,24.66,23.15,24.075,209497
2022-08-03T04:00:00Z,23.635,23.635,22.035,22.98,479212
2022-08-02T04:00:00Z,23.59,25.26,23.09,24.14,650938
2022-08-01T04:00:00Z,25.01,25.165,24.115,24.465,289283
2022-07-29T04:00:00Z,23.46,24.575,23.27,24.43,142008
2022-07-28T04:00:00Z,24.49,24.91,23.68,24.255,181595
2022-07-27T04:00:00Z,24.56,24.955,23.9,24.905,144267
2022-07-26T04:00:00Z,25.05,25.555,24.035,24.395,210746
2022-07-25T04:00:00Z,24.455,24.82,24.03,24.485,162796
2022-07-22T04:00:00Z,26.35,26.45,24.365,24.92,542771
2022-07-21T04:00:00Z,26.52,27.21,26.33,26.9,155810
2022-07-20T04:00:00Z,26.61,27.4,26.465,26.745,139539
2022-07-19T04:00:00Z,27.83,27.97,26.435,27.14,263727
2022-07-18T04:00:00Z,29.02,29.33,28.085,28.21,475354
2022-07-15T04:00:00Z,29.45,29.625,28.6,29.545,175378
2022-07-14T04:00:00Z,29.94,30.44,29.205,29.96,218882
2022-07-13T04:00:00Z,28.55,30.11,28.2,29.775,146139
2022-07-12T04:00:00Z,28.91,29.655,28.51,29.21,93674
2022-07-11T04:00:00Z,30.715,30.86,29.1,29.27,182806
2022-07-08T04:00:00Z,31.68,32.74,31.345,32.115,153030
2022-07-07T04:00:00Z,32.03,33.55,31.81,32.46,263424
2022-07-06T04:00:00Z,31.68,31.92,30.15,30.75,175598
2022-07-05T04:00:00Z,30.05,32.22,29.62,32.15,271327
2022-07-01T04:00:00Z,32.89,33.01,29.58,30.28,332046
2022-06-30T04:00:00Z,31.91,32.4,30.43,31.76,332178
2022-06-29T04:00:00Z,30.9,32.6,30.83,32.12,331999
2022-06-28T04:00:00Z,33.54,34.18,32.3,32.705,502339
2022-06-27T04:00:00Z,34.07,34.89,33.83,34.4,301556
2022-06-24T04:00:00Z,34.72,35.345,33.84,35.31,321160
2022-06-23T04:00:00Z,32.4,33.06,31.56,33.01,414559
2022-06-22T04:00:00Z,30.09,31.655,29.575,30.59,453012
2022-06-21T04:00:00Z,29.585,30.67,29.21,30.09,561061
2022-06-17T04:00:00Z,26.98,28.645,26.87,28.17,520004
2022-06-16T04:00:00Z,25.45,26.46,25.2,25.66,246100
2022-06-15T04:00:00Z,26.795,27.34,25.86,27.025,242838
2022-06-14T04:00:00Z,24.94,26.45,24.8,25.745,331252
2022-06-13T04:00:00Z,24.9,25.4,23.585,23.95,259309
2022-06-10T04:00:00Z,26.76,27.32,25.74,25.81,200031
2022-06-09T04:00:00Z,25.9,26.79,25.43,26.02,400325
2022-06-08T04:00:00Z,26.8,27.75,26.395,27.53,268738
2022-06-07T04:00:00Z,24.865,26.21,24.47,26.12,225519
2022-06-06T04:00:00Z,25.26,25.65,24.21,25.19,200758
2022-06-03T04:00:00Z,24.54,24.87,23.88,23.98,131780
2022-06-02T04:00:00Z,22.96,25.23,22.66,25.135,315028
2022-06-01T04:00:00Z,23.68,24.03,22.51,22.925,366438
2022-05-31T04:00:00Z,23.64,24.15,23.12,23.52,390811
2022-05-27T04:00:00Z,21.84,22.78,21.2,22.495,169328
2022-05-26T04:00:00Z,20.3,22.25,20.3,22.085,142958
2022-05-25T04:00:00Z,20.95,21.14,20.065,20.52,216649
2022-05-24T04:00:00Z,20.96,21.295,19.9,20.32,289365
2022-05-23T04:00:00Z,22.2,22.42,21.34,21.99,359908
2022-05-20T04:00:00Z,24.82,25.1,22.53,23.24,397440
2022-05-19T04:00:00Z,23.7,24.56,23.44,23.6,368621
2022-05-18T04:00:00Z,23.36,24.745,22.81,23.05,228091
2022-05-17T04:00:00Z,24.24,24.87,23.1,23.96,254953
2022-05-16T04:00:00Z,23.04,23.87,22.46,22.64,156112
2022-05-13T04:00:00Z,21.8,23.105,21.58,22.83,199267
2022-05-12T04:00:00Z,19.66,21.39,18.36,20.48,451285
2022-05-11T04:00:00Z,21.24,21.78,19.665,19.815,439531
2022-05-10T04:00:00Z,21.385,22.005,19.53,20.28,237288
2022-05-09T04:00:00Z,21.36,21.36,19.975,20.035,515001
2022-05-06T04:00:00Z,23.37,23.55,21.92,22.27,235381
2022-05-05T04:00:00Z,25.64,25.86,22.65,23.09,362692
2022-05-04T04:00:00Z,25.09,26.94,24.77,26.72,271338
2022-05-03T04:00:00Z,25.34,26.23,25.16,25.61,97611
2022-05-02T04:00:00Z,24.19,25.71,24.12,25.42,163193
2022-04-29T04:00:00Z,25.6,26.21,24.56,24.64,204393
2022-04-28T04:00:00Z,24.33,24.425,22.48,24.1,186138
2022-04-27T04:00:00Z,23.55,25.105,23.38,23.73,242499
2022-04-26T04:00:00Z,24.085,24.44,22.4,22.705,139202
2022-04-25T04:00:00Z,23.21,24.62,22.86,24.21,214547
2022-04-22T04:00:00Z,24.23,25.45,23.85,23.9,173306
2022-04-21T04:00:00Z,25.53,25.82,23.53,23.85,231438
2022-04-20T04:00:00Z,26.58,26.58,24.815,24.865,226730
2022-04-19T04:00:00Z,26.04,27.39,25.49,27.34,140973
2022-04-18T04:00:00Z,26.51,26.72,25.61,26.48,160595
2022-04-14T04:00:00Z,26.91,27.525,26.83,26.93,160862
2022-04-13T04:00:00Z,26.27,27.88,25.95,27.65,178602
2022-04-12T04:00:00Z,26.49,27.135,25.08,25.785,302510
2022-04-11T04:00:00Z,25.45,26.97,24.75,26.59,363993
2022-04-08T04:00:00Z,27.45,28.045,26.94,27.185,159805
2022-04-07T04:00:00Z,28.82,29,27.15,28.16,272104
2022-04-06T04:00:00Z,28.76,29.23,27.545,28.915,232238
2022-04-05T04:00:00Z,31.13,31.355,29.31,29.42,211375
2022-04-04T04:00:00Z,30.76,31.56,29.99,31.41,253422
2022-04-01T04:00:00Z,29.97,30.14,28.25,29.165,357236
2022-03-31T04:00:00Z,28.26,28.43,27.25,27.58,215340
2022-03-30T04:00:00Z,28.81,30.95,28.335,28.44,392053
2022-03-29T04:00:00Z,27.7,28.56,27.24,28.22,358145
2022-03-28T04:00:00Z,27.57,28.16,26.12,27.15,423518
2022-03-25T04:00:00Z,27.595,28.19,26.46,27.06,296339
2022-03-24T04:00:00Z,29.16,29.26,27.415,29.26,260115
2022-03-23T04:00:00Z,28.08,30.21,27.835,29.08,471046
2022-03-22T04:00:00Z,28.19,29.28,27.7,29,374351
2022-03-21T04:00:00Z,27.75,28.79,26.46,27.33,364994
2022-03-18T04:00:00Z,25.295,29.62,25.05,28.785,642448
2022-03-17T04:00:00Z,25.02,25.79,23.81,24.99,549720
2022-03-16T04:00:00Z,25.6,27.83,24.52,27.555,1553450
2022-03-15T04:00:00Z,19.24,21.88,18.845,21.245,878916
2022-03-14T04:00:00Z,20.05,21.8,18.03,19.745,863163
2022-03-11T05:00:00Z,26.875,26.875,22.625,22.91,845923
2022-03-10T05:00:00Z,27.14,27.55,25.33,26.055,581138
2022-03-09T05:00:00Z,27.285,29.18,27.25,28.635,389036
2022-03-07T05:00:00Z,29.29,29.94,26.96,27.2,497769
2022-03-04T05:00:00Z,30.97,31.43,29.36,29.525,279878
2022-03-03T05:00:00Z,34.265,34.265,30.63,31.28,1042276
2022-03-02T05:00:00Z,34.16,34.97,33.43,34.43,289997
2022-03-01T05:00:00Z,35.69,36.05,33.72,33.83,258685
2022-02-28T05:00:00Z,34.78,36.515,34.41,36.38,248377
2022-02-25T05:00:00Z,35.03,35.3,33.36,35.015,142451
2022-02-24T05:00:00Z,31.2,34.67,31.15,34.6,199953
2022-02-23T05:00:00Z,35.65,36.1,33.81,34.21,214000
2022-02-22T05:00:00Z,36.23,36.8,34.09,34.77,455145
2022-02-18T05:00:00Z,39.75,39.75,37.4,37.89,168357
2022-02-17T05:00:00Z,39.37,40.85,39.22,39.35,272164
2022-02-16T05:00:00Z,39.23,39.48,38.45,39.13,129326
2022-02-15T05:00:00Z,38.225,40.08,37.79,40.05,142089
2022-02-14T05:00:00Z,36.44,38.03,36.44,37.02,155641
2022-02-11T05:00:00Z,38.69,39.32,36.65,37.285,194172
2022-02-10T05:00:00Z,39.31,40.27,38.56,38.945,285092
2022-02-09T05:00:00Z,39.84,41.3,38.94,40.735,290277
2022-02-08T05:00:00Z,36.53,37.245,35.58,37.18,157919
2022-02-07T05:00:00Z,36.285,38.13,36.285,36.88,162553
2022-02-04T05:00:00Z,35.52,37.71,35,37.21,202735
2022-02-03T05:00:00Z,34.81,36.64,34.46,34.545,140911
2022-02-02T05:00:00Z,36.01,36.32,34.74,35.82,293537
2022-02-01T05:00:00Z,36.23,36.92,34.3,36.39,308394
2022-01-31T05:00:00Z,33.77,35.38,32.64,35.07,395303
2022-01-28T05:00:00Z,31.665,32.42,30.42,32.155,358136
2022-01-27T05:00:00Z,36.79,36.815,32.52,32.595,475676
2022-01-26T05:00:00Z,39.5,39.81,37.81,37.81,212674
2022-01-25T05:00:00Z,38.5,39.795,37.45,37.995,374902
2022-01-24T05:00:00Z,39.97,40,37.2,38.545,222196
2022-01-21T05:00:00Z,43.93,43.93,41.65,41.82,297171
2022-01-20T05:00:00Z,45.11,47.07,44.44,44.6,213366
2022-01-19T05:00:00Z,47.41,47.65,43.8,43.8,400588
2022-01-18T05:00:00Z,47.95,49,47.17,47.31,187596
2022-01-14T05:00:00Z,47.57,49.7,47.3,49.7,281673
2022-01-13T05:00:00Z,47.91,49.285,47.3,47.52,494242
2022-01-12T05:00:00Z,46.9,48.47,46.4,48.38,305084
2022-01-11T05:00:00Z,42.805,45.855,42.76,45.765,162382
2022-01-10T05:00:00Z,44.42,44.42,40.44,42.62,703323
2022-01-07T05:00:00Z,46.71,48,44.22,45.02,353252
2022-01-06T05:00:00Z,46.22,47.5,45.29,46.66,189205
2022-01-05T05:00:00Z,46.445,47.91,45.98,46.155,405309
2022-01-04T05:00:00Z,49.75,49.77,46.07,47.605,338926
2022-01-03T05:00:00Z,51.12,51.5,48.12,50.29,292007
2021-12-31T05:00:00Z,48.39,51.1,48.39,50.33,134025
2021-12-30T05:00:00Z,44.04,49.6,44.04,48.92,197647
2021-12-29T05:00:00Z,45.205,45.33,42.71,44.46,247363
2021-12-28T05:00:00Z,46,46.325,44.87,45.34,69741
2021-12-27T05:00:00Z,45.75,46.8,45.2,46.1,92131
2021-12-23T05:00:00Z,44.91,46.29,44.75,46.11,91497
2021-12-22T05:00:00Z,42.95,45.84,42.69,45.76,269669
2021-12-21T05:00:00Z,40.66,43.84,40.66,43.78,326052
2021-12-20T05:00:00Z,40.3,40.62,38.46,39.5,489272
2021-12-17T05:00:00Z,41.155,42.57,40.14,41.825,183039
2021-12-16T05:00:00Z,43.84,44.06,41.82,42.27,231462
2021-12-15T05:00:00Z,43.825,44,40.67,43.17,489238
2021-12-14T05:00:00Z,44.32,44.87,43.235,44.48,275899
2021-12-13T05:00:00Z,45.7,47.2,45.22,45.38,287128
2021-12-10T05:00:00Z,46.01,47.18,45.38,46.84,209438
2021-12-09T05:00:00Z,47.25,48.225,45.575,46.11,183828
2021-12-08T05:00:00Z,47.99,48.35,46.17,47.895,136927
2021-12-07T05:00:00Z,47.85,48.325,46.105,47.4,346254
2021-12-06T05:00:00Z,44.19,46.485,41.16,46.23,1039534
2021-12-03T05:00:00Z,47.005,48.19,42.805,43.91,880695
2021-12-02T05:00:00Z,52.4,53.9,44.9,48.24,1067864
2021-12-01T05:00:00Z,56.07,56.43,50.81,51.13,368221
2021-11-30T05:00:00Z,51.31,55.36,51.25,54.99,438656
2021-11-29T05:00:00Z,53.075,53.98,50.62,51.36,379262
2021-11-26T05:00:00Z,51.59,52.815,50.235,51.15,311930
2021-11-24T05:00:00Z,51.275,54.98,50.32,54.4,532466
2021-11-23T05:00:00Z,49,54,47.59,51.355,619968
2021-11-22T05:00:00Z,47.89,50,47.135,47.41,454503
2021-11-19T05:00:00Z,47.955,48.3,46.39,46.88,153334
2021-11-18T05:00:00Z,48.12,48.61,45.88,47.33,198230
2021-11-17T05:00:00Z,49.71,49.93,47.85,48.34,163449
2021-11-16T05:00:00Z,48.355,50.1,47.77,50,367769
2021-11-15T05:00:00Z,48.4,48.88,46.895,47.53,95952
2021-11-12T05:00:00Z,49.01,50.39,47.67,48.57,395021
2021-11-11T05:00:00Z,45.73,47.935,45.045,47.57,193111
2021-11-10T05:00:00Z,44.345,45.74,43.84,44.35,176984
2021-11-09T05:00:00Z,46.67,46.67,44.21,44.24,309093
2021-11-08T05:00:00Z,45.35,48.17,45.08,47.11,161754
2021-11-05T04:00:00Z,47.97,47.97,45.77,46.37,215717
2021-11-04T04:00:00Z,47.87,48.8,47.27,47.83,150449
2021-11-03T04:00:00Z,46.32,46.84,45.78,46.635,85241
2021-11-02T04:00:00Z,47.33,48.265,45.7,46.89,217896
2021-11-01T04:00:00Z,48.7,49.525,46.82,47.925,326636
2021-10-29T04:00:00Z,45.95,46.83,45.73,46.63,166869
2021-10-28T04:00:00Z,47.45,47.74,45.25,46.2,182523
2021-10-27T04:00:00Z,46.475,48.06,45.8,45.89,331301
2021-10-26T04:00:00Z,47.455,49.42,44.64,45.34,416229
2021-10-22T04:00:00Z,43.345,44.49,42.91,43.13,194070
2021-10-21T04:00:00Z,42.46,43.88,42.46,43.53,151906
2021-10-20T04:00:00Z,42.79,43.26,42.13,42.965,98293
2021-10-19T04:00:00Z,43.78,44.54,43,43.15,198522
2021-10-18T04:00:00Z,42.22,43.83,41.64,43.21,294791
2021-10-15T04:00:00Z,40.445,43,40.31,42.8,562853
2021-10-14T04:00:00Z,39.24,40.18,38.895,39.39,247223
2021-10-13T04:00:00Z,38.11,40,37.975,39.92,165234
2021-10-12T04:00:00Z,37.53,38.375,37.21,37.71,179657
2021-10-11T04:00:00Z,37.75,38.4,37.35,37.41,74839
2021-10-08T04:00:00Z,38.43,38.43,37.34,37.64,116583
2021-10-07T04:00:00Z,36.9,38.865,36.9,38.26,258915
2021-10-06T04:00:00Z,34.8,36.08,34.8,35.765,99404
2021-10-05T04:00:00Z,34.49,35.71,34.44,35.51,220761
2021-10-04T04:00:00Z,35.1,35.17,33.53,34.095,149927
2021-10-01T04:00:00Z,36.75,36.76,35.1,35.43,209006
2021-09-30T04:00:00Z,34.93,36.11,34.91,35.55,213533
2021-09-29T04:00:00Z,34.67,35.78,34.34,34.54,274313
2021-09-28T04:00:00Z,36,36.24,34.6,34.665,194950
2021-09-27T04:00:00Z,35.075,36.15,34.42,36.09,314976
2021-09-24T04:00:00Z,36.55,36.78,35.3,35.34,115489
2021-09-23T04:00:00Z,37.01,37.06,35.92,36.77,154485
2021-09-22T04:00:00Z,37,37.52,36.69,36.94,116142
2021-09-21T04:00:00Z,36.98,37.24,36.52,36.77,70118
2021-09-20T04:00:00Z,37.4,37.64,36.03,36.58,169305
2021-09-17T04:00:00Z,38,39.085,37.7,38.935,198466
2021-09-16T04:00:00Z,37.31,37.98,36.96,37.59,149923
2021-09-15T04:00:00Z,38.41,38.54,36.8,38.02,257619
2021-09-14T04:00:00Z,38.42,39.38,38.03,38.46,235073
2021-09-13T04:00:00Z,38.86,38.9,37.28,38.32,140635
2021-09-10T04:00:00Z,39.68,40.63,38.475,38.535,129736
2021-09-09T04:00:00Z,39.12,39.67,38.1,39.375,90541
2021-09-08T04:00:00Z,40.6,40.82,38.76,39.29,255539
2021-09-07T04:00:00Z,40.45,42.5,40.43,41.715,174543
2021-09-03T04:00:00Z,40.47,40.47,39.38,39.73,137902
2021-09-02T04:00:00Z,41.02,41.6,40.56,40.8,85315
2021-09-01T04:00:00Z,41.07,42.01,40.49,40.79,300398
2021-08-31T04:00:00Z,40.54,42.5,40.465,42.46,144254
2021-08-30T04:00:00Z,40.585,40.85,39.035,40.75,168095
2021-08-27T04:00:00Z,41.4,41.49,40.18,40.26,148592
2021-08-26T04:00:00Z,39.98,42.4,39.98,40.64,291792
2021-08-25T04:00:00Z,40.45,41.19,39.85,40.86,120407
2021-08-24T04:00:00Z,40.06,40.75,39.67,40.53,147184
2021-08-23T04:00:00Z,38.96,39.8,38.26,39.69,88612
2021-08-20T04:00:00Z,38.03,39.91,38.03,38.65,192973
2021-08-19T04:00:00Z,38.38,39.07,37.52,37.58,132974
2021-08-18T04:00:00Z,38.7,40.325,38.08,39.485,123842
2021-08-17T04:00:00Z,35.83,39.14,35.83,37.85,272893
2021-08-16T04:00:00Z,38.27,38.705,37.08,37.47,152262
2021-08-13T04:00:00Z,39.985,40.27,39.36,40.13,140904
2021-08-12T04:00:00Z,41.53,41.53,39.88,40.99,109273
2021-08-11T04:00:00Z,42.6,42.6,41.26,42.28,233202
2021-08-10T04:00:00Z,42.645,43.665,41.89,42.32,62200
2021-08-09T04:00:00Z,41.42,42.785,41.17,42.35,151631
2021-08-06T04:00:00Z,42.92,42.92,40.4,41.21,286460
2021-08-05T04:00:00Z,43.01,43.53,42.14,42.77,110094
2021-08-04T04:00:00Z,44.14,45.1,43.48,43.74,226402
2021-08-03T04:00:00Z,42.16,43.04,41.53,42.74,256875
2021-08-02T04:00:00Z,42.355,44.08,41.9,43.38,363548
2021-07-30T04:00:00Z,38.49,42.22,38.235,40.545,340263
2021-07-29T04:00:00Z,38.875,39.22,37.485,38.08,276706
2021-07-28T04:00:00Z,36.84,38.335,36.035,37.38,606906
2021-07-27T04:00:00Z,39.35,39.83,33.87,34.7,790378
2021-07-26T04:00:00Z,39.7,43.005,39.52,40.72,226839
2021-07-23T04:00:00Z,41.68,42.05,39.79,41.01,184800
2021-07-22T04:00:00Z,43.505,43.88,42.72,43.265,234684
2021-07-21T04:00:00Z,41.425,44.415,41.37,43.865,402208
2021-07-20T04:00:00Z,39.93,40.985,39.16,40.75,237544
2021-07-19T04:00:00Z,38.01,39.89,37.27,39.7,166864
2021-07-16T04:00:00Z,39.055,39.51,38.39,39.05,383892
2021-07-15T04:00:00Z,37.59,39.295,36.95,38.51,226343
2021-07-14T04:00:00Z,38.95,39.5,37.345,37.75,241518
2021-07-13T04:00:00Z,39.77,40.3,38.525,39.13,131780
2021-07-12T04:00:00Z,39.93,40.87,38.775,39.76,241015
2021-07-09T04:00:00Z,40.38,40.665,38.92,39.87,71322
2021-07-08T04:00:00Z,38.96,40.47,38.39,40,453392
2021-07-07T04:00:00Z,43.43,44.215,40.435,41.46,449008
2021-07-06T04:00:00Z,42.25,45.29,42.2,44.05,248024
2021-07-02T04:00:00Z,43.7,44.1,41.515,43.79,307022
2021-07-01T04:00:00Z,46.3,47.945,42.915,43.735,370740
2021-06-30T04:00:00Z,43.23,44.745,43.04,44.42,551255
2021-06-29T04:00:00Z,44.3,45.07,43.41,44.35,288292
2021-06-28T04:00:00Z,42.45,45.5,42.385,45.29,124513
2021-06-25T04:00:00Z,41.01,42.43,40.835,42.14,106749
2021-06-24T04:00:00Z,42.16,42.24,40.2,40.95,205682
2021-06-23T04:00:00Z,42.04,42.71,41.07,41.6,152280
2021-06-22T04:00:00Z,42.45,43.525,39.74,40,439650
2021-06-21T04:00:00Z,44.56,44.56,42.17,43.61,218856
2021-06-18T04:00:00Z,44.59,45.735,44.445,45.23,527058
2021-06-17T04:00:00Z,40.99,44.395,40.99,44.25,753675
2021-06-16T04:00:00Z,38.945,41.235,38.71,40.995,172479
2021-06-15T04:00:00Z,41.36,41.97,40.12,40.16,355817
2021-06-14T04:00:00Z,41.98,43.17,41.46,42.6,351484
2021-06-11T04:00:00Z,38.9,41.75,38.69,41.44,224526
2021-06-10T04:00:00Z,38.2,39.13,38.16,38.58,214202
2021-06-09T04:00:00Z,40.13,40.185,37.8,38.06,188619
2021-06-08T04:00:00Z,39.02,40.16,38.715,39.62,601498
2021-06-07T04:00:00Z,37,38.755,36.74,38.43,258908
2021-06-04T04:00:00Z,36.22,37.72,35.905,37.11,324409
2021-06-03T04:00:00Z,34.94,37.05,34.28,36.035,231302
2021-06-02T04:00:00Z,34.48,36.165,34.2,35,243910
2021-06-01T04:00:00Z,33.725,34.765,33.05,34.63,509939
2021-05-28T04:00:00Z,32.15,33.09,31.855,32.125,246840
2021-05-27T04:00:00Z,31.85,32.39,30.85,32.365,207738
2021-05-26T04:00:00Z,29.92,32.055,29.68,31.57,276554
2021-05-25T04:00:00Z,29.61,30.44,28.58,29.37,122984
2021-05-24T04:00:00Z,28.3,29.53,27.72,29.14,135612
2021-05-21T04:00:00Z,29.12,29.19,28.235,28.58,182553
2021-05-20T04:00:00Z,27.945,29.37,27.895,28.79,368453
2021-05-19T04:00:00Z,26.41,27.83,26.23,27.635,62791
2021-05-18T04:00:00Z,26.51,27.765,26.1,27.38,398391
2021-05-17T04:00:00Z,25.785,26.6,25.4,26.13,320265
2021-05-14T04:00:00Z,24.055,25.985,23.88,25.72,416982
2021-05-13T04:00:00Z,25.32,25.48,22.73,23.535,405099
2021-05-12T04:00:00Z,24.78,25.63,24.54,24.74,288920
2021-05-11T04:00:00Z,23.64,25.23,23.04,24.93,280082
2021-05-10T04:00:00Z,26.66,26.66,25.025,25.455,322866
2021-05-07T04:00:00Z,26.63,27.66,26.42,26.71,152876
2021-05-06T04:00:00Z,27.71,28.13,25.78,26.36,429874
2021-05-05T04:00:00Z,29.2,29.2,27.825,27.98,235471
2021-05-04T04:00:00Z,28.34,29.11,27.73,28.96,280290
2021-05-03T04:00:00Z,30.01,30.215,28.89,29.005,335052
2021-04-30T04:00:00Z,29.87,31,29.46,29.89,624434
2021-04-29T04:00:00Z,31.88,32.02,29.83,30.5,481330
2021-04-28T04:00:00Z,31.46,32.24,31.15,31.7,93622
2021-04-27T04:00:00Z,32.8,32.8,31.475,31.575,181329
2021-04-26T04:00:00Z,33.435,33.5,32.32,32.965,269017
2021-04-23T04:00:00Z,32.22,33.425,32.22,33.295,112930
2021-04-22T04:00:00Z,32.91,33.17,31.7,32.35,158760
2021-04-21T04:00:00Z,30.92,32.58,30.57,32.57,184600
2021-04-20T04:00:00Z,31.31,31.82,30.375,31.26,83966
2021-04-16T04:00:00Z,30.69,31.03,30.36,30.91,311037
2021-04-15T04:00:00Z,32.59,32.65,30.6,31.39,479730
2021-04-14T04:00:00Z,35.8,35.8,32.73,32.86,204087
2021-04-13T04:00:00Z,34.545,36.025,34.28,35.46,64665
2021-04-12T04:00:00Z,34.9,36.105,33.81,33.96,162945
2021-04-09T04:00:00Z,34.85,35.215,34.3,34.49,112728
2021-04-08T04:00:00Z,34.87,35.76,34.47,35.43,154819
2021-04-07T04:00:00Z,36.01,36.21,33.98,34.03,379045
2021-04-06T04:00:00Z,35.7,37.425,35.47,37.01,88938
2021-04-05T04:00:00Z,37.38,37.39,35.495,35.98,221855
2021-04-01T04:00:00Z,38.83,39.24,36.68,36.84,188035
2021-03-31T04:00:00Z,34.91,36.99,34.2,36.51,632546
2021-03-30T04:00:00Z,30.99,33.82,30.99,33.82,415673
2021-03-29T04:00:00Z,31.46,32.09,30.69,31.41,237095
2021-03-26T04:00:00Z,31.575,33.04,31.105,32.145,185874
2021-03-25T04:00:00Z,29.915,33.07,29.59,32.545,372645
2021-03-24T04:00:00Z,35.91,36.14,30.725,30.85,409199
2021-03-23T04:00:00Z,37.045,37.63,36.27,36.32,322400
2021-03-22T04:00:00Z,38.005,38.36,36.77,37.81,429399
2021-03-19T04:00:00Z,34.94,37.69,34.66,37.51,398438
2021-03-18T04:00:00Z,35.13,36.76,34.92,35,558506
2021-03-17T04:00:00Z,34.19,36.58,33.74,36.13,655761
2021-03-16T04:00:00Z,35.675,37.34,34.86,35.87,243465
2021-03-15T04:00:00Z,36.05,36.3,34.59,35.33,324733
2021-03-12T05:00:00Z,32.89,35.265,32.85,35.15,473813
2021-03-11T05:00:00Z,32.84,35,32.175,34.83,338678
2021-03-10T05:00:00Z,31.96,32.39,30.14,30.7,353598
2021-03-09T05:00:00Z,29.465,31.635,28.39,29.94,577657
2021-03-08T05:00:00Z,29.34,30.65,26.9,26.905,669474
2021-03-05T05:00:00Z,29.22,29.88,25.27,28.045,691009
2021-03-04T05:00:00Z,29.87,31.36,27.42,29.4,791016
2021-03-03T05:00:00Z,32.46,32.635,29.81,30.1,572705
2021-03-02T05:00:00Z,33.565,33.73,31.395,31.5,582259
2021-03-01T05:00:00Z,35.15,35.81,34.76,35.5,229891
2021-02-26T05:00:00Z,35.06,35.75,33,34.105,632442
2021-02-25T05:00:00Z,37.86,37.86,34.77,35.415,402077
2021-02-24T05:00:00Z,37.8,39.01,35.805,38.775,370647
2021-02-23T05:00:00Z,36.21,38.035,32.73,37.98,776936
2021-02-22T05:00:00Z,39.8,40.46,37.805,38.01,242112
2021-02-19T05:00:00Z,42.09,42.545,40.67,40.85,244181
2021-02-18T05:00:00Z,41.96,42.015,39.89,41.14,174150
2021-02-17T05:00:00Z,44.33,44.33,41.93,43.37,215542
2021-02-16T05:00:00Z,47.085,47.325,44.45,45.01,162676
2021-02-12T05:00:00Z,46.86,47.12,45.93,46.86,128261
2021-02-11T05:00:00Z,48.115,48.815,46.31,47.07,178673
2021-02-10T05:00:00Z,48.66,51.18,47.22,47.74,231793
2021-02-09T05:00:00Z,47.575,49.17,46.115,48.715,324841
2021-02-08T05:00:00Z,46.65,48.33,45.67,47.57,282080
2021-02-05T05:00:00Z,48.03,48.055,46.49,46.89,81695
2021-02-04T05:00:00Z,48.16,48.27,46.95,48.13,67652
2021-02-03T05:00:00Z,47.07,47.975,45.94,47.52,162802
2021-02-02T05:00:00Z,49.735,49.77,46.075,46.94,265538
2021-02-01T05:00:00Z,50.58,50.58,47.72,49.28,249393
2021-01-29T05:00:00Z,50.24,50.905,47.08,48.21,163804
2021-01-28T05:00:00Z,49.57,51.195,47.84,50.07,205225
2021-01-27T05:00:00Z,52.12,53,49.5,49.86,231530
2021-01-26T05:00:00Z,54.66,56.33,53.08,53.98,132405
2021-01-25T05:00:00Z,58.4,60.03,51.74,54.68,213847
2021-01-22T05:00:00Z,54.58,57.54,54.235,56.39,166582
2021-01-21T05:00:00Z,53.21,55.665,50.61,54.22,460498
2021-01-20T05:00:00Z,56.065,58.155,50.87,52.45,306573
2021-01-19T05:00:00Z,49.92,54.69,49.92,53.845,282304
2021-01-15T05:00:00Z,49.21,49.47,46.75,47.87,164793
2021-01-14T05:00:00Z,51.975,52.02,49.62,50.31,151110
2021-01-13T05:00:00Z,53.66,54.73,50.36,51.58,363250
2021-01-12T05:00:00Z,45.52,54.72,45.45,54.29,704253
2021-01-11T05:00:00Z,46.41,47.23,43.66,44.37,391236
2021-01-08T05:00:00Z,47.78,47.8,44.04,45.45,261861
2021-01-07T05:00:00Z,42.47,45.48,42.22,45.01,193097
2021-01-06T05:00:00Z,41.51,43.93,40.68,41.215,314498
2021-01-05T05:00:00Z,44.12,44.98,41.63,42.35,432958
2021-01-04T05:00:00Z,45.44,47.68,43.5,44.16,1124072
2020-12-31T05:00:00Z,42.83,44.61,42.06,42.82,286447
2020-12-30T05:00:00Z,42.825,43.22,41.2,42.26,159045
2020-12-29T05:00:00Z,38.65,41.81,37.68,41.55,579836
2020-12-28T05:00:00Z,41.775,41.79,37.5,38.01,553606
2020-12-24T05:00:00Z,43.035,44.19,41.65,41.8,243005
2020-12-23T05:00:00Z,44.57,44.64,43.1,43.82,87387
2020-12-22T05:00:00Z,47.25,47.48,43.755,45.03,168136
2020-12-21T05:00:00Z,45.18,47.86,45.04,47,281234
2020-12-18T05:00:00Z,45.97,48.785,45.835,46.34,232158
2020-12-17T05:00:00Z,46.91,47.84,45.26,46.345,188919
2020-12-16T05:00:00Z,51.045,51.045,46.785,47.36,196124
2020-12-15T05:00:00Z,48.53,51.21,47.41,49.39,267152
2020-12-14T05:00:00Z,45.88,48.06,44.32,47.23,529652
2020-12-11T05:00:00Z,44.43,46.78,43.67,44.23,300081
2020-12-10T05:00:00Z,42.96,45.06,42.875,44.755,683594
2020-12-09T05:00:00Z,47.05,47.69,43.56,44.58,1135866
2020-12-08T05:00:00Z,49.86,51.95,48.17,48.7,384924
2020-12-07T05:00:00Z,46.17,51.07,46.17,48.3,652604
2020-12-04T05:00:00Z,50.235,52.87,48.45,49.29,376006
2020-12-03T05:00:00Z,57.03,57.54,51.45,51.47,381667
2020-12-02T05:00:00Z,47.075,57.335,46.04,55.74,864178
2020-12-01T05:00:00Z,61.92,62.025,51.33,52.205,520631
2020-11-30T05:00:00Z,62.56,62.56,55.525,58.83,346547
2020-11-27T05:00:00Z,65.48,68.29,61.195,64.1,267955
2020-11-25T05:00:00Z,64.65,67.19,63.05,64.33,670307
2020-11-24T05:00:00Z,72.17,74.49,62.79,70.8,1676259
2020-11-23T05:00:00Z,56.95,72.98,56.81,72.24,1053369
2020-11-20T05:00:00Z,48.51,56.75,48.41,53.725,660003
2020-11-19T05:00:00Z,41.25,48.19,41.06,48.175,459977
2020-11-18T05:00:00Z,43.315,43.88,40.125,42.18,479204
2020-11-17T05:00:00Z,46.22,47.055,42.415,42.75,243505
2020-11-16T05:00:00Z,40.54,45.48,39,43.9,343248
2020-11-13T05:00:00Z,47.57,51.25,38.07,41.785,1019592
2020-11-12T05:00:00Z,36.49,48.55,35.635,44.685,1993272
2020-11-11T05:00:00Z,31.23,33.6,30.55,33.465,350405
2020-11-10T05:00:00Z,34.46,36.48,31.015,32.795,536733
2020-11-09T05:00:00Z,35.66,36.1,31.34,34.075,457259
2020-11-06T05:00:00Z,36.26,39.48,33.22,34.85,2079440
2020-11-05T05:00:00Z,30.26,36.43,29.97,35.885,1293605
2020-11-04T05:00:00Z,23.965,27.43,23.425,27.43,525041
2020-11-03T05:00:00Z,21.36,22.445,20.27,22.19,155205
2020-11-02T05:00:00Z,21.45,22.455,20.51,20.69,387076
2020-10-30T04:00:00Z,20.31,21.325,19.215,19.355,152334
2020-10-29T04:00:00Z,19.32,20.8,19.22,20.71,353513
2020-10-28T04:00:00Z,19.53,19.61,18.5,19.02,98599
2020-10-27T04:00:00Z,19.705,20.245,19.55,19.89,75899
2020-10-26T04:00:00Z,20.14,20.25,19.2,19.585,43128
2020-10-23T04:00:00Z,20.885,20.885,19.965,20.025,47669
2020-10-22T04:00:00Z,20.83,20.85,20.16,20.82,223575
2020-10-21T04:00:00Z,20.315,20.44,20.035,20.405,146902
2020-10-20T04:00:00Z,20.29,20.6,20,20.12,63695
2020-10-19T04:00:00Z,21.795,21.795,19.86,19.86,240653
2020-10-16T04:00:00Z,22.99,23.1,21.34,21.78,112987
2020-10-15T04:00:00Z,21.705,22.74,21.1,22.105,96834
2020-10-14T04:00:00Z,20.335,22.55,20.19,22.015,355483
2020-10-13T04:00:00Z,19.71,19.71,19.325,19.615,54116
2020-10-12T04:00:00Z,20.48,20.5,19.765,19.86,43686
2020-10-09T04:00:00Z,19.78,20.045,19.745,19.965,158787
2020-10-08T04:00:00Z,20.47,20.605,19.745,19.845,17999
2020-10-07T04:00:00Z,19.89,20.59,19.89,20.205,95586
2020-10-06T04:00:00Z,20.565,20.815,19.2,19.72,188666
2020-10-05T04:00:00Z,19.62,20.3,19.23,20.09,188855
2020-10-02T04:00:00Z,18,18.45,18,18.21,66016
2020-10-01T04:00:00Z,20.16,20.16,18.525,18.65,222263
2020-09-30T04:00:00Z,19.93,20.08,19.22,20.07,374575
2020-09-29T04:00:00Z,18.97,19.2,18.56,18.76,174039
2020-09-28T04:00:00Z,19.035,19.41,18.51,19.05,137533
2020-09-25T04:00:00Z,17.91,17.995,17.145,17.94,106586
2020-09-24T04:00:00Z,17.77,18.165,17.13,17.46,129007
2020-09-23T04:00:00Z,19.21,19.22,18.1,18.39,51461
2020-09-22T04:00:00Z,18.635,19.54,18.2,19.3,123089
2020-09-21T04:00:00Z,18.36,18.37,17.435,18.18,307817
2020-09-18T04:00:00Z,19.365,19.41,18.87,18.9,214455
2020-09-17T04:00:00Z,19.17,19.645,19.015,19.18,103497
2020-09-16T04:00:00Z,20.55,20.72,19.625,19.87,118720
2020-09-15T04:00:00Z,20.89,21.13,20.365,21.085,75890
2020-09-14T04:00:00Z,18.93,20.55,18.43,20.435,275569
2020-09-11T04:00:00Z,19.415,19.53,18.37,19.015,123314
2020-09-10T04:00:00Z,18.385,19.5,18.385,19.265,209296
2020-09-09T04:00:00Z,18.575,18.575,17.915,18.06,224267
2020-09-08T04:00:00Z,17.95,18.555,17.39,17.75,271783
2020-09-04T04:00:00Z,20.015,20.15,18.025,19.045,455558
2020-09-03T04:00:00Z,20.975,21.035,20,20.02,393540
2020-09-02T04:00:00Z,21.99,22,20.39,20.985,257094
2020-09-01T04:00:00Z,20.96,21.77,20.13,21.6,448724
2020-08-31T04:00:00Z,22.64,22.64,20.365,20.505,556118
2020-08-28T04:00:00Z,23.98,24.4,22.035,22.4,717638
2020-08-27T04:00:00Z,24,25,21.21,21.32,2187155
